,Lines,Lon,VehicleNumber,Time,Lat,Brigade
0,213,21.1152613,1000,2021-06-25 23:22:58,52.2346205,3
1,213,21.115043,1001,2021-06-25 23:56:49,52.23463,1
2,213,21.2013596,1003,2021-06-26 18:12:42,52.1828686,1
3,311,21.115233,1004,2021-06-25 21:52:40,52.23458,2
4,196,21.11514,1005,2021-06-25 23:48:58,52.234611,1
5,130,21.11559,1008,2021-06-25 20:19:05,52.234613,04
6,213,21.1018245,1010,2021-06-26 18:12:39,52.22351,2
7,213,21.2111158,1011,2021-06-26 18:12:38,52.1609196,4
8,311,21.1155166,1012,2021-06-25 21:16:38,52.2346153,1
9,213,21.1338165,1015,2021-06-26 18:12:39,52.214266,3
10,108,21.0773545,1020,2021-06-26 18:12:42,52.2088282,3
11,218,21.024729,1021,2021-06-26 18:12:42,52.186073,4
12,218,21.024239,1024,2021-06-26 18:12:42,52.179764,2
13,192,21.04731,1025,2021-06-26 18:12:43,52.150867,3
14,195,20.9979977,1026,2021-06-25 21:14:18,52.1862374,2
15,163,21.0771494,1027,2021-06-26 18:12:42,52.1747114,1
16,218,21.003845,1028,2021-06-26 18:12:41,52.177876,3
17,163,21.0838746,1030,2021-06-26 18:12:42,52.1677487,2
18,163,21.057255,1031,2021-06-26 18:12:40,52.180223,3
19,108,21.023196,1038,2021-06-26 18:12:33,52.228746,4
20,192,21.0243174,1039,2021-06-26 18:12:42,52.1798322,2
21,204,21.0298733,1040,2021-06-26 18:12:37,52.3040367,1
22,736,21.000553,1042,2021-06-26 18:12:32,52.291286,1
23,204,21.043091,1043,2021-06-25 22:53:22,52.26632,05
24,204,21.0231533,1044,2021-06-26 18:12:41,52.277265,3
25,107,21.046234,1045,2021-06-25 22:36:50,52.264653,4
26,204,21.042681,1046,2021-06-25 23:57:31,52.266098,1
27,204,21.033229,1047,2021-06-26 18:12:26,52.297615,2
28,228,20.921443,1050,2021-06-25 23:41:52,52.196853,2
29,328,20.921189,1051,2021-06-25 22:30:10,52.196913,01
30,129,20.9393217,1052,2021-06-26 18:12:28,52.245925,2
31,129,20.9161567,1053,2021-06-26 18:12:38,52.2267733,3
32,129,20.88312,1055,2021-06-26 18:12:30,52.1955117,4
33,129,20.916175,1057,2021-06-26 18:12:35,52.21984,1
34,119,21.133957,1061,2021-06-26 18:12:41,52.205669,4
35,119,21.205608,1062,2021-06-26 18:12:42,52.210072,5
36,192,21.019634,1064,2021-06-26 18:12:42,52.173149,1
37,192,21.0597939,1069,2021-06-26 18:12:42,52.1375157,52
38,108,21.063566,1070,2021-06-26 18:12:41,52.186516,1
39,108,21.022396,1074,2021-06-26 18:12:42,52.179543,2
40,218,21.013149,1076,2021-06-26 18:12:42,52.17976,1
41,192,21.068777,1079,2021-06-26 18:12:43,52.128933,4
42,173,21.0426228,1101,2021-06-26 00:28:34,52.2664063,2
43,240,21.0128986,1109,2021-06-26 18:12:40,52.2934558,2
44,173,21.048266,1110,2021-06-25 19:53:25,52.264265,3
45,170,21.0571026,1111,2021-06-26 18:12:37,52.2634818,2
46,132,21.0080896,1112,2021-06-26 18:12:41,52.2919073,51
47,126,21.046033,1113,2021-06-25 23:08:32,52.264159,4
48,338,21.046365,1116,2021-06-25 19:40:36,52.2645706,05
49,170,21.0640176,1117,2021-06-26 18:12:42,52.2639428,4
50,739,21.050856,1200,2021-06-26 18:12:42,52.091667,65
51,739,21.0504937,1201,2021-06-26 18:12:41,52.1026534,64
52,166,21.0664387,1203,2021-06-26 18:12:42,52.1312304,1
53,727,21.028088,1205,2021-06-26 18:07:06,52.067837,68
54,727,21.0184267,1208,2021-06-26 18:12:42,52.1051134,62
55,141,21.0470887,1211,2021-06-26 18:12:41,52.2119249,2
56,739,21.022438,1213,2021-06-26 18:12:42,52.179401,66
57,166,21.026571,1214,2021-06-26 18:12:39,52.214054,3
58,727,21.018248,1216,2021-06-26 18:12:33,52.127736,67
59,727,21.0236319,1218,2021-06-26 18:12:43,52.1800934,63
60,166,21.075029,1219,2021-06-26 18:12:42,52.13308,8
61,166,21.0458221,1220,2021-06-26 18:12:41,52.1845026,7
62,727,20.943811,1223,2021-06-26 18:12:42,52.036846,61
63,240,21.0483353,1400,2021-06-26 00:03:19,52.2641493,1
64,170,21.0938196,1401,2021-06-26 18:12:39,52.2709525,3
65,170,21.0454971,1403,2021-06-25 21:36:41,52.2652081,3
66,240,21.043604,1408,2021-06-25 23:31:26,52.266069,4
67,146,21.125423,1411,2021-06-26 18:12:40,52.189663,58
68,173,21.250862,1412,2021-06-26 18:12:42,52.232155,3
69,730,21.0883126,1413,2021-06-26 18:12:43,52.2448787,61
70,147,21.0525604,1417,2021-06-26 18:12:42,52.2503377,57
71,199,21.1551,1418,2021-06-26 18:12:42,52.2658,3
72,147,21.0630869,1419,2021-06-26 18:12:42,52.2287516,53
73,183,21.191765,1422,2021-06-26 18:12:27,52.238773,3
74,147,21.186966,1425,2021-06-26 18:12:42,52.20697,54
75,147,21.179356,1426,2021-06-26 18:12:42,52.206665,55
76,146,21.204641,1427,2021-06-26 18:12:43,52.159512,59
77,119,21.111212,1429,2021-06-26 18:12:43,52.206604,1
78,L11,20.920288,14422,2021-06-26 18:12:42,52.453358,2
79,L10,20.945208,14423,2021-06-26 14:34:04,52.437897,M4
80,L11,20.723183,14424,2021-06-25 20:30:06,52.424343,51
81,L-9,20.934406,14426,2021-06-26 18:12:37,52.392944,3
82,L11,20.744457,14427,2021-06-26 18:12:43,52.430988,1
83,L34,20.914686,14429,2021-06-26 18:12:41,52.402756,1
84,L10,20.945269,14430,2021-06-26 16:19:41,52.437912,M5
85,L34,20.945213,14431,2021-06-25 19:23:11,52.437866,2
86,L41,20.709866,14432,2021-06-26 18:12:41,52.430531,1
87,L33,20.945353,14434,2021-06-25 23:24:58,52.438198,1
88,L49,20.915495,14436,2021-06-26 18:12:36,52.378502,1
89,L-9,20.949566,14440,2021-06-25 23:13:11,52.471237,055
90,338,21.045604,1500,2021-06-25 19:27:18,52.264496,03
91,106,20.9657173,1508,2021-06-26 18:12:34,52.2346893,5
92,735,21.0285161,1509,2021-06-26 18:12:43,52.3419628,M4
93,240,21.0653891,1510,2021-06-26 18:12:40,52.3125028,4
94,110,20.9045145,1513,2021-06-26 18:12:41,52.2837993,52
95,147,21.044424,1514,2021-06-25 19:54:57,52.2648745,06
96,115,21.24215,1521,2021-06-26 18:12:31,52.1699333,4
97,115,21.164725,1523,2021-06-26 18:12:41,52.2167733,3
98,702,21.2628933,1524,2021-06-26 18:12:40,52.1080933,2
99,183,21.115313,1526,2021-06-26 00:16:52,52.233074,4
100,N16,21.116845,1527,2021-06-26 05:37:31,52.233048,2
101,N44,21.117096,1528,2021-06-26 05:37:25,52.233049,207
102,702,21.1351767,1531,2021-06-26 18:12:41,52.197845,1
103,202,21.042063,1532,2021-06-26 18:12:28,52.242133,2
104,141,21.04855,1533,2021-06-26 18:12:31,52.202285,6
105,119,21.007315,1535,2021-06-26 18:12:33,52.210265,3
106,156,21.023324,1537,2021-06-26 18:12:26,52.286273,2
107,132,21.0682517,1538,2021-06-26 18:12:40,52.323865,55
108,120,21.0676867,1539,2021-06-26 18:12:33,52.3242267,1
109,156,21.0638583,1540,2021-06-26 18:12:42,52.2639317,5
110,166,21.0346133,1542,2021-06-26 18:12:39,52.2557017,4
111,221,20.9948217,1543,2021-06-26 18:12:40,52.259615,2
112,N03,21.044968,1545,2021-06-26 05:08:35,52.264589,2
113,156,20.976215,1546,2021-06-26 18:12:34,52.2786217,4
114,512,21.052175,1548,2021-06-26 18:12:34,52.252915,1
115,120,21.0468367,1549,2021-06-26 18:12:36,52.274395,2
116,166,21.03363,1550,2021-06-26 18:12:43,52.230385,6
117,120,21.05728,1551,2021-06-26 18:12:29,52.3304733,6
118,156,20.92797,1552,2021-06-26 18:12:43,52.2908267,3
119,L35,21.325039,17455,2021-06-26 18:12:38,52.353405,51
120,L40,21.229378,17458,2021-06-26 18:12:43,52.345593,1
121,L43,21.077759,17461,2021-06-26 08:32:11,52.26762,51
122,L43,21.077951,17462,2021-06-26 17:54:57,52.267616,52
123,L45,21.175241,17464,2021-06-26 18:12:38,52.310738,1
124,L37,21.176323,17466,2021-06-25 22:21:40,52.312318,2
125,L38,21.255192,17467,2021-06-26 18:12:39,52.346981,51
126,240,21.0008291,1802,2021-06-26 18:12:40,52.2913188,3
127,N12,21.045453,1803,2021-06-26 04:33:33,52.264459,128
128,110,20.939647,1804,2021-06-26 18:12:39,52.277934,53
129,132,20.9695531,1805,2021-06-26 18:12:36,52.2718588,54
130,122,20.931683,1807,2021-06-26 18:12:41,52.2665996,6
131,106,21.0435196,1808,2021-06-26 06:30:45,52.2662013,4
132,N11,21.0454075,1809,2021-06-26 05:42:59,52.264945,122
133,106,21.0199655,1810,2021-06-26 18:12:38,52.23733,2
134,106,20.9679151,1811,2021-06-26 18:12:42,52.2288053,1
135,106,21.0247251,1812,2021-06-26 18:12:37,52.2415803,3
136,170,21.021846,1814,2021-06-26 18:12:23,52.262541,1
137,122,20.942898,1815,2021-06-26 18:12:38,52.2692498,3
138,N12,21.046083,1816,2021-06-26 05:05:03,52.264528,210
139,173,21.042571,1818,2021-06-25 23:48:59,52.2664061,10
140,173,21.118494,1821,2021-06-26 18:12:33,52.238158,2
141,115,21.170352,1826,2021-06-26 18:12:37,52.2770866,2
142,146,21.0520686,1828,2021-06-26 18:12:41,52.2501036,52
143,146,21.1219378,1829,2021-06-26 18:12:35,52.1933343,51
144,183,21.091454,1830,2021-06-26 18:12:31,52.244656,1
145,119,21.1165895,1832,2021-06-25 22:22:16,52.2331471,06
146,183,21.0932383,1833,2021-06-26 18:12:38,52.2443061,2
147,173,21.2606338,1835,2021-06-26 18:12:33,52.2419428,4
148,115,21.181696,1837,2021-06-26 18:12:37,52.245786,1
149,168,21.077153,1838,2021-06-26 18:12:37,52.2039773,1
150,115,21.2233808,1839,2021-06-26 18:12:38,52.1600168,5
151,147,21.1172291,1840,2021-06-25 21:35:22,52.2330755,09
152,142,21.1168673,1842,2021-06-25 20:08:52,52.2330963,08
153,168,20.995788,1843,2021-06-26 18:12:22,52.193494,3
154,173,21.1167918,1844,2021-06-25 23:53:58,52.233165,8
155,168,21.049191,1846,2021-06-26 18:12:29,52.207309,4
156,722,21.2774973,1847,2021-06-26 18:12:40,52.1977871,62
157,198,21.1158643,1848,2021-06-25 20:42:24,52.2333196,2
158,198,21.2432551,1849,2021-06-26 18:12:39,52.2217151,1
159,183,21.115764,1850,2021-06-25 21:22:25,52.233265,3
160,183,21.1154913,1851,2021-06-26 00:18:45,52.2331743,07
161,198,21.2228338,1854,2021-06-26 18:12:41,52.250565,2
162,146,21.115132,1856,2021-06-26 00:38:41,52.233222,4
163,115,21.115681,1857,2021-06-26 00:02:26,52.2331425,5
164,146,21.1166211,1858,2021-06-25 20:46:49,52.2331278,07
165,198,21.1172503,1859,2021-06-25 19:30:46,52.2330405,05
166,115,21.1153055,1860,2021-06-26 00:28:39,52.2332403,6
167,173,21.1068848,1866,2021-06-26 18:12:39,52.241268,5
168,173,21.0525818,1867,2021-06-26 18:12:34,52.2501585,1
169,115,21.1165116,1869,2021-06-25 23:18:40,52.2330776,3
170,222,21.007129,1901,2021-06-26 18:12:35,52.1889661,3
171,251,21.0240182,1909,2021-06-26 18:12:37,52.1795453,3
172,222,21.0183476,1910,2021-06-26 18:12:35,52.2313713,2
173,222,21.004942,1911,2021-06-26 18:12:42,52.244736,1
174,251,21.103136,1912,2021-06-26 18:12:39,52.118927,2
175,222,21.0232921,1916,2021-06-26 18:12:43,52.2165091,5
176,251,21.122847,1919,2021-06-26 18:12:43,52.089485,1
177,222,20.9955459,1920,2021-06-26 18:12:41,52.1896382,4
178,178,21.0122155,1995,2021-06-26 18:12:42,52.2460274,2
179,178,21.0040352,1996,2021-06-26 18:12:42,52.2553601,1
180,178,20.9626339,1997,2021-06-26 18:12:43,52.2283432,5
181,178,20.960421,1998,2021-06-26 18:12:43,52.215889,3
182,178,20.883432,1999,2021-06-26 18:12:42,52.195354,4
183,171,20.911242,2009,2021-06-26 18:12:43,52.247074,1
184,189,20.8990897,2015,2021-06-26 18:12:43,52.2386741,9
185,187,20.9484199,2016,2021-06-26 18:12:42,52.209599,5
186,709,21.0243837,2021,2021-06-26 18:12:42,52.1799049,5
187,Z26,21.0347242,2022,2021-06-26 18:12:43,52.255793,4
188,172,20.9791434,2024,2021-06-26 18:12:40,52.2081252,63
189,217,21.0682502,2026,2021-06-26 18:12:42,52.1694217,3
190,519,21.0923232,2027,2021-06-26 18:12:43,52.1181744,3
191,172,21.0131559,2028,2021-06-26 18:12:42,52.1959444,1
192,189,20.898788,2029,2021-06-26 18:12:38,52.238728,8
193,Z26,20.973045,2030,2021-06-26 18:12:42,52.237164,7
194,522,21.08004,2032,2021-06-26 18:12:42,52.157681,3
195,174,21.0159979,2035,2021-06-26 18:12:42,52.1910775,2
196,709,21.0178947,2038,2021-06-26 18:12:42,52.1423294,6
197,709,21.0192326,2039,2021-06-26 18:12:43,52.0888345,1
198,709,21.0170679,2040,2021-06-26 18:12:42,52.0677176,2
199,709,21.018921,2041,2021-06-26 18:12:43,52.088341,3
200,709,21.0175684,2042,2021-06-26 18:12:41,52.1460909,4
201,517,20.8832165,2200,2021-06-26 18:12:42,52.1920079,1
202,N35,20.921913,2206,2021-06-26 06:01:56,52.1961371,237
203,184,20.9428745,2210,2021-06-26 18:12:42,52.2462884,3
204,191,20.9163919,2213,2021-06-26 18:12:43,52.2055666,1
205,189,21.0073012,2227,2021-06-26 18:12:42,52.1774092,4
206,105,20.922151,2236,2021-06-26 00:04:20,52.196038,4
207,189,21.0399167,2237,2021-06-26 18:12:42,52.1720801,14
208,124,20.945513,2240,2021-06-26 18:12:41,52.158016,2
209,105,20.898838,2247,2021-06-26 18:12:22,52.238819,5
210,141,20.921326,2253,2021-06-25 18:30:50,52.197259,014
211,401,20.920378,2254,2021-06-25 19:44:39,52.196613,012
212,191,20.9696391,2258,2021-06-26 18:12:42,52.2134474,3
213,L20,21.471462,24511,2021-06-25 23:35:10,52.132233,1
214,L20,21.471769,24513,2021-06-26 15:05:20,52.132652,1
215,L20,21.296013,24515,2021-06-26 18:12:40,52.102242,1
216,162,21.0470145,3400,2021-06-26 18:12:37,52.2122235,5
217,185,21.044472,3401,2021-06-26 18:12:42,52.2219468,6
218,723,20.9173931,3403,2021-06-26 18:12:38,52.3777133,3
219,735,20.9682213,3404,2021-06-26 18:12:41,52.2739538,63
220,731,20.977491,3405,2021-06-26 18:12:27,52.313735,3
221,414,21.047923,3406,2021-06-25 20:26:01,52.264541,07
222,731,20.9222611,3407,2021-06-26 18:12:38,52.4155641,1
223,738,21.0485045,3408,2021-06-26 01:02:31,52.264437,1
224,414,21.0468988,3409,2021-06-25 20:46:35,52.2649078,08
225,126,20.9868928,3410,2021-06-26 18:12:41,52.3090313,2
226,169,21.04371,3411,2021-06-25 21:40:49,52.265391,1
227,140,21.0596545,3413,2021-06-26 18:12:39,52.2740641,1
228,509,21.0094113,3414,2021-06-26 18:12:40,52.2826093,2
229,114,21.0478216,3415,2021-06-25 23:08:38,52.2646596,5
230,723,21.0454035,3417,2021-06-25 21:48:49,52.2654235,1
231,145,21.0223385,3421,2021-06-26 18:12:40,52.2861003,7
232,509,21.022029,3422,2021-06-26 18:12:38,52.2638296,355
233,Z26,20.9743781,3423,2021-06-26 18:12:40,52.2353573,1
234,169,21.0477433,3429,2021-06-25 23:04:14,52.2646666,3
235,126,21.0568296,3430,2021-06-26 18:12:41,52.3018315,4
236,114,21.04857,3434,2021-06-26 00:33:00,52.264513,2
237,518,21.0478431,3437,2021-06-25 23:46:13,52.264609,6
238,705,21.0615348,3438,2021-06-26 18:12:38,52.4490646,66
239,738,21.1158713,3440,2021-06-26 18:12:41,52.33614,2
240,114,21.0428833,3441,2021-06-25 23:51:31,52.2659116,7
241,140,21.1214371,3444,2021-06-26 18:12:40,52.343136,2
242,509,20.9421103,3446,2021-06-26 18:12:39,52.334569,4
243,731,20.939883,3447,2021-06-26 18:12:29,52.411891,2
244,126,21.0523403,3448,2021-06-26 18:12:42,52.2930403,1
245,518,21.043485,3449,2021-06-25 21:30:55,52.265478,7
246,126,20.9405821,3450,2021-06-26 18:12:38,52.3261421,3
247,126,21.0118045,3451,2021-06-26 18:12:40,52.3165293,M5
248,705,21.0347643,3454,2021-06-26 18:12:39,52.3964801,62
249,145,21.0003103,3455,2021-06-26 18:12:40,52.2913056,6
250,Z26,21.0342648,3456,2021-06-26 18:12:37,52.2556285,5
251,509,20.9613006,3458,2021-06-26 18:12:39,52.3170068,5
252,Z26,20.996685,3459,2021-06-26 18:12:42,52.2432003,6
253,738,21.0618733,3461,2021-06-26 18:12:39,52.2733643,3
254,731,21.04776,3463,2021-06-26 00:40:56,52.264114,5
255,735,21.0444471,3464,2021-06-25 23:05:19,52.2656713,64
256,723,21.0441993,3466,2021-06-26 00:00:11,52.265954,2
257,738,21.1815491,3469,2021-06-26 18:12:42,52.4172371,1
258,L19,21.019102,36443,2021-06-26 18:12:41,52.06525,51
259,L17,20.899836,36444,2021-06-26 13:08:02,51.912342,51
260,L25,21.088842,36448,2021-06-26 18:12:40,52.029392,1
261,L39,21.010258,38541,2021-06-26 18:12:40,52.08215,4
262,L39,21.014191,38545,2021-06-26 18:12:38,52.081699,3
263,L52,21.005222,38546,2021-06-26 18:12:42,52.015778,51
264,L39,20.989628,38547,2021-06-26 17:45:51,52.110771,1
265,L39,21.018734,38548,2021-06-26 18:12:37,52.105881,2
266,L24,21.026606,38549,2021-06-26 18:12:39,52.079159,51
267,L-5,20.961796,39551,2021-06-26 18:03:17,52.066612,62
268,L-2,21.034941,39552,2021-06-25 19:11:52,52.083633,063
269,L25,21.191267,39555,2021-06-25 23:37:02,51.987377,1
270,L13,21.023867,39556,2021-06-26 18:12:38,52.068321,63
271,L13,21.015661,39558,2021-06-26 18:12:43,52.063091,61
272,L-2,20.923714,39559,2021-06-26 18:12:40,51.997845,1
273,L13,21.217253,39561,2021-06-25 20:05:15,51.98262,03
274,L12,21.029587,39562,2021-06-26 18:12:39,52.074608,1
275,L12,21.034851,39565,2021-06-26 12:57:20,52.083328,1
276,197,20.943932,4200,2021-06-26 18:12:42,52.244484,3
277,721,20.9428036,4201,2021-06-26 18:12:43,52.175624,75
278,711,20.94342,4205,2021-06-26 18:12:43,52.175247,1
279,122,20.8968997,4206,2021-06-26 18:12:43,52.2402511,1
280,141,20.95797,4208,2021-06-26 18:12:41,52.190292,9
281,197,20.966515,4213,2021-06-26 18:12:42,52.283661,4
282,154,20.9315701,4214,2021-06-26 18:12:42,52.2402605,6
283,141,21.0819854,4216,2021-06-26 18:12:42,52.2398204,5
284,154,20.958313,4217,2021-06-26 18:12:41,52.223877,2
285,154,20.9116382,4218,2021-06-26 18:12:42,52.2389185,1
286,255,20.929703,4219,2021-06-26 18:12:42,52.223736,1
287,714,20.894855,4220,2021-06-26 18:12:42,52.239819,1
288,255,20.954737,4224,2021-06-26 18:12:42,52.227814,2
289,714,20.9217,4226,2021-06-26 18:12:43,52.240063,2
290,122,20.9057006,4227,2021-06-26 18:12:43,52.2552874,2
291,154,20.952559,4231,2021-06-26 18:12:42,52.184364,4
292,141,20.9892897,4232,2021-06-26 18:12:42,52.1973537,7
293,197,20.951314,4233,2021-06-26 18:12:42,52.2815817,5
294,L-1,20.89243,42361,2021-06-26 14:43:02,52.090702,1
295,154,20.9688574,4238,2021-06-26 18:12:42,52.2142849,5
296,141,21.084154,4240,2021-06-26 18:12:43,52.243397,3
297,122,20.9768079,4241,2021-06-26 18:12:42,52.2874969,4
298,122,20.983435,4242,2021-06-26 18:12:41,52.28231,5
299,197,20.90097,4243,2021-06-26 18:12:42,52.216991,2
300,901,21.0079224,4244,2021-06-26 18:12:43,52.2290985,1
301,901,21.0159744,4246,2021-06-26 18:12:41,52.2306741,3
302,154,20.980951,4247,2021-06-26 18:12:41,52.188885,3
303,154,20.898409,4248,2021-06-26 18:12:43,52.258358,7
304,L-1,20.93656,42498,2021-06-23 19:45:16,52.08992,2
305,L-3,20.838034,42500,2021-06-26 18:12:32,52.030895,1
306,147,21.0556313,4305,2021-06-26 18:12:42,52.231847,56
307,202,21.1144169,4307,2021-06-26 18:12:43,52.2443579,1
308,119,21.000687,4311,2021-06-26 18:12:43,52.2016849,2
309,105,16.9750897,4332,2021-06-26 13:35:37,52.5472771,4
310,512,21.059668,4400,2021-06-26 18:12:41,52.284653,4
311,197,20.9410106,4402,2021-06-26 18:12:42,52.2339314,6
312,221,20.993912,4404,2021-06-26 18:12:40,52.259464,1
313,120,21.0384194,4405,2021-06-26 18:12:42,52.2513734,4
314,156,21.0521289,4406,2021-06-26 18:12:43,52.2530127,1
315,N02,21.044418,4407,2021-06-26 06:46:43,52.265051,3
316,240,21.100485,4408,2021-06-26 18:12:39,52.317947,1
317,197,20.862553,4409,2021-06-26 18:12:42,52.190239,1
318,197,20.867247,4410,2021-06-26 18:12:43,52.195766,7
319,120,21.0619617,4411,2021-06-26 18:12:43,52.3616575,7
320,106,21.0170631,4412,2021-06-26 18:12:41,52.2368102,4
321,152,21.04444,4413,2021-06-25 20:19:00,52.265066,06
322,N16,21.045311,4415,2021-06-26 05:39:26,52.264876,1
323,120,21.045601,4417,2021-06-26 13:08:26,52.264446,1
324,199,21.0444199,4418,2021-06-25 20:09:09,52.264953,2
325,901,21.043358,4420,2021-06-26 18:12:41,52.222958,2
326,166,21.0271721,4421,2021-06-26 18:12:42,52.2599484,5
327,N03,21.0459804,4422,2021-06-26 05:41:10,52.2641299,1
328,166,21.058672,4423,2021-06-26 18:12:41,52.150478,2
329,901,21.00388,4424,2021-06-26 18:12:41,52.229462,4
330,512,21.040703,4425,2021-06-26 18:12:41,52.25737,2
331,120,21.051075,4428,2021-06-26 18:12:42,52.252575,3
332,512,21.057335,4429,2021-06-26 18:12:43,52.284012,3
333,120,21.0442702,4431,2021-06-26 18:12:41,52.2760116,5
334,512,21.0473479,4434,2021-06-26 18:12:43,52.26007,5
335,100,20.9904455,4617,2021-06-26 18:12:34,52.2496298,M1
336,184,20.9229822,5205,2021-06-26 18:12:42,52.2504731,6
337,189,21.068919,5206,2021-06-26 18:12:28,52.181301,2
338,105,20.8970336,5208,2021-06-26 18:12:38,52.2286393,1
339,188,20.9780963,5209,2021-06-26 18:12:34,52.1694712,3
340,105,20.9609075,5210,2021-06-26 18:12:39,52.2283321,2
341,172,20.960736,5211,2021-06-26 18:12:26,52.214573,4
342,189,20.9143871,5212,2021-06-26 18:12:37,52.2138995,11
343,105,20.9507429,5214,2021-06-26 18:12:42,52.2273702,3
344,189,21.006206,5215,2021-06-26 18:12:25,52.178073,13
345,716,20.8289088,5216,2021-06-26 18:12:33,52.1929654,1
346,172,20.9555837,5217,2021-06-26 18:12:34,52.2120378,2
347,523,20.9563118,5221,2021-06-26 18:12:37,52.2376255,3
348,517,20.867055,5222,2021-06-26 18:12:40,52.196378,2
349,523,20.8998981,5223,2021-06-26 18:12:35,52.2579936,1
350,171,20.9248557,5224,2021-06-26 18:12:40,52.2726378,3
351,105,20.8968251,5225,2021-06-26 18:12:34,52.2290729,4
352,210,20.8268817,5228,2021-06-26 18:12:43,52.2909511,3
353,187,20.9914112,5229,2021-06-26 18:12:42,52.2162679,1
354,171,20.9214842,5232,2021-06-26 18:12:34,52.2492888,4
355,136,20.983748,5234,2021-06-26 18:12:37,52.197866,5
356,184,20.9697675,5235,2021-06-26 18:12:42,52.2151547,1
357,517,21.0104717,5236,2021-06-26 18:12:37,52.2316368,5
358,Z10,20.9123465,5237,2021-06-26 18:12:35,52.2422474,3
359,171,20.925064,5238,2021-06-26 18:12:38,52.2724606,2
360,171,20.965434,5240,2021-06-26 18:12:43,52.2372969,5
361,191,20.9767148,5241,2021-06-26 18:12:36,52.2116064,2
362,148,21.0261279,5242,2021-06-26 18:12:39,52.1511494,4
363,190,20.920664,5245,2021-06-25 20:12:48,52.196575,016
364,523,21.0913944,5253,2021-06-26 18:12:35,52.2499642,5
365,141,20.9224014,5255,2021-06-26 00:37:46,52.1970728,4
366,182,20.92243,5256,2021-06-25 19:09:29,52.1956758,011
367,188,20.979391,5257,2021-06-26 18:12:26,52.175193,52
368,187,20.9112831,5258,2021-06-26 18:12:42,52.1964754,2
369,184,20.929539,5260,2021-06-26 18:12:33,52.292744,5
370,N46,21.047172,5403,2021-06-26 06:04:29,52.2647932,150
371,500,21.041763,5404,2021-06-26 18:12:42,52.300304,52
372,169,21.051836,5406,2021-06-26 18:12:42,52.252903,5
373,705,20.9681571,5407,2021-06-26 18:12:43,52.2719342,65
374,160,21.0060379,5410,2021-06-26 18:12:42,52.2380214,M5
375,500,21.0400509,5412,2021-06-26 18:12:42,52.2695111,54
376,160,21.051567,5413,2021-06-26 18:12:42,52.291851,M2
377,500,21.044041,5419,2021-06-26 18:12:43,52.278095,M56
378,527,21.045868,5425,2021-06-26 18:12:41,52.271336,3
379,162,21.034775,5426,2021-06-26 18:12:43,52.258369,1
380,162,21.03702,5428,2021-06-26 18:12:41,52.252022,2
381,185,20.975874,5429,2021-06-26 18:12:42,52.289696,8
382,112,21.0521177,5430,2021-06-26 18:12:41,52.2927876,3
383,145,21.132975,5432,2021-06-26 18:12:42,52.246769,4
384,500,21.0420377,5433,2021-06-26 18:12:43,52.3003187,57
385,112,20.8899984,5434,2021-06-26 18:12:42,52.2163772,9
386,169,21.041548,5435,2021-06-26 18:12:43,52.291805,3
387,527,21.0646907,5436,2021-06-26 18:12:43,52.324712,2
388,409,20.894184,5437,2021-06-26 18:12:43,52.296158,53
389,160,21.0519317,5438,2021-06-26 18:12:43,52.2925427,7
390,112,20.913883,5439,2021-06-26 18:12:41,52.236588,12
391,500,20.9822012,5441,2021-06-26 18:12:41,52.2532559,55
392,160,21.0029954,5443,2021-06-26 18:12:42,52.2296489,4
393,520,21.0262,5445,2021-06-26 18:12:43,52.2196,4
394,511,20.961622,5448,2021-06-26 18:12:42,52.335125,1
395,160,21.0614294,5449,2021-06-26 18:12:41,52.3251222,1
396,527,21.0602074,5453,2021-06-26 18:12:42,52.3152725,1
397,160,21.0340072,5454,2021-06-26 18:12:41,52.2542147,3
398,723,21.0008779,5455,2021-06-26 18:12:43,52.2912651,2
399,511,20.928009,5459,2021-06-26 18:12:41,52.291378,2
400,185,21.041433,5460,2021-06-26 18:12:43,52.147163,3
401,180,21.031607,5870,2021-06-26 18:12:41,52.206841,7
402,503,21.045097,5871,2021-06-26 18:12:39,52.156109,3
403,503,21.010139,5873,2021-06-26 18:12:42,52.232342,5
404,503,21.002285,5875,2021-06-26 18:12:38,52.254711,7
405,180,20.945267,5876,2021-06-26 18:12:40,52.265652,62
406,175,20.9743,5880,2021-06-26 18:12:41,52.1694,55
407,175,20.9884,5882,2021-06-26 18:12:42,52.210999,53
408,128,21.012959,5884,2021-06-26 18:12:39,52.243229,51
409,175,21.008034,5886,2021-06-26 18:12:39,52.228985,52
410,175,21.012711,5887,2021-06-26 18:12:40,52.243141,64
411,128,20.963737,5889,2021-06-26 18:12:42,52.207684,59
412,180,21.030487,5890,2021-06-26 18:12:41,52.207516,3
413,180,20.924816,5891,2021-06-26 18:12:43,52.272537,11
414,180,21.083862,5892,2021-06-26 18:12:37,52.16819,5
415,128,20.963449,5895,2021-06-26 18:12:38,52.20776,60
416,128,20.998121,5897,2021-06-25 23:36:40,52.187019,51
417,503,21.034882,5898,2021-06-26 18:12:38,52.202072,4
418,111,21.083502,5900,2021-06-26 18:12:43,52.226021,4
419,158,21.113731,5902,2021-06-26 18:12:40,52.234238,5
420,128,21.001478,5904,2021-06-26 18:12:42,52.227402,58
421,116,20.938578,5905,2021-06-26 18:12:42,52.278008,69
422,158,21.117008,5907,2021-06-25 21:44:36,52.233902,5
423,175,21.116972,5908,2021-06-25 19:38:19,52.233955,068
424,116,21.116823,5910,2021-06-26 00:07:33,52.233971,17
425,158,21.066078,5913,2021-06-26 18:12:42,52.24102,6
426,158,21.1176556,5915,2021-06-26 18:12:42,52.2337749, 
427,111,21.085522,5920,2021-06-26 18:12:39,52.2281,6
428,116,21.08416,5921,2021-06-26 18:12:41,52.167805,5
429,111,21.107388,5922,2021-06-26 07:42:12,52.233645, 
430,111,21.116245,5926,2021-06-26 00:24:55,52.234005,5
431,111,21.026289,5927,2021-06-26 18:12:38,52.232983,3
432,111,21.003225,5931,2021-06-26 18:12:40,52.242519,8
433,128,20.98819,5932,2021-06-26 18:12:41,52.216755,61
434,158,20.9603897,5933,2021-06-26 18:12:40,52.2158222,1
435,158,21.087963,5934,2021-06-26 18:12:43,52.236233,4
436,503,21.115843,5935,2021-06-26 00:31:56,52.233995,013
437,116,21.083014,5936,2021-06-26 18:12:43,52.166531,4
438,503,21.0453181,5937,2021-06-26 18:12:41,52.1810681,1
439,175,21.010365,5939,2021-06-26 18:12:42,52.231987,56
440,116,21.036346,5940,2021-06-26 18:12:40,52.200985,3
441,175,21.115613,5941,2021-06-25 21:43:06,52.234041,63
442,116,21.010473,5942,2021-06-26 18:12:41,52.231861,7
443,503,21.023077,5943,2021-06-26 18:12:39,52.228306,9
444,158,20.990715,5946,2021-06-26 18:12:42,52.225491,2
445,175,20.978233,5947,2021-06-26 18:12:41,52.16938,54
446,116,21.053751,5948,2021-06-26 18:12:38,52.183529,56
447,518,20.969288,5950,2021-06-26 18:12:39,52.319942,2
448,518,20.950748,5952,2021-06-26 18:12:39,52.319363,2
449,503,21.049965,5954,2021-06-26 18:12:39,52.144608,2
450,503,21.001961,5956,2021-06-26 18:12:41,52.258316,8
451,E-9,21.045723,5962,2021-06-25 20:17:53,52.265643,06
452,180,20.934841,5964,2021-06-26 18:12:43,52.271152,10
453,723,21.047304,5966,2021-06-25 18:56:33,52.265156,07
454,180,21.068962,5967,2021-06-26 18:12:36,52.182236,4
455,180,20.979471,5968,2021-06-26 18:12:38,52.248539,1
456,116,20.99749,5969,2021-06-26 18:12:39,52.254688,8
457,518,21.003124,5976,2021-06-26 18:12:39,52.250973,6
458,518,20.965195,5978,2021-06-26 18:12:42,52.271942,3
459,518,21.023537,5979,2021-06-26 18:12:43,52.228268,5
460,518,20.967779,5980,2021-06-26 18:12:39,52.319294,7
461,518,21.013676,5981,2021-06-26 18:12:40,52.241245,4
462,503,21.001028,5983,2021-06-26 18:12:39,52.254288,6
463,111,21.102459,5984,2021-06-26 18:12:39,52.222061,5
464,111,21.019304,5985,2021-06-26 18:12:40,52.23156,7
465,111,21.00458,5986,2021-06-26 18:12:41,52.242867,2
466,180,20.980085,5987,2021-06-26 18:12:42,52.244846,9
467,180,21.060543,5988,2021-06-26 18:12:39,52.189552,6
468,180,21.01367,5990,2021-06-26 18:12:38,52.240395,2
469,180,21.009066,5991,2021-06-26 18:12:42,52.238956,58
470,518,20.942125,5994,2021-06-26 18:12:41,52.334553,1
471,116,21.007227,5995,2021-06-26 18:12:43,52.237663,2
472,116,20.992004,5996,2021-06-26 18:12:42,52.262665,1
473,116,20.933708,5997,2021-06-26 18:12:41,52.278595,11
474,116,20.924936,5998,2021-06-26 18:12:39,52.272305,10
475,111,20.979475,5999,2021-06-26 18:12:40,52.244465,1
476,167,21.030329,6201,2021-06-26 18:12:42,52.206749,2
477,713,20.802376,6203,2021-06-26 18:12:43,52.21019,1
478,713,20.922188,6204,2021-06-26 18:12:42,52.221581,2
479,112,21.0425017,6207,2021-06-26 18:12:42,52.2851537,6
480,112,20.920258,6208,2021-06-26 18:12:41,52.257656,1
481,112,20.880198,6210,2021-06-26 18:12:42,52.21616,M11
482,112,20.919392,6212,2021-06-26 18:12:38,52.256866,8
483,136,21.0069456,6213,2021-06-26 18:12:43,52.1707304,10
484,187,20.862083,6214,2021-06-26 18:12:42,52.190964,3
485,210,20.928244,6220,2021-06-26 18:12:43,52.291012,1
486,187,20.8680065,6222,2021-06-26 18:12:42,52.1937655,4
487,189,20.897627,6223,2021-06-26 18:12:42,52.227726,10
488,187,21.0487837,6226,2021-06-26 18:12:41,52.2051739,8
489,191,20.8702642,6227,2021-06-26 18:12:42,52.1834319,6
490,136,21.044659,6236,2021-06-26 18:12:42,52.149403,7
491,716,20.913786,6239,2021-06-26 18:12:42,52.209007,3
492,184,20.937914,6241,2021-06-26 18:12:42,52.286926,4
493,703,20.8436692,6242,2021-06-26 18:12:41,52.0674581,74
494,706,20.942966,6243,2021-06-26 18:12:41,52.175392,1
495,L29,20.462599,65471,2021-06-26 18:12:41,52.267708,1
496,112,20.9634887,7200,2021-06-26 18:12:41,52.2752122,7
497,124,20.938196,7201,2021-06-26 18:12:41,52.160057,1
498,Z10,20.925008,7202,2021-06-26 18:12:42,52.2608571,5
499,112,21.0823169,7206,2021-06-26 18:12:43,52.3044761,4
500,Z10,20.930826,7208,2021-06-26 18:12:39,52.22496,1
501,189,20.9015179,7214,2021-06-26 18:12:42,52.2278812,7
502,728,20.8935132,7217,2021-06-26 18:12:43,52.1211601,72
503,728,20.878155,7218,2021-06-26 18:12:43,52.081505,71
504,517,21.011162,7224,2021-06-26 18:12:40,52.23061,4
505,112,21.024948,7225,2021-06-26 18:12:42,52.297829,2
506,112,20.9208932,7226,2021-06-26 13:08:33,52.1969334,4
507,184,20.964046,7227,2021-06-26 18:12:41,52.208027,2
508,Z10,20.924835,7228,2021-06-26 18:12:42,52.260696,6
509,716,20.930573,7229,2021-06-26 18:12:42,52.22504,2
510,Z10,20.9195429,7234,2021-06-26 18:12:42,52.2569917,7
511,124,20.921078,7240,2021-06-25 18:26:53,52.196911,03
512,187,21.048286,7241,2021-06-26 18:12:42,52.178192,7
513,187,21.047419,7243,2021-06-26 18:12:42,52.211849,6
514,210,20.8133747,7244,2021-06-26 18:12:41,52.3118902,2
515,167,20.998444,7245,2021-06-26 18:12:43,52.216953,6
516,191,20.914547,7247,2021-06-26 18:12:42,52.200222,4
517,172,21.064581,7248,2021-06-26 18:12:42,52.186146,7
518,189,20.9361525,7249,2021-06-26 18:12:42,52.1943516,5
519,188,21.0285901,7250,2021-06-26 18:12:41,52.2200806,1
520,517,20.9559,7251,2021-06-26 18:12:42,52.214298,6
521,182,21.081825,7252,2021-06-26 18:12:41,52.23568,2
522,517,20.923294,7254,2021-06-26 18:12:41,52.1973409,3
523,523,21.0847415,7255,2021-06-26 18:12:43,52.2437832,7
524,191,20.8703315,7256,2021-06-26 18:12:43,52.1835571,5
525,188,21.084702,7257,2021-06-26 18:12:42,52.250343,5
526,182,21.031408,7259,2021-06-26 18:12:42,52.220936,4
527,138,21.09412,7301,2021-06-26 18:12:43,52.264927,6
528,141,21.112921,7303,2021-06-26 18:12:34,52.236224,4
529,148,21.087043,7304,2021-06-26 18:12:34,52.244681,9
530,151,21.105053,7305,2021-06-26 18:12:43,52.230198,2
531,182,20.974224,7306,2021-06-26 18:12:43,52.218498,3
532,162,21.047614,7308,2021-06-26 18:12:42,52.2109621,3
533,507,21.0050334,7310,2021-06-26 18:12:42,52.2291242,2
534,125,21.1965211,7312,2021-06-26 18:12:26,52.2083262,2
535,E-1,21.1167422,7314,2021-06-25 19:42:06,52.2335197,01
536,520,21.1332007,7315,2021-06-26 18:12:43,52.2402416,5
537,143,21.1164757,7317,2021-06-25 19:35:11,52.2334452,3
538,162,21.085032,7322,2021-06-26 18:12:42,52.193295,4
539,523,20.912737,7324,2021-06-26 18:12:42,52.24041,2
540,520,21.007664,7325,2021-06-26 18:12:42,52.236351,2
541,148,20.978035,7326,2021-06-26 18:12:42,52.169559,5
542,138,21.100605,7327,2021-06-26 18:12:43,52.260609,7
543,171,20.9808031,7328,2021-06-26 18:12:43,52.2370689,8
544,520,21.063803,7331,2021-06-26 18:12:41,52.228664,1
545,150,20.885784,753,2021-06-26 18:12:42,52.341328,3
546,750,20.912142,755,2021-06-26 18:12:39,52.322151,2
547,250,20.868586,757,2021-06-26 18:12:36,52.332848,1
548,750,20.761972,758,2021-06-26 18:12:41,52.387676,3
549,150,20.9282,761,2021-06-26 18:12:38,52.290958,1
550,250,20.925047,763,2021-06-26 18:12:41,52.281811,3
551,521,20.9735329,7701,2021-06-26 18:12:43,52.2121466,3
552,750,20.833454833,773,2021-06-26 18:12:40,52.358411833,4
553,250,20.932968,775,2021-06-26 18:12:41,52.288498,2
554,750,20.936012,776,2021-06-26 18:12:42,52.298912,1
555,150,20.8599987,777,2021-06-26 18:12:42,52.3472959,2
556,138,21.0204773,8120,2021-06-26 18:12:36,52.2116076,1
557,185,20.9808575,8138,2021-06-26 18:12:37,52.2754451,7
558,172,21.0293678,8139,2021-06-26 18:12:38,52.2005588,6
559,727,20.997388,8148,2021-06-25 21:39:43,52.187336,4
560,522,21.0052403,8154,2021-06-26 18:12:34,52.2289875,6
561,167,20.9427181,8166,2021-06-26 18:12:37,52.2270601,5
562,143,21.0050046,8167,2021-06-26 18:12:34,52.2164913,2
563,522,20.998243,8174,2021-06-25 20:09:50,52.1878,013
564,504,20.9823598,8178,2021-06-26 18:12:39,52.1950388,3
565,519,20.996546,8180,2021-06-25 22:35:23,52.187545,5
566,136,20.961034,8181,2021-06-26 18:12:37,52.2167761,4
567,138,21.002596,8183,2021-06-26 18:12:35,52.175568,2
568,172,21.069103,8184,2021-06-26 18:12:39,52.1813773,8
569,504,21.0317001,8187,2021-06-26 18:12:37,52.1497026,2
570,519,21.075581,8188,2021-06-26 18:12:32,52.168153,2
571,504,20.9830765,8189,2021-06-26 18:12:36,52.1953738,5
572,198,21.1173818,8210,2021-06-25 18:57:27,52.2334423,04
573,151,21.1167196,8218,2021-06-25 19:22:39,52.2335221,04
574,514,21.1736803,8222,2021-06-26 18:12:40,52.2505528,4
575,188,21.1161338,8225,2021-06-25 20:54:43,52.2335866,08
576,143,21.114924,8228,2021-06-25 23:38:50,52.234206,6
577,509,21.116793,8231,2021-06-25 20:04:19,52.233758,021
578,514,21.015563,8300,2021-06-26 18:12:37,52.2195195,3
579,502,21.2431546,8301,2021-06-26 18:12:34,52.2227588,4
580,125,21.0413446,8303,2021-06-26 18:12:38,52.241552,5
581,125,21.1967768,8305,2021-06-26 18:12:39,52.2083498,3
582,509,20.94509,8310,2021-06-26 18:12:30,52.32202,3
583,502,21.1153763,8313,2021-06-26 18:12:41,52.2326598,6
584,182,21.11721,8315,2021-06-25 19:08:30,52.233705,013
585,145,21.081006,8317,2021-06-26 18:12:35,52.286726,1
586,188,21.1212931,8318,2021-06-26 18:12:39,52.2435643,6
587,168,21.11586,8320,2021-06-25 21:27:01,52.23366,07
588,514,21.0156856,8323,2021-06-26 18:12:40,52.2231546,2
589,145,21.1353675,8324,2021-06-26 18:12:40,52.2426185,2
590,720,21.3265393,8325,2021-06-26 18:12:41,52.1534285,1
591,125,21.117233,8327,2021-06-25 20:58:39,52.234053,3
592,145,21.0566795,8328,2021-06-26 18:12:40,52.2923255,5
593,411,21.117353,8330,2021-06-25 20:35:38,52.233359,53
594,148,21.0871638,8331,2021-06-26 18:12:39,52.2447951,1
595,502,21.0151448,8335,2021-06-26 18:12:41,52.2187833,1
596,143,21.059723,8339,2021-06-26 18:12:34,52.227738,1
597,704,21.2526375,8340,2021-06-26 18:12:37,52.2225385,1
598,171,21.0191717,8342,2021-06-26 18:12:36,52.23154,6
599,151,21.0152233,8344,2021-06-26 18:12:34,52.217995,3
600,185,21.013935,8345,2021-06-26 18:12:41,52.2531367,1
601,145,21.116836,8346,2021-06-25 19:31:54,52.233566,016
602,145,21.116093,8347,2021-06-25 19:40:44,52.233476,012
603,523,20.9556233,8348,2021-06-26 18:12:36,52.2352517,9
604,507,21.102333,8349,2021-06-26 18:12:33,52.222023,5
605,411,21.116288,8350,2021-06-25 20:43:54,52.233658,061
606,125,21.1151367,8351,2021-06-26 18:12:39,52.2393867,4
607,125,21.1067517,8352,2021-06-26 18:12:33,52.2415217,1
608,151,21.0838167,8353,2021-06-26 18:12:43,52.2305133,1
609,521,21.1264767,8355,2021-06-26 18:12:41,52.2338817,2
610,N03,21.117188,8357,2021-06-26 05:01:26,52.233246,254
611,502,21.0986567,8358,2021-06-26 18:12:34,52.234835,3
612,507,21.07105,8360,2021-06-26 18:12:32,52.2250533,4
613,704,21.1575817,8362,2021-06-26 18:12:31,52.225985,2
614,521,21.188883,8363,2021-06-26 18:12:29,52.18359,5
615,507,21.07103,8366,2021-06-26 18:12:26,52.224949,1
616,143,21.177365,8367,2021-06-26 18:12:28,52.2569817,6
617,502,21.23508,8368,2021-06-26 18:12:41,52.21635,5
618,521,21.2046883,8369,2021-06-26 18:12:29,52.1593967,1
619,141,21.117058,8397,2021-06-25 19:41:02,52.233698,012
620,502,21.1151075,8403,2021-06-25 23:03:57,52.2336293,064
621,411,21.1156411,8440,2021-06-25 20:20:48,52.2335555,062
622,511,20.9627415,8443,2021-06-26 18:12:42,52.3337022,3
623,112,20.883032,8445,2021-06-26 18:12:42,52.214779,10
624,169,21.0419167,8447,2021-06-26 18:12:43,52.3001204,2
625,509,21.0511459,8448,2021-06-26 18:12:42,52.2392814,1
626,160,21.035561,8450,2021-06-26 18:12:43,52.255077,6
627,409,20.9336437,8452,2021-06-26 18:12:43,52.2711417,58
628,735,21.011776,8454,2021-06-26 18:12:43,52.453789,61
629,112,21.080837,8455,2021-06-26 18:12:43,52.304138,5
630,731,20.9721492,8457,2021-06-26 18:12:42,52.320555,4
631,185,21.0485019,8458,2021-06-26 11:00:08,52.2645874,6
632,169,21.0520317,8459,2021-06-26 18:12:42,52.2536269,4
633,409,20.884392,8460,2021-06-26 18:12:37,52.30542,51
634,169,21.0441912,8461,2021-06-26 18:12:43,52.2782877,1
635,141,20.94415,8500,2021-06-26 18:12:40,52.1754567,8
636,Z26,20.9997867,8501,2021-06-26 18:12:41,52.244055,3
637,522,21.0564933,8502,2021-06-26 18:12:33,52.1813967,2
638,189,21.069165,8504,2021-06-26 18:12:30,52.1811833,1
639,N33,20.996476,8505,2021-06-26 05:42:44,52.187546,172
640,185,20.997366,8507,2021-06-25 23:56:14,52.186391,9
641,174,20.9998783,8508,2021-06-26 18:12:38,52.231315,3
642,189,20.996501,8509,2021-06-26 00:35:47,52.18806,12
643,331,20.997095,8511,2021-06-25 18:21:40,52.187653,01
644,148,20.998374,8514,2021-06-26 00:52:13,52.188333,5
645,N37,20.998273,8516,2021-06-26 05:43:10,52.188213,246
646,136,20.966045,8517,2021-06-26 18:12:28,52.2432067,3
647,165,20.994196,8520,2021-06-26 18:12:36,52.154633,3
648,185,21.0613017,8521,2021-06-26 18:12:42,52.1893383,2
649,136,21.0556117,8522,2021-06-26 18:12:36,52.1474133,8
650,733,20.997863,8523,2021-06-25 20:19:16,52.187501,62
651,185,21.023511,8524,2021-06-26 18:12:30,52.142838,4
652,519,21.092755,8525,2021-06-26 18:12:39,52.1169333,4
653,136,21.024863,8528,2021-06-26 18:12:30,52.166289,6
654,143,21.1770817,8530,2021-06-26 18:12:31,52.2570067,5
655,308,20.997771,8531,2021-06-25 19:03:30,52.187649,02
656,136,20.997748,8533,2021-06-25 23:20:13,52.188256,10
657,N03,20.997894,8534,2021-06-26 05:57:03,52.18594,156
658,131,20.996449,8535,2021-06-25 22:36:53,52.186401,10
659,519,21.015935,8536,2021-06-26 18:12:32,52.215125,7
660,N33,20.996953,8537,2021-06-26 05:04:45,52.186869,173
661,519,21.0050433,8539,2021-06-26 18:12:37,52.22263,8
662,217,21.0241783,8540,2021-06-26 18:12:37,52.1796333,2
663,N34,20.996438,8541,2021-06-26 05:33:51,52.187668,149
664,N37,20.99783,8545,2021-06-26 05:44:42,52.187465,132
665,167,20.951145,8547,2021-06-26 18:12:33,52.227395,3
666,733,20.90888,8548,2021-06-26 18:12:32,52.1677883,1
667,504,21.0434767,8550,2021-06-26 18:12:33,52.1457133,6
668,519,21.103451,8551,2021-06-26 18:12:28,52.126976,5
669,522,21.01544,8552,2021-06-26 18:12:32,52.218033,1
670,Z26,20.9745467,8553,2021-06-26 18:12:42,52.2355733,2
671,148,21.0459917,8559,2021-06-26 18:12:39,52.1775,7
672,151,21.116914,8561,2021-06-25 23:54:17,52.233616,1
673,171,21.0345317,8562,2021-06-26 18:12:30,52.22495,7
674,521,21.116369,8565,2021-06-25 20:39:03,52.233641,08
675,520,21.155965,8566,2021-06-26 18:12:31,52.24041,6
676,523,21.1074617,8567,2021-06-26 18:12:37,52.2487383,6
677,509,21.101435,8569,2021-06-26 18:12:33,52.22331,9
678,148,21.036973,8570,2021-06-26 18:12:24,52.146483,6
679,143,21.1407983,8573,2021-06-26 18:12:31,52.255655,4
680,521,21.0216983,8574,2021-06-26 18:12:31,52.2321383,4
681,523,21.00688,8576,2021-06-26 18:12:28,52.2171867,8
682,141,21.0007283,8578,2021-06-26 18:12:38,52.1958467,1
683,190,21.046053,8582,2021-06-25 18:46:44,52.264343,021
684,523,21.026445,8586,2021-06-26 18:12:39,52.219735,4
685,520,21.1432533,8589,2021-06-26 18:12:32,52.2373233,7
686,185,21.0537567,8592,2021-06-26 18:12:42,52.18041,5
687,N13,21.114978,8593,2021-06-26 05:47:18,52.233611,247
688,145,21.0882617,8594,2021-06-26 18:12:36,52.2447683,3
689,188,20.987455,8595,2021-06-26 18:12:42,52.2096367,4
690,168,21.106678,8800,2021-06-26 18:12:44,52.2338261,5
691,189,20.9158901,8802,2021-06-26 18:12:37,52.2067258,6
692,148,21.041265,8804,2021-06-26 18:12:39,52.1696681,3
693,168,21.1127383,8805,2021-06-26 18:12:33,52.23632,6
694,136,20.9841986,8806,2021-06-26 18:12:39,52.1999546,1
695,189,21.0471153,8807,2021-06-26 18:12:42,52.1776238,3
696,138,21.0154345,8808,2021-06-26 18:12:38,52.2042105,4
697,168,21.0057706,8810,2021-06-26 18:12:42,52.202551,2
698,167,21.0827628,8812,2021-06-26 18:12:36,52.208267,1
699,136,20.9556663,8813,2021-06-26 18:12:37,52.2369855,2
700,504,21.0046091,8814,2021-06-26 18:12:42,52.2295384,4
701,217,21.056627,8816,2021-06-26 18:12:34,52.1722351,1
702,167,21.073381,8818,2021-06-26 18:12:29,52.212223,7
703,167,20.9258085,8819,2021-06-26 18:12:39,52.2340935,4
704,174,21.017746,8820,2021-06-26 18:12:40,52.1834681,371
705,N43,20.9959001,8821,2021-06-26 05:29:35,52.1875351,220
706,189,20.962978,8822,2021-06-26 18:12:38,52.188766,12
707,519,21.0022926,8823,2021-06-26 18:12:41,52.2290828,8
708,148,21.069529,8825,2021-06-26 18:12:39,52.2028756,2
709,522,21.076447,8826,2021-06-26 18:12:39,52.1569933,318
710,514,21.1714575,8828,2021-06-26 18:12:39,52.2514446,1
711,509,21.0559705,8829,2021-06-26 18:12:38,52.2384318,7
712,143,21.1256986,8832,2021-06-26 18:12:41,52.234808,7
713,502,21.0152716,8833,2021-06-26 18:12:42,52.2186225,2
714,182,21.1169803,8834,2021-06-26 18:12:39,52.233386,M5
715,N83,21.116546,8839,2021-06-26 05:25:32,52.233586,174
716,520,21.0043958,8840,2021-06-26 18:12:37,52.2457768,3
717,138,21.1172336,8841,2021-06-25 22:19:45,52.2337476,1
718,521,21.1161941,8844,2021-06-25 20:59:15,52.2334716,09
719,138,21.0426418,8846,2021-06-26 18:12:38,52.2541766,8
720,143,21.0831925,8850,2021-06-26 18:12:39,52.2420678,3
721,138,21.0509648,8852,2021-06-26 18:12:38,52.2395033,5
722,509,21.1028085,8853,2021-06-26 18:12:39,52.2220616,8
723,182,21.11292,8854,2021-06-26 18:12:39,52.2366226,1
724,518,21.047239,8859,2021-06-25 21:49:41,52.2647968,9
725,412,21.047084,8862,2021-06-25 20:21:52,52.264918,05
726,509,21.043849,8863,2021-06-25 22:53:53,52.266028,14
727,723,21.047273,8864,2021-06-25 19:20:55,52.264625,08
728,269,21.043698,8866,2021-06-25 22:15:02,52.266003,04
729,738,21.046916,8868,2021-06-25 18:47:25,52.264738,05
730,340,21.046388,8870,2021-06-25 19:12:44,52.265081,03
731,511,21.046323,8874,2021-06-25 18:33:00,52.265079,05
732,340,21.048342,8876,2021-06-25 18:55:45,52.264397,06
733,723,20.9209071,8878,2021-06-26 18:12:39,52.3808118,1
734,511,21.0472221,8879,2021-06-25 19:11:55,52.2646076,07
735,709,20.996574,8880,2021-06-25 18:58:33,52.18762,016
736,136,21.0274356,8881,2021-06-26 18:12:38,52.1509358,9
737,174,20.9953895,8882,2021-06-26 18:12:39,52.1702731,1
738,165,20.997904,8883,2021-06-26 18:12:42,52.1561918,4
739,504,21.0686663,8885,2021-06-26 18:12:33,52.1290195,1
740,504,20.9985235,8886,2021-06-26 11:14:42,52.1878498,6
741,165,21.0206475,8888,2021-06-26 18:12:37,52.1795663,2
742,165,21.0245095,8891,2021-06-26 18:12:39,52.179075,1
743,148,21.093405,8893,2021-06-26 18:12:34,52.224666,8
744,172,20.9803361,8895,2021-06-26 18:12:38,52.2102813,5
745,522,21.0399646,8896,2021-06-26 18:12:40,52.1973508,5
746,138,20.9956395,8897,2021-06-26 18:12:42,52.1701531,3
747,519,21.0313358,8899,2021-06-26 18:12:38,52.2063241,1
748,161,21.192436,9061,2021-06-26 18:12:39,52.171402,1
749,104,21.000267,9063,2021-06-26 18:12:39,52.29147,2
750,161,21.207846,9068,2021-06-26 18:12:39,52.182808,2
751,211,20.961231,9070,2021-06-26 18:12:32,52.31617,3
752,211,20.941799,9074,2021-06-26 18:12:41,52.348324,4
753,211,20.941469,9075,2021-06-26 18:12:41,52.355324,M5
754,234,21.053917,9076,2021-06-26 18:12:40,52.337116,1
755,234,21.014124,9079,2021-06-26 18:12:35,52.310345,2
756,800,20.781088,9082,2021-06-26 18:12:41,52.373261,M1
757,900,20.953566,9084,2021-06-26 18:12:39,52.358875,1
758,161,21.224829,9088,2021-06-26 18:12:41,52.186665,M3
759,104,21.031942,9091,2021-06-26 18:12:43,52.325302,1
760,211,21.00075,9092,2021-06-26 18:12:39,52.291073,2
761,211,20.968428,9093,2021-06-26 18:12:42,52.319534,1
762,219,21.102489,9201,2021-06-26 18:12:38,52.222744,1
763,107,21.033989,9204,2021-06-26 18:12:37,52.221954,1
764,239,21.027288,9209,2021-06-26 18:12:40,52.151543,54
765,107,20.979393,9210,2021-06-26 18:12:37,52.244457,3
766,201,20.925068,9212,2021-06-26 18:12:38,52.260551,3
767,121,20.968099,9213,2021-06-26 18:12:41,52.272032,1
768,133,20.981562,9215,2021-06-26 18:12:44,52.356216,2
769,164,21.119165,9217,2021-06-26 18:12:39,52.159229,1
770,164,21.068251,9219,2021-06-26 18:12:38,52.191956,3
771,177,20.877235,9220,2021-06-26 18:12:40,52.203358,1
772,177,20.883057,9221,2021-06-26 18:12:35,52.206692,2
773,107,21.002674,9223,2021-06-26 18:12:41,52.243134,4
774,203,20.928476,9224,2021-06-26 18:12:35,52.291168,1
775,208,20.975592,9225,2021-06-26 18:12:40,52.210243,2
776,209,21.001219,9227,2021-06-26 18:12:41,52.123283,51
777,228,20.893053,9228,2021-06-26 18:12:40,52.200401,1
778,228,20.980843,9229,2021-06-26 18:12:42,52.19146,3
779,228,20.91975,9231,2021-06-26 18:12:42,52.209797,2
780,209,20.981047,9233,2021-06-26 18:12:38,52.132847,52
781,201,20.944477,9234,2021-06-26 18:12:40,52.243446,2
782,219,21.147339,9235,2021-06-26 18:12:37,52.186951,2
783,208,20.9499,9236,2021-06-26 18:12:40,52.210171,1
784,264,21.090799,9240,2021-06-26 18:12:42,52.15416,1
785,107,21.045164,9241,2021-06-26 18:12:41,52.220642,M5
786,201,20.929358,9243,2021-06-26 18:12:40,52.233795,1
787,209,21.038603,9252,2021-06-26 18:12:43,52.154156,53
788,199,21.059038,9311,2021-06-26 18:12:39,52.274223,4
789,135,21.10535,9312,2021-06-26 18:12:36,52.246204,3
790,135,21.041573,9313,2021-06-26 18:12:33,52.247822,4
791,123,21.052385,9316,2021-06-26 18:12:39,52.250229,1
792,123,21.05691,9317,2021-06-26 18:12:42,52.237301,3
793,179,21.023081,9318,2021-06-26 18:12:39,52.155872,7
794,153,21.177084,9319,2021-06-26 18:12:41,52.256863,3
795,179,21.056528,9320,2021-06-26 18:12:43,52.13958,3
796,142,21.211431,9321,2021-06-26 18:12:43,52.160896,4
797,123,21.099367,9322,2021-06-26 18:12:38,52.23777,2
798,123,21.067993,9323,2021-06-26 18:12:37,52.225784,5
799,179,21.032965,9325,2021-06-26 18:12:39,52.143326,4
800,135,21.030464,9326,2021-06-26 18:12:34,52.261635,1
801,179,21.026716,9327,2021-06-26 18:12:37,52.161983,5
802,135,21.089716,9328,2021-06-26 18:12:17,52.231087,2
803,179,21.037088,9329,2021-06-26 18:12:37,52.162056,6
804,179,21.062197,9333,2021-06-26 18:12:41,52.131226,52
805,123,21.051022,9337,2021-06-26 18:12:42,52.252541,4
806,153,21.155188,9338,2021-06-26 18:12:35,52.265816,2
807,123,21.083872,9339,2021-06-26 18:12:36,52.245594,357
808,153,21.150261,9340,2021-06-26 18:12:42,52.270554,1
809,199,21.171938,9342,2021-06-26 18:12:40,52.265854,2
810,123,21.077581,9345,2021-06-25 21:25:22,52.268494,357
811,179,21.048941,9349,2021-06-26 18:12:40,52.153149,1
812,142,21.140228,9351,2021-06-26 18:12:40,52.227242,1
813,142,21.212688,9352,2021-06-26 18:12:36,52.161098,3
814,142,21.128944,9354,2021-06-26 18:12:43,52.233379,M5
815,199,21.1440509,9355,2021-06-26 18:12:38,52.2696932,1
816,142,21.088791,9357,2021-06-26 18:12:41,52.244877,2
817,103,20.956297,9411,2021-06-26 18:12:41,52.261063,4
818,157,20.986574,9412,2021-06-26 18:12:40,52.244057,3
819,117,21.025335,9413,2021-06-26 18:12:43,52.232819,3
820,516,21.000917,9414,2021-06-26 18:12:39,52.291161,4
821,157,20.997087,9416,2021-06-26 18:12:43,52.25375,6
822,117,21.094732,9417,2021-06-26 18:12:38,52.221363,1
823,103,20.954983,9418,2021-06-26 18:12:38,52.252434,2
824,134,21.048506,9419,2021-06-26 18:12:38,52.326084,1
825,134,20.968332,9420,2021-06-26 18:12:42,52.271851,2
826,134,21.049644,9423,2021-06-26 18:12:40,52.320389,3
827,117,21.103067,9424,2021-06-26 18:12:42,52.22234,4
828,117,21.018692,9425,2021-06-26 18:12:40,52.230694,2
829,103,20.928101,9427,2021-06-26 18:12:38,52.289707,5
830,157,20.976372,9428,2021-06-26 18:12:42,52.289875,1
831,157,20.976593,9429,2021-06-26 18:12:43,52.289742,2
832,245,21.06131,9431,2021-06-26 18:12:42,52.273552,1
833,516,20.943258,9432,2021-06-26 18:12:35,52.320133,1
834,516,20.94211,9434,2021-06-26 18:12:39,52.334129,2
835,516,20.97583,9436,2021-06-26 18:12:42,52.3158,3
836,176,20.982273,9438,2021-06-26 18:12:40,52.355598,1
837,157,20.9799,9439,2021-06-26 18:12:40,52.216904,5
838,103,20.938536,9442,2021-06-26 18:12:37,52.292553,1
839,103,20.968529,9443,2021-06-26 18:12:42,52.222134,3
840,245,21.107702,9446,2021-06-26 18:12:40,52.286884,2
841,712,20.8535,9450,2021-06-26 18:12:40,52.274868,1
842,176,21.001484,9452,2021-06-26 18:12:42,52.313755,3
843,176,21.033453,9453,2021-06-26 18:12:42,52.284454,2
844,743,20.930151,9459,2021-06-26 18:12:40,52.224834,1
845,194,20.868402667,9501,2021-06-26 18:12:42,52.202073167,4
846,181,20.975917,9503,2021-06-26 18:12:40,52.2791955,2
847,717,20.964760833,9504,2021-06-26 18:12:40,52.218216833,3
848,139,21.100082667,9507,2021-06-26 18:12:40,52.136589333,2
849,149,20.885316833,9509,2021-06-26 18:12:40,52.251219167,2
850,729,20.950311333,9511,2021-06-26 18:12:40,52.238536167,1
851,149,20.940449167,9514,2021-06-26 18:12:41,52.246653833,4
852,159,21.085112333,9515,2021-06-26 18:12:40,52.1932885,1
853,159,21.016436333,9519,2021-06-26 18:12:39,52.223235333,4
854,159,21.07131,9520,2021-06-26 18:12:39,52.191520333,5
855,181,20.906711667,9521,2021-06-26 18:12:43,52.303737333,1
856,715,21.017565167,9522,2021-06-26 18:12:35,52.1434365,55
857,181,20.901711833,9524,2021-06-26 18:12:39,52.2978055,4
858,194,20.929715667,9525,2021-06-26 18:12:38,52.223625167,1
859,181,20.9713505,9526,2021-06-26 18:12:44,52.28423,3
860,220,20.896838667,9529,2021-06-26 18:12:42,52.229055,3
861,717,20.911064667,9530,2021-06-26 18:12:41,52.187676333,2
862,159,21.008153333,9531,2021-06-26 18:12:44,52.222686833,2
863,194,20.9304415,9532,2021-06-26 18:12:41,52.224963833,2
864,194,20.896017333,9533,2021-06-26 18:12:40,52.202452167,3
865,194,20.87257,9534,2021-06-26 18:12:43,52.195071167,5
866,220,20.892840667,9535,2021-06-26 18:12:40,52.208416667,1
867,220,20.9250375,9537,2021-06-26 18:12:40,52.260688167,4
868,300,21.007667833,9538,2021-06-26 18:12:39,52.159885167,M1
869,149,20.947994833,9539,2021-06-26 18:12:40,52.243462333,3
870,707,21.021614833,9540,2021-06-26 18:12:40,52.079364833,1
871,715,20.943613667,9542,2021-06-26 18:12:43,52.175767667,53
872,737,20.919415833,9543,2021-06-26 18:12:39,52.062604,54
873,717,20.840652833,9544,2021-06-26 18:12:40,52.182477167,1
874,724,21.097061167,9546,2021-06-26 18:12:39,52.130858667,1
875,139,21.047618833,9548,2021-06-26 18:12:41,52.174304,1
876,715,21.028057,9554,2021-06-26 18:12:42,52.151816667,51
877,149,20.910141,9555,2021-06-26 18:12:42,52.239012167,1
878,159,20.954547667,9556,2021-06-26 18:12:40,52.2117565,3
879,220,20.943300667,9557,2021-06-26 18:12:32,52.176077167,2
880,152,21.060505,9673,2021-06-26 18:12:41,52.315037,5
881,152,20.971367,9678,2021-06-26 18:12:41,52.320789,1
882,152,20.952293,9680,2021-06-26 18:12:41,52.316956,2
883,118,21.037457,9681,2021-06-26 18:12:36,52.232399,3
884,212,21.05871,9682,2021-06-26 18:12:38,52.301304,2
885,118,21.015285,9683,2021-06-26 18:12:36,52.218281,4
886,118,21.025318,9685,2021-06-26 18:12:41,52.297279,2
887,152,21.004332,9687,2021-06-26 18:12:43,52.336262,4
888,152,20.965742,9688,2021-06-26 18:12:42,52.330837,3
889,118,21.010248,9689,2021-06-26 18:12:36,52.256252,5
890,212,21.043924,9692,2021-06-26 18:12:39,52.273582,3
891,212,21.057861,9696,2021-06-26 18:12:36,52.299805,1
892,118,21.041348,9697,2021-06-26 18:12:38,52.300091,1
893,212,21.03813,9698,2021-06-26 18:12:35,52.26915,4
894,109,20.93572,9801,2021-06-26 18:12:40,52.239876,1
895,710,21.067453,9802,2021-06-26 18:12:35,52.129761,1
896,525,21.144752,9803,2021-06-26 18:12:35,52.226707,3
897,Z10,20.916681,9804,2021-06-26 18:12:38,52.223919,2
898,109,21.04331,9805,2021-06-26 18:12:37,52.223022,3
899,109,20.94404,9806,2021-06-26 18:12:37,52.239006,5
900,109,20.898815,9807,2021-06-26 18:12:35,52.23848,6
901,127,20.971443,9809,2021-06-26 18:12:41,52.220146,2
902,127,20.895485,9810,2021-06-26 18:12:41,52.20879,1
903,127,21.028059,9811,2021-06-26 18:12:41,52.238472,335
904,131,21.051235,9814,2021-06-26 18:12:38,52.197567,4
905,127,20.923384,9816,2021-06-26 18:12:40,52.20834,56
906,127,20.994335,9817,2021-06-26 18:12:40,52.226006,5
907,131,21.083885,9818,2021-06-26 18:12:42,52.167976,2
908,710,21.018002,9819,2021-06-26 18:12:42,52.074619,3
909,131,21.003799,9820,2021-06-26 18:12:36,52.22942,6
910,131,21.066639,9821,2021-06-26 18:12:40,52.184376,1
911,525,21.003603,9822,2021-06-26 18:12:40,52.229435,1
912,519,21.052552,9825,2021-06-26 18:07:14,52.184745,6
913,525,21.015541,9826,2021-06-26 18:12:38,52.219009,2
914,710,21.113748,9827,2021-06-26 18:12:38,52.105264,2
915,Z10,20.919441,9828,2021-06-26 18:12:42,52.220978,9
916,525,21.196577,9829,2021-06-26 18:12:42,52.208275,4
917,525,21.171907,9830,2021-06-26 18:12:42,52.209465,5
918,742,21.209385,9833,2021-06-26 18:12:39,51.994316,1
919,710,21.11544,9834,2021-06-26 18:12:36,52.082226,4
920,719,20.666918,9835,2021-06-26 18:12:35,52.263237,1
921,Z10,20.913042,9836,2021-06-26 18:12:41,52.238678,8
922,109,21.009033,9838,2021-06-26 18:12:36,52.229145,4
923,127,21.025526,9839,2021-06-26 18:12:39,52.241089,4
924,109,21.002657,9842,2021-06-26 18:12:39,52.233639,2
925,525,21.047993,9846,2021-06-26 18:12:41,52.22506,319
926,719,20.771368,9849,2021-06-26 18:12:39,52.256405,2
927,719,20.950092,9852,2021-06-26 18:12:37,52.238586,3
928,131,21.015711,9854,2021-06-26 18:12:42,52.221249,3
929,114,21.025812,9901,2021-06-26 18:12:40,52.28698,1
930,114,20.928532,9903,2021-06-26 18:12:38,52.308235,5
931,186,20.958334,9905,2021-06-26 18:12:41,52.24453,5
932,193,21.005468,9906,2021-06-26 18:12:39,52.171913,1
933,114,21.041857,9907,2021-06-26 18:12:41,52.300259,7
934,186,20.974525,9908,2021-06-26 18:12:41,52.317059,1
935,186,20.942213,9909,2021-06-26 18:12:43,52.333935,3
936,186,20.980371,9912,2021-06-26 18:12:41,52.209995,6
937,186,20.95339,9915,2021-06-26 18:12:39,52.262939,9
938,186,20.942179,9916,2021-06-26 18:12:38,52.334103,2
939,190,21.065441,9919,2021-06-26 18:12:38,52.274605,2
940,190,20.901243,9920,2021-06-26 18:12:43,52.227852,5
941,190,21.029963,9921,2021-06-26 18:12:42,52.252712,9
942,190,21.076496,9922,2021-06-26 18:12:38,52.288486,10
943,193,21.039959,9923,2021-06-26 18:12:41,52.15435,2
944,193,21.040831,9925,2021-06-26 18:12:42,52.155136,3
945,114,20.975319,9928,2021-06-26 18:12:43,52.266026,63
946,114,20.961424,9930,2021-06-26 18:12:37,52.266983,2
947,193,20.998261,9933,2021-06-26 18:12:42,52.169392,4
948,190,20.930397,9935,2021-06-26 18:12:41,52.240345,4
949,186,20.97529,9939,2021-06-26 18:12:39,52.211414,8
950,114,20.93054,9940,2021-06-26 18:12:42,52.291035,4
951,114,21.041418,9941,2021-06-26 18:12:38,52.291546,6
952,186,20.983664,9942,2021-06-26 18:12:40,52.308125,4
953,190,20.960197,9946,2021-06-26 18:12:42,52.237801,8
954,190,20.980988,9947,2021-06-26 18:12:41,52.23716,3
955,190,20.898827,9949,2021-06-26 18:12:39,52.238934,6
956,190,20.921177,9951,2021-06-26 18:12:38,52.24015,7
957,190,21.082163,9953,2021-06-26 18:12:42,52.295086,1
958,186,20.96386,9954,2021-06-26 18:12:39,52.207752,67
959,o43A,21.423235,9999,2021-06-25 14:26:34,50.302956,1
