,Lines,Lon,VehicleNumber,Time,Lat,Brigade
0,213,21.1152613,1000,2021-06-25 23:22:58,52.2346205,3
1,213,21.115043,1001,2021-06-25 23:56:49,52.23463,1
2,213,21.102303,1003,2021-06-26 17:40:37,52.22279,1
3,311,21.115233,1004,2021-06-25 21:52:40,52.23458,2
4,196,21.11514,1005,2021-06-25 23:48:58,52.234611,1
5,130,21.11559,1008,2021-06-25 20:19:05,52.234613,04
6,213,21.1509631,1010,2021-06-26 17:40:45,52.2140518,2
7,213,21.1941465,1011,2021-06-26 17:40:45,52.1835435,4
8,311,21.1155166,1012,2021-06-25 21:16:38,52.2346153,1
9,213,21.1910036,1015,2021-06-26 17:40:48,52.1571276,3
10,108,21.022623,1020,2021-06-26 17:40:48,52.229778,3
11,218,21.0238097,1021,2021-06-26 17:40:48,52.1798124,4
12,218,21.0247452,1024,2021-06-26 17:40:47,52.1895407,2
13,192,21.072166,1025,2021-06-26 17:40:47,52.132248,3
14,195,20.9979977,1026,2021-06-25 21:14:18,52.1862374,2
15,163,21.083887,1027,2021-06-26 17:40:47,52.167992,1
16,218,21.002304,1028,2021-06-26 17:40:48,52.1828,3
17,163,21.0553136,1030,2021-06-26 17:40:48,52.1812881,2
18,163,21.0490322,1031,2021-06-26 17:40:48,52.1782392,3
19,108,21.063208,1038,2021-06-26 17:40:30,52.186323,4
20,192,21.0714129,1039,2021-06-26 17:40:48,52.1376767,2
21,204,21.032165,1040,2021-06-26 17:40:34,52.30018,1
22,736,21.00065,1042,2021-06-26 17:40:43,52.3848483,1
23,204,21.043091,1043,2021-06-25 22:53:22,52.26632,05
24,204,21.02994,1044,2021-06-26 17:40:48,52.3102933,3
25,107,21.046234,1045,2021-06-25 22:36:50,52.264653,4
26,204,21.042681,1046,2021-06-25 23:57:31,52.266098,1
27,204,21.023193,1047,2021-06-26 17:40:28,52.277241,2
28,228,20.921443,1050,2021-06-25 23:41:52,52.196853,2
29,328,20.921189,1051,2021-06-25 22:30:10,52.196913,01
30,129,20.917015,1052,2021-06-26 17:40:38,52.2213783,2
31,129,20.88308,1053,2021-06-26 17:40:47,52.1955233,3
32,129,20.9153183,1055,2021-06-26 17:40:46,52.228475,4
33,129,20.9392717,1057,2021-06-26 17:40:43,52.2458983,1
34,119,21.20561,1061,2021-06-26 17:40:48,52.210014,4
35,119,21.0675117,1062,2021-06-26 17:40:48,52.2026075,5
36,192,21.03146,1064,2021-06-26 17:40:49,52.150146,1
37,192,21.0242857,1069,2021-06-26 17:40:48,52.1798624,52
38,108,21.036572,1070,2021-06-26 17:40:48,52.177002,1
39,108,21.060457,1074,2021-06-26 17:40:47,52.212582,2
40,218,21.003162,1076,2021-06-26 17:40:47,52.188976,1
41,192,21.031866,1079,2021-06-26 17:40:47,52.149654,4
42,173,21.0426228,1101,2021-06-26 00:28:34,52.2664063,2
43,240,21.0005823,1109,2021-06-26 17:40:45,52.2913083,2
44,173,21.048266,1110,2021-06-25 19:53:25,52.264265,3
45,170,21.0808135,1111,2021-06-26 17:40:42,52.2778671,2
46,110,20.8785096,1112,2021-06-26 17:40:42,52.2870243,51
47,126,21.046033,1113,2021-06-25 23:08:32,52.264159,4
48,338,21.046365,1116,2021-06-25 19:40:36,52.2645706,05
49,170,21.0346923,1117,2021-06-26 17:40:48,52.2552643,4
50,727,21.024559,1200,2021-06-26 17:40:47,52.179146,65
51,739,21.053182,1201,2021-06-26 17:40:47,52.0972915,64
52,166,21.031437,1203,2021-06-26 17:40:48,52.20594,1
53,727,21.0280739,1205,2021-06-26 17:40:48,52.0678944,68
54,727,21.0240597,1208,2021-06-26 17:40:47,52.1799834,62
55,141,21.103962,1211,2021-06-26 17:40:48,52.236343,2
56,727,21.0184722,1213,2021-06-26 17:40:47,52.1189176,66
57,166,21.027056,1214,2021-06-26 17:40:45,52.259953,3
58,727,20.9661674,1216,2021-06-26 17:40:48,52.0379244,67
59,739,21.052912,1218,2021-06-26 17:40:47,52.096462,63
60,166,21.065735,1219,2021-06-26 17:40:47,52.142223,8
61,166,21.068268,1220,2021-06-26 17:40:48,52.129234,7
62,727,21.018099,1223,2021-06-26 17:40:48,52.120758,61
63,240,21.0483353,1400,2021-06-26 00:03:19,52.2641493,1
64,170,21.0367763,1401,2021-06-26 17:40:44,52.256621,3
65,170,21.0454971,1403,2021-06-25 21:36:41,52.2652081,3
66,240,21.043604,1408,2021-06-25 23:31:26,52.266069,4
67,146,21.204622,1411,2021-06-26 17:40:47,52.15947,58
68,173,21.262037,1412,2021-06-26 17:40:48,52.243469,3
69,730,21.2549259,1413,2021-06-26 17:40:48,52.2029017,61
70,146,21.133154,1417,2021-06-26 17:40:47,52.183563,57
71,199,21.051605,1418,2021-06-26 17:40:48,52.2765434,3
72,147,21.2093884,1419,2021-06-26 17:40:48,52.2107559,53
73,183,21.0889255,1422,2021-06-26 17:40:47,52.2448717,3
74,147,21.175312,1425,2021-06-26 17:40:48,52.206081,54
75,147,21.052002,1426,2021-06-26 17:40:48,52.237591,55
76,146,21.1213581,1427,2021-06-26 17:40:47,52.1942917,59
77,119,21.002571,1429,2021-06-26 17:40:48,52.206524,1
78,L11,20.712198,14422,2021-06-26 17:40:43,52.430473,2
79,L10,20.945208,14423,2021-06-26 14:34:04,52.437897,M4
80,L11,20.723183,14424,2021-06-25 20:30:06,52.424343,51
81,L-9,20.943775,14426,2021-06-26 17:40:47,52.399025,3
82,L11,20.945826,14427,2021-06-26 17:40:44,52.464897,1
83,L34,20.863514,14429,2021-06-26 17:40:45,52.441437,1
84,L10,20.945269,14430,2021-06-26 16:19:41,52.437912,M5
85,L34,20.945213,14431,2021-06-25 19:23:11,52.437866,2
86,L41,20.760168,14432,2021-06-26 17:40:48,52.414253,1
87,L33,20.945353,14434,2021-06-25 23:24:58,52.438198,1
88,L49,20.894243,14436,2021-06-26 17:40:45,52.417236,1
89,L-8,21.227619,14438,2021-06-26 17:40:45,52.434242,1
90,L-9,20.949566,14440,2021-06-25 23:13:11,52.471237,055
91,338,21.045604,1500,2021-06-25 19:27:18,52.264496,03
92,106,21.0209033,1508,2021-06-26 17:40:45,52.236494,5
93,735,21.0118065,1509,2021-06-26 17:40:43,52.453824,M4
94,240,21.0863636,1510,2021-06-26 17:40:32,52.3216343,4
95,110,20.94688,1513,2021-06-26 17:40:38,52.277051,52
96,147,21.044424,1514,2021-06-25 19:54:57,52.2648745,06
97,115,21.2148733,1521,2021-06-26 17:40:42,52.1611817,4
98,115,21.2421467,1523,2021-06-26 17:40:45,52.1699367,3
99,702,21.1547417,1524,2021-06-26 17:40:46,52.1720233,2
100,183,21.115313,1526,2021-06-26 00:16:52,52.233074,4
101,N16,21.116845,1527,2021-06-26 05:37:31,52.233048,2
102,N44,21.117096,1528,2021-06-26 05:37:25,52.233049,207
103,702,21.25208,1531,2021-06-26 17:40:43,52.0999917,1
104,202,21.121055,1532,2021-06-26 17:40:47,52.2436633,2
105,141,20.9441083,1533,2021-06-26 17:40:39,52.1754517,6
106,119,21.13325,1535,2021-06-26 17:40:36,52.2108083,3
107,156,20.9281983,1537,2021-06-26 17:40:42,52.29069,2
108,132,20.98416,1538,2021-06-26 17:40:41,52.2820833,55
109,120,21.0361167,1539,2021-06-26 17:40:45,52.2551317,1
110,156,21.0521317,1540,2021-06-26 17:40:47,52.25301,5
111,166,21.051385,1542,2021-06-26 17:40:35,52.2390733,4
112,221,20.9657767,1543,2021-06-26 17:40:37,52.2575033,2
113,N03,21.044968,1545,2021-06-26 05:08:35,52.264589,2
114,156,21.0650917,1546,2021-06-26 17:40:31,52.2616567,4
115,512,21.051333,1548,2021-06-26 17:40:47,52.284489,1
116,120,21.0508767,1549,2021-06-26 17:40:40,52.25252,2
117,166,21.06371,1550,2021-06-26 17:40:39,52.141736,6
118,120,21.036665,1551,2021-06-26 17:40:41,52.3581567,6
119,156,20.9725,1552,2021-06-26 17:40:39,52.2766117,3
120,L35,21.332973,17455,2021-06-26 17:40:47,52.36359,51
121,L40,21.139393,17458,2021-06-26 17:40:51,52.361668,1
122,L43,21.077759,17461,2021-06-26 08:32:11,52.26762,51
123,L43,21.1196,17462,2021-06-26 17:40:41,52.289513,52
124,L45,21.175304,17464,2021-06-26 17:40:48,52.310844,1
125,L37,21.176323,17466,2021-06-25 22:21:40,52.312318,2
126,L38,21.253052,17467,2021-06-26 17:40:48,52.358307,51
127,240,21.0667093,1802,2021-06-26 17:40:45,52.3194091,3
128,N12,21.045453,1803,2021-06-26 04:33:33,52.264459,128
129,132,20.9662935,1804,2021-06-26 17:40:41,52.2732388,53
130,132,21.068285,1805,2021-06-26 17:40:47,52.3238495,54
131,122,20.8986936,1807,2021-06-26 17:40:45,52.2387095,6
132,106,21.0435196,1808,2021-06-26 06:30:45,52.2662013,4
133,N11,21.0454075,1809,2021-06-26 05:42:59,52.264945,122
134,106,21.0172763,1810,2021-06-26 17:40:44,52.2370523,2
135,106,21.020543,1811,2021-06-26 17:40:33,52.243121,1
136,106,20.9656335,1812,2021-06-26 17:40:42,52.242624,3
137,170,21.093305,1814,2021-06-26 17:40:41,52.27156,1
138,122,20.9762431,1815,2021-06-26 17:40:45,52.289878,3
139,N12,21.046083,1816,2021-06-26 05:05:03,52.264528,210
140,173,21.042571,1818,2021-06-25 23:48:59,52.2664061,10
141,173,21.2432333,1821,2021-06-26 17:40:44,52.2227633,2
142,115,21.169816,1826,2021-06-26 17:40:42,52.2104571,2
143,147,21.0922278,1828,2021-06-26 17:40:47,52.2242365,52
144,146,21.0523408,1829,2021-06-26 17:40:41,52.2502595,51
145,183,21.1028151,1830,2021-06-26 17:40:44,52.2422993,1
146,119,21.1165895,1832,2021-06-25 22:22:16,52.2331471,06
147,183,21.1917325,1833,2021-06-26 17:40:43,52.238787,2
148,173,21.1007371,1835,2021-06-26 17:40:42,52.2425491,4
149,115,21.1702765,1837,2021-06-26 17:40:42,52.2771188,1
150,168,20.9954448,1838,2021-06-26 17:40:45,52.1913628,1
151,115,21.1885645,1839,2021-06-26 17:40:41,52.2470226,5
152,147,21.1172291,1840,2021-06-25 21:35:22,52.2330755,09
153,142,21.1168673,1842,2021-06-25 20:08:52,52.2330963,08
154,168,21.090746,1843,2021-06-26 17:40:34,52.221474,3
155,173,21.1167918,1844,2021-06-25 23:53:58,52.233165,8
156,168,21.11268,1846,2021-06-26 17:40:27,52.236281,4
157,722,21.0904175,1847,2021-06-26 17:40:39,52.2447278,62
158,198,21.1158643,1848,2021-06-25 20:42:24,52.2333196,2
159,198,21.2382488,1849,2021-06-26 17:40:41,52.2161611,1
160,183,21.115764,1850,2021-06-25 21:22:25,52.233265,3
161,183,21.1154913,1851,2021-06-26 00:18:45,52.2331743,07
162,198,21.223839,1854,2021-06-26 17:40:48,52.2522833,2
163,146,21.115132,1856,2021-06-26 00:38:41,52.233222,4
164,115,21.115681,1857,2021-06-26 00:02:26,52.2331425,5
165,146,21.1166211,1858,2021-06-25 20:46:49,52.2331278,07
166,198,21.1172503,1859,2021-06-25 19:30:46,52.2330405,05
167,115,21.1153055,1860,2021-06-26 00:28:39,52.2332403,6
168,173,21.0527676,1866,2021-06-26 17:40:44,52.2502695,5
169,173,21.1263746,1867,2021-06-26 17:40:45,52.2346821,1
170,115,21.1165116,1869,2021-06-25 23:18:40,52.2330776,3
171,222,21.0184277,1901,2021-06-26 17:40:45,52.21242,3
172,251,21.1177521,1909,2021-06-26 17:40:47,52.0940996,3
173,222,20.995756,1910,2021-06-26 17:40:45,52.1932771,2
174,222,21.024277,1911,2021-06-26 17:40:47,52.197052,1
175,251,21.023367,1912,2021-06-26 17:40:47,52.179657,2
176,222,21.0113377,1916,2021-06-26 17:40:48,52.2441914,5
177,251,21.136017,1919,2021-06-26 17:40:48,52.096725,1
178,222,21.0077884,1920,2021-06-26 17:40:48,52.236239,4
179,178,20.936073,1995,2021-06-26 17:40:47,52.201046,2
180,178,21.002987,1996,2021-06-26 17:40:48,52.251305,1
181,178,21.003988,1997,2021-06-26 17:40:48,52.255348,5
182,178,20.883474,1998,2021-06-26 17:40:48,52.19532,3
183,178,20.9597624,1999,2021-06-26 17:40:47,52.2282247,4
184,171,20.924948,2009,2021-06-26 17:40:48,52.272583,1
185,189,20.9552691,2015,2021-06-26 17:40:48,52.1909126,9
186,187,21.061213,2016,2021-06-26 17:40:48,52.185074,5
187,709,21.0207597,2021,2021-06-26 17:40:48,52.0857169,5
188,Z26,20.97451,2022,2021-06-26 17:40:48,52.235535,4
189,172,20.9557485,2024,2021-06-26 17:40:47,52.2116997,63
190,217,21.0241509,2026,2021-06-26 17:40:47,52.1796324,3
191,519,21.097786,2027,2021-06-26 17:40:48,52.140217,3
192,172,20.955215,2028,2021-06-26 17:40:48,52.211838,1
193,189,20.9234789,2029,2021-06-26 17:40:47,52.1972316,8
194,Z26,21.0353285,2030,2021-06-26 17:40:48,52.2558389,7
195,522,21.033625,2032,2021-06-26 17:40:48,52.203503,3
196,174,21.0105315,2035,2021-06-26 17:40:47,52.2025506,2
197,709,21.017611,2038,2021-06-26 17:40:48,52.066944,6
198,709,21.018822,2039,2021-06-26 17:40:47,52.093658,1
199,709,21.017414,2040,2021-06-26 17:40:48,52.15176,2
200,709,21.024355,2041,2021-06-26 17:40:48,52.179909,3
201,709,21.018089,2042,2021-06-26 17:40:48,52.1386557,4
202,517,20.894258,2200,2021-06-26 17:40:48,52.19231,1
203,N35,20.921913,2206,2021-06-26 06:01:56,52.1961371,237
204,184,20.927569,2210,2021-06-26 17:40:47,52.2909405,3
205,191,20.9696875,2213,2021-06-26 17:40:47,52.2134251,1
206,189,20.897552,2227,2021-06-26 17:40:47,52.227551,4
207,105,20.922151,2236,2021-06-26 00:04:20,52.196038,4
208,189,21.028522,2237,2021-06-26 17:40:48,52.173412,14
209,124,20.943489,2240,2021-06-26 17:40:48,52.175583,2
210,105,20.951565,2247,2021-06-26 17:40:38,52.22765,5
211,141,20.921326,2253,2021-06-25 18:30:50,52.197259,014
212,401,20.920378,2254,2021-06-25 19:44:39,52.196613,012
213,191,20.870358,2258,2021-06-26 17:40:47,52.183578,3
214,L20,21.471462,24511,2021-06-25 23:35:10,52.132233,1
215,L20,21.471769,24513,2021-06-26 15:05:20,52.132652,1
216,L20,21.259813,24515,2021-06-26 17:40:44,52.107742,1
217,162,21.0274393,3400,2021-06-26 17:40:42,52.2597701,5
218,185,20.9757518,3401,2021-06-26 17:40:47,52.2896991,6
219,723,20.922023,3403,2021-06-26 17:40:43,52.3987998,3
220,735,20.9676121,3404,2021-06-26 17:40:46,52.2716668,63
221,731,20.978596,3405,2021-06-26 17:40:30,52.311651,3
222,414,21.047923,3406,2021-06-25 20:26:01,52.264541,07
223,731,20.9255201,3407,2021-06-26 17:40:42,52.4216156,1
224,738,21.0485045,3408,2021-06-26 01:02:31,52.264437,1
225,414,21.0468988,3409,2021-06-25 20:46:35,52.2649078,08
226,126,20.9412481,3410,2021-06-26 17:40:46,52.3317206,2
227,169,21.04371,3411,2021-06-25 21:40:49,52.265391,1
228,140,21.1023451,3413,2021-06-26 17:40:24,52.3196486,1
229,509,20.9422283,3414,2021-06-26 17:40:45,52.3345078,2
230,114,21.0478216,3415,2021-06-25 23:08:38,52.2646596,5
231,723,21.0454035,3417,2021-06-25 21:48:49,52.2654235,1
232,145,21.1245778,3421,2021-06-26 17:40:44,52.261958,7
233,509,21.1023851,3422,2021-06-26 17:40:44,52.2219048,355
234,Z26,21.0293391,3423,2021-06-26 17:40:45,52.2524501,1
235,169,21.0477433,3429,2021-06-25 23:04:14,52.2646666,3
236,126,21.0483851,3430,2021-06-26 17:40:47,52.2888841,4
237,114,21.04857,3434,2021-06-26 00:33:00,52.264513,2
238,518,21.0478431,3437,2021-06-25 23:46:13,52.264609,6
239,705,21.133968,3438,2021-06-26 17:40:46,52.481918,66
240,738,21.0526656,3440,2021-06-26 17:40:32,52.2766228,2
241,114,21.0428833,3441,2021-06-25 23:51:31,52.2659116,7
242,140,21.0777723,3444,2021-06-26 17:40:44,52.2898523,2
243,509,21.026645,3446,2021-06-26 17:40:44,52.2585595,4
244,731,20.95143,3447,2021-06-26 17:40:44,52.3440421,2
245,126,20.9774788,3448,2021-06-26 17:40:46,52.3131245,1
246,518,21.043485,3449,2021-06-25 21:30:55,52.265478,7
247,126,21.0037853,3450,2021-06-26 17:40:19,52.3108528,3
248,126,21.0567381,3451,2021-06-26 17:40:45,52.3018128,M5
249,705,20.9690601,3454,2021-06-26 17:40:44,52.2719395,62
250,145,21.047017,3455,2021-06-26 17:40:46,52.2864765,6
251,Z26,20.9747595,3456,2021-06-26 17:40:46,52.2355296,5
252,169,21.043935,3457,2021-06-25 23:56:08,52.265611,5
253,509,21.0588266,3458,2021-06-26 17:40:39,52.235627,5
254,Z26,21.020986,3459,2021-06-26 17:40:39,52.248789,6
255,738,21.1729383,3461,2021-06-26 17:40:45,52.3988485,3
256,731,21.04776,3463,2021-06-26 00:40:56,52.264114,5
257,735,21.0444471,3464,2021-06-25 23:05:19,52.2656713,64
258,723,21.0441993,3466,2021-06-26 00:00:11,52.265954,2
259,738,21.1300235,3469,2021-06-26 17:40:43,52.3531915,1
260,L19,21.034472,36443,2021-06-26 17:31:57,52.083504,51
261,L17,20.899836,36444,2021-06-26 13:08:02,51.912342,51
262,L25,21.217546,36448,2021-06-26 17:40:48,51.981655,1
263,L39,21.007216,38541,2021-06-26 17:40:44,52.110386,4
264,L39,21.021217,38545,2021-06-26 17:40:46,52.081066,3
265,L52,21.023767,38546,2021-06-26 17:40:45,52.069981,51
266,L39,21.018578,38547,2021-06-26 17:40:47,52.109047,1
267,L39,21.011017,38548,2021-06-26 17:40:44,52.076859,2
268,L23,21.055445,38549,2021-06-26 17:40:48,52.070591,51
269,L-5,21.029566,39551,2021-06-26 17:40:49,52.074814,62
270,L-2,21.034941,39552,2021-06-25 19:11:52,52.083633,063
271,L25,21.191267,39555,2021-06-25 23:37:02,51.987377,1
272,L13,21.040472,39556,2021-06-26 17:40:45,52.026573,63
273,L-5,20.967241,39558,2021-06-26 17:40:47,52.059338,61
274,L-2,20.981688,39559,2021-06-26 17:40:45,52.047657,1
275,L13,21.217253,39561,2021-06-25 20:05:15,51.98262,03
276,L12,21.02947,39562,2021-06-26 17:40:46,52.074932,1
277,L12,21.034851,39565,2021-06-26 12:57:20,52.083328,1
278,197,20.976004,4200,2021-06-26 17:40:48,52.288551,3
279,721,20.87413,4201,2021-06-26 17:40:47,52.071297,75
280,711,20.807152,4205,2021-06-26 17:40:49,52.093925,1
281,122,20.917444,4206,2021-06-26 17:40:47,52.26062,1
282,141,21.0460081,4208,2021-06-26 17:40:48,52.2149676,9
283,197,20.935366,4213,2021-06-26 17:40:48,52.252472,4
284,154,20.8984914,4214,2021-06-26 17:40:47,52.2582827,6
285,141,20.9832189,4216,2021-06-26 17:40:47,52.1959841,5
286,154,20.944118,4217,2021-06-26 17:40:47,52.175316,2
287,154,20.969091,4218,2021-06-26 17:40:45,52.202194,1
288,255,20.9711137,4219,2021-06-26 17:40:48,52.2286917,1
289,714,20.9500977,4220,2021-06-26 17:40:48,52.2386104,1
290,255,20.9309842,4224,2021-06-26 17:40:49,52.2213751,2
291,714,20.814659,4226,2021-06-26 17:40:47,52.256371,2
292,122,20.985418,4227,2021-06-26 17:40:48,52.269699,2
293,154,20.942478,4231,2021-06-26 17:40:47,52.226841,4
294,141,20.9573142,4232,2021-06-26 17:40:47,52.1895502,7
295,197,20.915888,4233,2021-06-26 17:40:47,52.219837,5
296,L-1,20.89243,42361,2021-06-26 14:43:02,52.090702,1
297,154,20.8984617,4238,2021-06-26 17:40:47,52.250738,5
298,141,21.0830774,4240,2021-06-26 17:40:48,52.2411292,3
299,122,20.9450824,4241,2021-06-26 17:40:48,52.265547,4
300,122,20.9128256,4242,2021-06-26 17:40:48,52.2524247,5
301,197,20.952805,4243,2021-06-26 17:40:48,52.276379,2
302,901,21.01099,4244,2021-06-26 17:40:47,52.231064,1
303,901,21.013441,4246,2021-06-26 17:40:48,52.23008,3
304,154,20.968208,4247,2021-06-26 17:40:47,52.194477,3
305,154,20.943071,4248,2021-06-26 17:40:46,52.23782,7
306,L-1,20.93656,42498,2021-06-23 19:45:16,52.08992,2
307,L-3,21.015633,42500,2021-06-26 17:40:46,52.081646,1
308,146,21.0469814,4305,2021-06-26 17:40:48,52.2477779,56
309,202,21.0419755,4307,2021-06-26 17:40:48,52.2420754,1
310,119,21.0329271,4311,2021-06-26 17:40:48,52.2046515,2
311,105,16.9750897,4332,2021-06-26 13:35:37,52.5472771,4
312,512,21.0522187,4400,2021-06-26 17:40:47,52.2528892,4
313,197,20.8625419,4402,2021-06-26 17:40:47,52.1902344,6
314,221,20.9940029,4404,2021-06-26 17:40:47,52.2594644,1
315,120,21.060251,4405,2021-06-26 17:40:48,52.305359,4
316,156,21.0246465,4406,2021-06-26 17:40:47,52.2866425,1
317,N02,21.044418,4407,2021-06-26 06:46:43,52.265051,3
318,240,20.999619,4408,2021-06-26 17:40:47,52.290459,1
319,197,20.9421565,4409,2021-06-26 17:40:47,52.2262174,1
320,197,20.8624527,4410,2021-06-26 17:40:48,52.1902087,7
321,120,21.05032,4411,2021-06-26 17:40:45,52.290756,7
322,106,20.9673232,4412,2021-06-26 17:40:47,52.2290469,4
323,152,21.04444,4413,2021-06-25 20:19:00,52.265066,06
324,N16,21.045311,4415,2021-06-26 05:39:26,52.264876,1
325,120,21.045601,4417,2021-06-26 13:08:26,52.264446,1
326,199,21.0444199,4418,2021-06-25 20:09:09,52.264953,2
327,901,21.003872,4420,2021-06-26 17:40:47,52.229553,2
328,166,21.0353155,4421,2021-06-26 17:40:48,52.2019715,5
329,N03,21.0459804,4422,2021-06-26 05:41:10,52.2641299,1
330,166,21.037319,4423,2021-06-26 17:40:45,52.235264,2
331,901,21.0432727,4424,2021-06-26 17:40:48,52.2229167,4
332,512,21.066675,4425,2021-06-26 17:40:48,52.2896,2
333,120,21.056435,4428,2021-06-26 17:40:48,52.269745,3
334,512,21.0358405,4429,2021-06-26 17:40:48,52.2549724,3
335,120,21.048309,4431,2021-06-26 17:40:48,52.361782,5
336,512,21.060539,4434,2021-06-26 17:40:45,52.269035,5
337,100,21.0101976,4617,2021-06-26 17:40:39,52.2319065,M1
338,184,20.9637947,5205,2021-06-26 17:40:46,52.2082171,6
339,189,20.9589605,5206,2021-06-26 17:40:39,52.1897206,2
340,105,20.9436188,5208,2021-06-26 17:40:48,52.2261338,1
341,188,21.0254398,5209,2021-06-26 17:40:44,52.2194948,3
342,105,20.8963816,5210,2021-06-26 17:40:39,52.236478,2
343,172,21.034993,5211,2021-06-26 17:40:29,52.201816,4
344,189,21.0465233,5212,2021-06-26 17:40:47,52.1775243,11
345,105,20.898926,5214,2021-06-26 17:40:42,52.2388111,3
346,189,21.063151,5215,2021-06-26 17:40:43,52.186396,13
347,716,20.9306903,5216,2021-06-26 17:40:43,52.2250535,1
348,172,20.9793339,5217,2021-06-26 17:40:44,52.2018316,2
349,523,21.1068699,5221,2021-06-26 17:40:33,52.2481114,3
350,517,20.980553,5222,2021-06-26 17:40:37,52.216551,2
351,523,20.9613876,5223,2021-06-26 17:40:45,52.216845,1
352,171,20.9143112,5224,2021-06-26 17:40:40,52.2391976,3
353,105,20.8971372,5225,2021-06-26 17:40:44,52.2269556,4
354,210,20.9326847,5228,2021-06-26 17:40:43,52.2880861,3
355,187,20.8758042,5229,2021-06-26 17:40:42,52.1954594,1
356,171,21.0054353,5232,2021-06-26 17:40:44,52.2392645,4
357,136,21.049376,5234,2021-06-26 17:39:59,52.147258,5
358,184,20.9528844,5235,2021-06-26 17:40:42,52.2275339,1
359,517,20.908823,5236,2021-06-26 17:40:46,52.1929499,5
360,Z10,20.9118957,5237,2021-06-26 17:40:45,52.2463713,3
361,171,20.9190751,5238,2021-06-26 17:40:43,52.2576289,2
362,171,21.0202982,5240,2021-06-26 17:40:42,52.2179607,5
363,191,20.910457,5241,2021-06-26 17:40:46,52.195424,2
364,148,20.9791194,5242,2021-06-26 17:40:39,52.1697023,4
365,190,20.920664,5245,2021-06-25 20:12:48,52.196575,016
366,523,21.0854039,5253,2021-06-26 17:40:45,52.2446278,5
367,141,20.9224014,5255,2021-06-26 00:37:46,52.1970728,4
368,182,20.92243,5256,2021-06-25 19:09:29,52.1956758,011
369,188,20.977888,5257,2021-06-26 17:40:43,52.180193,52
370,187,20.862619,5258,2021-06-26 17:40:42,52.1902125,2
371,184,20.9483473,5260,2021-06-26 17:40:42,52.233433,5
372,N46,21.047172,5403,2021-06-26 06:04:29,52.2647932,150
373,500,21.032986,5404,2021-06-26 17:40:48,52.267426,52
374,169,21.0417704,5406,2021-06-26 17:40:45,52.3000947,5
375,705,21.028463,5407,2021-06-26 17:40:47,52.3557361,65
376,160,21.046967,5410,2021-06-26 17:40:48,52.270466,M5
377,500,21.045706,5412,2021-06-26 17:40:48,52.280094,54
378,160,20.997923,5413,2021-06-26 17:40:47,52.234467,M2
379,500,21.041979,5419,2021-06-26 17:40:47,52.300362,M56
380,169,21.047192,5422,2021-06-26 17:40:48,52.263775,2
381,527,21.068348,5425,2021-06-26 17:40:48,52.323627,3
382,162,21.0311437,5426,2021-06-26 17:40:47,52.2296742,1
383,162,21.083771,5428,2021-06-26 17:40:45,52.192616,2
384,185,21.047586,5429,2021-06-26 17:40:47,52.211246,8
385,112,21.080641,5430,2021-06-26 17:40:48,52.304073,3
386,145,21.026131,5432,2021-06-26 17:40:47,52.287018,4
387,409,20.945274,5433,2021-06-26 17:40:48,52.265816,57
388,112,20.8827996,5434,2021-06-26 17:40:47,52.2146624,9
389,169,21.051826,5435,2021-06-26 17:40:48,52.25288,3
390,527,21.052055,5436,2021-06-26 17:40:48,52.292702,2
391,409,20.981678,5437,2021-06-26 17:40:47,52.254356,53
392,160,21.0602199,5438,2021-06-26 17:40:48,52.3152157,7
393,112,21.033188,5439,2021-06-26 17:40:47,52.297478,12
394,500,21.0417401,5441,2021-06-26 17:40:47,52.3003334,55
395,160,20.994047,5443,2021-06-26 17:40:47,52.2412922,4
396,520,21.156063,5445,2021-06-26 17:40:30,52.240406,4
397,511,20.9691736,5448,2021-06-26 17:40:48,52.3141066,1
398,160,21.059711,5449,2021-06-26 17:40:48,52.267815,1
399,527,21.050877,5453,2021-06-26 17:40:47,52.291119,1
400,160,21.0030042,5454,2021-06-26 17:40:47,52.229439,3
401,723,20.948265,5455,2021-06-26 17:40:47,52.347294,2
402,511,20.9425619,5459,2021-06-26 17:40:47,52.3486002,2
403,185,21.0437904,5460,2021-06-26 17:40:47,52.1566085,3
404,180,20.977064,5870,2021-06-26 17:40:44,52.244564,7
405,503,21.013702,5871,2021-06-26 17:40:47,52.240875,3
406,503,21.002537,5873,2021-06-26 17:40:47,52.254829,5
407,503,21.024904,5875,2021-06-26 17:40:48,52.220947,7
408,180,21.009279,5876,2021-06-26 17:40:47,52.2342,62
409,175,21.012791,5880,2021-06-26 17:40:47,52.243179,55
410,175,20.978056,5881,2021-06-26 17:40:44,52.169491,52
411,175,20.978168,5882,2021-06-26 17:40:47,52.169453,53
412,175,21.011761,5884,2021-06-26 17:40:48,52.229595,51
413,175,20.978136,5886,2021-06-26 17:40:46,52.169483,52
414,128,20.984333,5887,2021-06-26 17:40:45,52.199207,64
415,128,20.974541,5889,2021-06-26 17:40:43,52.20491,59
416,180,21.083881,5890,2021-06-26 17:40:43,52.167793,3
417,180,20.98052,5891,2021-06-26 17:40:47,52.244984,11
418,180,21.013369,5892,2021-06-26 17:40:48,52.230049,5
419,128,21.007618,5895,2021-06-26 17:40:46,52.236431,60
420,128,20.998121,5897,2021-06-25 23:36:40,52.187019,51
421,503,21.002352,5898,2021-06-26 17:40:48,52.254726,4
422,111,21.063877,5900,2021-06-26 17:40:47,52.232967,4
423,158,20.988487,5902,2021-06-26 17:40:44,52.224236,5
424,128,20.963747,5904,2021-06-26 17:40:47,52.207722,58
425,116,20.942499,5905,2021-06-26 17:40:44,52.277626,69
426,158,21.117008,5907,2021-06-25 21:44:36,52.233902,5
427,175,21.116972,5908,2021-06-25 19:38:19,52.233955,068
428,116,21.116823,5910,2021-06-26 00:07:33,52.233971,17
429,158,20.9518,5913,2021-06-26 17:40:48,52.212,6
430,158,21.08679,5915,2021-06-26 17:40:44,52.236507,3
431,111,21.000526,5920,2021-06-26 17:40:48,52.244915,6
432,116,21.018303,5921,2021-06-26 17:40:46,52.231125,5
433,111,21.107388,5922,2021-06-26 07:42:12,52.233645, 
434,111,21.116245,5926,2021-06-26 00:24:55,52.234005,5
435,111,21.10223,5927,2021-06-26 17:40:47,52.222168,3
436,111,21.013681,5931,2021-06-26 17:40:46,52.240379,8
437,128,21.012922,5932,2021-06-26 17:40:48,52.24321,61
438,158,21.0493422,5933,2021-06-26 17:40:48,52.2377509,1
439,158,21.081593,5934,2021-06-26 17:40:46,52.240864,4
440,503,21.115843,5935,2021-06-26 00:31:56,52.233995,013
441,116,21.022463,5936,2021-06-26 17:40:47,52.228161,4
442,503,21.0348676,5937,2021-06-26 17:40:12,52.2020839,1
443,128,21.009417,5939,2021-06-26 17:40:47,52.234039,56
444,116,21.05965,5940,2021-06-26 17:40:48,52.177971,3
445,175,21.115613,5941,2021-06-25 21:43:06,52.234041,63
446,116,20.948401,5942,2021-06-26 17:40:44,52.276871,7
447,503,21.049881,5943,2021-06-26 17:40:44,52.144634,9
448,158,21.1177119,5946,2021-06-26 17:40:46,52.2330819, 
449,175,20.989647,5947,2021-06-26 17:40:46,52.221653,54
450,116,20.949507,5948,2021-06-26 17:40:46,52.263718,56
451,518,21.011049,5950,2021-06-26 17:40:43,52.244713,2
452,503,21.026464,5954,2021-06-26 17:40:45,52.214489,2
453,503,21.037483,5956,2021-06-26 17:40:46,52.168221,8
454,E-9,21.045723,5962,2021-06-25 20:17:53,52.265643,06
455,180,20.945189,5964,2021-06-26 17:40:44,52.268658,10
456,723,21.047304,5966,2021-06-25 18:56:33,52.265156,07
457,180,21.032063,5967,2021-06-26 17:40:47,52.206882,4
458,180,21.030287,5968,2021-06-26 17:40:48,52.207714,1
459,116,20.924946,5969,2021-06-26 17:40:47,52.272293,8
460,518,20.937689,5976,2021-06-26 17:40:48,52.324738,6
461,518,21.023556,5978,2021-06-26 17:40:44,52.228271,3
462,518,20.974348,5979,2021-06-26 17:40:48,52.277561,5
463,518,20.957584,5980,2021-06-26 17:40:47,52.31308,7
464,518,21.009432,5981,2021-06-26 17:40:48,52.243134,4
465,503,21.006968,5983,2021-06-26 17:40:47,52.238091,6
466,111,21.011032,5984,2021-06-26 17:40:44,52.230907,5
467,111,20.979479,5985,2021-06-26 17:40:44,52.244415,7
468,111,21.094486,5986,2021-06-26 17:40:47,52.227497,2
469,180,20.925005,5987,2021-06-26 17:40:44,52.272419,9
470,180,21.00857,5988,2021-06-26 17:40:43,52.243919,6
471,180,21.077528,5990,2021-06-26 17:40:48,52.175579,2
472,180,20.928211,5991,2021-06-26 17:40:44,52.271519,58
473,518,20.977879,5994,2021-06-26 17:40:45,52.313213,1
474,116,21.081673,5995,2021-06-26 17:40:45,52.166794,2
475,116,21.045746,5996,2021-06-26 17:40:41,52.191437,1
476,116,21.011911,5997,2021-06-26 17:40:47,52.230247,11
477,116,20.998459,5998,2021-06-26 17:40:47,52.253872,10
478,111,21.055645,5999,2021-06-26 17:40:46,52.238659,1
479,167,20.930191,6201,2021-06-26 17:40:47,52.233753,2
480,713,20.862572,6203,2021-06-26 17:40:44,52.216152,1
481,713,20.8484691,6204,2021-06-26 17:40:48,52.2150775,2
482,112,20.915173,6207,2021-06-26 17:40:47,52.253345,6
483,112,21.051939,6208,2021-06-26 17:40:44,52.292484,1
484,112,20.9332664,6210,2021-06-26 17:40:47,52.2701794,M11
485,112,20.883108,6212,2021-06-26 17:40:48,52.214714,8
486,136,20.9556792,6213,2021-06-26 17:40:47,52.2380569,10
487,187,20.909275,6214,2021-06-26 17:40:48,52.195526,3
488,210,20.767408,6220,2021-06-26 17:40:48,52.307796,1
489,187,21.0010897,6222,2021-06-26 17:40:48,52.2170117,4
490,189,21.0227947,6223,2021-06-26 17:40:48,52.1732279,10
491,187,20.924905,6226,2021-06-26 17:40:48,52.1965004,8
492,191,20.9845321,6227,2021-06-26 17:40:48,52.2196672,6
493,136,21.021179,6236,2021-06-26 17:40:47,52.15802,7
494,716,20.828751,6239,2021-06-26 17:40:48,52.192928,3
495,184,20.924599,6241,2021-06-26 17:40:48,52.261211,4
496,703,20.927107,6242,2021-06-26 17:40:48,52.160645,74
497,706,20.9086937,6243,2021-06-26 17:40:48,52.1442469,1
498,L29,20.56391,65471,2021-06-26 17:40:36,52.256237,1
499,112,20.897539,7200,2021-06-26 17:40:48,52.221386,7
500,124,20.965015,7201,2021-06-26 17:40:48,52.151737,1
501,Z10,20.929436,7202,2021-06-26 17:40:47,52.225021,5
502,112,21.031553,7206,2021-06-26 17:40:48,52.299152,4
503,Z10,20.924845,7208,2021-06-26 17:40:48,52.260677,1
504,189,20.8970177,7214,2021-06-26 17:40:48,52.2292521,7
505,728,20.943033,7217,2021-06-26 17:40:47,52.175377,72
506,728,20.896042,7218,2021-06-26 17:40:48,52.007736,71
507,517,20.988752,7224,2021-06-26 17:40:46,52.224491,4
508,112,21.0855716,7225,2021-06-26 17:40:47,52.3036227,2
509,112,20.9208932,7226,2021-06-26 13:08:33,52.1969334,4
510,184,20.9326724,7227,2021-06-26 17:40:48,52.2691802,2
511,Z10,20.9296202,7228,2021-06-26 17:40:47,52.2239946,6
512,716,20.911726,7229,2021-06-26 17:40:44,52.205479,2
513,Z10,20.9143232,7234,2021-06-26 17:40:48,52.2350267,7
514,124,20.921078,7240,2021-06-25 18:26:53,52.196911,03
515,187,21.0230944,7241,2021-06-26 17:40:47,52.2186947,7
516,187,21.053116,7243,2021-06-26 17:40:48,52.180088,6
517,210,20.83017,7244,2021-06-26 17:40:47,52.2908357,2
518,167,21.083099,7245,2021-06-26 17:40:47,52.208233,6
519,191,20.8729817,7247,2021-06-26 17:40:48,52.1874332,4
520,172,20.993584,7248,2021-06-26 17:40:47,52.196533,7
521,189,20.898787,7249,2021-06-26 17:40:48,52.238651,5
522,188,20.9782269,7250,2021-06-26 17:40:48,52.1694884,1
523,517,20.86257,7251,2021-06-26 17:40:46,52.190201,6
524,182,20.977913,7252,2021-06-26 17:40:47,52.217468,2
525,517,21.010519,7254,2021-06-26 17:40:48,52.23164,3
526,523,20.940681,7255,2021-06-26 17:40:47,52.239326,7
527,191,20.920233,7256,2021-06-26 17:40:47,52.204712,5
528,188,21.0788977,7257,2021-06-26 17:40:47,52.2356124,5
529,182,21.11306,7259,2021-06-26 17:40:48,52.236233,4
530,138,21.051292,7301,2021-06-26 17:40:48,52.257748,6
531,141,21.037846,7303,2021-06-26 17:40:36,52.202066,4
532,148,21.0995089,7304,2021-06-26 17:40:48,52.238079,9
533,151,21.033939,7305,2021-06-26 17:40:47,52.221539,2
534,182,21.0878326,7306,2021-06-26 17:40:47,52.2361994,3
535,162,21.0549902,7308,2021-06-26 17:40:47,52.1941774,3
536,507,21.082314,7310,2021-06-26 17:40:48,52.226009,2
537,125,21.13889,7312,2021-06-26 17:40:47,52.2289547,2
538,E-1,21.1167422,7314,2021-06-25 19:42:06,52.2335197,01
539,520,21.1329077,7315,2021-06-26 17:40:47,52.2394642,5
540,143,21.1164757,7317,2021-06-25 19:35:11,52.2334452,3
541,162,21.028421,7322,2021-06-26 17:40:48,52.23941,4
542,523,21.0312696,7324,2021-06-26 17:40:48,52.2208622,2
543,520,21.0702111,7325,2021-06-26 17:40:46,52.230785,2
544,148,21.051027,7326,2021-06-26 17:40:47,52.159393,5
545,138,21.0522352,7327,2021-06-26 17:40:48,52.2305932,7
546,171,20.9267174,7328,2021-06-26 17:40:49,52.2637364,8
547,520,21.001581,7331,2021-06-26 17:40:48,52.244011,1
548,150,20.928013,753,2021-06-26 17:40:43,52.290798,3
549,750,20.817617,755,2021-06-26 17:40:48,52.351841,2
550,250,20.927767,757,2021-06-26 17:40:45,52.291119,1
551,750,20.827755,758,2021-06-26 17:40:47,52.3708,3
552,150,20.848747,761,2021-06-26 17:40:41,52.343151,1
553,250,20.86858,763,2021-06-26 17:40:41,52.332809,3
554,521,21.0500504,7701,2021-06-26 17:40:49,52.2380085,3
555,750,20.930244333,773,2021-06-26 17:40:45,52.29053,4
556,250,20.903707,775,2021-06-26 17:40:48,52.287903,2
557,750,20.9027977,776,2021-06-26 17:40:47,52.3291746,1
558,150,20.8900874,777,2021-06-26 17:40:48,52.3399331,2
559,138,20.9953858,8120,2021-06-26 17:40:41,52.1702395,1
560,185,20.9816663,8138,2021-06-26 17:40:42,52.2749085,7
561,172,21.047627,8139,2021-06-26 17:40:44,52.189308,6
562,727,20.997388,8148,2021-06-25 21:39:43,52.187336,4
563,522,21.0566278,8154,2021-06-26 17:40:39,52.1812248,6
564,167,21.0425025,8166,2021-06-26 17:40:43,52.2067518,5
565,143,21.1490771,8167,2021-06-26 17:40:35,52.2606493,2
566,522,20.998243,8174,2021-06-25 20:09:50,52.1878,013
567,504,20.9902913,8178,2021-06-26 17:40:43,52.2163505,3
568,519,20.996546,8180,2021-06-25 22:35:23,52.187545,5
569,136,21.027685,8181,2021-06-26 17:40:43,52.1663451,4
570,138,21.001633,8183,2021-06-26 17:40:33,52.192221,2
571,172,20.9776288,8184,2021-06-26 17:40:47,52.2105945,8
572,504,21.0049278,8187,2021-06-26 17:40:41,52.2292546,2
573,519,21.092829,8188,2021-06-26 17:40:31,52.117153,2
574,504,21.0688841,8189,2021-06-26 17:40:41,52.1288163,5
575,198,21.1173818,8210,2021-06-25 18:57:27,52.2334423,04
576,151,21.1167196,8218,2021-06-25 19:22:39,52.2335221,04
577,514,21.1592163,8222,2021-06-26 17:40:44,52.2553451,4
578,188,21.1161338,8225,2021-06-25 20:54:43,52.2335866,08
579,143,21.114924,8228,2021-06-25 23:38:50,52.234206,6
580,509,21.116793,8231,2021-06-25 20:04:19,52.233758,021
581,514,21.1842366,8300,2021-06-26 17:40:44,52.2472035,3
582,502,21.2014633,8301,2021-06-26 17:40:44,52.2245616,4
583,125,21.1615248,8303,2021-06-26 17:40:49,52.2255808,5
584,125,21.0466803,8305,2021-06-26 17:40:42,52.2479215,3
585,509,20.961426,8310,2021-06-26 17:40:27,52.316969,3
586,502,21.015291,8313,2021-06-26 17:40:45,52.218788,6
587,182,21.11721,8315,2021-06-25 19:08:30,52.233705,013
588,145,21.088221,8317,2021-06-26 17:40:38,52.244815,1
589,188,20.9863333,8318,2021-06-26 17:40:39,52.2048975,6
590,168,21.11586,8320,2021-06-25 21:27:01,52.23366,07
591,514,21.0154933,8323,2021-06-26 17:40:35,52.2188341,2
592,145,21.1075503,8324,2021-06-26 17:40:47,52.2413253,2
593,720,21.46381,8325,2021-06-26 17:40:42,52.133089,1
594,125,21.117233,8327,2021-06-25 20:58:39,52.234053,3
595,145,21.000278,8328,2021-06-26 17:40:42,52.291445,5
596,411,21.117353,8330,2021-06-25 20:35:38,52.233359,53
597,148,21.0492111,8331,2021-06-26 17:40:43,52.1883303,1
598,502,21.0241363,8335,2021-06-26 17:40:10,52.2191118,1
599,143,21.0841641,8339,2021-06-26 17:40:43,52.2435093,1
600,704,21.3479268,8340,2021-06-26 17:40:51,52.2224651,1
601,171,21.00748,8342,2021-06-26 17:40:48,52.236635,6
602,151,21.105,8344,2021-06-26 17:40:44,52.230235,3
603,185,21.0451667,8345,2021-06-26 17:40:35,52.1566083,1
604,145,21.116836,8346,2021-06-25 19:31:54,52.233566,016
605,145,21.116093,8347,2021-06-25 19:40:44,52.233476,012
606,523,20.9149667,8348,2021-06-26 17:40:35,52.2392733,9
607,507,21.004911,8349,2021-06-26 17:40:32,52.230125,5
608,411,21.116288,8350,2021-06-25 20:43:54,52.233658,061
609,125,21.061185,8351,2021-06-26 17:40:41,52.2468133,4
610,125,21.1964767,8352,2021-06-26 17:40:46,52.2083967,1
611,151,21.0638683,8353,2021-06-26 17:40:48,52.2286917,1
612,521,20.9763667,8355,2021-06-26 17:40:36,52.2111017,2
613,N03,21.117188,8357,2021-06-26 05:01:26,52.233246,254
614,502,21.2173633,8358,2021-06-26 17:40:44,52.21439,3
615,507,21.0634833,8360,2021-06-26 17:40:37,52.2278233,4
616,704,21.0854433,8362,2021-06-26 17:40:43,52.24458,2
617,521,21.121578,8363,2021-06-26 17:40:27,52.236648,5
618,507,21.0054583,8366,2021-06-26 17:40:43,52.2293783,1
619,143,21.0443883,8367,2021-06-26 17:40:45,52.224325,6
620,502,21.0267717,8368,2021-06-26 17:40:32,52.219615,5
621,521,21.101065,8369,2021-06-26 17:40:39,52.24247,1
622,141,21.117058,8397,2021-06-25 19:41:02,52.233698,012
623,502,21.1151075,8403,2021-06-25 23:03:57,52.2336293,064
624,411,21.1156411,8440,2021-06-25 20:20:48,52.2335555,062
625,511,20.928147,8443,2021-06-26 17:40:47,52.2912206,3
626,112,20.9138231,8445,2021-06-26 17:40:48,52.2526876,10
627,169,21.0357222,8447,2021-06-26 17:40:47,52.258888,2
628,509,20.9405892,8448,2021-06-26 17:40:47,52.3265914,1
629,160,21.060534,8450,2021-06-26 17:40:48,52.324989,6
630,409,20.8867931,8452,2021-06-26 17:40:48,52.3046495,58
631,735,21.029037,8454,2021-06-26 17:40:48,52.382141,61
632,112,20.946148,8455,2021-06-26 17:40:47,52.277115,5
633,731,20.951942,8457,2021-06-26 17:40:45,52.406219,4
634,185,21.0485019,8458,2021-06-26 11:00:08,52.2645874,6
635,169,21.035131,8459,2021-06-26 17:40:48,52.255867,4
636,409,20.908005,8460,2021-06-26 17:40:48,52.305851,51
637,169,21.0420857,8461,2021-06-26 17:40:48,52.3001359,1
638,141,21.012633,8500,2021-06-26 17:40:43,52.195991,8
639,Z26,20.9742217,8501,2021-06-26 17:40:34,52.2354867,3
640,522,21.0633033,8502,2021-06-26 17:40:44,52.1744783,2
641,189,21.0074433,8504,2021-06-26 17:40:39,52.1770567,1
642,N33,20.996476,8505,2021-06-26 05:42:44,52.187546,172
643,185,20.997366,8507,2021-06-25 23:56:14,52.186391,9
644,174,20.9953717,8508,2021-06-26 17:40:40,52.1701917,3
645,189,20.996501,8509,2021-06-26 00:35:47,52.18806,12
646,331,20.997095,8511,2021-06-25 18:21:40,52.187653,01
647,148,20.998374,8514,2021-06-26 00:52:13,52.188333,5
648,N37,20.998273,8516,2021-06-26 05:43:10,52.188213,246
649,136,20.9865767,8517,2021-06-26 17:40:41,52.1915383,3
650,165,21.024069,8520,2021-06-26 17:40:34,52.179858,3
651,185,21.021869,8521,2021-06-26 17:40:46,52.142696,2
652,136,21.0021933,8522,2021-06-26 17:40:41,52.1767517,8
653,733,20.997863,8523,2021-06-25 20:19:16,52.187501,62
654,185,21.04829,8524,2021-06-26 17:40:28,52.20783,4
655,519,21.0598483,8525,2021-06-26 17:40:39,52.1777583,4
656,136,21.055563,8528,2021-06-26 17:40:29,52.147353,6
657,143,21.1198433,8530,2021-06-26 17:40:40,52.237295,5
658,308,20.997771,8531,2021-06-25 19:03:30,52.187649,02
659,136,20.997748,8533,2021-06-25 23:20:13,52.188256,10
660,N03,20.997894,8534,2021-06-26 05:57:03,52.18594,156
661,131,20.996449,8535,2021-06-25 22:36:53,52.186401,10
662,519,21.0447617,8536,2021-06-26 17:40:39,52.1925283,7
663,N33,20.996953,8537,2021-06-26 05:04:45,52.186869,173
664,217,21.0501117,8540,2021-06-26 17:40:33,52.1737233,2
665,N34,20.996438,8541,2021-06-26 05:33:51,52.187668,149
666,N37,20.99783,8545,2021-06-26 05:44:42,52.187465,132
667,167,20.940585,8547,2021-06-26 17:40:47,52.23477,3
668,733,20.9413133,8548,2021-06-26 17:40:48,52.1734033,1
669,504,21.04548,8550,2021-06-26 17:40:36,52.14158,6
670,519,21.015525,8551,2021-06-26 17:40:45,52.218694,5
671,522,21.080066,8552,2021-06-26 17:40:47,52.157845,1
672,Z26,20.993089,8553,2021-06-26 17:40:45,52.241493,2
673,148,21.08737,8559,2021-06-26 17:40:48,52.2447967,7
674,151,21.116914,8561,2021-06-25 23:54:17,52.233616,1
675,171,20.932625,8562,2021-06-26 17:40:36,52.2401767,7
676,521,21.116369,8565,2021-06-25 20:39:03,52.233641,08
677,520,21.046115,8566,2021-06-26 17:40:41,52.2246867,6
678,523,20.9844017,8567,2021-06-26 17:40:34,52.2160867,6
679,509,21.000411,8569,2021-06-26 17:40:48,52.292695,9
680,148,21.083011,8570,2021-06-26 17:40:35,52.206641,6
681,143,21.1629933,8573,2021-06-26 17:40:40,52.26009,4
682,521,21.189931,8574,2021-06-26 17:40:45,52.182433,4
683,523,20.8983567,8576,2021-06-26 17:40:35,52.25851,8
684,141,21.101348,8578,2021-06-26 17:40:46,52.242584,1
685,190,21.046053,8582,2021-06-25 18:46:44,52.264343,021
686,523,21.1069833,8586,2021-06-26 17:40:34,52.24822,4
687,520,21.00402,8589,2021-06-26 17:40:46,52.2411367,7
688,185,20.9970267,8592,2021-06-26 17:40:47,52.2704133,5
689,N13,21.114978,8593,2021-06-26 05:47:18,52.233611,247
690,145,21.1051383,8594,2021-06-26 17:40:37,52.2861683,3
691,188,21.1290133,8595,2021-06-26 17:40:38,52.2400817,4
692,168,21.0958305,8800,2021-06-26 17:40:40,52.2312095,5
693,189,20.8987726,8802,2021-06-26 17:40:43,52.2387356,6
694,148,20.9783238,8804,2021-06-26 17:40:44,52.1706706,3
695,168,21.023393,8805,2021-06-26 17:40:44,52.211284,6
696,136,20.9658495,8806,2021-06-26 17:40:45,52.2431696,1
697,189,20.9159343,8807,2021-06-26 17:40:47,52.2069936,3
698,138,21.0570016,8808,2021-06-26 17:40:45,52.2634251,4
699,168,21.0087853,8810,2021-06-26 17:40:48,52.2076145,2
700,167,21.0050298,8812,2021-06-26 17:40:40,52.2163715,1
701,136,20.9626381,8813,2021-06-26 17:40:45,52.2160231,2
702,504,21.017636,8814,2021-06-26 17:40:48,52.1591266,4
703,217,21.0701698,8816,2021-06-26 17:40:44,52.1645281,1
704,167,21.068091,8818,2021-06-26 17:40:45,52.212499,7
705,167,20.9682188,8819,2021-06-26 17:40:44,52.2141178,4
706,174,21.011486,8820,2021-06-26 17:40:47,52.172383,371
707,N43,20.9959001,8821,2021-06-26 05:29:35,52.1875351,220
708,189,21.068963,8822,2021-06-26 17:40:36,52.181314,12
709,519,21.0754605,8823,2021-06-26 17:40:46,52.1681931,8
710,148,21.0400131,8825,2021-06-26 17:40:45,52.1465351,2
711,522,21.0034588,8826,2021-06-26 17:40:44,52.2292951,318
712,514,21.0157538,8828,2021-06-26 17:40:43,52.2211308,1
713,509,21.0937681,8829,2021-06-26 17:40:43,52.2272428,7
714,143,21.013724,8832,2021-06-26 17:40:47,52.217306,7
715,502,21.1603453,8833,2021-06-26 17:40:46,52.2259793,2
716,182,21.1124906,8834,2021-06-26 17:40:44,52.2366733,M5
717,N83,21.116546,8839,2021-06-26 05:25:32,52.233586,174
718,520,21.1361688,8840,2021-06-26 17:40:42,52.2413563,3
719,138,21.1172336,8841,2021-06-25 22:19:45,52.2337476,1
720,521,21.1161941,8844,2021-06-25 20:59:15,52.2334716,09
721,138,21.002083,8846,2021-06-26 17:40:44,52.1952256,8
722,143,21.1769608,8850,2021-06-26 17:40:44,52.2569906,3
723,138,21.1005258,8852,2021-06-26 17:40:43,52.2606253,5
724,509,21.0422195,8853,2021-06-26 17:40:45,52.2495753,8
725,182,21.0097738,8854,2021-06-26 17:40:45,52.2174156,1
726,518,21.047239,8859,2021-06-25 21:49:41,52.2647968,9
727,412,21.047084,8862,2021-06-25 20:21:52,52.264918,05
728,509,21.043849,8863,2021-06-25 22:53:53,52.266028,14
729,723,21.047273,8864,2021-06-25 19:20:55,52.264625,08
730,269,21.043698,8866,2021-06-25 22:15:02,52.266003,04
731,738,21.046916,8868,2021-06-25 18:47:25,52.264738,05
732,340,21.046388,8870,2021-06-25 19:12:44,52.265081,03
733,511,21.046323,8874,2021-06-25 18:33:00,52.265079,05
734,340,21.048342,8876,2021-06-25 18:55:45,52.264397,06
735,723,21.0009585,8878,2021-06-26 17:40:42,52.2912731,1
736,511,21.0472221,8879,2021-06-25 19:11:55,52.2646076,07
737,709,20.996574,8880,2021-06-25 18:58:33,52.18762,016
738,136,20.9873905,8881,2021-06-26 17:40:44,52.2102143,9
739,174,21.0043516,8882,2021-06-26 17:40:45,52.2234581,1
740,165,21.0155575,8883,2021-06-26 17:40:44,52.1799403,4
741,504,20.9809285,8885,2021-06-26 17:40:33,52.1906208,1
742,504,20.9985235,8886,2021-06-26 11:14:42,52.1878498,6
743,165,20.9923491,8888,2021-06-26 17:40:43,52.15982,2
744,165,21.0015413,8891,2021-06-26 17:40:45,52.1562195,1
745,148,21.086858,8893,2021-06-26 17:40:33,52.245176,8
746,172,21.0694226,8895,2021-06-26 17:40:44,52.181222,5
747,522,21.0157955,8896,2021-06-26 17:40:45,52.2166036,5
748,138,21.0438063,8897,2021-06-26 17:40:47,52.2243838,3
749,519,21.09288,8899,2021-06-26 17:40:35,52.116974,1
750,161,21.219374,9061,2021-06-26 17:40:47,52.184467,1
751,104,21.032877,9063,2021-06-26 17:40:44,52.334148,2
752,161,21.224741,9068,2021-06-26 17:40:46,52.186687,2
753,211,20.941414,9070,2021-06-26 17:40:47,52.355404,3
754,211,20.940174,9074,2021-06-26 17:40:47,52.339817,4
755,211,20.98246,9075,2021-06-26 17:40:47,52.302502,M5
756,234,21.020432,9076,2021-06-26 17:40:47,52.311264,1
757,234,21.062185,9079,2021-06-26 17:40:48,52.326321,2
758,800,20.859484,9082,2021-06-26 17:40:43,52.349079,M1
759,900,20.942797,9084,2021-06-26 17:40:45,52.348732,1
760,161,21.205713,9088,2021-06-26 17:40:47,52.166737,M3
761,104,21.000347,9091,2021-06-26 17:40:48,52.291454,1
762,211,20.941507,9092,2021-06-26 17:40:48,52.332661,2
763,211,20.980009,9093,2021-06-26 17:40:46,52.301319,1
764,219,21.158617,9201,2021-06-26 17:40:45,52.185532,1
765,107,20.97938,9204,2021-06-26 17:40:46,52.244511,1
766,107,20.979233,9205,2021-06-26 17:40:42,52.244438,2
767,121,20.968046,9206,2021-06-26 17:40:44,52.272015,M2
768,209,20.983849,9209,2021-06-26 17:40:44,52.131191,54
769,107,21.018023,9210,2021-06-26 17:40:45,52.227806,3
770,121,20.967928,9213,2021-06-26 17:40:46,52.271991,1
771,133,20.946688,9214,2021-06-26 17:40:48,52.324345,1
772,133,20.961905,9215,2021-06-26 17:40:47,52.335163,2
773,164,21.083986,9216,2021-06-26 17:40:46,52.193142,2
774,164,21.135382,9217,2021-06-26 17:40:38,52.147999,1
775,164,21.129103,9219,2021-06-26 17:40:48,52.156193,3
776,177,20.883606,9220,2021-06-26 17:40:48,52.205738,1
777,177,20.904032,9221,2021-06-26 17:40:46,52.185646,2
778,203,20.928316,9222,2021-06-26 17:40:46,52.291161,2
779,107,21.049839,9223,2021-06-26 17:40:45,52.19593,4
780,208,20.975563,9225,2021-06-26 17:40:42,52.210274,2
781,209,20.981104,9227,2021-06-26 17:40:43,52.132801,51
782,228,20.924839,9228,2021-06-26 17:40:48,52.208149,1
783,228,20.892916,9229,2021-06-26 17:40:44,52.200348,3
784,177,20.883669,9230,2021-06-26 17:40:47,52.205669,3
785,228,20.975092,9231,2021-06-26 17:40:41,52.192822,2
786,209,21.038176,9233,2021-06-26 17:40:47,52.15464,52
787,201,20.940165,9234,2021-06-26 17:40:47,52.245331,2
788,219,21.137196,9235,2021-06-26 17:40:45,52.214203,2
789,208,20.949102,9236,2021-06-26 17:40:39,52.20966,1
790,264,21.104837,9240,2021-06-26 17:40:41,52.128292,1
791,107,21.01025,9241,2021-06-26 17:40:43,52.236584,M5
792,201,20.925043,9243,2021-06-26 17:40:43,52.261139,1
793,219,21.102718,9250,2021-06-26 17:40:41,52.222691,3
794,239,21.035801,9252,2021-06-26 17:40:43,52.155491,53
795,199,21.113926,9311,2021-06-26 17:40:47,52.293919,4
796,135,21.035831,9312,2021-06-26 17:40:47,52.252068,3
797,135,21.042906,9313,2021-06-26 17:40:42,52.263977,4
798,123,21.070368,9316,2021-06-26 17:40:42,52.225063,1
799,123,21.062029,9317,2021-06-26 17:40:42,52.232536,3
800,179,21.068529,9318,2021-06-26 17:40:48,52.128403,7
801,153,21.151688,9319,2021-06-26 17:40:46,52.269199,3
802,179,21.036451,9320,2021-06-26 17:40:46,52.162247,3
803,142,21.126457,9321,2021-06-26 17:40:49,52.233974,4
804,123,21.051016,9322,2021-06-26 17:40:48,52.252533,2
805,123,21.052334,9323,2021-06-26 17:40:48,52.250187,5
806,179,21.037086,9325,2021-06-26 17:40:43,52.162064,4
807,135,21.089563,9326,2021-06-26 17:40:42,52.231071,1
808,179,21.033739,9327,2021-06-26 17:40:42,52.155666,5
809,135,21.107616,9328,2021-06-26 17:40:48,52.248966,2
810,179,21.061909,9329,2021-06-26 17:40:41,52.147034,6
811,179,21.033718,9333,2021-06-26 17:40:43,52.143909,52
812,123,21.096787,9337,2021-06-26 17:40:44,52.233513,4
813,153,21.1771074,9338,2021-06-26 17:40:46,52.2568579,2
814,123,21.084612,9339,2021-06-26 17:40:48,52.245865,357
815,153,21.15234,9340,2021-06-26 17:40:43,52.268631,1
816,199,21.154146,9342,2021-06-26 17:40:45,52.267056,2
817,123,21.077581,9345,2021-06-25 21:25:22,52.268494,357
818,179,21.061264,9349,2021-06-26 17:40:46,52.140938,1
819,142,21.08861,9351,2021-06-26 17:40:47,52.244877,1
820,142,21.219679,9352,2021-06-26 17:40:45,52.157211,3
821,142,21.215214,9354,2021-06-26 17:40:40,52.16082,M5
822,199,21.179869,9355,2021-06-26 17:40:41,52.269058,1
823,142,21.1315,9357,2021-06-26 17:40:42,52.232368,2
824,103,20.926731,9411,2021-06-26 17:40:44,52.290344,4
825,157,20.964096,9412,2021-06-26 17:40:48,52.207836,3
826,117,21.075243,9413,2021-06-26 17:40:44,52.225742,3
827,516,20.94202,9414,2021-06-26 17:40:47,52.334057,4
828,157,20.976614,9416,2021-06-26 17:40:43,52.289932,6
829,117,21.00503,9417,2021-06-26 17:40:46,52.229927,1
830,103,20.965078,9418,2021-06-26 17:40:48,52.25267,2
831,134,20.968292,9419,2021-06-26 17:40:44,52.271839,1
832,134,21.048258,9420,2021-06-26 17:40:47,52.326866,2
833,134,21.05035,9423,2021-06-26 17:40:45,52.318356,3
834,117,21.056046,9424,2021-06-26 17:40:46,52.231174,4
835,117,21.071487,9425,2021-06-26 17:40:48,52.224991,2
836,103,20.944237,9427,2021-06-26 17:40:45,52.270958,5
837,157,20.993906,9428,2021-06-26 17:40:46,52.261021,1
838,157,20.988178,9429,2021-06-26 17:40:44,52.224007,2
839,245,21.095263,9431,2021-06-26 17:40:48,52.286137,1
840,516,20.949816,9432,2021-06-26 17:40:46,52.317223,1
841,516,21.00098,9434,2021-06-26 17:40:45,52.291161,2
842,516,20.969185,9436,2021-06-26 17:40:48,52.320263,3
843,176,21.026722,9438,2021-06-26 17:40:46,52.281136,1
844,157,20.979298,9439,2021-06-26 17:40:47,52.277248,5
845,712,20.842272,9441,2021-06-26 17:40:48,52.280682,M2
846,103,20.968519,9442,2021-06-26 17:40:43,52.222092,1
847,103,20.945639,9443,2021-06-26 17:40:47,52.294479,3
848,245,21.06443,9446,2021-06-26 17:40:48,52.273804,2
849,712,20.927999,9450,2021-06-26 17:40:42,52.290813,1
850,176,20.982239,9452,2021-06-26 17:40:44,52.355595,3
851,176,20.997248,9453,2021-06-26 17:40:46,52.319187,2
852,743,20.812632,9459,2021-06-26 17:40:43,52.219681,1
853,194,20.930497,9501,2021-06-26 17:40:47,52.224992833,4
854,181,20.938661,9503,2021-06-26 17:40:45,52.3017495,2
855,717,20.84031,9504,2021-06-26 17:40:45,52.1893775,3
856,139,21.091130833,9507,2021-06-26 17:40:40,52.153047,2
857,149,20.940478333,9509,2021-06-26 17:40:45,52.246636333,2
858,729,20.888751833,9511,2021-06-26 17:40:45,52.240152,1
859,149,20.878967333,9514,2021-06-26 17:40:46,52.2482235,4
860,159,20.959634,9515,2021-06-26 17:40:45,52.215615333,1
861,159,21.085133333,9519,2021-06-26 17:40:49,52.193277833,4
862,159,21.036322333,9520,2021-06-26 17:40:44,52.2219675,5
863,737,21.031963,9522,2021-06-26 17:40:45,52.149945,55
864,181,20.952237833,9524,2021-06-26 17:40:49,52.287872667,4
865,194,20.8961255,9525,2021-06-26 17:40:48,52.201907667,1
866,181,20.899888833,9526,2021-06-26 17:40:48,52.297177833,3
867,220,20.925098,9529,2021-06-26 17:40:47,52.260732667,3
868,717,20.964539167,9530,2021-06-26 17:40:46,52.218206833,2
869,159,20.989625833,9531,2021-06-26 17:40:49,52.225281,2
870,194,20.858940167,9532,2021-06-26 17:40:46,52.20717,2
871,194,20.895764667,9533,2021-06-26 17:40:45,52.2024165,3
872,194,20.930132667,9534,2021-06-26 17:37:28,52.224919,5
873,220,20.943241667,9535,2021-06-26 17:40:45,52.17452,1
874,220,20.893636333,9537,2021-06-26 17:40:45,52.2093145,4
875,300,21.008181,9538,2021-06-26 17:40:49,52.163507667,M1
876,149,20.937876167,9539,2021-06-26 17:40:45,52.239674833,3
877,707,20.908213333,9540,2021-06-26 17:40:47,52.144234667,1
878,715,20.956854667,9542,2021-06-26 17:40:48,52.125879833,53
879,737,21.0246605,9543,2021-06-26 17:40:49,52.143091167,54
880,717,20.9113185,9544,2021-06-26 17:40:49,52.1877545,1
881,724,21.102919833,9546,2021-06-26 17:40:24,52.124811167,1
882,139,21.0749705,9548,2021-06-26 17:40:46,52.168302,1
883,715,20.951421,9554,2021-06-26 17:40:47,52.123653167,51
884,149,20.922658,9555,2021-06-26 17:40:47,52.240342333,1
885,159,21.0489035,9556,2021-06-26 17:40:45,52.206628833,3
886,220,20.896659833,9557,2021-06-26 17:40:47,52.231194333,2
887,152,20.971062,9673,2021-06-26 17:40:47,52.320641,5
888,152,20.973473,9678,2021-06-26 17:40:42,52.334869,1
889,152,21.004307,9680,2021-06-26 17:40:46,52.336308,2
890,118,21.026602,9681,2021-06-26 17:40:42,52.239769,3
891,212,21.028082,9682,2021-06-26 17:40:41,52.258095,2
892,118,21.032122,9683,2021-06-26 17:40:43,52.299915,4
893,118,21.015387,9685,2021-06-26 17:40:45,52.219109,2
894,152,20.952276,9687,2021-06-26 17:40:44,52.31694,4
895,152,21.060402,9688,2021-06-26 17:40:45,52.315086,3
896,118,21.041348,9689,2021-06-26 17:40:44,52.300095,5
897,212,21.065315,9692,2021-06-26 17:40:44,52.277454,3
898,212,21.063818,9696,2021-06-26 17:40:41,52.27282,1
899,118,21.019573,9697,2021-06-26 17:40:48,52.24773,1
900,212,21.057198,9698,2021-06-26 17:40:40,52.301819,4
901,109,21.032896,9801,2021-06-26 17:40:47,52.22789,1
902,710,21.119179,9802,2021-06-26 17:40:44,52.082317,1
903,525,21.196572,9803,2021-06-26 17:40:48,52.208327,3
904,Z10,20.924759,9804,2021-06-26 17:40:43,52.260803,2
905,109,20.958794,9805,2021-06-26 17:40:46,52.22794,3
906,109,20.898741,9806,2021-06-26 17:40:48,52.238525,5
907,109,20.970751,9807,2021-06-26 17:40:45,52.228897,6
908,127,21.019569,9809,2021-06-26 17:40:47,52.246201,2
909,127,21.020529,9810,2021-06-26 17:40:42,52.231926,1
910,127,21.023003,9811,2021-06-26 17:40:45,52.228947,335
911,131,21.003828,9814,2021-06-26 17:40:43,52.229355,4
912,127,20.920069,9816,2021-06-26 17:40:45,52.209724,56
913,127,20.895468,9817,2021-06-26 17:40:44,52.20879,5
914,131,21.051058,9818,2021-06-26 17:40:45,52.197792,2
915,710,21.114475,9819,2021-06-26 17:40:43,52.102169,3
916,131,21.069195,9820,2021-06-26 17:40:43,52.181229,6
917,131,21.014488,9821,2021-06-26 17:40:48,52.224884,1
918,525,21.096048,9822,2021-06-26 17:40:48,52.23505,1
919,519,21.002907,9825,2021-06-26 17:40:39,52.229495,6
920,525,21.180105,9826,2021-06-26 17:40:42,52.206917,2
921,710,21.011251,9827,2021-06-26 17:40:43,52.074202,2
922,Z10,20.924973,9828,2021-06-26 17:40:48,52.260841,9
923,525,21.009169,9830,2021-06-26 17:40:45,52.229115,5
924,742,21.197407,9833,2021-06-26 17:40:47,52.002411,1
925,710,21.067696,9834,2021-06-26 17:40:48,52.129337,4
926,719,20.905117,9835,2021-06-26 17:40:45,52.239166,1
927,Z10,20.910992,9836,2021-06-26 17:40:49,52.249752,8
928,Z10,20.914087,9837,2021-06-26 17:40:47,52.236679,M4
929,109,20.900953,9838,2021-06-26 17:40:47,52.239208,4
930,127,20.951448,9839,2021-06-26 17:40:44,52.211243,4
931,109,21.033875,9842,2021-06-26 17:40:47,52.226704,2
932,525,21.001955,9846,2021-06-26 17:40:45,52.228184,319
933,719,20.586412,9849,2021-06-26 17:40:45,52.257549,2
934,719,20.917883,9852,2021-06-26 17:40:44,52.239483,3
935,114,20.924471,9901,2021-06-26 17:40:44,52.281467,1
936,114,20.938858,9903,2021-06-26 17:40:48,52.275162,5
937,186,20.963804,9905,2021-06-26 17:40:44,52.207767,5
938,193,21.036936,9906,2021-06-26 17:40:44,52.161972,1
939,114,20.985949,9907,2021-06-26 17:40:44,52.268429,7
940,186,20.944645,9908,2021-06-26 17:40:45,52.322319,1
941,186,20.957756,9909,2021-06-26 17:40:47,52.241955,3
942,186,20.956795,9912,2021-06-26 17:40:46,52.228336,6
943,186,20.942278,9915,2021-06-26 17:40:44,52.334164,9
944,186,21.002411,9916,2021-06-26 17:40:46,52.289654,2
945,190,20.937052,9919,2021-06-26 17:40:47,52.239677,2
946,190,20.914244,9920,2021-06-26 17:40:45,52.235397,5
947,190,21.084011,9921,2021-06-26 17:40:48,52.297298,9
948,190,21.048441,9922,2021-06-26 17:40:48,52.260525,10
949,193,21.019403,9923,2021-06-26 17:40:44,52.173325,2
950,193,20.995462,9925,2021-06-26 17:40:46,52.170177,3
951,114,21.041803,9928,2021-06-26 17:40:46,52.300259,63
952,114,20.917675,9930,2021-06-26 17:40:45,52.310299,2
953,193,21.045198,9933,2021-06-26 17:40:45,52.165539,4
954,190,20.896713,9935,2021-06-26 17:40:48,52.237007,4
955,186,20.971544,9939,2021-06-26 17:40:46,52.320827,8
956,114,21.002867,9940,2021-06-26 17:40:47,52.290699,4
957,114,21.041813,9941,2021-06-26 17:40:47,52.293209,6
958,186,20.975571,9942,2021-06-26 17:40:44,52.204575,4
959,190,21.078033,9946,2021-06-26 17:40:48,52.290413,8
960,190,20.896507,9947,2021-06-26 17:40:45,52.235092,3
961,190,20.965956,9949,2021-06-26 17:40:47,52.237198,6
962,190,21.046255,9951,2021-06-26 17:40:44,52.25993,7
963,190,20.971685,9953,2021-06-26 17:40:46,52.236923,1
964,186,20.95542,9954,2021-06-26 17:40:46,52.264771,67
965,o43A,21.423235,9999,2021-06-25 14:26:34,50.302956,1
