,Lines,Lon,VehicleNumber,Time,Lat,Brigade
0,213,21.1152613,1000,2021-06-25 23:22:58,52.2346205,3
1,213,21.115043,1001,2021-06-25 23:56:49,52.23463,1
2,213,21.1677673,1003,2021-06-26 18:03:07,52.2006811,1
3,311,21.115233,1004,2021-06-25 21:52:40,52.23458,2
4,196,21.11514,1005,2021-06-25 23:48:58,52.234611,1
5,130,21.11559,1008,2021-06-25 20:19:05,52.234613,04
6,213,21.1022875,1010,2021-06-26 18:03:04,52.2228196,2
7,213,21.188759,1011,2021-06-26 18:03:04,52.1498915,4
8,311,21.1155166,1012,2021-06-25 21:16:38,52.2346153,1
9,213,21.1725523,1015,2021-06-26 18:03:04,52.1885511,3
10,108,21.038248,1020,2021-06-26 18:03:07,52.216961,3
11,218,20.9937342,1021,2021-06-26 18:03:08,52.1887571,4
12,218,21.0234195,1024,2021-06-26 18:03:07,52.1799181,2
13,192,21.061687,1025,2021-06-26 18:03:07,52.136772,3
14,195,20.9979977,1026,2021-06-25 21:14:18,52.1862374,2
15,163,21.082434,1027,2021-06-26 18:03:07,52.18158,1
16,218,20.993874,1028,2021-06-26 18:03:07,52.188835,3
17,163,21.0845615,1030,2021-06-26 18:03:07,52.1683074,2
18,163,21.049072,1031,2021-06-26 18:03:07,52.178253,3
19,108,21.046026,1038,2021-06-26 18:02:53,52.215728,4
20,192,21.0181962,1039,2021-06-26 18:03:07,52.1529689,2
21,204,21.0550867,1040,2021-06-26 18:02:54,52.324785,1
22,736,20.9887383,1042,2021-06-26 18:03:06,52.3036717,1
23,204,21.043091,1043,2021-06-25 22:53:22,52.26632,05
24,204,21.0231533,1044,2021-06-26 18:03:05,52.277265,3
25,107,21.046234,1045,2021-06-25 22:36:50,52.264653,4
26,204,21.042681,1046,2021-06-25 23:57:31,52.266098,1
27,204,21.023256,1047,2021-06-26 18:03:01,52.286301,2
28,228,20.921443,1050,2021-06-25 23:41:52,52.196853,2
29,328,20.921189,1051,2021-06-25 22:30:10,52.196913,01
30,129,20.9393217,1052,2021-06-26 18:03:07,52.245925,2
31,129,20.9209583,1053,2021-06-26 18:02:55,52.2045767,3
32,129,20.8826617,1055,2021-06-26 18:03:00,52.1951483,4
33,129,20.9365517,1057,2021-06-26 18:03:00,52.2348117,1
34,119,21.1716064,1061,2021-06-26 18:03:07,52.2056321,4
35,119,21.176695,1062,2021-06-26 18:03:07,52.206234,5
36,192,21.024309,1064,2021-06-26 18:03:09,52.179871,1
37,192,21.0461052,1069,2021-06-26 18:03:07,52.1503306,52
38,108,21.0304362,1070,2021-06-26 18:03:07,52.1777951,1
39,108,21.056406,1074,2021-06-26 18:03:07,52.182209,2
40,218,21.024248,1076,2021-06-26 18:03:07,52.179749,1
41,192,21.068604,1079,2021-06-26 18:03:07,52.129108,4
42,173,21.0426228,1101,2021-06-26 00:28:34,52.2664063,2
43,240,21.0008535,1109,2021-06-26 18:03:05,52.291386,2
44,173,21.048266,1110,2021-06-25 19:53:25,52.264265,3
45,170,21.0806676,1111,2021-06-26 18:03:07,52.2775071,2
46,132,20.9687748,1112,2021-06-26 18:03:06,52.2720411,51
47,126,21.046033,1113,2021-06-25 23:08:32,52.264159,4
48,338,21.046365,1116,2021-06-25 19:40:36,52.2645706,05
49,170,21.0361205,1117,2021-06-26 18:03:12,52.2534043,4
50,739,21.031048,1200,2021-06-26 18:03:08,52.095894,65
51,739,21.0397184,1201,2021-06-26 18:03:07,52.0805467,64
52,166,21.0581009,1203,2021-06-26 18:03:08,52.1399354,1
53,727,21.02808,1205,2021-06-26 18:03:07,52.067863,68
54,727,21.017446,1208,2021-06-26 18:03:07,52.1478419,62
55,141,21.073275,1211,2021-06-26 18:03:08,52.231964,2
56,739,21.0238044,1213,2021-06-26 18:03:07,52.1799365,66
57,166,21.036133,1214,2021-06-26 18:03:03,52.235794,3
58,727,21.0191777,1216,2021-06-26 18:03:08,52.0897935,67
59,739,21.0181682,1218,2021-06-26 18:03:08,52.140474,63
60,166,21.068264,1219,2021-06-26 18:03:07,52.129253,8
61,166,21.049036,1220,2021-06-26 18:03:08,52.155449,7
62,727,20.979755,1223,2021-06-26 18:03:08,52.047127,61
63,240,21.0483353,1400,2021-06-26 00:03:19,52.2641493,1
64,170,21.0938111,1401,2021-06-26 18:03:04,52.2709358,3
65,170,21.0454971,1403,2021-06-25 21:36:41,52.2652081,3
66,240,21.043604,1408,2021-06-25 23:31:26,52.266069,4
67,146,21.16028,1411,2021-06-26 18:03:07,52.165253,58
68,173,21.217579,1412,2021-06-26 18:03:07,52.214394,3
69,730,21.128145,1413,2021-06-26 18:03:07,52.233685,61
70,146,21.042727,1417,2021-06-26 18:03:07,52.24295,57
71,199,21.115231,1418,2021-06-26 18:03:07,52.278023,3
72,147,21.099487,1419,2021-06-26 18:03:08,52.216343,53
73,183,21.189964,1422,2021-06-26 18:03:07,52.244373,3
74,147,21.243031,1425,2021-06-26 18:03:07,52.219162,54
75,147,21.133595,1426,2021-06-26 18:03:08,52.202488,55
76,146,21.204624,1427,2021-06-26 18:03:07,52.1595,59
77,119,21.051163,1429,2021-06-26 18:03:08,52.196381,1
78,L11,20.860264,14422,2021-06-26 18:03:05,52.44783,2
79,L10,20.945208,14423,2021-06-26 14:34:04,52.437897,M4
80,L11,20.723183,14424,2021-06-25 20:30:06,52.424343,51
81,L-9,20.943853,14426,2021-06-26 18:03:04,52.399025,3
82,L11,20.788767,14427,2021-06-26 18:03:06,52.438145,1
83,L34,20.888666,14429,2021-06-26 18:03:07,52.419369,1
84,L10,20.945269,14430,2021-06-26 16:19:41,52.437912,M5
85,L34,20.945213,14431,2021-06-25 19:23:11,52.437866,2
86,L41,20.709789,14432,2021-06-26 18:03:08,52.4305,1
87,L33,20.945353,14434,2021-06-25 23:24:58,52.438198,1
88,L49,20.889441,14436,2021-06-26 18:03:03,52.414673,1
89,L-9,20.949566,14440,2021-06-25 23:13:11,52.471237,055
90,338,21.045604,1500,2021-06-25 19:27:18,52.264496,03
91,106,20.9662863,1508,2021-06-26 18:03:05,52.2433283,5
92,735,21.0326131,1509,2021-06-26 18:03:07,52.391474,M4
93,240,21.1007986,1510,2021-06-26 18:03:05,52.318067,4
94,110,20.8870486,1513,2021-06-26 18:03:06,52.3049118,52
95,147,21.044424,1514,2021-06-25 19:54:57,52.2648745,06
96,115,21.24215,1521,2021-06-26 18:03:03,52.1699333,4
97,115,21.1889,1523,2021-06-26 18:03:04,52.184546,3
98,702,21.251255,1524,2021-06-26 18:03:08,52.0998233,2
99,183,21.115313,1526,2021-06-26 00:16:52,52.233074,4
100,N16,21.116845,1527,2021-06-26 05:37:31,52.233048,2
101,N44,21.117096,1528,2021-06-26 05:37:25,52.233049,207
102,702,21.1677833,1531,2021-06-26 18:03:01,52.1614317,1
103,202,21.043095,1532,2021-06-26 18:03:02,52.2472067,2
104,141,21.0144033,1533,2021-06-26 18:03:02,52.1960967,6
105,119,21.0361433,1535,2021-06-26 18:02:58,52.2019633,3
106,156,20.963361,1537,2021-06-26 18:03:05,52.275294,2
107,132,21.0756667,1538,2021-06-26 18:02:56,52.3243017,55
108,120,21.05477,1539,2021-06-26 18:03:00,52.2962533,1
109,156,21.0521317,1540,2021-06-26 18:02:57,52.25301,5
110,166,21.0270983,1542,2021-06-26 18:02:57,52.2600383,4
111,221,20.9940683,1543,2021-06-26 18:03:06,52.2594683,2
112,N03,21.044968,1545,2021-06-26 05:08:35,52.264589,2
113,156,21.022125,1546,2021-06-26 18:03:07,52.2863317,4
114,512,21.03977,1548,2021-06-26 18:03:02,52.25076,1
115,120,21.0465383,1549,2021-06-26 18:03:01,52.2597217,2
116,166,21.0310383,1550,2021-06-26 18:02:57,52.2068783,6
117,120,21.0514567,1551,2021-06-26 18:02:54,52.36108,6
118,156,20.92797,1552,2021-06-26 18:02:54,52.2908267,3
119,L35,21.315708,17455,2021-06-26 18:03:06,52.369888,51
120,L40,21.221706,17458,2021-06-26 18:03:08,52.345444,1
121,L43,21.077759,17461,2021-06-26 08:32:11,52.26762,51
122,L43,21.077951,17462,2021-06-26 17:54:57,52.267616,52
123,L45,21.175268,17464,2021-06-26 18:03:10,52.31081,1
124,L37,21.176323,17466,2021-06-25 22:21:40,52.312318,2
125,L38,21.272333,17467,2021-06-26 18:03:07,52.331913,51
126,240,21.0130215,1802,2021-06-26 18:03:05,52.293907,3
127,N12,21.045453,1803,2021-06-26 04:33:33,52.264459,128
128,110,20.9685573,1804,2021-06-26 18:03:06,52.2722085,53
129,132,21.0226781,1805,2021-06-26 18:03:07,52.2971341,54
130,122,20.9146521,1807,2021-06-26 18:03:06,52.2515866,6
131,106,21.0435196,1808,2021-06-26 06:30:45,52.2662013,4
132,N11,21.0454075,1809,2021-06-26 05:42:59,52.264945,122
133,106,21.0204921,1810,2021-06-26 18:03:03,52.243185,2
134,106,20.9976246,1811,2021-06-26 18:03:12,52.2357665,1
135,106,21.0104708,1812,2021-06-26 18:03:02,52.2361646,3
136,170,21.0209,1814,2021-06-26 18:03:02,52.2637,1
137,122,20.9785065,1815,2021-06-26 18:03:03,52.2667923,3
138,N12,21.046083,1816,2021-06-26 05:05:03,52.264528,210
139,173,21.042571,1818,2021-06-25 23:48:59,52.2664061,10
140,173,21.1475468,1821,2021-06-26 18:03:04,52.2382991,2
141,115,21.1564231,1826,2021-06-26 18:03:02,52.2569093,2
142,146,21.0522656,1828,2021-06-26 18:03:06,52.2503266,52
143,146,21.0724843,1829,2021-06-26 18:03:00,52.2214711,51
144,183,21.0888478,1830,2021-06-26 18:03:04,52.244914,1
145,119,21.1165895,1832,2021-06-25 22:22:16,52.2331471,06
146,183,21.1360813,1833,2021-06-26 18:03:03,52.24237,2
147,173,21.2154818,1835,2021-06-26 18:03:04,52.2465998,4
148,115,21.1593163,1837,2021-06-26 18:03:02,52.2578565,1
149,168,21.0322006,1838,2021-06-26 18:03:02,52.2067448,1
150,115,21.1852655,1839,2021-06-26 18:03:05,52.1881128,5
151,147,21.1172291,1840,2021-06-25 21:35:22,52.2330755,09
152,142,21.1168673,1842,2021-06-25 20:08:52,52.2330963,08
153,168,21.009523,1843,2021-06-26 18:03:01,52.203355,3
154,173,21.1167918,1844,2021-06-25 23:53:58,52.233165,8
155,168,21.089286,1846,2021-06-26 18:02:48,52.220484,4
156,722,21.230525,1847,2021-06-26 18:03:06,52.2233758,62
157,198,21.1158643,1848,2021-06-25 20:42:24,52.2333196,2
158,198,21.2222556,1849,2021-06-26 18:03:04,52.2398785,1
159,183,21.115764,1850,2021-06-25 21:22:25,52.233265,3
160,183,21.1154913,1851,2021-06-26 00:18:45,52.2331743,07
161,198,21.222688,1854,2021-06-26 18:03:06,52.2183235,2
162,146,21.115132,1856,2021-06-26 00:38:41,52.233222,4
163,115,21.115681,1857,2021-06-26 00:02:26,52.2331425,5
164,146,21.1166211,1858,2021-06-25 20:46:49,52.2331278,07
165,198,21.1172503,1859,2021-06-25 19:30:46,52.2330405,05
166,115,21.1153055,1860,2021-06-26 00:28:39,52.2332403,6
167,173,21.0741373,1866,2021-06-26 18:03:04,52.250073,5
168,173,21.0526185,1867,2021-06-26 18:03:03,52.2501186,1
169,115,21.1165116,1869,2021-06-25 23:18:40,52.2330776,3
170,222,20.9958813,1901,2021-06-26 18:03:05,52.1934183,3
171,251,21.0611651,1909,2021-06-26 18:03:07,52.1714299,3
172,222,21.0215764,1910,2021-06-26 18:03:05,52.2092696,2
173,222,21.007502,1911,2021-06-26 18:03:07,52.23838,1
174,251,21.091393,1912,2021-06-26 18:03:08,52.151501,2
175,222,21.011347,1916,2021-06-26 18:03:07,52.230305,5
176,251,21.123215,1919,2021-06-26 18:03:07,52.089481,1
177,222,21.0239104,1920,2021-06-26 18:03:07,52.19746,4
178,178,20.999977,1995,2021-06-26 18:03:07,52.234459,2
179,178,21.004025,1996,2021-06-26 18:03:08,52.2553624,1
180,178,21.007278,1997,2021-06-26 18:03:08,52.234966,5
181,178,20.916157,1998,2021-06-26 18:03:08,52.205208,3
182,178,20.9007554,1999,2021-06-26 18:03:08,52.1902547,4
183,171,20.9176104,2009,2021-06-26 18:03:07,52.258908,1
184,189,20.8970159,2015,2021-06-26 18:03:08,52.2296424,9
185,187,20.981695,2016,2021-06-26 18:03:08,52.216183,5
186,709,21.021132,2021,2021-06-26 18:03:08,52.176018,5
187,Z26,21.014168,2022,2021-06-26 18:03:08,52.245476,4
188,172,20.9609836,2024,2021-06-26 18:03:08,52.2160301,63
189,217,21.0752249,2026,2021-06-26 18:03:08,52.1578975,3
190,519,21.092821,2027,2021-06-26 18:03:08,52.116768,3
191,172,20.9814499,2028,2021-06-26 18:03:07,52.2017029,1
192,189,20.898779,2029,2021-06-26 18:03:07,52.238705,8
193,Z26,20.974487,2030,2021-06-26 18:03:08,52.2356,7
194,522,21.080179,2032,2021-06-26 18:03:07,52.157948,3
195,174,21.004822,2035,2021-06-26 18:03:08,52.217609,2
196,709,21.0188696,2038,2021-06-26 18:03:08,52.1019274,6
197,709,21.016293,2039,2021-06-26 18:03:08,52.070858,1
198,709,21.025673,2040,2021-06-26 18:03:07,52.075409,2
199,709,21.017996,2041,2021-06-26 18:03:07,52.124695,3
200,709,21.024096,2042,2021-06-26 18:03:08,52.179993,4
201,517,20.8617429,2200,2021-06-26 18:03:07,52.1909595,1
202,N35,20.921913,2206,2021-06-26 06:01:56,52.1961371,237
203,184,20.924929,2210,2021-06-26 18:03:08,52.2616,3
204,191,20.9592696,2213,2021-06-26 18:03:08,52.2160829,1
205,189,20.9642397,2227,2021-06-26 18:03:08,52.188081,4
206,105,20.922151,2236,2021-06-26 00:04:20,52.196038,4
207,189,21.0635779,2237,2021-06-26 18:03:07,52.186668,14
208,124,20.96497,2240,2021-06-26 18:03:01,52.151798,2
209,105,20.898832,2247,2021-06-26 18:03:07,52.238811,5
210,141,20.921326,2253,2021-06-25 18:30:50,52.197259,014
211,401,20.920378,2254,2021-06-25 19:44:39,52.196613,012
212,191,20.929439,2258,2021-06-26 18:03:07,52.2027197,3
213,L20,21.471462,24511,2021-06-25 23:35:10,52.132233,1
214,L20,21.471769,24513,2021-06-26 15:05:20,52.132652,1
215,L20,21.263424,24515,2021-06-26 18:03:07,52.107418,1
216,162,21.0256098,3400,2021-06-26 18:03:07,52.2381196,5
217,185,21.0115886,3401,2021-06-26 18:03:07,52.2549045,6
218,723,20.9227996,3403,2021-06-26 18:03:04,52.3981786,3
219,735,20.9682811,3404,2021-06-26 18:03:07,52.271949,63
220,731,21.000808,3405,2021-06-26 18:03:02,52.291249,3
221,414,21.047923,3406,2021-06-25 20:26:01,52.264541,07
222,731,20.9255426,3407,2021-06-26 18:03:04,52.4216716,1
223,738,21.0485045,3408,2021-06-26 01:02:31,52.264437,1
224,414,21.0468988,3409,2021-06-25 20:46:35,52.2649078,08
225,126,20.9617746,3410,2021-06-26 18:03:06,52.3346163,2
226,169,21.04371,3411,2021-06-25 21:40:49,52.265391,1
227,140,21.0528826,3413,2021-06-26 18:03:04,52.2768161,1
228,509,20.9716651,3414,2021-06-26 18:03:05,52.3209173,2
229,114,21.0478216,3415,2021-06-25 23:08:38,52.2646596,5
230,723,21.0454035,3417,2021-06-25 21:48:49,52.2654235,1
231,145,21.0482198,3421,2021-06-26 18:03:05,52.2880048,7
232,509,21.0439425,3422,2021-06-26 18:03:03,52.2492215,355
233,Z26,20.979747,3423,2021-06-26 18:03:05,52.2369248,1
234,169,21.0477433,3429,2021-06-25 23:04:14,52.2646666,3
235,126,21.056821,3430,2021-06-26 18:03:07,52.3019523,4
236,114,21.04857,3434,2021-06-26 00:33:00,52.264513,2
237,518,21.0478431,3437,2021-06-25 23:46:13,52.264609,6
238,705,21.1174045,3438,2021-06-26 18:03:08,52.4806153,66
239,738,21.0908503,3440,2021-06-26 18:03:06,52.3056073,2
240,114,21.0428833,3441,2021-06-25 23:51:31,52.2659116,7
241,140,21.1112168,3444,2021-06-26 18:03:07,52.3609321,2
242,509,20.9408776,3446,2021-06-26 18:03:04,52.3279965,4
243,731,20.93465,3447,2021-06-26 18:03:04,52.392896,2
244,126,21.0244461,3448,2021-06-26 18:03:04,52.2867476,1
245,518,21.043485,3449,2021-06-25 21:30:55,52.265478,7
246,126,20.9657566,3450,2021-06-26 18:03:02,52.331539,3
247,126,21.0218896,3451,2021-06-26 18:03:05,52.2865733,M5
248,705,21.0287535,3454,2021-06-26 18:03:03,52.3474368,62
249,145,21.000285,3455,2021-06-26 18:03:05,52.2913625,6
250,Z26,20.9930475,3456,2021-06-26 18:03:02,52.2418406,5
251,509,20.9962076,3458,2021-06-26 18:03:05,52.2968523,5
252,Z26,20.9743186,3459,2021-06-26 18:03:07,52.2354775,6
253,738,21.0912768,3461,2021-06-26 18:03:04,52.3063936,3
254,731,21.04776,3463,2021-06-26 00:40:56,52.264114,5
255,735,21.0444471,3464,2021-06-25 23:05:19,52.2656713,64
256,723,21.0441993,3466,2021-06-26 00:00:11,52.265954,2
257,738,21.181482,3469,2021-06-26 18:03:02,52.417188,1
258,L19,21.034472,36443,2021-06-26 17:31:57,52.083504,51
259,L17,20.899836,36444,2021-06-26 13:08:02,51.912342,51
260,L25,21.124655,36448,2021-06-26 18:03:08,51.976849,1
261,L39,21.038214,38541,2021-06-26 18:03:02,52.079048,4
262,L39,21.024326,38545,2021-06-26 18:03:07,52.061974,3
263,L52,21.008165,38546,2021-06-26 18:03:01,52.056667,51
264,L39,20.989628,38547,2021-06-26 17:45:51,52.110771,1
265,L39,21.049364,38548,2021-06-26 18:03:02,52.101986,2
266,L24,21.029491,38549,2021-06-26 18:03:05,52.074955,51
267,L-5,20.961802,39551,2021-06-26 18:03:08,52.066601,62
268,L-2,21.034941,39552,2021-06-25 19:11:52,52.083633,063
269,L25,21.191267,39555,2021-06-25 23:37:02,51.987377,1
270,L13,20.995182,39556,2021-06-26 18:03:08,52.041103,63
271,L-5,21.028877,39558,2021-06-26 18:03:03,52.073997,61
272,L-2,20.897985,39559,2021-06-26 18:03:07,52.008171,1
273,L13,21.217253,39561,2021-06-25 20:05:15,51.98262,03
274,L12,21.029543,39562,2021-06-26 18:03:07,52.074581,1
275,L12,21.034851,39565,2021-06-26 12:57:20,52.083328,1
276,197,20.94537,4200,2021-06-26 18:03:08,52.265965,3
277,721,20.933971,4201,2021-06-26 18:03:08,52.166433,75
278,711,20.9130377,4205,2021-06-26 18:03:08,52.147518,1
279,122,20.8987609,4206,2021-06-26 18:03:08,52.2385612,1
280,141,20.984674,4208,2021-06-26 18:03:08,52.198391,9
281,197,20.976004,4213,2021-06-26 18:03:07,52.289787,4
282,154,20.8975786,4214,2021-06-26 18:03:07,52.2458744,6
283,141,21.0479176,4216,2021-06-26 18:03:07,52.2096945,5
284,154,20.9728966,4217,2021-06-26 18:03:07,52.2066805,2
285,154,20.942961,4218,2021-06-26 18:03:06,52.238491,1
286,255,20.9310237,4219,2021-06-26 18:03:08,52.2253237,1
287,714,20.9329637,4220,2021-06-26 18:03:08,52.2402209,1
288,255,20.9819822,4224,2021-06-26 18:03:07,52.2298814,2
289,714,20.887993,4226,2021-06-26 18:03:08,52.240177,2
290,122,20.925373,4227,2021-06-26 18:03:07,52.26384,2
291,154,20.969547,4231,2021-06-26 18:03:07,52.194015,4
292,141,20.96304,4232,2021-06-26 18:03:08,52.1884887,7
293,197,20.938377,4233,2021-06-26 18:03:08,52.2601112,5
294,L-1,20.89243,42361,2021-06-26 14:43:02,52.090702,1
295,154,20.952805,4238,2021-06-26 18:03:07,52.227528,5
296,141,21.112864,4240,2021-06-26 18:03:08,52.236263,3
297,122,20.976534,4241,2021-06-26 18:03:08,52.289845,4
298,122,20.976234,4242,2021-06-26 18:03:07,52.266117,5
299,197,20.941189,4243,2021-06-26 18:03:08,52.233444,2
300,901,21.0361164,4244,2021-06-26 18:03:07,52.2220355,1
301,901,21.004852,4246,2021-06-26 18:03:08,52.229916,3
302,154,20.943656,4247,2021-06-26 18:02:57,52.175366,3
303,154,20.89847,4248,2021-06-26 18:03:09,52.25832,7
304,L-1,20.93656,42498,2021-06-23 19:45:16,52.08992,2
305,L-3,20.872158,42500,2021-06-26 18:03:09,52.066834,1
306,147,21.0461844,4305,2021-06-26 18:03:08,52.2484054,56
307,202,21.0749682,4307,2021-06-26 18:03:08,52.2500932,1
308,119,21.0003082,4311,2021-06-26 18:03:09,52.2061289,2
309,105,16.9750897,4332,2021-06-26 13:35:37,52.5472771,4
310,512,21.065571,4400,2021-06-26 18:03:08,52.274757,4
311,197,20.9064449,4402,2021-06-26 18:03:08,52.2176374,6
312,221,20.9714692,4404,2021-06-26 18:03:08,52.2585944,1
313,120,21.058426,4405,2021-06-26 18:03:07,52.266544,4
314,156,21.0639516,4406,2021-06-26 18:03:08,52.2599342,1
315,N02,21.044418,4407,2021-06-26 06:46:43,52.265051,3
316,240,21.065784,4408,2021-06-26 18:03:07,52.312584,1
317,197,20.862549,4409,2021-06-26 18:03:08,52.190208,1
318,197,20.86248,4410,2021-06-26 18:03:08,52.190254,7
319,120,21.0387204,4411,2021-06-26 18:03:06,52.3529845,7
320,106,20.990644,4412,2021-06-26 18:03:07,52.2345011,4
321,152,21.04444,4413,2021-06-25 20:19:00,52.265066,06
322,N16,21.045311,4415,2021-06-26 05:39:26,52.264876,1
323,120,21.045601,4417,2021-06-26 13:08:26,52.264446,1
324,199,21.0444199,4418,2021-06-25 20:09:09,52.264953,2
325,901,21.035604,4420,2021-06-26 18:03:08,52.222218,2
326,166,21.044475,4421,2021-06-26 18:03:07,52.2490445,5
327,N03,21.0459804,4422,2021-06-26 05:41:10,52.2641299,1
328,166,21.040688,4423,2021-06-26 18:02:57,52.170288,2
329,901,21.003889,4424,2021-06-26 18:03:08,52.229515,4
330,512,21.072863,4425,2021-06-26 18:03:05,52.284081,2
331,120,21.0509459,4428,2021-06-26 18:03:07,52.2525342,3
332,512,21.04965,4429,2021-06-26 18:03:07,52.285999,3
333,120,21.058365,4431,2021-06-26 18:03:07,52.300983,5
334,512,21.052221,4434,2021-06-26 18:03:06,52.252895,5
335,100,21.0070513,4617,2021-06-26 18:02:59,52.2377828,M1
336,184,20.9480345,5205,2021-06-26 18:03:02,52.2365249,6
337,189,21.0461817,5206,2021-06-26 18:02:59,52.1774348,2
338,105,20.9261836,5208,2021-06-26 18:03:08,52.2225791,1
339,188,20.9743573,5209,2021-06-26 18:03:04,52.1692108,3
340,105,20.9765635,5210,2021-06-26 18:02:59,52.229068,2
341,172,20.977145,5211,2021-06-26 18:03:01,52.21101,4
342,189,20.9515301,5212,2021-06-26 18:03:07,52.191654,11
343,105,20.8973734,5214,2021-06-26 18:03:02,52.2163007,3
344,189,21.040206,5215,2021-06-26 18:03:04,52.171336,13
345,716,20.8587011,5216,2021-06-26 18:03:03,52.193206,1
346,172,20.9555826,5217,2021-06-26 18:03:04,52.2120991,2
347,523,20.9833461,5221,2021-06-26 18:03:07,52.2161763,3
348,517,20.895423,5222,2021-06-26 18:03:00,52.193375,2
349,523,20.9116222,5223,2021-06-26 18:03:05,52.2531714,1
350,171,20.9248571,5224,2021-06-26 18:02:59,52.2726422,3
351,105,20.8989649,5225,2021-06-26 18:03:04,52.2387812,4
352,210,20.8964944,5228,2021-06-26 18:03:03,52.2845562,3
353,187,20.9534108,5229,2021-06-26 18:03:02,52.2125602,1
354,171,20.9249976,5232,2021-06-26 18:03:04,52.2406435,4
355,136,20.993976,5234,2021-06-26 18:02:51,52.183489,5
356,184,20.9638869,5235,2021-06-26 18:03:02,52.2080591,1
357,517,21.0005758,5236,2021-06-26 18:03:07,52.227353,5
358,Z10,20.9249179,5237,2021-06-26 18:02:58,52.2608163,3
359,171,20.9250758,5238,2021-06-26 18:03:08,52.2724311,2
360,171,21.0015495,5240,2021-06-26 18:03:03,52.2439101,5
361,191,20.9837748,5241,2021-06-26 18:03:06,52.2181143,2
362,148,20.9817693,5242,2021-06-26 18:02:59,52.167901,4
363,190,20.920664,5245,2021-06-25 20:12:48,52.196575,016
364,523,21.1067979,5253,2021-06-26 18:03:05,52.2480301,5
365,141,20.9224014,5255,2021-06-26 00:37:46,52.1970728,4
366,182,20.92243,5256,2021-06-25 19:09:29,52.1956758,011
367,188,20.977943,5257,2021-06-26 18:03:05,52.169566,52
368,187,20.8847556,5258,2021-06-26 18:03:02,52.19457,2
369,184,20.9391713,5260,2021-06-26 18:03:02,52.2775658,5
370,N46,21.047172,5403,2021-06-26 06:04:29,52.2647932,150
371,500,21.041719,5404,2021-06-26 18:03:07,52.300304,52
372,169,21.034662,5406,2021-06-26 18:03:08,52.258411,5
373,705,20.969931,5407,2021-06-26 18:03:08,52.272133,65
374,160,20.9972492,5410,2021-06-26 18:03:07,52.235651,M5
375,500,20.981886,5412,2021-06-26 18:03:08,52.254112,54
376,160,21.04999,5413,2021-06-26 18:03:07,52.274246,M2
377,500,21.042564,5419,2021-06-26 18:03:08,52.299126,M56
378,527,21.0502822,5425,2021-06-26 18:03:08,52.2908867,3
379,162,21.0274671,5426,2021-06-26 18:03:07,52.259642,1
380,162,21.026405,5428,2021-06-26 18:03:08,52.237003,2
381,185,20.9808,5429,2021-06-26 18:03:07,52.2759,8
382,112,21.092384,5430,2021-06-26 18:03:08,52.30764,3
383,145,21.112352,5432,2021-06-26 18:03:08,52.28101,4
384,409,21.048,5433,2021-06-26 18:03:07,52.2866,57
385,112,20.883106,5434,2021-06-26 18:03:07,52.214798,9
386,169,21.037828,5435,2021-06-26 18:03:05,52.266994,3
387,527,21.058174,5436,2021-06-26 18:03:08,52.300026,2
388,409,20.930752,5437,2021-06-26 18:03:08,52.307251,53
389,160,21.0602755,5438,2021-06-26 18:03:07,52.3143302,7
390,112,20.9254832,5439,2021-06-26 18:03:08,52.262003,12
391,500,21.0194634,5441,2021-06-26 18:03:07,52.2635951,55
392,160,21.0029601,5443,2021-06-26 18:03:07,52.2294982,4
393,520,21.0934,5445,2021-06-26 18:02:57,52.2353,4
394,511,20.9307899,5448,2021-06-26 18:03:07,52.2915042,1
395,160,21.0584777,5449,2021-06-26 18:03:08,52.3005705,1
396,527,21.068308,5453,2021-06-26 18:03:07,52.323574,1
397,160,20.997581,5454,2021-06-26 18:03:08,52.234848,3
398,723,21.000622,5455,2021-06-26 18:03:07,52.291157,2
399,511,20.9308767,5459,2021-06-26 18:03:08,52.2926616,2
400,185,21.0219527,5460,2021-06-26 18:03:07,52.1426527,3
401,180,21.013329,5870,2021-06-26 18:03:05,52.230049,7
402,503,21.044252,5871,2021-06-26 18:03:06,52.192551,3
403,503,21.005701,5873,2021-06-26 18:03:04,52.248878,5
404,503,21.004375,5875,2021-06-26 18:03:08,52.255478,7
405,180,20.981319,5876,2021-06-26 18:03:04,52.252975,62
406,175,20.984671,5880,2021-06-26 18:03:05,52.20155,55
407,175,20.978195,5882,2021-06-26 18:03:05,52.180733,53
408,128,21.012949,5884,2021-06-26 18:03:09,52.24324,51
409,175,20.988445,5886,2021-06-26 18:03:07,52.211033,52
410,128,21.007326,5887,2021-06-26 18:03:05,52.238342,64
411,128,20.963743,5889,2021-06-26 18:03:06,52.207691,59
412,180,21.053102,5890,2021-06-26 18:03:07,52.196457,3
413,180,20.924816,5891,2021-06-26 18:03:05,52.27253,11
414,180,21.065573,5892,2021-06-26 18:03:08,52.185078,5
415,128,20.963453,5895,2021-06-26 18:03:07,52.20776,60
416,128,20.998121,5897,2021-06-25 23:36:40,52.187019,51
417,503,21.018669,5898,2021-06-26 18:03:06,52.231186,4
418,111,21.102451,5900,2021-06-26 18:03:05,52.222076,4
419,158,21.086678,5902,2021-06-26 18:03:05,52.237392,5
420,128,20.985037,5904,2021-06-26 18:03:07,52.20113,58
421,116,20.924984,5905,2021-06-26 18:03:04,52.27227,69
422,158,21.117008,5907,2021-06-25 21:44:36,52.233902,5
423,175,21.116972,5908,2021-06-25 19:38:19,52.233955,068
424,116,21.116823,5910,2021-06-26 00:07:33,52.233971,17
425,158,21.013075,5913,2021-06-26 18:03:06,52.229977,6
426,158,21.1176644,5915,2021-06-26 18:03:05,52.2337556, 
427,111,21.06068,5920,2021-06-26 18:03:07,52.232628,6
428,116,21.083591,5921,2021-06-26 18:03:05,52.166103,5
429,111,21.107388,5922,2021-06-26 07:42:12,52.233645, 
430,111,21.116245,5926,2021-06-26 00:24:55,52.234005,5
431,111,21.067539,5927,2021-06-26 18:03:09,52.231709,3
432,111,20.979084,5931,2021-06-26 18:03:08,52.244347,8
433,128,21.008144,5932,2021-06-26 18:03:06,52.235493,61
434,158,20.951206,5933,2021-06-26 18:03:06,52.2115901,1
435,158,21.1136435,5934,2021-06-26 18:03:06,52.233134, 
436,503,21.115843,5935,2021-06-26 00:31:56,52.233995,013
437,116,21.083961,5936,2021-06-26 18:03:08,52.165993,4
438,503,21.0471,5937,2021-06-26 18:03:08,52.1506,1
439,175,21.012779,5939,2021-06-26 18:03:08,52.243198,56
440,116,21.063602,5940,2021-06-26 18:03:05,52.174522,3
441,175,21.115613,5941,2021-06-25 21:43:06,52.234041,63
442,116,21.011765,5942,2021-06-26 18:03:06,52.24646,7
443,503,21.038963,5943,2021-06-26 18:03:07,52.198112,9
444,158,21.034197,5946,2021-06-26 18:03:05,52.234604,2
445,175,20.978245,5947,2021-06-26 18:03:08,52.169415,54
446,116,21.026945,5948,2021-06-26 18:03:08,52.211452,56
447,518,20.997467,5950,2021-06-26 18:03:06,52.288124,2
448,518,21.012724,5952,2021-06-26 18:03:05,52.277603,2
449,503,21.048672,5954,2021-06-26 18:03:04,52.147739,2
450,503,21.007027,5956,2021-06-26 18:03:08,52.238255,8
451,E-9,21.045723,5962,2021-06-25 20:17:53,52.265643,06
452,180,20.924995,5964,2021-06-26 18:03:04,52.272411,10
453,723,21.047304,5966,2021-06-25 18:56:33,52.265156,07
454,180,21.083841,5967,2021-06-26 18:03:08,52.168217,4
455,180,21.003176,5968,2021-06-26 18:03:04,52.24992,1
456,116,20.969442,5969,2021-06-26 18:03:08,52.272312,8
457,518,20.969946,5976,2021-06-26 18:03:08,52.27219,6
458,518,20.998465,5978,2021-06-26 18:03:01,52.253944,3
459,518,21.01016,5979,2021-06-26 18:03:06,52.232414,5
460,518,20.935654,5980,2021-06-26 18:03:04,52.331429,7
461,518,21.023514,5981,2021-06-26 18:03:08,52.228268,4
462,503,21.002289,5983,2021-06-26 18:03:07,52.2547,6
463,111,21.067558,5984,2021-06-26 18:03:04,52.225895,5
464,111,21.00769,5985,2021-06-26 18:03:08,52.236309,7
465,111,21.01403,5986,2021-06-26 18:03:06,52.230438,2
466,180,20.955227,5987,2021-06-26 18:03:06,52.261459,9
467,180,21.03207,5988,2021-06-26 18:03:03,52.206875,6
468,180,21.024029,5990,2021-06-26 18:03:07,52.224358,2
469,180,20.994659,5991,2021-06-26 18:03:08,52.248798,58
470,518,20.942102,5994,2021-06-26 18:03:08,52.334553,1
471,116,21.024225,5995,2021-06-26 18:03:06,52.223633,2
472,116,21.011013,5996,2021-06-26 18:03:03,52.244686,1
473,116,20.97448,5997,2021-06-26 18:03:06,52.271465,11
474,116,20.924665,5998,2021-06-26 18:03:05,52.281067,10
475,111,20.998142,5999,2021-06-26 18:03:04,52.247147,1
476,167,21.0067374,6201,2021-06-26 18:03:07,52.2108247,2
477,713,20.744463,6203,2021-06-26 18:03:08,52.214508,1
478,713,20.9301614,6204,2021-06-26 18:03:08,52.224807,2
479,112,21.024307,6207,2021-06-26 18:03:08,52.297058,6
480,112,20.94261,6208,2021-06-26 18:03:07,52.27763,1
481,112,20.8960484,6210,2021-06-26 18:03:08,52.2177357,M11
482,112,20.915195,6212,2021-06-26 18:03:07,52.230396,8
483,136,20.98778,6213,2021-06-26 18:03:06,52.189484,10
484,187,20.8619881,6214,2021-06-26 18:03:07,52.1909801,3
485,210,20.921373,6220,2021-06-26 18:03:07,52.281784,1
486,187,20.8957702,6222,2021-06-26 18:03:08,52.1937636,4
487,189,20.913307,6223,2021-06-26 18:03:08,52.21059,10
488,187,21.019772,6226,2021-06-26 18:03:08,52.217831,8
489,191,20.899912,6227,2021-06-26 18:03:08,52.19487,6
490,136,21.055731,6236,2021-06-26 18:03:07,52.147377,7
491,716,20.8668364,6239,2021-06-26 18:03:07,52.196855,3
492,184,20.9276144,6241,2021-06-26 18:03:06,52.2909554,4
493,703,20.812042,6242,2021-06-26 18:03:08,52.094307,74
494,706,20.943818,6243,2021-06-26 18:02:36,52.175133,1
495,L29,20.46257,65471,2021-06-26 18:03:02,52.267727,1
496,112,20.9339241,7200,2021-06-26 18:03:08,52.270722,7
497,124,20.943264,7201,2021-06-26 18:03:08,52.175751,1
498,Z10,20.924885,7202,2021-06-26 18:03:07,52.26075,5
499,112,21.0850184,7206,2021-06-26 18:03:06,52.3047851,4
500,Z10,20.914953,7208,2021-06-26 18:03:07,52.229626,1
501,189,20.898766,7214,2021-06-26 18:03:07,52.238647,7
502,728,20.920183,7217,2021-06-26 18:03:08,52.154072,72
503,728,20.862114,7218,2021-06-26 18:02:38,52.038288,71
504,517,21.010653,7224,2021-06-26 18:03:09,52.231762,4
505,112,21.0479375,7225,2021-06-26 18:03:08,52.2867117,2
506,112,20.9208932,7226,2021-06-26 13:08:33,52.1969334,4
507,184,20.957717,7227,2021-06-26 18:03:08,52.2244317,2
508,Z10,20.9132789,7228,2021-06-26 18:03:08,52.2518314,6
509,716,20.930542,7229,2021-06-26 18:03:08,52.225056,2
510,Z10,20.9149707,7234,2021-06-26 18:03:07,52.2335407,7
511,124,20.921078,7240,2021-06-25 18:26:53,52.196911,03
512,187,21.0523544,7241,2021-06-26 18:03:08,52.1795645,7
513,187,21.063261,7243,2021-06-26 18:03:06,52.186447,6
514,210,20.76738,7244,2021-06-26 18:03:01,52.307808,2
515,167,21.027458,7245,2021-06-26 18:03:07,52.208183,6
516,191,20.8832802,7247,2021-06-26 18:03:07,52.1892579,4
517,172,21.069063,7248,2021-06-26 18:03:07,52.181396,7
518,189,20.913651,7249,2021-06-26 18:03:08,52.211868,5
519,188,20.98838,7250,2021-06-26 18:03:08,52.210838,1
520,517,20.913918,7251,2021-06-26 18:03:07,52.199436,6
521,182,21.0201574,7252,2021-06-26 18:03:07,52.2179409,2
522,517,20.968523,7254,2021-06-26 18:03:08,52.219063,3
523,523,21.0269414,7255,2021-06-26 18:03:07,52.219648,7
524,191,20.870338,7256,2021-06-26 18:03:07,52.183567,5
525,188,21.1279462,7257,2021-06-26 18:03:07,52.240325,5
526,182,21.087335,7259,2021-06-26 18:03:07,52.2362706,4
527,138,21.100546,7301,2021-06-26 18:03:08,52.26062,6
528,141,21.100708,7303,2021-06-26 18:02:48,52.23996,4
529,148,21.0873845,7304,2021-06-26 18:03:08,52.244788,9
530,151,21.078802,7305,2021-06-26 18:03:07,52.2350287,2
531,182,20.964878,7306,2021-06-26 18:03:08,52.217999,3
532,162,21.0714329,7308,2021-06-26 18:03:08,52.1915442,3
533,507,21.005283,7310,2021-06-26 18:03:08,52.229572,2
534,125,21.1964875,7312,2021-06-26 18:03:08,52.2083514,2
535,E-1,21.1167422,7314,2021-06-25 19:42:06,52.2335197,01
536,520,21.156041,7315,2021-06-26 18:03:02,52.240411,5
537,143,21.1164757,7317,2021-06-25 19:35:11,52.2334452,3
538,162,21.0836956,7322,2021-06-26 18:03:07,52.1924189,4
539,523,20.9460039,7324,2021-06-26 18:03:08,52.2390037,2
540,520,21.002119,7325,2021-06-26 18:03:07,52.243073,2
541,148,20.9827899,7326,2021-06-26 18:03:08,52.1676914,5
542,138,21.088421,7327,2021-06-26 18:03:09,52.260738,7
543,171,20.942074,7328,2021-06-26 18:03:08,52.239197,8
544,520,21.015427,7331,2021-06-26 18:03:07,52.223232,1
545,150,20.920832,753,2021-06-26 18:03:09,52.314606,3
546,750,20.883713,755,2021-06-26 18:03:06,52.341942,2
547,250,20.880117,757,2021-06-26 18:03:03,52.323681,1
548,750,20.714956,758,2021-06-26 18:03:01,52.392197,3
549,150,20.929892,761,2021-06-26 18:03:06,52.307518,1
550,250,20.893517,763,2021-06-26 18:03:04,52.295509,3
551,521,20.9638611,7701,2021-06-26 18:03:08,52.2078689,3
552,750,20.875364333,773,2021-06-26 18:03:07,52.3525205,4
553,250,20.927624,775,2021-06-26 18:03:05,52.291157,2
554,750,20.928017,776,2021-06-26 18:03:09,52.290936,1
555,150,20.8472506,777,2021-06-26 18:03:09,52.3416207,2
556,138,21.0010071,8120,2021-06-26 18:03:06,52.2016681,1
557,185,20.9756301,8138,2021-06-26 18:03:02,52.2896545,7
558,172,21.0542648,8139,2021-06-26 18:03:03,52.1834366,6
559,727,20.997388,8148,2021-06-25 21:39:43,52.187336,4
560,522,21.0019841,8154,2021-06-26 18:03:08,52.2289513,6
561,167,20.9621338,8166,2021-06-26 18:03:02,52.216172,5
562,143,21.0618505,8167,2021-06-26 18:03:03,52.228468,2
563,522,20.998243,8174,2021-06-25 20:09:50,52.1878,013
564,504,20.9931615,8178,2021-06-26 18:03:05,52.2258261,3
565,519,20.996546,8180,2021-06-25 22:35:23,52.187545,5
566,136,20.9862198,8181,2021-06-26 18:02:52,52.2045836,4
567,138,20.995468,8183,2021-06-26 18:02:54,52.170198,2
568,172,21.0348508,8184,2021-06-26 18:03:04,52.2017201,8
569,504,20.9996798,8187,2021-06-26 18:03:02,52.1786575,2
570,519,21.102968,8188,2021-06-26 18:02:52,52.125641,2
571,504,21.0173791,8189,2021-06-26 18:03:02,52.1665081,5
572,198,21.1173818,8210,2021-06-25 18:57:27,52.2334423,04
573,151,21.1167196,8218,2021-06-25 19:22:39,52.2335221,04
574,514,21.2371215,8222,2021-06-26 18:03:05,52.2498228,4
575,188,21.1161338,8225,2021-06-25 20:54:43,52.2335866,08
576,143,21.114924,8228,2021-06-25 23:38:50,52.234206,6
577,509,21.116793,8231,2021-06-25 20:04:19,52.233758,021
578,514,21.0671546,8300,2021-06-26 18:03:01,52.2299036,3
579,502,21.2173858,8301,2021-06-26 18:03:04,52.214411,4
580,125,21.0464903,8303,2021-06-26 18:03:02,52.248318,5
581,125,21.1631398,8305,2021-06-26 18:03:04,52.2210611,3
582,509,20.942173,8310,2021-06-26 18:02:49,52.334493,3
583,502,21.063801,8313,2021-06-26 18:02:49,52.228758,6
584,182,21.11721,8315,2021-06-25 19:08:30,52.233705,013
585,145,21.112413,8317,2021-06-26 18:02:50,52.280925,1
586,188,21.0845268,8318,2021-06-26 18:03:04,52.2499058,6
587,168,21.11586,8320,2021-06-25 21:27:01,52.23366,07
588,514,21.0156283,8323,2021-06-26 18:03:05,52.2192655,2
589,145,21.0933165,8324,2021-06-26 18:03:00,52.2441441,2
590,720,21.4031411,8325,2021-06-26 18:03:10,52.1362176,1
591,125,21.117233,8327,2021-06-25 20:58:39,52.234053,3
592,145,21.0293518,8328,2021-06-26 18:03:12,52.2881256,5
593,411,21.117353,8330,2021-06-25 20:35:38,52.233359,53
594,148,21.0996408,8331,2021-06-26 18:03:04,52.2384451,1
595,502,21.015186,8335,2021-06-26 18:02:49,52.218666,1
596,143,21.0067145,8339,2021-06-26 18:03:04,52.2171528,1
597,704,21.3283475,8340,2021-06-26 18:03:07,52.2130278,1
598,171,21.0433217,8342,2021-06-26 18:03:04,52.2229067,6
599,151,21.0195383,8344,2021-06-26 18:02:58,52.218065,3
600,185,21.04585,8345,2021-06-26 18:03:03,52.2188717,1
601,145,21.116836,8346,2021-06-25 19:31:54,52.233566,016
602,145,21.116093,8347,2021-06-25 19:40:44,52.233476,012
603,523,20.9128733,8348,2021-06-26 18:03:08,52.2393067,9
604,507,21.101825,8349,2021-06-26 18:02:53,52.222561,5
605,411,21.116288,8350,2021-06-25 20:43:54,52.233658,061
606,125,21.0705633,8351,2021-06-26 18:03:09,52.2460517,4
607,125,21.15479,8352,2021-06-26 18:02:58,52.2262883,1
608,151,21.1050067,8353,2021-06-26 18:03:01,52.2302017,1
609,521,21.0760517,8355,2021-06-26 18:03:05,52.24307,2
610,N03,21.117188,8357,2021-06-26 05:01:26,52.233246,254
611,502,21.1477217,8358,2021-06-26 18:02:58,52.226485,3
612,507,21.1023583,8360,2021-06-26 18:03:02,52.2219733,4
613,704,21.1017317,8362,2021-06-26 18:03:03,52.2423583,2
614,521,21.210918,8363,2021-06-26 18:02:49,52.160871,5
615,507,21.0202417,8366,2021-06-26 18:03:08,52.2315317,1
616,143,21.1384983,8367,2021-06-26 18:02:13,52.24946,6
617,502,21.2060433,8368,2021-06-26 18:02:53,52.2242917,5
618,521,21.2088617,8369,2021-06-26 18:03:00,52.163505,1
619,141,21.117058,8397,2021-06-25 19:41:02,52.233698,012
620,502,21.1151075,8403,2021-06-25 23:03:57,52.2336293,064
621,411,21.1156411,8440,2021-06-25 20:20:48,52.2335555,062
622,511,20.942593,8443,2021-06-26 18:03:08,52.348576,3
623,112,20.889996,8445,2021-06-26 18:03:07,52.216599,10
624,169,21.041912,8447,2021-06-26 18:03:08,52.300133,2
625,509,21.0227039,8448,2021-06-26 18:03:08,52.2617184,1
626,160,21.046089,8450,2021-06-26 18:03:07,52.270897,6
627,409,20.9305542,8452,2021-06-26 18:03:08,52.2920407,58
628,735,21.0117,8454,2021-06-26 18:03:07,52.453808,61
629,112,21.048449,8455,2021-06-26 18:03:07,52.288761,5
630,731,20.941469,8457,2021-06-26 18:03:07,52.355949,4
631,185,21.0485019,8458,2021-06-26 11:00:08,52.2645874,6
632,169,21.051758,8459,2021-06-26 18:03:07,52.252876,4
633,409,20.886805,8460,2021-06-26 18:03:07,52.304668,51
634,169,21.037691,8461,2021-06-26 18:03:07,52.299698,1
635,141,20.94415,8500,2021-06-26 18:02:53,52.1754567,8
636,Z26,21.0351617,8501,2021-06-26 18:02:58,52.2559733,3
637,522,21.0748533,8502,2021-06-26 18:02:56,52.1585267,2
638,189,21.0688883,8504,2021-06-26 18:03:01,52.18127,1
639,N33,20.996476,8505,2021-06-26 05:42:44,52.187546,172
640,185,20.997366,8507,2021-06-25 23:56:14,52.186391,9
641,174,21.00748,8508,2021-06-26 18:03:07,52.2100833,3
642,189,20.996501,8509,2021-06-26 00:35:47,52.18806,12
643,331,20.997095,8511,2021-06-25 18:21:40,52.187653,01
644,148,20.998374,8514,2021-06-26 00:52:13,52.188333,5
645,N37,20.998273,8516,2021-06-26 05:43:10,52.188213,246
646,136,20.95833,8517,2021-06-26 18:03:00,52.23773,3
647,165,21.002386,8520,2021-06-26 18:02:55,52.158361,3
648,185,21.04186,8521,2021-06-26 18:02:55,52.1710233,2
649,136,21.056003,8522,2021-06-26 18:02:59,52.147554,8
650,733,20.997863,8523,2021-06-25 20:19:16,52.187501,62
651,185,21.048356,8524,2021-06-26 18:02:50,52.151721,4
652,519,21.092755,8525,2021-06-26 18:03:08,52.1169333,4
653,136,21.032685,8528,2021-06-26 18:02:50,52.149708,6
654,143,21.1770817,8530,2021-06-26 18:03:01,52.2570067,5
655,308,20.997771,8531,2021-06-25 19:03:30,52.187649,02
656,136,20.997748,8533,2021-06-25 23:20:13,52.188256,10
657,N03,20.997894,8534,2021-06-26 05:57:03,52.18594,156
658,131,20.996449,8535,2021-06-25 22:36:53,52.186401,10
659,519,21.002895,8536,2021-06-26 18:02:55,52.2293117,7
660,N33,20.996953,8537,2021-06-26 05:04:45,52.186869,173
661,519,21.0012433,8539,2021-06-26 18:03:08,52.18889,8
662,217,21.0369467,8540,2021-06-26 18:03:05,52.176985,2
663,N34,20.996438,8541,2021-06-26 05:33:51,52.187668,149
664,N37,20.99783,8545,2021-06-26 05:44:42,52.187465,132
665,167,20.9351217,8547,2021-06-26 18:03:04,52.2343017,3
666,733,20.9433467,8548,2021-06-26 18:02:59,52.1754317,1
667,504,21.0687683,8550,2021-06-26 18:03:05,52.128915,6
668,519,21.084219,8551,2021-06-26 18:02:47,52.164946,5
669,522,21.041113,8552,2021-06-26 18:02:51,52.195903,1
670,Z26,21.0169933,8553,2021-06-26 18:03:01,52.247175,2
671,148,21.0505217,8559,2021-06-26 18:03:08,52.1969183,7
672,151,21.116914,8561,2021-06-25 23:54:17,52.233616,1
673,171,21.0109417,8562,2021-06-26 18:03:02,52.23071,7
674,521,21.116369,8565,2021-06-25 20:39:03,52.233641,08
675,520,21.1562033,8566,2021-06-26 18:02:57,52.2404533,6
676,523,21.0984867,8567,2021-06-26 18:03:07,52.2479117,6
677,509,21.06192,8569,2021-06-26 18:03:02,52.2304183,9
678,148,21.051076,8570,2021-06-26 18:03:00,52.159494,6
679,143,21.177075,8573,2021-06-26 18:03:00,52.2621233,4
680,521,21.0915667,8574,2021-06-26 18:03:07,52.244655,4
681,523,20.9604167,8576,2021-06-26 18:02:59,52.2167983,8
682,141,21.03555,8578,2021-06-26 18:03:06,52.2018683,1
683,190,21.046053,8582,2021-06-25 18:46:44,52.264343,021
684,523,21.0836783,8586,2021-06-26 18:03:07,52.24519,4
685,520,21.0986933,8589,2021-06-26 18:03:00,52.2345233,7
686,185,21.0510033,8592,2021-06-26 18:02:56,52.1979017,5
687,N13,21.114978,8593,2021-06-26 05:47:18,52.233611,247
688,145,21.1048267,8594,2021-06-26 18:03:06,52.2418867,3
689,188,21.032135,8595,2021-06-26 18:03:05,52.221125,4
690,168,21.112731,8800,2021-06-26 18:03:03,52.236308,5
691,189,20.9097141,8802,2021-06-26 18:03:02,52.2285971,6
692,148,21.0474678,8804,2021-06-26 18:03:04,52.1508718,3
693,168,21.0973578,8805,2021-06-26 18:03:08,52.2340376,6
694,136,20.9635751,8806,2021-06-26 18:03:04,52.2155083,1
695,189,21.0180586,8807,2021-06-26 18:03:07,52.17369,3
696,138,21.0335655,8808,2021-06-26 18:03:02,52.2214698,4
697,168,20.9953978,8810,2021-06-26 18:03:07,52.1913338,2
698,167,21.07843,8812,2021-06-26 18:03:05,52.208751,1
699,136,20.9660483,8813,2021-06-26 18:03:04,52.2431816,2
700,504,20.9904706,8814,2021-06-26 18:03:02,52.225029,4
701,217,21.0239033,8816,2021-06-26 18:03:08,52.1796853,1
702,167,21.083008,8818,2021-06-26 18:03:07,52.20824,7
703,167,20.9257383,8819,2021-06-26 18:03:04,52.2340928,4
704,174,20.9975171,8820,2021-06-26 18:03:04,52.1695481,371
705,N43,20.9959001,8821,2021-06-26 05:29:35,52.1875351,220
706,189,21.012934,8822,2021-06-26 18:02:57,52.174259,12
707,519,21.0156491,8823,2021-06-26 18:03:06,52.2192258,8
708,148,21.055378,8825,2021-06-26 18:03:05,52.1824051,2
709,522,21.0589711,8826,2021-06-26 18:03:04,52.1787193,318
710,514,21.1273706,8828,2021-06-26 18:03:03,52.2334301,1
711,509,21.0926263,8829,2021-06-26 18:03:03,52.2253451,7
712,143,21.0830121,8832,2021-06-26 18:03:07,52.2409641,7
713,502,21.0174691,8833,2021-06-26 18:03:07,52.2174686,2
714,182,21.1170708,8834,2021-06-26 18:03:04,52.2334676,M5
715,N83,21.116546,8839,2021-06-26 05:25:32,52.233586,174
716,520,21.0163466,8840,2021-06-26 18:03:02,52.2229105,3
717,138,21.1172336,8841,2021-06-25 22:19:45,52.2337476,1
718,521,21.1161941,8844,2021-06-25 20:59:15,52.2334716,09
719,138,21.0554286,8846,2021-06-26 18:03:03,52.2324368,8
720,143,21.1260075,8850,2021-06-26 18:03:04,52.2348356,3
721,138,21.0527433,8852,2021-06-26 18:03:03,52.259751,5
722,509,21.1023463,8853,2021-06-26 18:03:04,52.2219051,8
723,182,21.1129235,8854,2021-06-26 18:03:05,52.2363225,1
724,518,21.047239,8859,2021-06-25 21:49:41,52.2647968,9
725,412,21.047084,8862,2021-06-25 20:21:52,52.264918,05
726,509,21.043849,8863,2021-06-25 22:53:53,52.266028,14
727,723,21.047273,8864,2021-06-25 19:20:55,52.264625,08
728,269,21.043698,8866,2021-06-25 22:15:02,52.266003,04
729,738,21.046916,8868,2021-06-25 18:47:25,52.264738,05
730,340,21.046388,8870,2021-06-25 19:12:44,52.265081,03
731,511,21.046323,8874,2021-06-25 18:33:00,52.265079,05
732,340,21.048342,8876,2021-06-25 18:55:45,52.264397,06
733,723,20.951385,8878,2021-06-26 18:03:04,52.344216,1
734,511,21.0472221,8879,2021-06-25 19:11:55,52.2646076,07
735,709,20.996574,8880,2021-06-25 18:58:33,52.18762,016
736,136,21.014875,8881,2021-06-26 18:02:53,52.1672376,9
737,174,21.0084115,8882,2021-06-26 18:03:04,52.1711915,1
738,165,21.0015946,8883,2021-06-26 18:03:07,52.1781345,4
739,504,21.0543078,8885,2021-06-26 18:03:08,52.1334048,1
740,504,20.9985235,8886,2021-06-26 11:14:42,52.1878498,6
741,165,20.9989565,8888,2021-06-26 18:03:02,52.1719028,2
742,165,21.0240191,8891,2021-06-26 18:03:04,52.1797871,1
743,148,21.095324,8893,2021-06-26 18:02:54,52.243818,8
744,172,20.9972873,8895,2021-06-26 18:03:03,52.19624,5
745,522,21.0153316,8896,2021-06-26 18:03:05,52.2192445,5
746,138,21.0019453,8897,2021-06-26 18:03:07,52.1836806,3
747,519,21.0621953,8899,2021-06-26 18:03:08,52.1759233,1
748,161,21.203329,9061,2021-06-26 18:03:05,52.154705,1
749,104,21.000252,9063,2021-06-26 18:03:06,52.291451,2
750,161,21.224735,9068,2021-06-26 18:03:05,52.186691,2
751,211,20.953125,9070,2021-06-26 18:03:06,52.331699,3
752,211,20.941488,9074,2021-06-26 18:03:04,52.355328,4
753,211,20.940077,9075,2021-06-26 18:03:06,52.339863,M5
754,234,21.043262,9076,2021-06-26 18:03:06,52.317513,1
755,234,21.049824,9079,2021-06-26 18:03:01,52.325272,2
756,800,20.746376,9082,2021-06-26 18:03:04,52.332546,M1
757,900,20.953575,9084,2021-06-26 18:03:07,52.358906,1
758,161,21.224646,9088,2021-06-26 18:03:03,52.186813,M3
759,104,21.035141,9091,2021-06-26 18:03:06,52.31773,1
760,211,20.987095,9092,2021-06-26 18:03:04,52.30262,2
761,211,20.978136,9093,2021-06-26 18:03:09,52.302475,1
762,107,21.01383,9204,2021-06-26 18:03:08,52.232742,1
763,107,20.979351,9205,2021-06-26 18:03:07,52.244492,2
764,121,20.972576,9206,2021-06-26 18:03:08,52.281792,M2
765,107,20.979258,9210,2021-06-26 18:03:04,52.24445,3
766,201,20.935348,9212,2021-06-26 18:03:09,52.252537,3
767,121,20.968086,9213,2021-06-26 18:03:05,52.272032,1
768,133,20.947102,9214,2021-06-26 18:03:03,52.324661,1
769,133,20.959747,9215,2021-06-26 18:03:05,52.333534,2
770,164,21.092873,9216,2021-06-26 18:03:04,52.160702,2
771,164,21.138214,9217,2021-06-26 18:03:03,52.145859,1
772,164,21.083435,9219,2021-06-26 18:03:05,52.191635,3
773,177,20.883604,9220,2021-06-26 18:03:02,52.205772,1
774,177,20.880934,9221,2021-06-26 18:03:00,52.204388,2
775,107,21.016975,9223,2021-06-26 18:03:07,52.229668,4
776,203,20.928452,9224,2021-06-26 18:03:02,52.291195,1
777,208,20.975578,9225,2021-06-26 18:03:04,52.210278,2
778,209,20.981056,9227,2021-06-26 18:03:04,52.132847,51
779,228,20.893023,9228,2021-06-26 18:03:06,52.200371,1
780,228,20.940998,9229,2021-06-26 18:03:04,52.204044,3
781,177,20.902245,9230,2021-06-26 18:03:07,52.189701,3
782,228,20.943058,9231,2021-06-26 18:03:07,52.203564,2
783,209,21.01799,9233,2021-06-26 18:02:59,52.12328,52
784,219,21.187607,9235,2021-06-26 18:02:57,52.183914,2
785,264,21.084003,9240,2021-06-26 18:03:03,52.167675,1
786,107,21.046223,9241,2021-06-26 18:03:03,52.199497,M5
787,201,20.926504,9243,2021-06-26 18:03:03,52.234055,1
788,239,21.035137,9252,2021-06-26 18:03:01,52.155716,53
789,199,21.052986,9311,2021-06-26 18:03:07,52.276382,4
790,135,21.085661,9312,2021-06-26 18:03:03,52.230667,3
791,135,21.044458,9313,2021-06-26 18:03:08,52.262596,4
792,123,21.084692,9316,2021-06-26 18:02:59,52.25079,1
793,123,21.053383,9317,2021-06-26 18:03:04,52.253593,3
794,179,21.03159,9318,2021-06-26 18:03:02,52.14222,7
795,153,21.177244,9319,2021-06-26 18:03:06,52.256859,3
796,179,21.046986,9320,2021-06-26 18:03:07,52.150574,3
797,142,21.177742,9321,2021-06-26 18:03:08,52.172626,4
798,123,21.092281,9322,2021-06-26 18:03:05,52.22171,2
799,123,21.094631,9323,2021-06-26 18:03:09,52.227333,5
800,179,21.027777,9325,2021-06-26 18:03:08,52.155701,4
801,135,21.037407,9326,2021-06-26 18:03:08,52.255714,1
802,179,21.036884,9327,2021-06-26 18:03:04,52.162041,5
803,135,21.107124,9328,2021-06-26 18:02:25,52.248299,2
804,179,21.023462,9329,2021-06-26 18:03:04,52.15588,6
805,179,21.064962,9333,2021-06-26 18:03:09,52.131199,52
806,123,21.052494,9337,2021-06-26 18:03:04,52.238522,4
807,153,21.172596,9338,2021-06-26 18:03:05,52.285431,2
808,123,21.053642,9339,2021-06-26 18:03:07,52.250401,357
809,153,21.177038,9340,2021-06-26 18:03:07,52.256882,1
810,199,21.179726,9342,2021-06-26 18:03:05,52.269135,2
811,123,21.077581,9345,2021-06-25 21:25:22,52.268494,357
812,179,21.05725,9349,2021-06-26 18:03:03,52.139659,1
813,142,21.095718,9351,2021-06-26 18:03:07,52.24353,1
814,142,21.232052,9352,2021-06-26 18:03:04,52.171295,3
815,142,21.1347146,9354,2021-06-26 18:01:37,52.1996459,M5
816,199,21.1440509,9355,2021-06-26 18:03:07,52.2696932,1
817,142,21.088593,9357,2021-06-26 18:03:05,52.244896,2
818,103,20.950134,9411,2021-06-26 18:03:08,52.280811,4
819,157,20.988882,9412,2021-06-26 18:03:07,52.224316,3
820,117,21.065756,9413,2021-06-26 18:03:06,52.224369,3
821,516,20.988667,9414,2021-06-26 18:03:07,52.303719,4
822,157,20.980747,9416,2021-06-26 18:03:05,52.275593,6
823,117,21.058445,9417,2021-06-26 18:03:08,52.227947,1
824,103,20.969151,9418,2021-06-26 18:03:03,52.224171,2
825,134,21.05674,9419,2021-06-26 18:03:06,52.305561,1
826,134,20.968336,9420,2021-06-26 18:03:06,52.271812,2
827,134,21.053558,9423,2021-06-26 18:03:05,52.351185,3
828,117,21.102531,9424,2021-06-26 18:03:05,52.222099,4
829,103,20.92667,9427,2021-06-26 18:03:05,52.29036,5
830,157,20.976412,9428,2021-06-26 18:03:08,52.289909,1
831,157,20.987076,9429,2021-06-26 18:03:05,52.268044,2
832,245,21.098755,9431,2021-06-26 18:03:08,52.28606,1
833,516,20.942051,9432,2021-06-26 18:03:04,52.334167,1
834,516,20.93828,9434,2021-06-26 18:03:08,52.324059,2
835,516,21.000925,9436,2021-06-26 18:03:05,52.291187,3
836,176,20.978388,9438,2021-06-26 18:03:07,52.348103,1
837,157,20.992714,9439,2021-06-26 18:03:08,52.231415,5
838,712,20.930923,9441,2021-06-26 18:03:06,52.291954,M2
839,103,20.947578,9442,2021-06-26 18:03:07,52.276325,1
840,103,20.967442,9443,2021-06-26 18:03:05,52.24477,3
841,245,21.064806,9446,2021-06-26 18:03:06,52.273823,2
842,712,20.914028,9450,2021-06-26 18:03:05,52.283386,1
843,176,20.978491,9452,2021-06-26 18:03:09,52.347923,3
844,176,21.026703,9453,2021-06-26 18:03:05,52.281147,2
845,743,20.929874,9459,2021-06-26 18:03:08,52.224762,1
846,194,20.8639805,9501,2021-06-26 18:03:07,52.190786,4
847,181,20.986147,9503,2021-06-26 18:03:05,52.269321167,2
848,717,20.9486025,9504,2021-06-26 18:03:00,52.209313333,3
849,139,21.105328,9507,2021-06-26 18:03:10,52.10579,2
850,149,20.919963667,9509,2021-06-26 18:03:07,52.2399725,2
851,729,20.950335333,9511,2021-06-26 18:03:05,52.238577667,1
852,149,20.9451875,9514,2021-06-26 18:03:06,52.239001167,4
853,159,21.048575333,9515,2021-06-26 18:03:05,52.205825333,1
854,159,21.047574,9519,2021-06-26 18:03:09,52.211173667,4
855,159,21.085069667,9520,2021-06-26 18:03:09,52.193269333,5
856,181,20.945004333,9521,2021-06-26 18:03:07,52.295423333,1
857,715,21.0277995,9522,2021-06-26 18:03:09,52.161076167,55
858,181,20.899900667,9524,2021-06-26 18:03:09,52.297145167,4
859,194,20.930347667,9525,2021-06-26 18:03:08,52.225008833,1
860,181,20.945661167,9526,2021-06-26 18:03:08,52.2944075,3
861,220,20.898091333,9529,2021-06-26 18:03:07,52.254996167,3
862,717,20.960677667,9530,2021-06-26 18:03:06,52.216526333,2
863,159,20.969706667,9531,2021-06-26 18:03:09,52.219132833,2
864,194,20.916219167,9532,2021-06-26 18:03:06,52.2069445,2
865,194,20.8594635,9533,2021-06-26 18:03:05,52.1934205,3
866,194,20.914175,9534,2021-06-26 18:03:08,52.206290167,5
867,220,20.904887833,9535,2021-06-26 18:03:05,52.1889225,1
868,220,20.9250745,9537,2021-06-26 18:03:05,52.260771833,4
869,300,21.024185333,9538,2021-06-26 18:03:09,52.1797405,M1
870,149,20.940478833,9539,2021-06-26 18:03:05,52.24665,3
871,707,20.9627315,9540,2021-06-26 18:03:07,52.082636333,1
872,715,20.9438875,9542,2021-06-26 18:03:08,52.175745667,53
873,737,20.9678905,9543,2021-06-26 18:03:09,52.0817615,54
874,717,20.828687833,9544,2021-06-26 18:03:05,52.1929405,1
875,724,21.0678165,9546,2021-06-26 18:03:09,52.129171667,1
876,139,21.023901,9548,2021-06-26 18:03:06,52.1794395,1
877,715,21.018256333,9554,2021-06-26 18:03:07,52.1294515,51
878,149,20.881177833,9555,2021-06-26 18:03:07,52.251761,1
879,159,20.971415667,9556,2021-06-26 18:03:05,52.220168,3
880,220,20.917735,9557,2021-06-26 18:03:07,52.1753745,2
881,152,21.057117,9673,2021-06-26 18:03:03,52.322552,5
882,152,20.952433,9678,2021-06-26 18:03:06,52.317066,1
883,152,20.964088,9680,2021-06-26 18:03:01,52.318073,2
884,118,21.0156,9681,2021-06-26 18:03:03,52.218979,3
885,212,21.066406,9682,2021-06-26 18:03:06,52.277164,2
886,118,21.036436,9683,2021-06-26 18:03:08,52.231945,4
887,118,21.014942,9685,2021-06-26 18:03:08,52.252098,2
888,152,20.995386,9687,2021-06-26 18:03:09,52.344139,4
889,152,21.004299,9688,2021-06-26 18:03:09,52.336231,3
890,118,21.013767,9689,2021-06-26 18:03:01,52.294189,5
891,212,21.026983,9692,2021-06-26 18:03:06,52.259678,3
892,212,21.057255,9696,2021-06-26 18:03:07,52.30191,1
893,118,21.041348,9697,2021-06-26 18:03:04,52.300102,1
894,212,21.058527,9698,2021-06-26 18:03:08,52.274403,4
895,109,20.960268,9801,2021-06-26 18:03:06,52.228256,1
896,710,21.088108,9802,2021-06-26 18:03:08,52.131229,1
897,525,21.174578,9803,2021-06-26 18:03:07,52.206268,3
898,Z10,20.914108,9804,2021-06-26 18:03:10,52.252872,2
899,109,21.031403,9805,2021-06-26 18:03:09,52.22929,3
900,109,20.909039,9806,2021-06-26 18:03:04,52.238934,5
901,109,20.898804,9807,2021-06-26 18:03:01,52.238499,6
902,127,21.010889,9809,2021-06-26 18:03:08,52.229862,2
903,127,20.916897,9810,2021-06-26 18:03:01,52.210426,1
904,127,21.019461,9811,2021-06-26 18:03:07,52.246269,335
905,131,21.024174,9814,2021-06-26 18:03:06,52.211239,4
906,127,20.895433,9816,2021-06-26 18:03:02,52.208801,56
907,127,20.961487,9817,2021-06-26 18:03:06,52.216156,5
908,131,21.083866,9818,2021-06-26 18:03:08,52.167961,2
909,710,21.067783,9819,2021-06-26 18:03:07,52.078491,3
910,131,21.014338,9820,2021-06-26 18:03:02,52.225933,6
911,131,21.065802,9821,2021-06-26 18:03:05,52.184811,1
912,525,21.003542,9822,2021-06-26 18:03:07,52.229637,1
913,519,21.040337,9825,2021-06-26 18:02:54,52.196316,6
914,525,21.081621,9826,2021-06-26 18:03:08,52.235786,2
915,710,21.126697,9827,2021-06-26 18:03:08,52.092311,2
916,Z10,20.918022,9828,2021-06-26 18:03:08,52.220379,9
917,525,21.196577,9829,2021-06-26 18:03:04,52.208282,4
918,525,21.118176,9830,2021-06-26 18:03:01,52.232609,5
919,742,21.216896,9833,2021-06-26 18:03:08,51.981144,1
920,710,21.123014,9834,2021-06-26 18:03:08,52.096218,4
921,719,20.745426,9835,2021-06-26 18:03:05,52.254276,1
922,Z10,20.929661,9836,2021-06-26 18:03:05,52.223705,8
923,109,20.983458,9838,2021-06-26 18:03:09,52.229954,4
924,127,21.030687,9839,2021-06-26 18:03:05,52.230228,4
925,109,21.026577,9842,2021-06-26 18:03:02,52.22995,2
926,525,21.011692,9846,2021-06-26 18:03:03,52.229378,319
927,719,20.704281,9849,2021-06-26 18:03:06,52.258743,2
928,719,20.950077,9852,2021-06-26 18:03:05,52.238598,3
929,131,21.003881,9854,2021-06-26 18:02:52,52.229469,3
930,114,20.988405,9901,2021-06-26 18:03:04,52.269432,1
931,114,20.917154,9903,2021-06-26 18:03:09,52.312939,5
932,186,20.963221,9905,2021-06-26 18:03:06,52.215878,5
933,193,21.038313,9906,2021-06-26 18:03:04,52.172932,1
934,114,21.042122,9907,2021-06-26 18:03:06,52.300262,7
935,186,20.942947,9908,2021-06-26 18:03:07,52.323132,1
936,186,20.967836,9909,2021-06-26 18:03:07,52.319462,3
937,186,20.963818,9912,2021-06-26 18:03:06,52.20779,6
938,186,20.993425,9915,2021-06-26 18:03:08,52.299282,9
939,186,20.942181,9916,2021-06-26 18:03:07,52.334099,2
940,190,21.030096,9919,2021-06-26 18:03:08,52.252743,2
941,190,20.898815,9920,2021-06-26 18:03:08,52.238926,5
942,190,21.063904,9921,2021-06-26 18:03:09,52.27314,9
943,190,21.085415,9922,2021-06-26 18:03:08,52.305038,10
944,193,21.036911,9923,2021-06-26 18:03:04,52.161953,2
945,193,21.030729,9925,2021-06-26 18:02:59,52.173401,3
946,114,20.987469,9928,2021-06-26 18:03:05,52.282681,63
947,114,20.923874,9930,2021-06-26 18:03:06,52.273975,2
948,193,20.995371,9933,2021-06-26 18:03:06,52.170212,4
949,190,20.915358,9935,2021-06-26 18:03:05,52.229675,4
950,186,20.955648,9939,2021-06-26 18:03:07,52.233772,8
951,114,20.933958,9940,2021-06-26 18:03:07,52.271561,4
952,114,21.041885,9941,2021-06-26 18:03:08,52.300255,6
953,186,20.963383,9942,2021-06-26 18:03:07,52.270645,4
954,190,20.995253,9946,2021-06-26 18:03:08,52.242569,8
955,190,20.94515,9947,2021-06-26 18:03:06,52.238926,3
956,190,20.897152,9949,2021-06-26 18:03:06,52.227814,6
957,190,20.957069,9951,2021-06-26 18:03:08,52.238014,7
958,190,21.061304,9953,2021-06-26 18:03:07,52.269577,1
959,186,20.972399,9954,2021-06-26 18:03:05,52.205639,67
960,o43A,21.423235,9999,2021-06-25 14:26:34,50.302956,1
