,Lines,Lon,VehicleNumber,Time,Lat,Brigade
0,213,21.1152613,1000,2021-06-25 23:22:58,52.2346205,3
1,213,21.115043,1001,2021-06-25 23:56:49,52.23463,1
2,213,21.1193388,1003,2021-06-26 17:55:21,52.2148803,1
3,311,21.115233,1004,2021-06-25 21:52:40,52.23458,2
4,196,21.11514,1005,2021-06-25 23:48:58,52.234611,1
5,130,21.11559,1008,2021-06-25 20:19:05,52.234613,04
6,213,21.0938051,1010,2021-06-26 17:55:14,52.2270516,2
7,213,21.210344,1011,2021-06-26 17:55:14,52.159625,4
8,311,21.1155166,1012,2021-06-25 21:16:38,52.2346153,1
9,213,21.2193095,1015,2021-06-26 17:55:23,52.1823316,3
10,108,21.02306,1020,2021-06-26 17:55:19,52.228756,3
11,218,21.0025684,1021,2021-06-26 17:55:19,52.1783864,4
12,218,21.002111,1024,2021-06-26 17:55:20,52.181355,2
13,192,21.068716,1025,2021-06-26 17:55:20,52.128887,3
14,195,20.9979977,1026,2021-06-25 21:14:18,52.1862374,2
15,163,21.1022746,1027,2021-06-26 17:55:19,52.1744232,1
16,218,21.024706,1028,2021-06-26 17:55:20,52.190758,3
17,163,21.1065124,1030,2021-06-26 17:55:20,52.1699369,2
18,163,21.049061,1031,2021-06-26 17:55:19,52.178268,3
19,108,21.076525,1038,2021-06-26 17:55:13,52.209454,4
20,192,21.0474026,1039,2021-06-26 17:55:20,52.1509274,2
21,204,21.0602333,1040,2021-06-26 17:55:06,52.315025,1
22,736,21.020006,1042,2021-06-26 17:55:10,52.319011,1
23,204,21.043091,1043,2021-06-25 22:53:22,52.26632,05
24,204,21.0272217,1044,2021-06-26 17:55:13,52.2786233,3
25,107,21.046234,1045,2021-06-25 22:36:50,52.264653,4
26,204,21.042681,1046,2021-06-25 23:57:31,52.266098,1
27,204,21.023203,1047,2021-06-26 17:55:16,52.277281,2
28,228,20.921443,1050,2021-06-25 23:41:52,52.196853,2
29,328,20.921189,1051,2021-06-25 22:30:10,52.196913,01
30,129,20.9478867,1052,2021-06-26 17:55:17,52.2442817,2
31,129,20.8992883,1053,2021-06-26 17:55:19,52.1951017,3
32,129,20.907235,1055,2021-06-26 17:55:13,52.192495,4
33,129,20.93913,1057,2021-06-26 17:55:07,52.2462867,1
34,119,21.2056314,1061,2021-06-26 17:55:20,52.2100196,4
35,119,21.145912,1062,2021-06-26 17:55:20,52.214127,5
36,192,21.024309,1064,2021-06-26 17:55:20,52.179871,1
37,192,21.019851,1069,2021-06-26 17:55:19,52.1523129,52
38,108,21.02422,1070,2021-06-26 17:55:19,52.179668,1
39,108,21.0723015,1074,2021-06-26 17:55:19,52.1795307,2
40,218,21.023989,1076,2021-06-26 17:55:20,52.179791,1
41,192,21.060677,1079,2021-06-26 17:55:20,52.1367066,4
42,173,21.0426228,1101,2021-06-26 00:28:34,52.2664063,2
43,240,21.0008045,1109,2021-06-26 17:55:20,52.2913843,2
44,173,21.048266,1110,2021-06-25 19:53:25,52.264265,3
45,170,21.0807275,1111,2021-06-26 17:55:17,52.2775473,2
46,110,20.9591903,1112,2021-06-26 17:55:11,52.2756681,51
47,126,21.046033,1113,2021-06-25 23:08:32,52.264159,4
48,338,21.046365,1116,2021-06-25 19:40:36,52.2645706,05
49,170,21.021976,1117,2021-06-26 17:55:22,52.2623211,4
50,739,21.0181175,1200,2021-06-26 17:55:20,52.1214805,65
51,739,21.0396619,1201,2021-06-26 17:55:19,52.0805182,64
52,166,21.0450722,1203,2021-06-26 17:55:19,52.1560589,1
53,727,21.028091,1205,2021-06-26 17:55:20,52.067822,68
54,739,21.024717,1208,2021-06-26 17:55:19,52.179768,62
55,141,21.096262,1211,2021-06-26 17:55:19,52.243668,2
56,727,21.0214571,1213,2021-06-26 17:55:19,52.1768959,66
57,166,21.040733,1214,2021-06-26 17:55:16,52.250198,3
58,727,21.0256905,1216,2021-06-26 17:55:19,52.0754837,67
59,739,21.0186437,1218,2021-06-26 17:55:19,52.1121425,63
60,166,21.068239,1219,2021-06-26 17:55:20,52.129246,8
61,166,21.061003,1220,2021-06-26 17:55:19,52.1365704,7
62,727,21.024546,1223,2021-06-26 17:55:19,52.068817,61
63,240,21.0483353,1400,2021-06-26 00:03:19,52.2641493,1
64,170,21.0754358,1401,2021-06-26 17:55:14,52.2687658,3
65,170,21.0454971,1403,2021-06-25 21:36:41,52.2652081,3
66,240,21.043604,1408,2021-06-25 23:31:26,52.266069,4
67,146,21.204523,1411,2021-06-26 17:55:06,52.159518,58
68,173,21.217564,1412,2021-06-26 17:55:20,52.214375,3
69,730,21.1937739,1413,2021-06-26 17:55:19,52.2248104,61
70,146,21.059223,1417,2021-06-26 17:55:20,52.22673,57
71,199,21.111778,1418,2021-06-26 17:55:20,52.295166,3
72,147,21.1343922,1419,2021-06-26 17:55:20,52.2023067,53
73,183,21.155886,1422,2021-06-26 17:55:20,52.25544,3
74,147,21.243008,1425,2021-06-26 17:55:20,52.219147,54
75,147,21.089054,1426,2021-06-26 17:55:19,52.220024,55
76,146,21.2044594,1427,2021-06-26 17:55:18,52.1594719,59
77,119,21.034895,1429,2021-06-26 17:55:19,52.202274,1
78,L11,20.825588,14422,2021-06-26 17:55:18,52.440189,2
79,L10,20.945208,14423,2021-06-26 14:34:04,52.437897,M4
80,L11,20.723183,14424,2021-06-25 20:30:06,52.424343,51
81,L-9,20.943842,14426,2021-06-26 17:55:17,52.399017,3
82,L11,20.863327,14427,2021-06-26 17:55:16,52.441868,1
83,L34,20.863615,14429,2021-06-26 17:55:14,52.441483,1
84,L10,20.945269,14430,2021-06-26 16:19:41,52.437912,M5
85,L34,20.945213,14431,2021-06-25 19:23:11,52.437866,2
86,L41,20.709826,14432,2021-06-26 17:55:14,52.430519,1
87,L33,20.945353,14434,2021-06-25 23:24:58,52.438198,1
88,L49,20.894251,14436,2021-06-26 17:55:18,52.417248,1
89,L-8,21.230713,14438,2021-06-26 17:55:15,52.435413,1
90,L-9,20.949566,14440,2021-06-25 23:13:11,52.471237,055
91,338,21.045604,1500,2021-06-25 19:27:18,52.264496,03
92,106,20.9671765,1508,2021-06-26 17:55:10,52.2297453,5
93,735,21.0304783,1509,2021-06-26 17:55:18,52.4304541,M4
94,240,21.1189043,1510,2021-06-26 17:55:15,52.338268,4
95,110,20.8791423,1513,2021-06-26 17:55:16,52.296273,52
96,147,21.044424,1514,2021-06-25 19:54:57,52.2648745,06
97,115,21.2422717,1521,2021-06-26 17:55:05,52.16996,4
98,115,21.214288,1523,2021-06-26 17:55:11,52.161704,3
99,702,21.2146733,1524,2021-06-26 17:55:05,52.1136167,2
100,183,21.115313,1526,2021-06-26 00:16:52,52.233074,4
101,N16,21.116845,1527,2021-06-26 05:37:31,52.233048,2
102,N44,21.117096,1528,2021-06-26 05:37:25,52.233049,207
103,702,21.1913683,1531,2021-06-26 17:55:14,52.1385083,1
104,202,21.0772717,1532,2021-06-26 17:55:18,52.2503867,2
105,141,20.9815767,1533,2021-06-26 17:55:12,52.190955,6
106,119,21.0687367,1535,2021-06-26 17:55:17,52.2033733,3
107,156,20.937895,1537,2021-06-26 17:55:04,52.286875,2
108,132,21.0506017,1538,2021-06-26 17:55:17,52.3165467,55
109,120,21.048095,1539,2021-06-26 17:55:20,52.27635,1
110,156,21.0521317,1540,2021-06-26 17:55:18,52.25301,5
111,166,21.0270983,1542,2021-06-26 17:55:18,52.2600383,4
112,221,20.994061,1543,2021-06-26 17:55:03,52.259534,2
113,N03,21.044968,1545,2021-06-26 05:08:35,52.264589,2
114,156,21.046185,1546,2021-06-26 17:55:16,52.2809617,4
115,512,21.0603017,1548,2021-06-26 17:55:05,52.268825,1
116,120,21.0531833,1549,2021-06-26 17:55:12,52.254025,2
117,166,21.0456733,1550,2021-06-26 17:55:19,52.1831167,6
118,120,21.0619067,1551,2021-06-26 17:55:16,52.3616883,6
119,156,20.9277867,1552,2021-06-26 17:55:14,52.29093,3
120,L35,21.332945,17455,2021-06-26 17:55:21,52.363644,51
121,L40,21.197033,17458,2021-06-26 17:55:19,52.338081,1
122,L43,21.077759,17461,2021-06-26 08:32:11,52.26762,51
123,L43,21.077951,17462,2021-06-26 17:54:57,52.267616,52
124,L45,21.17532,17464,2021-06-26 17:55:20,52.310844,1
125,L37,21.176323,17466,2021-06-25 22:21:40,52.312318,2
126,L38,21.250717,17467,2021-06-26 17:55:17,52.333714,51
127,240,21.0407221,1802,2021-06-26 17:55:15,52.2884226,3
128,N12,21.045453,1803,2021-06-26 04:33:33,52.264459,128
129,110,20.9685816,1804,2021-06-26 17:55:16,52.272192,53
130,132,21.048902,1805,2021-06-26 17:55:17,52.3231556,54
131,122,20.8977945,1807,2021-06-26 17:55:15,52.2462823,6
132,106,21.0435196,1808,2021-06-26 06:30:45,52.2662013,4
133,N11,21.0454075,1809,2021-06-26 05:42:59,52.264945,122
134,106,21.0205406,1810,2021-06-26 17:55:14,52.243153,2
135,106,21.022133,1811,2021-06-26 17:55:14,52.236471,1
136,106,20.9964858,1812,2021-06-26 17:55:17,52.2359671,3
137,170,21.041058,1814,2021-06-26 17:55:02,52.253345,1
138,122,20.9843976,1815,2021-06-26 17:55:18,52.2817653,3
139,N12,21.046083,1816,2021-06-26 05:05:03,52.264528,210
140,173,21.042571,1818,2021-06-25 23:48:59,52.2664061,10
141,173,21.2019401,1821,2021-06-26 17:55:15,52.2476096,2
142,115,21.1810356,1826,2021-06-26 17:55:17,52.2481521,2
143,147,21.0477556,1828,2021-06-26 17:55:16,52.2375206,52
144,146,21.050546,1829,2021-06-26 17:55:15,52.237735,51
145,183,21.088341,1830,2021-06-26 17:55:14,52.2449346,1
146,119,21.1165895,1832,2021-06-25 22:22:16,52.2331471,06
147,183,21.1688045,1833,2021-06-26 17:55:18,52.252214,2
148,173,21.163454,1835,2021-06-26 17:55:14,52.2414336,4
149,115,21.1702788,1837,2021-06-26 17:55:12,52.2771148,1
150,168,21.0085166,1838,2021-06-26 17:55:17,52.2063365,1
151,115,21.1719638,1839,2021-06-26 17:55:16,52.2093108,5
152,147,21.1172291,1840,2021-06-25 21:35:22,52.2330755,09
153,142,21.1168673,1842,2021-06-25 20:08:52,52.2330963,08
154,168,21.025774,1843,2021-06-26 17:55:01,52.209471,3
155,173,21.1167918,1844,2021-06-25 23:53:58,52.233165,8
156,168,21.097131,1846,2021-06-26 17:55:08,52.234268,4
157,722,21.1626491,1847,2021-06-26 17:55:16,52.2258851,62
158,198,21.1158643,1848,2021-06-25 20:42:24,52.2333196,2
159,198,21.223729,1849,2021-06-26 17:55:11,52.2538278,1
160,183,21.115764,1850,2021-06-25 21:22:25,52.233265,3
161,183,21.1154913,1851,2021-06-26 00:18:45,52.2331743,07
162,198,21.2432636,1854,2021-06-26 17:55:18,52.2215408,2
163,146,21.115132,1856,2021-06-26 00:38:41,52.233222,4
164,115,21.115681,1857,2021-06-26 00:02:26,52.2331425,5
165,146,21.1166211,1858,2021-06-25 20:46:49,52.2331278,07
166,198,21.1172503,1859,2021-06-25 19:30:46,52.2330405,05
167,115,21.1153055,1860,2021-06-26 00:28:39,52.2332403,6
168,173,21.0526776,1866,2021-06-26 17:55:19,52.2503473,5
169,173,21.0700761,1867,2021-06-26 17:55:13,52.2503381,1
170,115,21.1165116,1869,2021-06-25 23:18:40,52.2330776,3
171,222,20.9956372,1901,2021-06-26 17:55:15,52.1925047,3
172,251,21.0883086,1909,2021-06-26 17:55:17,52.1580838,3
173,222,21.0146153,1910,2021-06-26 17:55:15,52.1931659,2
174,222,21.021332,1911,2021-06-26 17:55:20,52.23101,1
175,251,21.065298,1912,2021-06-26 17:55:20,52.170212,2
176,222,21.010313,1916,2021-06-26 17:55:20,52.242714,5
177,251,21.123243,1919,2021-06-26 17:55:20,52.089493,1
178,222,21.0245482,1920,2021-06-26 17:55:20,52.2186756,4
179,178,20.9780999,1995,2021-06-26 17:55:20,52.2291139,2
180,178,21.004029,1996,2021-06-26 17:55:19,52.2553386,1
181,178,21.012671,1997,2021-06-26 17:55:19,52.24192,5
182,178,20.899227,1998,2021-06-26 17:55:15,52.189625,3
183,178,20.9166915,1999,2021-06-26 17:55:20,52.2055301,4
184,171,20.9251267,2009,2021-06-26 17:55:20,52.2724432,1
185,189,20.917212,2015,2021-06-26 17:55:19,52.222202,9
186,187,21.025204,2016,2021-06-26 17:55:18,52.2191692,5
187,709,21.0178269,2021,2021-06-26 17:55:20,52.1431764,5
188,Z26,20.986366,2022,2021-06-26 17:55:19,52.239395,4
189,172,20.955467,2024,2021-06-26 17:55:19,52.2118322,63
190,217,21.046692,2026,2021-06-26 17:55:19,52.174507,3
191,519,21.092709,2027,2021-06-26 17:55:20,52.116913,3
192,172,20.974714,2028,2021-06-26 17:55:15,52.211693,1
193,189,20.8976157,2029,2021-06-26 17:55:20,52.2276901,8
194,Z26,20.979235,2030,2021-06-26 17:55:19,52.236824,7
195,522,21.074268,2032,2021-06-26 17:55:20,52.15863,3
196,174,20.9996187,2035,2021-06-26 17:55:20,52.2313647,2
197,709,21.02384,2038,2021-06-26 17:55:19,52.081257,6
198,709,21.0169999,2039,2021-06-26 17:55:19,52.0678999,1
199,709,21.0187764,2040,2021-06-26 17:55:19,52.0944781,2
200,709,21.017363,2041,2021-06-26 17:55:20,52.153065,3
201,709,21.024052,2042,2021-06-26 17:55:19,52.179993,4
202,517,20.86178,2200,2021-06-26 17:55:20,52.1909477,1
203,N35,20.921913,2206,2021-06-26 06:01:56,52.1961371,237
204,184,20.9392877,2210,2021-06-26 17:55:20,52.2788737,3
205,191,20.9847689,2213,2021-06-26 17:55:19,52.2194819,1
206,189,20.920145,2227,2021-06-26 17:55:19,52.19817,4
207,105,20.922151,2236,2021-06-26 00:04:20,52.196038,4
208,189,21.068857,2237,2021-06-26 17:55:20,52.18129,14
209,124,20.962847,2240,2021-06-26 17:55:19,52.155926,2
210,105,20.896688,2247,2021-06-26 17:55:20,52.235481,5
211,141,20.921326,2253,2021-06-25 18:30:50,52.197259,014
212,401,20.920378,2254,2021-06-25 19:44:39,52.196613,012
213,191,20.9084291,2258,2021-06-26 17:55:20,52.1924792,3
214,L20,21.471462,24511,2021-06-25 23:35:10,52.132233,1
215,L20,21.471769,24513,2021-06-26 15:05:20,52.132652,1
216,L20,21.259743,24515,2021-06-26 17:55:15,52.107792,1
217,162,21.0363231,3400,2021-06-26 17:55:17,52.2533538,5
218,185,20.9857283,3401,2021-06-26 17:55:17,52.2697796,6
219,723,20.9152648,3403,2021-06-26 17:55:19,52.4108586,3
220,735,20.9682248,3404,2021-06-26 17:55:17,52.2719501,63
221,731,21.000861,3405,2021-06-26 17:55:18,52.29124,3
222,414,21.047923,3406,2021-06-25 20:26:01,52.264541,07
223,731,20.9255741,3407,2021-06-26 17:55:14,52.4216375,1
224,738,21.0485045,3408,2021-06-26 01:02:31,52.264437,1
225,414,21.0468988,3409,2021-06-25 20:46:35,52.2649078,08
226,126,20.9408986,3410,2021-06-26 17:55:16,52.3285208,2
227,169,21.04371,3411,2021-06-25 21:40:49,52.265391,1
228,140,21.0617713,3413,2021-06-26 17:55:19,52.273386,1
229,509,20.9409081,3414,2021-06-26 17:55:15,52.3283465,2
230,114,21.0478216,3415,2021-06-25 23:08:38,52.2646596,5
231,723,21.0454035,3417,2021-06-25 21:48:49,52.2654235,1
232,145,21.0762878,3421,2021-06-26 17:55:19,52.2868018,7
233,509,21.0589351,3422,2021-06-26 17:55:18,52.2354296,355
234,Z26,21.0150916,3423,2021-06-26 17:55:17,52.2467683,1
235,169,21.0477433,3429,2021-06-25 23:04:14,52.2646666,3
236,126,21.0567248,3430,2021-06-26 17:55:15,52.3018438,4
237,114,21.04857,3434,2021-06-26 00:33:00,52.264513,2
238,518,21.0478431,3437,2021-06-25 23:46:13,52.264609,6
239,705,21.1359288,3438,2021-06-26 17:55:09,52.4823075,66
240,738,21.0688938,3440,2021-06-26 17:55:16,52.2789446,2
241,114,21.0428833,3441,2021-06-25 23:51:31,52.2659116,7
242,140,21.1227213,3444,2021-06-26 17:55:15,52.3443858,2
243,509,20.9764863,3446,2021-06-26 17:55:14,52.3148731,4
244,731,20.929623,3447,2021-06-26 17:55:00,52.375913,2
245,126,21.0017578,3448,2021-06-26 17:55:19,52.3136406,1
246,518,21.043485,3449,2021-06-25 21:30:55,52.265478,7
247,126,20.9831191,3450,2021-06-26 17:55:13,52.3085473,3
248,126,21.0504715,3451,2021-06-26 17:55:15,52.2909373,M5
249,705,21.0039905,3454,2021-06-26 17:55:18,52.3142131,62
250,145,21.0005208,3455,2021-06-26 17:55:15,52.2914431,6
251,Z26,20.9742716,3456,2021-06-26 17:55:16,52.2353661,5
252,169,21.043935,3457,2021-06-25 23:56:08,52.265611,5
253,509,21.0217225,3458,2021-06-26 17:55:15,52.2630385,5
254,Z26,20.9745263,3459,2021-06-26 17:55:17,52.2353708,6
255,738,21.1129596,3461,2021-06-26 17:55:15,52.3327308,3
256,731,21.04776,3463,2021-06-26 00:40:56,52.264114,5
257,735,21.0444471,3464,2021-06-25 23:05:19,52.2656713,64
258,723,21.0441993,3466,2021-06-26 00:00:11,52.265954,2
259,738,21.2030095,3469,2021-06-26 17:55:17,52.4095505,1
260,L19,21.034472,36443,2021-06-26 17:31:57,52.083504,51
261,L17,20.899836,36444,2021-06-26 13:08:02,51.912342,51
262,L25,21.155565,36448,2021-06-26 17:55:16,51.971004,1
263,L39,21.053185,38541,2021-06-26 17:55:15,52.097404,4
264,L39,21.024328,38545,2021-06-26 17:55:18,52.061954,3
265,L52,21.026867,38546,2021-06-26 17:55:18,52.075813,51
266,L39,20.989628,38547,2021-06-26 17:45:51,52.110771,1
267,L39,21.043268,38548,2021-06-26 17:55:18,52.084061,2
268,L23,21.017414,38549,2021-06-26 17:55:20,52.067482,51
269,L-5,20.998837,39551,2021-06-26 17:55:17,52.051823,62
270,L-2,21.034941,39552,2021-06-25 19:11:52,52.083633,063
271,L25,21.191267,39555,2021-06-25 23:37:02,51.987377,1
272,L13,21.033106,39556,2021-06-26 17:55:14,52.027622,63
273,L-5,21.025322,39558,2021-06-26 17:55:15,52.07542,61
274,L-2,20.900072,39559,2021-06-26 17:55:18,52.007347,1
275,L13,21.217253,39561,2021-06-25 20:05:15,51.98262,03
276,L12,21.02952,39562,2021-06-26 17:55:18,52.0746,1
277,L12,21.034851,39565,2021-06-26 12:57:20,52.083328,1
278,197,20.9550675,4200,2021-06-26 17:55:19,52.2836932,3
279,721,20.901848,4201,2021-06-26 17:55:20,52.139133,75
280,711,20.870485,4205,2021-06-26 17:55:20,52.120922,1
281,122,20.8970457,4206,2021-06-26 17:55:19,52.2428689,1
282,141,21.014111,4208,2021-06-26 17:55:20,52.196049,9
283,197,20.955307,4213,2021-06-26 17:55:20,52.283695,4
284,154,20.8850004,4214,2021-06-26 17:55:19,52.2644029,6
285,141,21.0347717,4216,2021-06-26 17:55:19,52.2017089,5
286,154,20.972866,4217,2021-06-26 17:55:20,52.193375,2
287,154,20.955629,4218,2021-06-26 17:55:19,52.22797,1
288,255,20.947693,4219,2021-06-26 17:55:20,52.22551,1
289,714,20.9500881,4220,2021-06-26 17:55:20,52.2386034,1
290,255,20.946356,4224,2021-06-26 17:55:20,52.225071,2
291,714,20.859423,4226,2021-06-26 17:55:20,52.250637,2
292,122,20.9456431,4227,2021-06-26 17:55:19,52.2685677,2
293,154,20.974985,4231,2021-06-26 17:55:19,52.209488,4
294,141,20.9441177,4232,2021-06-26 17:55:20,52.1754534,7
295,197,20.93931,4233,2021-06-26 17:55:19,52.24567,5
296,L-1,20.89243,42361,2021-06-26 14:43:02,52.090702,1
297,154,20.9376824,4238,2021-06-26 17:55:19,52.2396252,5
298,141,21.1129624,4240,2021-06-26 17:55:17,52.2363794,3
299,122,20.9872231,4241,2021-06-26 17:55:20,52.2788074,4
300,122,20.94512,4242,2021-06-26 17:55:19,52.265667,5
301,197,20.9421052,4243,2021-06-26 17:55:19,52.2467472,2
302,901,21.0357885,4244,2021-06-26 17:55:20,52.2218334,1
303,901,21.003632,4246,2021-06-26 17:55:17,52.229549,3
304,154,20.943855,4247,2021-06-26 17:55:19,52.175426,3
305,154,20.8983459,4248,2021-06-26 17:55:19,52.2498272,7
306,L-1,20.93656,42498,2021-06-23 19:45:16,52.08992,2
307,L-3,20.905821,42500,2021-06-26 17:55:15,52.091759,1
308,147,21.0522559,4305,2021-06-26 17:55:20,52.2502377,56
309,202,21.0483233,4307,2021-06-26 17:55:16,52.2473893,1
310,119,21.0004271,4311,2021-06-26 17:55:18,52.2061213,2
311,105,16.9750897,4332,2021-06-26 13:35:37,52.5472771,4
312,512,21.038353,4400,2021-06-26 17:55:19,52.25198,4
313,197,20.8713787,4402,2021-06-26 17:55:20,52.2049865,6
314,221,20.9814732,4404,2021-06-26 17:55:20,52.2596914,1
315,120,21.053806,4405,2021-06-26 17:55:20,52.274044,4
316,156,21.0602706,4406,2021-06-26 17:55:19,52.2692097,1
317,N02,21.044418,4407,2021-06-26 06:46:43,52.265051,3
318,240,21.05316,4408,2021-06-26 17:55:19,52.294266,1
319,197,20.8739472,4409,2021-06-26 17:55:20,52.2019402,1
320,197,20.86248,4410,2021-06-26 17:55:20,52.190243,7
321,120,21.0617529,4411,2021-06-26 17:55:19,52.3266025,7
322,106,20.965273,4412,2021-06-26 17:55:19,52.2376079,4
323,152,21.04444,4413,2021-06-25 20:19:00,52.265066,06
324,N16,21.045311,4415,2021-06-26 05:39:26,52.264876,1
325,120,21.045601,4417,2021-06-26 13:08:26,52.264446,1
326,199,21.0444199,4418,2021-06-25 20:09:09,52.264953,2
327,901,21.013351,4420,2021-06-26 17:55:20,52.230045,2
328,166,21.038622,4421,2021-06-26 17:55:20,52.233349,5
329,N03,21.0459804,4422,2021-06-26 05:41:10,52.2641299,1
330,166,21.036089,4423,2021-06-26 17:55:16,52.200855,2
331,901,21.0136942,4424,2021-06-26 17:55:19,52.2303489,4
332,512,21.049986,4425,2021-06-26 17:55:18,52.286144,2
333,120,21.048954,4428,2021-06-26 17:55:19,52.252239,3
334,512,21.065594,4429,2021-06-26 17:55:19,52.288509,3
335,120,21.066721,4431,2021-06-26 17:55:20,52.319721,5
336,512,21.052204,4434,2021-06-26 17:55:20,52.252914,5
337,100,21.0103828,4617,2021-06-26 17:55:14,52.2319545,M1
338,184,20.9661568,5205,2021-06-26 17:55:12,52.2181859,6
339,189,21.0257591,5206,2021-06-26 17:55:19,52.1733451,2
340,105,20.9704977,5208,2021-06-26 17:55:18,52.2289215,1
341,188,20.9806874,5209,2021-06-26 17:55:14,52.1899323,3
342,105,20.9315677,5210,2021-06-26 17:55:19,52.2237161,2
343,172,20.98487,5211,2021-06-26 17:54:57,52.198374,4
344,189,21.001078,5212,2021-06-26 17:55:17,52.1784866,11
345,105,20.8966112,5214,2021-06-26 17:55:12,52.2330978,3
346,189,21.058656,5215,2021-06-26 17:55:04,52.183541,13
347,716,20.8961514,5216,2021-06-26 17:55:13,52.2011173,1
348,172,20.9609572,5217,2021-06-26 17:55:14,52.2114469,2
349,523,21.037054,5221,2021-06-26 17:55:17,52.2223997,3
350,517,20.9180278,5222,2021-06-26 17:55:14,52.198914,2
351,523,20.9187012,5223,2021-06-26 17:55:15,52.2398657,1
352,171,20.9269201,5224,2021-06-26 17:55:10,52.2635761,3
353,105,20.8989668,5225,2021-06-26 17:55:14,52.2387795,4
354,210,20.9329098,5228,2021-06-26 17:55:13,52.2891052,3
355,187,20.9147947,5229,2021-06-26 17:55:12,52.1995818,1
356,171,20.9568833,5232,2021-06-26 17:55:14,52.2380617,4
357,136,21.007671,5234,2021-06-26 17:55:07,52.170651,5
358,184,20.9638755,5235,2021-06-26 17:55:12,52.2080624,1
359,517,20.977057,5236,2021-06-26 17:55:16,52.2175871,5
360,Z10,20.9248176,5237,2021-06-26 17:55:15,52.2606424,3
361,171,20.9248301,5238,2021-06-26 17:55:13,52.2726147,2
362,171,21.0211744,5240,2021-06-26 17:55:12,52.2310289,5
363,191,20.9696698,5241,2021-06-26 17:55:16,52.2134717,2
364,148,20.9781335,5242,2021-06-26 17:55:19,52.1694142,4
365,190,20.920664,5245,2021-06-25 20:12:48,52.196575,016
366,523,21.1069298,5253,2021-06-26 17:55:15,52.2481812,5
367,141,20.9224014,5255,2021-06-26 00:37:46,52.1970728,4
368,182,20.92243,5256,2021-06-25 19:09:29,52.1956758,011
369,188,20.977971,5257,2021-06-26 17:55:04,52.169591,52
370,187,20.8631511,5258,2021-06-26 17:55:12,52.1952486,2
371,184,20.9245873,5260,2021-06-26 17:55:12,52.2610385,5
372,N46,21.047172,5403,2021-06-26 06:04:29,52.2647932,150
373,500,21.04207,5404,2021-06-26 17:55:20,52.300365,52
374,169,21.043236,5406,2021-06-26 17:55:19,52.276886,5
375,705,20.9890419,5407,2021-06-26 17:55:20,52.3034266,65
376,160,21.014788,5410,2021-06-26 17:55:20,52.246788,M5
377,500,20.9839862,5412,2021-06-26 17:55:20,52.2550619,54
378,160,21.055546,5413,2021-06-26 17:55:20,52.263744,M2
379,500,21.041704,5419,2021-06-26 17:55:20,52.300381,M56
380,527,21.0618246,5425,2021-06-26 17:55:19,52.3095249,3
381,162,21.032347,5426,2021-06-26 17:55:20,52.260143,1
382,162,21.0377846,5428,2021-06-26 17:55:18,52.2170284,2
383,185,21.007727,5429,2021-06-26 17:55:20,52.26004,8
384,112,21.0853644,5430,2021-06-26 17:55:20,52.305063,3
385,145,21.076898,5432,2021-06-26 17:55:19,52.2866354,4
386,409,21.022074,5433,2021-06-26 17:55:20,52.263493,57
387,112,20.8831004,5434,2021-06-26 17:55:20,52.2147904,9
388,169,21.039015,5435,2021-06-26 17:55:20,52.251648,3
389,527,21.0490889,5436,2021-06-26 17:55:19,52.2763884,2
390,409,20.92318,5437,2021-06-26 17:55:19,52.276901,53
391,160,21.0683576,5438,2021-06-26 17:55:20,52.3235807,7
392,112,20.939169,5439,2021-06-26 17:55:19,52.277931,12
393,500,21.0463699,5441,2021-06-26 17:55:20,52.28142,55
394,160,21.0028989,5443,2021-06-26 17:55:20,52.2292016,4
395,520,21.1362,5445,2021-06-26 17:55:18,52.2413,4
396,511,20.9279962,5448,2021-06-26 17:55:20,52.2914695,1
397,160,21.0466229,5449,2021-06-26 17:55:20,52.2819909,1
398,527,21.068418,5453,2021-06-26 17:55:20,52.323421,1
399,160,21.0026989,5454,2021-06-26 17:55:20,52.2296096,3
400,723,20.9953366,5455,2021-06-26 17:55:19,52.2974259,2
401,511,20.9695309,5459,2021-06-26 17:55:20,52.3244211,2
402,185,21.02203,5460,2021-06-26 17:55:20,52.142654,3
403,180,21.012924,5870,2021-06-26 17:55:16,52.240269,7
404,503,21.024841,5871,2021-06-26 17:55:19,52.220688,3
405,503,21.002258,5873,2021-06-26 17:55:18,52.254711,5
406,503,21.011183,5875,2021-06-26 17:55:15,52.245193,7
407,180,20.990923,5876,2021-06-26 17:55:17,52.248039,62
408,175,20.990084,5880,2021-06-26 17:55:16,52.225346,55
409,175,20.978205,5882,2021-06-26 17:55:17,52.169441,53
410,128,21.012899,5884,2021-06-26 17:55:18,52.243034,51
411,175,20.982594,5886,2021-06-26 17:55:17,52.194031,52
412,128,21.009981,5887,2021-06-26 17:55:18,52.229443,64
413,128,20.963446,5889,2021-06-26 17:55:18,52.207787,59
414,180,21.077526,5890,2021-06-26 17:55:20,52.175583,3
415,180,20.94817,5891,2021-06-26 17:55:18,52.264484,11
416,180,21.048536,5892,2021-06-26 17:55:20,52.205921,5
417,128,20.983534,5895,2021-06-26 17:55:21,52.201508,60
418,128,20.998121,5897,2021-06-25 23:36:40,52.187019,51
419,503,21.008999,5898,2021-06-26 17:55:17,52.238922,4
420,111,21.1024324,5900,2021-06-26 17:55:20,52.2220435,4
421,158,21.064953,5902,2021-06-26 17:55:20,52.240822,5
422,128,20.971144,5904,2021-06-26 17:55:16,52.205997,58
423,116,20.924988,5905,2021-06-26 17:55:19,52.272354,69
424,158,21.117008,5907,2021-06-25 21:44:36,52.233902,5
425,175,21.116972,5908,2021-06-25 19:38:19,52.233955,068
426,116,21.116823,5910,2021-06-26 00:07:33,52.233971,17
427,158,20.97982,5913,2021-06-26 17:55:16,52.221893,6
428,158,21.117668,5915,2021-06-26 17:55:18,52.2337594, 
429,111,21.018009,5920,2021-06-26 17:55:20,52.231037,6
430,116,21.049809,5921,2021-06-26 17:55:15,52.187279,5
431,111,21.107388,5922,2021-06-26 07:42:12,52.233645, 
432,111,21.116245,5926,2021-06-26 00:24:55,52.234005,5
433,111,21.094227,5927,2021-06-26 17:55:17,52.227585,3
434,111,20.979149,5931,2021-06-26 17:55:17,52.244358,8
435,128,21.012909,5932,2021-06-26 17:55:20,52.243206,61
436,158,20.9763619,5933,2021-06-26 17:55:19,52.2215009,1
437,158,21.1181114,5934,2021-06-26 17:55:17,52.2334215, 
438,503,21.115843,5935,2021-06-26 00:31:56,52.233995,013
439,116,21.05621,5936,2021-06-26 17:55:16,52.181229,4
440,503,21.047827,5937,2021-06-26 17:55:20,52.151402,1
441,175,21.012817,5939,2021-06-26 17:55:17,52.243221,56
442,116,21.084116,5940,2021-06-26 17:55:16,52.167847,3
443,175,21.115613,5941,2021-06-25 21:43:06,52.234041,63
444,116,20.992285,5942,2021-06-26 17:55:18,52.262459,7
445,503,21.037323,5943,2021-06-26 17:55:17,52.168159,9
446,158,21.074083,5946,2021-06-26 17:55:17,52.239586,2
447,175,20.973366,5947,2021-06-26 17:55:18,52.172081,54
448,116,21.010904,5948,2021-06-26 17:55:18,52.229488,56
449,518,20.977839,5950,2021-06-26 17:55:19,52.270741,2
450,518,21.046433,5952,2021-06-26 17:55:18,52.264912,2
451,503,21.036009,5954,2021-06-26 17:55:19,52.164345,2
452,503,21.023375,5956,2021-06-26 17:55:17,52.227058,8
453,E-9,21.045723,5962,2021-06-25 20:17:53,52.265643,06
454,180,20.924995,5964,2021-06-26 17:55:19,52.272411,10
455,723,21.047304,5966,2021-06-25 18:56:33,52.265156,07
456,180,21.072874,5967,2021-06-26 17:55:17,52.178471,4
457,180,21.007061,5968,2021-06-26 17:55:16,52.238308,1
458,116,20.930119,5969,2021-06-26 17:55:17,52.279438,8
459,518,20.988569,5976,2021-06-26 17:55:19,52.303825,6
460,518,21.013325,5978,2021-06-26 17:55:19,52.24213,3
461,518,21.007933,5979,2021-06-26 17:55:20,52.247944,5
462,518,20.942135,5980,2021-06-26 17:55:16,52.334545,7
463,518,21.02351,5981,2021-06-26 17:55:19,52.228279,4
464,503,21.002539,5983,2021-06-26 17:55:16,52.25481,6
465,111,21.059507,5984,2021-06-26 17:55:20,52.234943,5
466,111,21.000057,5985,2021-06-26 17:55:17,52.245434,7
467,111,21.055778,5986,2021-06-26 17:55:18,52.238564,2
468,180,20.928234,5987,2021-06-26 17:55:19,52.27153,9
469,180,21.022411,5988,2021-06-26 17:55:18,52.228458,6
470,180,21.034725,5990,2021-06-26 17:55:18,52.207001,2
471,180,20.979618,5991,2021-06-26 17:55:20,52.253349,58
472,518,20.937176,5994,2021-06-26 17:55:20,52.32597,1
473,116,21.0345124,5995,2021-06-26 17:55:20,52.2029205,2
474,116,21.014647,5996,2021-06-26 17:55:16,52.230625,1
475,116,20.99744,5997,2021-06-26 17:55:16,52.255177,11
476,116,20.948137,5998,2021-06-26 17:55:16,52.276978,10
477,111,21.007687,5999,2021-06-26 17:55:19,52.238464,1
478,167,20.9773374,6201,2021-06-26 17:55:19,52.2115817,2
479,713,20.776052,6203,2021-06-26 17:55:19,52.211033,1
480,713,20.930141,6204,2021-06-26 17:55:20,52.2248169,2
481,112,20.963921,6207,2021-06-26 17:55:20,52.274952,6
482,112,20.998295,6208,2021-06-26 17:55:19,52.288803,1
483,112,20.9145634,6210,2021-06-26 17:55:20,52.2290757,M11
484,112,20.896523,6212,2021-06-26 17:55:18,52.216438,8
485,136,20.98761,6213,2021-06-26 17:55:20,52.210155,10
486,187,20.863701,6214,2021-06-26 17:55:19,52.195503,3
487,210,20.851154,6220,2021-06-26 17:55:20,52.292381,1
488,187,20.926949,6222,2021-06-26 17:55:20,52.19619,4
489,189,20.939211,6223,2021-06-26 17:55:19,52.193962,10
490,187,20.980377,6226,2021-06-26 17:55:20,52.216476,8
491,191,20.9332109,6227,2021-06-26 17:55:20,52.2019731,6
492,136,21.055693,6236,2021-06-26 17:55:19,52.147396,7
493,716,20.840405,6239,2021-06-26 17:55:20,52.189747,3
494,184,20.93499,6241,2021-06-26 17:55:20,52.28857,4
495,703,20.859636,6242,2021-06-26 17:55:20,52.115635,74
496,706,20.944159,6243,2021-06-26 17:55:19,52.176037,1
497,L29,20.462555,65471,2021-06-26 17:55:09,52.267738,1
498,112,20.914585,7200,2021-06-26 17:55:20,52.252811,7
499,124,20.9327072,7201,2021-06-26 17:55:20,52.1621966,1
500,Z10,20.913334,7202,2021-06-26 17:55:20,52.251839,5
501,112,21.0546664,7206,2021-06-26 17:55:20,52.2961074,4
502,Z10,20.9109409,7208,2021-06-26 17:55:19,52.24973,1
503,189,20.898777,7214,2021-06-26 17:55:20,52.238659,7
504,728,20.943113,7217,2021-06-26 17:55:20,52.175354,72
505,728,20.880558,7218,2021-06-26 17:55:20,52.021931,71
506,517,21.010736,7224,2021-06-26 17:55:16,52.231632,4
507,112,21.059797,7225,2021-06-26 17:55:19,52.304623,2
508,112,20.9208932,7226,2021-06-26 13:08:33,52.1969334,4
509,184,20.9457377,7227,2021-06-26 17:55:19,52.2392247,2
510,Z10,20.915077,7228,2021-06-26 17:55:18,52.232368,6
511,716,20.9305657,7229,2021-06-26 17:55:19,52.2250426,2
512,Z10,20.9310797,7234,2021-06-26 17:55:19,52.2251657,7
513,124,20.921078,7240,2021-06-25 18:26:53,52.196911,03
514,187,21.0566781,7241,2021-06-26 17:55:19,52.1926705,7
515,187,21.048248,7243,2021-06-26 17:55:19,52.178192,6
516,210,20.7905241,7244,2021-06-26 17:55:20,52.2989887,2
517,167,21.057722,7245,2021-06-26 17:55:19,52.213104,6
518,191,20.870396,7247,2021-06-26 17:55:19,52.183567,4
519,172,21.046139,7248,2021-06-26 17:55:20,52.190762,7
520,189,20.9083515,7249,2021-06-26 17:55:20,52.2283954,5
521,188,20.981165,7250,2021-06-26 17:55:19,52.189896,1
522,517,20.891518,7251,2021-06-26 17:55:15,52.190445,6
523,182,20.979998,7252,2021-06-26 17:55:20,52.21661,2
524,517,21.0024105,7254,2021-06-26 17:55:19,52.2280264,3
525,523,20.9808177,7255,2021-06-26 17:55:20,52.2163232,7
526,191,20.8705129,7256,2021-06-26 17:55:20,52.1833499,5
527,188,21.129025,7257,2021-06-26 17:55:20,52.240044,5
528,182,21.1129967,7259,2021-06-26 17:55:19,52.2362461,4
529,138,21.100594,7301,2021-06-26 17:55:20,52.260639,6
530,141,21.078775,7303,2021-06-26 17:55:03,52.235578,4
531,148,21.0871285,7304,2021-06-26 17:55:20,52.2447979,9
532,151,21.026705,7305,2021-06-26 17:55:19,52.219551,2
533,182,20.990606,7306,2021-06-26 17:55:20,52.21653,3
534,162,21.0849937,7308,2021-06-26 17:55:20,52.1932954,3
535,507,21.01623,7310,2021-06-26 17:55:19,52.230881,2
536,125,21.196491,7312,2021-06-26 17:55:20,52.208309,2
537,E-1,21.1167422,7314,2021-06-25 19:42:06,52.2335197,01
538,520,21.156069,7315,2021-06-26 17:55:19,52.24043,5
539,143,21.1164757,7317,2021-06-25 19:35:11,52.2334452,3
540,162,21.049858,7322,2021-06-26 17:55:20,52.201187,4
541,523,20.957743,7324,2021-06-26 17:55:20,52.226498,2
542,520,21.0108722,7325,2021-06-26 17:55:20,52.2315769,2
543,148,21.0161467,7326,2021-06-26 17:55:20,52.1532461,5
544,138,21.052221,7327,2021-06-26 17:55:19,52.258823,7
545,171,20.912958,7328,2021-06-26 17:55:19,52.239258,8
546,520,21.002817,7331,2021-06-26 17:55:19,52.242683,1
547,150,20.930624,753,2021-06-26 17:55:18,52.291126,3
548,750,20.85355,755,2021-06-26 17:55:18,52.361637,2
549,250,20.893864,757,2021-06-26 17:55:20,52.295898,1
550,750,20.714972,758,2021-06-26 17:55:17,52.392185,3
551,150,20.902121,761,2021-06-26 17:55:17,52.328564,1
552,250,20.883076,763,2021-06-26 17:55:16,52.322632,3
553,521,20.979647,7701,2021-06-26 17:55:20,52.2148572,3
554,750,20.895803833,773,2021-06-26 17:55:20,52.337112667,4
555,250,20.92775,775,2021-06-26 17:55:12,52.291096,2
556,750,20.92951,776,2021-06-26 17:55:20,52.29287,1
557,150,20.8471852,777,2021-06-26 17:55:20,52.341584,2
558,138,21.0025088,8120,2021-06-26 17:55:16,52.1812645,1
559,185,20.9755408,8138,2021-06-26 17:55:17,52.2896343,7
560,172,21.0691648,8139,2021-06-26 17:55:19,52.1813788,6
561,727,20.997388,8148,2021-06-25 21:39:43,52.187336,4
562,522,21.0155345,8154,2021-06-26 17:55:14,52.218984,6
563,167,20.9884246,8166,2021-06-26 17:55:12,52.2165243,5
564,143,21.0877521,8167,2021-06-26 17:55:14,52.2451526,2
565,522,20.998243,8174,2021-06-25 20:09:50,52.1878,013
566,504,21.0045708,8178,2021-06-26 17:55:15,52.2299045,3
567,519,20.996546,8180,2021-06-25 22:35:23,52.187545,5
568,136,20.9915246,8181,2021-06-26 17:55:12,52.188941,4
569,138,20.995435,8183,2021-06-26 17:55:14,52.170176,2
570,172,21.0074801,8184,2021-06-26 17:55:19,52.1954378,8
571,504,20.9837578,8187,2021-06-26 17:55:17,52.1988233,2
572,519,21.092856,8188,2021-06-26 17:55:11,52.117043,2
573,504,21.0398641,8189,2021-06-26 17:55:17,52.1492713,5
574,198,21.1173818,8210,2021-06-25 18:57:27,52.2334423,04
575,151,21.1167196,8218,2021-06-25 19:22:39,52.2335221,04
576,514,21.2437623,8222,2021-06-26 17:55:15,52.2486041,4
577,188,21.1161338,8225,2021-06-25 20:54:43,52.2335866,08
578,143,21.114924,8228,2021-06-25 23:38:50,52.234206,6
579,509,21.116793,8231,2021-06-25 20:04:19,52.233758,021
580,514,21.1200255,8300,2021-06-26 17:55:14,52.2327046,3
581,502,21.2174058,8301,2021-06-26 17:55:15,52.2144231,4
582,125,21.0872475,8303,2021-06-26 17:55:02,52.2452316,5
583,125,21.126196,8305,2021-06-26 17:55:19,52.2345086,3
584,509,20.942211,8310,2021-06-26 17:55:09,52.334544,3
585,502,21.015606,8313,2021-06-26 17:55:09,52.220271,6
586,182,21.11721,8315,2021-06-25 19:08:30,52.233705,013
587,145,21.129786,8317,2021-06-26 17:55:06,52.251269,1
588,188,21.0638878,8318,2021-06-26 17:55:14,52.2287028,6
589,168,21.11586,8320,2021-06-25 21:27:01,52.23366,07
590,514,21.0156295,8323,2021-06-26 17:55:19,52.2192831,2
591,145,21.0883721,8324,2021-06-26 17:55:15,52.2448171,2
592,720,21.4638503,8325,2021-06-26 17:55:20,52.1330893,1
593,125,21.117233,8327,2021-06-25 20:58:39,52.234053,3
594,145,21.000304,8328,2021-06-26 17:55:22,52.291387,5
595,411,21.117353,8330,2021-06-25 20:35:38,52.233359,53
596,148,21.096443,8331,2021-06-26 17:55:19,52.2243198,1
597,502,21.015468,8335,2021-06-26 17:55:08,52.218674,1
598,143,21.0056996,8339,2021-06-26 17:55:18,52.2174108,1
599,704,21.3479178,8340,2021-06-26 17:55:21,52.2223911,1
600,171,21.033511,8342,2021-06-26 17:55:03,52.227783,6
601,151,21.0749233,8344,2021-06-26 17:55:17,52.2330983,3
602,185,21.05913,8345,2021-06-26 17:55:09,52.1911183,1
603,145,21.116836,8346,2021-06-25 19:31:54,52.233566,016
604,145,21.116093,8347,2021-06-25 19:40:44,52.233476,012
605,523,20.8983233,8348,2021-06-26 17:55:12,52.2584817,9
606,507,21.064396,8349,2021-06-26 17:55:13,52.22695,5
607,411,21.116288,8350,2021-06-25 20:43:54,52.233658,061
608,125,21.0398383,8351,2021-06-26 17:55:12,52.2414517,4
609,125,21.17058,8352,2021-06-26 17:55:20,52.2103083,1
610,151,21.1050067,8353,2021-06-26 17:55:20,52.2302017,1
611,521,21.0158883,8355,2021-06-26 17:55:08,52.2305867,2
612,N03,21.117188,8357,2021-06-26 05:01:26,52.233246,254
613,502,21.2279883,8358,2021-06-26 17:55:12,52.2236567,3
614,507,21.102319,8360,2021-06-26 17:55:12,52.222026,4
615,704,21.0885917,8362,2021-06-26 17:55:13,52.2449017,2
616,521,21.1864717,8363,2021-06-26 17:55:07,52.18596,5
617,507,21.005385,8366,2021-06-26 17:55:12,52.2294917,1
618,143,21.1210417,8367,2021-06-26 17:55:09,52.2367667,6
619,502,21.1392333,8368,2021-06-26 17:55:11,52.2288233,5
620,521,21.1803567,8369,2021-06-26 17:55:15,52.1919683,1
621,141,21.117058,8397,2021-06-25 19:41:02,52.233698,012
622,502,21.1151075,8403,2021-06-25 23:03:57,52.2336293,064
623,411,21.1156411,8440,2021-06-25 20:20:48,52.2335555,062
624,511,20.958204,8443,2021-06-26 17:55:20,52.338055,3
625,112,20.903751,8445,2021-06-26 17:55:20,52.228207,10
626,169,21.0384265,8447,2021-06-26 17:55:20,52.2962886,2
627,509,21.0002759,8448,2021-06-26 17:55:20,52.2927547,1
628,160,21.047548,8450,2021-06-26 17:55:19,52.284969,6
629,409,20.9198382,8452,2021-06-26 17:55:20,52.313922,58
630,735,21.0105229,8454,2021-06-26 17:55:19,52.4524527,61
631,112,21.033083,8455,2021-06-26 17:55:20,52.2971,5
632,731,20.9345106,8457,2021-06-26 17:55:19,52.3755959,4
633,185,21.0485019,8458,2021-06-26 11:00:08,52.2645874,6
634,169,21.051777,8459,2021-06-26 17:55:20,52.25288,4
635,409,20.8868102,8460,2021-06-26 17:55:20,52.3046855,51
636,169,21.041918,8461,2021-06-26 17:55:20,52.300163,1
637,141,20.958525,8500,2021-06-26 17:55:13,52.190253,8
638,Z26,21.0191233,8501,2021-06-26 17:55:18,52.2480383,3
639,522,21.07984,8502,2021-06-26 17:55:05,52.157883,2
640,189,21.0553167,8504,2021-06-26 17:55:16,52.181365,1
641,N33,20.996476,8505,2021-06-26 05:42:44,52.187546,172
642,185,20.997366,8507,2021-06-25 23:56:14,52.186391,9
643,174,21.0184283,8508,2021-06-26 17:55:11,52.1869667,3
644,189,20.996501,8509,2021-06-26 00:35:47,52.18806,12
645,331,20.997095,8511,2021-06-25 18:21:40,52.187653,01
646,148,20.998374,8514,2021-06-26 00:52:13,52.188333,5
647,N37,20.998273,8516,2021-06-26 05:43:10,52.188213,246
648,136,20.9621433,8517,2021-06-26 17:55:20,52.2161883,3
649,165,20.992303,8520,2021-06-26 17:55:15,52.158741,3
650,185,21.0480067,8521,2021-06-26 17:55:16,52.151255,2
651,136,21.0352617,8522,2021-06-26 17:55:12,52.1509983,8
652,733,20.997863,8523,2021-06-25 20:19:16,52.187501,62
653,185,21.043996,8524,2021-06-26 17:55:09,52.175231,4
654,519,21.097813,8525,2021-06-26 17:55:11,52.140193,4
655,136,21.053901,8528,2021-06-26 17:55:09,52.146386,6
656,143,21.1696017,8530,2021-06-26 17:55:16,52.2634983,5
657,308,20.997771,8531,2021-06-25 19:03:30,52.187649,02
658,136,20.997748,8533,2021-06-25 23:20:13,52.188256,10
659,N03,20.997894,8534,2021-06-26 05:57:03,52.18594,156
660,131,20.996449,8535,2021-06-25 22:36:53,52.186401,10
661,519,21.0121967,8536,2021-06-26 17:55:16,52.2295667,7
662,N33,20.996953,8537,2021-06-26 05:04:45,52.186869,173
663,217,21.069888,8540,2021-06-26 17:55:15,52.165205,2
664,N34,20.996438,8541,2021-06-26 05:33:51,52.187668,149
665,N37,20.99783,8545,2021-06-26 05:44:42,52.187465,132
666,167,20.92576,8547,2021-06-26 17:55:10,52.2341167,3
667,733,20.9433467,8548,2021-06-26 17:55:19,52.1754317,1
668,504,21.0686633,8550,2021-06-26 17:55:12,52.129005,6
669,519,21.061746,8551,2021-06-26 17:55:06,52.176013,5
670,522,21.065346,8552,2021-06-26 17:55:09,52.172876,1
671,Z26,21.035185,8553,2021-06-26 17:55:11,52.2559717,2
672,148,21.1030033,8559,2021-06-26 17:55:09,52.2216117,7
673,151,21.116914,8561,2021-06-25 23:54:17,52.233616,1
674,171,20.9931333,8562,2021-06-26 17:55:08,52.2415,7
675,521,21.116369,8565,2021-06-25 20:39:03,52.233641,08
676,520,21.1284317,8566,2021-06-26 17:55:16,52.2347067,6
677,523,21.0788717,8567,2021-06-26 17:55:07,52.235605,6
678,509,21.04166,8569,2021-06-26 17:55:20,52.2496683,9
679,148,21.050241,8570,2021-06-26 17:54:56,52.178143,6
680,143,21.177218,8573,2021-06-26 17:55:00,52.256998,4
681,521,21.12857,8574,2021-06-26 17:55:09,52.2335483,4
682,523,20.94404,8576,2021-06-26 17:55:05,52.2389983,8
683,141,21.0459583,8578,2021-06-26 17:55:08,52.2151183,1
684,190,21.046053,8582,2021-06-25 18:46:44,52.264343,021
685,523,21.1067967,8586,2021-06-26 17:55:14,52.248005,4
686,520,21.0463683,8589,2021-06-26 17:55:20,52.2247417,7
687,185,21.0447517,8592,2021-06-26 17:55:13,52.2209933,5
688,N13,21.114978,8593,2021-06-26 05:47:18,52.233611,247
689,145,21.1342233,8594,2021-06-26 17:55:15,52.244555,3
690,188,21.0784233,8595,2021-06-26 17:55:20,52.2356583,4
691,168,21.112704,8800,2021-06-26 17:55:03,52.236296,5
692,189,20.8983771,8802,2021-06-26 17:55:13,52.2395283,6
693,148,21.0274348,8804,2021-06-26 17:55:14,52.1507758,3
694,168,21.0907356,8805,2021-06-26 17:55:19,52.2131615,6
695,136,20.9588385,8806,2021-06-26 17:55:15,52.2378146,1
696,189,20.9805575,8807,2021-06-26 17:55:17,52.1828291,3
697,138,21.0538996,8808,2021-06-26 17:55:17,52.2345673,4
698,168,20.9953846,8810,2021-06-26 17:55:17,52.1913293,2
699,167,21.048481,8812,2021-06-26 17:55:01,52.207861,1
700,136,20.9660533,8813,2021-06-26 17:55:17,52.24318,2
701,504,20.9841341,8814,2021-06-26 17:55:17,52.1981346,4
702,217,21.0226036,8816,2021-06-26 17:55:19,52.1794278,1
703,167,21.082938,8818,2021-06-26 17:55:06,52.208268,7
704,167,20.9336703,8819,2021-06-26 17:55:16,52.234167,4
705,174,20.9953206,8820,2021-06-26 17:55:16,52.170215,371
706,N43,20.9959001,8821,2021-06-26 05:29:35,52.1875351,220
707,189,21.040386,8822,2021-06-26 17:55:17,52.171224,12
708,519,21.034331,8823,2021-06-26 17:55:16,52.2030695,8
709,148,21.0436085,8825,2021-06-26 17:55:19,52.1726505,2
710,522,21.0354636,8826,2021-06-26 17:55:14,52.2015168,318
711,514,21.079831,8828,2021-06-26 17:55:17,52.2353885,1
712,509,21.102348,8829,2021-06-26 17:55:13,52.2218465,7
713,143,21.0378603,8832,2021-06-26 17:55:12,52.2224135,7
714,502,21.0811,8833,2021-06-26 17:55:17,52.2357175,2
715,182,21.114685,8834,2021-06-26 17:55:19,52.23521,M5
716,N83,21.116546,8839,2021-06-26 05:25:32,52.233586,174
717,520,21.0574175,8840,2021-06-26 17:55:17,52.227231,3
718,138,21.1172336,8841,2021-06-25 22:19:45,52.2337476,1
719,521,21.1161941,8844,2021-06-25 20:59:15,52.2334716,09
720,138,21.023947,8846,2021-06-26 17:55:13,52.2188048,8
721,143,21.1474418,8850,2021-06-26 17:55:14,52.2606366,3
722,138,21.0885058,8852,2021-06-26 17:55:13,52.2611793,5
723,509,21.0908828,8853,2021-06-26 17:55:20,52.2252586,8
724,182,21.0882295,8854,2021-06-26 17:55:16,52.2360483,1
725,518,21.047239,8859,2021-06-25 21:49:41,52.2647968,9
726,412,21.047084,8862,2021-06-25 20:21:52,52.264918,05
727,509,21.043849,8863,2021-06-25 22:53:53,52.266028,14
728,723,21.047273,8864,2021-06-25 19:20:55,52.264625,08
729,269,21.043698,8866,2021-06-25 22:15:02,52.266003,04
730,738,21.046916,8868,2021-06-25 18:47:25,52.264738,05
731,340,21.046388,8870,2021-06-25 19:12:44,52.265081,03
732,511,21.046323,8874,2021-06-25 18:33:00,52.265079,05
733,340,21.048342,8876,2021-06-25 18:55:45,52.264397,06
734,723,20.9730818,8878,2021-06-26 17:55:14,52.3199976,1
735,511,21.0472221,8879,2021-06-25 19:11:55,52.2646076,07
736,709,20.996574,8880,2021-06-25 18:58:33,52.18762,016
737,136,21.0017723,8881,2021-06-26 17:55:18,52.1858801,9
738,174,21.017877,8882,2021-06-26 17:55:15,52.1875358,1
739,165,21.0242605,8883,2021-06-26 17:55:14,52.1798008,4
740,504,21.031934,8885,2021-06-26 17:55:18,52.1496268,1
741,504,20.9985235,8886,2021-06-26 11:14:42,52.1878498,6
742,165,21.0014651,8888,2021-06-26 17:55:18,52.1561918,2
743,165,21.0152085,8891,2021-06-26 17:55:18,52.1798961,1
744,148,21.087141,8893,2021-06-26 17:55:13,52.245003,8
745,172,21.0237248,8895,2021-06-26 17:55:18,52.199972,5
746,522,21.002459,8896,2021-06-26 17:55:15,52.2300386,5
747,138,21.0009398,8897,2021-06-26 17:55:17,52.1989208,3
748,519,21.0845421,8899,2021-06-26 17:55:21,52.1656613,1
749,161,21.194933,9061,2021-06-26 17:55:17,52.1712,1
750,104,20.999973,9063,2021-06-26 17:55:18,52.29084,2
751,161,21.224712,9068,2021-06-26 17:55:17,52.186676,2
752,211,20.943399,9070,2021-06-26 17:55:16,52.345619,3
753,211,20.941456,9074,2021-06-26 17:55:19,52.355328,4
754,211,20.957756,9075,2021-06-26 17:55:19,52.326073,M5
755,234,21.014093,9076,2021-06-26 17:42:18,52.310333,1
756,234,21.066696,9079,2021-06-26 17:55:20,52.341881,2
757,800,20.755512,9082,2021-06-26 17:52:54,52.350357,M1
758,900,20.953585,9084,2021-06-26 17:55:17,52.358856,1
759,161,21.211544,9088,2021-06-26 17:55:17,52.182629,M3
760,104,21.025574,9091,2021-06-26 17:55:18,52.297405,1
761,211,20.961149,9092,2021-06-26 17:55:16,52.314571,2
762,211,21.000937,9093,2021-06-26 17:55:20,52.291592,1
763,219,21.156618,9201,2021-06-26 17:55:16,52.214012,1
764,107,21.005695,9204,2021-06-26 17:55:14,52.243073,1
765,107,20.979353,9205,2021-06-26 17:55:13,52.244488,2
766,121,20.971901,9206,2021-06-26 17:55:19,52.285748,M2
767,209,21.031017,9209,2021-06-26 17:55:19,52.14838,54
768,107,20.995428,9210,2021-06-26 17:55:14,52.246143,3
769,201,20.942268,9212,2021-06-26 17:55:12,52.237289,3
770,121,20.967972,9213,2021-06-26 17:55:12,52.271971,1
771,133,20.971647,9214,2021-06-26 17:55:16,52.350883,1
772,133,20.951603,9215,2021-06-26 17:55:18,52.316662,2
773,164,21.065922,9216,2021-06-26 17:55:11,52.171963,2
774,164,21.138182,9217,2021-06-26 17:55:13,52.145863,1
775,164,21.05682,9219,2021-06-26 17:55:13,52.182281,3
776,177,20.883617,9220,2021-06-26 17:55:16,52.205772,1
777,177,20.880257,9221,2021-06-26 17:55:19,52.197514,2
778,203,20.928314,9222,2021-06-26 17:55:19,52.2911,2
779,107,21.036573,9223,2021-06-26 17:55:19,52.221951,4
780,203,20.933098,9224,2021-06-26 17:55:19,52.289574,1
781,208,20.949224,9225,2021-06-26 17:55:17,52.209744,2
782,209,20.981081,9227,2021-06-26 17:55:15,52.132854,51
783,228,20.893013,9228,2021-06-26 17:55:16,52.200378,1
784,228,20.91971,9229,2021-06-26 17:55:19,52.210056,3
785,177,20.886004,9230,2021-06-26 17:55:20,52.189586,3
786,228,20.967113,9231,2021-06-26 17:55:18,52.194702,2
787,209,21.025084,9233,2021-06-26 17:55:17,52.144238,52
788,201,20.925066,9234,2021-06-26 17:55:14,52.260574,2
789,219,21.15675,9235,2021-06-26 17:55:13,52.185734,2
790,208,20.975609,9236,2021-06-26 17:55:14,52.210259,1
791,264,21.083895,9240,2021-06-26 17:55:13,52.167706,1
792,201,20.943211,9243,2021-06-26 17:55:15,52.239239,1
793,219,21.102713,9250,2021-06-26 17:55:19,52.222691,3
794,239,21.015408,9252,2021-06-26 17:55:12,52.14893,53
795,199,21.058264,9311,2021-06-26 17:55:14,52.274487,4
796,135,21.080149,9312,2021-06-26 17:55:16,52.241772,3
797,135,21.027229,9313,2021-06-26 17:55:12,52.259544,4
798,123,21.101171,9316,2021-06-26 17:55:19,52.240715,1
799,123,21.051159,9317,2021-06-26 17:55:18,52.252575,3
800,179,21.049101,9318,2021-06-26 17:55:13,52.153957,7
801,153,21.155365,9319,2021-06-26 17:55:19,52.272266,3
802,179,21.027084,9320,2021-06-26 17:55:16,52.142372,3
803,142,21.144741,9321,2021-06-26 17:55:19,52.184788,4
804,123,21.063608,9322,2021-06-26 17:55:18,52.230946,2
805,123,21.09609,9323,2021-06-26 17:55:09,52.243511,5
806,179,21.03656,9325,2021-06-26 17:55:12,52.162037,4
807,135,21.047247,9326,2021-06-26 17:55:17,52.248055,1
808,179,21.036903,9327,2021-06-26 17:55:16,52.162048,5
809,135,21.107122,9328,2021-06-26 17:55:05,52.248329,2
810,179,21.025061,9329,2021-06-26 17:55:16,52.143963,6
811,179,21.060274,9333,2021-06-26 17:55:16,52.140663,52
812,123,21.068937,9337,2021-06-26 17:55:17,52.225521,4
813,153,21.156307,9338,2021-06-26 17:55:17,52.264488,2
814,123,21.052435,9339,2021-06-26 17:55:19,52.250137,357
815,153,21.177027,9340,2021-06-26 17:55:14,52.256851,1
816,199,21.179802,9342,2021-06-26 17:55:18,52.269058,2
817,123,21.077581,9345,2021-06-25 21:25:22,52.268494,357
818,179,21.068783,9349,2021-06-26 17:55:19,52.128759,1
819,142,21.088882,9351,2021-06-26 17:55:17,52.244865,1
820,142,21.242006,9352,2021-06-26 17:55:15,52.169834,3
821,142,21.15423,9354,2021-06-26 17:55:19,52.173458,M5
822,199,21.1440509,9355,2021-06-26 17:55:12,52.2696932,1
823,142,21.08811,9357,2021-06-26 17:55:18,52.24493,2
824,103,20.931255,9411,2021-06-26 17:55:17,52.289856,4
825,157,20.976595,9412,2021-06-26 17:55:14,52.216667,3
826,117,21.096533,9413,2021-06-26 17:55:18,52.221142,3
827,516,20.954527,9414,2021-06-26 17:55:18,52.320202,4
828,157,20.976185,9416,2021-06-26 17:55:19,52.289776,6
829,117,21.023518,9417,2021-06-26 17:55:16,52.232327,1
830,103,20.968517,9418,2021-06-26 17:55:18,52.222076,2
831,134,20.984495,9419,2021-06-26 17:55:14,52.28223,1
832,134,20.966503,9420,2021-06-26 17:55:20,52.273434,2
833,134,21.061684,9423,2021-06-26 17:55:20,52.361797,3
834,117,21.102484,9424,2021-06-26 17:55:20,52.222111,4
835,103,20.930923,9427,2021-06-26 17:55:19,52.291977,5
836,157,20.97658,9428,2021-06-26 17:55:19,52.289932,1
837,157,20.985252,9429,2021-06-26 17:55:17,52.250839,2
838,245,21.131096,9431,2021-06-26 17:55:17,52.280571,1
839,516,20.942081,9432,2021-06-26 17:55:20,52.334145,1
840,516,20.968803,9434,2021-06-26 17:55:18,52.320648,2
841,516,21.000858,9436,2021-06-26 17:55:20,52.291149,3
842,176,20.996405,9438,2021-06-26 17:55:18,52.320499,1
843,157,20.983921,9439,2021-06-26 17:55:20,52.247787,5
844,712,20.914062,9441,2021-06-26 17:55:17,52.283325,M2
845,103,20.950949,9442,2021-06-26 17:55:13,52.259342,1
846,103,20.95248,9443,2021-06-26 17:55:15,52.262543,3
847,245,21.052971,9446,2021-06-26 17:55:15,52.276489,2
848,712,20.928535,9450,2021-06-26 17:55:19,52.290962,1
849,176,20.982239,9452,2021-06-26 17:55:16,52.355553,3
850,176,21.02673,9453,2021-06-26 17:55:19,52.281189,2
851,743,20.896057,9459,2021-06-26 17:55:18,52.216904,1
852,194,20.89573,9501,2021-06-26 17:55:17,52.202459667,4
853,181,20.972239833,9503,2021-06-26 17:55:20,52.282020167,2
854,717,20.911127167,9504,2021-06-26 17:55:20,52.187453833,3
855,139,21.098609667,9507,2021-06-26 17:55:20,52.105089833,2
856,149,20.943557667,9509,2021-06-26 17:55:20,52.239215,2
857,729,20.953903167,9511,2021-06-26 17:55:15,52.238123,1
858,149,20.917705,9514,2021-06-26 17:55:16,52.2395035,4
859,159,21.023338333,9515,2021-06-26 17:55:20,52.223926333,1
860,159,21.058102667,9519,2021-06-26 17:55:19,52.193076167,4
861,159,21.083870333,9520,2021-06-26 17:55:19,52.192871333,5
862,181,20.969598667,9521,2021-06-26 17:55:18,52.284887833,1
863,715,21.036819833,9522,2021-06-26 17:55:15,52.161964833,55
864,181,20.905306167,9524,2021-06-26 17:55:19,52.301421,4
865,194,20.930274333,9525,2021-06-26 17:55:18,52.225021667,1
866,181,20.911903333,9526,2021-06-26 17:55:18,52.309567167,3
867,220,20.923893333,9529,2021-06-26 17:55:17,52.2608355,3
868,717,20.964916167,9530,2021-06-26 17:55:16,52.218247,2
869,159,20.954761,9531,2021-06-26 17:55:19,52.2121055,2
870,194,20.8864925,9532,2021-06-26 17:55:21,52.197070667,2
871,194,20.861603333,9533,2021-06-26 17:55:20,52.202936667,3
872,194,20.930880833,9534,2021-06-26 17:55:18,52.225057,5
873,220,20.932367167,9535,2021-06-26 17:55:20,52.1725605,1
874,220,20.898015,9537,2021-06-26 17:55:20,52.255194,4
875,300,21.021666833,9538,2021-06-26 17:55:19,52.177313833,M1
876,149,20.940381333,9539,2021-06-26 17:55:20,52.246637667,3
877,707,20.9091775,9540,2021-06-26 17:55:12,52.098312,1
878,715,20.927593,9542,2021-06-26 17:55:13,52.1607175,53
879,737,20.989943333,9543,2021-06-26 17:55:19,52.110876167,54
880,717,20.840689833,9544,2021-06-26 17:55:20,52.1905115,1
881,724,21.068856,9546,2021-06-26 17:55:14,52.128875167,1
882,139,21.0240505,9548,2021-06-26 17:55:16,52.179592,1
883,715,20.981293667,9554,2021-06-26 17:55:17,52.113194,51
884,149,20.887958833,9555,2021-06-26 17:55:17,52.250775167,1
885,159,20.998661833,9556,2021-06-26 17:55:20,52.223442,3
886,220,20.898593833,9557,2021-06-26 17:55:17,52.195370167,2
887,152,21.018269,9673,2021-06-26 17:55:16,52.333641,5
888,152,20.952454,9678,2021-06-26 17:55:16,52.317055,1
889,152,20.971498,9680,2021-06-26 17:55:18,52.334618,2
890,118,21.015594,9681,2021-06-26 17:55:17,52.21714,3
891,212,21.055702,9682,2021-06-26 17:55:16,52.268871,2
892,118,21.017229,9683,2021-06-26 17:55:18,52.249413,4
893,118,21.028818,9685,2021-06-26 17:55:20,52.237846,2
894,152,20.971313,9687,2021-06-26 17:55:18,52.320782,4
895,152,21.050226,9688,2021-06-26 17:55:13,52.325161,3
896,118,21.041328,9689,2021-06-26 17:55:19,52.299953,5
897,212,21.03462,9692,2021-06-26 17:55:14,52.262856,3
898,212,21.057226,9696,2021-06-26 17:55:19,52.301834,1
899,118,21.033089,9697,2021-06-26 17:55:17,52.297604,1
900,212,21.050337,9698,2021-06-26 17:55:16,52.290894,4
901,109,20.995968,9801,2021-06-26 17:55:17,52.232788,1
902,710,21.113119,9802,2021-06-26 17:55:13,52.10923,1
903,525,21.19659,9803,2021-06-26 17:55:12,52.208286,3
904,Z10,20.924829,9804,2021-06-26 17:55:13,52.260893,2
905,109,21.005093,9805,2021-06-26 17:55:14,52.228249,3
906,109,20.898756,9806,2021-06-26 17:55:16,52.238506,5
907,109,20.928888,9807,2021-06-26 17:55:17,52.240616,6
908,127,21.037224,9809,2021-06-26 17:55:18,52.232407,2
909,127,20.950461,9810,2021-06-26 17:55:12,52.210959,1
910,127,21.01947,9811,2021-06-26 17:55:14,52.246311,335
911,131,21.013144,9814,2021-06-26 17:55:19,52.22731,4
912,127,20.895456,9816,2021-06-26 17:55:16,52.20882,56
913,127,20.93475,9817,2021-06-26 17:55:16,52.201565,5
914,131,21.083851,9818,2021-06-26 17:55:18,52.167984,2
915,710,21.118145,9819,2021-06-26 17:55:16,52.078411,3
916,131,21.026766,9820,2021-06-26 17:55:16,52.208729,6
917,131,21.049545,9821,2021-06-26 17:55:17,52.202541,1
918,525,21.016191,9822,2021-06-26 17:55:17,52.222923,1
919,519,21.002763,9825,2021-06-26 17:47:19,52.229939,6
920,525,21.125263,9826,2021-06-26 17:55:19,52.233448,2
921,710,21.091423,9827,2021-06-26 17:55:18,52.078135,2
922,Z10,20.913706,9828,2021-06-26 17:55:13,52.237038,9
923,525,21.190683,9829,2021-06-26 17:55:13,52.207253,4
924,525,21.075717,9830,2021-06-26 17:55:16,52.233068,5
925,742,21.21689,9833,2021-06-26 17:55:16,51.981144,1
926,710,21.100887,9834,2021-06-26 17:55:18,52.119629,4
927,719,20.816721,9835,2021-06-26 17:55:20,52.252422,1
928,Z10,20.929634,9836,2021-06-26 17:55:16,52.22324,8
929,109,20.950229,9838,2021-06-26 17:55:17,52.229667,4
930,127,21.00379,9839,2021-06-26 17:55:16,52.227924,4
931,109,21.043383,9842,2021-06-26 17:55:15,52.222973,2
932,525,21.003948,9846,2021-06-26 17:55:16,52.229477,319
933,719,20.627457,9849,2021-06-26 17:55:15,52.261795,2
934,719,20.950346,9852,2021-06-26 17:55:15,52.238579,3
935,131,21.003874,9854,2021-06-26 17:55:21,52.229485,3
936,114,20.962982,9901,2021-06-26 17:55:17,52.266632,1
937,114,20.93532,9903,2021-06-26 17:55:16,52.298481,5
938,186,20.971527,9905,2021-06-26 17:55:14,52.20591,5
939,193,21.046202,9906,2021-06-26 17:55:17,52.157219,1
940,114,21.036512,9907,2021-06-26 17:55:18,52.28838,7
941,186,20.942205,9908,2021-06-26 17:55:18,52.334133,1
942,186,20.989714,9909,2021-06-26 17:55:16,52.303326,3
943,186,20.963814,9912,2021-06-26 17:55:17,52.207798,6
944,186,20.970848,9915,2021-06-26 17:55:18,52.320526,9
945,186,20.945229,9916,2021-06-26 17:55:19,52.322067,2
946,190,20.992809,9919,2021-06-26 17:55:19,52.241455,2
947,190,20.898823,9920,2021-06-26 17:55:17,52.23893,5
948,190,21.080795,9921,2021-06-26 17:55:18,52.29369,9
949,190,21.085386,9922,2021-06-26 17:55:19,52.304005,10
950,193,21.042219,9923,2021-06-26 17:55:19,52.155777,2
951,193,21.004503,9925,2021-06-26 17:55:19,52.171169,3
952,114,21.028999,9928,2021-06-26 17:55:16,52.287907,63
953,114,20.930063,9930,2021-06-26 17:55:18,52.291306,2
954,193,20.996466,9933,2021-06-26 17:55:18,52.169861,4
955,190,20.896622,9935,2021-06-26 17:55:18,52.233631,4
956,186,20.954412,9939,2021-06-26 17:55:18,52.263805,8
957,114,20.961445,9940,2021-06-26 17:55:15,52.267395,4
958,114,21.041874,9941,2021-06-26 17:55:16,52.300255,6
959,186,20.956558,9942,2021-06-26 17:55:19,52.238438,4
960,190,21.034485,9946,2021-06-26 17:55:15,52.254612,8
961,190,20.917992,9947,2021-06-26 17:55:17,52.239555,3
962,190,20.915218,9949,2021-06-26 17:55:15,52.239227,6
963,190,20.988085,9951,2021-06-26 17:55:17,52.240364,7
964,190,21.026075,9953,2021-06-26 17:55:16,52.251041,1
965,186,20.968054,9954,2021-06-26 17:55:19,52.213959,67
966,o43A,21.423235,9999,2021-06-25 14:26:34,50.302956,1
