,Lines,Lon,VehicleNumber,Time,Lat,Brigade
0,213,21.1152613,1000,2021-06-25 23:22:58,52.2346205,3
1,213,21.115043,1001,2021-06-25 23:56:49,52.23463,1
2,213,21.1387,1003,2021-06-26 17:57:22,52.2142756,1
3,311,21.115233,1004,2021-06-25 21:52:40,52.23458,2
4,196,21.11514,1005,2021-06-25 23:48:58,52.234611,1
5,130,21.11559,1008,2021-06-25 20:19:05,52.234613,04
6,213,21.1011136,1010,2021-06-26 17:57:15,52.225665,2
7,213,21.1989713,1011,2021-06-26 17:57:14,52.1587563,4
8,311,21.1155166,1012,2021-06-25 21:16:38,52.2346153,1
9,213,21.2028226,1015,2021-06-26 17:57:23,52.1829976,3
10,108,21.023121,1020,2021-06-26 17:57:19,52.228779,3
11,218,21.0021439,1021,2021-06-26 17:57:20,52.1833431,4
12,218,21.004509,1024,2021-06-26 17:57:20,52.177948,2
13,192,21.0671786,1025,2021-06-26 17:57:19,52.1298382,3
14,195,20.9979977,1026,2021-06-25 21:14:18,52.1862374,2
15,163,21.0973004,1027,2021-06-26 17:57:21,52.1799122,1
16,218,21.0203276,1028,2021-06-26 17:57:19,52.1935744,3
17,163,21.1087942,1030,2021-06-26 17:57:20,52.164316,2
18,163,21.049049,1031,2021-06-26 17:57:20,52.17828,3
19,108,21.066143,1038,2021-06-26 17:57:13,52.212355,4
20,192,21.0421792,1039,2021-06-26 17:57:20,52.1552487,2
21,204,21.0604217,1040,2021-06-26 17:57:11,52.3150833,1
22,736,21.009966,1042,2021-06-26 17:57:20,52.315953,1
23,204,21.043091,1043,2021-06-25 22:53:22,52.26632,05
24,204,21.0231517,1044,2021-06-26 17:57:19,52.277365,3
25,107,21.046234,1045,2021-06-25 22:36:50,52.264653,4
26,204,21.042681,1046,2021-06-25 23:57:31,52.266098,1
27,204,21.023205,1047,2021-06-26 17:57:18,52.277278,2
28,228,20.921443,1050,2021-06-25 23:41:52,52.196853,2
29,328,20.921189,1051,2021-06-25 22:30:10,52.196913,01
30,129,20.942835,1052,2021-06-26 17:57:07,52.2465267,2
31,129,20.907165,1053,2021-06-26 17:57:09,52.1925383,3
32,129,20.897905,1055,2021-06-26 17:57:10,52.195705,4
33,129,20.9462867,1057,2021-06-26 17:57:11,52.2469733,1
34,119,21.1998879,1061,2021-06-26 17:57:20,52.2086085,4
35,119,21.158079,1062,2021-06-26 17:57:20,52.213043,5
36,192,21.024309,1064,2021-06-26 17:57:20,52.179871,1
37,192,21.0321304,1069,2021-06-26 17:57:19,52.1495079,52
38,108,21.024221,1070,2021-06-26 17:57:21,52.179646,1
39,108,21.0697282,1074,2021-06-26 17:57:21,52.1814647,2
40,218,21.023973,1076,2021-06-26 17:57:21,52.179813,1
41,192,21.0667201,1079,2021-06-26 17:57:19,52.1384187,4
42,173,21.0426228,1101,2021-06-26 00:28:34,52.2664063,2
43,240,21.0008463,1109,2021-06-26 17:57:20,52.2913945,2
44,173,21.048266,1110,2021-06-25 19:53:25,52.264265,3
45,170,21.0806693,1111,2021-06-26 17:57:17,52.2775165,2
46,110,20.9670471,1112,2021-06-26 17:57:17,52.2731946,51
47,126,21.046033,1113,2021-06-25 23:08:32,52.264159,4
48,338,21.046365,1116,2021-06-25 19:40:36,52.2645706,05
49,170,21.02851,1117,2021-06-26 17:57:22,52.2599708,4
50,739,21.018385,1200,2021-06-26 17:57:20,52.109589,65
51,739,21.039701,1201,2021-06-26 17:57:19,52.080528,64
52,166,21.0565126,1203,2021-06-26 17:57:20,52.152282,1
53,727,21.0281027,1205,2021-06-26 17:57:21,52.0678246,68
54,727,21.0211124,1208,2021-06-26 17:57:21,52.1795314,62
55,141,21.0863347,1211,2021-06-26 17:57:20,52.2452409,2
56,739,21.0233647,1213,2021-06-26 17:57:20,52.1800474,66
57,166,21.046793,1214,2021-06-26 17:57:18,52.247814,3
58,727,21.0215556,1216,2021-06-26 17:57:21,52.079823,67
59,739,21.0183882,1218,2021-06-26 17:57:19,52.1218189,63
60,166,21.06827,1219,2021-06-26 17:57:20,52.129246,8
61,166,21.0606894,1220,2021-06-26 17:57:21,52.1406784,7
62,727,21.0176992,1223,2021-06-26 17:57:19,52.0643314,61
63,240,21.0483353,1400,2021-06-26 00:03:19,52.2641493,1
64,170,21.084006,1401,2021-06-26 17:57:14,52.2746156,3
65,170,21.0454971,1403,2021-06-25 21:36:41,52.2652081,3
66,240,21.043604,1408,2021-06-25 23:31:26,52.266069,4
67,146,21.194248,1411,2021-06-26 17:57:08,52.157791,58
68,173,21.217562,1412,2021-06-26 17:57:20,52.214386,3
69,730,21.161993,1413,2021-06-26 17:57:20,52.225945,61
70,146,21.055376,1417,2021-06-26 17:57:20,52.23214,57
71,199,21.116081,1418,2021-06-26 17:57:20,52.292301,3
72,147,21.1205321,1419,2021-06-26 17:57:20,52.1998407,53
73,183,21.164251,1422,2021-06-26 17:57:19,52.254047,3
74,147,21.242971,1425,2021-06-26 17:57:20,52.219177,54
75,147,21.102047,1426,2021-06-26 17:57:19,52.214115,55
76,146,21.204641,1427,2021-06-26 17:57:20,52.159496,59
77,119,21.043808,1429,2021-06-26 17:57:19,52.202244,1
78,L11,20.841232,14422,2021-06-26 17:57:16,52.441589,2
79,L10,20.945208,14423,2021-06-26 14:34:04,52.437897,M4
80,L11,20.723183,14424,2021-06-25 20:30:06,52.424343,51
81,L-9,20.943823,14426,2021-06-26 17:57:18,52.399017,3
82,L11,20.849993,14427,2021-06-26 17:57:21,52.44474,1
83,L34,20.863562,14429,2021-06-26 17:57:15,52.441422,1
84,L10,20.945269,14430,2021-06-26 16:19:41,52.437912,M5
85,L34,20.945213,14431,2021-06-25 19:23:11,52.437866,2
86,L41,20.709816,14432,2021-06-26 17:57:17,52.430523,1
87,L33,20.945353,14434,2021-06-25 23:24:58,52.438198,1
88,L49,20.894226,14436,2021-06-26 17:57:14,52.417213,1
89,L-9,20.949566,14440,2021-06-25 23:13:11,52.471237,055
90,338,21.045604,1500,2021-06-25 19:27:18,52.264496,03
91,106,20.965438,1508,2021-06-26 17:57:15,52.2376248,5
92,735,21.0354386,1509,2021-06-26 17:57:15,52.421641,M4
93,240,21.1176671,1510,2021-06-26 17:57:20,52.3386513,4
94,110,20.8838051,1513,2021-06-26 17:57:16,52.3047698,52
95,147,21.044424,1514,2021-06-25 19:54:57,52.2648745,06
96,115,21.2422717,1521,2021-06-26 17:57:12,52.16996,4
97,115,21.208248,1523,2021-06-26 17:57:11,52.165125,3
98,702,21.2300017,1524,2021-06-26 17:57:20,52.10655,2
99,183,21.115313,1526,2021-06-26 00:16:52,52.233074,4
100,N16,21.116845,1527,2021-06-26 05:37:31,52.233048,2
101,N44,21.117096,1528,2021-06-26 05:37:25,52.233049,207
102,702,21.1886217,1531,2021-06-26 17:57:18,52.150135,1
103,202,21.0676333,1532,2021-06-26 17:57:09,52.2505183,2
104,141,20.9837517,1533,2021-06-26 17:57:16,52.1974933,6
105,119,21.0550533,1535,2021-06-26 17:57:09,52.2002483,3
106,156,20.944298,1537,2021-06-26 17:57:04,52.283903,2
107,132,21.04835,1538,2021-06-26 17:57:08,52.3239883,55
108,120,21.0448117,1539,2021-06-26 17:57:11,52.2788617,1
109,156,21.0521317,1540,2021-06-26 17:57:10,52.25301,5
110,166,21.0270983,1542,2021-06-26 17:57:18,52.2600383,4
111,221,20.994068,1543,2021-06-26 17:57:21,52.259524,2
112,N03,21.044968,1545,2021-06-26 05:08:35,52.264589,2
113,156,21.04728,1546,2021-06-26 17:57:20,52.2866317,4
114,512,21.047755,1548,2021-06-26 17:57:13,52.260495,1
115,120,21.042915,1549,2021-06-26 17:57:18,52.2498217,2
116,166,21.04703,1550,2021-06-26 17:57:10,52.190215,6
117,120,21.0619067,1551,2021-06-26 17:57:08,52.3616883,6
118,156,20.927804,1552,2021-06-26 17:57:12,52.290823,3
119,L35,21.333063,17455,2021-06-26 17:57:15,52.363598,51
120,L40,21.204676,17458,2021-06-26 17:57:18,52.337845,1
121,L43,21.077759,17461,2021-06-26 08:32:11,52.26762,51
122,L43,21.077951,17462,2021-06-26 17:54:57,52.267616,52
123,L45,21.175293,17464,2021-06-26 17:57:22,52.310909,1
124,L37,21.176323,17466,2021-06-25 22:21:40,52.312318,2
125,L38,21.254864,17467,2021-06-26 17:57:17,52.328461,51
126,240,21.0421228,1802,2021-06-26 17:57:15,52.2960728,3
127,N12,21.045453,1803,2021-06-26 04:33:33,52.264459,128
128,110,20.9685483,1804,2021-06-26 17:57:16,52.2721791,53
129,132,21.0507668,1805,2021-06-26 17:57:17,52.3151803,54
130,122,20.8983413,1807,2021-06-26 17:57:16,52.2527126,6
131,106,21.0435196,1808,2021-06-26 06:30:45,52.2662013,4
132,N11,21.0454075,1809,2021-06-26 05:42:59,52.264945,122
133,106,21.020422,1810,2021-06-26 17:57:14,52.2431586,2
134,106,21.019231,1811,2021-06-26 17:57:14,52.237218,1
135,106,21.0010958,1812,2021-06-26 17:57:17,52.2371826,3
136,170,21.034366,1814,2021-06-26 17:57:02,52.255373,1
137,122,20.9828498,1815,2021-06-26 17:57:20,52.2760115,3
138,N12,21.046083,1816,2021-06-26 05:05:03,52.264528,210
139,173,21.042571,1818,2021-06-25 23:48:59,52.2664061,10
140,173,21.1875336,1821,2021-06-26 17:57:14,52.2469448,2
141,115,21.1680518,1826,2021-06-26 17:57:17,52.2527403,2
142,146,21.0425431,1828,2021-06-26 17:57:11,52.2428573,52
143,146,21.0542668,1829,2021-06-26 17:57:15,52.234042,51
144,183,21.0883808,1830,2021-06-26 17:57:19,52.2449335,1
145,119,21.1165895,1832,2021-06-25 22:22:16,52.2331471,06
146,183,21.1597271,1833,2021-06-26 17:57:18,52.2552761,2
147,173,21.1789568,1835,2021-06-26 17:57:14,52.2454671,4
148,115,21.1702725,1837,2021-06-26 17:57:12,52.2770963,1
149,168,21.015313,1838,2021-06-26 17:57:09,52.209009,1
150,115,21.1715788,1839,2021-06-26 17:57:16,52.205643,5
151,147,21.1172291,1840,2021-06-25 21:35:22,52.2330755,09
152,142,21.1168673,1842,2021-06-25 20:08:52,52.2330963,08
153,168,21.021055,1843,2021-06-26 17:57:01,52.210001,3
154,173,21.1167918,1844,2021-06-25 23:53:58,52.233165,8
155,168,21.095053,1846,2021-06-26 17:57:08,52.230289,4
156,722,21.1851221,1847,2021-06-26 17:57:16,52.2250951,62
157,198,21.1158643,1848,2021-06-25 20:42:24,52.2333196,2
158,198,21.2237081,1849,2021-06-26 17:57:16,52.2537828,1
159,183,21.115764,1850,2021-06-25 21:22:25,52.233265,3
160,183,21.1154913,1851,2021-06-26 00:18:45,52.2331743,07
161,198,21.24327,1854,2021-06-26 17:57:18,52.2215665,2
162,146,21.115132,1856,2021-06-26 00:38:41,52.233222,4
163,115,21.115681,1857,2021-06-26 00:02:26,52.2331425,5
164,146,21.1166211,1858,2021-06-25 20:46:49,52.2331278,07
165,198,21.1172503,1859,2021-06-25 19:30:46,52.2330405,05
166,115,21.1153055,1860,2021-06-26 00:28:39,52.2332403,6
167,173,21.0523673,1866,2021-06-26 17:57:19,52.2501491,5
168,173,21.058398,1867,2021-06-26 17:57:13,52.250335,1
169,115,21.1165116,1869,2021-06-25 23:18:40,52.2330776,3
170,222,20.9957188,1901,2021-06-26 17:57:15,52.1927521,3
171,251,21.0845407,1909,2021-06-26 17:57:17,52.1657035,3
172,222,21.0238858,1910,2021-06-26 17:57:15,52.1946466,2
173,222,21.012623,1911,2021-06-26 17:57:20,52.23019,1
174,251,21.073069,1912,2021-06-26 17:57:17,52.168552,2
175,222,21.012428,1916,2021-06-26 17:57:20,52.240051,5
176,251,21.123217,1919,2021-06-26 17:57:19,52.089474,1
177,222,21.020288,1920,2021-06-26 17:57:20,52.213364,4
178,178,20.983421,1995,2021-06-26 17:57:20,52.230015,2
179,178,21.0040311,1996,2021-06-26 17:57:21,52.2553299,1
180,178,21.012543,1997,2021-06-26 17:57:19,52.240093,5
181,178,20.906086,1998,2021-06-26 17:57:21,52.188995,3
182,178,20.914042,1999,2021-06-26 17:57:20,52.199753,4
183,171,20.933166,2009,2021-06-26 17:57:20,52.27103,1
184,189,20.9154739,2015,2021-06-26 17:57:20,52.2287406,9
185,187,21.0136892,2016,2021-06-26 17:57:20,52.2172617,5
186,709,21.0177925,2021,2021-06-26 17:57:20,52.1479999,5
187,Z26,20.993074,2022,2021-06-26 17:57:19,52.241577,4
188,172,20.9555251,2024,2021-06-26 17:57:21,52.2117506,63
189,217,21.0583122,2026,2021-06-26 17:57:20,52.1718725,3
190,519,21.0927476,2027,2021-06-26 17:57:20,52.1168989,3
191,172,20.9782424,2028,2021-06-26 17:57:18,52.210494,1
192,189,20.896959,2029,2021-06-26 17:57:17,52.230041,8
193,Z26,20.974411,2030,2021-06-26 17:57:19,52.235832,7
194,522,21.079845,2032,2021-06-26 17:57:20,52.157627,3
195,174,20.9989821,2035,2021-06-26 17:57:20,52.2319249,2
196,709,21.0196887,2038,2021-06-26 17:57:19,52.0873382,6
197,709,21.017652,2039,2021-06-26 17:57:19,52.0669966,1
198,709,21.0188999,2040,2021-06-26 17:57:20,52.0886157,2
199,709,21.017488,2041,2021-06-26 17:57:19,52.147465,3
200,709,21.024075,2042,2021-06-26 17:57:19,52.179989,4
201,517,20.8617342,2200,2021-06-26 17:57:20,52.1909356,1
202,N35,20.921913,2206,2021-06-26 06:01:56,52.1961371,237
203,184,20.9384552,2210,2021-06-26 17:57:20,52.2762591,3
204,191,20.9798587,2213,2021-06-26 17:57:19,52.2150947,1
205,189,20.9303897,2227,2021-06-26 17:57:18,52.1954827,4
206,105,20.922151,2236,2021-06-26 00:04:20,52.196038,4
207,189,21.068865,2237,2021-06-26 17:57:20,52.181252,14
208,124,20.964937,2240,2021-06-26 17:57:19,52.151775,2
209,105,20.896797,2247,2021-06-26 17:57:16,52.239407,5
210,141,20.921326,2253,2021-06-25 18:30:50,52.197259,014
211,401,20.920378,2254,2021-06-25 19:44:39,52.196613,012
212,191,20.910107,2258,2021-06-26 17:57:19,52.194885,3
213,L20,21.471462,24511,2021-06-25 23:35:10,52.132233,1
214,L20,21.471769,24513,2021-06-26 15:05:20,52.132652,1
215,L20,21.259785,24515,2021-06-26 17:57:17,52.107773,1
216,162,21.0329403,3400,2021-06-26 17:57:17,52.2512525,5
217,185,20.9881533,3401,2021-06-26 17:57:17,52.26956,6
218,723,20.9151966,3403,2021-06-26 17:57:19,52.4108378,3
219,735,20.9682916,3404,2021-06-26 17:57:17,52.2719933,63
220,731,21.000861,3405,2021-06-26 17:57:19,52.291245,3
221,414,21.047923,3406,2021-06-25 20:26:01,52.264541,07
222,731,20.9255241,3407,2021-06-26 17:57:14,52.4216636,1
223,738,21.0485045,3408,2021-06-26 01:02:31,52.264437,1
224,414,21.0468988,3409,2021-06-25 20:46:35,52.2649078,08
225,126,20.9439485,3410,2021-06-26 17:57:16,52.322732,2
226,169,21.04371,3411,2021-06-25 21:40:49,52.265391,1
227,140,21.0534993,3413,2021-06-26 17:57:19,52.2761415,1
228,509,20.9448365,3414,2021-06-26 17:57:20,52.3222046,2
229,114,21.0478216,3415,2021-06-25 23:08:38,52.2646596,5
230,723,21.0454035,3417,2021-06-25 21:48:49,52.2654235,1
231,145,21.0746871,3421,2021-06-26 17:57:20,52.2874738,7
232,509,21.0547826,3422,2021-06-26 17:57:18,52.2388101,355
233,Z26,21.0049533,3423,2021-06-26 17:57:17,52.245945,1
234,169,21.0477433,3429,2021-06-25 23:04:14,52.2646666,3
235,126,21.0567636,3430,2021-06-26 17:57:17,52.301857,4
236,114,21.04857,3434,2021-06-26 00:33:00,52.264513,2
237,518,21.0478431,3437,2021-06-25 23:46:13,52.264609,6
238,705,21.1359056,3438,2021-06-26 17:57:17,52.482239,66
239,738,21.0752278,3440,2021-06-26 17:57:16,52.2866293,2
240,114,21.0428833,3441,2021-06-25 23:51:31,52.2659116,7
241,140,21.1302898,3444,2021-06-26 17:57:17,52.3534705,2
242,509,20.9661848,3446,2021-06-26 17:57:18,52.3188005,4
243,731,20.925339,3447,2021-06-26 17:57:01,52.384734,2
244,126,21.0093958,3448,2021-06-26 17:57:19,52.3032656,1
245,518,21.043485,3449,2021-06-25 21:30:55,52.265478,7
246,126,20.9777765,3450,2021-06-26 17:57:21,52.3132391,3
247,126,21.0481888,3451,2021-06-26 17:57:02,52.2876793,M5
248,705,21.0161898,3454,2021-06-26 17:57:18,52.3178546,62
249,145,21.0002598,3455,2021-06-26 17:57:15,52.2913375,6
250,Z26,20.9719541,3456,2021-06-26 17:57:16,52.236644,5
251,169,21.043935,3457,2021-06-25 23:56:08,52.265611,5
252,509,21.019942,3458,2021-06-26 17:57:20,52.2680733,5
253,Z26,20.974327,3459,2021-06-26 17:57:17,52.235411,6
254,738,21.1065395,3461,2021-06-26 17:57:19,52.3248531,3
255,731,21.04776,3463,2021-06-26 00:40:56,52.264114,5
256,735,21.0444471,3464,2021-06-25 23:05:19,52.2656713,64
257,723,21.0441993,3466,2021-06-26 00:00:11,52.265954,2
258,738,21.1936123,3469,2021-06-26 17:57:17,52.4132536,1
259,L19,21.034472,36443,2021-06-26 17:31:57,52.083504,51
260,L17,20.899836,36444,2021-06-26 13:08:02,51.912342,51
261,L25,21.135115,36448,2021-06-26 17:57:19,51.969788,1
262,L39,21.050606,38541,2021-06-26 17:57:17,52.091198,4
263,L39,21.024338,38545,2021-06-26 17:57:19,52.062004,3
264,L52,21.02249,38546,2021-06-26 17:57:20,52.074532,51
265,L39,20.989628,38547,2021-06-26 17:45:51,52.110771,1
266,L39,21.046978,38548,2021-06-26 17:57:15,52.087143,2
267,L23,21.018814,38549,2021-06-26 17:57:18,52.074688,51
268,L-5,20.988991,39551,2021-06-26 17:57:18,52.049603,62
269,L-2,21.034941,39552,2021-06-25 19:11:52,52.083633,063
270,L25,21.191267,39555,2021-06-25 23:37:02,51.987377,1
271,L13,21.018772,39556,2021-06-26 17:57:15,52.032703,63
272,L-5,21.029379,39558,2021-06-26 17:57:16,52.075462,61
273,L-2,20.898052,39559,2021-06-26 17:57:18,52.008236,1
274,L13,21.217253,39561,2021-06-25 20:05:15,51.98262,03
275,L12,21.02956,39562,2021-06-26 17:57:20,52.074638,1
276,L12,21.034851,39565,2021-06-26 12:57:20,52.083328,1
277,197,20.9488209,4200,2021-06-26 17:57:20,52.2792826,3
278,721,20.911156,4201,2021-06-26 17:57:20,52.146172,75
279,711,20.881014,4205,2021-06-26 17:57:20,52.129013,1
280,122,20.897652,4206,2021-06-26 17:57:20,52.239388,1
281,141,21.00705,4208,2021-06-26 17:57:20,52.195332,9
282,197,20.9582189,4213,2021-06-26 17:57:20,52.2809986,4
283,154,20.8975669,4214,2021-06-26 17:57:19,52.259003,6
284,141,21.041141,4216,2021-06-26 17:57:20,52.2022054,5
285,154,20.963612,4217,2021-06-26 17:57:19,52.195446,2
286,154,20.950924,4218,2021-06-26 17:57:21,52.22897,1
287,255,20.93926,4219,2021-06-26 17:57:20,52.222965,1
288,714,20.9500531,4220,2021-06-26 17:57:19,52.2385991,1
289,255,20.952585,4224,2021-06-26 17:57:19,52.227512,2
290,714,20.873068,4226,2021-06-26 17:57:19,52.249191,2
291,122,20.9345512,4227,2021-06-26 17:57:21,52.271282,2
292,154,20.969496,4231,2021-06-26 17:57:19,52.203312,4
293,141,20.9441927,4232,2021-06-26 17:57:20,52.1754711,7
294,197,20.938957,4233,2021-06-26 17:57:20,52.246418,5
295,L-1,20.89243,42361,2021-06-26 14:43:02,52.090702,1
296,154,20.9424934,4238,2021-06-26 17:57:21,52.237437,5
297,141,21.1128749,4240,2021-06-26 17:57:20,52.2363022,3
298,122,20.9786042,4241,2021-06-26 17:57:20,52.2856202,4
299,122,20.9546034,4242,2021-06-26 17:57:19,52.2616872,5
300,197,20.945666,4243,2021-06-26 17:57:20,52.2411305,2
301,901,21.0431981,4244,2021-06-26 17:57:20,52.2214686,1
302,901,21.0036656,4246,2021-06-26 17:57:21,52.2294437,3
303,154,20.943838,4247,2021-06-26 17:57:14,52.175193,3
304,154,20.897738,4248,2021-06-26 17:57:20,52.257378,7
305,L-1,20.93656,42498,2021-06-23 19:45:16,52.08992,2
306,L-3,20.905821,42500,2021-06-26 17:55:15,52.091759,1
307,147,21.0522471,4305,2021-06-26 17:57:21,52.2502379,56
308,202,21.0522268,4307,2021-06-26 17:57:20,52.250009,1
309,119,21.000296,4311,2021-06-26 17:57:21,52.2061065,2
310,105,16.9750897,4332,2021-06-26 13:35:37,52.5472771,4
311,512,21.0362901,4400,2021-06-26 17:57:21,52.2551322,4
312,197,20.8729719,4402,2021-06-26 17:57:20,52.2136212,6
313,221,20.973349,4404,2021-06-26 17:57:19,52.259251,1
314,120,21.0465119,4405,2021-06-26 17:57:21,52.2740031,4
315,156,21.0664517,4406,2021-06-26 17:57:20,52.2743397,1
316,N02,21.044418,4407,2021-06-26 06:46:43,52.265051,3
317,240,21.056976,4408,2021-06-26 17:57:19,52.298706,1
318,197,20.8685369,4409,2021-06-26 17:57:20,52.1977604,1
319,197,20.862463,4410,2021-06-26 17:57:20,52.190243,7
320,120,21.0555152,4411,2021-06-26 17:57:17,52.3327604,7
321,106,20.9678105,4412,2021-06-26 17:57:19,52.2336881,4
322,152,21.04444,4413,2021-06-25 20:19:00,52.265066,06
323,N16,21.045311,4415,2021-06-26 05:39:26,52.264876,1
324,120,21.045601,4417,2021-06-26 13:08:26,52.264446,1
325,199,21.0444199,4418,2021-06-25 20:09:09,52.264953,2
326,901,21.018795,4420,2021-06-26 17:57:20,52.231205,2
327,166,21.0391449,4421,2021-06-26 17:57:19,52.2354644,5
328,N03,21.0459804,4422,2021-06-26 05:41:10,52.2641299,1
329,166,21.044435,4423,2021-06-26 17:57:19,52.192364,2
330,901,21.0058219,4424,2021-06-26 17:57:19,52.2286922,4
331,512,21.058619,4425,2021-06-26 17:57:16,52.28434,2
332,120,21.050924,4428,2021-06-26 17:57:19,52.252483,3
333,512,21.057707,4429,2021-06-26 17:57:19,52.284088,3
334,120,21.066673,4431,2021-06-26 17:57:20,52.314011,5
335,512,21.052223,4434,2021-06-26 17:57:21,52.252914,5
336,100,21.0102595,4617,2021-06-26 17:57:14,52.231938,M1
337,184,20.9597815,5205,2021-06-26 17:57:12,52.2208334,6
338,189,21.0352154,5206,2021-06-26 17:57:19,52.1734695,2
339,105,20.9558184,5208,2021-06-26 17:57:18,52.2279832,1
340,188,20.9786827,5209,2021-06-26 17:57:14,52.1839995,3
341,105,20.9442148,5210,2021-06-26 17:57:19,52.2262405,2
342,172,20.983506,5211,2021-06-26 17:57:18,52.201518,4
343,189,20.9869131,5212,2021-06-26 17:57:17,52.181744,11
344,105,20.8968225,5214,2021-06-26 17:57:12,52.2303311,3
345,189,21.052381,5215,2021-06-26 17:57:04,52.179589,13
346,716,20.8873628,5216,2021-06-26 17:57:13,52.1974656,1
347,172,20.9558414,5217,2021-06-26 17:57:14,52.2119261,2
348,523,21.0207069,5221,2021-06-26 17:57:17,52.2183208,3
349,517,20.911278,5222,2021-06-26 17:57:19,52.196543,2
350,523,20.9131933,5223,2021-06-26 17:57:15,52.2391186,1
351,171,20.9331684,5224,2021-06-26 17:57:10,52.2691985,3
352,105,20.8989668,5225,2021-06-26 17:57:14,52.2387804,4
353,210,20.9271398,5228,2021-06-26 17:57:13,52.2837361,3
354,187,20.9239168,5229,2021-06-26 17:57:02,52.1967815,1
355,171,20.9489974,5232,2021-06-26 17:57:14,52.2387391,4
356,136,21.004124,5234,2021-06-26 17:56:48,52.172559,5
357,184,20.9638811,5235,2021-06-26 17:57:12,52.2080569,1
358,517,20.9807598,5236,2021-06-26 17:57:16,52.2164127,5
359,Z10,20.9248163,5237,2021-06-26 17:57:15,52.2606435,3
360,171,20.925123,5238,2021-06-26 17:57:17,52.272489,2
361,171,21.0120494,5240,2021-06-26 17:57:12,52.2302254,5
362,191,20.9773974,5241,2021-06-26 17:57:16,52.2116673,2
363,148,20.9781325,5242,2021-06-26 17:57:19,52.1694135,4
364,190,20.920664,5245,2021-06-25 20:12:48,52.196575,016
365,523,21.1067946,5253,2021-06-26 17:57:15,52.2480327,5
366,141,20.9224014,5255,2021-06-26 00:37:46,52.1970728,4
367,182,20.92243,5256,2021-06-25 19:09:29,52.1956758,011
368,188,20.977978,5257,2021-06-26 17:57:04,52.169596,52
369,187,20.8684918,5258,2021-06-26 17:57:12,52.1918572,2
370,184,20.9288602,5260,2021-06-26 17:57:12,52.2642131,5
371,N46,21.047172,5403,2021-06-26 06:04:29,52.2647932,150
372,500,21.041981,5404,2021-06-26 17:57:20,52.300308,52
373,169,21.0408072,5406,2021-06-26 17:57:19,52.2697551,5
374,705,20.9997472,5407,2021-06-26 17:57:20,52.2924477,65
375,160,21.004454,5410,2021-06-26 17:57:19,52.2457727,M5
376,500,20.982114,5412,2021-06-26 17:57:19,52.2542577,54
377,160,21.060493,5413,2021-06-26 17:57:20,52.268826,M2
378,500,21.0417201,5419,2021-06-26 17:57:20,52.3003501,M56
379,169,21.0474279,5422,2021-06-26 17:57:20,52.2647879,2
380,527,21.0590997,5425,2021-06-26 17:57:19,52.3029514,3
381,162,21.027443,5426,2021-06-26 17:57:20,52.259655,1
382,162,21.035637,5428,2021-06-26 17:57:20,52.222553,2
383,185,20.998177,5429,2021-06-26 17:57:20,52.270157,8
384,112,21.0888674,5430,2021-06-26 17:57:20,52.3033405,3
385,145,21.0896352,5432,2021-06-26 17:57:19,52.2862935,4
386,409,21.037504,5433,2021-06-26 17:57:19,52.268501,57
387,112,20.883104,5434,2021-06-26 17:57:20,52.214844,9
388,169,21.034542,5435,2021-06-26 17:57:18,52.255268,3
389,527,21.0467782,5436,2021-06-26 17:57:21,52.2825425,2
390,409,20.920589,5437,2021-06-26 17:57:17,52.282066,53
391,160,21.0683706,5438,2021-06-26 17:57:20,52.3235932,7
392,112,20.9384034,5439,2021-06-26 17:57:19,52.2759647,12
393,500,21.043339,5441,2021-06-26 17:57:19,52.277157,55
394,160,21.002932,5443,2021-06-26 17:57:19,52.229317,4
395,520,21.1283,5445,2021-06-26 17:57:16,52.2353,4
396,511,20.92794,5448,2021-06-26 17:57:18,52.291508,1
397,160,21.0486012,5449,2021-06-26 17:57:20,52.2891457,1
398,527,21.068443,5453,2021-06-26 17:57:20,52.323414,1
399,160,21.004845,5454,2021-06-26 17:57:20,52.229878,3
400,723,21.0008752,5455,2021-06-26 17:57:19,52.2916989,2
401,511,20.9732324,5459,2021-06-26 17:57:20,52.3191345,2
402,185,21.021994,5460,2021-06-26 17:57:20,52.1426554,3
403,180,21.007357,5870,2021-06-26 17:57:18,52.238426,7
404,503,21.027559,5871,2021-06-26 17:57:18,52.210743,3
405,503,21.002285,5873,2021-06-26 17:57:21,52.254723,5
406,503,21.006372,5875,2021-06-26 17:57:18,52.248577,7
407,180,20.979156,5876,2021-06-26 17:57:20,52.24469,62
408,175,20.989384,5880,2021-06-26 17:57:17,52.219845,55
409,175,20.975632,5882,2021-06-26 17:57:21,52.172035,53
410,128,21.01292,5884,2021-06-26 17:57:18,52.243275,51
411,175,20.983923,5886,2021-06-26 17:57:16,52.197895,52
412,128,21.011494,5887,2021-06-26 17:57:17,52.22958,64
413,128,20.963459,5889,2021-06-26 17:57:20,52.20784,59
414,180,21.06839,5890,2021-06-26 17:57:18,52.1828,3
415,180,20.946669,5891,2021-06-26 17:57:20,52.268299,11
416,180,21.051991,5892,2021-06-26 17:57:19,52.196728,5
417,128,20.975904,5895,2021-06-26 17:57:18,52.202099,60
418,128,20.998121,5897,2021-06-25 23:36:40,52.187019,51
419,503,21.008036,5898,2021-06-26 17:57:20,52.235794,4
420,111,21.1024167,5900,2021-06-26 17:57:20,52.2220509,4
421,158,21.072193,5902,2021-06-26 17:57:20,52.241455,5
422,128,20.973982,5904,2021-06-26 17:57:19,52.202343,58
423,116,20.924963,5905,2021-06-26 17:57:20,52.272305,69
424,158,21.117008,5907,2021-06-25 21:44:36,52.233902,5
425,175,21.116972,5908,2021-06-25 19:38:19,52.233955,068
426,116,21.116823,5910,2021-06-26 00:07:33,52.233971,17
427,158,20.98789,5913,2021-06-26 17:57:17,52.223721,6
428,158,21.1176491,5915,2021-06-26 17:57:19,52.2337629, 
429,111,21.025818,5920,2021-06-26 17:57:19,52.232746,6
430,116,21.05621,5921,2021-06-26 17:57:19,52.181213,5
431,111,21.107388,5922,2021-06-26 07:42:12,52.233645, 
432,111,21.116245,5926,2021-06-26 00:24:55,52.234005,5
433,111,21.083666,5927,2021-06-26 17:57:20,52.226292,3
434,111,20.979094,5931,2021-06-26 17:57:16,52.244366,8
435,128,21.009106,5932,2021-06-26 17:57:18,52.244099,61
436,158,20.9691952,5933,2021-06-26 17:57:20,52.2192945,1
437,158,21.118091,5934,2021-06-26 17:57:18,52.233365, 
438,503,21.115843,5935,2021-06-26 00:31:56,52.233995,013
439,116,21.062189,5936,2021-06-26 17:57:17,52.175587,4
440,503,21.0514284,5937,2021-06-26 17:57:20,52.1452849,1
441,175,21.012758,5939,2021-06-26 17:57:19,52.243198,56
442,116,21.084272,5940,2021-06-26 17:57:21,52.166553,3
443,175,21.115613,5941,2021-06-25 21:43:06,52.234041,63
444,116,20.997375,5942,2021-06-26 17:57:16,52.255161,7
445,503,21.044039,5943,2021-06-26 17:57:20,52.17366,9
446,158,21.063543,5946,2021-06-26 17:57:19,52.240578,2
447,175,20.978224,5947,2021-06-26 17:57:17,52.169392,54
448,116,21.015402,5948,2021-06-26 17:57:17,52.223282,56
449,518,20.97069,5950,2021-06-26 17:57:16,52.272186,2
450,518,21.047863,5952,2021-06-26 17:57:18,52.263626,2
451,503,21.045095,5954,2021-06-26 17:57:19,52.156113,2
452,503,21.021263,5956,2021-06-26 17:57:17,52.231163,8
453,E-9,21.045723,5962,2021-06-25 20:17:53,52.265643,06
454,180,20.924969,5964,2021-06-26 17:57:17,52.272396,10
455,723,21.047304,5966,2021-06-25 18:56:33,52.265156,07
456,180,21.08197,5967,2021-06-26 17:57:20,52.170853,4
457,180,21.013308,5968,2021-06-26 17:57:21,52.24234,1
458,116,20.940367,5969,2021-06-26 17:57:16,52.27774,8
459,518,20.999485,5976,2021-06-26 17:57:18,52.293438,6
460,518,21.012075,5978,2021-06-26 17:57:17,52.245972,3
461,518,21.011162,5979,2021-06-26 17:57:17,52.245239,5
462,518,20.942125,5980,2021-06-26 17:57:21,52.334564,7
463,518,21.02351,5981,2021-06-26 17:57:20,52.228306,4
464,503,21.00251,5983,2021-06-26 17:57:19,52.254814,6
465,111,21.061995,5984,2021-06-26 17:57:16,52.232532,5
466,111,21.003696,5985,2021-06-26 17:57:19,52.242516,7
467,111,21.051998,5986,2021-06-26 17:57:16,52.238487,2
468,180,20.936863,5987,2021-06-26 17:57:18,52.270733,9
469,180,21.024527,5988,2021-06-26 17:57:20,52.22197,6
470,180,21.028891,5990,2021-06-26 17:57:20,52.209301,2
471,180,20.979181,5991,2021-06-26 17:57:19,52.249336,58
472,518,20.937151,5994,2021-06-26 17:57:19,52.332714,1
473,116,21.030256,5995,2021-06-26 17:57:18,52.207722,2
474,116,21.009338,5996,2021-06-26 17:57:17,52.234184,1
475,116,20.992527,5997,2021-06-26 17:57:18,52.262257,11
476,116,20.942175,5998,2021-06-26 17:57:16,52.27766,10
477,111,21.013264,5999,2021-06-26 17:57:20,52.242542,1
478,167,20.9827385,6201,2021-06-26 17:57:20,52.2159559,2
479,713,20.772152,6203,2021-06-26 17:57:19,52.21426,1
480,713,20.9301535,6204,2021-06-26 17:57:20,52.2248257,2
481,112,20.972931,6207,2021-06-26 17:57:21,52.276546,6
482,112,20.976658,6208,2021-06-26 17:57:20,52.278931,1
483,112,20.9041705,6210,2021-06-26 17:57:20,52.2282556,M11
484,112,20.8972382,6212,2021-06-26 17:57:20,52.2250647,8
485,136,20.98558,6213,2021-06-26 17:57:19,52.204018,10
486,187,20.860531,6214,2021-06-26 17:57:20,52.19252,3
487,210,20.870319,6220,2021-06-26 17:57:20,52.288055,1
488,187,20.9147562,6222,2021-06-26 17:57:19,52.1996572,4
489,189,20.9269734,6223,2021-06-26 17:57:19,52.1961979,10
490,187,20.987383,6226,2021-06-26 17:57:20,52.216198,8
491,191,20.9188824,6227,2021-06-26 17:57:20,52.2049711,6
492,136,21.0557,6236,2021-06-26 17:57:19,52.147392,7
493,716,20.840563,6239,2021-06-26 17:57:19,52.1847,3
494,184,20.9307357,6241,2021-06-26 17:57:20,52.2916174,4
495,703,20.843164,6242,2021-06-26 17:57:20,52.108978,74
496,706,20.942743,6243,2021-06-26 17:57:11,52.174638,1
497,L29,20.462568,65471,2021-06-26 17:57:11,52.267735,1
498,112,20.920919,7200,2021-06-26 17:57:20,52.258099,7
499,124,20.934631,7201,2021-06-26 17:57:20,52.167088,1
500,Z10,20.9173834,7202,2021-06-26 17:57:19,52.2552489,5
501,112,21.0589264,7206,2021-06-26 17:57:20,52.3016794,4
502,Z10,20.9123106,7208,2021-06-26 17:57:19,52.2423762,1
503,189,20.89876,7214,2021-06-26 17:57:20,52.238647,7
504,728,20.937757,7217,2021-06-26 17:57:20,52.170792,72
505,728,20.874588,7218,2021-06-26 17:57:20,52.027855,71
506,517,21.010818,7224,2021-06-26 17:57:16,52.231659,4
507,112,21.058281,7225,2021-06-26 17:57:19,52.301067,2
508,112,20.9208932,7226,2021-06-26 13:08:33,52.1969334,4
509,184,20.948019,7227,2021-06-26 17:57:20,52.23698,2
510,Z10,20.9140672,7228,2021-06-26 17:57:20,52.2367009,6
511,716,20.930548,7229,2021-06-26 17:57:20,52.225037,2
512,Z10,20.92746,7234,2021-06-26 17:57:20,52.222839,7
513,124,20.921078,7240,2021-06-25 18:26:53,52.196911,03
514,187,21.063269,7241,2021-06-26 17:57:19,52.1871709,7
515,187,21.048248,7243,2021-06-26 17:57:19,52.178192,6
516,210,20.7769381,7244,2021-06-26 17:57:20,52.3035136,2
517,167,21.047289,7245,2021-06-26 17:57:20,52.211136,6
518,191,20.870394,7247,2021-06-26 17:57:19,52.183598,4
519,172,21.049757,7248,2021-06-26 17:57:20,52.187378,7
520,189,20.9155847,7249,2021-06-26 17:57:20,52.2277339,5
521,188,20.983124,7250,2021-06-26 17:57:19,52.195614,1
522,517,20.896681,7251,2021-06-26 17:57:14,52.195984,6
523,182,20.9870992,7252,2021-06-26 17:57:21,52.216212,2
524,517,20.9898714,7254,2021-06-26 17:57:20,52.2252485,3
525,523,20.9876674,7255,2021-06-26 17:57:20,52.2162451,7
526,191,20.870516,7256,2021-06-26 17:57:19,52.183346,5
527,188,21.1290301,7257,2021-06-26 17:57:19,52.2400569,5
528,182,21.1064691,7259,2021-06-26 17:57:20,52.2368147,4
529,138,21.100571,7301,2021-06-26 17:57:21,52.260609,6
530,141,21.082131,7303,2021-06-26 17:57:05,52.240063,4
531,148,21.0870952,7304,2021-06-26 17:57:21,52.2447926,9
532,151,21.043577,7305,2021-06-26 17:57:21,52.224117,2
533,182,20.979929,7306,2021-06-26 17:57:20,52.216831,3
534,162,21.0850052,7308,2021-06-26 17:57:20,52.1932947,3
535,507,21.0061665,7310,2021-06-26 17:57:19,52.2288202,2
536,125,21.196493,7312,2021-06-26 17:57:19,52.208324,2
537,E-1,21.1167422,7314,2021-06-25 19:42:06,52.2335197,01
538,520,21.156069,7315,2021-06-26 17:57:00,52.24043,5
539,143,21.1164757,7317,2021-06-25 19:35:11,52.2334452,3
540,162,21.05471,7322,2021-06-26 17:57:20,52.194378,4
541,523,20.9567955,7324,2021-06-26 17:57:19,52.2307957,2
542,520,21.0049127,7325,2021-06-26 17:57:20,52.2400185,2
543,148,21.003998,7326,2021-06-26 17:57:20,52.155457,5
544,138,21.0563762,7327,2021-06-26 17:57:20,52.2635465,7
545,171,20.9182077,7328,2021-06-26 17:57:20,52.2395572,8
546,520,21.007946,7331,2021-06-26 17:57:19,52.235893,1
547,150,20.937696,753,2021-06-26 17:57:21,52.2999,3
548,750,20.867807,755,2021-06-26 17:57:20,52.355511,2
549,250,20.885141,757,2021-06-26 17:57:00,52.298496,1
550,750,20.714924,758,2021-06-26 17:57:18,52.392174,3
551,150,20.908834,761,2021-06-26 17:57:17,52.325218,1
552,250,20.882095,763,2021-06-26 17:57:15,52.317322,3
553,521,20.9753472,7701,2021-06-26 17:57:21,52.2116232,3
554,750,20.889775833,773,2021-06-26 17:57:20,52.340044,4
555,250,20.927793,775,2021-06-26 17:57:16,52.291069,2
556,750,20.92807,776,2021-06-26 17:57:21,52.290985,1
557,150,20.8472566,777,2021-06-26 17:57:20,52.3415852,2
558,138,21.0023315,8120,2021-06-26 17:57:16,52.1883463,1
559,185,20.9756426,8138,2021-06-26 17:57:17,52.2896496,7
560,172,21.0693781,8139,2021-06-26 17:57:18,52.1812255,6
561,727,20.997388,8148,2021-06-25 21:39:43,52.187336,4
562,522,21.0156355,8154,2021-06-26 17:57:11,52.2234511,6
563,167,20.981351,8166,2021-06-26 17:57:12,52.2162231,5
564,143,21.0841595,8167,2021-06-26 17:57:14,52.243372,2
565,522,20.998243,8174,2021-06-25 20:09:50,52.1878,013
566,504,21.0044186,8178,2021-06-26 17:57:20,52.229851,3
567,519,20.996546,8180,2021-06-25 22:35:23,52.187545,5
568,136,20.9852813,8181,2021-06-26 17:57:17,52.1926613,4
569,138,20.995445,8183,2021-06-26 17:57:14,52.170184,2
570,172,21.0132211,8184,2021-06-26 17:57:19,52.1959903,8
571,504,20.980843,8187,2021-06-26 17:57:17,52.1903721,2
572,519,21.09286,8188,2021-06-26 17:57:11,52.117033,2
573,504,21.0354146,8189,2021-06-26 17:57:17,52.1510101,5
574,198,21.1173818,8210,2021-06-25 18:57:27,52.2334423,04
575,151,21.1167196,8218,2021-06-25 19:22:39,52.2335221,04
576,514,21.2437873,8222,2021-06-26 17:57:20,52.2486051,4
577,188,21.1161338,8225,2021-06-25 20:54:43,52.2335866,08
578,143,21.114924,8228,2021-06-25 23:38:50,52.234206,6
579,509,21.116793,8231,2021-06-25 20:04:19,52.233758,021
580,514,21.1064641,8300,2021-06-26 17:57:14,52.2339135,3
581,502,21.2174753,8301,2021-06-26 17:57:15,52.2143455,4
582,125,21.0751838,8303,2021-06-26 17:57:21,52.2459581,5
583,125,21.1406405,8305,2021-06-26 17:57:19,52.2282645,3
584,509,20.942199,8310,2021-06-26 17:57:09,52.334511,3
585,502,21.020103,8313,2021-06-26 17:57:09,52.218013,6
586,182,21.11721,8315,2021-06-25 19:08:30,52.233705,013
587,145,21.12684,8317,2021-06-26 17:57:07,52.258195,1
588,188,21.0759431,8318,2021-06-26 17:57:11,52.2333216,6
589,168,21.11586,8320,2021-06-25 21:27:01,52.23366,07
590,514,21.0156046,8323,2021-06-26 17:57:19,52.2192881,2
591,145,21.0883483,8324,2021-06-26 17:57:15,52.2448251,2
592,720,21.4514635,8325,2021-06-26 17:57:20,52.1342935,1
593,125,21.117233,8327,2021-06-25 20:58:39,52.234053,3
594,145,21.0032893,8328,2021-06-26 17:57:22,52.2903398,5
595,411,21.117353,8330,2021-06-25 20:35:38,52.233359,53
596,148,21.0938136,8331,2021-06-26 17:57:19,52.2273935,1
597,502,21.015346,8335,2021-06-26 17:57:08,52.218691,1
598,143,21.0054931,8339,2021-06-26 17:57:18,52.2167421,1
599,704,21.3478883,8340,2021-06-26 17:57:21,52.222403,1
600,171,21.038553,8342,2021-06-26 17:57:16,52.225846,6
601,151,21.06242,8344,2021-06-26 17:57:09,52.2286517,3
602,185,21.0517583,8345,2021-06-26 17:57:15,52.1984533,1
603,145,21.116836,8346,2021-06-25 19:31:54,52.233566,016
604,145,21.116093,8347,2021-06-25 19:40:44,52.233476,012
605,523,20.9026917,8348,2021-06-26 17:57:18,52.2566333,9
606,507,21.07439,8349,2021-06-26 17:57:13,52.225655,5
607,411,21.116288,8350,2021-06-25 20:43:54,52.233658,061
608,125,21.0433467,8351,2021-06-26 17:57:03,52.2464467,4
609,125,21.1649583,8352,2021-06-26 17:57:10,52.2161483,1
610,151,21.1050067,8353,2021-06-26 17:57:11,52.2302017,1
611,521,21.0234767,8355,2021-06-26 17:57:15,52.2322017,2
612,N03,21.117188,8357,2021-06-26 05:01:26,52.233246,254
613,502,21.217775,8358,2021-06-26 17:57:09,52.2240283,3
614,507,21.102319,8360,2021-06-26 17:57:13,52.222026,4
615,704,21.0885917,8362,2021-06-26 17:57:21,52.2449017,2
616,521,21.193225,8363,2021-06-26 17:57:08,52.179306,5
617,507,21.005385,8366,2021-06-26 17:57:18,52.2294917,1
618,143,21.12803,8367,2021-06-26 17:57:14,52.234395,6
619,502,21.15406,8368,2021-06-26 17:57:16,52.2260983,5
620,521,21.1874583,8369,2021-06-26 17:57:04,52.18499,1
621,141,21.117058,8397,2021-06-25 19:41:02,52.233698,012
622,502,21.1151075,8403,2021-06-25 23:03:57,52.2336293,064
623,411,21.1156411,8440,2021-06-25 20:20:48,52.2335555,062
624,511,20.951336,8443,2021-06-26 17:57:20,52.344269,3
625,112,20.897539,8445,2021-06-26 17:57:20,52.227692,10
626,169,21.03281,8447,2021-06-26 17:57:19,52.29924,2
627,509,21.0077664,8448,2021-06-26 17:57:20,52.2850884,1
628,160,21.043606,8450,2021-06-26 17:57:19,52.277542,6
629,409,20.926769,8452,2021-06-26 17:57:20,52.309177,58
630,735,21.013412,8454,2021-06-26 17:57:20,52.4540727,61
631,112,21.041613,8455,2021-06-26 17:57:20,52.296097,5
632,731,20.934673,8457,2021-06-26 17:57:20,52.372276,4
633,185,21.0485019,8458,2021-06-26 11:00:08,52.2645874,6
634,169,21.051765,8459,2021-06-26 17:57:20,52.252876,4
635,409,20.886822,8460,2021-06-26 17:57:20,52.304688,51
636,169,21.041887,8461,2021-06-26 17:57:19,52.300159,1
637,141,20.955626,8500,2021-06-26 17:57:13,52.187518,8
638,Z26,21.03001,8501,2021-06-26 17:57:11,52.252774,3
639,522,21.0801067,8502,2021-06-26 17:57:12,52.1576467,2
640,189,21.0588783,8504,2021-06-26 17:57:09,52.183625,1
641,N33,20.996476,8505,2021-06-26 05:42:44,52.187546,172
642,185,20.997366,8507,2021-06-25 23:56:14,52.186391,9
643,174,21.015303,8508,2021-06-26 17:57:17,52.192473,3
644,189,20.996501,8509,2021-06-26 00:35:47,52.18806,12
645,331,20.997095,8511,2021-06-25 18:21:40,52.187653,01
646,148,20.998374,8514,2021-06-26 00:52:13,52.188333,5
647,N37,20.998273,8516,2021-06-26 05:43:10,52.188213,246
648,136,20.9603467,8517,2021-06-26 17:57:11,52.2177833,3
649,165,20.999935,8520,2021-06-26 17:57:15,52.156133,3
650,185,21.0490733,8521,2021-06-26 17:57:06,52.1554583,2
651,136,21.0431633,8522,2021-06-26 17:57:18,52.1482283,8
652,733,20.997863,8523,2021-06-25 20:19:16,52.187501,62
653,185,21.039671,8524,2021-06-26 17:57:09,52.169773,4
654,519,21.1032167,8525,2021-06-26 17:57:16,52.1263667,4
655,136,21.045701,8528,2021-06-26 17:57:09,52.149531,6
656,143,21.1782583,8530,2021-06-26 17:57:08,52.2617083,5
657,308,20.997771,8531,2021-06-25 19:03:30,52.187649,02
658,136,20.997748,8533,2021-06-25 23:20:13,52.188256,10
659,N03,20.997894,8534,2021-06-26 05:57:03,52.18594,156
660,131,20.996449,8535,2021-06-25 22:36:53,52.186401,10
661,519,21.01024,8536,2021-06-26 17:57:07,52.2297283,7
662,N33,20.996953,8537,2021-06-26 05:04:45,52.186869,173
663,217,21.0684233,8540,2021-06-26 17:57:16,52.1689967,2
664,N34,20.996438,8541,2021-06-26 05:33:51,52.187668,149
665,N37,20.99783,8545,2021-06-26 05:44:42,52.187465,132
666,167,20.92576,8547,2021-06-26 17:57:15,52.2341167,3
667,733,20.9433467,8548,2021-06-26 17:57:10,52.1754317,1
668,504,21.0687683,8550,2021-06-26 17:57:18,52.128915,6
669,519,21.06644,8551,2021-06-26 17:57:06,52.171543,5
670,522,21.058935,8552,2021-06-26 17:57:09,52.178981,1
671,Z26,21.035185,8553,2021-06-26 17:57:15,52.2559717,2
672,148,21.092016,8559,2021-06-26 17:57:16,52.214191,7
673,151,21.116914,8561,2021-06-25 23:54:17,52.233616,1
674,171,21.00082,8562,2021-06-26 17:57:14,52.2442717,7
675,521,21.116369,8565,2021-06-25 20:39:03,52.233641,08
676,520,21.135555,8566,2021-06-26 17:57:08,52.24148,6
677,523,21.0846783,8567,2021-06-26 17:57:16,52.2434667,6
678,509,21.0469067,8569,2021-06-26 17:57:12,52.24775,9
679,148,21.043836,8570,2021-06-26 17:57:17,52.174713,6
680,143,21.177216,8573,2021-06-26 17:57:00,52.256996,4
681,521,21.1215067,8574,2021-06-26 17:57:19,52.2368567,4
682,523,20.950905,8576,2021-06-26 17:57:10,52.23835,8
683,141,21.048075,8578,2021-06-26 17:57:19,52.2082667,1
684,190,21.046053,8582,2021-06-25 18:46:44,52.264343,021
685,523,21.1011683,8586,2021-06-26 17:57:20,52.2472567,4
686,520,21.0644367,8589,2021-06-26 17:57:12,52.22889,7
687,185,21.045905,8592,2021-06-26 17:57:06,52.215255,5
688,N13,21.114978,8593,2021-06-26 05:47:18,52.233611,247
689,145,21.1322317,8594,2021-06-26 17:57:19,52.2395067,3
690,188,21.0674083,8595,2021-06-26 17:57:12,52.2299783,4
691,168,21.112678,8800,2021-06-26 17:57:03,52.236305,5
692,189,20.8964316,8802,2021-06-26 17:57:18,52.2363771,6
693,148,21.035768,8804,2021-06-26 17:57:14,52.147339,3
694,168,21.0912751,8805,2021-06-26 17:57:16,52.2196645,6
695,136,20.9556123,8806,2021-06-26 17:57:20,52.236047,1
696,189,20.995456,8807,2021-06-26 17:57:18,52.1795465,3
697,138,21.0527073,8808,2021-06-26 17:57:17,52.2307815,4
698,168,20.9954375,8810,2021-06-26 17:57:15,52.1913798,2
699,167,21.048089,8812,2021-06-26 17:57:02,52.211829,1
700,136,20.9660533,8813,2021-06-26 17:57:21,52.2431816,2
701,504,20.9863821,8814,2021-06-26 17:57:17,52.2050265,4
702,217,21.0239105,8816,2021-06-26 17:57:16,52.179691,1
703,167,21.082988,8818,2021-06-26 17:57:06,52.208266,7
704,167,20.9260286,8819,2021-06-26 17:57:14,52.23406,4
705,174,20.9953215,8820,2021-06-26 17:57:18,52.17022,371
706,N43,20.9959001,8821,2021-06-26 05:29:35,52.1875351,220
707,189,21.030918,8822,2021-06-26 17:57:17,52.173416,12
708,519,21.031395,8823,2021-06-26 17:57:16,52.2064941,8
709,148,21.044591,8825,2021-06-26 17:57:19,52.1759591,2
710,522,21.0446605,8826,2021-06-26 17:57:14,52.1922473,318
711,514,21.0937208,8828,2021-06-26 17:57:17,52.2350991,1
712,509,21.1026006,8829,2021-06-26 17:57:13,52.2218906,7
713,143,21.0531703,8832,2021-06-26 17:57:17,52.2261236,7
714,502,21.064643,8833,2021-06-26 17:57:19,52.2298253,2
715,182,21.1171018,8834,2021-06-26 17:57:18,52.2334126,M5
716,N83,21.116546,8839,2021-06-26 05:25:32,52.233586,174
717,520,21.0369858,8840,2021-06-26 17:57:17,52.2223675,3
718,138,21.1172336,8841,2021-06-25 22:19:45,52.2337476,1
719,521,21.1161941,8844,2021-06-25 20:59:15,52.2334716,09
720,138,21.0384475,8846,2021-06-26 17:57:18,52.2225393,8
721,143,21.1418706,8850,2021-06-26 17:57:19,52.2583623,3
722,138,21.0775695,8852,2021-06-26 17:57:13,52.2607026,5
723,509,21.0935393,8853,2021-06-26 17:57:20,52.2267591,8
724,182,21.0982391,8854,2021-06-26 17:57:15,52.235912,1
725,518,21.047239,8859,2021-06-25 21:49:41,52.2647968,9
726,412,21.047084,8862,2021-06-25 20:21:52,52.264918,05
727,509,21.043849,8863,2021-06-25 22:53:53,52.266028,14
728,723,21.047273,8864,2021-06-25 19:20:55,52.264625,08
729,269,21.043698,8866,2021-06-25 22:15:02,52.266003,04
730,738,21.046916,8868,2021-06-25 18:47:25,52.264738,05
731,340,21.046388,8870,2021-06-25 19:12:44,52.265081,03
732,511,21.046323,8874,2021-06-25 18:33:00,52.265079,05
733,340,21.048342,8876,2021-06-25 18:55:45,52.264397,06
734,723,20.9701605,8878,2021-06-26 17:57:14,52.3241791,1
735,511,21.0472221,8879,2021-06-25 19:11:55,52.2646076,07
736,709,20.996574,8880,2021-06-25 18:58:33,52.18762,016
737,136,21.0020021,8881,2021-06-26 17:57:18,52.1789328,9
738,174,21.0189255,8882,2021-06-26 17:57:15,52.1835761,1
739,165,21.0245996,8883,2021-06-26 17:57:17,52.1797736,4
740,504,21.0383243,8885,2021-06-26 17:57:16,52.149847,1
741,504,20.9985235,8886,2021-06-26 11:14:42,52.1878498,6
742,165,20.9945798,8888,2021-06-26 17:57:13,52.1552496,2
743,165,21.0215825,8891,2021-06-26 17:57:14,52.1792206,1
744,148,21.087141,8893,2021-06-26 17:57:13,52.244971,8
745,172,21.022564,8895,2021-06-26 17:57:18,52.1971461,5
746,522,21.0051878,8896,2021-06-26 17:57:20,52.2290318,5
747,138,21.0014851,8897,2021-06-26 17:57:19,52.1947958,3
748,519,21.0830098,8899,2021-06-26 17:57:21,52.1664485,1
749,161,21.203913,9061,2021-06-26 17:57:21,52.168243,1
750,104,21.000235,9063,2021-06-26 17:57:17,52.291489,2
751,161,21.224703,9068,2021-06-26 17:57:17,52.186687,2
752,211,20.939884,9070,2021-06-26 17:57:20,52.339886,3
753,211,20.941431,9074,2021-06-26 17:57:19,52.355316,4
754,211,20.957092,9075,2021-06-26 17:57:18,52.331661,M5
755,234,21.014246,9076,2021-06-26 17:57:13,52.310211,1
756,234,21.052509,9079,2021-06-26 17:57:19,52.34061,2
757,800,20.755356,9082,2021-06-26 17:52:58,52.349892,M1
758,900,20.953604,9084,2021-06-26 17:57:17,52.358864,1
759,161,21.227594,9088,2021-06-26 17:57:19,52.181686,M3
760,104,21.031803,9091,2021-06-26 17:57:17,52.300468,1
761,211,20.961483,9092,2021-06-26 17:57:17,52.310719,2
762,211,20.999685,9093,2021-06-26 17:57:21,52.293797,1
763,219,21.144836,9201,2021-06-26 17:57:20,52.214115,1
764,107,21.013462,9204,2021-06-26 17:57:20,52.241398,1
765,107,20.979361,9205,2021-06-26 17:57:13,52.24448,2
766,107,20.986755,9210,2021-06-26 17:57:14,52.244041,3
767,201,20.945826,9212,2021-06-26 17:57:18,52.239288,3
768,121,20.967966,9213,2021-06-26 17:57:17,52.271982,1
769,133,20.973322,9214,2021-06-26 17:57:21,52.343857,1
770,133,20.948866,9215,2021-06-26 17:57:16,52.320271,2
771,164,21.06982,9216,2021-06-26 17:57:18,52.16925,2
772,164,21.138216,9217,2021-06-26 17:57:21,52.145816,1
773,164,21.063805,9219,2021-06-26 17:57:19,52.186783,3
774,177,20.883623,9220,2021-06-26 17:57:19,52.205772,1
775,177,20.872211,9221,2021-06-26 17:57:21,52.198719,2
776,203,20.930258,9222,2021-06-26 17:57:15,52.290298,2
777,107,21.030533,9223,2021-06-26 17:57:16,52.224453,4
778,203,20.930777,9224,2021-06-26 17:57:19,52.291687,1
779,208,20.955635,9225,2021-06-26 17:57:16,52.214024,2
780,209,20.981071,9227,2021-06-26 17:57:20,52.132847,51
781,228,20.893028,9228,2021-06-26 17:57:13,52.200356,1
782,228,20.923471,9229,2021-06-26 17:57:17,52.208385,3
783,177,20.886082,9230,2021-06-26 17:57:18,52.181263,3
784,228,20.963459,9231,2021-06-26 17:56:34,52.19585,2
785,209,21.021074,9233,2021-06-26 17:57:15,52.143154,52
786,201,20.925064,9234,2021-06-26 17:57:11,52.260574,2
787,219,21.177269,9235,2021-06-26 17:57:17,52.184219,2
788,208,20.975618,9236,2021-06-26 17:57:22,52.210285,1
789,264,21.083889,9240,2021-06-26 17:57:19,52.16769,1
790,107,21.049738,9241,2021-06-26 17:57:21,52.201527,M5
791,201,20.938951,9243,2021-06-26 17:57:16,52.236046,1
792,219,21.102718,9250,2021-06-26 17:57:19,52.222694,3
793,199,21.052967,9311,2021-06-26 17:57:19,52.276394,4
794,135,21.085548,9312,2021-06-26 17:57:15,52.238358,3
795,135,21.030773,9313,2021-06-26 17:57:17,52.260948,4
796,123,21.100918,9316,2021-06-26 17:57:21,52.242714,1
797,123,21.051092,9317,2021-06-26 17:57:20,52.252544,3
798,179,21.045582,9318,2021-06-26 17:57:18,52.149971,7
799,153,21.152414,9319,2021-06-26 17:57:20,52.268558,3
800,179,21.034409,9320,2021-06-26 17:57:13,52.144413,3
801,142,21.153202,9321,2021-06-26 17:57:21,52.175629,4
802,123,21.064459,9322,2021-06-26 17:57:15,52.226891,2
803,123,21.101154,9323,2021-06-26 17:57:13,52.240875,5
804,179,21.030954,9325,2021-06-26 17:57:14,52.162083,4
805,135,21.041458,9326,2021-06-26 17:57:16,52.247959,1
806,179,21.036854,9327,2021-06-26 17:57:14,52.162018,5
807,135,21.107134,9328,2021-06-26 17:57:17,52.248333,2
808,179,21.033737,9329,2021-06-26 17:57:18,52.150078,6
809,179,21.055531,9333,2021-06-26 17:57:18,52.139256,52
810,123,21.062447,9337,2021-06-26 17:57:16,52.230759,4
811,153,21.150827,9338,2021-06-26 17:57:18,52.270714,2
812,123,21.052404,9339,2021-06-26 17:57:16,52.25013,357
813,153,21.177048,9340,2021-06-26 17:57:17,52.256844,1
814,199,21.179726,9342,2021-06-26 17:57:19,52.269135,2
815,123,21.077581,9345,2021-06-25 21:25:22,52.268494,357
816,179,21.064884,9349,2021-06-26 17:57:18,52.131275,1
817,142,21.088898,9351,2021-06-26 17:57:18,52.244896,1
818,142,21.241962,9352,2021-06-26 17:57:17,52.169838,3
819,142,21.148994,9354,2021-06-26 17:56:26,52.180119,M5
820,199,21.1440509,9355,2021-06-26 17:57:15,52.2696932,1
821,142,21.08812,9357,2021-06-26 17:57:16,52.244938,2
822,103,20.93796,9411,2021-06-26 17:56:57,52.292076,4
823,157,20.980516,9412,2021-06-26 17:57:17,52.216789,3
824,117,21.087196,9413,2021-06-26 17:57:17,52.222797,3
825,516,20.960178,9414,2021-06-26 17:57:20,52.324116,4
826,157,20.974199,9416,2021-06-26 17:57:20,52.286564,6
827,117,21.038277,9417,2021-06-26 17:57:19,52.235394,1
828,103,20.9685,9418,2021-06-26 17:57:21,52.222042,2
829,134,21.003763,9419,2021-06-26 17:57:21,52.290462,1
830,134,20.968678,9420,2021-06-26 17:57:19,52.271538,2
831,134,21.061665,9423,2021-06-26 17:57:17,52.361797,3
832,117,21.10251,9424,2021-06-26 17:57:17,52.222103,4
833,117,21.016418,9425,2021-06-26 17:57:16,52.230614,2
834,103,20.926666,9427,2021-06-26 17:57:20,52.290352,5
835,157,20.976408,9428,2021-06-26 17:57:17,52.289917,1
836,157,20.994926,9429,2021-06-26 17:57:21,52.253597,2
837,245,21.124269,9431,2021-06-26 17:57:18,52.27911,1
838,516,20.942104,9432,2021-06-26 17:57:17,52.334164,1
839,516,20.956499,9434,2021-06-26 17:57:19,52.321777,2
840,516,21.000935,9436,2021-06-26 17:57:16,52.291183,3
841,176,20.988188,9438,2021-06-26 17:57:20,52.330452,1
842,712,20.923262,9441,2021-06-26 17:57:18,52.281406,M2
843,103,20.949553,9442,2021-06-26 17:57:21,52.263954,1
844,103,20.961189,9443,2021-06-26 17:57:19,52.259155,3
845,245,21.052959,9446,2021-06-26 17:57:18,52.276497,2
846,712,20.931244,9450,2021-06-26 17:57:19,52.289925,1
847,176,20.982235,9452,2021-06-26 17:57:18,52.35556,3
848,176,21.026739,9453,2021-06-26 17:57:20,52.281143,2
849,743,20.906536,9459,2021-06-26 17:57:18,52.21769,1
850,194,20.887375333,9501,2021-06-26 17:57:22,52.197470833,4
851,181,20.977309,9503,2021-06-26 17:57:20,52.278740333,2
852,717,20.926046833,9504,2021-06-26 17:57:20,52.193969167,3
853,139,21.092672833,9507,2021-06-26 17:57:20,52.105051667,2
854,149,20.936046833,9509,2021-06-26 17:57:20,52.239770833,2
855,729,20.950722833,9511,2021-06-26 17:57:20,52.238560667,1
856,149,20.926678667,9514,2021-06-26 17:57:21,52.240764667,4
857,159,21.032374333,9515,2021-06-26 17:57:20,52.2231225,1
858,159,21.054497167,9519,2021-06-26 17:57:19,52.194923833,4
859,159,21.085009833,9520,2021-06-26 17:57:19,52.193244,5
860,181,20.959048667,9521,2021-06-26 17:57:18,52.281206,1
861,715,21.036859333,9522,2021-06-26 17:57:20,52.161954833,55
862,181,20.899904,9524,2021-06-26 17:57:14,52.297141167,4
863,194,20.930368833,9525,2021-06-26 17:57:18,52.224985167,1
864,181,20.923747333,9526,2021-06-26 17:57:18,52.308590667,3
865,220,20.918952167,9529,2021-06-26 17:57:22,52.256664167,3
866,717,20.963249167,9530,2021-06-26 17:57:21,52.217299833,2
867,159,20.954549667,9531,2021-06-26 17:57:19,52.211738,2
868,194,20.895635833,9532,2021-06-26 17:57:21,52.202728,2
869,194,20.8631315,9533,2021-06-26 17:57:22,52.207811333,3
870,194,20.9284235,9534,2021-06-26 17:57:18,52.223070167,5
871,220,20.920671,9535,2021-06-26 17:57:20,52.1749965,1
872,220,20.902147833,9537,2021-06-26 17:57:20,52.256972833,4
873,300,21.0240675,9538,2021-06-26 17:57:19,52.179908167,M1
874,149,20.940460667,9539,2021-06-26 17:57:20,52.246671167,3
875,707,20.924532,9540,2021-06-26 17:57:22,52.0955525,1
876,715,20.9340135,9542,2021-06-26 17:57:18,52.166371167,53
877,737,20.978510167,9543,2021-06-26 17:57:19,52.106248167,54
878,717,20.831773,9544,2021-06-26 17:57:20,52.193119,1
879,724,21.0680445,9546,2021-06-26 17:57:19,52.128989333,1
880,139,21.024005333,9548,2021-06-26 17:57:21,52.179546333,1
881,715,20.993030167,9554,2021-06-26 17:57:17,52.110297167,51
882,149,20.8787285,9555,2021-06-26 17:57:17,52.250264833,1
883,159,20.9956455,9556,2021-06-26 17:57:20,52.226374167,3
884,220,20.901513,9557,2021-06-26 17:57:17,52.192155833,2
885,152,21.028538,9673,2021-06-26 17:57:14,52.328419,5
886,152,20.95244,9678,2021-06-26 17:57:18,52.316998,1
887,152,20.965857,9680,2021-06-26 17:57:19,52.330578,2
888,118,21.015589,9681,2021-06-26 17:57:14,52.218998,3
889,212,21.053608,9682,2021-06-26 17:57:20,52.273796,2
890,118,21.021769,9683,2021-06-26 17:57:17,52.244392,4
891,118,21.025938,9685,2021-06-26 17:57:16,52.240623,2
892,152,20.966513,9687,2021-06-26 17:57:18,52.330357,4
893,152,21.040167,9688,2021-06-26 17:57:19,52.326538,3
894,118,21.041571,9689,2021-06-26 17:57:14,52.296169,5
895,212,21.02704,9692,2021-06-26 17:57:20,52.25972,3
896,212,21.057262,9696,2021-06-26 17:57:19,52.301868,1
897,118,21.039873,9697,2021-06-26 17:57:17,52.296116,1
898,212,21.050871,9698,2021-06-26 17:57:17,52.284924,4
899,109,20.990835,9801,2021-06-26 17:57:21,52.231734,1
900,710,21.103453,9802,2021-06-26 17:57:18,52.11845,1
901,525,21.1966,9803,2021-06-26 17:57:20,52.208298,3
902,Z10,20.924786,9804,2021-06-26 17:57:21,52.260811,2
903,109,21.012928,9805,2021-06-26 17:57:16,52.229942,3
904,109,20.898745,9806,2021-06-26 17:57:17,52.238483,5
905,109,20.921066,9807,2021-06-26 17:57:20,52.240166,6
906,127,21.029598,9809,2021-06-26 17:57:21,52.230167,2
907,127,20.936348,9810,2021-06-26 17:57:19,52.201614,1
908,127,21.019478,9811,2021-06-26 17:57:20,52.246292,335
909,131,21.015573,9814,2021-06-26 17:57:17,52.222801,4
910,127,20.895472,9816,2021-06-26 17:57:19,52.208794,56
911,127,20.943275,9817,2021-06-26 17:57:16,52.205826,5
912,131,21.083866,9818,2021-06-26 17:57:19,52.16798,2
913,710,21.105644,9819,2021-06-26 17:57:18,52.077507,3
914,131,21.018379,9820,2021-06-26 17:57:17,52.212662,6
915,131,21.052504,9821,2021-06-26 17:57:21,52.196247,1
916,525,21.013596,9822,2021-06-26 17:57:18,52.226776,1
917,519,21.002763,9825,2021-06-26 17:47:19,52.229939,6
918,525,21.113958,9826,2021-06-26 17:57:16,52.233044,2
919,710,21.105678,9827,2021-06-26 17:57:18,52.077554,2
920,Z10,20.914715,9828,2021-06-26 17:57:17,52.233181,9
921,525,21.196857,9829,2021-06-26 17:57:19,52.208347,4
922,525,21.088264,9830,2021-06-26 17:57:14,52.235989,5
923,742,21.216888,9833,2021-06-26 17:57:14,51.981133,1
924,710,21.112177,9834,2021-06-26 17:57:14,52.110512,4
925,719,20.794533,9835,2021-06-26 17:57:18,52.254204,1
926,Z10,20.929472,9836,2021-06-26 17:57:17,52.224613,8
927,109,20.952898,9838,2021-06-26 17:57:15,52.227547,4
928,127,21.011795,9839,2021-06-26 17:57:18,52.229538,4
929,109,21.043074,9842,2021-06-26 17:57:18,52.221714,2
930,525,21.003941,9846,2021-06-26 17:57:17,52.229553,319
931,719,20.650892,9849,2021-06-26 17:57:19,52.262989,2
932,719,20.950367,9852,2021-06-26 17:57:20,52.238583,3
933,131,21.003878,9854,2021-06-26 17:57:22,52.229473,3
934,114,20.972368,9901,2021-06-26 17:57:17,52.264683,1
935,114,20.937218,9903,2021-06-26 17:57:20,52.304008,5
936,186,20.976992,9905,2021-06-26 17:57:20,52.2057,5
937,193,21.050323,9906,2021-06-26 17:57:19,52.160316,1
938,114,21.041145,9907,2021-06-26 17:57:18,52.290115,7
939,186,20.942205,9908,2021-06-26 17:57:20,52.334126,1
940,186,20.983719,9909,2021-06-26 17:57:20,52.308056,3
941,186,20.963799,9912,2021-06-26 17:57:17,52.20776,6
942,186,20.974766,9915,2021-06-26 17:57:17,52.31665,9
943,186,20.94092,9916,2021-06-26 17:57:19,52.328503,2
944,190,21.000551,9919,2021-06-26 17:57:20,52.244114,2
945,190,20.898846,9920,2021-06-26 17:57:17,52.238926,5
946,190,21.075502,9921,2021-06-26 17:57:21,52.287315,9
947,190,21.085402,9922,2021-06-26 17:57:17,52.305054,10
948,193,21.037117,9923,2021-06-26 17:57:18,52.154728,2
949,193,21.011444,9925,2021-06-26 17:57:18,52.172352,3
950,114,21.021751,9928,2021-06-26 17:57:16,52.286812,63
951,114,20.932936,9930,2021-06-26 17:57:16,52.289051,2
952,193,20.995398,9933,2021-06-26 17:57:20,52.170212,4
953,190,20.896868,9935,2021-06-26 17:57:21,52.230244,4
954,186,20.949617,9939,2021-06-26 17:57:19,52.259006,8
955,114,20.954731,9940,2021-06-26 17:57:18,52.269157,4
956,114,21.041878,9941,2021-06-26 17:57:17,52.300262,6
957,186,20.957752,9942,2021-06-26 17:57:21,52.246891,4
958,190,21.029551,9946,2021-06-26 17:57:21,52.252522,8
959,190,20.926928,9947,2021-06-26 17:57:21,52.240749,3
960,190,20.914141,9949,2021-06-26 17:57:17,52.235672,6
961,190,20.978756,9951,2021-06-26 17:57:20,52.238205,7
962,190,21.034416,9953,2021-06-26 17:57:15,52.254444,1
963,186,20.975327,9954,2021-06-26 17:57:17,52.21146,67
964,o43A,21.423235,9999,2021-06-25 14:26:34,50.302956,1
