,Lines,Lon,VehicleNumber,Time,Lat,Brigade
0,213,21.1152613,1000,2021-06-25 23:22:58,52.2346205,3
1,213,21.115043,1001,2021-06-25 23:56:49,52.23463,1
2,213,21.2279608,1003,2021-06-26 18:17:52,52.1725358,1
3,311,21.115233,1004,2021-06-25 21:52:40,52.23458,2
4,196,21.11514,1005,2021-06-25 23:48:58,52.234611,1
5,130,21.11559,1008,2021-06-25 20:19:05,52.234613,04
6,213,21.0905215,1010,2021-06-26 18:17:48,52.2215378,2
7,213,21.2201993,1011,2021-06-26 18:17:48,52.1573846,4
8,311,21.1155166,1012,2021-06-25 21:16:38,52.2346153,1
9,213,21.099337,1015,2021-06-26 18:17:49,52.216454,3
10,108,21.081604,1020,2021-06-26 18:17:53,52.198631,3
11,218,21.016917,1021,2021-06-26 18:17:53,52.1891924,4
12,218,21.024233,1024,2021-06-26 18:17:53,52.179718,2
13,192,21.0346659,1025,2021-06-26 18:17:53,52.1509391,3
14,195,20.9979977,1026,2021-06-25 21:14:18,52.1862374,2
15,163,21.089184,1027,2021-06-26 18:17:54,52.172783,1
16,218,21.0207685,1028,2021-06-26 18:17:53,52.1795084,3
17,163,21.0980136,1030,2021-06-26 18:17:55,52.1613785,2
18,163,21.071714,1031,2021-06-26 18:17:54,52.179073,3
19,108,21.023195,1038,2021-06-26 18:17:34,52.228769,4
20,192,21.0243479,1039,2021-06-26 18:17:54,52.1798594,2
21,204,21.041725,1040,2021-06-26 18:17:52,52.29609,1
22,736,21.000525,1042,2021-06-26 18:17:55,52.2913467,1
23,204,21.043091,1043,2021-06-25 22:53:22,52.26632,05
24,204,21.0231533,1044,2021-06-26 18:17:55,52.277265,3
25,107,21.046234,1045,2021-06-25 22:36:50,52.264653,4
26,204,21.042681,1046,2021-06-25 23:57:31,52.266098,1
27,204,21.029834,1047,2021-06-26 18:17:49,52.315255,2
28,228,20.921443,1050,2021-06-25 23:41:52,52.196853,2
29,328,20.921189,1051,2021-06-25 22:30:10,52.196913,01
30,129,20.9393217,1052,2021-06-26 18:17:43,52.245925,2
31,129,20.9295633,1053,2021-06-26 18:17:53,52.23379,3
32,129,20.8831167,1055,2021-06-26 18:17:47,52.1955133,4
33,129,20.9239683,1057,2021-06-26 18:17:55,52.2053017,1
34,119,21.1069682,1061,2021-06-26 18:17:53,52.2102702,4
35,119,21.205587,1062,2021-06-26 18:17:54,52.210049,5
36,192,21.026077,1064,2021-06-26 18:17:54,52.151127,1
37,192,21.0750416,1069,2021-06-26 18:17:53,52.1334532,52
38,108,21.0763442,1070,2021-06-26 18:17:54,52.1818902,1
39,108,21.023815,1074,2021-06-26 18:17:54,52.179718,2
40,218,21.001352,1076,2021-06-26 18:17:54,52.183437,1
41,192,21.0673977,1079,2021-06-26 18:17:54,52.1311996,4
42,173,21.0426228,1101,2021-06-26 00:28:34,52.2664063,2
43,240,21.0406678,1109,2021-06-26 18:17:50,52.296134,2
44,173,21.048266,1110,2021-06-25 19:53:25,52.264265,3
45,170,21.039775,1111,2021-06-26 18:17:50,52.2531768,2
46,132,21.0597225,1112,2021-06-26 18:17:51,52.3063153,51
47,126,21.046033,1113,2021-06-25 23:08:32,52.264159,4
48,338,21.046365,1116,2021-06-25 19:40:36,52.2645706,05
49,170,21.0837661,1117,2021-06-26 18:17:53,52.2748403,4
50,739,21.03978,1200,2021-06-26 18:17:54,52.080608,65
51,739,21.033194,1201,2021-06-26 18:17:53,52.094406,64
52,166,21.068224,1203,2021-06-26 18:17:53,52.129303,1
53,727,21.0280416,1205,2021-06-26 18:17:54,52.0678337,68
54,727,21.0188721,1208,2021-06-26 18:17:54,52.0912987,62
55,141,21.041069,1211,2021-06-26 18:17:53,52.202095,2
56,739,21.01738,1213,2021-06-26 18:17:54,52.153084,66
57,166,21.038637,1214,2021-06-26 18:17:52,52.198006,3
58,727,21.018005,1216,2021-06-26 18:17:54,52.151741,67
59,727,21.0242289,1218,2021-06-26 18:17:53,52.1799566,63
60,166,21.059916,1219,2021-06-26 18:17:54,52.137615,8
61,166,21.033295,1220,2021-06-26 18:17:52,52.204208,7
62,727,20.9438395,1223,2021-06-26 18:17:54,52.0368157,61
63,240,21.0483353,1400,2021-06-26 00:03:19,52.2641493,1
64,170,21.0937966,1401,2021-06-26 18:17:49,52.2709675,3
65,170,21.0454971,1403,2021-06-25 21:36:41,52.2652081,3
66,240,21.043604,1408,2021-06-25 23:31:26,52.266069,4
67,146,21.106152,1411,2021-06-26 18:17:48,52.210964,58
68,173,21.255629,1412,2021-06-26 18:17:54,52.248932,3
69,730,21.0883377,1413,2021-06-26 18:17:54,52.2448952,61
70,147,21.052561,1417,2021-06-26 18:17:53,52.250328,57
71,199,21.175774,1418,2021-06-26 18:17:54,52.267406,3
72,147,21.052183,1419,2021-06-26 18:17:53,52.237663,53
73,183,21.1917564,1422,2021-06-26 18:17:53,52.2387336,3
74,147,21.1673,1425,2021-06-26 18:17:53,52.2046,54
75,147,21.216408,1426,2021-06-26 18:17:53,52.213264,55
76,146,21.204632,1427,2021-06-26 18:17:10,52.159477,59
77,119,21.13398,1429,2021-06-26 18:17:54,52.205406,1
78,L11,20.945557,14422,2021-06-26 18:17:52,52.464516,2
79,L10,20.945208,14423,2021-06-26 14:34:04,52.437897,M4
80,L11,20.723183,14424,2021-06-25 20:30:06,52.424343,51
81,L-9,20.955482,14426,2021-06-26 18:17:49,52.408981,3
82,L11,20.709799,14427,2021-06-26 18:17:55,52.430702,1
83,L34,20.924885,14429,2021-06-26 18:17:48,52.391846,1
84,L10,20.945269,14430,2021-06-26 16:19:41,52.437912,M5
85,L34,20.945213,14431,2021-06-25 19:23:11,52.437866,2
86,L41,20.709866,14432,2021-06-26 18:17:54,52.430492,1
87,L33,20.945353,14434,2021-06-25 23:24:58,52.438198,1
88,L49,20.93578,14436,2021-06-26 18:17:51,52.373352,1
89,L-9,20.949566,14440,2021-06-25 23:13:11,52.471237,055
90,338,21.045604,1500,2021-06-25 19:27:18,52.264496,03
91,106,20.9848605,1508,2021-06-26 18:17:49,52.233738,5
92,735,21.0163888,1509,2021-06-26 18:17:52,52.3178891,M4
93,240,21.0586248,1510,2021-06-26 18:17:50,52.3018188,4
94,110,20.934014,1513,2021-06-26 18:17:51,52.2785605,52
95,147,21.044424,1514,2021-06-25 19:54:57,52.2648745,06
96,115,21.2374667,1521,2021-06-26 18:17:44,52.1703033,4
97,115,21.1565,1523,2021-06-26 18:17:53,52.238843,3
98,702,21.2628933,1524,2021-06-26 18:17:41,52.1080933,2
99,183,21.115313,1526,2021-06-26 00:16:52,52.233074,4
100,N16,21.116845,1527,2021-06-26 05:37:31,52.233048,2
101,N44,21.117096,1528,2021-06-26 05:37:25,52.233049,207
102,702,21.1364183,1531,2021-06-26 18:17:41,52.220405,1
103,202,21.042046,1532,2021-06-26 18:17:48,52.242141,2
104,141,21.0472533,1533,2021-06-26 18:17:49,52.2125233,6
105,119,21.0003467,1535,2021-06-26 18:17:51,52.2061083,3
106,156,21.042056,1537,2021-06-26 18:17:46,52.285046,2
107,132,21.0709967,1538,2021-06-26 18:17:40,52.3225567,55
108,120,21.049075,1539,2021-06-26 18:17:49,52.3402733,1
109,156,21.064164,1540,2021-06-26 18:17:49,52.27346,5
110,166,21.043076,1542,2021-06-26 18:17:51,52.249171,4
111,221,20.971195,1543,2021-06-26 18:17:46,52.258461,2
112,N03,21.044968,1545,2021-06-26 05:08:35,52.264589,2
113,156,20.9467633,1546,2021-06-26 18:17:51,52.28329,4
114,512,21.052175,1548,2021-06-26 18:17:51,52.252915,1
115,120,21.0457833,1549,2021-06-26 18:17:54,52.2761367,2
116,166,21.050593,1550,2021-06-26 18:17:41,52.237876,6
117,120,21.06543,1551,2021-06-26 18:17:48,52.3125183,6
118,156,20.92797,1552,2021-06-26 18:17:45,52.2908267,3
119,L35,21.282269,17455,2021-06-26 18:17:55,52.362141,51
120,L40,21.259716,17458,2021-06-26 18:17:54,52.352112,1
121,L43,21.077759,17461,2021-06-26 08:32:11,52.26762,51
122,L43,21.077951,17462,2021-06-26 17:54:57,52.267616,52
123,L45,21.175266,17464,2021-06-26 18:17:52,52.310745,1
124,L37,21.176323,17466,2021-06-25 22:21:40,52.312318,2
125,L38,21.244806,17467,2021-06-26 18:17:50,52.354065,51
126,240,21.0008475,1802,2021-06-26 18:17:50,52.2914658,3
127,N12,21.045453,1803,2021-06-26 04:33:33,52.264459,128
128,110,20.9204785,1804,2021-06-26 18:17:49,52.2820015,53
129,110,20.9685911,1805,2021-06-26 18:17:53,52.272163,54
130,122,20.9455963,1807,2021-06-26 18:17:50,52.2661455,6
131,106,21.0435196,1808,2021-06-26 06:30:45,52.2662013,4
132,N11,21.0454075,1809,2021-06-26 05:42:59,52.264945,122
133,106,21.0058408,1810,2021-06-26 18:17:48,52.23798,2
134,106,20.9667078,1811,2021-06-26 18:17:53,52.243724,1
135,106,21.0205493,1812,2021-06-26 18:17:52,52.2433491,3
136,170,21.031523,1814,2021-06-26 18:17:43,52.260758,1
137,122,20.9279475,1815,2021-06-26 18:17:48,52.2639181,3
138,N12,21.046083,1816,2021-06-26 05:05:03,52.264528,210
139,173,21.042571,1818,2021-06-25 23:48:59,52.2664061,10
140,173,21.0887268,1821,2021-06-26 18:17:43,52.2450905,2
141,115,21.170315,1826,2021-06-26 18:17:52,52.2771076,2
142,146,21.0482928,1828,2021-06-26 18:17:51,52.2476011,52
143,146,21.1491375,1829,2021-06-26 18:17:50,52.1747375,51
144,183,21.119154,1830,2021-06-26 18:17:34,52.237683,1
145,119,21.1165895,1832,2021-06-25 22:22:16,52.2331471,06
146,183,21.088066,1833,2021-06-26 18:17:49,52.245019,2
147,173,21.2431886,1835,2021-06-26 18:17:48,52.2221685,4
148,115,21.156996,1837,2021-06-26 18:17:30,52.238116,1
149,168,21.0908235,1838,2021-06-26 18:17:52,52.221543,1
150,115,21.237463,1839,2021-06-26 18:17:51,52.1702065,5
151,147,21.1172291,1840,2021-06-25 21:35:22,52.2330755,09
152,142,21.1168673,1842,2021-06-25 20:08:52,52.2330963,08
153,168,20.995516,1843,2021-06-26 18:17:42,52.191436,3
154,173,21.1167918,1844,2021-06-25 23:53:58,52.233165,8
155,168,21.021533,1846,2021-06-26 18:17:49,52.21092,4
156,722,21.2937125,1847,2021-06-26 18:17:50,52.1751971,62
157,198,21.1158643,1848,2021-06-25 20:42:24,52.2333196,2
158,198,21.243295,1849,2021-06-26 18:17:49,52.221709,1
159,183,21.115764,1850,2021-06-25 21:22:25,52.233265,3
160,183,21.1154913,1851,2021-06-26 00:18:45,52.2331743,07
161,198,21.223729,1854,2021-06-26 18:17:51,52.2537766,2
162,146,21.115132,1856,2021-06-26 00:38:41,52.233222,4
163,115,21.115681,1857,2021-06-26 00:02:26,52.2331425,5
164,146,21.1166211,1858,2021-06-25 20:46:49,52.2331278,07
165,198,21.1172503,1859,2021-06-25 19:30:46,52.2330405,05
166,115,21.1153055,1860,2021-06-26 00:28:39,52.2332403,6
167,173,21.1281368,1866,2021-06-26 18:17:54,52.2344406,5
168,173,21.0526691,1867,2021-06-26 18:17:49,52.250322,1
169,115,21.1165116,1869,2021-06-25 23:18:40,52.2330776,3
170,222,21.023587,1901,2021-06-26 18:17:45,52.1946095,3
171,251,21.0240184,1909,2021-06-26 18:17:47,52.1795464,3
172,222,21.0088606,1910,2021-06-26 18:17:45,52.2349636,2
173,222,21.012436,1911,2021-06-26 18:17:54,52.240067,1
174,251,21.113342,1912,2021-06-26 18:17:52,52.105656,2
175,222,21.0210109,1916,2021-06-26 18:17:54,52.2096894,5
176,251,21.125406,1919,2021-06-26 18:17:54,52.10033,1
177,222,20.995911,1920,2021-06-26 18:17:54,52.193382,4
178,178,20.9995329,1995,2021-06-26 18:17:53,52.2540955,2
179,178,21.0095662,1996,2021-06-26 18:17:54,52.2472562,1
180,178,20.959555,1997,2021-06-26 18:17:53,52.216198,5
181,178,20.958515,1998,2021-06-26 18:17:53,52.22794,3
182,178,20.882456,1999,2021-06-26 18:17:53,52.19508,4
183,171,20.919296,2009,2021-06-26 18:17:53,52.239731,1
184,189,20.8987666,2015,2021-06-26 18:17:53,52.238698,9
185,187,20.923477,2016,2021-06-26 18:17:53,52.1972892,5
186,709,21.0238054,2021,2021-06-26 18:17:54,52.1791159,5
187,Z26,21.014021,2022,2021-06-26 18:17:54,52.2467415,4
188,172,20.9842907,2024,2021-06-26 18:17:54,52.2013086,63
189,217,21.0428902,2026,2021-06-26 18:17:54,52.1756479,3
190,519,21.1011295,2027,2021-06-26 18:17:53,52.1321464,3
191,172,21.0293166,2028,2021-06-26 18:17:54,52.2004684,1
192,189,20.896671,2029,2021-06-26 18:17:54,52.231953,8
193,Z26,20.994101,2030,2021-06-26 18:17:53,52.241753,7
194,522,21.072008,2032,2021-06-26 18:17:54,52.160778,3
195,174,21.014149,2035,2021-06-26 18:17:53,52.181377,2
196,709,21.017773,2038,2021-06-26 18:17:53,52.164387,6
197,709,21.018768,2039,2021-06-26 18:17:54,52.104858,1
198,709,21.0168172,2040,2021-06-26 18:17:53,52.0689301,2
199,709,21.026861,2041,2021-06-26 18:17:53,52.075912,3
200,709,21.0180725,2042,2021-06-26 18:17:54,52.1230379,4
201,517,20.899738,2200,2021-06-26 18:17:53,52.194905,1
202,N35,20.921913,2206,2021-06-26 06:01:56,52.1961371,237
203,184,20.949818,2210,2021-06-26 18:17:53,52.230225,3
204,191,20.9094932,2213,2021-06-26 18:17:53,52.1941287,1
205,189,21.026993,2227,2021-06-26 18:17:53,52.173378,4
206,105,20.922151,2236,2021-06-26 00:04:20,52.196038,4
207,189,21.01897,2237,2021-06-26 18:17:54,52.173553,14
208,124,20.934994,2240,2021-06-26 18:17:53,52.167477,2
209,105,20.898836,2247,2021-06-26 18:17:47,52.238811,5
210,141,20.921326,2253,2021-06-25 18:30:50,52.197259,014
211,401,20.920378,2254,2021-06-25 19:44:39,52.196613,012
212,191,20.9809341,2258,2021-06-26 18:17:53,52.2158217,3
213,L20,21.471462,24511,2021-06-25 23:35:10,52.132233,1
214,L20,21.471769,24513,2021-06-26 15:05:20,52.132652,1
215,L20,21.338419,24515,2021-06-26 18:17:53,52.112484,1
216,162,21.0525245,3400,2021-06-26 18:17:47,52.1962963,5
217,185,21.0483833,3401,2021-06-26 18:17:52,52.2074678,6
218,723,20.9409263,3403,2021-06-26 18:17:50,52.3561695,3
219,735,20.9962388,3404,2021-06-26 18:17:51,52.2969585,63
220,731,20.965531,3405,2021-06-26 18:17:51,52.331831,3
221,414,21.047923,3406,2021-06-25 20:26:01,52.264541,07
222,731,20.9431033,3407,2021-06-26 18:17:53,52.4124695,1
223,738,21.0485045,3408,2021-06-26 01:02:31,52.264437,1
224,414,21.0468988,3409,2021-06-25 20:46:35,52.2649078,08
225,126,21.0120365,3410,2021-06-26 18:17:51,52.3200535,2
226,169,21.04371,3411,2021-06-25 21:40:49,52.265391,1
227,140,21.0718188,3413,2021-06-26 18:17:54,52.282486,1
228,509,21.0218665,3414,2021-06-26 18:17:50,52.2625446,2
229,114,21.0478216,3415,2021-06-25 23:08:38,52.2646596,5
230,723,21.0454035,3417,2021-06-25 21:48:49,52.2654235,1
231,145,21.0028735,3421,2021-06-26 18:17:53,52.2906931,7
232,509,21.005147,3422,2021-06-26 18:17:48,52.2883051,355
233,Z26,20.974364,3423,2021-06-26 18:17:50,52.2354155,1
234,169,21.0477433,3429,2021-06-25 23:04:14,52.2646666,3
235,126,21.0567986,3430,2021-06-26 18:17:51,52.301827,4
236,114,21.04857,3434,2021-06-26 00:33:00,52.264513,2
237,518,21.0478431,3437,2021-06-25 23:46:13,52.264609,6
238,705,21.0462205,3438,2021-06-26 18:17:52,52.4376,66
239,738,21.1314156,3440,2021-06-26 18:17:51,52.354945,2
240,114,21.0428833,3441,2021-06-25 23:51:31,52.2659116,7
241,140,21.1093221,3444,2021-06-26 18:17:49,52.3282548,2
242,509,20.942155,3446,2021-06-26 18:17:49,52.3345535,4
243,731,20.925531,3447,2021-06-26 18:17:52,52.421709,2
244,126,21.0572776,3448,2021-06-26 18:17:49,52.3017325,1
245,518,21.043485,3449,2021-06-25 21:30:55,52.265478,7
246,126,20.9419098,3450,2021-06-26 18:17:47,52.3339836,3
247,126,21.0023676,3451,2021-06-26 18:17:50,52.3139125,M5
248,705,21.0344426,3454,2021-06-26 18:17:54,52.4230766,62
249,145,21.0125018,3455,2021-06-26 18:17:45,52.293284,6
250,Z26,21.0351816,3456,2021-06-26 18:17:52,52.2556906,5
251,509,20.9406653,3458,2021-06-26 18:17:49,52.3270085,5
252,Z26,21.0223686,3459,2021-06-26 18:17:52,52.2494538,6
253,738,21.052703,3461,2021-06-26 18:17:50,52.2766118,3
254,731,21.04776,3463,2021-06-26 00:40:56,52.264114,5
255,735,21.0444471,3464,2021-06-25 23:05:19,52.2656713,64
256,723,21.0441993,3466,2021-06-26 00:00:11,52.265954,2
257,738,21.1998615,3469,2021-06-26 18:17:53,52.4108143,1
258,L19,21.002773,36443,2021-06-26 18:17:48,52.042194,51
259,L17,20.899836,36444,2021-06-26 13:08:02,51.912342,51
260,L25,21.049141,36448,2021-06-26 18:17:53,52.057907,1
261,L39,21.017904,38541,2021-06-26 18:17:52,52.066963,4
262,L39,21.026543,38545,2021-06-26 18:17:53,52.075584,3
263,L32,20.985046,38546,2021-06-26 18:17:49,52.003922,51
264,L39,20.989628,38547,2021-06-26 17:45:51,52.110771,1
265,L39,20.991741,38548,2021-06-26 18:17:50,52.110561,2
266,L24,21.016012,38549,2021-06-26 18:17:52,52.071938,51
267,L-5,20.961796,39551,2021-06-26 18:03:17,52.066612,62
268,L-2,21.034941,39552,2021-06-25 19:11:52,52.083633,063
269,L25,21.191267,39555,2021-06-25 23:37:02,51.987377,1
270,L13,21.029318,39556,2021-06-26 18:17:48,52.075432,63
271,L13,20.988888,39558,2021-06-26 18:17:56,52.048988,61
272,L-2,20.949289,39559,2021-06-26 18:17:51,52.015095,1
273,L13,21.217253,39561,2021-06-25 20:05:15,51.98262,03
274,L12,21.02952,39562,2021-06-26 18:17:50,52.074608,1
275,L12,21.034851,39565,2021-06-26 12:57:20,52.083328,1
276,197,20.9390322,4200,2021-06-26 18:17:53,52.236129,3
277,721,20.942898,4201,2021-06-26 18:17:54,52.175667,75
278,711,20.943858,4205,2021-06-26 18:17:39,52.175238,1
279,122,20.898623,4206,2021-06-26 18:17:53,52.258488,1
280,141,20.944191,4208,2021-06-26 18:17:53,52.17548,9
281,197,20.948076,4213,2021-06-26 18:17:53,52.277794,4
282,154,20.9406857,4214,2021-06-26 18:17:54,52.2343132,6
283,141,21.100389,4216,2021-06-26 18:17:54,52.2426324,5
284,154,20.9427454,4217,2021-06-26 18:17:53,52.2270431,2
285,154,20.8973044,4218,2021-06-26 18:17:54,52.2436696,1
286,255,20.950144,4219,2021-06-26 18:17:53,52.226318,1
287,714,20.874146,4220,2021-06-26 18:17:54,52.248981,1
288,255,20.9371144,4224,2021-06-26 18:17:54,52.2222619,2
289,714,20.9436845,4226,2021-06-26 18:17:53,52.2390332,2
290,122,20.8978996,4227,2021-06-26 18:17:53,52.2474356,2
291,154,20.944157,4231,2021-06-26 18:17:54,52.175503,4
292,141,21.0128967,4232,2021-06-26 18:17:54,52.1958952,7
293,197,20.9681467,4233,2021-06-26 18:17:53,52.2840777,5
294,L-1,20.89243,42361,2021-06-26 14:43:02,52.090702,1
295,154,20.9693529,4238,2021-06-26 18:17:54,52.2031212,5
296,141,21.066957,4240,2021-06-26 18:17:54,52.229816,3
297,122,20.9819919,4241,2021-06-26 18:17:53,52.2754826,4
298,122,20.9763864,4242,2021-06-26 18:17:54,52.2898746,5
299,197,20.873741,4243,2021-06-26 18:17:54,52.216503,2
300,901,21.0026736,4244,2021-06-26 18:17:53,52.2293166,1
301,901,21.032228,4246,2021-06-26 18:17:54,52.228542,3
302,154,20.967028,4247,2021-06-26 18:17:53,52.199902,3
303,154,20.8985609,4248,2021-06-26 18:17:53,52.2587837,7
304,L-1,20.93656,42498,2021-06-23 19:45:16,52.08992,2
305,L-3,20.838034,42500,2021-06-26 18:12:32,52.030895,1
306,147,21.0745925,4305,2021-06-26 18:17:51,52.225575,56
307,202,21.1233735,4307,2021-06-26 18:17:55,52.2426382,1
308,119,21.0147014,4311,2021-06-26 18:17:55,52.2086814,2
309,105,16.9750897,4332,2021-06-26 13:35:37,52.5472771,4
310,512,21.049639,4400,2021-06-26 18:17:53,52.286026,4
311,197,20.9443016,4402,2021-06-26 18:17:53,52.2437989,6
312,221,20.9940709,4404,2021-06-26 18:17:53,52.2594532,1
313,120,21.0509769,4405,2021-06-26 18:17:54,52.2525159,4
314,156,21.05213,4406,2021-06-26 18:17:54,52.253017,1
315,N02,21.044418,4407,2021-06-26 06:46:43,52.265051,3
316,240,21.113977,4408,2021-06-26 18:17:54,52.333771,1
317,197,20.8625684,4409,2021-06-26 18:17:53,52.1902266,1
318,197,20.8699234,4410,2021-06-26 18:17:54,52.2118859,7
319,120,21.0619347,4411,2021-06-26 18:17:53,52.3616932,7
320,106,21.025341,4412,2021-06-26 18:17:53,52.241264,4
321,152,21.04444,4413,2021-06-25 20:19:00,52.265066,06
322,N16,21.045311,4415,2021-06-26 05:39:26,52.264876,1
323,120,21.045601,4417,2021-06-26 13:08:26,52.264446,1
324,199,21.0444199,4418,2021-06-25 20:09:09,52.264953,2
325,901,21.0365132,4420,2021-06-26 18:17:54,52.2219711,2
326,166,21.027258,4421,2021-06-26 18:17:53,52.259937,5
327,N03,21.0459804,4422,2021-06-26 05:41:10,52.2641299,1
328,166,21.058048,4423,2021-06-26 18:17:53,52.139938,2
329,901,21.004911,4424,2021-06-26 18:17:53,52.22987,4
330,512,21.042921,4425,2021-06-26 18:17:53,52.249329,2
331,120,21.0419706,4428,2021-06-26 18:17:54,52.2499799,3
332,512,21.073127,4429,2021-06-26 18:17:54,52.2884542,3
333,120,21.045946,4431,2021-06-26 18:17:53,52.271915,5
334,512,21.0674151,4434,2021-06-26 18:17:53,52.2770867,5
335,100,20.9975115,4617,2021-06-26 18:17:45,52.2535681,M1
336,184,20.927292,5205,2021-06-26 18:17:52,52.2630745,6
337,189,21.0688861,5206,2021-06-26 18:17:49,52.1813189,2
338,105,20.8989363,5208,2021-06-26 18:17:48,52.2387551,1
339,188,20.9780967,5209,2021-06-26 18:17:54,52.1694708,3
340,105,20.9319121,5210,2021-06-26 18:17:49,52.2240485,2
341,172,20.955551,5211,2021-06-26 18:17:49,52.211891,4
342,189,20.9120547,5212,2021-06-26 18:17:47,52.2288716,11
343,105,20.9804829,5214,2021-06-26 18:17:52,52.2294214,3
344,189,20.973759,5215,2021-06-26 18:17:46,52.185135,13
345,716,20.8289342,5216,2021-06-26 18:17:53,52.1929529,1
346,172,20.9596287,5217,2021-06-26 18:17:54,52.2155856,2
347,523,20.9357984,5221,2021-06-26 18:17:47,52.2398392,3
348,517,20.862708,5222,2021-06-26 18:17:40,52.190178,2
349,523,20.9128379,5223,2021-06-26 18:17:45,52.2393891,1
350,171,20.9250455,5224,2021-06-26 18:17:49,52.2725088,3
351,105,20.9011867,5225,2021-06-26 18:17:54,52.2168328,4
352,210,20.7880817,5228,2021-06-26 18:17:53,52.2998709,3
353,187,21.0139146,5229,2021-06-26 18:17:52,52.2168637,1
354,171,20.9189258,5232,2021-06-26 18:17:54,52.2628657,4
355,136,20.986863,5234,2021-06-26 18:17:40,52.210475,5
356,184,20.9607306,5235,2021-06-26 18:17:52,52.2172584,1
357,517,21.0104694,5236,2021-06-26 18:17:46,52.2316425,5
358,Z10,20.9147606,5237,2021-06-26 18:17:45,52.2318098,3
359,171,20.930734,5238,2021-06-26 18:17:38,52.270921,2
360,171,20.9416171,5240,2021-06-26 18:17:53,52.2394294,5
361,191,20.9607267,5241,2021-06-26 18:17:46,52.2165438,2
362,148,21.0462203,5242,2021-06-26 18:17:49,52.1501077,4
363,190,20.920664,5245,2021-06-25 20:12:48,52.196575,016
364,523,21.0835143,5253,2021-06-26 18:17:45,52.2424146,5
365,141,20.9224014,5255,2021-06-26 00:37:46,52.1970728,4
366,182,20.92243,5256,2021-06-25 19:09:29,52.1956758,011
367,188,20.982005,5257,2021-06-26 18:17:46,52.192684,52
368,187,20.9294314,5258,2021-06-26 18:17:52,52.1962298,2
369,184,20.927514,5260,2021-06-26 18:17:36,52.290945,5
370,N46,21.047172,5403,2021-06-26 06:04:29,52.2647932,150
371,500,21.042543,5404,2021-06-26 18:17:54,52.299786,52
372,169,21.051819,5406,2021-06-26 18:17:54,52.25288,5
373,705,20.9681877,5407,2021-06-26 18:17:53,52.2719286,65
374,160,21.022024,5410,2021-06-26 18:17:54,52.249245,M5
375,500,21.040756,5412,2021-06-26 18:17:54,52.285507,54
376,160,21.059683,5413,2021-06-26 18:17:54,52.303654,M2
377,500,21.038385,5419,2021-06-26 18:17:53,52.269276,M56
378,527,21.046919,5425,2021-06-26 18:17:53,52.276211,3
379,162,21.035259,5426,2021-06-26 18:17:54,52.2517734,1
380,162,21.0299614,5428,2021-06-26 18:17:53,52.2615509,2
381,185,20.975843,5429,2021-06-26 18:17:50,52.289654,8
382,112,21.041027,5430,2021-06-26 18:17:53,52.289486,3
383,145,21.119,5432,2021-06-26 18:17:54,52.2378,4
384,500,21.042101,5433,2021-06-26 18:17:54,52.300339,57
385,112,20.906491,5434,2021-06-26 18:17:53,52.2282849,9
386,169,21.034248,5435,2021-06-26 18:17:51,52.299824,3
387,527,21.0683536,5436,2021-06-26 18:17:53,52.3235775,2
388,409,20.886944,5437,2021-06-26 18:17:53,52.3047521,53
389,160,21.044426,5438,2021-06-26 18:17:53,52.276012,7
390,112,20.9046469,5439,2021-06-26 18:17:54,52.2282617,12
391,500,20.982164,5441,2021-06-26 18:17:53,52.253254,55
392,160,21.003101,5443,2021-06-26 18:17:53,52.229185,4
393,520,21.0162,5445,2021-06-26 18:17:53,52.2229,4
394,511,20.9422519,5448,2021-06-26 18:17:54,52.3485007,1
395,160,21.068433,5449,2021-06-26 18:17:53,52.3233884,1
396,527,21.056067,5453,2021-06-26 18:17:54,52.297779,1
397,160,21.0588909,5454,2021-06-26 18:17:53,52.2666369,3
398,723,21.000887,5455,2021-06-26 18:17:54,52.291256,2
399,511,20.928112,5459,2021-06-26 18:17:53,52.291458,2
400,185,21.0452024,5460,2021-06-26 18:17:54,52.1565432,3
401,180,21.050213,5870,2021-06-26 18:17:53,52.200134,7
402,503,21.050678,5871,2021-06-26 18:17:52,52.144962,3
403,503,21.013884,5873,2021-06-26 18:17:53,52.230198,5
404,503,21.002277,5875,2021-06-26 18:17:53,52.254719,7
405,180,20.927141,5876,2021-06-26 18:17:54,52.271946,62
406,175,20.978178,5880,2021-06-26 18:17:51,52.169525,55
407,175,20.989744,5882,2021-06-26 18:17:54,52.224251,53
408,128,21.012714,5884,2021-06-26 18:17:52,52.241951,51
409,175,21.009352,5886,2021-06-26 18:17:55,52.234116,52
410,175,21.012711,5887,2021-06-26 18:17:52,52.243153,64
411,128,20.973797,5889,2021-06-26 18:17:51,52.20208,59
412,180,21.024305,5890,2021-06-26 18:17:52,52.223251,3
413,180,20.925011,5891,2021-06-26 18:17:51,52.2724,11
414,180,21.083874,5892,2021-06-26 18:17:54,52.168194,5
415,128,20.963724,5895,2021-06-26 18:17:54,52.207657,60
416,128,20.998121,5897,2021-06-25 23:36:40,52.187019,51
417,503,21.045277,5898,2021-06-26 18:17:51,52.182865,4
418,111,21.061995,5900,2021-06-26 18:17:53,52.230602,4
419,158,21.11775,5902,2021-06-26 18:17:51,52.234043, 
420,128,21.012215,5904,2021-06-26 18:17:53,52.229771,58
421,116,20.960855,5905,2021-06-26 18:17:54,52.275524,69
422,158,21.117008,5907,2021-06-25 21:44:36,52.233902,5
423,175,21.116972,5908,2021-06-25 19:38:19,52.233955,068
424,116,21.116823,5910,2021-06-26 00:07:33,52.233971,17
425,158,21.08033,5913,2021-06-26 18:17:53,52.239281,6
426,158,21.1176292,5915,2021-06-26 18:17:54,52.2336316, 
427,111,21.10132,5920,2021-06-26 18:17:50,52.223133,6
428,116,21.084158,5921,2021-06-26 18:17:53,52.167793,5
429,111,21.107388,5922,2021-06-26 07:42:12,52.233645, 
430,111,21.116245,5926,2021-06-26 00:24:55,52.234005,5
431,111,21.009575,5927,2021-06-26 18:17:53,52.233757,3
432,111,21.006992,5931,2021-06-26 18:17:53,52.237549,8
433,128,20.982101,5932,2021-06-26 18:17:52,52.201664,61
434,158,20.9806224,5933,2021-06-26 18:17:55,52.2217802,1
435,158,21.071754,5934,2021-06-26 18:17:51,52.241932,4
436,503,21.115843,5935,2021-06-26 00:31:56,52.233995,013
437,116,21.058651,5936,2021-06-26 18:17:53,52.179317,4
438,503,21.036032,5937,2021-06-26 18:17:51,52.20126,1
439,175,20.993464,5939,2021-06-26 18:17:52,52.226078,56
440,116,21.025497,5940,2021-06-26 18:17:52,52.218636,3
441,175,21.115613,5941,2021-06-25 21:43:06,52.234041,63
442,116,21.014416,5942,2021-06-26 18:17:53,52.230305,7
443,503,21.009081,5943,2021-06-26 18:17:54,52.234516,9
444,158,20.971504,5946,2021-06-26 18:17:54,52.220154,2
445,175,20.973612,5947,2021-06-26 18:17:51,52.170677,54
446,116,21.067682,5948,2021-06-26 18:17:53,52.170258,56
447,518,20.958506,5950,2021-06-26 18:17:54,52.313572,2
448,518,20.942102,5952,2021-06-26 18:17:51,52.334549,2
449,503,21.046482,5954,2021-06-26 18:17:51,52.150265,2
450,503,21.002586,5956,2021-06-26 18:17:50,52.254822,8
451,E-9,21.045723,5962,2021-06-25 20:17:53,52.265643,06
452,180,20.945351,5964,2021-06-26 18:17:51,52.265896,10
453,723,21.047304,5966,2021-06-25 18:56:33,52.265156,07
454,180,21.055454,5967,2021-06-26 18:17:51,52.194042,4
455,180,20.970442,5968,2021-06-26 18:17:50,52.255676,1
456,116,21.009872,5969,2021-06-26 18:17:53,52.247139,8
457,518,21.009979,5976,2021-06-26 18:17:52,52.242817,6
458,518,20.995834,5978,2021-06-26 18:17:53,52.297329,3
459,518,21.023464,5979,2021-06-26 18:17:51,52.228279,5
460,518,20.988684,5980,2021-06-26 18:17:53,52.303703,7
461,518,21.000032,5981,2021-06-26 18:17:51,52.253674,4
462,503,21.005472,5983,2021-06-26 18:17:53,52.249058,6
463,111,21.10247,5984,2021-06-26 18:17:53,52.222061,5
464,111,21.054194,5985,2021-06-26 18:17:55,52.238487,7
465,111,20.989487,5986,2021-06-26 18:17:51,52.247662,2
466,180,21.002308,5987,2021-06-26 18:17:52,52.249607,9
467,180,21.072897,5988,2021-06-26 18:17:54,52.178421,6
468,180,21.00531,5990,2021-06-26 18:17:53,52.24918,2
469,180,21.011208,5991,2021-06-26 18:17:53,52.23056,58
470,518,20.94133,5994,2021-06-26 18:17:51,52.332432,1
471,116,21.01226,5995,2021-06-26 18:17:52,52.246269,2
472,116,20.977961,5996,2021-06-26 18:17:53,52.270683,1
473,116,20.924746,5997,2021-06-26 18:17:52,52.272423,11
474,116,20.924902,5998,2021-06-26 18:17:52,52.272297,10
475,111,20.979416,5999,2021-06-26 18:17:47,52.244465,1
476,167,21.047783,6201,2021-06-26 18:17:54,52.20697,2
477,713,20.845436,6203,2021-06-26 18:17:51,52.214951,1
478,713,20.8889862,6204,2021-06-26 18:17:52,52.2165544,2
479,112,21.055099,6207,2021-06-26 18:17:53,52.296627,6
480,112,20.91243,6208,2021-06-26 18:17:53,52.241814,1
481,112,20.898439,6210,2021-06-26 18:17:54,52.201286,M11
482,112,20.9323755,6212,2021-06-26 18:17:53,52.2678767,8
483,136,21.0265087,6213,2021-06-26 18:17:54,52.1619605,10
484,187,20.867836,6214,2021-06-26 18:17:54,52.194214,3
485,210,20.928307,6220,2021-06-26 18:17:54,52.290932,1
486,187,20.862329,6222,2021-06-26 18:17:53,52.190178,4
487,189,20.8997,6223,2021-06-26 18:17:50,52.239155,10
488,187,21.05854,6226,2021-06-26 18:17:54,52.191185,8
489,191,20.8703592,6227,2021-06-26 18:17:54,52.1835617,6
490,136,21.029501,6236,2021-06-26 18:17:54,52.152824,7
491,716,20.9296144,6239,2021-06-26 18:17:54,52.2232751,3
492,184,20.938059,6241,2021-06-26 18:17:53,52.272392,4
493,703,20.82954,6242,2021-06-26 18:17:53,52.055069,74
494,706,20.9367832,6243,2021-06-26 18:17:53,52.169748,1
495,L29,20.462605,65471,2021-06-26 18:17:50,52.267723,1
496,112,21.004412,7200,2021-06-26 18:17:53,52.290691,7
497,124,20.96501,7201,2021-06-26 18:17:55,52.151756,1
498,Z10,20.913799,7202,2021-06-26 18:17:54,52.252605,5
499,112,21.0880359,7206,2021-06-26 18:17:54,52.3035319,4
500,Z10,20.929689,7208,2021-06-26 18:17:52,52.223671,1
501,189,20.91654,7214,2021-06-26 18:17:54,52.224255,7
502,728,20.885372,7217,2021-06-26 18:17:53,52.101467,72
503,728,20.888906,7218,2021-06-26 18:17:53,52.101021,71
504,517,20.987144,7224,2021-06-26 18:17:51,52.223347,4
505,112,20.9785701,7225,2021-06-26 18:17:54,52.2798739,2
506,112,20.9208932,7226,2021-06-26 13:08:33,52.1969334,4
507,184,20.964012,7227,2021-06-26 18:17:53,52.208046,2
508,Z10,20.9250035,7228,2021-06-26 18:17:54,52.2608486,6
509,716,20.9170002,7229,2021-06-26 18:17:53,52.2202934,2
510,Z10,20.9248566,7234,2021-06-26 18:17:54,52.2607156,7
511,124,20.921078,7240,2021-06-25 18:26:53,52.196911,03
512,187,21.0558109,7241,2021-06-26 18:17:53,52.1816759,7
513,187,21.030148,7243,2021-06-26 18:17:55,52.220615,6
514,210,20.8080962,7244,2021-06-26 18:17:54,52.2938539,2
515,167,20.97809,7245,2021-06-26 18:17:55,52.213104,6
516,191,20.93646,7247,2021-06-26 18:17:54,52.20116,4
517,172,21.04884,7248,2021-06-26 18:17:54,52.188629,7
518,189,20.9590114,7249,2021-06-26 18:17:54,52.1897434,5
519,188,21.0613215,7250,2021-06-26 18:17:53,52.2280907,1
520,517,20.981054,7251,2021-06-26 18:17:50,52.216312,6
521,182,21.098595,7252,2021-06-26 18:17:54,52.2367084,2
522,517,20.902155,7254,2021-06-26 18:17:55,52.194126,3
523,523,21.0919454,7255,2021-06-26 18:17:53,52.2497677,7
524,191,20.8893984,7256,2021-06-26 18:17:53,52.1899769,5
525,188,21.078444,7257,2021-06-26 18:17:53,52.235622,5
526,182,21.00531,7259,2021-06-26 18:17:53,52.217323,4
527,138,21.0718546,7301,2021-06-26 18:17:54,52.2607281,6
528,141,21.112899,7303,2021-06-26 18:17:36,52.236228,4
529,148,21.0873824,7304,2021-06-26 18:17:54,52.2447926,9
530,151,21.105059,7305,2021-06-26 18:17:53,52.230225,2
531,182,20.9950179,7306,2021-06-26 18:17:54,52.21655,3
532,162,21.0360174,7308,2021-06-26 18:17:54,52.2215005,3
533,507,21.035288,7310,2021-06-26 18:17:54,52.234699,2
534,125,21.1965211,7312,2021-06-26 18:12:26,52.2083262,2
535,E-1,21.1167422,7314,2021-06-25 19:42:06,52.2335197,01
536,520,21.1138159,7315,2021-06-26 18:17:53,52.2330667,5
537,143,21.1164757,7317,2021-06-25 19:35:11,52.2334452,3
538,162,21.085012,7322,2021-06-26 18:17:54,52.193333,4
539,523,20.898283,7324,2021-06-26 18:17:54,52.258877,2
540,520,21.013018,7325,2021-06-26 18:17:54,52.227394,2
541,148,20.978037,7326,2021-06-26 18:17:54,52.169552,5
542,138,21.100586,7327,2021-06-26 18:17:53,52.260582,7
543,171,21.002232,7328,2021-06-26 18:17:53,52.243145,8
544,520,21.096418,7331,2021-06-26 18:17:53,52.23476,1
545,150,20.862198,753,2021-06-26 18:17:54,52.348938,3
546,750,20.93498,755,2021-06-26 18:17:55,52.304611,2
547,250,20.870995,757,2021-06-26 18:17:49,52.332771,1
548,750,20.799187,758,2021-06-26 18:17:52,52.3769,3
549,150,20.928274,761,2021-06-26 18:17:51,52.290966,1
550,250,20.930775,763,2021-06-26 18:17:48,52.292263,3
551,521,20.984879,7701,2021-06-26 18:17:54,52.2194744,3
552,750,20.820015667,773,2021-06-26 18:17:50,52.3508405,4
553,250,20.908089,775,2021-06-26 18:17:55,52.286446,2
554,750,20.921263,776,2021-06-26 18:17:54,52.314281,1
555,150,20.8824585,777,2021-06-26 18:17:53,52.3423672,2
556,138,21.0376138,8120,2021-06-26 18:17:50,52.2223153,1
557,185,20.9923368,8138,2021-06-26 18:17:47,52.2706271,7
558,172,21.01416,8139,2021-06-26 18:17:54,52.1960933,6
559,727,20.997388,8148,2021-06-25 21:39:43,52.187336,4
560,522,21.0158268,8154,2021-06-26 18:17:54,52.2235,6
561,167,20.9259518,8166,2021-06-26 18:17:47,52.2340346,5
562,143,21.0067616,8167,2021-06-26 18:17:53,52.2173355,2
563,522,20.998243,8174,2021-06-25 20:09:50,52.1878,013
564,504,20.9870793,8178,2021-06-26 18:17:49,52.1812003,3
565,519,20.996546,8180,2021-06-25 22:35:23,52.187545,5
566,136,20.9567543,8181,2021-06-26 18:17:47,52.2311368,4
567,138,21.002218,8183,2021-06-26 18:17:35,52.186726,2
568,172,21.0691663,8184,2021-06-26 18:17:52,52.1813485,8
569,504,21.0419168,8187,2021-06-26 18:17:52,52.1479578,2
570,519,21.057733,8188,2021-06-26 18:17:53,52.180064,2
571,504,20.9889118,8189,2021-06-26 18:17:51,52.2127148,5
572,198,21.1173818,8210,2021-06-25 18:57:27,52.2334423,04
573,151,21.1167196,8218,2021-06-25 19:22:39,52.2335221,04
574,514,21.1453486,8222,2021-06-26 18:17:45,52.2499085,4
575,188,21.1161338,8225,2021-06-25 20:54:43,52.2335866,08
576,143,21.114924,8228,2021-06-25 23:38:50,52.234206,6
577,509,21.116793,8231,2021-06-25 20:04:19,52.233758,021
578,514,21.0155786,8300,2021-06-26 18:17:47,52.2197516,3
579,502,21.2183516,8301,2021-06-26 18:17:50,52.2239596,4
580,125,21.0435906,8303,2021-06-26 18:17:47,52.2480473,5
581,125,21.196717,8305,2021-06-26 18:17:49,52.2084033,3
582,509,20.971898,8310,2021-06-26 18:17:50,52.320981,3
583,502,21.1604523,8313,2021-06-26 18:17:56,52.2258916,6
584,182,21.11721,8315,2021-06-25 19:08:30,52.233705,013
585,145,21.052678,8317,2021-06-26 18:17:38,52.292209,1
586,188,21.129159,8318,2021-06-26 18:17:41,52.240033,6
587,168,21.11586,8320,2021-06-25 21:27:01,52.23366,07
588,514,21.0163463,8323,2021-06-26 18:17:50,52.2171166,2
589,145,21.125448,8324,2021-06-26 18:17:53,52.261274,2
590,720,21.306729,8325,2021-06-26 18:17:51,52.1716306,1
591,125,21.117233,8327,2021-06-25 20:58:39,52.234053,3
592,145,21.082536,8328,2021-06-26 18:17:56,52.2865845,5
593,411,21.117353,8330,2021-06-25 20:35:38,52.233359,53
594,148,21.087196,8331,2021-06-26 18:17:54,52.244822,1
595,502,21.015538,8335,2021-06-26 18:17:51,52.219596,1
596,143,21.0847278,8339,2021-06-26 18:17:54,52.2437975,1
597,704,21.2287481,8340,2021-06-26 18:17:53,52.223532,1
598,171,21.0091133,8342,2021-06-26 18:17:40,52.23464,6
599,151,21.048295,8344,2021-06-26 18:17:49,52.2251183,3
600,185,20.9952117,8345,2021-06-26 18:17:45,52.27199,1
601,145,21.116836,8346,2021-06-25 19:31:54,52.233566,016
602,145,21.116093,8347,2021-06-25 19:40:44,52.233476,012
603,523,20.9628767,8348,2021-06-26 18:17:54,52.2167283,9
604,507,21.102326,8349,2021-06-26 18:17:35,52.222014,5
605,411,21.116288,8350,2021-06-25 20:43:54,52.233658,061
606,125,21.1386383,8351,2021-06-26 18:17:40,52.2290883,4
607,125,21.07822,8352,2021-06-26 18:17:51,52.245618,1
608,151,21.0749017,8353,2021-06-26 18:17:42,52.2330583,1
609,521,21.1544633,8355,2021-06-26 18:17:41,52.2181733,2
610,N03,21.117188,8357,2021-06-26 05:01:26,52.233246,254
611,502,21.0769,8358,2021-06-26 18:17:53,52.2346667,3
612,507,21.0556967,8360,2021-06-26 18:17:47,52.2386467,4
613,704,21.2226283,8362,2021-06-26 18:17:54,52.223725,2
614,521,21.165743,8363,2021-06-26 18:17:49,52.206851,5
615,507,21.0994383,8366,2021-06-26 18:17:51,52.2234417,1
616,143,21.177365,8367,2021-06-26 18:17:45,52.2569817,6
617,502,21.2174067,8368,2021-06-26 18:17:42,52.2144167,5
618,521,21.2046883,8369,2021-06-26 18:17:45,52.1593967,1
619,141,21.117058,8397,2021-06-25 19:41:02,52.233698,012
620,502,21.1151075,8403,2021-06-25 23:03:57,52.2336293,064
621,411,21.1156411,8440,2021-06-25 20:20:48,52.2335555,062
622,511,20.97439,8443,2021-06-26 18:17:54,52.317043,3
623,112,20.883038,8445,2021-06-26 18:17:54,52.214779,10
624,169,21.04258,8447,2021-06-26 18:17:45,52.299753,2
625,509,21.0617652,8448,2021-06-26 18:17:54,52.2307992,1
626,160,21.006292,8450,2021-06-26 18:17:53,52.246025,6
627,409,20.9549,8452,2021-06-26 18:17:54,52.2615669,58
628,735,21.011723,8454,2021-06-26 18:17:53,52.453812,61
629,112,21.0823121,8455,2021-06-26 18:17:53,52.3044927,5
630,731,20.98843,8457,2021-06-26 18:17:53,52.303871,4
631,185,21.0485019,8458,2021-06-26 11:00:08,52.2645874,6
632,169,21.0337127,8459,2021-06-26 18:17:54,52.2561541,4
633,409,20.899986,8460,2021-06-26 18:17:54,52.297104,51
634,169,21.03814,8461,2021-06-26 18:17:54,52.2658455,1
635,141,20.9580967,8500,2021-06-26 18:17:43,52.1897317,8
636,Z26,20.9778783,8501,2021-06-26 18:17:43,52.2363317,3
637,522,21.03689,8502,2021-06-26 18:17:44,52.2005367,2
638,189,21.0626033,8504,2021-06-26 18:17:41,52.1861133,1
639,N33,20.996476,8505,2021-06-26 05:42:44,52.187546,172
640,185,20.997366,8507,2021-06-25 23:56:14,52.186391,9
641,174,20.9992417,8508,2021-06-26 18:17:42,52.2313017,3
642,189,20.996501,8509,2021-06-26 00:35:47,52.18806,12
643,331,20.997095,8511,2021-06-25 18:21:40,52.187653,01
644,148,20.998374,8514,2021-06-26 00:52:13,52.188333,5
645,N37,20.998273,8516,2021-06-26 05:43:10,52.188213,246
646,136,20.966045,8517,2021-06-26 18:17:44,52.2432067,3
647,165,20.993518,8520,2021-06-26 18:17:36,52.167543,3
648,185,21.0496983,8521,2021-06-26 18:17:46,52.2038883,2
649,136,21.055768,8522,2021-06-26 18:17:52,52.147318,8
650,733,20.997863,8523,2021-06-25 20:19:16,52.187501,62
651,185,21.021956,8524,2021-06-26 18:17:50,52.142659,4
652,519,21.09284,8525,2021-06-26 18:17:40,52.116785,4
653,136,21.002463,8528,2021-06-26 18:17:51,52.178666,6
654,143,21.1744017,8530,2021-06-26 18:17:41,52.26189,5
655,308,20.997771,8531,2021-06-25 19:03:30,52.187649,02
656,136,20.997748,8533,2021-06-25 23:20:13,52.188256,10
657,N03,20.997894,8534,2021-06-26 05:57:03,52.18594,156
658,131,20.996449,8535,2021-06-25 22:36:53,52.186401,10
659,519,21.031545,8536,2021-06-26 18:17:51,52.2059317,7
660,N33,20.996953,8537,2021-06-26 05:04:45,52.186869,173
661,519,21.0029617,8539,2021-06-26 18:17:42,52.22931,8
662,217,21.0241783,8540,2021-06-26 18:17:52,52.1796333,2
663,N34,20.996438,8541,2021-06-26 05:33:51,52.187668,149
664,N37,20.99783,8545,2021-06-26 05:44:42,52.187465,132
665,167,20.9693167,8547,2021-06-26 18:17:50,52.2135883,3
666,733,20.8679717,8548,2021-06-26 18:17:51,52.119265,1
667,504,21.031835,8550,2021-06-26 18:17:50,52.15001,6
668,519,21.092771,8551,2021-06-26 18:17:48,52.117028,5
669,522,21.011855,8552,2021-06-26 18:17:53,52.229244,1
670,Z26,20.9745467,8553,2021-06-26 18:17:41,52.2355733,2
671,148,21.0426367,8559,2021-06-26 18:17:40,52.168125,7
672,151,21.116914,8561,2021-06-25 23:54:17,52.233616,1
673,171,21.04332,8562,2021-06-26 18:17:47,52.22286,7
674,521,21.116369,8565,2021-06-25 20:39:03,52.233641,08
675,520,21.155965,8566,2021-06-26 18:17:49,52.24041,6
676,523,21.10685,8567,2021-06-26 18:17:52,52.24807,6
677,509,21.1023067,8569,2021-06-26 18:17:49,52.22189,9
678,148,21.015161,8570,2021-06-26 18:17:44,52.153421,6
679,143,21.123735,8573,2021-06-26 18:17:54,52.2358517,4
680,521,21.0034217,8574,2021-06-26 18:17:48,52.2282533,4
681,523,21.0289117,8576,2021-06-26 18:17:41,52.2201517,8
682,141,20.982965,8578,2021-06-26 18:17:52,52.1964617,1
683,190,21.046053,8582,2021-06-25 18:46:44,52.264343,021
684,523,21.0011283,8586,2021-06-26 18:17:54,52.2170633,4
685,520,21.1562683,8589,2021-06-26 18:17:48,52.24044,7
686,185,21.0418583,8592,2021-06-26 18:17:44,52.171535,5
687,N13,21.114978,8593,2021-06-26 05:47:18,52.233611,247
688,145,21.0882617,8594,2021-06-26 18:17:53,52.2447683,3
689,188,20.9827317,8595,2021-06-26 18:17:48,52.1956017,4
690,168,21.0940573,8800,2021-06-26 18:17:54,52.2282085,5
691,189,20.9287688,8802,2021-06-26 18:17:47,52.1956303,6
692,148,21.0538186,8804,2021-06-26 18:17:49,52.180308,3
693,168,21.1127355,8805,2021-06-26 18:17:54,52.2363248,6
694,136,20.9896013,8806,2021-06-26 18:17:51,52.1890233,1
695,189,21.0636693,8807,2021-06-26 18:17:53,52.1866146,3
696,138,21.0015523,8808,2021-06-26 18:17:43,52.1966015,4
697,168,21.0154643,8810,2021-06-26 18:17:54,52.208865,2
698,167,21.0830798,8812,2021-06-26 18:17:51,52.2083991,1
699,136,20.959704,8813,2021-06-26 18:17:51,52.2199053,2
700,504,21.0045801,8814,2021-06-26 18:17:51,52.2295415,4
701,217,21.0729928,8816,2021-06-26 18:17:54,52.1595066,1
702,167,21.047991,8818,2021-06-26 18:17:49,52.211716,7
703,167,20.925798,8819,2021-06-26 18:17:42,52.234074,4
704,174,21.0131908,8820,2021-06-26 18:17:49,52.197211,371
705,N43,20.9959001,8821,2021-06-26 05:29:35,52.1875351,220
706,189,20.934101,8822,2021-06-26 18:17:38,52.194881,12
707,519,21.0023273,8823,2021-06-26 18:17:51,52.2295896,8
708,148,21.1046968,8825,2021-06-26 18:17:49,52.2219311,2
709,522,21.079892,8826,2021-06-26 18:17:49,52.158018,318
710,514,21.2040655,8828,2021-06-26 18:17:48,52.2474693,1
711,509,21.0474618,8829,2021-06-26 18:17:48,52.2474083,7
712,143,21.1383936,8832,2021-06-26 18:17:53,52.2436611,7
713,502,21.015097,8833,2021-06-26 18:17:51,52.2186425,2
714,N83,21.116546,8839,2021-06-26 05:25:32,52.233586,174
715,520,21.0026953,8840,2021-06-26 18:17:52,52.2432646,3
716,138,21.1172336,8841,2021-06-25 22:19:45,52.2337476,1
717,521,21.1161941,8844,2021-06-25 20:59:15,52.2334716,09
718,138,21.057918,8846,2021-06-26 18:17:48,52.2631695,8
719,143,21.0575068,8850,2021-06-26 18:17:48,52.227252,3
720,138,21.0515086,8852,2021-06-26 18:17:50,52.2290028,5
721,509,21.0853026,8853,2021-06-26 18:17:49,52.2259353,8
722,182,21.1052881,8854,2021-06-26 18:17:39,52.2368925,1
723,518,21.047239,8859,2021-06-25 21:49:41,52.2647968,9
724,412,21.047084,8862,2021-06-25 20:21:52,52.264918,05
725,509,21.043849,8863,2021-06-25 22:53:53,52.266028,14
726,723,21.047273,8864,2021-06-25 19:20:55,52.264625,08
727,269,21.043698,8866,2021-06-25 22:15:02,52.266003,04
728,738,21.046916,8868,2021-06-25 18:47:25,52.264738,05
729,340,21.046388,8870,2021-06-25 19:12:44,52.265081,03
730,511,21.046323,8874,2021-06-25 18:33:00,52.265079,05
731,340,21.048342,8876,2021-06-25 18:55:45,52.264397,06
732,723,20.9292363,8878,2021-06-26 18:17:49,52.3937393,1
733,511,21.0472221,8879,2021-06-25 19:11:55,52.2646076,07
734,709,20.996574,8880,2021-06-25 18:58:33,52.18762,016
735,136,21.0418913,8881,2021-06-26 18:17:53,52.1480368,9
736,174,20.9952831,8882,2021-06-26 18:17:49,52.1702458,1
737,165,21.0024198,8883,2021-06-26 18:17:52,52.158257,4
738,504,21.0690023,8885,2021-06-26 18:17:53,52.1289356,1
739,504,20.9985235,8886,2021-06-26 11:14:42,52.1878498,6
740,165,21.0240515,8888,2021-06-26 18:17:52,52.1797846,2
741,165,21.003176,8891,2021-06-26 18:17:49,52.1781013,1
742,148,21.089548,8893,2021-06-26 18:17:35,52.21256,8
743,172,20.972977,8895,2021-06-26 18:17:47,52.2185308,5
744,522,21.0567095,8896,2021-06-26 18:17:50,52.1806796,5
745,138,20.9956458,8897,2021-06-26 18:17:52,52.1701948,3
746,519,21.015492,8899,2021-06-26 18:17:53,52.2194478,1
747,161,21.171728,9061,2021-06-26 18:17:51,52.182487,1
748,104,21.000261,9063,2021-06-26 18:17:50,52.291481,2
749,161,21.176142,9068,2021-06-26 18:17:53,52.18425,2
750,211,20.973787,9070,2021-06-26 18:17:53,52.307423,3
751,211,20.943079,9074,2021-06-26 18:17:52,52.33823,4
752,211,20.94149,9075,2021-06-26 18:17:51,52.355343,M5
753,234,21.066834,9076,2021-06-26 18:17:43,52.339016,1
754,800,20.843262,9082,2021-06-26 18:17:51,52.354969,M1
755,900,20.953587,9084,2021-06-26 18:17:50,52.358856,1
756,161,21.224813,9088,2021-06-26 18:17:52,52.18668,M3
757,104,21.040482,9091,2021-06-26 18:17:54,52.308292,1
758,211,20.993551,9092,2021-06-26 18:17:54,52.299614,2
759,211,20.955025,9093,2021-06-26 18:17:53,52.330151,1
760,219,21.102463,9201,2021-06-26 18:17:53,52.222767,1
761,107,21.048227,9204,2021-06-26 18:17:47,52.20779,1
762,107,21.012491,9205,2021-06-26 18:17:53,52.240044,2
763,239,21.015335,9209,2021-06-26 18:17:52,52.147423,54
764,107,20.97941,9210,2021-06-26 18:17:52,52.244488,3
765,121,20.970099,9213,2021-06-26 18:17:51,52.271925,1
766,133,20.950336,9214,2021-06-26 18:17:46,52.319553,1
767,133,20.97253,9215,2021-06-26 18:17:49,52.342869,2
768,164,21.086903,9217,2021-06-26 18:17:53,52.16,1
769,164,21.060507,9219,2021-06-26 18:17:51,52.189564,3
770,177,20.877522,9220,2021-06-26 18:17:52,52.199593,1
771,177,20.883062,9221,2021-06-26 18:17:51,52.206707,2
772,203,20.930742,9222,2021-06-26 18:17:48,52.290623,2
773,107,20.984636,9223,2021-06-26 18:17:50,52.243919,4
774,203,20.931667,9224,2021-06-26 18:17:49,52.289753,1
775,209,21.018246,9227,2021-06-26 18:17:54,52.129025,51
776,228,20.892857,9228,2021-06-26 18:17:48,52.199829,1
777,228,20.980221,9229,2021-06-26 18:17:51,52.188511,3
778,177,20.886019,9230,2021-06-26 18:17:50,52.18174,3
779,209,20.981058,9233,2021-06-26 18:17:46,52.132847,52
780,201,20.938904,9234,2021-06-26 18:17:49,52.235958,2
781,219,21.162443,9235,2021-06-26 18:17:52,52.194073,2
782,208,20.972404,9236,2021-06-26 18:17:53,52.212494,1
783,264,21.10103,9240,2021-06-26 18:17:54,52.132164,1
784,107,21.025745,9241,2021-06-26 18:17:50,52.224075,M5
785,201,20.945171,9243,2021-06-26 18:17:49,52.238987,1
786,209,21.037109,9252,2021-06-26 18:17:53,52.15453,53
787,199,21.071383,9311,2021-06-26 18:17:50,52.281918,4
788,135,21.107164,9312,2021-06-26 18:17:50,52.248375,3
789,135,21.062317,9313,2021-06-26 18:17:48,52.246544,4
790,123,21.052399,9316,2021-06-26 18:17:52,52.250214,1
791,123,21.06192,9317,2021-06-26 18:17:50,52.230377,3
792,179,21.035091,9318,2021-06-26 18:17:52,52.162212,7
793,153,21.177059,9319,2021-06-26 18:17:46,52.256889,3
794,179,21.05805,9320,2021-06-26 18:17:50,52.131187,3
795,142,21.223946,9321,2021-06-26 18:17:52,52.159485,4
796,123,21.094137,9322,2021-06-26 18:17:54,52.244144,2
797,123,21.06111,9323,2021-06-26 18:17:52,52.232403,5
798,179,21.049461,9325,2021-06-26 18:17:48,52.154182,4
799,135,21.027216,9326,2021-06-26 18:17:48,52.259552,1
800,179,21.031231,9327,2021-06-26 18:17:51,52.153976,5
801,135,21.086697,9328,2021-06-26 18:17:33,52.235886,2
802,179,21.037069,9329,2021-06-26 18:17:53,52.162064,6
803,179,21.057335,9333,2021-06-26 18:17:52,52.139671,52
804,123,21.051249,9337,2021-06-26 18:17:45,52.252583,4
805,153,21.172283,9338,2021-06-26 18:17:54,52.256905,2
806,123,21.101749,9339,2021-06-26 18:17:47,52.24234,357
807,153,21.170147,9340,2021-06-26 18:17:49,52.27684,1
808,199,21.150524,9342,2021-06-26 18:17:51,52.270241,2
809,123,21.077581,9345,2021-06-25 21:25:22,52.268494,357
810,179,21.034729,9349,2021-06-26 18:17:48,52.144787,1
811,142,21.13343,9351,2021-06-26 18:17:50,52.210014,1
812,142,21.203491,9352,2021-06-26 18:17:50,52.168701,3
813,142,21.107737,9354,2021-06-26 18:17:54,52.241241,M5
814,199,21.074741,9355,2021-06-26 18:17:50,52.286266,1
815,142,21.088808,9357,2021-06-26 18:17:46,52.244884,2
816,103,20.965363,9411,2021-06-26 18:17:53,52.252743,4
817,157,20.993509,9412,2021-06-26 18:17:52,52.253895,3
818,117,21.010319,9413,2021-06-26 18:17:50,52.229679,3
819,516,21.000887,9414,2021-06-26 18:17:53,52.291134,4
820,157,20.984289,9416,2021-06-26 18:17:50,52.247356,6
821,117,21.102522,9417,2021-06-26 18:17:54,52.222134,1
822,103,20.947453,9418,2021-06-26 18:17:53,52.267887,2
823,134,21.059807,9419,2021-06-26 18:17:50,52.341404,1
824,134,20.968269,9420,2021-06-26 18:17:53,52.271854,2
825,134,21.036041,9423,2021-06-26 18:17:52,52.300797,3
826,117,21.08466,9424,2021-06-26 18:17:50,52.22337,4
827,103,20.942085,9427,2021-06-26 18:17:54,52.293903,5
828,157,20.970833,9428,2021-06-26 18:17:52,52.284824,1
829,157,20.976587,9429,2021-06-26 18:17:53,52.289783,2
830,245,21.053045,9431,2021-06-26 18:17:54,52.276489,1
831,516,20.967232,9432,2021-06-26 18:17:52,52.321983,1
832,516,20.942081,9434,2021-06-26 18:17:53,52.334152,2
833,516,20.954422,9436,2021-06-26 18:17:53,52.320312,3
834,176,20.982265,9438,2021-06-26 18:17:50,52.355614,1
835,157,20.965576,9439,2021-06-26 18:17:54,52.210224,5
836,103,20.926594,9442,2021-06-26 18:17:50,52.29039,1
837,103,20.968527,9443,2021-06-26 18:17:50,52.222122,3
838,245,21.13076,9446,2021-06-26 18:17:53,52.279819,2
839,712,20.865047,9450,2021-06-26 18:17:52,52.276863,1
840,176,21.021721,9452,2021-06-26 18:17:52,52.286194,3
841,176,21.019972,9453,2021-06-26 18:17:52,52.289295,2
842,743,20.930145,9459,2021-06-26 18:17:53,52.224854,1
843,194,20.865693833,9501,2021-06-26 18:17:52,52.190987833,4
844,181,20.958858833,9503,2021-06-26 18:17:55,52.28109,2
845,717,20.964758667,9504,2021-06-26 18:17:50,52.2182205,3
846,139,21.0851335,9507,2021-06-26 18:17:55,52.1621995,2
847,149,20.8782755,9509,2021-06-26 18:17:50,52.248324,2
848,729,20.9378565,9511,2021-06-26 18:17:55,52.2397605,1
849,149,20.940369333,9514,2021-06-26 18:17:51,52.246643333,4
850,159,21.085107167,9515,2021-06-26 18:17:50,52.1932315,1
851,159,20.996123333,9519,2021-06-26 18:17:54,52.226128,4
852,159,21.052815333,9520,2021-06-26 18:17:54,52.1968605,5
853,181,20.899889167,9521,2021-06-26 18:17:53,52.297136167,1
854,715,21.017957167,9522,2021-06-26 18:17:50,52.1263335,55
855,181,20.9325145,9524,2021-06-26 18:17:49,52.305946167,4
856,194,20.914695,9525,2021-06-26 18:17:53,52.208107833,1
857,181,20.985402333,9526,2021-06-26 18:17:53,52.269823667,3
858,220,20.895960167,9529,2021-06-26 18:17:52,52.2158725,3
859,717,20.8842475,9530,2021-06-26 18:17:52,52.180880333,2
860,159,21.0296845,9531,2021-06-26 18:17:54,52.224337667,2
861,194,20.930948,9532,2021-06-26 18:17:51,52.225111333,2
862,194,20.912592,9533,2021-06-26 18:17:50,52.2061075,3
863,194,20.865995667,9534,2021-06-26 18:17:53,52.1965565,5
864,220,20.897526667,9535,2021-06-26 18:17:51,52.2210525,1
865,220,20.925079,9537,2021-06-26 18:17:45,52.2607695,4
866,300,21.016949833,9538,2021-06-26 18:17:54,52.164311333,M1
867,149,20.9358885,9539,2021-06-26 18:17:50,52.239786167,3
868,707,21.0113105,9540,2021-06-26 18:17:52,52.0741665,1
869,715,20.943477,9542,2021-06-26 18:17:53,52.175917,53
870,737,20.897787,9543,2021-06-26 18:17:54,52.056387167,54
871,717,20.872330167,9544,2021-06-26 18:17:50,52.1776645,1
872,724,21.102935667,9546,2021-06-26 18:17:14,52.125183,1
873,139,21.081718,9548,2021-06-26 18:17:51,52.166578833,1
874,715,21.030277333,9554,2021-06-26 18:17:52,52.162029833,51
875,149,20.930611,9555,2021-06-26 18:17:52,52.240319833,1
876,159,20.954691,9556,2021-06-26 18:17:50,52.211829167,3
877,220,20.943824333,9557,2021-06-26 18:17:52,52.175990667,2
878,152,21.060497,9673,2021-06-26 18:17:47,52.315063,5
879,152,20.983583,9678,2021-06-26 18:17:52,52.333874,1
880,152,20.952263,9680,2021-06-26 18:17:53,52.316967,2
881,118,21.025154,9681,2021-06-26 18:17:50,52.241547,3
882,212,21.057232,9682,2021-06-26 18:17:47,52.30183,2
883,118,21.015551,9683,2021-06-26 18:17:53,52.219017,4
884,118,21.042679,9685,2021-06-26 18:17:49,52.299274,2
885,152,21.004301,9687,2021-06-26 18:17:52,52.336227,4
886,152,20.955637,9688,2021-06-26 18:17:49,52.316952,3
887,118,21.022856,9689,2021-06-26 18:17:47,52.244919,5
888,212,21.056427,9692,2021-06-26 18:17:53,52.274975,3
889,212,21.053524,9696,2021-06-26 18:17:52,52.281963,1
890,118,21.041412,9697,2021-06-26 18:17:51,52.296207,1
891,212,21.030836,9698,2021-06-26 18:17:50,52.261654,4
892,109,20.918135,9801,2021-06-26 18:17:52,52.23967,1
893,710,21.067696,9802,2021-06-26 18:17:49,52.129288,1
894,525,21.122889,9803,2021-06-26 18:17:47,52.232952,3
895,Z10,20.930799,9804,2021-06-26 18:17:49,52.224972,2
896,109,21.035612,9805,2021-06-26 18:17:52,52.22258,3
897,109,20.953556,9806,2021-06-26 18:17:48,52.227566,5
898,109,20.898838,9807,2021-06-26 18:17:52,52.238495,6
899,127,20.949701,9809,2021-06-26 18:17:48,52.210449,2
900,127,20.895496,9810,2021-06-26 18:17:51,52.208794,1
901,127,21.031235,9811,2021-06-26 18:17:54,52.230217,335
902,131,21.068604,9814,2021-06-26 18:17:48,52.182198,4
903,127,20.941492,9816,2021-06-26 18:17:54,52.204617,56
904,127,21.013203,9817,2021-06-26 18:17:52,52.230003,5
905,131,21.083862,9818,2021-06-26 18:17:52,52.167992,2
906,131,21.003843,9820,2021-06-26 18:17:53,52.229504,6
907,131,21.051723,9821,2021-06-26 18:17:49,52.198505,1
908,525,21.003523,9822,2021-06-26 18:17:49,52.229549,1
909,519,21.052552,9825,2021-06-26 18:07:14,52.184745,6
910,525,21.012285,9826,2021-06-26 18:17:50,52.229504,2
911,710,21.096505,9827,2021-06-26 18:17:48,52.124123,2
912,Z10,20.915037,9828,2021-06-26 18:17:51,52.232941,9
913,525,21.196606,9829,2021-06-26 18:17:49,52.208294,4
914,525,21.19672,9830,2021-06-26 18:17:53,52.207954,5
915,742,21.188663,9833,2021-06-26 18:17:48,52.026508,1
916,710,21.09902,9834,2021-06-26 18:17:49,52.077133,4
917,719,20.606386,9835,2021-06-26 18:17:51,52.259697,1
918,Z10,20.917505,9836,2021-06-26 18:17:46,52.255341,8
919,109,21.023869,9838,2021-06-26 18:17:54,52.229889,4
920,127,21.019455,9839,2021-06-26 18:17:52,52.246254,4
921,109,20.985561,9842,2021-06-26 18:17:50,52.230766,2
922,525,21.08552,9846,2021-06-26 18:17:53,52.236092,319
923,719,20.816677,9849,2021-06-26 18:17:49,52.252346,2
924,719,20.950104,9852,2021-06-26 18:17:51,52.238598,3
925,131,21.022829,9854,2021-06-26 18:17:47,52.211224,3
926,114,21.041538,9901,2021-06-26 18:17:52,52.291782,1
927,114,20.930897,9903,2021-06-26 18:17:53,52.292595,5
928,186,20.958981,9905,2021-06-26 18:17:52,52.266964,5
929,193,20.995377,9906,2021-06-26 18:17:51,52.170193,1
930,114,21.041857,9907,2021-06-26 18:17:53,52.300255,7
931,186,20.991747,9908,2021-06-26 18:17:52,52.300953,1
932,186,20.942204,9909,2021-06-26 18:17:50,52.334118,3
933,186,20.962566,9912,2021-06-26 18:17:53,52.215996,6
934,186,20.956535,9915,2021-06-26 18:17:54,52.239849,9
935,186,20.940609,9916,2021-06-26 18:17:52,52.326008,2
936,190,21.075594,9919,2021-06-26 18:17:50,52.287041,2
937,190,20.914696,9920,2021-06-26 18:17:50,52.235039,5
938,190,21.002054,9921,2021-06-26 18:17:52,52.244858,9
939,190,21.066473,9922,2021-06-26 18:17:54,52.276352,10
940,193,21.045752,9923,2021-06-26 18:17:52,52.164925,2
941,193,21.036987,9925,2021-06-26 18:17:54,52.161968,3
942,114,20.955484,9928,2021-06-26 18:17:50,52.268959,63
943,114,20.984722,9930,2021-06-26 18:17:50,52.268314,2
944,193,21.013916,9933,2021-06-26 18:17:52,52.174206,4
945,190,20.944008,9935,2021-06-26 18:17:51,52.238983,4
946,186,20.971832,9939,2021-06-26 18:17:53,52.20583,8
947,114,20.929459,9940,2021-06-26 18:17:53,52.307919,4
948,114,21.021637,9941,2021-06-26 18:17:54,52.286915,6
949,186,20.971878,9942,2021-06-26 18:17:49,52.321095,4
950,190,20.938791,9946,2021-06-26 18:17:48,52.239674,8
951,190,21.000605,9947,2021-06-26 18:17:50,52.244102,3
952,190,20.898859,9949,2021-06-26 18:17:50,52.238949,6
953,190,20.914707,9951,2021-06-26 18:17:51,52.232216,7
954,190,21.085386,9953,2021-06-26 18:17:50,52.305016,1
955,186,20.96381,9954,2021-06-26 18:17:54,52.207775,67
956,o43A,21.423235,9999,2021-06-25 14:26:34,50.302956,1
