,Lines,Lon,VehicleNumber,Time,Lat,Brigade
0,213,21.1152613,1000,2021-06-25 23:22:58,52.2346205,3
1,213,21.115043,1001,2021-06-25 23:56:49,52.23463,1
2,213,21.102303,1003,2021-06-26 17:39:56,52.22279,1
3,311,21.115233,1004,2021-06-25 21:52:40,52.23458,2
4,196,21.11514,1005,2021-06-25 23:48:58,52.234611,1
5,130,21.11559,1008,2021-06-25 20:19:05,52.234613,04
6,213,21.1551323,1010,2021-06-26 17:40:10,52.2139953,2
7,213,21.1903,1011,2021-06-26 17:40:12,52.1838353,4
8,311,21.1155166,1012,2021-06-25 21:16:38,52.2346153,1
9,213,21.1856748,1015,2021-06-26 17:40:18,52.1561693,3
10,108,21.028631,1020,2021-06-26 17:40:15,52.229916,3
11,218,21.023827,1021,2021-06-26 17:40:15,52.179798,4
12,218,21.0247754,1024,2021-06-26 17:40:16,52.1861692,2
13,192,21.074499,1025,2021-06-26 17:40:16,52.132954,3
14,195,20.9979977,1026,2021-06-25 21:14:18,52.1862374,2
15,163,21.083803,1027,2021-06-26 17:40:16,52.167934,1
16,218,21.002443,1028,2021-06-26 17:40:16,52.179901,3
17,163,21.0538162,1030,2021-06-26 17:40:16,52.1803031,2
18,163,21.0490372,1031,2021-06-26 17:40:15,52.1782326,3
19,108,21.061391,1038,2021-06-26 17:40:10,52.185304,4
20,192,21.0733491,1039,2021-06-26 17:40:15,52.1356672,2
21,204,21.0328933,1040,2021-06-26 17:40:03,52.2989983,1
22,736,20.9920717,1042,2021-06-26 17:40:11,52.38865,1
23,204,21.043091,1043,2021-06-25 22:53:22,52.26632,05
24,204,21.0299267,1044,2021-06-26 17:40:15,52.311395,3
25,107,21.046234,1045,2021-06-25 22:36:50,52.264653,4
26,204,21.042681,1046,2021-06-25 23:57:31,52.266098,1
27,204,21.023193,1047,2021-06-26 17:40:08,52.277241,2
28,228,20.921443,1050,2021-06-25 23:41:52,52.196853,2
29,328,20.921189,1051,2021-06-25 22:30:10,52.196913,01
30,129,20.9165883,1052,2021-06-26 17:40:07,52.2202083,2
31,129,20.88308,1053,2021-06-26 17:40:14,52.1955233,3
32,129,20.9157417,1055,2021-06-26 17:40:14,52.22918,4
33,129,20.9392717,1057,2021-06-26 17:40:12,52.2458983,1
34,119,21.205603,1061,2021-06-26 17:40:15,52.209976,4
35,119,21.059174,1062,2021-06-26 17:40:16,52.20126,5
36,192,21.032724,1064,2021-06-26 17:40:16,52.149704,1
37,192,21.0242926,1069,2021-06-26 17:40:16,52.179854,52
38,108,21.042625,1070,2021-06-26 17:40:15,52.17569,1
39,108,21.0587702,1074,2021-06-26 17:40:15,52.2128659,2
40,218,21.006388,1076,2021-06-26 17:40:17,52.188988,1
41,192,21.031828,1079,2021-06-26 17:40:16,52.14967,4
42,173,21.0426228,1101,2021-06-26 00:28:34,52.2664063,2
43,240,21.0006075,1109,2021-06-26 17:40:15,52.2912936,2
44,173,21.048266,1110,2021-06-25 19:53:25,52.264265,3
45,170,21.0807745,1111,2021-06-26 17:40:12,52.2776766,2
46,110,20.8765365,1112,2021-06-26 17:40:11,52.2872796,51
47,126,21.046033,1113,2021-06-25 23:08:32,52.264159,4
48,338,21.046365,1116,2021-06-25 19:40:36,52.2645706,05
49,170,21.0352925,1117,2021-06-26 17:40:18,52.2545446,4
50,727,21.024206,1200,2021-06-26 17:40:16,52.179859,65
51,739,21.053247,1201,2021-06-26 17:40:15,52.0981049,64
52,166,21.030365,1203,2021-06-26 17:40:16,52.207241,1
53,727,21.0280689,1205,2021-06-26 17:40:15,52.0678814,68
54,727,21.0240729,1208,2021-06-26 17:40:15,52.1799589,62
55,141,21.112804,1211,2021-06-26 17:40:15,52.236256,2
56,727,21.0185319,1213,2021-06-26 17:40:16,52.1160364,66
57,166,21.027061,1214,2021-06-26 17:40:15,52.259956,3
58,727,20.963848,1216,2021-06-26 17:40:15,52.0347201,67
59,739,21.0518907,1218,2021-06-26 17:40:16,52.0946705,63
60,166,21.065578,1219,2021-06-26 17:40:15,52.142761,8
61,166,21.06827,1220,2021-06-26 17:40:16,52.129227,7
62,727,21.018084,1223,2021-06-26 17:40:15,52.121334,61
63,240,21.0483353,1400,2021-06-26 00:03:19,52.2641493,1
64,170,21.0347255,1401,2021-06-26 17:40:09,52.2583376,3
65,170,21.0454971,1403,2021-06-25 21:36:41,52.2652081,3
66,240,21.043604,1408,2021-06-25 23:31:26,52.266069,4
67,146,21.204603,1411,2021-06-26 17:40:15,52.15947,58
68,173,21.262568,1412,2021-06-26 17:40:15,52.244061,3
69,730,21.250338,1413,2021-06-26 17:40:16,52.2009839,61
70,146,21.133747,1417,2021-06-26 17:40:15,52.183086,57
71,199,21.052805,1418,2021-06-26 17:40:15,52.276463,3
72,147,21.2160901,1419,2021-06-26 17:40:15,52.2131072,53
73,183,21.0889107,1422,2021-06-26 17:40:16,52.2448557,3
74,147,21.172537,1425,2021-06-26 17:40:16,52.205688,54
75,147,21.050524,1426,2021-06-26 17:40:16,52.237713,55
76,146,21.1189919,1427,2021-06-26 17:40:16,52.1983199,59
77,119,21.000357,1429,2021-06-26 17:40:16,52.206093,1
78,L11,20.715048,14422,2021-06-26 17:40:18,52.430386,2
79,L10,20.945208,14423,2021-06-26 14:34:04,52.437897,M4
80,L11,20.723183,14424,2021-06-25 20:30:06,52.424343,51
81,L-9,20.943777,14426,2021-06-26 17:40:15,52.399025,3
82,L11,20.948269,14427,2021-06-26 17:40:12,52.468937,1
83,L34,20.863514,14429,2021-06-26 17:40:13,52.441441,1
84,L10,20.945269,14430,2021-06-26 16:19:41,52.437912,M5
85,L34,20.945213,14431,2021-06-25 19:23:11,52.437866,2
86,L41,20.767937,14432,2021-06-26 17:40:15,52.412693,1
87,L33,20.945353,14434,2021-06-25 23:24:58,52.438198,1
88,L49,20.894257,14436,2021-06-26 17:40:12,52.417233,1
89,L-8,21.215178,14438,2021-06-26 17:39:52,52.430855,1
90,L-9,20.949566,14440,2021-06-25 23:13:11,52.471237,055
91,338,21.045604,1500,2021-06-25 19:27:18,52.264496,03
92,106,21.0260513,1508,2021-06-26 17:40:10,52.2373146,5
93,735,21.0117941,1509,2021-06-26 17:40:11,52.4538405,M4
94,240,21.0863636,1510,2021-06-26 17:39:59,52.3216343,4
95,110,20.951135,1513,2021-06-26 17:39:58,52.276613,52
96,147,21.044424,1514,2021-06-25 19:54:57,52.2648745,06
97,115,21.213375,1521,2021-06-26 17:40:10,52.1613783,4
98,115,21.2421467,1523,2021-06-26 17:40:13,52.1699367,3
99,702,21.1542667,1524,2021-06-26 17:40:15,52.1731383,2
100,183,21.115313,1526,2021-06-26 00:16:52,52.233074,4
101,N16,21.116845,1527,2021-06-26 05:37:31,52.233048,2
102,N44,21.117096,1528,2021-06-26 05:37:25,52.233049,207
103,702,21.2569367,1531,2021-06-26 17:40:04,52.100075,1
104,202,21.117885,1532,2021-06-26 17:40:02,52.24424,2
105,141,20.9441083,1533,2021-06-26 17:40:07,52.1754517,6
106,119,21.1328483,1535,2021-06-26 17:40:04,52.2137317,3
107,156,20.9281983,1537,2021-06-26 17:40:10,52.29069,2
108,132,20.978965,1538,2021-06-26 17:40:10,52.2796533,55
109,120,21.03551,1539,2021-06-26 17:40:14,52.2543833,1
110,156,21.0521317,1540,2021-06-26 17:40:14,52.25301,5
111,166,21.0521217,1542,2021-06-26 17:40:04,52.2380117,4
112,221,20.9667367,1543,2021-06-26 17:40:05,52.2570967,2
113,N03,21.044968,1545,2021-06-26 05:08:35,52.264589,2
114,156,21.0648617,1546,2021-06-26 17:40:16,52.2614767,4
115,512,21.049656,1548,2021-06-26 17:40:07,52.286043,1
116,120,21.0508767,1549,2021-06-26 17:40:08,52.25252,2
117,166,21.06244,1550,2021-06-26 17:40:07,52.1412267,6
118,120,21.037375,1551,2021-06-26 17:40:09,52.355745,6
119,156,20.9765717,1552,2021-06-26 17:40:07,52.2789233,3
120,L35,21.333004,17455,2021-06-26 17:40:14,52.363609,51
121,L40,21.139252,17458,2021-06-26 17:40:18,52.363758,1
122,L43,21.077759,17461,2021-06-26 08:32:11,52.26762,51
123,L43,21.119612,17462,2021-06-26 17:40:02,52.289501,52
124,L45,21.175264,17464,2021-06-26 17:40:15,52.310822,1
125,L37,21.176323,17466,2021-06-25 22:21:40,52.312318,2
126,L38,21.25036,17467,2021-06-26 17:40:14,52.356865,51
127,240,21.0665563,1802,2021-06-26 17:40:11,52.3202813,3
128,N12,21.045453,1803,2021-06-26 04:33:33,52.264459,128
129,132,20.9680735,1804,2021-06-26 17:40:11,52.2741045,53
130,132,21.068277,1805,2021-06-26 17:40:12,52.3238396,54
131,122,20.8986738,1807,2021-06-26 17:40:10,52.2386695,6
132,106,21.0435196,1808,2021-06-26 06:30:45,52.2662013,4
133,N11,21.0454075,1809,2021-06-26 05:42:59,52.264945,122
134,106,21.0129906,1810,2021-06-26 17:40:09,52.2364583,2
135,106,21.020543,1811,2021-06-26 17:40:13,52.243121,1
136,106,20.9650026,1812,2021-06-26 17:40:12,52.2409213,3
137,170,21.093793,1814,2021-06-26 17:40:01,52.271034,1
138,122,20.9762463,1815,2021-06-26 17:40:15,52.2898761,3
139,N12,21.046083,1816,2021-06-26 05:05:03,52.264528,210
140,173,21.042571,1818,2021-06-25 23:48:59,52.2664061,10
141,173,21.2432666,1821,2021-06-26 17:40:09,52.222764,2
142,115,21.1715325,1826,2021-06-26 17:40:12,52.2097826,2
143,147,21.0915576,1828,2021-06-26 17:40:15,52.2226438,52
144,146,21.0523076,1829,2021-06-26 17:40:11,52.2502733,51
145,183,21.1061776,1830,2021-06-26 17:40:14,52.2415816,1
146,119,21.1165895,1832,2021-06-25 22:22:16,52.2331471,06
147,183,21.1917653,1833,2021-06-26 17:40:13,52.2387658,2
148,173,21.0962395,1835,2021-06-26 17:40:09,52.2435365,4
149,115,21.1702836,1837,2021-06-26 17:40:07,52.2771211,1
150,168,20.9954438,1838,2021-06-26 17:40:12,52.1914785,1
151,115,21.1858375,1839,2021-06-26 17:40:11,52.2466083,5
152,147,21.1172291,1840,2021-06-25 21:35:22,52.2330755,09
153,142,21.1168673,1842,2021-06-25 20:08:52,52.2330963,08
154,168,21.091176,1843,2021-06-26 17:40:14,52.222104,3
155,173,21.1167918,1844,2021-06-25 23:53:58,52.233165,8
156,168,21.112691,1846,2021-06-26 17:40:07,52.236268,4
157,722,21.088501,1847,2021-06-26 17:40:09,52.244897,62
158,198,21.1158643,1848,2021-06-25 20:42:24,52.2333196,2
159,198,21.2388601,1849,2021-06-26 17:40:11,52.2161405,1
160,183,21.115764,1850,2021-06-25 21:22:25,52.233265,3
161,183,21.1154913,1851,2021-06-26 00:18:45,52.2331743,07
162,198,21.2237498,1854,2021-06-26 17:40:11,52.253771,2
163,146,21.115132,1856,2021-06-26 00:38:41,52.233222,4
164,115,21.115681,1857,2021-06-26 00:02:26,52.2331425,5
165,146,21.1166211,1858,2021-06-25 20:46:49,52.2331278,07
166,198,21.1172503,1859,2021-06-25 19:30:46,52.2330405,05
167,115,21.1153055,1860,2021-06-26 00:28:39,52.2332403,6
168,173,21.0527181,1866,2021-06-26 17:40:14,52.2503148,5
169,173,21.1289888,1867,2021-06-26 17:40:10,52.235964,1
170,115,21.1165116,1869,2021-06-25 23:18:40,52.2330776,3
171,222,21.0169693,1901,2021-06-26 17:40:15,52.2134501,3
172,251,21.121609,1909,2021-06-26 17:40:07,52.0950719,3
173,222,20.9957579,1910,2021-06-26 17:40:15,52.1932783,2
174,222,21.024397,1911,2021-06-26 17:40:15,52.19548,1
175,251,21.023308,1912,2021-06-26 17:40:16,52.179703,2
176,222,21.0132619,1916,2021-06-26 17:40:16,52.2425205,5
177,251,21.135302,1919,2021-06-26 17:40:15,52.09742,1
178,222,21.0075979,1920,2021-06-26 17:40:16,52.2365204,4
179,178,20.935419,1995,2021-06-26 17:40:16,52.201347,2
180,178,21.005365,1996,2021-06-26 17:40:16,52.249218,1
181,178,21.004019,1997,2021-06-26 17:40:16,52.255322,5
182,178,20.883472,1998,2021-06-26 17:40:15,52.195324,3
183,178,20.9669667,1999,2021-06-26 17:40:14,52.2287102,4
184,171,20.924944,2009,2021-06-26 17:40:16,52.272583,1
185,189,20.9572862,2015,2021-06-26 17:40:15,52.1906054,9
186,187,21.0608954,2016,2021-06-26 17:40:16,52.1848424,5
187,709,21.0224086,2021,2021-06-26 17:40:15,52.0833386,5
188,Z26,20.974504,2022,2021-06-26 17:40:16,52.235542,4
189,172,20.9561014,2024,2021-06-26 17:40:15,52.2118804,63
190,217,21.024151,2026,2021-06-26 17:40:16,52.1796177,3
191,519,21.0952394,2027,2021-06-26 17:40:16,52.1441075,3
192,172,20.955175,2028,2021-06-26 17:40:15,52.211929,1
193,189,20.926951,2029,2021-06-26 17:40:15,52.1961561,8
194,Z26,21.0353112,2030,2021-06-26 17:40:15,52.255868,7
195,522,21.033058,2032,2021-06-26 17:40:15,52.204132,3
196,174,21.0118512,2035,2021-06-26 17:40:15,52.1998382,2
197,709,21.017605,2038,2021-06-26 17:40:16,52.066948,6
198,709,21.01871,2039,2021-06-26 17:40:16,52.0970287,1
199,709,21.0173991,2040,2021-06-26 17:40:16,52.1525686,2
200,709,21.024353,2041,2021-06-26 17:40:15,52.179897,3
201,709,21.0180379,2042,2021-06-26 17:40:16,52.136154,4
202,517,20.8954021,2200,2021-06-26 17:40:15,52.1934662,1
203,N35,20.921913,2206,2021-06-26 06:01:56,52.1961371,237
204,184,20.927393,2210,2021-06-26 17:40:12,52.291031,3
205,191,20.9687924,2213,2021-06-26 17:40:16,52.2137382,1
206,189,20.896807,2227,2021-06-26 17:40:16,52.230026,4
207,105,20.922151,2236,2021-06-26 00:04:20,52.196038,4
208,189,21.027025,2237,2021-06-26 17:40:15,52.173355,14
209,124,20.944044,2240,2021-06-26 17:40:16,52.175392,2
210,105,20.952641,2247,2021-06-26 17:40:12,52.227654,5
211,141,20.921326,2253,2021-06-25 18:30:50,52.197259,014
212,401,20.920378,2254,2021-06-25 19:44:39,52.196613,012
213,191,20.870321,2258,2021-06-26 17:40:11,52.183571,3
214,L20,21.471462,24511,2021-06-25 23:35:10,52.132233,1
215,L20,21.471769,24513,2021-06-26 15:05:20,52.132652,1
216,L20,21.259794,24515,2021-06-26 17:40:14,52.10778,1
217,162,21.0275073,3400,2021-06-26 17:40:12,52.2597936,5
218,185,20.9757196,3401,2021-06-26 17:40:12,52.2897143,6
219,723,20.9264188,3403,2021-06-26 17:40:13,52.3967573,3
220,735,20.9675835,3404,2021-06-26 17:40:11,52.2716915,63
221,731,20.977318,3405,2021-06-26 17:40:10,52.313298,3
222,414,21.047923,3406,2021-06-25 20:26:01,52.264541,07
223,731,20.9256708,3407,2021-06-26 17:40:12,52.4214941,1
224,738,21.0485045,3408,2021-06-26 01:02:31,52.264437,1
225,414,21.0468988,3409,2021-06-25 20:46:35,52.2649078,08
226,126,20.9408858,3410,2021-06-26 17:40:11,52.3283018,2
227,169,21.04371,3411,2021-06-25 21:40:49,52.265391,1
228,140,21.1024753,3413,2021-06-26 17:40:14,52.319927,1
229,509,20.942218,3414,2021-06-26 17:40:15,52.3344951,2
230,114,21.0478216,3415,2021-06-25 23:08:38,52.2646596,5
231,723,21.0454035,3417,2021-06-25 21:48:49,52.2654235,1
232,145,21.1266083,3421,2021-06-26 17:40:09,52.259869,7
233,509,21.1023761,3422,2021-06-26 17:40:14,52.2219006,355
234,Z26,21.028252,3423,2021-06-26 17:40:15,52.2519778,1
235,169,21.0477433,3429,2021-06-25 23:04:14,52.2646666,3
236,126,21.0482015,3430,2021-06-26 17:40:12,52.2876726,4
237,114,21.04857,3434,2021-06-26 00:33:00,52.264513,2
238,518,21.0478431,3437,2021-06-25 23:46:13,52.264609,6
239,705,21.126968,3438,2021-06-26 17:40:06,52.481293,66
240,738,21.0526656,3440,2021-06-26 17:39:56,52.2766228,2
241,114,21.0428833,3441,2021-06-25 23:51:31,52.2659116,7
242,140,21.0761023,3444,2021-06-26 17:40:11,52.2877813,2
243,509,21.0289348,3446,2021-06-26 17:40:14,52.2566768,4
244,731,20.9522933,3447,2021-06-26 17:40:15,52.3430366,2
245,126,20.9774788,3448,2021-06-26 17:40:09,52.3131245,1
246,518,21.043485,3449,2021-06-25 21:30:55,52.265478,7
247,126,21.0044781,3450,2021-06-26 17:40:08,52.3098956,3
248,126,21.0567633,3451,2021-06-26 17:40:15,52.3018371,M5
249,705,20.9681546,3454,2021-06-26 17:40:13,52.271959,62
250,145,21.0480046,3455,2021-06-26 17:40:16,52.2866891,6
251,Z26,20.9749225,3456,2021-06-26 17:40:12,52.2354866,5
252,169,21.043935,3457,2021-06-25 23:56:08,52.265611,5
253,509,21.0605815,3458,2021-06-26 17:40:14,52.2328671,5
254,Z26,21.027568,3459,2021-06-26 17:39:59,52.251555,6
255,738,21.179674,3461,2021-06-26 17:40:15,52.399878,3
256,731,21.04776,3463,2021-06-26 00:40:56,52.264114,5
257,735,21.0444471,3464,2021-06-25 23:05:19,52.2656713,64
258,723,21.0441993,3466,2021-06-26 00:00:11,52.265954,2
259,738,21.1299365,3469,2021-06-26 17:40:13,52.3530076,1
260,L19,21.034472,36443,2021-06-26 17:31:57,52.083504,51
261,L17,20.899836,36444,2021-06-26 13:08:02,51.912342,51
262,L25,21.217554,36448,2021-06-26 17:40:12,51.981644,1
263,L39,21.002771,38541,2021-06-26 17:40:15,52.110111,4
264,L39,21.021582,38545,2021-06-26 17:40:17,52.079823,3
265,L52,21.024174,38546,2021-06-26 17:40:15,52.068527,51
266,L39,21.018749,38547,2021-06-26 17:40:16,52.106133,1
267,L39,21.012165,38548,2021-06-26 17:40:16,52.076328,2
268,L23,21.05768,38549,2021-06-26 17:39:38,52.076286,51
269,L-5,21.029518,39551,2021-06-26 17:40:15,52.074852,62
270,L-2,21.034941,39552,2021-06-25 19:11:52,52.083633,063
271,L25,21.191267,39555,2021-06-25 23:37:02,51.987377,1
272,L13,21.040367,39556,2021-06-26 17:40:14,52.026592,63
273,L-5,20.965981,39558,2021-06-26 17:40:17,52.060913,61
274,L-2,20.988071,39559,2021-06-26 17:40:15,52.048756,1
275,L13,21.217253,39561,2021-06-25 20:05:15,51.98262,03
276,L12,21.029484,39562,2021-06-26 17:40:13,52.074913,1
277,L12,21.034851,39565,2021-06-26 12:57:20,52.083328,1
278,197,20.9766839,4200,2021-06-26 17:40:16,52.2871401,3
279,721,20.872828,4201,2021-06-26 17:40:15,52.068062,75
280,711,20.80442,4205,2021-06-26 17:40:15,52.09243,1
281,122,20.918039,4206,2021-06-26 17:40:15,52.262115,1
282,141,21.0458549,4208,2021-06-26 17:40:15,52.2162405,9
283,197,20.937836,4213,2021-06-26 17:40:16,52.251709,4
284,154,20.898462,4214,2021-06-26 17:40:15,52.258316,6
285,141,20.9827919,4216,2021-06-26 17:40:16,52.1947376,5
286,154,20.943918,4217,2021-06-26 17:40:16,52.175213,2
287,154,20.967989,4218,2021-06-26 17:40:14,52.201012,1
288,255,20.969618,4219,2021-06-26 17:40:16,52.22868,1
289,714,20.9501091,4220,2021-06-26 17:40:15,52.2385987,1
290,255,20.9346072,4224,2021-06-26 17:40:16,52.2217875,2
291,714,20.815903,4226,2021-06-26 17:40:16,52.253437,2
292,122,20.983665,4227,2021-06-26 17:40:15,52.272003,2
293,154,20.9424134,4231,2021-06-26 17:40:16,52.2271304,4
294,141,20.9580104,4232,2021-06-26 17:40:16,52.1903216,7
295,197,20.915707,4233,2021-06-26 17:40:15,52.219795,5
296,L-1,20.89243,42361,2021-06-26 14:43:02,52.090702,1
297,154,20.8983774,4238,2021-06-26 17:40:16,52.2519482,5
298,141,21.082371,4240,2021-06-26 17:40:16,52.2402336,3
299,122,20.9452724,4241,2021-06-26 17:40:15,52.2657474,4
300,122,20.9108919,4242,2021-06-26 17:40:16,52.2533347,5
301,197,20.9487969,4243,2021-06-26 17:40:16,52.27683,2
302,901,21.010897,4244,2021-06-26 17:40:15,52.231224,1
303,901,21.017069,4246,2021-06-26 17:40:15,52.230984,3
304,154,20.96545,4247,2021-06-26 17:40:15,52.195114,3
305,154,20.940046,4248,2021-06-26 17:40:15,52.236362,7
306,L-1,20.93656,42498,2021-06-23 19:45:16,52.08992,2
307,L-3,21.01593,42500,2021-06-26 17:40:14,52.0816,1
308,146,21.0448319,4305,2021-06-26 17:40:16,52.2484954,56
309,202,21.0419922,4307,2021-06-26 17:40:17,52.2420827,1
310,119,21.0334601,4311,2021-06-26 17:40:16,52.2040205,2
311,105,16.9750897,4332,2021-06-26 13:35:37,52.5472771,4
312,512,21.0522157,4400,2021-06-26 17:40:16,52.2528949,4
313,197,20.8625572,4402,2021-06-26 17:40:14,52.1902352,6
314,221,20.994017,4404,2021-06-26 17:40:16,52.2594505,1
315,120,21.061174,4405,2021-06-26 17:40:15,52.307529,4
316,156,21.0231656,4406,2021-06-26 17:40:15,52.2862052,1
317,N02,21.044418,4407,2021-06-26 06:46:43,52.265051,3
318,240,21.000879,4408,2021-06-26 17:40:15,52.291466,1
319,197,20.9425325,4409,2021-06-26 17:40:15,52.2274017,1
320,197,20.86396,4410,2021-06-26 17:40:15,52.190662,7
321,120,21.049418,4411,2021-06-26 17:40:13,52.290138,7
322,106,20.9683654,4412,2021-06-26 17:40:16,52.2288352,4
323,152,21.04444,4413,2021-06-25 20:19:00,52.265066,06
324,N16,21.045311,4415,2021-06-26 05:39:26,52.264876,1
325,120,21.045601,4417,2021-06-26 13:08:26,52.264446,1
326,199,21.0444199,4418,2021-06-25 20:09:09,52.264953,2
327,901,21.003872,4420,2021-06-26 17:40:15,52.229549,2
328,166,21.0378816,4421,2021-06-26 17:40:15,52.1993137,5
329,N03,21.0459804,4422,2021-06-26 05:41:10,52.2641299,1
330,166,21.041815,4423,2021-06-26 17:40:14,52.236141,2
331,901,21.0432836,4424,2021-06-26 17:40:15,52.2229279,4
332,512,21.068951,4425,2021-06-26 17:40:12,52.291275,2
333,120,21.0544175,4428,2021-06-26 17:40:16,52.2692142,3
334,512,21.0356375,4429,2021-06-26 17:40:16,52.2542094,3
335,120,21.053907,4431,2021-06-26 17:40:16,52.361279,5
336,512,21.062828,4434,2021-06-26 17:40:15,52.27182,5
337,100,21.0101156,4617,2021-06-26 17:40:09,52.231902,M1
338,184,20.9637921,5205,2021-06-26 17:40:16,52.2082184,6
339,189,20.9589351,5206,2021-06-26 17:40:09,52.189748,2
340,105,20.9408516,5208,2021-06-26 17:40:08,52.2258385,1
341,188,21.0263753,5209,2021-06-26 17:40:14,52.2197503,3
342,105,20.8962229,5210,2021-06-26 17:40:09,52.23905,2
343,172,21.035536,5211,2021-06-26 17:40:09,52.201551,4
344,189,21.0473799,5212,2021-06-26 17:40:07,52.1776735,11
345,105,20.898926,5214,2021-06-26 17:40:12,52.2388113,3
346,189,21.060745,5215,2021-06-26 17:40:03,52.184869,13
347,716,20.9306786,5216,2021-06-26 17:40:13,52.2250492,1
348,172,20.9812242,5217,2021-06-26 17:40:14,52.201713,2
349,523,21.1068699,5221,2021-06-26 17:40:13,52.2481114,3
350,517,20.982313,5222,2021-06-26 17:39:57,52.217813,2
351,523,20.9630486,5223,2021-06-26 17:40:15,52.2172617,1
352,171,20.914719,5224,2021-06-26 17:40:10,52.2392139,3
353,105,20.8973638,5225,2021-06-26 17:40:14,52.2245251,4
354,210,20.9296398,5228,2021-06-26 17:40:13,52.2856001,3
355,187,20.8743126,5229,2021-06-26 17:40:12,52.1952508,1
356,171,21.0070905,5232,2021-06-26 17:40:04,52.2379695,4
357,136,21.049376,5234,2021-06-26 17:39:59,52.147258,5
358,184,20.9515773,5235,2021-06-26 17:40:12,52.2275896,1
359,517,20.907611,5236,2021-06-26 17:40:07,52.1923794,5
360,Z10,20.9123771,5237,2021-06-26 17:40:15,52.2437699,3
361,171,20.9203662,5238,2021-06-26 17:40:13,52.2570429,2
362,171,21.017215,5240,2021-06-26 17:40:12,52.217281,5
363,191,20.9096974,5241,2021-06-26 17:40:16,52.1942911,2
364,148,20.9799027,5242,2021-06-26 17:40:09,52.1682957,4
365,190,20.920664,5245,2021-06-25 20:12:48,52.196575,016
366,523,21.0854174,5253,2021-06-26 17:40:15,52.2446133,5
367,141,20.9224014,5255,2021-06-26 00:37:46,52.1970728,4
368,182,20.92243,5256,2021-06-25 19:09:29,52.1956758,011
369,188,20.977779,5257,2021-06-26 17:40:03,52.18108,52
370,187,20.8626187,5258,2021-06-26 17:40:12,52.1902121,2
371,184,20.9497953,5260,2021-06-26 17:40:12,52.2303643,5
372,N46,21.047172,5403,2021-06-26 06:04:29,52.2647932,150
373,500,21.026707,5404,2021-06-26 17:40:15,52.265575,52
374,169,21.0417704,5406,2021-06-26 17:40:08,52.3000947,5
375,705,21.028624,5407,2021-06-26 17:40:16,52.359207,65
376,160,21.046013,5410,2021-06-26 17:40:15,52.272484,M5
377,500,21.0469997,5412,2021-06-26 17:40:15,52.2832699,54
378,160,20.998343,5413,2021-06-26 17:40:15,52.233849,M2
379,500,21.041983,5419,2021-06-26 17:40:16,52.300365,M56
380,169,21.047201,5422,2021-06-26 17:40:15,52.263756,2
381,527,21.068361,5425,2021-06-26 17:40:15,52.323624,3
382,162,21.0336902,5426,2021-06-26 17:40:16,52.22714,1
383,162,21.084942,5428,2021-06-26 17:40:16,52.193172,2
384,185,21.048325,5429,2021-06-26 17:40:16,52.208405,8
385,112,21.080545,5430,2021-06-26 17:40:15,52.305641,3
386,145,21.023386,5432,2021-06-26 17:40:16,52.286243,4
387,409,20.945501,5433,2021-06-26 17:40:15,52.266006,57
388,112,20.882776,5434,2021-06-26 17:40:16,52.2146797,9
389,169,21.051821,5435,2021-06-26 17:40:16,52.252892,3
390,527,21.052145,5436,2021-06-26 17:40:15,52.292931,2
391,409,20.9835589,5437,2021-06-26 17:40:16,52.2549522,53
392,160,21.0604487,5438,2021-06-26 17:40:16,52.3130915,7
393,112,21.033464,5439,2021-06-26 17:40:15,52.296719,12
394,500,21.0417582,5441,2021-06-26 17:40:16,52.3003359,55
395,160,20.9948607,5443,2021-06-26 17:40:15,52.2421804,4
396,520,21.156063,5445,2021-06-26 17:40:10,52.240406,4
397,511,20.9730669,5448,2021-06-26 17:40:15,52.3157052,1
398,160,21.058893,5449,2021-06-26 17:40:15,52.266602,1
399,527,21.0500901,5453,2021-06-26 17:40:16,52.2905987,1
400,160,21.0030817,5454,2021-06-26 17:40:15,52.2294217,3
401,723,20.945429,5455,2021-06-26 17:40:16,52.350704,2
402,511,20.942099,5459,2021-06-26 17:40:16,52.348125,2
403,185,21.0407527,5460,2021-06-26 17:40:16,52.1594326,3
404,180,20.977051,5870,2021-06-26 17:40:15,52.244801,7
405,503,21.013088,5871,2021-06-26 17:40:16,52.242008,3
406,503,21.002529,5873,2021-06-26 17:40:16,52.254826,5
407,503,21.025257,5875,2021-06-26 17:40:13,52.219734,7
408,180,21.010483,5876,2021-06-26 17:40:15,52.232101,62
409,175,21.012789,5880,2021-06-26 17:40:16,52.243179,55
410,175,20.97806,5881,2021-06-26 17:40:14,52.169502,52
411,175,20.978188,5882,2021-06-26 17:40:16,52.169456,53
412,175,21.010977,5884,2021-06-26 17:40:12,52.229603,51
413,175,20.975136,5886,2021-06-26 17:40:15,52.168213,52
414,128,20.983616,5887,2021-06-26 17:40:12,52.198471,64
415,128,20.97578,5889,2021-06-26 17:40:12,52.204247,59
416,180,21.083893,5890,2021-06-26 17:40:13,52.167801,3
417,180,20.982235,5891,2021-06-26 17:40:17,52.245373,11
418,180,21.011349,5892,2021-06-26 17:40:13,52.229847,5
419,128,21.007414,5895,2021-06-26 17:40:16,52.236824,60
420,128,20.998121,5897,2021-06-25 23:36:40,52.187019,51
421,503,21.002352,5898,2021-06-26 17:40:12,52.254738,4
422,111,21.061693,5900,2021-06-26 17:40:15,52.232452,4
423,158,20.98848,5902,2021-06-26 17:40:14,52.224224,5
424,128,20.963753,5904,2021-06-26 17:40:14,52.207703,58
425,116,20.945719,5905,2021-06-26 17:40:17,52.277256,69
426,158,21.117008,5907,2021-06-25 21:44:36,52.233902,5
427,175,21.116972,5908,2021-06-25 19:38:19,52.233955,068
428,116,21.116823,5910,2021-06-26 00:07:33,52.233971,17
429,158,20.955849,5913,2021-06-26 17:40:12,52.21452,6
430,158,21.085382,5915,2021-06-26 17:40:17,52.238392,3
431,111,21.000029,5920,2021-06-26 17:40:16,52.245445,6
432,116,21.016687,5921,2021-06-26 17:40:13,52.230804,5
433,111,21.107388,5922,2021-06-26 07:42:12,52.233645, 
434,111,21.116245,5926,2021-06-26 00:24:55,52.234005,5
435,111,21.102219,5927,2021-06-26 17:40:13,52.222176,3
436,111,21.010942,5931,2021-06-26 17:40:15,52.239487,8
437,128,21.012953,5932,2021-06-26 17:40:16,52.243183,61
438,158,21.0500732,5933,2021-06-26 17:40:16,52.2380106,1
439,158,21.08033,5934,2021-06-26 17:40:15,52.23933,4
440,503,21.115843,5935,2021-06-26 00:31:56,52.233995,013
441,116,21.022408,5936,2021-06-26 17:40:15,52.228382,4
442,503,21.0348676,5937,2021-06-26 17:40:12,52.2020839,1
443,128,21.010902,5939,2021-06-26 17:40:14,52.231606,56
444,116,21.05872,5940,2021-06-26 17:40:15,52.178852,3
445,175,21.115613,5941,2021-06-25 21:43:06,52.234041,63
446,116,20.942402,5942,2021-06-26 17:40:13,52.277576,7
447,503,21.049892,5943,2021-06-26 17:40:13,52.144634,9
448,158,21.1178737,5946,2021-06-26 17:40:16,52.2334202, 
449,175,20.989408,5947,2021-06-26 17:40:11,52.224068,54
450,116,20.942156,5948,2021-06-26 17:40:15,52.266411,56
451,518,21.0118039,5950,2021-06-26 17:40:14,52.2436374,2
452,503,21.025948,5954,2021-06-26 17:40:12,52.216518,2
453,503,21.03455,5956,2021-06-26 17:40:14,52.166225,8
454,E-9,21.045723,5962,2021-06-25 20:17:53,52.265643,06
455,180,20.946403,5964,2021-06-26 17:40:14,52.268353,10
456,723,21.047304,5966,2021-06-25 18:56:33,52.265156,07
457,180,21.030529,5967,2021-06-26 17:40:14,52.207203,4
458,180,21.031128,5968,2021-06-26 17:40:15,52.2071,1
459,116,20.924932,5969,2021-06-26 17:40:12,52.272293,8
460,518,20.936934,5976,2021-06-26 17:40:14,52.326599,6
461,518,21.023512,5978,2021-06-26 17:40:14,52.228283,3
462,518,20.976887,5979,2021-06-26 17:40:14,52.279053,5
463,518,20.961096,5980,2021-06-26 17:40:16,52.314571,7
464,518,21.010357,5981,2021-06-26 17:40:13,52.244736,4
465,503,21.008497,5983,2021-06-26 17:40:16,52.235649,6
466,111,21.011017,5984,2021-06-26 17:40:16,52.230965,5
467,111,20.979469,5985,2021-06-26 17:40:14,52.244442,7
468,111,21.09926,5986,2021-06-26 17:40:13,52.226547,2
469,180,20.925005,5987,2021-06-26 17:40:16,52.272404,9
470,180,21.011063,5988,2021-06-26 17:40:13,52.245213,6
471,180,21.079237,5990,2021-06-26 17:40:15,52.173901,2
472,180,20.926577,5991,2021-06-26 17:40:16,52.27211,58
473,518,20.97938,5994,2021-06-26 17:40:12,52.311234,1
474,116,21.083071,5995,2021-06-26 17:40:16,52.166504,2
475,116,21.04656,5996,2021-06-26 17:40:16,52.190716,1
476,116,21.015823,5997,2021-06-26 17:40:17,52.230892,11
477,116,21.000259,5998,2021-06-26 17:40:16,52.253448,10
478,111,21.055792,5999,2021-06-26 17:40:16,52.238522,1
479,167,20.928123,6201,2021-06-26 17:40:16,52.233967,2
480,713,20.869909,6203,2021-06-26 17:40:14,52.216549,1
481,713,20.8422929,6204,2021-06-26 17:40:15,52.2146947,2
482,112,20.914034,6207,2021-06-26 17:40:15,52.252399,6
483,112,21.052031,6208,2021-06-26 17:40:13,52.292614,1
484,112,20.9338364,6210,2021-06-26 17:40:16,52.2712005,M11
485,112,20.883108,6212,2021-06-26 17:40:16,52.214718,8
486,136,20.9600194,6213,2021-06-26 17:40:15,52.2377612,10
487,187,20.9101987,6214,2021-06-26 17:40:15,52.1952989,3
488,210,20.76738,6220,2021-06-26 17:40:16,52.307789,1
489,187,21.005905,6222,2021-06-26 17:40:16,52.217262,4
490,189,21.0252887,6223,2021-06-26 17:40:16,52.1734614,10
491,187,20.9223509,6226,2021-06-26 17:40:15,52.1976639,8
492,191,20.9845294,6227,2021-06-26 17:40:15,52.2196279,6
493,136,21.021152,6236,2021-06-26 17:40:15,52.158619,7
494,716,20.831352,6239,2021-06-26 17:40:16,52.193066,3
495,184,20.924191,6241,2021-06-26 17:40:15,52.260735,4
496,703,20.930237,6242,2021-06-26 17:40:15,52.163643,74
497,706,20.908524,6243,2021-06-26 17:40:16,52.1439244,1
498,L29,20.568684,65471,2021-06-26 17:40:06,52.256256,1
499,112,20.896343,7200,2021-06-26 17:40:15,52.218014,7
500,124,20.965027,7201,2021-06-26 17:40:15,52.151714,1
501,Z10,20.930763,7202,2021-06-26 17:40:15,52.224976,5
502,112,21.027744,7206,2021-06-26 17:40:16,52.298115,4
503,Z10,20.924849,7208,2021-06-26 17:40:16,52.260681,1
504,189,20.8985589,7214,2021-06-26 17:40:15,52.2277409,7
505,728,20.942909,7217,2021-06-26 17:40:16,52.175362,72
506,728,20.896042,7218,2021-06-26 17:40:15,52.007736,71
507,517,20.988731,7224,2021-06-26 17:40:16,52.224461,4
508,112,21.0849979,7225,2021-06-26 17:40:14,52.3047585,2
509,112,20.9208932,7226,2021-06-26 13:08:33,52.1969334,4
510,184,20.9336874,7227,2021-06-26 17:40:15,52.2709776,2
511,Z10,20.9296352,7228,2021-06-26 17:40:15,52.2232857,6
512,716,20.905077,7229,2021-06-26 17:40:13,52.203247,2
513,Z10,20.914122,7234,2021-06-26 17:40:16,52.2356656,7
514,124,20.921078,7240,2021-06-25 18:26:53,52.196911,03
515,187,21.019999,7241,2021-06-26 17:40:14,52.2179019,7
516,187,21.054667,7243,2021-06-26 17:40:15,52.181232,6
517,210,20.8358862,7244,2021-06-26 17:40:16,52.291002,2
518,167,21.083076,7245,2021-06-26 17:40:15,52.208248,6
519,191,20.8739142,7247,2021-06-26 17:40:15,52.1882531,4
520,172,20.992529,7248,2021-06-26 17:40:16,52.196739,7
521,189,20.898783,7249,2021-06-26 17:40:16,52.238659,5
522,188,20.9782411,7250,2021-06-26 17:40:15,52.1694974,1
523,517,20.862551,7251,2021-06-26 17:40:14,52.190182,6
524,182,20.97983,7252,2021-06-26 17:40:15,52.216858,2
525,517,21.010515,7254,2021-06-26 17:40:15,52.231644,3
526,523,20.937567,7255,2021-06-26 17:40:16,52.23962,7
527,191,20.922604,7256,2021-06-26 17:40:15,52.204201,5
528,188,21.0781394,7257,2021-06-26 17:40:15,52.2347869,5
529,182,21.1130525,7259,2021-06-26 17:40:16,52.2362332,4
530,138,21.049225,7301,2021-06-26 17:40:15,52.255306,6
531,141,21.035579,7303,2021-06-26 17:39:56,52.201791,4
532,148,21.0989934,7304,2021-06-26 17:40:16,52.2373104,9
533,151,21.037292,7305,2021-06-26 17:40:15,52.222431,2
534,182,21.0907906,7306,2021-06-26 17:40:15,52.2357021,3
535,162,21.0524182,7308,2021-06-26 17:40:15,52.1962849,3
536,507,21.083567,7310,2021-06-26 17:40:16,52.226021,2
537,125,21.1327849,7312,2021-06-26 17:40:15,52.2314982,2
538,E-1,21.1167422,7314,2021-06-25 19:42:06,52.2335197,01
539,520,21.1294461,7315,2021-06-26 17:40:15,52.2357427,5
540,143,21.1164757,7317,2021-06-25 19:35:11,52.2334452,3
541,162,21.032778,7322,2021-06-26 17:40:15,52.24128,4
542,523,21.0364841,7324,2021-06-26 17:40:15,52.2221615,2
543,520,21.0748169,7325,2021-06-26 17:40:15,52.2329435,2
544,148,21.05097,7326,2021-06-26 17:40:15,52.159443,5
545,138,21.0511032,7327,2021-06-26 17:40:16,52.2299492,7
546,171,20.928705,7328,2021-06-26 17:40:16,52.264446,8
547,520,21.001993,7331,2021-06-26 17:40:15,52.243675,1
548,150,20.927904,753,2021-06-26 17:40:11,52.290886,3
549,750,20.817558,755,2021-06-26 17:40:12,52.351845,2
550,250,20.927778,757,2021-06-26 17:40:13,52.291115,1
551,750,20.830259,758,2021-06-26 17:40:13,52.370052,3
552,150,20.847095,761,2021-06-26 17:40:12,52.34161,1
553,250,20.868561,763,2021-06-26 17:40:09,52.332825,3
554,521,21.0510854,7701,2021-06-26 17:40:17,52.2383227,3
555,750,20.929395833,773,2021-06-26 17:40:15,52.2908675,4
556,250,20.901148,775,2021-06-26 17:40:12,52.290752,2
557,750,20.903525,776,2021-06-26 17:40:15,52.3301302,1
558,150,20.8913617,777,2021-06-26 17:40:15,52.3395594,2
559,138,20.9953485,8120,2021-06-26 17:40:11,52.1702278,1
560,185,20.9829785,8138,2021-06-26 17:40:12,52.2731305,7
561,172,21.0456713,8139,2021-06-26 17:40:14,52.1911435,6
562,727,20.997388,8148,2021-06-25 21:39:43,52.187336,4
563,522,21.058439,8154,2021-06-26 17:40:07,52.1795726,6
564,167,21.0474778,8166,2021-06-26 17:40:08,52.2071005,5
565,143,21.1516113,8167,2021-06-26 17:40:10,52.260834,2
566,522,20.998243,8174,2021-06-25 20:09:50,52.1878,013
567,504,20.9888081,8178,2021-06-26 17:40:03,52.2148696,3
568,519,20.996546,8180,2021-06-25 22:35:23,52.187545,5
569,136,21.0273386,8181,2021-06-26 17:40:13,52.1663993,4
570,138,21.001628,8183,2021-06-26 17:40:13,52.192351,2
571,172,20.975921,8184,2021-06-26 17:40:13,52.211152,8
572,504,21.0048583,8187,2021-06-26 17:40:11,52.2295015,2
573,519,21.092833,8188,2021-06-26 17:40:11,52.117158,2
574,504,21.0689001,8189,2021-06-26 17:40:11,52.128801,5
575,198,21.1173818,8210,2021-06-25 18:57:27,52.2334423,04
576,151,21.1167196,8218,2021-06-25 19:22:39,52.2335221,04
577,514,21.156978,8222,2021-06-26 17:40:09,52.2556838,4
578,188,21.1161338,8225,2021-06-25 20:54:43,52.2335866,08
579,143,21.114924,8228,2021-06-25 23:38:50,52.234206,6
580,509,21.116793,8231,2021-06-25 20:04:19,52.233758,021
581,514,21.1863531,8300,2021-06-26 17:40:14,52.2466841,3
582,502,21.1928965,8301,2021-06-26 17:40:09,52.2248283,4
583,125,21.1615141,8303,2021-06-26 17:40:16,52.2255615,5
584,125,21.045093,8305,2021-06-26 17:40:12,52.248433,3
585,509,20.964018,8310,2021-06-26 17:40:07,52.317863,3
586,502,21.015426,8313,2021-06-26 17:40:05,52.218724,6
587,182,21.11721,8315,2021-06-25 19:08:30,52.233705,013
588,145,21.088216,8317,2021-06-26 17:39:58,52.244824,1
589,188,20.9863251,8318,2021-06-26 17:40:07,52.2048503,6
590,168,21.11586,8320,2021-06-25 21:27:01,52.23366,07
591,514,21.0154826,8323,2021-06-26 17:40:15,52.2182148,2
592,145,21.1077778,8324,2021-06-26 17:40:12,52.2412076,2
593,720,21.46381,8325,2021-06-26 17:40:07,52.133089,1
594,125,21.117233,8327,2021-06-25 20:58:39,52.234053,3
595,145,21.000278,8328,2021-06-26 17:40:02,52.291445,5
596,411,21.117353,8330,2021-06-25 20:35:38,52.233359,53
597,148,21.0501078,8331,2021-06-26 17:40:13,52.1874176,1
598,502,21.0286096,8335,2021-06-26 17:39:51,52.2202336,1
599,143,21.0840198,8339,2021-06-26 17:40:14,52.245371,1
600,704,21.3478626,8340,2021-06-26 17:40:16,52.222436,1
601,171,21.0065233,8342,2021-06-26 17:40:16,52.2381867,6
602,151,21.105,8344,2021-06-26 17:40:13,52.230235,3
603,185,21.0470417,8345,2021-06-26 17:40:02,52.15596,1
604,145,21.116836,8346,2021-06-25 19:31:54,52.233566,016
605,145,21.116093,8347,2021-06-25 19:40:44,52.233476,012
606,523,20.9152383,8348,2021-06-26 17:40:04,52.2392917,9
607,507,21.004848,8349,2021-06-26 17:40:12,52.230216,5
608,411,21.116288,8350,2021-06-25 20:43:54,52.233658,061
609,125,21.063085,8351,2021-06-26 17:40:09,52.2467033,4
610,125,21.1964767,8352,2021-06-26 17:40:14,52.2083967,1
611,151,21.06084,8353,2021-06-26 17:40:15,52.2279867,1
612,521,20.9753867,8355,2021-06-26 17:40:05,52.2114567,2
613,N03,21.117188,8357,2021-06-26 05:01:26,52.233246,254
614,502,21.2173633,8358,2021-06-26 17:40:12,52.21439,3
615,507,21.06295,8360,2021-06-26 17:40:06,52.22853,4
616,704,21.0836017,8362,2021-06-26 17:40:12,52.2452,2
617,521,21.121134,8363,2021-06-26 17:40:07,52.236791,5
618,507,21.0054583,8366,2021-06-26 17:40:12,52.2293783,1
619,143,21.0405267,8367,2021-06-26 17:40:13,52.223425,6
620,502,21.0267717,8368,2021-06-26 17:40:06,52.219615,5
621,521,21.1005283,8369,2021-06-26 17:40:08,52.24257,1
622,141,21.117058,8397,2021-06-25 19:41:02,52.233698,012
623,502,21.1151075,8403,2021-06-25 23:03:57,52.2336293,064
624,411,21.1156411,8440,2021-06-25 20:20:48,52.2335555,062
625,511,20.9281359,8443,2021-06-26 17:40:16,52.2912002,3
626,112,20.9165,8445,2021-06-26 17:40:16,52.2547,10
627,169,21.0346314,8447,2021-06-26 17:40:16,52.2578941,2
628,509,20.9406079,8448,2021-06-26 17:40:16,52.3271932,1
629,160,21.062798,8450,2021-06-26 17:40:15,52.325153,6
630,409,20.8867994,8452,2021-06-26 17:40:16,52.3046364,58
631,735,21.029213,8454,2021-06-26 17:40:15,52.379498,61
632,112,20.940655,8455,2021-06-26 17:40:15,52.277733,5
633,731,20.954424,8457,2021-06-26 17:40:15,52.408173,4
634,185,21.0485019,8458,2021-06-26 11:00:08,52.2645874,6
635,169,21.037014,8459,2021-06-26 17:40:16,52.256889,4
636,409,20.910946,8460,2021-06-26 17:40:15,52.3089715,51
637,169,21.0420869,8461,2021-06-26 17:40:15,52.300109,1
638,141,21.0140917,8500,2021-06-26 17:40:12,52.1961267,8
639,Z26,20.9742217,8501,2021-06-26 17:40:02,52.2354867,3
640,522,21.0624767,8502,2021-06-26 17:40:13,52.17524,2
641,189,21.0070833,8504,2021-06-26 17:40:08,52.17789,1
642,N33,20.996476,8505,2021-06-26 05:42:44,52.187546,172
643,185,20.997366,8507,2021-06-25 23:56:14,52.186391,9
644,174,20.9953717,8508,2021-06-26 17:40:08,52.1701917,3
645,189,20.996501,8509,2021-06-26 00:35:47,52.18806,12
646,331,20.997095,8511,2021-06-25 18:21:40,52.187653,01
647,148,20.998374,8514,2021-06-26 00:52:13,52.188333,5
648,N37,20.998273,8516,2021-06-26 05:43:10,52.188213,246
649,136,20.9882517,8517,2021-06-26 17:40:02,52.1894017,3
650,165,21.024069,8520,2021-06-26 17:40:14,52.179858,3
651,185,21.021903,8521,2021-06-26 17:40:14,52.142693,2
652,136,21.0018267,8522,2021-06-26 17:40:09,52.178555,8
653,733,20.997863,8523,2021-06-25 20:19:16,52.187501,62
654,185,21.048223,8524,2021-06-26 17:40:08,52.208013,4
655,519,21.0587917,8525,2021-06-26 17:40:07,52.178755,4
656,136,21.055563,8528,2021-06-26 17:40:09,52.147353,6
657,143,21.1173783,8530,2021-06-26 17:40:08,52.2384283,5
658,308,20.997771,8531,2021-06-25 19:03:30,52.187649,02
659,136,20.997748,8533,2021-06-25 23:20:13,52.188256,10
660,N03,20.997894,8534,2021-06-26 05:57:03,52.18594,156
661,131,20.996449,8535,2021-06-25 22:36:53,52.186401,10
662,519,21.0475083,8536,2021-06-26 17:40:07,52.189875,7
663,N33,20.996953,8537,2021-06-26 05:04:45,52.186869,173
664,217,21.0486167,8540,2021-06-26 17:40:01,52.1740817,2
665,N34,20.996438,8541,2021-06-26 05:33:51,52.187668,149
666,N37,20.99783,8545,2021-06-26 05:44:42,52.187465,132
667,167,20.9411267,8547,2021-06-26 17:40:14,52.2336483,3
668,733,20.9396033,8548,2021-06-26 17:40:16,52.1719783,1
669,504,21.044715,8550,2021-06-26 17:40:04,52.14249,6
670,519,21.015633,8551,2021-06-26 17:40:05,52.222065,5
671,522,21.080066,8552,2021-06-26 17:40:07,52.157845,1
672,Z26,20.988281,8553,2021-06-26 17:40:11,52.240101,2
673,148,21.08737,8559,2021-06-26 17:40:02,52.2447967,7
674,151,21.116914,8561,2021-06-25 23:54:17,52.233616,1
675,171,20.931985,8562,2021-06-26 17:40:15,52.24027,7
676,521,21.116369,8565,2021-06-25 20:39:03,52.233641,08
677,520,21.040395,8566,2021-06-26 17:40:02,52.2233867,6
678,523,20.9829417,8567,2021-06-26 17:40:03,52.2159983,6
679,509,20.998596,8569,2021-06-26 17:40:12,52.294421,9
680,148,21.086643,8570,2021-06-26 17:39:55,52.210385,6
681,143,21.16094,8573,2021-06-26 17:39:59,52.25867,4
682,521,21.191811,8574,2021-06-26 17:40:14,52.180534,4
683,523,20.8983567,8576,2021-06-26 17:40:03,52.25851,8
684,141,21.1020017,8578,2021-06-26 17:40:10,52.2421333,1
685,190,21.046053,8582,2021-06-25 18:46:44,52.264343,021
686,523,21.1069833,8586,2021-06-26 17:40:03,52.24822,4
687,520,21.002415,8589,2021-06-26 17:40:14,52.2429483,7
688,185,20.995425,8592,2021-06-26 17:40:16,52.27111,5
689,N13,21.114978,8593,2021-06-26 05:47:18,52.233611,247
690,145,21.100905,8594,2021-06-26 17:40:06,52.2860267,3
691,188,21.1290133,8595,2021-06-26 17:40:06,52.2400817,4
692,168,21.0953148,8800,2021-06-26 17:40:15,52.2302078,5
693,189,20.8987725,8802,2021-06-26 17:40:13,52.2387276,6
694,148,20.97819,8804,2021-06-26 17:40:09,52.1694636,3
695,168,21.022003,8805,2021-06-26 17:40:08,52.211053,6
696,136,20.9659333,8806,2021-06-26 17:40:15,52.2431701,1
697,189,20.9140371,8807,2021-06-26 17:40:15,52.208754,3
698,138,21.0602845,8808,2021-06-26 17:40:13,52.262496,4
699,168,21.0097441,8810,2021-06-26 17:40:13,52.2078401,2
700,167,21.001924,8812,2021-06-26 17:40:09,52.21691,1
701,136,20.96504,8813,2021-06-26 17:40:11,52.2152058,2
702,504,21.01791,8814,2021-06-26 17:40:13,52.1550818,4
703,217,21.0707926,8816,2021-06-26 17:40:12,52.1625888,1
704,167,21.064515,8818,2021-06-26 17:40:05,52.212359,7
705,167,20.9719293,8819,2021-06-26 17:40:14,52.2127848,4
706,174,21.0118605,8820,2021-06-26 17:40:16,52.173514,371
707,N43,20.9959001,8821,2021-06-26 05:29:35,52.1875351,220
708,189,21.068973,8822,2021-06-26 17:39:56,52.181321,12
709,519,21.0798791,8823,2021-06-26 17:40:06,52.1672071,8
710,148,21.0382085,8825,2021-06-26 17:40:15,52.1461393,2
711,522,21.0033941,8826,2021-06-26 17:40:09,52.229232,318
712,514,21.0156271,8828,2021-06-26 17:40:15,52.219509,1
713,509,21.0929613,8829,2021-06-26 17:40:10,52.2256011,7
714,143,21.0147478,8832,2021-06-26 17:40:12,52.2173011,7
715,502,21.1667256,8833,2021-06-26 17:40:11,52.2256343,2
716,182,21.1124158,8834,2021-06-26 17:40:14,52.2367075,M5
717,N83,21.116546,8839,2021-06-26 05:25:32,52.233586,174
718,520,21.1371548,8840,2021-06-26 17:40:12,52.2408831,3
719,138,21.1172336,8841,2021-06-25 22:19:45,52.2337476,1
720,521,21.1161941,8844,2021-06-25 20:59:15,52.2334716,09
721,138,21.0020928,8846,2021-06-26 17:40:14,52.1951766,8
722,143,21.176948,8850,2021-06-26 17:40:14,52.2569946,3
723,138,21.100545,8852,2021-06-26 17:40:14,52.26063,5
724,509,21.0410568,8853,2021-06-26 17:40:15,52.2501785,8
725,182,21.0063485,8854,2021-06-26 17:40:10,52.217572,1
726,518,21.047239,8859,2021-06-25 21:49:41,52.2647968,9
727,412,21.047084,8862,2021-06-25 20:21:52,52.264918,05
728,509,21.043849,8863,2021-06-25 22:53:53,52.266028,14
729,723,21.047273,8864,2021-06-25 19:20:55,52.264625,08
730,269,21.043698,8866,2021-06-25 22:15:02,52.266003,04
731,738,21.046916,8868,2021-06-25 18:47:25,52.264738,05
732,340,21.046388,8870,2021-06-25 19:12:44,52.265081,03
733,511,21.046323,8874,2021-06-25 18:33:00,52.265079,05
734,340,21.048342,8876,2021-06-25 18:55:45,52.264397,06
735,723,21.0009455,8878,2021-06-26 17:40:07,52.2912805,1
736,511,21.0472221,8879,2021-06-25 19:11:55,52.2646076,07
737,709,20.996574,8880,2021-06-25 18:58:33,52.18762,016
738,136,20.9866001,8881,2021-06-26 17:40:14,52.2103046,9
739,174,21.0022875,8882,2021-06-26 17:40:05,52.2264548,1
740,165,21.0151363,8883,2021-06-26 17:40:09,52.1799338,4
741,504,20.9809963,8885,2021-06-26 17:40:12,52.1908356,1
742,504,20.9985235,8886,2021-06-26 11:14:42,52.1878498,6
743,165,20.9922458,8888,2021-06-26 17:40:13,52.1618618,2
744,165,21.0015883,8891,2021-06-26 17:40:15,52.1563621,1
745,148,21.086858,8893,2021-06-26 17:40:12,52.245176,8
746,172,21.0693838,8895,2021-06-26 17:40:14,52.1811971,5
747,522,21.0169495,8896,2021-06-26 17:40:15,52.2139751,5
748,138,21.051077,8897,2021-06-26 17:40:12,52.225835,3
749,519,21.092878,8899,2021-06-26 17:39:55,52.116979,1
750,161,21.222418,9061,2021-06-26 17:40:12,52.18586,1
751,104,21.033476,9063,2021-06-26 17:40:16,52.334988,2
752,161,21.224754,9068,2021-06-26 17:40:11,52.18668,2
753,211,20.941422,9070,2021-06-26 17:40:12,52.3554,3
754,211,20.944185,9074,2021-06-26 17:40:12,52.338848,4
755,211,20.985689,9075,2021-06-26 17:40:11,52.303776,M5
756,234,21.063194,9079,2021-06-26 17:40:15,52.325661,2
757,800,20.861525,9082,2021-06-26 17:40:13,52.346954,M1
758,900,20.942808,9084,2021-06-26 17:40:15,52.348694,1
759,161,21.206564,9088,2021-06-26 17:40:15,52.165867,M3
760,104,21.000341,9091,2021-06-26 17:40:13,52.291462,1
761,211,20.941517,9092,2021-06-26 17:40:15,52.332714,2
762,211,20.979059,9093,2021-06-26 17:40:16,52.301395,1
763,219,21.164183,9201,2021-06-26 17:40:11,52.184883,1
764,107,20.979353,9204,2021-06-26 17:40:09,52.244511,1
765,107,20.977938,9205,2021-06-26 17:40:09,52.244324,2
766,121,20.968044,9206,2021-06-26 17:40:09,52.272015,M2
767,209,20.980623,9209,2021-06-26 17:40:13,52.1329,54
768,107,21.01882,9210,2021-06-26 17:40:10,52.226215,3
769,201,20.92651,9212,2021-06-26 17:40:12,52.23402,3
770,121,20.967922,9213,2021-06-26 17:40:16,52.271987,1
771,133,20.944899,9214,2021-06-26 17:40:16,52.322979,1
772,133,20.961906,9215,2021-06-26 17:40:08,52.335167,2
773,164,21.085346,9216,2021-06-26 17:40:12,52.193268,2
774,164,21.134058,9217,2021-06-26 17:40:14,52.149685,1
775,164,21.130751,9219,2021-06-26 17:40:06,52.154049,3
776,177,20.883606,9220,2021-06-26 17:40:11,52.205738,1
777,177,20.898586,9221,2021-06-26 17:40:15,52.184109,2
778,203,20.927618,9222,2021-06-26 17:40:08,52.2915,2
779,107,21.051073,9223,2021-06-26 17:40:11,52.197556,4
780,203,20.92687,9224,2021-06-26 17:40:12,52.283409,1
781,208,20.975565,9225,2021-06-26 17:40:14,52.210266,2
782,209,20.981161,9227,2021-06-26 17:40:15,52.132694,51
783,228,20.924759,9228,2021-06-26 17:40:13,52.206676,1
784,228,20.892925,9229,2021-06-26 17:40:12,52.200333,3
785,177,20.883642,9230,2021-06-26 17:40:08,52.205673,3
786,228,20.970734,9231,2021-06-26 17:39:58,52.193832,2
787,209,21.038073,9233,2021-06-26 17:40:15,52.154511,52
788,201,20.943007,9234,2021-06-26 17:40:08,52.245872,2
789,219,21.133927,9235,2021-06-26 17:40:16,52.214241,2
790,208,20.948793,9236,2021-06-26 17:40:10,52.209461,1
791,264,21.108236,9240,2021-06-26 17:40:10,52.129837,1
792,107,21.010551,9241,2021-06-26 17:40:14,52.237892,M5
793,201,20.925161,9243,2021-06-26 17:40:12,52.260872,1
794,219,21.102711,9250,2021-06-26 17:40:10,52.222694,3
795,239,21.037039,9252,2021-06-26 17:40:13,52.154789,53
796,199,21.116657,9311,2021-06-26 17:40:11,52.291553,4
797,135,21.036812,9312,2021-06-26 17:40:16,52.252552,3
798,135,21.044041,9313,2021-06-26 17:40:14,52.26297,4
799,123,21.06884,9316,2021-06-26 17:40:08,52.225513,1
800,123,21.067797,9317,2021-06-26 17:40:13,52.232876,3
801,179,21.068533,9318,2021-06-26 17:40:14,52.128902,7
802,153,21.154112,9319,2021-06-26 17:40:15,52.267059,3
803,179,21.036917,9320,2021-06-26 17:40:10,52.162025,3
804,142,21.126417,9321,2021-06-26 17:40:15,52.234226,4
805,123,21.051008,9322,2021-06-26 17:40:14,52.252522,2
806,123,21.052328,9323,2021-06-26 17:40:16,52.25021,5
807,179,21.037069,9325,2021-06-26 17:40:14,52.162098,4
808,135,21.092045,9326,2021-06-26 17:40:04,52.231251,1
809,179,21.03512,9327,2021-06-26 17:40:15,52.155872,5
810,135,21.107582,9328,2021-06-26 17:40:15,52.248756,2
811,179,21.063065,9329,2021-06-26 17:40:14,52.145851,6
812,179,21.032259,9333,2021-06-26 17:40:11,52.142605,52
813,123,21.096821,9337,2021-06-26 17:40:12,52.233517,4
814,153,21.1771206,9338,2021-06-26 17:40:15,52.2568469,2
815,123,21.084915,9339,2021-06-26 17:40:16,52.245369,357
816,153,21.150782,9340,2021-06-26 17:40:14,52.269955,1
817,199,21.15111,9342,2021-06-26 17:40:14,52.269711,2
818,123,21.077581,9345,2021-06-25 21:25:22,52.268494,357
819,179,21.064308,9349,2021-06-26 17:40:16,52.141834,1
820,142,21.088524,9351,2021-06-26 17:40:09,52.244823,1
821,142,21.21817,9352,2021-06-26 17:40:14,52.157829,3
822,142,21.2270396,9354,2021-06-26 17:34:33,52.171729,M5
823,199,21.17943,9355,2021-06-26 17:40:15,52.268765,1
824,142,21.136929,9357,2021-06-26 17:40:09,52.230019,2
825,103,20.926725,9411,2021-06-26 17:40:13,52.290344,4
826,157,20.964155,9412,2021-06-26 17:40:12,52.207851,3
827,117,21.072395,9413,2021-06-26 17:40:14,52.225098,3
828,516,20.942049,9414,2021-06-26 17:40:12,52.334053,4
829,157,20.976591,9416,2021-06-26 17:40:14,52.289928,6
830,117,21.005049,9417,2021-06-26 17:40:10,52.229897,1
831,103,20.970322,9418,2021-06-26 17:40:12,52.254185,2
832,134,20.968283,9419,2021-06-26 17:40:14,52.271843,1
833,134,21.047781,9420,2021-06-26 17:40:13,52.328373,2
834,134,21.050642,9423,2021-06-26 17:40:14,52.315861,3
835,117,21.055479,9424,2021-06-26 17:40:12,52.232136,4
836,117,21.075382,9425,2021-06-26 17:40:11,52.225636,2
837,103,20.944218,9427,2021-06-26 17:40:15,52.270947,5
838,157,20.995697,9428,2021-06-26 17:40:15,52.258503,1
839,157,20.987425,9429,2021-06-26 17:40:11,52.223145,2
840,245,21.090586,9431,2021-06-26 17:40:15,52.28632,1
841,516,20.951181,9432,2021-06-26 17:40:16,52.317726,1
842,516,21.000978,9434,2021-06-26 17:40:14,52.291134,2
843,516,20.968723,9436,2021-06-26 17:40:15,52.320625,3
844,176,21.026716,9438,2021-06-26 17:40:11,52.281139,1
845,157,20.97718,9439,2021-06-26 17:40:14,52.278683,5
846,712,20.842663,9441,2021-06-26 17:40:15,52.277893,M2
847,103,20.968515,9442,2021-06-26 17:40:13,52.222084,1
848,103,20.944963,9443,2021-06-26 17:40:12,52.294979,3
849,245,21.066473,9446,2021-06-26 17:40:12,52.276363,2
850,712,20.927959,9450,2021-06-26 17:40:15,52.290817,1
851,176,20.98226,9452,2021-06-26 17:40:13,52.355591,3
852,176,20.996019,9453,2021-06-26 17:40:12,52.320999,2
853,743,20.811682,9459,2021-06-26 17:40:13,52.215359,1
854,194,20.930483167,9501,2021-06-26 17:40:17,52.2249935,4
855,181,20.9355995,9503,2021-06-26 17:40:15,52.304307167,2
856,717,20.840589,9504,2021-06-26 17:40:15,52.190957,3
857,139,21.089362167,9507,2021-06-26 17:40:15,52.156222333,2
858,149,20.940489,9509,2021-06-26 17:40:15,52.246631333,2
859,729,20.887697,9511,2021-06-26 17:40:15,52.240237167,1
860,149,20.878946833,9514,2021-06-26 17:40:16,52.248222667,4
861,159,20.956012833,9515,2021-06-26 17:40:15,52.214335833,1
862,159,21.085153667,9519,2021-06-26 17:40:17,52.193635167,4
863,159,21.032462,9520,2021-06-26 17:40:14,52.222674167,5
864,181,20.986735833,9521,2021-06-26 17:40:13,52.2683725,1
865,737,21.032611167,9522,2021-06-26 17:40:15,52.149444,55
866,181,20.955112333,9524,2021-06-26 17:40:14,52.284792,4
867,194,20.896249333,9525,2021-06-26 17:40:13,52.200681333,1
868,181,20.899899833,9526,2021-06-26 17:40:08,52.297173667,3
869,220,20.925098833,9529,2021-06-26 17:40:12,52.260747,3
870,717,20.964529167,9530,2021-06-26 17:40:16,52.218187667,2
871,159,20.989626333,9531,2021-06-26 17:40:14,52.225286833,2
872,194,20.859317667,9532,2021-06-26 17:40:16,52.204559333,2
873,194,20.895122167,9533,2021-06-26 17:40:15,52.202726,3
874,194,20.930132667,9534,2021-06-26 17:37:28,52.224919,5
875,220,20.943492333,9535,2021-06-26 17:40:15,52.175272667,1
876,220,20.893455833,9537,2021-06-26 17:40:15,52.209225833,4
877,300,21.0138,9538,2021-06-26 17:40:09,52.165198333,M1
878,149,20.936899,9539,2021-06-26 17:40:15,52.23977,3
879,707,20.908236167,9540,2021-06-26 17:40:17,52.144237,1
880,715,20.954384167,9542,2021-06-26 17:40:13,52.125002,53
881,737,21.026332333,9543,2021-06-26 17:40:14,52.145243,54
882,717,20.9185595,9544,2021-06-26 17:40:15,52.189849,1
883,724,21.102829667,9546,2021-06-26 17:40:14,52.124100833,1
884,139,21.0767265,9548,2021-06-26 17:40:16,52.1678695,1
885,715,20.955373667,9554,2021-06-26 17:40:12,52.125698167,51
886,149,20.927191333,9555,2021-06-26 17:40:12,52.240785333,1
887,159,21.049568833,9556,2021-06-26 17:40:15,52.204020167,3
888,220,20.896656167,9557,2021-06-26 17:40:12,52.231899167,2
889,152,20.968092,9673,2021-06-26 17:40:15,52.31937,5
890,152,20.975571,9678,2021-06-26 17:40:14,52.335152,1
891,152,21.00432,9680,2021-06-26 17:40:13,52.336308,2
892,118,21.024784,9681,2021-06-26 17:40:10,52.24168,3
893,212,21.027117,9682,2021-06-26 17:40:09,52.259583,2
894,118,21.032864,9683,2021-06-26 17:40:16,52.299137,4
895,118,21.015459,9685,2021-06-26 17:40:13,52.220093,2
896,152,20.952286,9687,2021-06-26 17:40:12,52.316933,4
897,152,21.060406,9688,2021-06-26 17:40:13,52.315083,3
898,118,21.041355,9689,2021-06-26 17:40:12,52.300079,5
899,212,21.060705,9692,2021-06-26 17:40:12,52.278854,3
900,212,21.063082,9696,2021-06-26 17:40:13,52.272915,1
901,118,21.019217,9697,2021-06-26 17:40:14,52.24688,1
902,212,21.057205,9698,2021-06-26 17:40:12,52.301819,4
903,109,21.034489,9801,2021-06-26 17:40:14,52.225307,1
904,710,21.118824,9802,2021-06-26 17:40:13,52.079563,1
905,525,21.197226,9803,2021-06-26 17:40:13,52.208385,3
906,Z10,20.924768,9804,2021-06-26 17:40:12,52.260815,2
907,109,20.957439,9805,2021-06-26 17:40:14,52.227634,3
908,109,20.89875,9806,2021-06-26 17:40:09,52.238519,5
909,109,20.977114,9807,2021-06-26 17:40:15,52.229324,6
910,127,21.019501,9809,2021-06-26 17:40:14,52.246142,2
911,127,21.021191,9810,2021-06-26 17:40:14,52.231411,1
912,127,21.021648,9811,2021-06-26 17:40:15,52.229218,335
913,131,21.003798,9814,2021-06-26 17:40:12,52.229385,4
914,127,20.922798,9816,2021-06-26 17:40:14,52.208675,56
915,127,20.895468,9817,2021-06-26 17:40:09,52.208794,5
916,131,21.049913,9818,2021-06-26 17:40:11,52.201122,2
917,131,21.069061,9820,2021-06-26 17:40:14,52.181316,6
918,131,21.014347,9821,2021-06-26 17:40:10,52.225006,1
919,525,21.098942,9822,2021-06-26 17:40:16,52.234776,1
920,519,21.002843,9825,2021-06-26 17:40:09,52.229421,6
921,710,21.011256,9827,2021-06-26 17:40:08,52.074192,2
922,Z10,20.924971,9828,2021-06-26 17:40:12,52.260841,9
923,525,21.108385,9829,2021-06-26 17:40:15,52.233379,4
924,525,21.005228,9830,2021-06-26 17:40:13,52.228634,5
925,742,21.196306,9833,2021-06-26 17:40:16,52.006676,1
926,710,21.067705,9834,2021-06-26 17:40:13,52.129334,4
927,719,20.905628,9835,2021-06-26 17:40:14,52.239162,1
928,Z10,20.912523,9836,2021-06-26 17:40:17,52.251637,8
929,Z10,20.914412,9837,2021-06-26 17:40:14,52.235764,M4
930,109,20.899405,9838,2021-06-26 17:40:11,52.23933,4
931,127,20.950327,9839,2021-06-26 17:40:13,52.210468,4
932,109,21.031399,9842,2021-06-26 17:40:15,52.229292,2
933,525,21.003384,9846,2021-06-26 17:40:13,52.228237,319
934,719,20.58643,9849,2021-06-26 17:40:14,52.257542,2
935,719,20.917866,9852,2021-06-26 17:40:15,52.239479,3
936,131,21.029742,9854,2021-06-26 17:40:09,52.207021,3
937,114,20.924702,9901,2021-06-26 17:40:14,52.281692,1
938,114,20.943716,9903,2021-06-26 17:40:13,52.272186,5
939,186,20.963806,9905,2021-06-26 17:40:14,52.207756,5
940,193,21.036951,9906,2021-06-26 17:40:14,52.161964,1
941,114,20.981722,9907,2021-06-26 17:40:13,52.267567,7
942,186,20.944895,9908,2021-06-26 17:40:12,52.322201,1
943,186,20.956491,9909,2021-06-26 17:40:12,52.238605,3
944,186,20.956367,9912,2021-06-26 17:40:16,52.230232,6
945,186,20.94223,9915,2021-06-26 17:40:14,52.334156,9
946,186,20.996155,9916,2021-06-26 17:40:16,52.287533,2
947,190,20.933348,9919,2021-06-26 17:40:12,52.240204,2
948,190,20.913984,9920,2021-06-26 17:40:13,52.236237,5
949,190,21.081816,9921,2021-06-26 17:40:11,52.294579,9
950,190,21.046202,9922,2021-06-26 17:40:15,52.259514,10
951,193,21.019386,9923,2021-06-26 17:40:14,52.173332,2
952,193,20.995426,9925,2021-06-26 17:40:15,52.170166,3
953,114,21.041809,9928,2021-06-26 17:40:16,52.300255,63
954,114,20.920969,9930,2021-06-26 17:40:15,52.308689,2
955,193,21.045866,9933,2021-06-26 17:40:13,52.164787,4
956,190,20.896736,9935,2021-06-26 17:40:15,52.235332,4
957,186,20.968769,9939,2021-06-26 17:40:16,52.319633,8
958,114,21.007906,9940,2021-06-26 17:40:12,52.29229,4
959,114,21.041365,9941,2021-06-26 17:40:11,52.291218,6
960,186,20.974777,9942,2021-06-26 17:40:10,52.204819,4
961,190,21.079433,9946,2021-06-26 17:40:14,52.292053,8
962,190,20.89642,9947,2021-06-26 17:40:14,52.236095,3
963,190,20.967758,9949,2021-06-26 17:40:12,52.237022,6
964,190,21.047482,9951,2021-06-26 17:40:15,52.260403,7
965,190,20.967073,9953,2021-06-26 17:40:11,52.236942,1
966,186,20.957951,9954,2021-06-26 17:40:12,52.267174,67
967,o43A,21.423235,9999,2021-06-25 14:26:34,50.302956,1
