,Lines,Lon,VehicleNumber,Time,Lat,Brigade
0,213,21.1152613,1000,2021-06-25 23:22:58,52.2346205,3
1,213,21.115043,1001,2021-06-25 23:56:49,52.23463,1
2,213,21.1218196,1003,2021-06-26 17:55:41,52.2149775,1
3,311,21.115233,1004,2021-06-25 21:52:40,52.23458,2
4,196,21.11514,1005,2021-06-25 23:48:58,52.234611,1
5,130,21.11559,1008,2021-06-25 20:19:05,52.234613,04
6,213,21.0938616,1010,2021-06-26 17:55:39,52.2271616,2
7,213,21.2092898,1011,2021-06-26 17:55:34,52.1603928,4
8,311,21.1155166,1012,2021-06-25 21:16:38,52.2346153,1
9,213,21.2163053,1015,2021-06-26 17:55:43,52.1824716,3
10,108,21.023069,1020,2021-06-26 17:55:41,52.228764,3
11,218,21.0026034,1021,2021-06-26 17:55:42,52.1790967,4
12,218,21.00219,1024,2021-06-26 17:55:42,52.179329,2
13,192,21.068726,1025,2021-06-26 17:55:42,52.128887,3
14,195,20.9979977,1026,2021-06-25 21:14:18,52.1862374,2
15,163,21.1013607,1027,2021-06-26 17:55:41,52.1757425,1
16,218,21.0245064,1028,2021-06-26 17:55:42,52.1922476,3
17,163,21.1075257,1030,2021-06-26 17:55:42,52.1680374,2
18,163,21.04907,1031,2021-06-26 17:55:42,52.178249,3
19,108,21.074716,1038,2021-06-26 17:55:33,52.211306,4
20,192,21.0474169,1039,2021-06-26 17:55:41,52.1509331,2
21,204,21.0604217,1040,2021-06-26 17:55:37,52.3150833,1
22,736,21.016928,1042,2021-06-26 17:55:30,52.318035,1
23,204,21.043091,1043,2021-06-25 22:53:22,52.26632,05
24,204,21.0265,1044,2021-06-26 17:55:29,52.2780033,3
25,107,21.046234,1045,2021-06-25 22:36:50,52.264653,4
26,204,21.042681,1046,2021-06-25 23:57:31,52.266098,1
27,204,21.023203,1047,2021-06-26 17:55:37,52.277281,2
28,228,20.921443,1050,2021-06-25 23:41:52,52.196853,2
29,328,20.921189,1051,2021-06-25 22:30:10,52.196913,01
30,129,20.94778,1052,2021-06-26 17:55:33,52.2452933,2
31,129,20.89977,1053,2021-06-26 17:55:34,52.1949033,3
32,129,20.90602,1055,2021-06-26 17:55:33,52.192804,4
33,129,20.93913,1057,2021-06-26 17:55:39,52.2462867,1
34,119,21.2056646,1061,2021-06-26 17:55:42,52.2100354,4
35,119,21.149742,1062,2021-06-26 17:55:42,52.214066,5
36,192,21.024309,1064,2021-06-26 17:55:42,52.179871,1
37,192,21.023521,1069,2021-06-26 17:55:41,52.1515777,52
38,108,21.02422,1070,2021-06-26 17:55:41,52.179668,1
39,108,21.0723074,1074,2021-06-26 17:55:41,52.1795267,2
40,218,21.024,1076,2021-06-26 17:55:42,52.179802,1
41,192,21.0607052,1079,2021-06-26 17:55:42,52.1367144,4
42,173,21.0426228,1101,2021-06-26 00:28:34,52.2664063,2
43,240,21.0008056,1109,2021-06-26 17:55:40,52.2913795,2
44,173,21.048266,1110,2021-06-25 19:53:25,52.264265,3
45,170,21.0807191,1111,2021-06-26 17:55:37,52.2775465,2
46,110,20.9591903,1112,2021-06-26 17:55:11,52.2756681,51
47,126,21.046033,1113,2021-06-25 23:08:32,52.264159,4
48,338,21.046365,1116,2021-06-25 19:40:36,52.2645706,05
49,170,21.0237518,1117,2021-06-26 17:55:42,52.2609076,4
50,739,21.0181485,1200,2021-06-26 17:55:41,52.1196817,65
51,739,21.0396739,1201,2021-06-26 17:55:41,52.0805065,64
52,166,21.0477201,1203,2021-06-26 17:55:41,52.1554501,1
53,727,21.028084,1205,2021-06-26 17:55:42,52.067806,68
54,739,21.023796,1208,2021-06-26 17:55:42,52.1791,62
55,141,21.0955912,1211,2021-06-26 17:55:43,52.2437987,2
56,727,21.0219289,1213,2021-06-26 17:55:41,52.1785592,66
57,166,21.043003,1214,2021-06-26 17:55:41,52.249195,3
58,727,21.023044,1216,2021-06-26 17:55:41,52.0751132,67
59,739,21.0185586,1218,2021-06-26 17:55:41,52.1144097,63
60,166,21.068239,1219,2021-06-26 17:55:42,52.129246,8
61,166,21.0605452,1220,2021-06-26 17:55:41,52.1370035,7
62,727,21.02437,1223,2021-06-26 17:55:41,52.068718,61
63,240,21.0483353,1400,2021-06-26 00:03:19,52.2641493,1
64,170,21.0788455,1401,2021-06-26 17:55:34,52.270221,3
65,170,21.0454971,1403,2021-06-25 21:36:41,52.2652081,3
66,240,21.043604,1408,2021-06-25 23:31:26,52.266069,4
67,146,21.204528,1411,2021-06-26 17:55:41,52.159521,58
68,173,21.21756,1412,2021-06-26 17:55:42,52.214378,3
69,730,21.1868496,1413,2021-06-26 17:55:41,52.2250531,61
70,146,21.058775,1417,2021-06-26 17:55:42,52.227345,57
71,199,21.1128662,1418,2021-06-26 17:55:42,52.2948542,3
72,147,21.1336214,1419,2021-06-26 17:55:42,52.2024972,53
73,183,21.156952,1422,2021-06-26 17:55:41,52.255672,3
74,147,21.243004,1425,2021-06-26 17:55:42,52.219154,54
75,147,21.092937,1426,2021-06-26 17:55:41,52.219101,55
76,146,21.2044647,1427,2021-06-26 17:55:42,52.1594892,59
77,119,21.035473,1429,2021-06-26 17:55:41,52.201847,1
78,L11,20.830036,14422,2021-06-26 17:55:43,52.439098,2
79,L10,20.945208,14423,2021-06-26 14:34:04,52.437897,M4
80,L11,20.723183,14424,2021-06-25 20:30:06,52.424343,51
81,L-9,20.943844,14426,2021-06-26 17:55:41,52.399021,3
82,L11,20.86307,14427,2021-06-26 17:55:41,52.444351,1
83,L34,20.86363,14429,2021-06-26 17:55:39,52.44149,1
84,L10,20.945269,14430,2021-06-26 16:19:41,52.437912,M5
85,L34,20.945213,14431,2021-06-25 19:23:11,52.437866,2
86,L41,20.709848,14432,2021-06-26 17:55:39,52.430531,1
87,L33,20.945353,14434,2021-06-25 23:24:58,52.438198,1
88,L49,20.894228,14436,2021-06-26 17:55:43,52.417236,1
89,L-9,20.949566,14440,2021-06-25 23:13:11,52.471237,055
90,338,21.045604,1500,2021-06-25 19:27:18,52.264496,03
91,106,20.9664281,1508,2021-06-26 17:55:35,52.2322126,5
92,735,21.0305265,1509,2021-06-26 17:55:39,52.4291468,M4
93,240,21.1188985,1510,2021-06-26 17:55:40,52.338265,4
94,110,20.8807888,1513,2021-06-26 17:55:36,52.2982978,52
95,147,21.044424,1514,2021-06-25 19:54:57,52.2648745,06
96,115,21.2422717,1521,2021-06-26 17:55:37,52.16996,4
97,115,21.212976,1523,2021-06-26 17:55:40,52.161151,3
98,702,21.2181883,1524,2021-06-26 17:55:36,52.110855,2
99,183,21.115313,1526,2021-06-26 00:16:52,52.233074,4
100,N16,21.116845,1527,2021-06-26 05:37:31,52.233048,2
101,N44,21.117096,1528,2021-06-26 05:37:25,52.233049,207
102,702,21.1909417,1531,2021-06-26 17:55:29,52.1402867,1
103,202,21.07513,1532,2021-06-26 17:55:34,52.2501933,2
104,141,20.981735,1533,2021-06-26 17:55:28,52.1916217,6
105,119,21.0687367,1535,2021-06-26 17:55:32,52.2033733,3
106,156,20.93973,1537,2021-06-26 17:55:24,52.286026,2
107,132,21.0505033,1538,2021-06-26 17:55:33,52.3179933,55
108,120,21.04597,1539,2021-06-26 17:55:36,52.2762033,1
109,156,21.0521317,1540,2021-06-26 17:55:34,52.25301,5
110,166,21.0270983,1542,2021-06-26 17:55:33,52.2600383,4
111,221,20.994061,1543,2021-06-26 17:55:23,52.259534,2
112,N03,21.044968,1545,2021-06-26 05:08:35,52.264589,2
113,156,21.04623,1546,2021-06-26 17:55:31,52.281065,4
114,512,21.058425,1548,2021-06-26 17:55:38,52.2666067,1
115,120,21.051065,1549,2021-06-26 17:55:39,52.2533517,2
116,166,21.0457883,1550,2021-06-26 17:55:35,52.1838183,6
117,120,21.0619067,1551,2021-06-26 17:55:32,52.3616883,6
118,156,20.92797,1552,2021-06-26 17:55:30,52.2908267,3
119,L35,21.332953,17455,2021-06-26 17:55:37,52.363659,51
120,L40,21.198061,17458,2021-06-26 17:55:45,52.338505,1
121,L43,21.077759,17461,2021-06-26 08:32:11,52.26762,51
122,L43,21.077951,17462,2021-06-26 17:54:57,52.267616,52
123,L45,21.175322,17464,2021-06-26 17:55:44,52.31086,1
124,L37,21.176323,17466,2021-06-25 22:21:40,52.312318,2
125,L38,21.250746,17467,2021-06-26 17:55:36,52.332699,51
126,240,21.0408418,1802,2021-06-26 17:55:35,52.2889848,3
127,N12,21.045453,1803,2021-06-26 04:33:33,52.264459,128
128,110,20.9685526,1804,2021-06-26 17:55:36,52.2721536,53
129,132,21.0494288,1805,2021-06-26 17:55:37,52.3216501,54
130,122,20.8980506,1807,2021-06-26 17:55:40,52.2478428,6
131,106,21.0435196,1808,2021-06-26 06:30:45,52.2662013,4
132,N11,21.0454075,1809,2021-06-26 05:42:59,52.264945,122
133,106,21.0204998,1810,2021-06-26 17:55:39,52.2431456,2
134,106,21.021196,1811,2021-06-26 17:55:34,52.236363,1
135,106,20.9965171,1812,2021-06-26 17:55:37,52.2360865,3
136,170,21.038888,1814,2021-06-26 17:55:22,52.252605,1
137,122,20.98503,1815,2021-06-26 17:55:40,52.2813655,3
138,N12,21.046083,1816,2021-06-26 05:05:03,52.264528,210
139,173,21.042571,1818,2021-06-25 23:48:59,52.2664061,10
140,173,21.1996971,1821,2021-06-26 17:55:34,52.2477371,2
141,115,21.1780023,1826,2021-06-26 17:55:37,52.2490893,2
142,147,21.045016,1828,2021-06-26 17:55:36,52.237371,52
143,146,21.0511573,1829,2021-06-26 17:55:35,52.2378016,51
144,183,21.0883513,1830,2021-06-26 17:55:39,52.244941,1
145,119,21.1165895,1832,2021-06-25 22:22:16,52.2331471,06
146,183,21.1679803,1833,2021-06-26 17:55:39,52.2527798,2
147,173,21.1661655,1835,2021-06-26 17:55:39,52.2419965,4
148,115,21.1702863,1837,2021-06-26 17:55:37,52.277115,1
149,168,21.0085935,1838,2021-06-26 17:55:38,52.2071153,1
150,115,21.1733643,1839,2021-06-26 17:55:36,52.2074828,5
151,147,21.1172291,1840,2021-06-25 21:35:22,52.2330755,09
152,142,21.1168673,1842,2021-06-25 20:08:52,52.2330963,08
153,168,21.024738,1843,2021-06-26 17:55:21,52.210999,3
154,173,21.1167918,1844,2021-06-25 23:53:58,52.233165,8
155,168,21.097023,1846,2021-06-26 17:55:28,52.234026,4
156,722,21.1671713,1847,2021-06-26 17:55:41,52.2257506,62
157,198,21.1158643,1848,2021-06-25 20:42:24,52.2333196,2
158,198,21.223734,1849,2021-06-26 17:55:25,52.2538301,1
159,183,21.115764,1850,2021-06-25 21:22:25,52.233265,3
160,183,21.1154913,1851,2021-06-26 00:18:45,52.2331743,07
161,198,21.2433036,1854,2021-06-26 17:55:43,52.2215533,2
162,146,21.115132,1856,2021-06-26 00:38:41,52.233222,4
163,115,21.115681,1857,2021-06-26 00:02:26,52.2331425,5
164,146,21.1166211,1858,2021-06-25 20:46:49,52.2331278,07
165,198,21.1172503,1859,2021-06-25 19:30:46,52.2330405,05
166,115,21.1153055,1860,2021-06-26 00:28:39,52.2332403,6
167,173,21.0527106,1866,2021-06-26 17:55:39,52.2503391,5
168,173,21.0693826,1867,2021-06-26 17:55:33,52.2503906,1
169,115,21.1165116,1869,2021-06-25 23:18:40,52.2330776,3
170,222,20.9957181,1901,2021-06-26 17:55:35,52.1927523,3
171,251,21.0880734,1909,2021-06-26 17:55:37,52.1584443,3
172,222,21.0152039,1910,2021-06-26 17:55:35,52.1932632,2
173,222,21.021139,1911,2021-06-26 17:55:42,52.23172,1
174,251,21.066486,1912,2021-06-26 17:55:38,52.17001,2
175,222,21.011587,1916,2021-06-26 17:55:42,52.242107,5
176,251,21.123255,1919,2021-06-26 17:55:41,52.089493,1
177,222,21.023542,1920,2021-06-26 17:55:42,52.217026,4
178,178,20.9780795,1995,2021-06-26 17:55:42,52.2291467,2
179,178,21.0040489,1996,2021-06-26 17:55:42,52.2553301,1
180,178,21.012817,1997,2021-06-26 17:55:41,52.241985,5
181,178,20.900291,1998,2021-06-26 17:55:41,52.19035,3
182,178,20.9156311,1999,2021-06-26 17:55:42,52.205355,4
183,171,20.9251224,2009,2021-06-26 17:55:41,52.2724439,1
184,189,20.916782,2015,2021-06-26 17:55:42,52.224453,9
185,187,21.0203739,2016,2021-06-26 17:55:42,52.2181424,5
186,709,21.0178614,2021,2021-06-26 17:55:42,52.1442742,5
187,Z26,20.988127,2022,2021-06-26 17:55:42,52.239998,4
188,172,20.9554632,2024,2021-06-26 17:55:41,52.2117987,63
189,217,21.049849,2026,2021-06-26 17:55:41,52.173759,3
190,519,21.092699,2027,2021-06-26 17:55:42,52.11689,3
191,172,20.9753907,2028,2021-06-26 17:55:42,52.2113795,1
192,189,20.89746,2029,2021-06-26 17:55:42,52.2276797,8
193,Z26,20.977037,2030,2021-06-26 17:55:41,52.236191,7
194,522,21.076368,2032,2021-06-26 17:55:42,52.157013,3
195,174,20.9986185,2035,2021-06-26 17:55:42,52.2324292,2
196,709,21.022585,2038,2021-06-26 17:55:41,52.082966,6
197,709,21.0170417,2039,2021-06-26 17:55:41,52.0676737,1
198,709,21.01882,2040,2021-06-26 17:55:42,52.092934,2
199,709,21.017374,2041,2021-06-26 17:55:41,52.153061,3
200,709,21.025635,2042,2021-06-26 17:55:41,52.179821,4
201,517,20.8617596,2200,2021-06-26 17:55:42,52.1909484,1
202,N35,20.921913,2206,2021-06-26 06:01:56,52.1961371,237
203,184,20.9390875,2210,2021-06-26 17:55:42,52.2783402,3
204,191,20.9835164,2213,2021-06-26 17:55:41,52.2192832,1
205,189,20.9233825,2227,2021-06-26 17:55:41,52.1972874,4
206,105,20.922151,2236,2021-06-26 00:04:20,52.196038,4
207,189,21.068865,2237,2021-06-26 17:55:42,52.18129,14
208,124,20.965111,2240,2021-06-26 17:55:41,52.155338,2
209,105,20.896679,2247,2021-06-26 17:55:40,52.235485,5
210,141,20.921326,2253,2021-06-25 18:30:50,52.197259,014
211,401,20.920378,2254,2021-06-25 19:44:39,52.196613,012
212,191,20.908768,2258,2021-06-26 17:55:42,52.192963,3
213,L20,21.471462,24511,2021-06-25 23:35:10,52.132233,1
214,L20,21.471769,24513,2021-06-26 15:05:20,52.132652,1
215,L20,21.259769,24515,2021-06-26 17:55:41,52.107792,1
216,162,21.0369668,3400,2021-06-26 17:55:37,52.2526123,5
217,185,20.9858998,3401,2021-06-26 17:55:42,52.2692071,6
218,723,20.915241,3403,2021-06-26 17:55:39,52.4108816,3
219,735,20.9681855,3404,2021-06-26 17:55:42,52.2719786,63
220,731,21.000861,3405,2021-06-26 17:55:38,52.29124,3
221,414,21.047923,3406,2021-06-25 20:26:01,52.264541,07
222,731,20.9255505,3407,2021-06-26 17:55:34,52.4216321,1
223,738,21.0485045,3408,2021-06-26 01:02:31,52.264437,1
224,414,21.0468988,3409,2021-06-25 20:46:35,52.2649078,08
225,126,20.940632,3410,2021-06-26 17:55:36,52.3270671,2
226,169,21.04371,3411,2021-06-25 21:40:49,52.265391,1
227,140,21.060526,3413,2021-06-26 17:55:39,52.2737455,1
228,509,20.9406078,3414,2021-06-26 17:55:40,52.3268038,2
229,114,21.0478216,3415,2021-06-25 23:08:38,52.2646596,5
230,723,21.0454035,3417,2021-06-25 21:48:49,52.2654235,1
231,145,21.0757951,3421,2021-06-26 17:55:41,52.2868668,7
232,509,21.0567881,3422,2021-06-26 17:55:38,52.2375106,355
233,Z26,21.015063,3423,2021-06-26 17:55:40,52.2466978,1
234,169,21.0477433,3429,2021-06-25 23:04:14,52.2646666,3
235,126,21.0568708,3430,2021-06-26 17:55:39,52.3019111,4
236,114,21.04857,3434,2021-06-26 00:33:00,52.264513,2
237,518,21.0478431,3437,2021-06-25 23:46:13,52.264609,6
238,705,21.1359046,3438,2021-06-26 17:55:41,52.482356,66
239,738,21.0708053,3440,2021-06-26 17:55:41,52.2812573,2
240,114,21.0428833,3441,2021-06-25 23:51:31,52.2659116,7
241,140,21.1232468,3444,2021-06-26 17:55:41,52.3451545,2
242,509,20.9764863,3446,2021-06-26 17:55:14,52.3148731,4
243,731,20.922215,3447,2021-06-26 17:55:40,52.380613,2
244,126,21.0022396,3448,2021-06-26 17:55:34,52.3128638,1
245,518,21.043485,3449,2021-06-25 21:30:55,52.265478,7
246,126,20.9827486,3450,2021-06-26 17:55:34,52.3087536,3
247,126,21.0501118,3451,2021-06-26 17:55:40,52.2906945,M5
248,705,21.0054511,3454,2021-06-26 17:55:28,52.3146575,62
249,145,21.0002215,3455,2021-06-26 17:55:40,52.291333,6
250,Z26,20.9742641,3456,2021-06-26 17:55:36,52.2353758,5
251,169,21.043935,3457,2021-06-25 23:56:08,52.265611,5
252,509,21.0221376,3458,2021-06-26 17:55:40,52.263618,5
253,Z26,20.9745398,3459,2021-06-26 17:55:42,52.2353793,6
254,738,21.110387,3461,2021-06-26 17:55:40,52.3295601,3
255,731,21.04776,3463,2021-06-26 00:40:56,52.264114,5
256,735,21.0444471,3464,2021-06-25 23:05:19,52.2656713,64
257,723,21.0441993,3466,2021-06-26 00:00:11,52.265954,2
258,738,21.2014221,3469,2021-06-26 17:55:37,52.4101873,1
259,L19,21.034472,36443,2021-06-26 17:31:57,52.083504,51
260,L17,20.899836,36444,2021-06-26 13:08:02,51.912342,51
261,L25,21.154259,36448,2021-06-26 17:55:42,51.970833,1
262,L39,21.05286,38541,2021-06-26 17:55:39,52.09613,4
263,L39,21.024342,38545,2021-06-26 17:55:42,52.061989,3
264,L52,21.026039,38546,2021-06-26 17:55:38,52.075546,51
265,L39,20.989628,38547,2021-06-26 17:45:51,52.110771,1
266,L39,21.043283,38548,2021-06-26 17:55:42,52.084061,2
267,L23,21.017006,38549,2021-06-26 17:55:41,52.068279,51
268,L-5,20.998344,39551,2021-06-26 17:55:37,52.051682,62
269,L-2,21.034941,39552,2021-06-25 19:11:52,52.083633,063
270,L25,21.191267,39555,2021-06-25 23:37:02,51.987377,1
271,L13,21.029224,39556,2021-06-26 17:55:37,52.028301,63
272,L-5,21.026562,39558,2021-06-26 17:55:40,52.07563,61
273,L-2,20.898073,39559,2021-06-26 17:55:42,52.00819,1
274,L13,21.217253,39561,2021-06-25 20:05:15,51.98262,03
275,L12,21.029551,39562,2021-06-26 17:55:39,52.074604,1
276,L12,21.034851,39565,2021-06-26 12:57:20,52.083328,1
277,197,20.9540591,4200,2021-06-26 17:55:41,52.2833069,3
278,721,20.904009,4201,2021-06-26 17:55:40,52.14072,75
279,711,20.872803,4205,2021-06-26 17:55:42,52.123047,1
280,122,20.896763,4206,2021-06-26 17:55:42,52.2413314,1
281,141,21.013123,4208,2021-06-26 17:55:42,52.195992,9
282,197,20.956032,4213,2021-06-26 17:55:41,52.283379,4
283,154,20.8857117,4214,2021-06-26 17:55:41,52.2638181,6
284,141,21.0347825,4216,2021-06-26 17:55:40,52.2017235,5
285,154,20.971039,4217,2021-06-26 17:55:41,52.193771,2
286,154,20.9525294,4218,2021-06-26 17:55:41,52.2277882,1
287,255,20.945877,4219,2021-06-26 17:55:42,52.224995,1
288,714,20.9500917,4220,2021-06-26 17:55:40,52.2385991,1
289,255,20.949041,4224,2021-06-26 17:55:41,52.226147,2
290,714,20.862719,4226,2021-06-26 17:55:42,52.250103,2
291,122,20.9437589,4227,2021-06-26 17:55:41,52.268995,2
292,154,20.973141,4231,2021-06-26 17:55:41,52.207382,4
293,141,20.9441077,4232,2021-06-26 17:55:42,52.1754544,7
294,197,20.939074,4233,2021-06-26 17:55:42,52.246136,5
295,L-1,20.89243,42361,2021-06-26 14:43:02,52.090702,1
296,154,20.9381717,4238,2021-06-26 17:55:41,52.2395836,5
297,141,21.112934,4240,2021-06-26 17:55:42,52.236351,3
298,122,20.9864535,4241,2021-06-26 17:55:42,52.2794604,4
299,122,20.945435,4242,2021-06-26 17:55:42,52.265259,5
300,197,20.9429264,4243,2021-06-26 17:55:42,52.2462846,2
301,901,21.0368084,4244,2021-06-26 17:55:41,52.2217856,1
302,901,21.003616,4246,2021-06-26 17:55:42,52.22953,3
303,154,20.943853,4247,2021-06-26 17:55:40,52.175423,3
304,154,20.898489,4248,2021-06-26 17:55:41,52.250923,7
305,L-1,20.93656,42498,2021-06-23 19:45:16,52.08992,2
306,L-3,20.905821,42500,2021-06-26 17:55:15,52.091759,1
307,147,21.0522465,4305,2021-06-26 17:55:42,52.2502409,56
308,202,21.0512676,4307,2021-06-26 17:55:42,52.2473381,1
309,119,21.0004055,4311,2021-06-26 17:55:38,52.2061276,2
310,105,16.9750897,4332,2021-06-26 13:35:37,52.5472771,4
311,512,21.038239,4400,2021-06-26 17:55:41,52.252045,4
312,197,20.8694185,4402,2021-06-26 17:55:42,52.2066814,6
313,221,20.9791679,4404,2021-06-26 17:55:41,52.2598781,1
314,120,21.053061,4405,2021-06-26 17:55:41,52.273502,4
315,156,21.0610011,4406,2021-06-26 17:55:42,52.2692687,1
316,N02,21.044418,4407,2021-06-26 06:46:43,52.265051,3
317,240,21.054539,4408,2021-06-26 17:55:40,52.296017,1
318,197,20.8742559,4409,2021-06-26 17:55:42,52.2015757,1
319,197,20.862457,4410,2021-06-26 17:55:42,52.190239,7
320,120,21.0598265,4411,2021-06-26 17:55:41,52.3283615,7
321,106,20.9651377,4412,2021-06-26 17:55:41,52.2366177,4
322,152,21.04444,4413,2021-06-25 20:19:00,52.265066,06
323,N16,21.045311,4415,2021-06-26 05:39:26,52.264876,1
324,120,21.045601,4417,2021-06-26 13:08:26,52.264446,1
325,199,21.0444199,4418,2021-06-25 20:09:09,52.264953,2
326,901,21.013504,4420,2021-06-26 17:55:42,52.230133,2
327,166,21.038132,4421,2021-06-26 17:55:42,52.234856,5
328,N03,21.0459804,4422,2021-06-26 05:41:10,52.2641299,1
329,166,21.036982,4423,2021-06-26 17:55:39,52.199898,2
330,901,21.0110011,4424,2021-06-26 17:55:42,52.2298939,4
331,512,21.051409,4425,2021-06-26 17:55:39,52.28447,2
332,120,21.050795,4428,2021-06-26 17:55:41,52.252487,3
333,512,21.064169,4429,2021-06-26 17:55:41,52.287045,3
334,120,21.066916,4431,2021-06-26 17:55:43,52.318714,5
335,512,21.052217,4434,2021-06-26 17:55:40,52.252918,5
336,100,21.0102785,4617,2021-06-26 17:55:34,52.2319505,M1
337,184,20.9650865,5205,2021-06-26 17:55:42,52.217838,6
338,189,21.026708,5206,2021-06-26 17:55:39,52.1733236,2
339,105,20.9689888,5208,2021-06-26 17:55:38,52.2288767,1
340,188,20.9805092,5209,2021-06-26 17:55:34,52.1894531,3
341,105,20.9344086,5210,2021-06-26 17:55:39,52.2245193,2
342,172,20.984336,5211,2021-06-26 17:55:37,52.199215,4
343,189,21.0008396,5212,2021-06-26 17:55:37,52.1785602,11
344,105,20.8966328,5214,2021-06-26 17:55:32,52.2321632,3
345,189,21.056766,5215,2021-06-26 17:55:24,52.1824,13
346,716,20.8961367,5216,2021-06-26 17:55:33,52.2009178,1
347,172,20.9593858,5217,2021-06-26 17:55:34,52.2111694,2
348,523,21.0348809,5221,2021-06-26 17:55:37,52.2218165,3
349,517,20.9153636,5222,2021-06-26 17:55:34,52.1995974,2
350,523,20.9187005,5223,2021-06-26 17:55:35,52.23987,1
351,171,20.9280446,5224,2021-06-26 17:55:40,52.2636078,3
352,105,20.8989667,5225,2021-06-26 17:55:34,52.2387795,4
353,210,20.9328817,5228,2021-06-26 17:55:33,52.2884187,3
354,187,20.9157048,5229,2021-06-26 17:55:42,52.1993511,1
355,171,20.9568852,5232,2021-06-26 17:55:34,52.2380593,4
356,136,21.006576,5234,2021-06-26 17:55:27,52.171061,5
357,184,20.9638764,5235,2021-06-26 17:55:32,52.2080615,1
358,517,20.9781566,5236,2021-06-26 17:55:36,52.2171742,5
359,Z10,20.924817,5237,2021-06-26 17:55:35,52.2606433,3
360,171,20.9248295,5238,2021-06-26 17:55:33,52.2726147,2
361,171,21.0210783,5240,2021-06-26 17:55:33,52.2318723,5
362,191,20.9718582,5241,2021-06-26 17:55:36,52.2127152,2
363,148,20.9781336,5242,2021-06-26 17:55:39,52.1694138,4
364,190,20.920664,5245,2021-06-25 20:12:48,52.196575,016
365,523,21.10693,5253,2021-06-26 17:55:35,52.2481813,5
366,141,20.9224014,5255,2021-06-26 00:37:46,52.1970728,4
367,182,20.92243,5256,2021-06-25 19:09:29,52.1956758,011
368,188,20.977971,5257,2021-06-26 17:55:24,52.169591,52
369,187,20.8638399,5258,2021-06-26 17:55:32,52.1955941,2
370,184,20.9262592,5260,2021-06-26 17:55:32,52.262325,5
371,N46,21.047172,5403,2021-06-26 06:04:29,52.2647932,150
372,500,21.042042,5404,2021-06-26 17:55:41,52.300301,52
373,169,21.042995,5406,2021-06-26 17:55:41,52.274567,5
374,705,20.9898446,5407,2021-06-26 17:55:42,52.3026917,65
375,160,21.014746,5410,2021-06-26 17:55:41,52.246773,M5
376,500,20.98397,5412,2021-06-26 17:55:41,52.2550709,54
377,160,21.058466,5413,2021-06-26 17:55:42,52.266186,M2
378,500,21.0416882,5419,2021-06-26 17:55:42,52.3003714,M56
379,169,21.0474225,5422,2021-06-26 17:55:42,52.2648026,2
380,527,21.0615991,5425,2021-06-26 17:55:41,52.3085359,3
381,162,21.031065,5426,2021-06-26 17:55:41,52.261116,1
382,162,21.0375234,5428,2021-06-26 17:55:41,52.2175474,2
383,185,21.006372,5429,2021-06-26 17:55:42,52.261654,8
384,112,21.0850552,5430,2021-06-26 17:55:42,52.3046671,3
385,145,21.0802999,5432,2021-06-26 17:55:42,52.2866049,4
386,409,21.023964,5433,2021-06-26 17:55:41,52.264488,57
387,112,20.88311,5434,2021-06-26 17:55:41,52.21479,9
388,169,21.038572,5435,2021-06-26 17:55:42,52.251801,3
389,527,21.0452934,5436,2021-06-26 17:55:42,52.2760789,2
390,409,20.923109,5437,2021-06-26 17:55:42,52.277462,53
391,160,21.0683619,5438,2021-06-26 17:55:42,52.3235864,7
392,112,20.938736,5439,2021-06-26 17:55:38,52.277363,12
393,500,21.0462866,5441,2021-06-26 17:55:42,52.2812527,55
394,160,21.0029209,5443,2021-06-26 17:55:41,52.2292225,4
395,520,21.1355,5445,2021-06-26 17:55:38,52.2417,4
396,511,20.927996,5448,2021-06-26 17:55:41,52.291447,1
397,160,21.0469337,5449,2021-06-26 17:55:42,52.2830377,1
398,527,21.068418,5453,2021-06-26 17:55:42,52.323414,1
399,160,21.0027127,5454,2021-06-26 17:55:42,52.2296542,3
400,723,20.9973302,5455,2021-06-26 17:55:41,52.2954922,2
401,511,20.9705769,5459,2021-06-26 17:55:41,52.3228674,2
402,185,21.022003,5460,2021-06-26 17:55:41,52.142654,3
403,180,21.012712,5870,2021-06-26 17:55:38,52.240181,7
404,503,21.024897,5871,2021-06-26 17:55:41,52.220489,3
405,503,21.00231,5873,2021-06-26 17:55:38,52.254742,5
406,503,21.012156,5875,2021-06-26 17:55:40,52.24609,7
407,180,20.98933,5876,2021-06-26 17:55:42,52.247601,62
408,175,20.988588,5880,2021-06-26 17:55:42,52.224831,55
409,175,20.978214,5882,2021-06-26 17:55:42,52.169453,53
410,128,21.012915,5884,2021-06-26 17:55:40,52.243042,51
411,175,20.982538,5886,2021-06-26 17:55:38,52.194008,52
412,128,21.010378,5887,2021-06-26 17:55:38,52.229507,64
413,128,20.963465,5889,2021-06-26 17:55:40,52.20779,59
414,180,21.075878,5890,2021-06-26 17:55:41,52.176708,3
415,180,20.945494,5891,2021-06-26 17:55:38,52.265545,11
416,180,21.048626,5892,2021-06-26 17:55:40,52.205742,5
417,128,20.982286,5895,2021-06-26 17:55:40,52.201633,60
418,128,20.998121,5897,2021-06-25 23:36:40,52.187019,51
419,503,21.007017,5898,2021-06-26 17:55:42,52.238323,4
420,111,21.1024367,5900,2021-06-26 17:55:40,52.222046,4
421,158,21.068413,5902,2021-06-26 17:55:41,52.241524,5
422,128,20.971401,5904,2021-06-26 17:55:39,52.205917,58
423,116,20.925007,5905,2021-06-26 17:55:39,52.272346,69
424,158,21.117008,5907,2021-06-25 21:44:36,52.233902,5
425,175,21.116972,5908,2021-06-25 19:38:19,52.233955,068
426,116,21.116823,5910,2021-06-26 00:07:33,52.233971,17
427,158,20.982449,5913,2021-06-26 17:55:41,52.221546,6
428,158,21.1176624,5915,2021-06-26 17:55:39,52.2337624, 
429,111,21.019033,5920,2021-06-26 17:55:38,52.231285,6
430,116,21.052191,5921,2021-06-26 17:55:42,52.185009,5
431,111,21.107388,5922,2021-06-26 07:42:12,52.233645, 
432,111,21.116245,5926,2021-06-26 00:24:55,52.234005,5
433,111,21.093096,5927,2021-06-26 17:55:41,52.227787,3
434,111,20.979141,5931,2021-06-26 17:55:38,52.244373,8
435,128,21.012909,5932,2021-06-26 17:55:40,52.243191,61
436,158,20.9754509,5933,2021-06-26 17:55:41,52.2212322,1
437,158,21.1181184,5934,2021-06-26 17:55:42,52.2334199, 
438,503,21.115843,5935,2021-06-26 00:31:56,52.233995,013
439,116,21.05632,5936,2021-06-26 17:55:40,52.181099,4
440,503,21.0457251,5937,2021-06-26 17:55:42,52.1499826,1
441,175,21.0126,5939,2021-06-26 17:55:42,52.2432,56
442,116,21.084108,5940,2021-06-26 17:55:39,52.167847,3
443,175,21.115613,5941,2021-06-25 21:43:06,52.234041,63
444,116,20.992779,5942,2021-06-26 17:55:40,52.262009,7
445,503,21.040142,5943,2021-06-26 17:55:37,52.169674,9
446,158,21.072401,5946,2021-06-26 17:55:38,52.241234,2
447,175,20.973612,5947,2021-06-26 17:55:39,52.171104,54
448,116,21.01235,5948,2021-06-26 17:55:39,52.228447,56
449,518,20.974712,5950,2021-06-26 17:55:41,52.271355,2
450,518,21.046429,5952,2021-06-26 17:55:38,52.264919,2
451,503,21.037058,5954,2021-06-26 17:55:41,52.163284,2
452,503,21.023125,5956,2021-06-26 17:55:42,52.228081,8
453,E-9,21.045723,5962,2021-06-25 20:17:53,52.265643,06
454,180,20.924999,5964,2021-06-26 17:55:42,52.272411,10
455,723,21.047304,5966,2021-06-25 18:56:33,52.265156,07
456,180,21.073933,5967,2021-06-26 17:55:40,52.177776,4
457,180,21.007601,5968,2021-06-26 17:55:42,52.238445,1
458,116,20.933504,5969,2021-06-26 17:55:42,52.27861,8
459,518,20.9896,5976,2021-06-26 17:55:40,52.3028,6
460,518,21.012495,5978,2021-06-26 17:55:42,52.24297,3
461,518,21.010197,5979,2021-06-26 17:55:40,52.247017,5
462,518,20.942131,5980,2021-06-26 17:55:42,52.334549,7
463,518,21.023457,5981,2021-06-26 17:55:38,52.228275,4
464,503,21.002508,5983,2021-06-26 17:55:41,52.254807,6
465,111,21.059797,5984,2021-06-26 17:55:39,52.234657,5
466,111,21.000401,5985,2021-06-26 17:55:38,52.24506,7
467,111,21.055601,5986,2021-06-26 17:55:42,52.23864,2
468,180,20.929104,5987,2021-06-26 17:55:42,52.271233,9
469,180,21.022442,5988,2021-06-26 17:55:38,52.228333,6
470,180,21.03145,5990,2021-06-26 17:55:38,52.207104,2
471,180,20.979996,5991,2021-06-26 17:55:41,52.253304,58
472,518,20.936588,5994,2021-06-26 17:55:40,52.328136,1
473,116,21.0344102,5995,2021-06-26 17:55:41,52.2030004,2
474,116,21.012112,5996,2021-06-26 17:55:41,52.230198,1
475,116,20.995981,5997,2021-06-26 17:55:41,52.258038,11
476,116,20.948132,5998,2021-06-26 17:55:39,52.276974,10
477,111,21.009954,5999,2021-06-26 17:55:40,52.239189,1
478,167,20.9777502,6201,2021-06-26 17:55:41,52.2122281,2
479,713,20.774523,6203,2021-06-26 17:55:39,52.211243,1
480,713,20.9301261,6204,2021-06-26 17:55:42,52.22483,2
481,112,20.966837,6207,2021-06-26 17:55:42,52.273201,6
482,112,20.993448,6208,2021-06-26 17:55:41,52.286617,1
483,112,20.9140589,6210,2021-06-26 17:55:42,52.229017,M11
484,112,20.8966867,6212,2021-06-26 17:55:41,52.2190249,8
485,136,20.987415,6213,2021-06-26 17:55:41,52.20956,10
486,187,20.862453,6214,2021-06-26 17:55:41,52.194965,3
487,210,20.852671,6220,2021-06-26 17:55:41,52.292416,1
488,187,20.925303,6222,2021-06-26 17:55:41,52.196465,4
489,189,20.936035,6223,2021-06-26 17:55:41,52.194534,10
490,187,20.982529,6226,2021-06-26 17:55:42,52.21595,8
491,191,20.9305189,6227,2021-06-26 17:55:42,52.2025144,6
492,136,21.055679,6236,2021-06-26 17:55:41,52.147404,7
493,716,20.840334,6239,2021-06-26 17:55:42,52.189281,3
494,184,20.933083,6241,2021-06-26 17:55:41,52.289524,4
495,703,20.855928,6242,2021-06-26 17:55:42,52.114037,74
496,706,20.947243,6243,2021-06-26 17:55:41,52.177044,1
497,L29,20.462545,65471,2021-06-26 17:55:36,52.267742,1
498,112,20.91613,7200,2021-06-26 17:55:40,52.254238,7
499,124,20.9302914,7201,2021-06-26 17:55:42,52.1633007,1
500,Z10,20.913326,7202,2021-06-26 17:55:41,52.251884,5
501,112,21.05512,7206,2021-06-26 17:55:42,52.296616,4
502,Z10,20.9108659,7208,2021-06-26 17:55:41,52.2479639,1
503,189,20.898769,7214,2021-06-26 17:55:42,52.238655,7
504,728,20.941492,7217,2021-06-26 17:55:42,52.174107,72
505,728,20.880228,7218,2021-06-26 17:55:41,52.02227,71
506,517,21.010756,7224,2021-06-26 17:55:41,52.231628,4
507,112,21.059374,7225,2021-06-26 17:55:43,52.303558,2
508,112,20.9208932,7226,2021-06-26 13:08:33,52.1969334,4
509,184,20.945707,7227,2021-06-26 17:55:41,52.2391182,2
510,Z10,20.914904,7228,2021-06-26 17:55:42,52.234394,6
511,716,20.930555,7229,2021-06-26 17:55:42,52.2250437,2
512,Z10,20.9308165,7234,2021-06-26 17:55:43,52.225432,7
513,124,20.921078,7240,2021-06-25 18:26:53,52.196911,03
514,187,21.0572377,7241,2021-06-26 17:55:41,52.1921709,7
515,187,21.048248,7243,2021-06-26 17:55:41,52.178192,6
516,210,20.7868379,7244,2021-06-26 17:55:42,52.3000362,2
517,167,21.057579,7245,2021-06-26 17:55:41,52.21312,6
518,191,20.870403,7247,2021-06-26 17:55:41,52.183567,4
519,172,21.046173,7248,2021-06-26 17:55:41,52.190773,7
520,189,20.9113819,7249,2021-06-26 17:55:42,52.2286422,5
521,188,20.981581,7250,2021-06-26 17:55:41,52.190922,1
522,517,20.893963,7251,2021-06-26 17:55:40,52.191849,6
523,182,20.982044,7252,2021-06-26 17:55:42,52.215961,2
524,517,21.0023994,7254,2021-06-26 17:55:42,52.2280129,3
525,523,20.982908,7255,2021-06-26 17:55:42,52.2159875,7
526,191,20.8705355,7256,2021-06-26 17:55:42,52.1833516,5
527,188,21.12903,7257,2021-06-26 17:55:42,52.24004,5
528,182,21.1129997,7259,2021-06-26 17:55:42,52.2362695,4
529,138,21.100607,7301,2021-06-26 17:55:41,52.260635,6
530,141,21.07955,7303,2021-06-26 17:55:24,52.236645,4
531,148,21.087099,7304,2021-06-26 17:55:42,52.2447942,9
532,151,21.029531,7305,2021-06-26 17:55:43,52.220287,2
533,182,20.990559,7306,2021-06-26 17:55:41,52.216515,3
534,162,21.0849857,7308,2021-06-26 17:55:42,52.1932922,3
535,507,21.013943,7310,2021-06-26 17:55:41,52.230362,2
536,125,21.19648,7312,2021-06-26 17:55:41,52.208317,2
537,E-1,21.1167422,7314,2021-06-25 19:42:06,52.2335197,01
538,520,21.156069,7315,2021-06-26 17:55:39,52.24043,5
539,143,21.1164757,7317,2021-06-25 19:35:11,52.2334452,3
540,162,21.05039,7322,2021-06-26 17:55:41,52.199432,4
541,523,20.957466,7324,2021-06-26 17:55:42,52.227551,2
542,520,21.0096632,7325,2021-06-26 17:55:41,52.2335419,2
543,148,21.0155229,7326,2021-06-26 17:55:42,52.1533931,5
544,138,21.052231,7327,2021-06-26 17:55:41,52.258904,7
545,171,20.912943,7328,2021-06-26 17:55:42,52.239265,8
546,520,21.004023,7331,2021-06-26 17:55:41,52.241085,1
547,150,20.930849,753,2021-06-26 17:55:42,52.291485,3
548,750,20.856981,755,2021-06-26 17:55:42,52.360104,2
549,250,20.893251,757,2021-06-26 17:55:43,52.295364,1
550,750,20.71496,758,2021-06-26 17:55:43,52.39217,3
551,150,20.901392,761,2021-06-26 17:55:41,52.328205,1
552,250,20.884291,763,2021-06-26 17:55:43,52.321354,3
553,521,20.979408,7701,2021-06-26 17:55:38,52.2146509,3
554,750,20.8950405,773,2021-06-26 17:55:40,52.337816333,4
555,250,20.927742,775,2021-06-26 17:55:37,52.291153,2
556,750,20.928406,776,2021-06-26 17:55:42,52.292507,1
557,150,20.847191,777,2021-06-26 17:55:43,52.34161,2
558,138,21.0024296,8120,2021-06-26 17:55:36,52.1835003,1
559,185,20.975536,8138,2021-06-26 17:55:37,52.2896408,7
560,172,21.0691381,8139,2021-06-26 17:55:39,52.1814068,6
561,727,20.997388,8148,2021-06-25 21:39:43,52.187336,4
562,522,21.0155888,8154,2021-06-26 17:55:35,52.2196396,6
563,167,20.9883985,8166,2021-06-26 17:55:32,52.2165276,5
564,143,21.0861031,8167,2021-06-26 17:55:34,52.2452426,2
565,522,20.998243,8174,2021-06-25 20:09:50,52.1878,013
566,504,21.0045158,8178,2021-06-26 17:55:40,52.2298653,3
567,519,20.996546,8180,2021-06-25 22:35:23,52.187545,5
568,136,20.9890058,8181,2021-06-26 17:55:37,52.1892573,4
569,138,20.995435,8183,2021-06-26 17:55:34,52.170176,2
570,172,21.0084363,8184,2021-06-26 17:55:39,52.1954446,8
571,504,20.9834255,8187,2021-06-26 17:55:37,52.198061,2
572,519,21.092856,8188,2021-06-26 17:55:31,52.117043,2
573,504,21.0377091,8189,2021-06-26 17:55:37,52.1501175,5
574,198,21.1173818,8210,2021-06-25 18:57:27,52.2334423,04
575,151,21.1167196,8218,2021-06-25 19:22:39,52.2335221,04
576,514,21.2437281,8222,2021-06-26 17:55:40,52.2486096,4
577,188,21.1161338,8225,2021-06-25 20:54:43,52.2335866,08
578,143,21.114924,8228,2021-06-25 23:38:50,52.234206,6
579,509,21.116793,8231,2021-06-25 20:04:19,52.233758,021
580,514,21.1164948,8300,2021-06-26 17:55:39,52.2327816,3
581,502,21.2173806,8301,2021-06-26 17:55:35,52.2144335,4
582,125,21.0847943,8303,2021-06-26 17:55:34,52.2453966,5
583,125,21.1267615,8305,2021-06-26 17:55:39,52.233571,3
584,509,20.942211,8310,2021-06-26 17:55:29,52.334544,3
585,502,21.015433,8313,2021-06-26 17:55:28,52.219344,6
586,182,21.11721,8315,2021-06-25 19:08:30,52.233705,013
587,145,21.129396,8317,2021-06-26 17:55:26,52.251543,1
588,188,21.0659296,8318,2021-06-26 17:55:35,52.2292586,6
589,168,21.11586,8320,2021-06-25 21:27:01,52.23366,07
590,514,21.015622,8323,2021-06-26 17:55:44,52.2192483,2
591,145,21.0884181,8324,2021-06-26 17:55:40,52.2448291,2
592,720,21.4633516,8325,2021-06-26 17:55:45,52.1329118,1
593,125,21.117233,8327,2021-06-25 20:58:39,52.234053,3
594,145,21.0005063,8328,2021-06-26 17:55:42,52.2912571,5
595,411,21.117353,8330,2021-06-25 20:35:38,52.233359,53
596,148,21.0937853,8331,2021-06-26 17:55:39,52.2248561,1
597,502,21.015346,8335,2021-06-26 17:55:28,52.218691,1
598,143,21.0049043,8339,2021-06-26 17:55:38,52.2169191,1
599,704,21.3479105,8340,2021-06-26 17:55:41,52.2223871,1
600,171,21.033693,8342,2021-06-26 17:55:41,52.227451,6
601,151,21.0748117,8344,2021-06-26 17:55:33,52.23303,3
602,185,21.05664,8345,2021-06-26 17:55:41,52.193045,1
603,145,21.116836,8346,2021-06-25 19:31:54,52.233566,016
604,145,21.116093,8347,2021-06-25 19:40:44,52.233476,012
605,523,20.8983233,8348,2021-06-26 17:55:28,52.2584817,9
606,507,21.066546,8349,2021-06-26 17:55:33,52.226281,5
607,411,21.116288,8350,2021-06-25 20:43:54,52.233658,061
608,125,21.0389683,8351,2021-06-26 17:55:27,52.2427933,4
609,125,21.1700883,8352,2021-06-26 17:55:35,52.2104533,1
610,151,21.1050067,8353,2021-06-26 17:55:37,52.2302017,1
611,521,21.0186833,8355,2021-06-26 17:55:40,52.2312333,2
612,N03,21.117188,8357,2021-06-26 05:01:26,52.233246,254
613,502,21.225205,8358,2021-06-26 17:55:32,52.2237867,3
614,507,21.102319,8360,2021-06-26 17:55:33,52.222026,4
615,704,21.0885917,8362,2021-06-26 17:55:29,52.2449017,2
616,521,21.1869983,8363,2021-06-26 17:55:23,52.1854367,5
617,507,21.005385,8366,2021-06-26 17:55:27,52.2294917,1
618,143,21.1221317,8367,2021-06-26 17:55:40,52.236385,6
619,502,21.14075,8368,2021-06-26 17:55:42,52.2281333,5
620,521,21.1812,8369,2021-06-26 17:55:30,52.19105,1
621,141,21.117058,8397,2021-06-25 19:41:02,52.233698,012
622,502,21.1151075,8403,2021-06-25 23:03:57,52.2336293,064
623,411,21.1156411,8440,2021-06-25 20:20:48,52.2335555,062
624,511,20.958208,8443,2021-06-26 17:55:41,52.338062,3
625,112,20.90134,8445,2021-06-26 17:55:42,52.227997,10
626,169,21.0357904,8447,2021-06-26 17:55:42,52.2965102,2
627,509,21.001437,8448,2021-06-26 17:55:42,52.2916329,1
628,160,21.046703,8450,2021-06-26 17:55:40,52.282383,6
629,409,20.920861,8452,2021-06-26 17:55:42,52.3142551,58
630,735,21.011785,8454,2021-06-26 17:55:40,52.4531727,61
631,112,21.03307,8455,2021-06-26 17:55:42,52.297047,5
632,731,20.935723,8457,2021-06-26 17:55:41,52.3767177,4
633,185,21.0485019,8458,2021-06-26 11:00:08,52.2645874,6
634,169,21.051765,8459,2021-06-26 17:55:42,52.25288,4
635,409,20.8868345,8460,2021-06-26 17:55:42,52.3046834,51
636,169,21.041918,8461,2021-06-26 17:55:41,52.300156,1
637,141,20.957853,8500,2021-06-26 17:55:33,52.190268,8
638,Z26,21.022005,8501,2021-06-26 17:55:34,52.249275,3
639,522,21.079844,8502,2021-06-26 17:55:37,52.15789,2
640,189,21.0553167,8504,2021-06-26 17:55:32,52.181365,1
641,N33,20.996476,8505,2021-06-26 05:42:44,52.187546,172
642,185,20.997366,8507,2021-06-25 23:56:14,52.186391,9
643,174,21.0182383,8508,2021-06-26 17:55:26,52.1872933,3
644,189,20.996501,8509,2021-06-26 00:35:47,52.18806,12
645,331,20.997095,8511,2021-06-25 18:21:40,52.187653,01
646,148,20.998374,8514,2021-06-26 00:52:13,52.188333,5
647,N37,20.998273,8516,2021-06-26 05:43:10,52.188213,246
648,136,20.9621433,8517,2021-06-26 17:55:35,52.2161883,3
649,165,20.990533,8520,2021-06-26 17:55:35,52.156913,3
650,185,21.048545,8521,2021-06-26 17:55:31,52.1516467,2
651,136,21.03652,8522,2021-06-26 17:55:28,52.1504217,8
652,733,20.997863,8523,2021-06-25 20:19:16,52.187501,62
653,185,21.043826,8524,2021-06-26 17:55:29,52.174426,4
654,519,21.099948,8525,2021-06-26 17:55:28,52.135051,4
655,136,21.052106,8528,2021-06-26 17:55:29,52.145569,6
656,143,21.169485,8530,2021-06-26 17:55:32,52.2624133,5
657,308,20.997771,8531,2021-06-25 19:03:30,52.187649,02
658,136,20.997748,8533,2021-06-25 23:20:13,52.188256,10
659,N03,20.997894,8534,2021-06-26 05:57:03,52.18594,156
660,131,20.996449,8535,2021-06-25 22:36:53,52.186401,10
661,519,21.0121967,8536,2021-06-26 17:55:32,52.2295667,7
662,N33,20.996953,8537,2021-06-26 05:04:45,52.186869,173
663,217,21.0696767,8540,2021-06-26 17:55:42,52.16573,2
664,N34,20.996438,8541,2021-06-26 05:33:51,52.187668,149
665,N37,20.99783,8545,2021-06-26 05:44:42,52.187465,132
666,167,20.92576,8547,2021-06-26 17:55:42,52.2341167,3
667,733,20.9433467,8548,2021-06-26 17:55:35,52.1754317,1
668,504,21.0686633,8550,2021-06-26 17:55:27,52.129005,6
669,519,21.062169,8551,2021-06-26 17:55:26,52.175623,5
670,522,21.063773,8552,2021-06-26 17:55:29,52.174353,1
671,Z26,21.035185,8553,2021-06-26 17:55:41,52.2559717,2
672,148,21.1008417,8559,2021-06-26 17:55:41,52.2200117,7
673,151,21.116914,8561,2021-06-25 23:54:17,52.233616,1
674,171,20.9931333,8562,2021-06-26 17:55:39,52.2415,7
675,521,21.116369,8565,2021-06-25 20:39:03,52.233641,08
676,520,21.1284233,8566,2021-06-26 17:55:35,52.234715,6
677,523,21.080995,8567,2021-06-26 17:55:41,52.23847,6
678,509,21.0432217,8569,2021-06-26 17:55:36,52.249055,9
679,148,21.047143,8570,2021-06-26 17:55:36,52.177559,6
680,143,21.177218,8573,2021-06-26 17:55:40,52.256998,4
681,521,21.1280333,8574,2021-06-26 17:55:27,52.2337667,4
682,523,20.9470083,8576,2021-06-26 17:55:37,52.2387233,8
683,141,21.0467417,8578,2021-06-26 17:55:39,52.2129967,1
684,190,21.046053,8582,2021-06-25 18:46:44,52.264343,021
685,523,21.1064783,8586,2021-06-26 17:55:30,52.2475883,4
686,520,21.0499917,8589,2021-06-26 17:55:36,52.2254817,7
687,185,21.04484,8592,2021-06-26 17:55:29,52.220735,5
688,N13,21.114978,8593,2021-06-26 05:47:18,52.233611,247
689,145,21.1342217,8594,2021-06-26 17:55:33,52.24455,3
690,188,21.078325,8595,2021-06-26 17:55:36,52.2355067,4
691,168,21.112704,8800,2021-06-26 17:55:23,52.236296,5
692,189,20.8972315,8802,2021-06-26 17:55:38,52.239664,6
693,148,21.0288138,8804,2021-06-26 17:55:39,52.150462,3
694,168,21.093622,8805,2021-06-26 17:55:40,52.2150236,6
695,136,20.9568791,8806,2021-06-26 17:55:40,52.2379163,1
696,189,20.9839205,8807,2021-06-26 17:55:39,52.1819666,3
697,138,21.054023,8808,2021-06-26 17:55:37,52.234143,4
698,168,20.9953875,8810,2021-06-26 17:55:38,52.1913586,2
699,167,21.048416,8812,2021-06-26 17:55:21,52.208106,1
700,136,20.9660533,8813,2021-06-26 17:55:40,52.24318,2
701,504,20.9844018,8814,2021-06-26 17:55:40,52.1988631,4
702,217,21.0230718,8816,2021-06-26 17:55:40,52.179894,1
703,167,21.082938,8818,2021-06-26 17:55:26,52.208268,7
704,167,20.9330971,8819,2021-06-26 17:55:39,52.234107,4
705,174,20.995326,8820,2021-06-26 17:55:40,52.1702193,371
706,N43,20.9959001,8821,2021-06-26 05:29:35,52.1875351,220
707,189,21.039681,8822,2021-06-26 17:55:37,52.172235,12
708,519,21.0330198,8823,2021-06-26 17:55:41,52.2043533,8
709,148,21.0437173,8825,2021-06-26 17:55:39,52.1728298,2
710,522,21.0361131,8826,2021-06-26 17:55:39,52.201026,318
711,514,21.0837083,8828,2021-06-26 17:55:39,52.235915,1
712,509,21.1023141,8829,2021-06-26 17:55:38,52.2218735,7
713,143,21.0415995,8832,2021-06-26 17:55:40,52.2237426,7
714,502,21.0772188,8833,2021-06-26 17:55:42,52.2349635,2
715,182,21.1137356,8834,2021-06-26 17:55:39,52.2342698,M5
716,N83,21.116546,8839,2021-06-26 05:25:32,52.233586,174
717,520,21.0533536,8840,2021-06-26 17:55:37,52.2263108,3
718,138,21.1172336,8841,2021-06-25 22:19:45,52.2337476,1
719,521,21.1161941,8844,2021-06-25 20:59:15,52.2334716,09
720,138,21.0267361,8846,2021-06-26 17:55:33,52.2196703,8
721,143,21.1449395,8850,2021-06-26 17:55:39,52.2604313,3
722,138,21.0884351,8852,2021-06-26 17:55:38,52.2607301,5
723,509,21.0919673,8853,2021-06-26 17:55:40,52.2250841,8
724,182,21.0894246,8854,2021-06-26 17:55:35,52.2358736,1
725,518,21.047239,8859,2021-06-25 21:49:41,52.2647968,9
726,412,21.047084,8862,2021-06-25 20:21:52,52.264918,05
727,509,21.043849,8863,2021-06-25 22:53:53,52.266028,14
728,723,21.047273,8864,2021-06-25 19:20:55,52.264625,08
729,269,21.043698,8866,2021-06-25 22:15:02,52.266003,04
730,738,21.046916,8868,2021-06-25 18:47:25,52.264738,05
731,340,21.046388,8870,2021-06-25 19:12:44,52.265081,03
732,511,21.046323,8874,2021-06-25 18:33:00,52.265079,05
733,340,21.048342,8876,2021-06-25 18:55:45,52.264397,06
734,723,20.9724935,8878,2021-06-26 17:55:39,52.3209065,1
735,511,21.0472221,8879,2021-06-25 19:11:55,52.2646076,07
736,709,20.996574,8880,2021-06-25 18:58:33,52.18762,016
737,136,21.0018123,8881,2021-06-26 17:55:38,52.1850141,9
738,174,21.0183493,8882,2021-06-26 17:55:35,52.1866466,1
739,165,21.024283,8883,2021-06-26 17:55:34,52.1797788,4
740,504,21.0319298,8885,2021-06-26 17:55:40,52.1496253,1
741,504,20.9985235,8886,2021-06-26 11:14:42,52.1878498,6
742,165,21.0014358,8888,2021-06-26 17:55:38,52.1561783,2
743,165,21.0155486,8891,2021-06-26 17:55:39,52.1799426,1
744,148,21.087141,8893,2021-06-26 17:55:33,52.245003,8
745,172,21.0235718,8895,2021-06-26 17:55:38,52.1994663,5
746,522,21.002148,8896,2021-06-26 17:55:40,52.2303301,5
747,138,21.0011533,8897,2021-06-26 17:55:39,52.1980408,3
748,519,21.084523,8899,2021-06-26 17:55:41,52.1656833,1
749,161,21.198292,9061,2021-06-26 17:55:42,52.170998,1
750,104,21.000483,9063,2021-06-26 17:55:38,52.291565,2
751,161,21.22471,9068,2021-06-26 17:55:42,52.186672,2
752,211,20.9429,9070,2021-06-26 17:55:41,52.343605,3
753,211,20.941458,9074,2021-06-26 17:55:39,52.355324,4
754,211,20.957184,9075,2021-06-26 17:55:40,52.327171,M5
755,234,21.014093,9076,2021-06-26 17:42:18,52.310333,1
756,234,21.063978,9079,2021-06-26 17:55:38,52.341614,2
757,800,20.755512,9082,2021-06-26 17:52:54,52.350357,M1
758,900,20.953594,9084,2021-06-26 17:55:37,52.35886,1
759,161,21.212378,9088,2021-06-26 17:55:39,52.182575,M3
760,104,21.027832,9091,2021-06-26 17:55:37,52.298157,1
761,211,20.958176,9092,2021-06-26 17:55:41,52.313396,2
762,211,21.000988,9093,2021-06-26 17:55:39,52.291714,1
763,219,21.155325,9201,2021-06-26 17:55:38,52.213989,1
764,107,21.007812,9204,2021-06-26 17:55:39,52.243755,1
765,107,20.979353,9205,2021-06-26 17:55:37,52.244484,2
766,121,20.973286,9206,2021-06-26 17:55:38,52.286266,M2
767,209,21.032148,9209,2021-06-26 17:55:39,52.149143,54
768,107,20.991833,9210,2021-06-26 17:55:38,52.244972,3
769,201,20.942907,9212,2021-06-26 17:55:38,52.238728,3
770,121,20.967961,9213,2021-06-26 17:55:36,52.271972,1
771,133,20.97188,9214,2021-06-26 17:55:40,52.349827,1
772,133,20.950607,9215,2021-06-26 17:55:35,52.317245,2
773,164,21.138193,9217,2021-06-26 17:55:36,52.145859,1
774,164,21.058489,9219,2021-06-26 17:55:39,52.183369,3
775,177,20.883598,9220,2021-06-26 17:55:39,52.20578,1
776,177,20.879612,9221,2021-06-26 17:55:43,52.198441,2
777,203,20.92905,9222,2021-06-26 17:55:42,52.290878,2
778,107,21.03602,9223,2021-06-26 17:55:42,52.222073,4
779,203,20.93228,9224,2021-06-26 17:55:35,52.289928,1
780,209,20.981066,9227,2021-06-26 17:55:38,52.132858,51
781,228,20.893019,9228,2021-06-26 17:55:40,52.200371,1
782,228,20.919701,9229,2021-06-26 17:55:35,52.210049,3
783,228,20.966953,9231,2021-06-26 17:55:36,52.194725,2
784,209,21.024626,9233,2021-06-26 17:55:36,52.143085,52
785,201,20.925076,9234,2021-06-26 17:55:36,52.260571,2
786,219,21.160696,9235,2021-06-26 17:55:34,52.185287,2
787,208,20.975599,9236,2021-06-26 17:55:36,52.210293,1
788,264,21.083916,9240,2021-06-26 17:55:36,52.16769,1
789,107,21.047558,9241,2021-06-26 17:55:37,52.210087,M5
790,201,20.942659,9243,2021-06-26 17:55:36,52.238907,1
791,219,21.10272,9250,2021-06-26 17:55:35,52.222675,3
792,239,21.015331,9252,2021-06-26 17:55:39,52.150539,53
793,199,21.05612,9311,2021-06-26 17:55:40,52.275242,4
794,135,21.08058,9312,2021-06-26 17:55:35,52.241589,3
795,135,21.027208,9313,2021-06-26 17:55:36,52.259552,4
796,123,21.101408,9316,2021-06-26 17:55:42,52.240986,1
797,123,21.051117,9317,2021-06-26 17:55:41,52.252575,3
798,179,21.048605,9318,2021-06-26 17:55:36,52.152081,7
799,153,21.154181,9319,2021-06-26 17:55:34,52.271858,3
800,179,21.030901,9320,2021-06-26 17:55:41,52.141983,3
801,142,21.146589,9321,2021-06-26 17:55:41,52.182755,4
802,123,21.062368,9322,2021-06-26 17:55:35,52.230751,2
803,123,21.098896,9323,2021-06-26 17:55:40,52.24295,5
804,179,21.036402,9325,2021-06-26 17:55:41,52.162239,4
805,135,21.045698,9326,2021-06-26 17:55:41,52.247837,1
806,179,21.036829,9327,2021-06-26 17:55:36,52.162037,5
807,135,21.107124,9328,2021-06-26 17:55:39,52.248337,2
808,179,21.02672,9329,2021-06-26 17:55:42,52.145397,6
809,179,21.059128,9333,2021-06-26 17:55:42,52.140305,52
810,123,21.065704,9337,2021-06-26 17:55:41,52.226463,4
811,153,21.15486,9338,2021-06-26 17:55:40,52.266201,2
812,123,21.052414,9339,2021-06-26 17:55:35,52.250141,357
813,153,21.177052,9340,2021-06-26 17:55:40,52.256851,1
814,199,21.179735,9342,2021-06-26 17:55:41,52.269146,2
815,123,21.077581,9345,2021-06-25 21:25:22,52.268494,357
816,179,21.068436,9349,2021-06-26 17:55:39,52.128487,1
817,142,21.088854,9351,2021-06-26 17:55:39,52.244884,1
818,142,21.241964,9352,2021-06-26 17:55:40,52.169842,3
819,142,21.154169,9354,2021-06-26 17:55:23,52.173607,M5
820,199,21.1440509,9355,2021-06-26 17:55:37,52.2696932,1
821,142,21.0881,9357,2021-06-26 17:55:42,52.24493,2
822,103,20.932764,9411,2021-06-26 17:55:38,52.289276,4
823,157,20.977301,9412,2021-06-26 17:55:41,52.217552,3
824,117,21.093208,9413,2021-06-26 17:55:41,52.221619,3
825,516,20.954782,9414,2021-06-26 17:55:43,52.320404,4
826,157,20.975239,9416,2021-06-26 17:55:42,52.28936,6
827,117,21.026325,9417,2021-06-26 17:55:40,52.23307,1
828,103,20.968523,9418,2021-06-26 17:55:36,52.222065,2
829,134,20.989983,9419,2021-06-26 17:55:40,52.284721,1
830,134,20.966223,9420,2021-06-26 17:55:38,52.273285,2
831,134,21.06168,9423,2021-06-26 17:55:40,52.36179,3
832,117,21.102484,9424,2021-06-26 17:55:40,52.222107,4
833,103,20.930248,9427,2021-06-26 17:55:39,52.292522,5
834,157,20.976425,9428,2021-06-26 17:55:41,52.28989,1
835,157,20.985359,9429,2021-06-26 17:55:41,52.250866,2
836,245,21.130671,9431,2021-06-26 17:55:42,52.279835,1
837,516,20.942085,9432,2021-06-26 17:55:41,52.334148,1
838,516,20.966688,9434,2021-06-26 17:55:38,52.322159,2
839,516,21.000843,9436,2021-06-26 17:55:40,52.291134,3
840,176,20.994822,9438,2021-06-26 17:55:39,52.322651,1
841,157,20.984514,9439,2021-06-26 17:55:42,52.247017,5
842,712,20.915451,9441,2021-06-26 17:55:41,52.283073,M2
843,103,20.953112,9442,2021-06-26 17:55:39,52.26157,1
844,103,20.95352,9443,2021-06-26 17:55:40,52.262142,3
845,245,21.052982,9446,2021-06-26 17:55:41,52.276489,2
846,712,20.929272,9450,2021-06-26 17:55:40,52.290916,1
847,176,20.982246,9452,2021-06-26 17:55:42,52.355576,3
848,176,21.026773,9453,2021-06-26 17:55:39,52.281185,2
849,743,20.896292,9459,2021-06-26 17:55:42,52.216255,1
850,194,20.8961345,9501,2021-06-26 17:55:42,52.200968833,4
851,181,20.972657333,9503,2021-06-26 17:55:43,52.281495833,2
852,717,20.911386167,9504,2021-06-26 17:55:40,52.187518167,3
853,139,21.096095833,9507,2021-06-26 17:55:40,52.1047265,2
854,149,20.941459667,9509,2021-06-26 17:55:40,52.239369833,2
855,729,20.955179167,9511,2021-06-26 17:55:35,52.237924167,1
856,149,20.918864167,9514,2021-06-26 17:55:41,52.239687667,4
857,159,21.025456167,9515,2021-06-26 17:55:40,52.224086333,1
858,159,21.057229667,9519,2021-06-26 17:55:39,52.193064,4
859,159,21.085207167,9520,2021-06-26 17:55:39,52.1935795,5
860,181,20.9692245,9521,2021-06-26 17:55:43,52.284662,1
861,715,21.036836667,9522,2021-06-26 17:55:40,52.161969333,55
862,181,20.903062167,9524,2021-06-26 17:55:39,52.298989167,4
863,194,20.930321833,9525,2021-06-26 17:55:43,52.224990833,1
864,181,20.915113667,9526,2021-06-26 17:55:43,52.3116375,3
865,220,20.923281833,9529,2021-06-26 17:55:42,52.260271167,3
866,717,20.9649285,9530,2021-06-26 17:55:41,52.2182505,2
867,159,20.954625833,9531,2021-06-26 17:55:39,52.211893833,2
868,194,20.889717667,9532,2021-06-26 17:55:41,52.198145167,2
869,194,20.859763333,9533,2021-06-26 17:55:40,52.202908833,3
870,194,20.930924167,9534,2021-06-26 17:55:43,52.2250455,5
871,220,20.9302445,9535,2021-06-26 17:55:40,52.1729215,1
872,220,20.897873667,9537,2021-06-26 17:55:40,52.256299,4
873,300,21.022066667,9538,2021-06-26 17:55:39,52.178885667,M1
874,149,20.940405333,9539,2021-06-26 17:55:35,52.246650167,3
875,707,20.910834667,9540,2021-06-26 17:55:42,52.098091167,1
876,715,20.928021333,9542,2021-06-26 17:55:43,52.1612365,53
877,737,20.986405167,9543,2021-06-26 17:55:39,52.111313667,54
878,717,20.840971,9544,2021-06-26 17:55:40,52.192128,1
879,724,21.068095667,9546,2021-06-26 17:55:39,52.128917667,1
880,139,21.024065667,9548,2021-06-26 17:55:41,52.179604167,1
881,715,20.983144833,9554,2021-06-26 17:55:42,52.112112167,51
882,149,20.885593333,9555,2021-06-26 17:55:42,52.251189833,1
883,159,20.997629667,9556,2021-06-26 17:55:41,52.223572,3
884,220,20.899594167,9557,2021-06-26 17:55:42,52.194948333,2
885,152,21.02243,9673,2021-06-26 17:55:40,52.333923,5
886,152,20.952456,9678,2021-06-26 17:55:41,52.317066,1
887,152,20.97097,9680,2021-06-26 17:55:40,52.334412,2
888,118,21.015511,9681,2021-06-26 17:55:40,52.217682,3
889,212,21.056934,9682,2021-06-26 17:55:37,52.270073,2
890,118,21.017569,9683,2021-06-26 17:55:37,52.249153,4
891,118,21.028479,9685,2021-06-26 17:55:41,52.23814,2
892,152,20.972021,9687,2021-06-26 17:55:42,52.321537,4
893,152,21.048731,9688,2021-06-26 17:55:40,52.325329,3
894,118,21.042591,9689,2021-06-26 17:55:43,52.299412,5
895,212,21.032579,9692,2021-06-26 17:55:38,52.262463,3
896,212,21.057232,9696,2021-06-26 17:55:35,52.301846,1
897,118,21.033049,9697,2021-06-26 17:55:40,52.297298,1
898,212,21.048508,9698,2021-06-26 17:55:40,52.289108,4
899,109,20.994097,9801,2021-06-26 17:55:37,52.232384,1
900,710,21.111948,9802,2021-06-26 17:55:41,52.110977,1
901,525,21.196596,9803,2021-06-26 17:55:43,52.208294,3
902,Z10,20.924833,9804,2021-06-26 17:55:40,52.260868,2
903,109,21.005117,9805,2021-06-26 17:55:39,52.228249,3
904,109,20.898746,9806,2021-06-26 17:55:36,52.238503,5
905,109,20.927345,9807,2021-06-26 17:55:37,52.240768,6
906,127,21.03639,9809,2021-06-26 17:55:36,52.231869,2
907,127,20.946819,9810,2021-06-26 17:55:42,52.208538,1
908,127,21.019478,9811,2021-06-26 17:55:39,52.246304,335
909,131,21.013291,9814,2021-06-26 17:55:35,52.227344,4
910,127,20.895454,9816,2021-06-26 17:55:39,52.208832,56
911,127,20.937006,9817,2021-06-26 17:55:39,52.201565,5
912,131,21.083847,9818,2021-06-26 17:55:40,52.167992,2
913,710,21.116859,9819,2021-06-26 17:55:41,52.077465,3
914,131,21.024902,9820,2021-06-26 17:55:42,52.210953,6
915,131,21.049513,9821,2021-06-26 17:55:36,52.202492,1
916,525,21.015448,9822,2021-06-26 17:55:41,52.22377,1
917,519,21.002763,9825,2021-06-26 17:47:19,52.229939,6
918,525,21.123491,9826,2021-06-26 17:55:35,52.233059,2
919,710,21.095808,9827,2021-06-26 17:55:38,52.078244,2
920,Z10,20.913719,9828,2021-06-26 17:55:39,52.237026,9
921,525,21.193371,9829,2021-06-26 17:55:41,52.207394,4
922,525,21.076714,9830,2021-06-26 17:55:38,52.233627,5
923,742,21.216909,9833,2021-06-26 17:55:42,51.981133,1
924,710,21.103926,9834,2021-06-26 17:55:37,52.118038,4
925,719,20.813545,9835,2021-06-26 17:55:37,52.252621,1
926,Z10,20.929636,9836,2021-06-26 17:55:42,52.223248,8
927,109,20.950291,9838,2021-06-26 17:55:42,52.229645,4
928,127,21.004076,9839,2021-06-26 17:55:36,52.228092,4
929,109,21.043392,9842,2021-06-26 17:55:39,52.22298,2
930,525,21.003948,9846,2021-06-26 17:55:41,52.229507,319
931,719,20.63266,9849,2021-06-26 17:55:37,52.262077,2
932,719,20.950352,9852,2021-06-26 17:55:38,52.238579,3
933,131,21.003874,9854,2021-06-26 17:55:41,52.229523,3
934,114,20.96611,9901,2021-06-26 17:55:42,52.265987,1
935,114,20.938606,9903,2021-06-26 17:55:41,52.300381,5
936,186,20.972046,9905,2021-06-26 17:55:39,52.205742,5
937,193,21.048897,9906,2021-06-26 17:55:42,52.15826,1
938,114,21.038836,9907,2021-06-26 17:55:38,52.288197,7
939,186,20.942204,9908,2021-06-26 17:55:33,52.334133,1
940,186,20.989031,9909,2021-06-26 17:55:42,52.303936,3
941,186,20.96381,9912,2021-06-26 17:55:42,52.207821,6
942,186,20.972172,9915,2021-06-26 17:55:40,52.320568,9
943,186,20.943626,9916,2021-06-26 17:55:39,52.322872,2
944,190,20.992823,9919,2021-06-26 17:55:41,52.241474,2
945,190,20.898825,9920,2021-06-26 17:55:42,52.238926,5
946,190,21.078918,9921,2021-06-26 17:55:37,52.291477,9
947,190,21.085405,9922,2021-06-26 17:55:42,52.305038,10
948,193,21.042242,9923,2021-06-26 17:55:39,52.155785,2
949,193,21.006025,9925,2021-06-26 17:55:42,52.171993,3
950,114,21.024483,9928,2021-06-26 17:55:43,52.286648,63
951,114,20.930079,9930,2021-06-26 17:55:38,52.291302,2
952,193,20.996294,9933,2021-06-26 17:55:32,52.169861,4
953,190,20.896656,9935,2021-06-26 17:55:39,52.232132,4
954,186,20.953529,9939,2021-06-26 17:55:42,52.263103,8
955,114,20.960514,9940,2021-06-26 17:55:39,52.267662,4
956,114,21.04188,9941,2021-06-26 17:55:42,52.300255,6
957,186,20.956577,9942,2021-06-26 17:55:39,52.238567,4
958,190,21.033236,9946,2021-06-26 17:55:43,52.254093,8
959,190,20.919304,9947,2021-06-26 17:55:41,52.239758,3
960,190,20.913168,9949,2021-06-26 17:55:43,52.239025,6
961,190,20.987614,9951,2021-06-26 17:55:38,52.240059,7
962,190,21.029184,9953,2021-06-26 17:55:41,52.252373,1
963,186,20.969137,9954,2021-06-26 17:55:42,52.213577,67
964,o43A,21.423235,9999,2021-06-25 14:26:34,50.302956,1
