,Lines,Lon,VehicleNumber,Time,Lat,Brigade
0,213,21.1152613,1000,2021-06-25 23:22:58,52.2346205,3
1,213,21.115043,1001,2021-06-25 23:56:49,52.23463,1
2,213,21.0967748,1003,2021-06-26 17:50:46,52.217608,1
3,311,21.115233,1004,2021-06-25 21:52:40,52.23458,2
4,196,21.11514,1005,2021-06-25 23:48:58,52.234611,1
5,130,21.11559,1008,2021-06-25 20:19:05,52.234613,04
6,213,21.0893973,1010,2021-06-26 17:50:40,52.2200575,2
7,213,21.2240811,1011,2021-06-26 17:50:39,52.1593628,4
8,311,21.1155166,1012,2021-06-25 21:16:38,52.2346153,1
9,213,21.2274273,1015,2021-06-26 17:50:43,52.1720916,3
10,108,21.023161,1020,2021-06-26 17:50:43,52.22876,3
11,218,21.02021,1021,2021-06-26 17:50:43,52.179955,4
12,218,20.992737,1024,2021-06-26 17:50:42,52.188622,2
13,192,21.068739,1025,2021-06-26 17:50:42,52.128887,3
14,195,20.9979977,1026,2021-06-25 21:14:18,52.1862374,2
15,163,21.092762,1027,2021-06-26 17:50:43,52.163193,1
16,218,21.0183107,1028,2021-06-26 17:50:42,52.1892211,3
17,163,21.0969666,1030,2021-06-26 17:50:42,52.18602,2
18,163,21.0490224,1031,2021-06-26 17:50:43,52.1782539,3
19,108,21.084761,1038,2021-06-26 17:50:31,52.197521,4
20,192,21.0435169,1039,2021-06-26 17:50:43,52.1455025,2
21,204,21.0484567,1040,2021-06-26 17:50:39,52.32469,1
22,736,21.028435,1042,2021-06-26 17:50:43,52.3435717,1
23,204,21.043091,1043,2021-06-25 22:53:22,52.26632,05
24,204,21.0349283,1044,2021-06-26 17:50:29,52.28859,3
25,107,21.046234,1045,2021-06-25 22:36:50,52.264653,4
26,204,21.042681,1046,2021-06-25 23:57:31,52.266098,1
27,204,21.023196,1047,2021-06-26 17:50:34,52.277279,2
28,228,20.921443,1050,2021-06-25 23:41:52,52.196853,2
29,328,20.921189,1051,2021-06-25 22:30:10,52.196913,01
30,129,20.9399933,1052,2021-06-26 17:50:35,52.2363933,2
31,129,20.88369,1053,2021-06-26 17:49:59,52.1942167,3
32,129,20.9216767,1055,2021-06-26 17:50:36,52.2044783,4
33,129,20.9392717,1057,2021-06-26 17:50:40,52.2458983,1
34,119,21.205605,1061,2021-06-26 17:50:42,52.21006,4
35,119,21.132227,1062,2021-06-26 17:50:43,52.202263,5
36,192,21.024302,1064,2021-06-26 17:50:42,52.179859,1
37,192,21.0194646,1069,2021-06-26 17:50:42,52.1722574,52
38,108,21.023931,1070,2021-06-26 17:50:41,52.179703,1
39,108,21.084028,1074,2021-06-26 17:50:42,52.193356,2
40,218,21.013088,1076,2021-06-26 17:50:42,52.179611,1
41,192,21.047432,1079,2021-06-26 17:50:42,52.13966,4
42,173,21.0426228,1101,2021-06-26 00:28:34,52.2664063,2
43,240,21.0008075,1109,2021-06-26 17:50:40,52.2914051,2
44,173,21.048266,1110,2021-06-25 19:53:25,52.264265,3
45,170,21.080788,1111,2021-06-26 17:50:37,52.2775113,2
46,110,20.9380528,1112,2021-06-26 17:50:41,52.2780781,51
47,126,21.046033,1113,2021-06-25 23:08:32,52.264159,4
48,338,21.046365,1116,2021-06-25 19:40:36,52.2645706,05
49,170,21.021973,1117,2021-06-26 17:50:28,52.262443,4
50,739,21.017773,1200,2021-06-26 17:50:42,52.135345,65
51,739,21.039639,1201,2021-06-26 17:50:42,52.080517,64
52,166,21.044752,1203,2021-06-26 17:50:41,52.165871,1
53,727,21.028069,1205,2021-06-26 17:50:43,52.067848,68
54,727,21.0243531,1208,2021-06-26 17:50:43,52.1799071,62
55,141,21.112362,1211,2021-06-26 17:50:40,52.236588,2
56,727,21.017992,1213,2021-06-26 17:50:42,52.154118,66
57,166,21.036894,1214,2021-06-26 17:50:43,52.257,3
58,727,21.025774,1216,2021-06-26 17:50:41,52.069572,67
59,739,21.0215981,1218,2021-06-26 17:50:41,52.0985957,63
60,166,21.070866,1219,2021-06-26 17:50:43,52.131897,8
61,166,21.074863,1220,2021-06-26 17:50:43,52.133041,7
62,727,21.0252557,1223,2021-06-26 17:50:42,52.0784009,61
63,240,21.0483353,1400,2021-06-26 00:03:19,52.2641493,1
64,170,21.0554558,1401,2021-06-26 17:50:39,52.2633526,3
65,170,21.0454971,1403,2021-06-25 21:36:41,52.2652081,3
66,240,21.043604,1408,2021-06-25 23:31:26,52.266069,4
67,146,21.204653,1411,2021-06-26 17:50:04,52.159454,58
68,173,21.2244371,1412,2021-06-26 17:50:43,52.2175132,3
69,730,21.2375977,1413,2021-06-26 17:50:43,52.2232655,61
70,146,21.0878625,1417,2021-06-26 17:50:42,52.2203865,57
71,199,21.0850101,1418,2021-06-26 17:50:42,52.2948349,3
72,147,21.15835,1419,2021-06-26 17:50:42,52.202908,53
73,183,21.1321095,1422,2021-06-26 17:50:42,52.2386147,3
74,147,21.236631,1425,2021-06-26 17:50:42,52.216202,54
75,147,21.080492,1426,2021-06-26 17:50:42,52.226151,55
76,146,21.183611,1427,2021-06-26 17:50:43,52.155762,59
77,119,21.0236787,1429,2021-06-26 17:50:43,52.2113311,1
78,L11,20.780399,14422,2021-06-26 17:50:44,52.438717,2
79,L10,20.945208,14423,2021-06-26 14:34:04,52.437897,M4
80,L11,20.723183,14424,2021-06-25 20:30:06,52.424343,51
81,L-9,20.9438,14426,2021-06-26 17:50:43,52.398998,3
82,L11,20.888227,14427,2021-06-26 17:50:41,52.454208,1
83,L34,20.863617,14429,2021-06-26 17:50:41,52.441422,1
84,L10,20.945269,14430,2021-06-26 16:19:41,52.437912,M5
85,L34,20.945213,14431,2021-06-25 19:23:11,52.437866,2
86,L41,20.709835,14432,2021-06-26 17:50:39,52.430908,1
87,L33,20.945353,14434,2021-06-25 23:24:58,52.438198,1
88,L49,20.894257,14436,2021-06-26 17:50:37,52.417198,1
89,L-8,21.230726,14438,2021-06-26 17:50:41,52.435394,1
90,L-9,20.949566,14440,2021-06-25 23:13:11,52.471237,055
91,338,21.045604,1500,2021-06-25 19:27:18,52.264496,03
92,106,20.9836041,1508,2021-06-26 17:50:40,52.23349,5
93,735,21.0138443,1509,2021-06-26 17:50:40,52.4413573,M4
94,240,21.1188555,1510,2021-06-26 17:50:40,52.3382278,4
95,110,20.887088,1513,2021-06-26 17:50:41,52.2858471,52
96,147,21.044424,1514,2021-06-25 19:54:57,52.2648745,06
97,115,21.2422717,1521,2021-06-26 17:50:36,52.16996,4
98,115,21.2208317,1523,2021-06-26 17:50:41,52.1643883,3
99,702,21.1920833,1524,2021-06-26 17:50:35,52.135305,2
100,183,21.115313,1526,2021-06-26 00:16:52,52.233074,4
101,N16,21.116845,1527,2021-06-26 05:37:31,52.233048,2
102,N44,21.117096,1528,2021-06-26 05:37:25,52.233049,207
103,702,21.20786,1531,2021-06-26 17:50:31,52.1190133,1
104,202,21.1014833,1532,2021-06-26 17:50:33,52.247195,2
105,141,20.9762733,1533,2021-06-26 17:50:41,52.1841583,6
106,119,21.0975367,1535,2021-06-26 17:50:42,52.21758,3
107,156,20.9281983,1537,2021-06-26 17:50:34,52.29069,2
108,132,21.0612483,1538,2021-06-26 17:50:32,52.3053867,55
109,120,21.046099,1539,2021-06-26 17:50:36,52.272723,1
110,156,21.0521317,1540,2021-06-26 17:50:33,52.25301,5
111,166,21.0292317,1542,2021-06-26 17:50:33,52.2611817,4
112,221,20.99386,1543,2021-06-26 17:50:29,52.259475,2
113,N03,21.044968,1545,2021-06-26 05:08:35,52.264589,2
114,156,21.054505,1546,2021-06-26 17:50:42,52.2692883,4
115,512,21.06992,1548,2021-06-26 17:50:33,52.2805967,1
116,120,21.051145,1549,2021-06-26 17:50:42,52.2526317,2
117,166,21.0449567,1550,2021-06-26 17:50:34,52.1660333,6
118,120,21.0619067,1551,2021-06-26 17:50:28,52.3616883,6
119,156,20.9311467,1552,2021-06-26 17:50:28,52.290465,3
120,L35,21.332893,17455,2021-06-26 17:50:41,52.363647,51
121,L40,21.196718,17458,2021-06-26 17:50:37,52.348736,1
122,L43,21.077759,17461,2021-06-26 08:32:11,52.26762,51
123,L43,21.076918,17462,2021-06-26 17:50:36,52.268742,52
124,L45,21.175303,17464,2021-06-26 17:50:38,52.310852,1
125,L37,21.176323,17466,2021-06-25 22:21:40,52.312318,2
126,L38,21.242115,17467,2021-06-26 17:50:41,52.342255,51
127,240,21.0521433,1802,2021-06-26 17:50:40,52.2928746,3
128,N12,21.045453,1803,2021-06-26 04:33:33,52.264459,128
129,110,20.9686385,1804,2021-06-26 17:50:41,52.2721861,53
130,132,21.0713093,1805,2021-06-26 17:50:42,52.3243653,54
131,122,20.8987313,1807,2021-06-26 17:50:40,52.2386315,6
132,106,21.0435196,1808,2021-06-26 06:30:45,52.2662013,4
133,N11,21.0454075,1809,2021-06-26 05:42:59,52.264945,122
134,106,21.0206361,1810,2021-06-26 17:50:39,52.243073,2
135,106,21.020556,1811,2021-06-26 17:50:34,52.243121,1
136,106,20.9802726,1812,2021-06-26 17:50:37,52.2330356,3
137,170,21.057061,1814,2021-06-26 17:50:22,52.263424,1
138,122,20.9762038,1815,2021-06-26 17:50:40,52.2898626,3
139,N12,21.046083,1816,2021-06-26 05:05:03,52.264528,210
140,173,21.042571,1818,2021-06-25 23:48:59,52.2664061,10
141,173,21.2350281,1821,2021-06-26 17:50:39,52.2500098,2
142,115,21.1628901,1826,2021-06-26 17:50:37,52.2412506,2
143,147,21.0604805,1828,2021-06-26 17:50:41,52.2323868,52
144,146,21.039002,1829,2021-06-26 17:50:10,52.2437768,51
145,183,21.0883761,1830,2021-06-26 17:50:39,52.2450011,1
146,119,21.1165895,1832,2021-06-25 22:22:16,52.2331471,06
147,183,21.1899741,1833,2021-06-26 17:50:38,52.2444156,2
148,173,21.143118,1835,2021-06-26 17:50:38,52.237302,4
149,115,21.1703075,1837,2021-06-26 17:50:37,52.2771086,1
150,168,21.0013018,1838,2021-06-26 17:50:37,52.1986035,1
151,115,21.1614583,1839,2021-06-26 17:50:36,52.2260233,5
152,147,21.1172291,1840,2021-06-25 21:35:22,52.2330755,09
153,142,21.1168673,1842,2021-06-25 20:08:52,52.2330963,08
154,168,21.044661,1843,2021-06-26 17:50:40,52.206825,3
155,173,21.1167918,1844,2021-06-25 23:53:58,52.233165,8
156,168,21.112661,1846,2021-06-26 17:50:28,52.23628,4
157,722,21.1383423,1847,2021-06-26 17:50:41,52.2292273,62
158,198,21.1158643,1848,2021-06-25 20:42:24,52.2333196,2
159,198,21.2232905,1849,2021-06-26 17:50:36,52.2470956,1
160,183,21.115764,1850,2021-06-25 21:22:25,52.233265,3
161,183,21.1154913,1851,2021-06-26 00:18:45,52.2331743,07
162,198,21.229464,1854,2021-06-26 17:50:43,52.2165655,2
163,146,21.115132,1856,2021-06-26 00:38:41,52.233222,4
164,115,21.115681,1857,2021-06-26 00:02:26,52.2331425,5
165,146,21.1166211,1858,2021-06-25 20:46:49,52.2331278,07
166,198,21.1172503,1859,2021-06-25 19:30:46,52.2330405,05
167,115,21.1153055,1860,2021-06-26 00:28:39,52.2332403,6
168,173,21.0527448,1866,2021-06-26 17:50:39,52.2503315,5
169,173,21.0845865,1867,2021-06-26 17:50:38,52.2500663,1
170,115,21.1165116,1869,2021-06-25 23:18:40,52.2330776,3
171,222,21.0094408,1901,2021-06-26 17:50:35,52.1907086,3
172,251,21.1003973,1909,2021-06-26 17:50:37,52.1344445,3
173,222,20.9975972,1910,2021-06-26 17:50:35,52.1888468,2
174,222,21.025223,1911,2021-06-26 17:50:41,52.219643,1
175,251,21.043375,1912,2021-06-26 17:50:39,52.175243,2
176,222,21.005241,1916,2021-06-26 17:50:42,52.244724,5
177,251,21.123201,1919,2021-06-26 17:50:43,52.08947,1
178,222,21.019846,1920,2021-06-26 17:50:42,52.230137,4
179,178,20.957685,1995,2021-06-26 17:50:42,52.227509,2
180,178,21.0040281,1996,2021-06-26 17:50:43,52.2553424,1
181,178,21.007305,1997,2021-06-26 17:50:42,52.248322,5
182,178,20.88484,1998,2021-06-26 17:50:41,52.185802,3
183,178,20.941273,1999,2021-06-26 17:50:43,52.20483,4
184,171,20.925056,2009,2021-06-26 17:50:42,52.272453,1
185,189,20.9144981,2015,2021-06-26 17:50:41,52.2084044,9
186,187,21.0462704,2016,2021-06-26 17:50:41,52.2154047,5
187,709,21.0184984,2021,2021-06-26 17:50:43,52.1183152,5
188,Z26,20.972567,2022,2021-06-26 17:50:42,52.237015,4
189,172,20.9554719,2024,2021-06-26 17:50:42,52.211867,63
190,217,21.0266732,2026,2021-06-26 17:50:41,52.1785112,3
191,519,21.092777,2027,2021-06-26 17:50:43,52.116943,3
192,172,20.9705432,2028,2021-06-26 17:50:42,52.2194072,1
193,189,20.915825,2029,2021-06-26 17:50:42,52.227638,8
194,Z26,20.9961815,2030,2021-06-26 17:50:42,52.24281,7
195,522,21.0661902,2032,2021-06-26 17:50:42,52.1718151,3
196,174,21.001129,2035,2021-06-26 17:50:39,52.229336,2
197,709,21.0221389,2038,2021-06-26 17:50:42,52.0749679,6
198,709,21.0227489,2039,2021-06-26 17:50:43,52.0751272,1
199,709,21.018227,2040,2021-06-26 17:50:42,52.116371,2
200,709,21.0213901,2041,2021-06-26 17:50:42,52.1784174,3
201,709,21.020916,2042,2021-06-26 17:50:43,52.1754427,4
202,517,20.8626184,2200,2021-06-26 17:50:41,52.1902167,1
203,N35,20.921913,2206,2021-06-26 06:01:56,52.1961371,237
204,184,20.933241,2210,2021-06-26 17:50:42,52.288967,3
205,191,20.9839014,2213,2021-06-26 17:50:42,52.2181294,1
206,189,20.913269,2227,2021-06-26 17:50:42,52.210476,4
207,105,20.922151,2236,2021-06-26 00:04:20,52.196038,4
208,189,21.057322,2237,2021-06-26 17:50:43,52.182659,14
209,124,20.933178,2240,2021-06-26 17:50:42,52.161995,2
210,105,20.897211,2247,2021-06-26 17:50:34,52.220001,5
211,141,20.921326,2253,2021-06-25 18:30:50,52.197259,014
212,401,20.920378,2254,2021-06-25 19:44:39,52.196613,012
213,191,20.8920944,2258,2021-06-26 17:50:43,52.1907012,3
214,L20,21.471462,24511,2021-06-25 23:35:10,52.132233,1
215,L20,21.471769,24513,2021-06-26 15:05:20,52.132652,1
216,L20,21.259783,24515,2021-06-26 17:50:40,52.107723,1
217,162,21.0337941,3400,2021-06-26 17:50:42,52.2590865,5
218,185,20.9747388,3401,2021-06-26 17:50:42,52.279166,6
219,723,20.915202,3403,2021-06-26 17:50:39,52.4108581,3
220,735,20.9682535,3404,2021-06-26 17:50:41,52.2718783,63
221,731,21.000843,3405,2021-06-26 17:50:36,52.291228,3
222,414,21.047923,3406,2021-06-25 20:26:01,52.264541,07
223,731,20.9255308,3407,2021-06-26 17:50:34,52.4216225,1
224,738,21.0485045,3408,2021-06-26 01:02:31,52.264437,1
225,414,21.0468988,3409,2021-06-25 20:46:35,52.2649078,08
226,126,20.9418888,3410,2021-06-26 17:50:41,52.3341073,2
227,169,21.04371,3411,2021-06-25 21:40:49,52.265391,1
228,140,21.0735918,3413,2021-06-26 17:50:39,52.2847588,1
229,509,20.9421955,3414,2021-06-26 17:50:40,52.3345656,2
230,114,21.0478216,3415,2021-06-25 23:08:38,52.2646596,5
231,723,21.0454035,3417,2021-06-25 21:48:49,52.2654235,1
232,145,21.0984375,3421,2021-06-26 17:50:39,52.2860225,7
233,509,21.0714836,3422,2021-06-26 17:50:39,52.224986,355
234,Z26,21.035064,3423,2021-06-26 17:50:40,52.2555341,1
235,169,21.0477433,3429,2021-06-25 23:04:14,52.2646666,3
236,126,21.056895,3430,2021-06-26 17:50:42,52.3019818,4
237,114,21.04857,3434,2021-06-26 00:33:00,52.264513,2
238,518,21.0478431,3437,2021-06-25 23:46:13,52.264609,6
239,705,21.1359375,3438,2021-06-26 17:50:37,52.4821721,66
240,738,21.0517695,3440,2021-06-26 17:50:41,52.2768341,2
241,114,21.0428833,3441,2021-06-25 23:51:31,52.2659116,7
242,140,21.1083093,3444,2021-06-26 17:50:42,52.3267691,2
243,509,20.996526,3446,2021-06-26 17:50:39,52.296629,4
244,731,20.937518,3447,2021-06-26 17:50:37,52.37507,2
245,126,21.005373,3448,2021-06-26 17:50:31,52.314628,1
246,518,21.043485,3449,2021-06-25 21:30:55,52.265478,7
247,126,21.0002426,3450,2021-06-26 17:50:35,52.3163065,3
248,126,21.055632,3451,2021-06-26 17:50:40,52.301915,M5
249,705,20.988886,3454,2021-06-26 17:50:38,52.3040188,62
250,145,21.0031293,3455,2021-06-26 17:50:40,52.2907495,6
251,Z26,20.9743776,3456,2021-06-26 17:50:41,52.2353996,5
252,169,21.043935,3457,2021-06-25 23:56:08,52.265611,5
253,509,21.0349698,3458,2021-06-26 17:50:40,52.2546046,5
254,Z26,20.9808325,3459,2021-06-26 17:50:42,52.2370448,6
255,738,21.1213726,3461,2021-06-26 17:50:42,52.343072,3
256,731,21.04776,3463,2021-06-26 00:40:56,52.264114,5
257,735,21.0444471,3464,2021-06-25 23:05:19,52.2656713,64
258,723,21.0441993,3466,2021-06-26 00:00:11,52.265954,2
259,738,21.1607455,3469,2021-06-26 17:50:37,52.3900235,1
260,L19,21.034472,36443,2021-06-26 17:31:57,52.083504,51
261,L17,20.899836,36444,2021-06-26 13:08:02,51.912342,51
262,L25,21.196041,36448,2021-06-26 17:50:44,51.984516,1
263,L39,21.040369,38541,2021-06-26 17:50:37,52.103428,4
264,L39,21.024355,38545,2021-06-26 17:50:43,52.062019,3
265,L52,21.029522,38546,2021-06-26 17:50:42,52.074768,51
266,L39,20.989628,38547,2021-06-26 17:45:51,52.110771,1
267,L39,21.035603,38548,2021-06-26 17:50:38,52.076946,2
268,L23,21.030739,38549,2021-06-26 17:50:41,52.066322,51
269,L-5,21.019554,39551,2021-06-26 17:50:45,52.065537,62
270,L-2,21.034941,39552,2021-06-25 19:11:52,52.083633,063
271,L25,21.191267,39555,2021-06-25 23:37:02,51.987377,1
272,L13,21.040257,39556,2021-06-26 17:50:43,52.02663,63
273,L-5,21.016657,39558,2021-06-26 17:50:37,52.06361,61
274,L-2,20.933691,39559,2021-06-26 17:50:42,51.993919,1
275,L13,21.217253,39561,2021-06-25 20:05:15,51.98262,03
276,L12,21.029514,39562,2021-06-26 17:50:43,52.07457,1
277,L12,21.034851,39565,2021-06-26 12:57:20,52.083328,1
278,197,20.975788,4200,2021-06-26 17:50:42,52.286999,3
279,721,20.8938519,4201,2021-06-26 17:50:42,52.1214004,75
280,711,20.8527167,4205,2021-06-26 17:50:41,52.1136892,1
281,122,20.897909,4206,2021-06-26 17:50:39,52.256348,1
282,141,21.024298,4208,2021-06-26 17:50:42,52.200024,9
283,197,20.953545,4213,2021-06-26 17:50:43,52.276081,4
284,154,20.8984029,4214,2021-06-26 17:50:42,52.2583272,6
285,141,21.0200202,4216,2021-06-26 17:50:41,52.1968249,5
286,154,20.978226,4217,2021-06-26 17:50:42,52.180466,2
287,154,20.9658606,4218,2021-06-26 17:50:42,52.2180409,1
288,255,20.9621744,4219,2021-06-26 17:50:42,52.22842,1
289,714,20.950077,4220,2021-06-26 17:50:42,52.238571,1
290,255,20.9302704,4224,2021-06-26 17:50:42,52.2228581,2
291,714,20.839024,4226,2021-06-26 17:50:43,52.254654,2
292,122,20.9584854,4227,2021-06-26 17:50:43,52.2603094,2
293,154,20.972763,4231,2021-06-26 17:50:42,52.218452,4
294,141,20.9441382,4232,2021-06-26 17:50:42,52.1754224,7
295,197,20.942877,4233,2021-06-26 17:50:42,52.238796,5
296,L-1,20.89243,42361,2021-06-26 14:43:02,52.090702,1
297,154,20.9206249,4238,2021-06-26 17:50:43,52.2400834,5
298,141,21.1122942,4240,2021-06-26 17:50:42,52.2365619,3
299,122,20.985867,4241,2021-06-26 17:50:42,52.268448,4
300,122,20.933212,4242,2021-06-26 17:50:42,52.269356,5
301,197,20.930403,4243,2021-06-26 17:50:42,52.255482,2
302,901,21.0225319,4244,2021-06-26 17:50:43,52.2295709,1
303,901,21.003374,4246,2021-06-26 17:50:42,52.229424,3
304,154,20.954809,4247,2021-06-26 17:50:42,52.185959,3
305,154,20.904852,4248,2021-06-26 17:50:38,52.239166,7
306,L-1,20.93656,42498,2021-06-23 19:45:16,52.08992,2
307,L-3,20.933477,42500,2021-06-26 17:50:42,52.091267,1
308,147,21.052317,4305,2021-06-26 17:50:42,52.25026,56
309,202,21.0433452,4307,2021-06-26 17:50:44,52.2460727,1
310,119,21.0072817,4311,2021-06-26 17:50:43,52.2102591,2
311,105,16.9750897,4332,2021-06-26 13:35:37,52.5472771,4
312,512,21.054598,4400,2021-06-26 17:50:42,52.253632,4
313,197,20.8682167,4402,2021-06-26 17:50:42,52.1932317,6
314,221,20.994082,4404,2021-06-26 17:50:42,52.259438,1
315,120,21.045578,4405,2021-06-26 17:50:44,52.279888,4
316,156,21.0461022,4406,2021-06-26 17:50:42,52.2729677,1
317,N02,21.044418,4407,2021-06-26 06:46:43,52.265051,3
318,240,21.0408364,4408,2021-06-26 17:50:42,52.2850302,1
319,197,20.8846729,4409,2021-06-26 17:50:42,52.2165354,1
320,197,20.862484,4410,2021-06-26 17:50:41,52.190224,7
321,120,21.0670289,4411,2021-06-26 17:50:42,52.3148709,7
322,106,20.966301,4412,2021-06-26 17:50:42,52.24334,4
323,152,21.04444,4413,2021-06-25 20:19:00,52.265066,06
324,N16,21.045311,4415,2021-06-26 05:39:26,52.264876,1
325,120,21.045601,4417,2021-06-26 13:08:26,52.264446,1
326,199,21.0444199,4418,2021-06-25 20:09:09,52.264953,2
327,901,21.0077395,4420,2021-06-26 17:50:43,52.2350666,2
328,166,21.0230584,4421,2021-06-26 17:50:42,52.2283499,5
329,N03,21.0459804,4422,2021-06-26 05:41:10,52.2641299,1
330,166,21.026487,4423,2021-06-26 17:50:41,52.214046,2
331,901,21.0296907,4424,2021-06-26 17:50:42,52.2301554,4
332,512,21.049648,4425,2021-06-26 17:50:39,52.286007,2
333,120,21.0354604,4428,2021-06-26 17:50:43,52.2537219,3
334,512,21.073532,4429,2021-06-26 17:50:43,52.284481,3
335,120,21.054363,4431,2021-06-26 17:50:41,52.333931,5
336,512,21.044199,4434,2021-06-26 17:50:43,52.249996,5
337,100,21.010443,4617,2021-06-26 17:50:34,52.2319311,M1
338,184,20.965423,5205,2021-06-26 17:50:30,52.210816,6
339,189,21.0072381,5206,2021-06-26 17:50:39,52.1774374,2
340,105,20.984652,5208,2021-06-26 17:50:38,52.2305384,1
341,188,20.9846355,5209,2021-06-26 17:50:34,52.2015959,3
342,105,20.9065269,5210,2021-06-26 17:50:39,52.2176846,2
343,172,21.000726,5211,2021-06-26 17:50:34,52.195793,4
344,189,21.0209308,5212,2021-06-26 17:50:37,52.1732443,11
345,105,20.8989244,5214,2021-06-26 17:50:42,52.238777,3
346,189,21.068858,5215,2021-06-26 17:50:24,52.181278,13
347,716,20.9139335,5216,2021-06-26 17:50:33,52.2087673,1
348,172,20.9661654,5217,2021-06-26 17:50:34,52.2182064,2
349,523,21.0774299,5221,2021-06-26 17:50:37,52.2345651,3
350,517,20.93646,5222,2021-06-26 17:50:39,52.20154,2
351,523,20.9390094,5223,2021-06-26 17:50:35,52.2396804,1
352,171,20.9203944,5224,2021-06-26 17:50:39,52.2570979,3
353,105,20.8989651,5225,2021-06-26 17:50:34,52.2387793,4
354,210,20.9281954,5228,2021-06-26 17:50:43,52.2910269,3
355,187,20.9057077,5229,2021-06-26 17:50:42,52.1971277,1
356,171,20.9732701,5232,2021-06-26 17:50:34,52.2374448,4
357,136,21.027316,5234,2021-06-26 17:50:24,52.161973,5
358,184,20.9684549,5235,2021-06-26 17:50:42,52.2139904,1
359,517,20.9518822,5236,2021-06-26 17:50:37,52.2115878,5
360,Z10,20.924785,5237,2021-06-26 17:50:35,52.2606464,3
361,171,20.9248334,5238,2021-06-26 17:50:33,52.2726282,2
362,171,21.0348553,5240,2021-06-26 17:50:42,52.2242832,5
363,191,20.9488863,5241,2021-06-26 17:50:36,52.2095531,2
364,148,20.9781329,5242,2021-06-26 17:50:39,52.1694164,4
365,190,20.920664,5245,2021-06-25 20:12:48,52.196575,016
366,523,21.1072293,5253,2021-06-26 17:50:35,52.2484249,5
367,141,20.9224014,5255,2021-06-26 00:37:46,52.1970728,4
368,182,20.92243,5256,2021-06-25 19:09:29,52.1956758,011
369,188,20.977953,5257,2021-06-26 17:50:24,52.169588,52
370,187,20.8621035,5258,2021-06-26 17:50:42,52.1908908,2
371,184,20.921771,5260,2021-06-26 17:50:22,52.249735,5
372,N46,21.047172,5403,2021-06-26 06:04:29,52.2647932,150
373,500,21.041813,5404,2021-06-26 17:50:41,52.293243,52
374,169,21.040499,5406,2021-06-26 17:50:43,52.287491,5
375,705,21.001367,5407,2021-06-26 17:50:41,52.3133625,65
376,160,21.037485,5410,2021-06-26 17:50:43,52.255989,M5
377,500,20.9993999,5412,2021-06-26 17:50:43,52.2587075,54
378,160,21.030184,5413,2021-06-26 17:50:43,52.252796,M2
379,500,21.0417,5419,2021-06-26 17:50:42,52.30035,M56
380,527,21.056923,5425,2021-06-26 17:50:41,52.321781,3
381,162,21.0353122,5426,2021-06-26 17:50:43,52.2513422,1
382,162,21.048773,5428,2021-06-26 17:50:42,52.206951,2
383,185,21.025772,5429,2021-06-26 17:50:42,52.243931,8
384,112,21.082266,5430,2021-06-26 17:50:41,52.304493,3
385,145,21.0547807,5432,2021-06-26 17:50:42,52.292342,4
386,409,20.988049,5433,2021-06-26 17:50:41,52.256481,57
387,112,20.8828416,5434,2021-06-26 17:50:42,52.2147502,9
388,169,21.0518687,5435,2021-06-26 17:50:42,52.2529117,3
389,527,21.046185,5436,2021-06-26 17:50:43,52.270878,2
390,409,20.944281,5437,2021-06-26 17:50:42,52.268856,53
391,160,21.0683652,5438,2021-06-26 17:50:43,52.3235829,7
392,112,20.960806,5439,2021-06-26 17:50:43,52.275681,12
393,500,21.0414467,5441,2021-06-26 17:50:41,52.2919407,55
394,160,21.0028529,5443,2021-06-26 17:50:42,52.2291422,4
395,520,21.155519,5445,2021-06-26 17:50:36,52.239863,4
396,511,20.9280317,5448,2021-06-26 17:50:42,52.2915389,1
397,160,21.055662,5449,2021-06-26 17:50:43,52.275303,1
398,527,21.057228,5453,2021-06-26 17:50:42,52.322586,1
399,160,21.0027977,5454,2021-06-26 17:50:42,52.2297942,3
400,723,20.976698,5455,2021-06-26 17:50:43,52.314129,2
401,511,20.951683,5459,2021-06-26 17:50:38,52.343163,2
402,185,21.0234154,5460,2021-06-26 17:50:42,52.1428355,3
403,180,21.011511,5870,2021-06-26 17:50:38,52.246521,7
404,503,21.015757,5871,2021-06-26 17:50:41,52.230591,3
405,503,21.002262,5873,2021-06-26 17:50:39,52.254719,5
406,503,21.008463,5875,2021-06-26 17:50:37,52.235653,7
407,180,21.005354,5876,2021-06-26 17:50:42,52.249153,62
408,175,21.010294,5880,2021-06-26 17:50:42,52.2321135,55
409,175,20.97822,5882,2021-06-26 17:50:39,52.169445,53
410,128,21.0129766,5884,2021-06-26 17:50:42,52.2430157,51
411,175,20.978621,5886,2021-06-26 17:50:39,52.178425,52
412,128,21.000879,5887,2021-06-26 17:50:42,52.22739,64
413,128,20.963467,5889,2021-06-26 17:50:42,52.207771,59
414,180,21.083878,5890,2021-06-26 17:50:42,52.16782,3
415,180,20.968752,5891,2021-06-26 17:50:39,52.256306,11
416,180,21.031553,5892,2021-06-26 17:50:43,52.206833,5
417,128,20.988541,5895,2021-06-26 17:50:42,52.217316,60
418,128,20.998121,5897,2021-06-25 23:36:40,52.187019,51
419,503,21.011961,5898,2021-06-26 17:50:40,52.246395,4
420,111,21.093084,5900,2021-06-26 17:50:40,52.227642,4
421,158,21.033316,5902,2021-06-26 17:50:38,52.234299,5
422,128,20.96364,5904,2021-06-26 17:50:43,52.207706,58
423,116,20.92474,5905,2021-06-26 17:50:38,52.272438,69
424,158,21.117008,5907,2021-06-25 21:44:36,52.233902,5
425,175,21.116972,5908,2021-06-25 19:38:19,52.233955,068
426,116,21.116823,5910,2021-06-26 00:07:33,52.233971,17
427,158,20.95751,5913,2021-06-26 17:50:43,52.214996,6
428,158,21.1176527,5915,2021-06-26 17:50:43,52.2337795, 
429,111,21.009861,5920,2021-06-26 17:50:39,52.232887,6
430,116,21.034893,5921,2021-06-26 17:50:39,52.202095,5
431,111,21.107388,5922,2021-06-26 07:42:12,52.233645, 
432,111,21.116245,5926,2021-06-26 00:24:55,52.234005,5
433,111,21.102467,5927,2021-06-26 17:50:43,52.222061,3
434,111,20.985302,5931,2021-06-26 17:50:39,52.246323,8
435,128,21.012968,5932,2021-06-26 17:50:40,52.243172,61
436,158,21.0033187,5933,2021-06-26 17:50:43,52.2282347,1
437,158,21.116238,5934,2021-06-26 17:50:43,52.233528, 
438,503,21.115843,5935,2021-06-26 00:31:56,52.233995,013
439,116,21.03927,5936,2021-06-26 17:50:42,52.197273,4
440,503,21.035353,5937,2021-06-26 17:50:43,52.165005,1
441,175,21.012789,5939,2021-06-26 17:50:42,52.243202,56
442,116,21.084539,5940,2021-06-26 17:50:41,52.168362,3
443,175,21.115613,5941,2021-06-25 21:43:06,52.234041,63
444,116,20.982847,5942,2021-06-26 17:50:43,52.269596,7
445,503,21.049648,5943,2021-06-26 17:50:41,52.154606,9
446,158,21.08992,5946,2021-06-26 17:50:39,52.235882,2
447,175,20.98057,5947,2021-06-26 17:50:39,52.189445,54
448,116,21.000692,5948,2021-06-26 17:50:41,52.229458,56
449,518,20.990168,5950,2021-06-26 17:50:42,52.264763,2
450,503,21.044294,5954,2021-06-26 17:50:41,52.178288,2
451,503,21.031378,5956,2021-06-26 17:50:39,52.206512,8
452,E-9,21.045723,5962,2021-06-25 20:17:53,52.265643,06
453,180,20.924789,5964,2021-06-26 17:50:36,52.272549,10
454,723,21.047304,5966,2021-06-25 18:56:33,52.265156,07
455,180,21.060516,5967,2021-06-26 17:50:43,52.189568,4
456,180,21.018085,5968,2021-06-26 17:50:43,52.231346,1
457,116,20.925795,5969,2021-06-26 17:50:42,52.272465,8
458,518,20.971519,5976,2021-06-26 17:50:39,52.320854,6
459,518,21.010839,5978,2021-06-26 17:50:41,52.231522,3
460,518,20.995163,5979,2021-06-26 17:50:39,52.258965,5
461,518,20.942146,5980,2021-06-26 17:50:40,52.334564,7
462,518,21.015373,5981,2021-06-26 17:50:39,52.230492,4
463,503,21.001961,5983,2021-06-26 17:50:41,52.258221,6
464,111,21.031355,5984,2021-06-26 17:50:39,52.233891,5
465,111,20.98842,5985,2021-06-26 17:50:39,52.247307,7
466,111,21.065454,5986,2021-06-26 17:50:39,52.231071,2
467,180,20.924969,5987,2021-06-26 17:50:41,52.2724,9
468,180,21.011206,5988,2021-06-26 17:50:39,52.230461,6
469,180,21.049755,5990,2021-06-26 17:50:41,52.203304,2
470,180,20.961859,5991,2021-06-26 17:50:44,52.25882,58
471,518,20.956385,5994,2021-06-26 17:50:40,52.313904,1
472,116,21.049965,5995,2021-06-26 17:50:38,52.187508,2
473,116,21.024242,5996,2021-06-26 17:50:41,52.223598,1
474,116,21.010992,5997,2021-06-26 17:50:40,52.246777,11
475,116,20.97061,5998,2021-06-26 17:50:39,52.27227,10
476,111,21.01206,5999,2021-06-26 17:50:41,52.230171,1
477,167,20.962263,6201,2021-06-26 17:50:42,52.215668,2
478,713,20.80014,6203,2021-06-26 17:50:39,52.210304,1
479,713,20.9228276,6204,2021-06-26 17:50:43,52.2215,2
480,112,20.94066,6207,2021-06-26 17:50:38,52.277733,6
481,112,21.0315552,6208,2021-06-26 17:50:42,52.2997499,1
482,112,20.9130421,6210,2021-06-26 17:50:43,52.2384381,M11
483,112,20.884317,6212,2021-06-26 17:50:43,52.215076,8
484,136,20.970394,6213,2021-06-26 17:50:42,52.2132187,10
485,187,20.8767039,6214,2021-06-26 17:50:42,52.1956142,3
486,210,20.823328,6220,2021-06-26 17:50:43,52.29063,1
487,187,20.9495697,6222,2021-06-26 17:50:43,52.2103789,4
488,189,20.963018,6223,2021-06-26 17:50:42,52.188755,10
489,187,20.967407,6226,2021-06-26 17:50:41,52.218266,8
490,191,20.9517097,6227,2021-06-26 17:50:43,52.2117717,6
491,136,21.047359,6236,2021-06-26 17:50:42,52.150814,7
492,716,20.8287642,6239,2021-06-26 17:50:43,52.1929179,3
493,184,20.939753,6241,2021-06-26 17:50:43,52.279694,4
494,703,20.88464,6242,2021-06-26 17:50:43,52.129025,74
495,706,20.9437344,6243,2021-06-26 17:50:42,52.1752192,1
496,L29,20.465288,65471,2021-06-26 17:50:31,52.267891,1
497,112,20.91305,7200,2021-06-26 17:50:44,52.238522,7
498,124,20.960295,7201,2021-06-26 17:50:43,52.156181,1
499,Z10,20.913219,7202,2021-06-26 17:50:43,52.238201,5
500,112,21.048155,7206,2021-06-26 17:50:43,52.287132,4
501,Z10,20.925003,7208,2021-06-26 17:50:42,52.261097,1
502,189,20.89875,7214,2021-06-26 17:50:42,52.238655,7
503,728,20.9434115,7217,2021-06-26 17:50:43,52.1755099,72
504,728,20.896042,7218,2021-06-26 17:50:43,52.007736,71
505,517,21.010569,7224,2021-06-26 17:50:41,52.23175,4
506,112,21.091469,7225,2021-06-26 17:50:42,52.3078,2
507,112,20.9208932,7226,2021-06-26 13:08:33,52.1969334,4
508,184,20.931179,7227,2021-06-26 17:50:42,52.246864,2
509,Z10,20.916946,7228,2021-06-26 17:50:43,52.220425,6
510,716,20.930536,7229,2021-06-26 17:50:41,52.225044,2
511,Z10,20.9308341,7234,2021-06-26 17:50:42,52.2249712,7
512,124,20.921078,7240,2021-06-25 18:26:53,52.196911,03
513,187,21.048214,7241,2021-06-26 17:50:43,52.207554,7
514,187,21.048248,7243,2021-06-26 17:50:42,52.178192,6
515,210,20.811683,7244,2021-06-26 17:50:42,52.3092889,2
516,167,21.079849,7245,2021-06-26 17:50:41,52.208408,6
517,191,20.870388,7247,2021-06-26 17:50:42,52.183586,4
518,172,21.031507,7248,2021-06-26 17:50:43,52.201012,7
519,189,20.8969889,7249,2021-06-26 17:50:42,52.2283312,5
520,188,20.979176,7250,2021-06-26 17:50:42,52.169788,1
521,517,20.878056,7251,2021-06-26 17:50:43,52.197895,6
522,182,20.9631999,7252,2021-06-26 17:50:43,52.2168301,2
523,517,21.0105297,7254,2021-06-26 17:50:42,52.2316496,3
524,523,20.966768,7255,2021-06-26 17:50:39,52.218052,7
525,191,20.8918999,7256,2021-06-26 17:50:42,52.1905287,5
526,188,21.1047001,7257,2021-06-26 17:50:41,52.2463419,5
527,182,21.112984,7259,2021-06-26 17:50:43,52.236279,4
528,138,21.094175,7301,2021-06-26 17:50:43,52.265015,6
529,141,21.048991,7303,2021-06-26 17:50:41,52.225273,4
530,148,21.0871107,7304,2021-06-26 17:50:43,52.2447827,9
531,151,21.0158297,7305,2021-06-26 17:50:41,52.2220767,2
532,182,21.0219704,7306,2021-06-26 17:50:42,52.2185559,3
533,162,21.0850222,7308,2021-06-26 17:50:41,52.1932952,3
534,507,21.0430664,7310,2021-06-26 17:50:43,52.2363957,2
535,125,21.188614,7312,2021-06-26 17:50:43,52.207115,2
536,E-1,21.1167422,7314,2021-06-25 19:42:06,52.2335197,01
537,520,21.1562679,7315,2021-06-26 17:50:42,52.2404299,5
538,143,21.1164757,7317,2021-06-25 19:35:11,52.2334452,3
539,162,21.0457886,7322,2021-06-26 17:50:42,52.2158829,4
540,523,20.976334,7324,2021-06-26 17:50:42,52.218029,2
541,520,21.0163694,7325,2021-06-26 17:50:42,52.2228789,2
542,148,21.0375972,7326,2021-06-26 17:50:43,52.1461674,5
543,138,21.0381727,7327,2021-06-26 17:50:41,52.2520316,7
544,171,20.9142302,7328,2021-06-26 17:50:37,52.2519797,8
545,520,21.002138,7331,2021-06-26 17:50:43,52.243038,1
546,150,20.92811,753,2021-06-26 17:50:42,52.290733,3
547,750,20.833492,755,2021-06-26 17:50:41,52.358402,2
548,250,20.901093,757,2021-06-26 17:50:40,52.290787,1
549,750,20.742157,758,2021-06-26 17:50:42,52.391232,3
550,150,20.893698,761,2021-06-26 17:50:36,52.338753,1
551,250,20.882347,763,2021-06-26 17:50:43,52.335262,3
552,521,20.9907679,7701,2021-06-26 17:50:42,52.225438,3
553,750,20.910662833,773,2021-06-26 17:50:40,52.3241265,4
554,250,20.928978,775,2021-06-26 17:50:42,52.292992,2
555,750,20.9363079,776,2021-06-26 17:50:43,52.2995736,1
556,150,20.8551984,777,2021-06-26 17:50:43,52.3465137,2
557,138,21.0031156,8120,2021-06-26 17:50:36,52.1705246,1
558,185,20.975428,8138,2021-06-26 17:50:37,52.2896313,7
559,172,21.0691375,8139,2021-06-26 17:50:39,52.1813805,6
560,727,20.997388,8148,2021-06-25 21:39:43,52.187336,4
561,522,21.0266341,8154,2021-06-26 17:50:37,52.2088208,6
562,167,21.0073486,8166,2021-06-26 17:50:37,52.2103631,5
563,143,21.1112793,8167,2021-06-26 17:50:35,52.2404873,2
564,522,20.998243,8174,2021-06-25 20:09:50,52.1878,013
565,504,21.004636,8178,2021-06-26 17:50:40,52.2299658,3
566,519,20.996546,8180,2021-06-25 22:35:23,52.187545,5
567,136,20.992803,8181,2021-06-26 17:50:28,52.183401,4
568,138,20.99652,8183,2021-06-26 17:50:33,52.169836,2
569,172,20.9861938,8184,2021-06-26 17:50:39,52.1979651,8
570,504,20.988921,8187,2021-06-26 17:50:32,52.2181195,2
571,519,21.092851,8188,2021-06-26 17:50:31,52.117081,2
572,504,21.0490426,8189,2021-06-26 17:50:42,52.1380831,5
573,198,21.1173818,8210,2021-06-25 18:57:27,52.2334423,04
574,151,21.1167196,8218,2021-06-25 19:22:39,52.2335221,04
575,514,21.22329,8222,2021-06-26 17:50:36,52.2467551,4
576,188,21.1161338,8225,2021-06-25 20:54:43,52.2335866,08
577,143,21.114924,8228,2021-06-25 23:38:50,52.234206,6
578,509,21.116793,8231,2021-06-25 20:04:19,52.233758,021
579,514,21.1356701,8300,2021-06-26 17:50:39,52.2420456,3
580,502,21.2309028,8301,2021-06-26 17:50:40,52.2165085,4
581,125,21.106795,8303,2021-06-26 17:50:35,52.2414138,5
582,125,21.0977995,8305,2021-06-26 17:50:39,52.2432763,3
583,509,20.942,8310,2021-06-26 17:50:29,52.334291,3
584,502,21.015091,8313,2021-06-26 17:50:28,52.218911,6
585,182,21.11721,8315,2021-06-25 19:08:30,52.233705,013
586,145,21.129885,8317,2021-06-26 17:50:23,52.236298,1
587,188,21.0328231,8318,2021-06-26 17:50:37,52.2211276,6
588,168,21.11586,8320,2021-06-25 21:27:01,52.23366,07
589,514,21.0156033,8323,2021-06-26 17:50:44,52.2193206,2
590,145,21.088428,8324,2021-06-26 17:50:42,52.2448676,2
591,720,21.4638328,8325,2021-06-26 17:50:45,52.1330766,1
592,125,21.117233,8327,2021-06-25 20:58:39,52.234053,3
593,145,21.00022,8328,2021-06-26 17:50:42,52.2913675,5
594,411,21.117353,8330,2021-06-25 20:35:38,52.233359,53
595,148,21.0936108,8331,2021-06-26 17:50:39,52.2150028,1
596,502,21.0153208,8335,2021-06-26 17:44:02,52.2185746,1
597,143,21.0274016,8339,2021-06-26 17:50:27,52.219931,1
598,704,21.3478675,8340,2021-06-26 17:50:46,52.222401,1
599,171,21.018805,8342,2021-06-26 17:50:37,52.2311733,6
600,151,21.0823217,8344,2021-06-26 17:50:31,52.2308833,3
601,185,21.0566783,8345,2021-06-26 17:50:43,52.1823033,1
602,145,21.116836,8346,2021-06-25 19:31:54,52.233566,016
603,145,21.116093,8347,2021-06-25 19:40:44,52.233476,012
604,523,20.8983233,8348,2021-06-26 17:50:42,52.2584817,9
605,507,21.051359,8349,2021-06-26 17:50:33,52.237915,5
606,411,21.116288,8350,2021-06-25 20:43:54,52.233658,061
607,125,21.04128,8351,2021-06-26 17:50:42,52.24153,4
608,125,21.1964767,8352,2021-06-26 17:50:31,52.2083967,1
609,151,21.0964333,8353,2021-06-26 17:50:37,52.2310333,1
610,521,21.0015167,8355,2021-06-26 17:50:38,52.2274333,2
611,N03,21.117188,8357,2021-06-26 05:01:26,52.233246,254
612,502,21.243005,8358,2021-06-26 17:50:29,52.2178033,3
613,507,21.1023583,8360,2021-06-26 17:50:33,52.2219733,4
614,704,21.0885917,8362,2021-06-26 17:50:29,52.2449017,2
615,521,21.167369,8363,2021-06-26 17:50:28,52.205228,5
616,507,21.005385,8366,2021-06-26 17:50:43,52.2294917,1
617,143,21.0961833,8367,2021-06-26 17:50:40,52.2434917,6
618,502,21.0988417,8368,2021-06-26 17:50:39,52.2345017,5
619,521,21.1572517,8369,2021-06-26 17:50:31,52.2152983,1
620,141,21.117058,8397,2021-06-25 19:41:02,52.233698,012
621,502,21.1151075,8403,2021-06-25 23:03:57,52.2336293,064
622,411,21.1156411,8440,2021-06-25 20:20:48,52.2335555,062
623,511,20.971794,8443,2021-06-26 17:50:41,52.321892,3
624,112,20.914248,8445,2021-06-26 17:50:42,52.235287,10
625,169,21.0456744,8447,2021-06-26 17:50:42,52.2860791,2
626,509,20.9835672,8448,2021-06-26 17:50:42,52.3074876,1
627,160,21.0546525,8450,2021-06-26 17:50:43,52.2962929,6
628,409,20.9004411,8452,2021-06-26 17:50:43,52.2975517,58
629,735,21.029631,8454,2021-06-26 17:50:43,52.432648,61
630,112,21.002821,8455,2021-06-26 17:50:41,52.290173,5
631,731,20.9273242,8457,2021-06-26 17:50:41,52.3867154,4
632,185,21.0485019,8458,2021-06-26 11:00:08,52.2645874,6
633,169,21.051559,8459,2021-06-26 17:50:41,52.252808,4
634,409,20.8868135,8460,2021-06-26 17:50:42,52.3046795,51
635,169,21.0419274,8461,2021-06-26 17:50:43,52.3001451,1
636,141,20.9798883,8500,2021-06-26 17:50:27,52.18752,8
637,Z26,20.996105,8501,2021-06-26 17:50:33,52.24261,3
638,522,21.0801067,8502,2021-06-26 17:50:37,52.1576467,2
639,189,21.041816,8504,2021-06-26 17:50:35,52.171068,1
640,N33,20.996476,8505,2021-06-26 05:42:44,52.187546,172
641,185,20.997366,8507,2021-06-25 23:56:14,52.186391,9
642,174,21.014165,8508,2021-06-26 17:50:25,52.1813783,3
643,189,20.996501,8509,2021-06-26 00:35:47,52.18806,12
644,331,20.997095,8511,2021-06-25 18:21:40,52.187653,01
645,148,20.998374,8514,2021-06-26 00:52:13,52.188333,5
646,N37,20.998273,8516,2021-06-26 05:43:10,52.188213,246
647,136,20.978535,8517,2021-06-26 17:50:38,52.2107183,3
648,165,20.999001,8520,2021-06-26 17:50:35,52.172048,3
649,185,21.0384083,8521,2021-06-26 17:50:31,52.1439883,2
650,136,21.02139,8522,2021-06-26 17:50:38,52.156066,8
651,733,20.997863,8523,2021-06-25 20:19:16,52.187501,62
652,185,21.05844,8524,2021-06-26 17:50:29,52.183341,4
653,519,21.0910933,8525,2021-06-26 17:50:41,52.1529583,4
654,136,21.055591,8528,2021-06-26 17:50:29,52.147354,6
655,143,21.149415,8530,2021-06-26 17:50:36,52.260584,5
656,308,20.997771,8531,2021-06-25 19:03:30,52.187649,02
657,136,20.997748,8533,2021-06-25 23:20:13,52.188256,10
658,N03,20.997894,8534,2021-06-26 05:57:03,52.18594,156
659,131,20.996449,8535,2021-06-25 22:36:53,52.186401,10
660,519,21.0155267,8536,2021-06-26 17:50:31,52.21798,7
661,N33,20.996953,8537,2021-06-26 05:04:45,52.186869,173
662,217,21.0798733,8540,2021-06-26 17:50:42,52.1578383,2
663,N34,20.996438,8541,2021-06-26 05:33:51,52.187668,149
664,N37,20.99783,8545,2021-06-26 05:44:42,52.187465,132
665,167,20.92576,8547,2021-06-26 17:50:43,52.2341167,3
666,733,20.9433467,8548,2021-06-26 17:50:34,52.1754317,1
667,504,21.0686633,8550,2021-06-26 17:50:42,52.129005,6
668,519,21.047368,8551,2021-06-26 17:50:26,52.189648,5
669,522,21.070083,8552,2021-06-26 17:50:29,52.164368,1
670,Z26,21.030645,8553,2021-06-26 17:50:29,52.25301,2
671,148,21.0938217,8559,2021-06-26 17:50:40,52.2278783,7
672,151,21.116914,8561,2021-06-25 23:54:17,52.233616,1
673,171,20.9776583,8562,2021-06-26 17:50:38,52.23797,7
674,521,21.116369,8565,2021-06-25 20:39:03,52.233641,08
675,520,21.1112033,8566,2021-06-26 17:50:42,52.233115,6
676,523,21.04598,8567,2021-06-26 17:50:35,52.224674,6
677,509,21.03124,8569,2021-06-26 17:50:34,52.2548183,9
678,148,21.048628,8570,2021-06-26 17:50:35,52.188413,6
679,143,21.1771233,8573,2021-06-26 17:50:38,52.2570067,4
680,521,21.150574,8574,2021-06-26 17:50:29,52.221604,4
681,523,20.919655,8576,2021-06-26 17:50:38,52.2398267,8
682,141,21.05109,8578,2021-06-26 17:50:38,52.2258567,1
683,190,21.046053,8582,2021-06-25 18:46:44,52.264343,021
684,523,21.1067967,8586,2021-06-26 17:50:31,52.248005,4
685,520,21.0152733,8589,2021-06-26 17:50:34,52.2168733,7
686,185,21.0263083,8592,2021-06-26 17:49:15,52.2434183,5
687,N13,21.114978,8593,2021-06-26 05:47:18,52.233611,247
688,145,21.1268233,8594,2021-06-26 17:50:34,52.25912,3
689,188,21.084281,8595,2021-06-26 17:50:34,52.248316,4
690,168,21.112704,8800,2021-06-26 17:50:23,52.23617,5
691,189,20.8988126,8802,2021-06-26 17:50:38,52.2387396,6
692,148,21.0082978,8804,2021-06-26 17:50:40,52.154451,3
693,168,21.064055,8805,2021-06-26 17:50:41,52.2054856,6
694,136,20.9660093,8806,2021-06-26 17:50:40,52.24314,1
695,189,20.9589733,8807,2021-06-26 17:50:43,52.1897518,3
696,138,21.0460335,8808,2021-06-26 17:50:37,52.2481815,4
697,168,20.9956583,8810,2021-06-26 17:50:42,52.1889313,2
698,167,21.030518,8812,2021-06-26 17:50:38,52.206935,1
699,136,20.9655636,8813,2021-06-26 17:50:42,52.238035,2
700,504,20.9792603,8814,2021-06-26 17:50:42,52.1841646,4
701,217,21.043061,8816,2021-06-26 17:50:42,52.1756141,1
702,167,21.082921,8818,2021-06-26 17:50:26,52.208286,7
703,167,20.9427608,8819,2021-06-26 17:50:39,52.2268096,4
704,174,20.9952438,8820,2021-06-26 17:50:34,52.1702163,371
705,N43,20.9959001,8821,2021-06-26 05:29:35,52.1875351,220
706,189,21.054576,8822,2021-06-26 17:50:37,52.180671,12
707,519,21.0508545,8823,2021-06-26 17:50:41,52.186521,8
708,148,21.0498723,8825,2021-06-26 17:50:39,52.1607686,2
709,522,21.0160255,8826,2021-06-26 17:50:39,52.2150773,318
710,514,21.0530513,8828,2021-06-26 17:50:42,52.2260988,1
711,509,21.1024538,8829,2021-06-26 17:50:38,52.2218475,7
712,143,21.0137205,8832,2021-06-26 17:50:43,52.2168951,7
713,502,21.0983413,8833,2021-06-26 17:50:41,52.2348526,2
714,182,21.1165943,8834,2021-06-26 17:50:39,52.2350948,M5
715,N83,21.116546,8839,2021-06-26 05:25:32,52.233586,174
716,520,21.0855271,8840,2021-06-26 17:50:37,52.2362128,3
717,138,21.1172336,8841,2021-06-25 22:19:45,52.2337476,1
718,521,21.1161941,8844,2021-06-25 20:59:15,52.2334716,09
719,138,21.0210923,8846,2021-06-26 17:50:38,52.2106936,8
720,143,21.1690333,8850,2021-06-26 17:50:39,52.2641695,3
721,138,21.1005675,8852,2021-06-26 17:50:38,52.2606455,5
722,509,21.0629126,8853,2021-06-26 17:50:42,52.2287671,8
723,182,21.0639065,8854,2021-06-26 17:50:40,52.2287461,1
724,518,21.047239,8859,2021-06-25 21:49:41,52.2647968,9
725,412,21.047084,8862,2021-06-25 20:21:52,52.264918,05
726,509,21.043849,8863,2021-06-25 22:53:53,52.266028,14
727,723,21.047273,8864,2021-06-25 19:20:55,52.264625,08
728,269,21.043698,8866,2021-06-25 22:15:02,52.266003,04
729,738,21.046916,8868,2021-06-25 18:47:25,52.264738,05
730,340,21.046388,8870,2021-06-25 19:12:44,52.265081,03
731,511,21.046323,8874,2021-06-25 18:33:00,52.265079,05
732,340,21.048342,8876,2021-06-25 18:55:45,52.264397,06
733,723,20.9886851,8878,2021-06-26 17:50:39,52.3042003,1
734,511,21.0472221,8879,2021-06-25 19:11:55,52.2646076,07
735,709,20.996574,8880,2021-06-25 18:58:33,52.18762,016
736,136,20.991701,8881,2021-06-26 17:50:38,52.1889066,9
737,174,21.011559,8882,2021-06-26 17:50:40,52.2000155,1
738,165,21.0242446,8883,2021-06-26 17:50:39,52.1797743,4
739,504,21.0171368,8885,2021-06-26 17:50:41,52.1627343,1
740,504,20.9985235,8886,2021-06-26 11:14:42,52.1878498,6
741,165,21.0024536,8888,2021-06-26 17:50:43,52.1582093,2
742,165,21.0027286,8891,2021-06-26 17:50:40,52.1757321,1
743,148,21.087031,8893,2021-06-26 17:50:33,52.245058,8
744,172,21.0363126,8895,2021-06-26 17:50:39,52.200872,5
745,522,21.0028696,8896,2021-06-26 17:50:40,52.2295355,5
746,138,21.0169505,8897,2021-06-26 17:50:42,52.2044956,3
747,519,21.092661,8899,2021-06-26 17:50:41,52.148381,1
748,161,21.172138,9061,2021-06-26 17:50:41,52.180149,1
749,104,21.031223,9063,2021-06-26 17:50:39,52.300739,2
750,161,21.224691,9068,2021-06-26 17:50:41,52.18668,2
751,211,20.941418,9070,2021-06-26 17:50:42,52.355396,3
752,211,20.941332,9074,2021-06-26 17:50:39,52.355453,4
753,211,20.961956,9075,2021-06-26 17:50:41,52.317139,M5
754,234,21.014093,9076,2021-06-26 17:42:18,52.310333,1
755,234,21.066853,9079,2021-06-26 17:50:42,52.339008,2
756,800,20.768673,9082,2021-06-26 17:50:24,52.365288,M1
757,900,20.953573,9084,2021-06-26 17:50:41,52.359077,1
758,161,21.187798,9088,2021-06-26 17:50:42,52.183926,M3
759,104,21.000328,9091,2021-06-26 17:50:42,52.2915,1
760,211,20.9687,9092,2021-06-26 17:50:41,52.320625,2
761,211,21.000935,9093,2021-06-26 17:50:43,52.291176,1
762,219,21.168104,9201,2021-06-26 17:50:36,52.200249,1
763,107,20.995581,9204,2021-06-26 17:50:41,52.246162,1
764,107,20.979364,9205,2021-06-26 17:50:36,52.244473,2
765,121,20.973974,9206,2021-06-26 17:50:37,52.272438,M2
766,107,21.007122,9210,2021-06-26 17:50:40,52.238403,3
767,201,20.925087,9212,2021-06-26 17:50:37,52.232876,3
768,121,20.967977,9213,2021-06-26 17:50:36,52.271969,1
769,133,20.983824,9214,2021-06-26 17:50:41,52.352596,1
770,133,20.952265,9215,2021-06-26 17:50:34,52.31686,2
771,177,20.883623,9220,2021-06-26 17:50:41,52.205753,1
772,177,20.893364,9221,2021-06-26 17:50:43,52.191288,2
773,203,20.928434,9222,2021-06-26 17:50:41,52.291145,2
774,107,21.048571,9223,2021-06-26 17:50:42,52.207886,4
775,203,20.919071,9224,2021-06-26 17:50:38,52.275208,1
776,209,20.981096,9227,2021-06-26 17:50:38,52.132832,51
777,228,20.893028,9228,2021-06-26 17:50:37,52.200382,1
778,228,20.926352,9229,2021-06-26 17:50:42,52.214069,3
779,177,20.882558,9230,2021-06-26 17:50:42,52.197584,3
780,228,20.981493,9231,2021-06-26 17:50:35,52.191067,2
781,209,21.033722,9233,2021-06-26 17:50:42,52.15567,52
782,201,20.924618,9234,2021-06-26 17:50:41,52.261288,2
783,219,21.153742,9235,2021-06-26 17:50:37,52.191429,2
784,208,20.97562,9236,2021-06-26 17:50:39,52.210289,1
785,264,21.084683,9240,2021-06-26 17:50:43,52.165385,1
786,107,21.035063,9241,2021-06-26 17:50:36,52.221909,M5
787,201,20.939301,9243,2021-06-26 17:50:40,52.246658,1
788,219,21.102697,9250,2021-06-26 17:50:42,52.222679,3
789,239,21.006189,9252,2021-06-26 17:50:41,52.142277,53
790,199,21.072058,9311,2021-06-26 17:50:41,52.283176,4
791,135,21.065136,9312,2021-06-26 17:50:42,52.246426,3
792,135,21.026976,9313,2021-06-26 17:50:41,52.259762,4
793,123,21.094307,9316,2021-06-26 17:50:41,52.228233,1
794,123,21.050859,9317,2021-06-26 17:50:40,52.25251,3
795,179,21.0654639,9318,2021-06-26 17:50:41,52.1432131,7
796,153,21.170364,9319,2021-06-26 17:50:34,52.276867,3
797,179,21.036205,9320,2021-06-26 17:50:41,52.152039,3
798,142,21.134417,9321,2021-06-26 17:50:40,52.201694,4
799,123,21.054987,9322,2021-06-26 17:50:42,52.238644,2
800,123,21.084564,9323,2021-06-26 17:50:40,52.250198,5
801,179,21.036831,9325,2021-06-26 17:50:40,52.162022,4
802,135,21.073313,9326,2021-06-26 17:50:42,52.246067,1
803,179,21.037064,9327,2021-06-26 17:50:40,52.162052,5
804,135,21.107117,9328,2021-06-26 17:50:25,52.248302,2
805,179,21.037613,9329,2021-06-26 17:50:42,52.146149,6
806,179,21.056501,9333,2021-06-26 17:50:42,52.15229,52
807,123,21.089966,9337,2021-06-26 17:50:38,52.222233,4
808,153,21.167938,9338,2021-06-26 17:50:40,52.256992,2
809,123,21.052391,9339,2021-06-26 17:50:40,52.250198,357
810,153,21.177036,9340,2021-06-26 17:50:42,52.256859,1
811,199,21.179741,9342,2021-06-26 17:50:36,52.269157,2
812,123,21.077581,9345,2021-06-25 21:25:22,52.268494,357
813,179,21.068609,9349,2021-06-26 17:50:38,52.12888,1
814,142,21.089039,9351,2021-06-26 17:50:42,52.24472,1
815,142,21.242069,9352,2021-06-26 17:50:39,52.169849,3
816,142,21.191296,9354,2021-06-26 17:46:59,52.171467,M5
817,199,21.1440509,9355,2021-06-26 17:50:34,52.2696932,1
818,142,21.094213,9357,2021-06-26 17:50:29,52.244118,2
819,103,20.926716,9411,2021-06-26 17:50:41,52.290356,4
820,157,20.965782,9412,2021-06-26 17:50:42,52.207813,3
821,117,21.102449,9413,2021-06-26 17:50:39,52.222157,3
822,516,20.938437,9414,2021-06-26 17:50:39,52.323689,4
823,157,20.976582,9416,2021-06-26 17:50:41,52.289902,6
824,117,21.01129,9417,2021-06-26 17:50:43,52.229465,1
825,103,20.968987,9418,2021-06-26 17:50:39,52.226273,2
826,134,20.968309,9419,2021-06-26 17:50:41,52.271843,1
827,134,21.006699,9420,2021-06-26 17:50:38,52.291893,2
828,134,21.054035,9423,2021-06-26 17:50:38,52.353989,3
829,117,21.092253,9424,2021-06-26 17:50:42,52.221756,4
830,117,21.050131,9425,2021-06-26 17:50:42,52.237915,2
831,103,20.943642,9427,2021-06-26 17:50:38,52.294544,5
832,157,20.972517,9428,2021-06-26 17:50:39,52.286072,1
833,157,20.986609,9429,2021-06-26 17:50:39,52.240376,2
834,245,21.130583,9431,2021-06-26 17:50:43,52.283348,1
835,516,20.94195,9432,2021-06-26 17:50:41,52.335903,1
836,516,20.988388,9434,2021-06-26 17:50:40,52.304382,2
837,516,21.000835,9436,2021-06-26 17:50:40,52.29113,3
838,176,21.010801,9438,2021-06-26 17:50:41,52.301689,1
839,157,20.997242,9439,2021-06-26 17:50:42,52.253666,5
840,712,20.883772,9441,2021-06-26 17:50:41,52.286255,M2
841,103,20.956596,9442,2021-06-26 17:50:40,52.238552,1
842,103,20.942713,9443,2021-06-26 17:50:41,52.269627,3
843,245,21.052998,9446,2021-06-26 17:50:43,52.276505,2
844,712,20.927999,9450,2021-06-26 17:50:38,52.290802,1
845,176,20.982246,9452,2021-06-26 17:50:40,52.355579,3
846,176,21.02371,9453,2021-06-26 17:50:43,52.283607,2
847,743,20.881729,9459,2021-06-26 17:50:42,52.227848,1
848,194,20.908122833,9501,2021-06-26 17:50:42,52.206974167,4
849,181,20.956173,9503,2021-06-26 17:50:40,52.279314,2
850,717,20.882094167,9504,2021-06-26 17:50:40,52.180499,3
851,139,21.108583833,9507,2021-06-26 17:50:40,52.114273667,2
852,149,20.945334167,9509,2021-06-26 17:50:40,52.246894333,2
853,729,20.932515,9511,2021-06-26 17:50:40,52.240273667,1
854,149,20.897751833,9514,2021-06-26 17:50:41,52.239445833,4
855,159,20.9969535,9515,2021-06-26 17:50:41,52.223444667,1
856,159,21.083866833,9519,2021-06-26 17:50:39,52.192879667,4
857,159,21.055906167,9520,2021-06-26 17:50:34,52.193420833,5
858,181,20.980910667,9521,2021-06-26 17:50:43,52.275767833,1
859,715,21.036852833,9522,2021-06-26 17:50:40,52.161984,55
860,181,20.927234667,9524,2021-06-26 17:50:39,52.309031667,4
861,194,20.916557667,9525,2021-06-26 17:50:43,52.219862333,1
862,181,20.899864167,9526,2021-06-26 17:50:43,52.297142167,3
863,220,20.925083167,9529,2021-06-26 17:50:42,52.260731333,3
864,717,20.9648765,9530,2021-06-26 17:50:41,52.218216167,2
865,159,20.960732,9531,2021-06-26 17:50:44,52.2131025,2
866,194,20.8686285,9532,2021-06-26 17:50:41,52.192528667,2
867,194,20.862700333,9533,2021-06-26 17:50:43,52.195069833,3
868,194,20.930880333,9534,2021-06-26 17:50:43,52.225080333,5
869,220,20.943881333,9535,2021-06-26 17:50:40,52.175696667,1
870,220,20.896923333,9537,2021-06-26 17:50:40,52.2420525,4
871,300,21.017708333,9538,2021-06-26 17:50:39,52.155506667,M1
872,149,20.9404695,9539,2021-06-26 17:50:40,52.246686333,3
873,707,20.8837845,9540,2021-06-26 17:50:42,52.102042833,1
874,715,20.932869167,9542,2021-06-26 17:50:43,52.150030167,53
875,737,21.018235,9543,2021-06-26 17:50:39,52.1115215,54
876,717,20.839915833,9544,2021-06-26 17:50:40,52.176997667,1
877,724,21.076062,9546,2021-06-26 17:49:54,52.132582,1
878,139,21.023954167,9548,2021-06-26 17:50:42,52.179578167,1
879,715,20.9792695,9554,2021-06-26 17:50:37,52.133372833,51
880,149,20.897387167,9555,2021-06-26 17:50:42,52.244022167,1
881,159,21.014608333,9556,2021-06-26 17:50:40,52.2228795,3
882,220,20.8955165,9557,2021-06-26 17:50:42,52.202616667,2
883,152,20.999592,9673,2021-06-26 17:50:37,52.341782,5
884,152,20.952576,9678,2021-06-26 17:50:36,52.317135,1
885,152,20.997076,9680,2021-06-26 17:50:34,52.345058,2
886,118,21.017441,9681,2021-06-26 17:50:37,52.223434,3
887,212,21.039595,9682,2021-06-26 17:50:39,52.269436,2
888,118,21.002249,9683,2021-06-26 17:50:37,52.267155,4
889,118,21.031874,9685,2021-06-26 17:50:39,52.230064,2
890,152,20.950514,9687,2021-06-26 17:50:39,52.317059,4
891,152,21.060387,9688,2021-06-26 17:50:38,52.315094,3
892,118,21.041353,9689,2021-06-26 17:50:42,52.300053,5
893,212,21.041315,9692,2021-06-26 17:50:40,52.270084,3
894,212,21.053169,9696,2021-06-26 17:50:40,52.294128,1
895,118,21.003435,9697,2021-06-26 17:50:42,52.290329,1
896,212,21.056345,9698,2021-06-26 17:50:41,52.301796,4
897,109,21.004557,9801,2021-06-26 17:50:43,52.230576,1
898,710,21.117601,9802,2021-06-26 17:50:40,52.094276,1
899,525,21.196638,9803,2021-06-26 17:50:42,52.208286,3
900,Z10,20.924822,9804,2021-06-26 17:50:34,52.260822,2
901,109,20.998354,9805,2021-06-26 17:50:41,52.232567,3
902,109,20.898764,9806,2021-06-26 17:50:35,52.238483,5
903,109,20.947456,9807,2021-06-26 17:50:40,52.238876,6
904,127,21.026526,9809,2021-06-26 17:50:40,52.239876,2
905,127,20.970779,9810,2021-06-26 17:50:37,52.21994,1
906,127,21.028263,9811,2021-06-26 17:50:42,52.239376,335
907,131,21.004526,9814,2021-06-26 17:50:39,52.229424,4
908,131,21.079286,9818,2021-06-26 17:50:41,52.173469,2
909,710,21.120937,9819,2021-06-26 17:50:41,52.087082,3
910,131,21.047491,9820,2021-06-26 17:50:43,52.207115,6
911,131,21.033121,9821,2021-06-26 17:50:40,52.206894,1
912,525,21.025993,9822,2021-06-26 17:50:38,52.219616,1
913,519,21.002763,9825,2021-06-26 17:47:19,52.229939,6
914,525,21.148458,9826,2021-06-26 17:50:38,52.226425,2
915,710,21.058088,9827,2021-06-26 17:50:43,52.077924,2
916,525,21.166714,9829,2021-06-26 17:50:38,52.211418,4
917,525,21.037699,9830,2021-06-26 17:50:40,52.222317,5
918,742,21.216909,9833,2021-06-26 17:50:35,51.981136,1
919,710,21.084043,9834,2021-06-26 17:50:42,52.130482,4
920,719,20.840857,9835,2021-06-26 17:50:40,52.249073,1
921,Z10,20.91531,9836,2021-06-26 17:50:43,52.228611,8
922,Z10,20.923378,9837,2021-06-26 17:50:38,52.260063,M4
923,109,20.939384,9838,2021-06-26 17:50:35,52.239483,4
924,127,20.99065,9839,2021-06-26 17:50:37,52.225105,4
925,109,21.043354,9842,2021-06-26 17:50:40,52.222973,2
926,525,21.003731,9846,2021-06-26 17:50:40,52.22945,319
927,719,20.586416,9849,2021-06-26 17:50:40,52.257557,2
928,719,20.950354,9852,2021-06-26 17:50:40,52.238579,3
929,131,21.012255,9854,2021-06-26 17:50:36,52.229355,3
930,114,20.947216,9901,2021-06-26 17:50:40,52.271206,1
931,114,20.927902,9903,2021-06-26 17:50:43,52.284176,5
932,193,21.034914,9906,2021-06-26 17:50:40,52.156391,1
933,114,21.020765,9907,2021-06-26 17:50:38,52.287731,7
934,186,20.942194,9908,2021-06-26 17:50:42,52.334049,1
935,186,20.978922,9909,2021-06-26 17:50:39,52.280014,3
936,186,20.972525,9912,2021-06-26 17:50:38,52.205605,6
937,186,20.944889,9915,2021-06-26 17:50:41,52.322128,9
938,186,20.96928,9916,2021-06-26 17:50:42,52.319962,2
939,190,20.976585,9919,2021-06-26 17:50:39,52.237816,2
940,190,20.896709,9920,2021-06-26 17:50:40,52.23571,5
941,190,21.085407,9921,2021-06-26 17:50:39,52.305042,9
942,190,21.077438,9922,2021-06-26 17:50:39,52.289341,10
943,193,21.047194,9923,2021-06-26 17:50:39,52.163181,2
944,193,20.995447,9925,2021-06-26 17:50:38,52.1702,3
945,114,21.042213,9928,2021-06-26 17:50:43,52.295803,63
946,114,20.928028,9930,2021-06-26 17:50:40,52.308495,2
947,193,21.01088,9933,2021-06-26 17:50:42,52.171562,4
948,190,20.898771,9935,2021-06-26 17:50:43,52.238918,4
949,186,20.976812,9939,2021-06-26 17:50:40,52.278946,8
950,114,20.981251,9940,2021-06-26 17:50:43,52.267731,4
951,114,21.041918,9941,2021-06-26 17:50:41,52.300282,6
952,186,20.95821,9942,2021-06-26 17:50:40,52.224243,4
953,190,21.057028,9946,2021-06-26 17:50:40,52.264957,8
954,190,20.914839,9947,2021-06-26 17:50:39,52.234493,3
955,190,20.933025,9949,2021-06-26 17:50:42,52.24025,6
956,190,21.001163,9953,2021-06-26 17:50:42,52.244312,1
957,186,20.956741,9954,2021-06-26 17:50:41,52.228424,67
958,o43A,21.423235,9999,2021-06-25 14:26:34,50.302956,1
