,Lines,Lon,VehicleNumber,Time,Lat,Brigade
0,213,21.1152613,1000,2021-06-25 23:22:58,52.2346205,3
1,213,21.115043,1001,2021-06-25 23:56:49,52.23463,1
2,213,21.1506911,1003,2021-06-26 17:58:41,52.2140528,1
3,311,21.115233,1004,2021-06-25 21:52:40,52.23458,2
4,196,21.11514,1005,2021-06-25 23:48:58,52.234611,1
5,130,21.11559,1008,2021-06-25 20:19:05,52.234613,04
6,213,21.1014663,1010,2021-06-26 17:58:34,52.2233198,2
7,213,21.1865278,1011,2021-06-26 17:58:34,52.1562983,4
8,311,21.1155166,1012,2021-06-25 21:16:38,52.2346153,1
9,213,21.193514,1015,2021-06-26 17:58:35,52.1835631,3
10,108,21.028908,1020,2021-06-26 17:58:38,52.229961,3
11,218,20.997828,1021,2021-06-26 17:58:38,52.183228,4
12,218,21.013134,1024,2021-06-26 17:58:38,52.179661,2
13,192,21.0720346,1025,2021-06-26 17:58:38,52.1321639,3
14,195,20.9979977,1026,2021-06-25 21:14:18,52.1862374,2
15,163,21.0953417,1027,2021-06-26 17:58:38,52.1842984,1
16,218,21.017723,1028,2021-06-26 17:58:38,52.189262,3
17,163,21.1000347,1030,2021-06-26 17:58:39,52.1613102,2
18,163,21.049057,1031,2021-06-26 17:58:39,52.178276,3
19,108,21.06041,1038,2021-06-26 17:58:13,52.212586,4
20,192,21.0377032,1039,2021-06-26 17:58:38,52.153054,2
21,204,21.0604217,1040,2021-06-26 17:58:29,52.3150833,1
22,736,20.9986833,1042,2021-06-26 17:58:24,52.312325,1
23,204,21.043091,1043,2021-06-25 22:53:22,52.26632,05
24,204,21.0231533,1044,2021-06-26 17:58:38,52.277265,3
25,107,21.046234,1045,2021-06-25 22:36:50,52.264653,4
26,204,21.042681,1046,2021-06-25 23:57:31,52.266098,1
27,204,21.023936,1047,2021-06-26 17:58:18,52.277296,2
28,228,20.921443,1050,2021-06-25 23:41:52,52.196853,2
29,328,20.921189,1051,2021-06-25 22:30:10,52.196913,01
30,129,20.9419667,1052,2021-06-26 17:58:25,52.2457217,2
31,129,20.9099417,1053,2021-06-26 17:58:29,52.194685,3
32,129,20.8961467,1055,2021-06-26 17:58:29,52.1944317,4
33,129,20.9478617,1057,2021-06-26 17:58:30,52.244325,1
34,119,21.1913689,1061,2021-06-26 17:58:38,52.2073677,4
35,119,21.165302,1062,2021-06-26 17:58:39,52.205318,5
36,192,21.024309,1064,2021-06-26 17:58:39,52.179871,1
37,192,21.0373074,1069,2021-06-26 17:58:39,52.1525155,52
38,108,21.0242154,1070,2021-06-26 17:58:38,52.1796664,1
39,108,21.068415,1074,2021-06-26 17:58:38,52.182755,2
40,218,21.023962,1076,2021-06-26 17:58:39,52.179821,1
41,192,21.0734249,1079,2021-06-26 17:58:38,52.1353435,4
42,173,21.0426228,1101,2021-06-26 00:28:34,52.2664063,2
43,240,21.0008261,1109,2021-06-26 17:58:35,52.291393,2
44,173,21.048266,1110,2021-06-25 19:53:25,52.264265,3
45,170,21.0807466,1111,2021-06-26 17:58:37,52.2775103,2
46,132,20.9693673,1112,2021-06-26 17:58:36,52.2717825,51
47,126,21.046033,1113,2021-06-25 23:08:32,52.264159,4
48,338,21.046365,1116,2021-06-25 19:40:36,52.2645706,05
49,170,21.0326545,1117,2021-06-26 17:58:42,52.259935,4
50,739,21.018751,1200,2021-06-26 17:58:39,52.100353,65
51,739,21.039717,1201,2021-06-26 17:58:39,52.080517,64
52,166,21.0602809,1203,2021-06-26 17:58:38,52.1487329,1
53,727,21.0280762,1205,2021-06-26 17:58:38,52.0678342,68
54,727,21.0199819,1208,2021-06-26 17:58:38,52.1735712,62
55,141,21.084287,1211,2021-06-26 17:58:40,52.2443429,2
56,739,21.0233605,1213,2021-06-26 17:58:38,52.180059,66
57,166,21.046993,1214,2021-06-26 17:58:27,52.247776,3
58,727,21.0224512,1216,2021-06-26 17:58:39,52.0808614,67
59,739,21.018258,1218,2021-06-26 17:58:39,52.1265307,63
60,166,21.068258,1219,2021-06-26 17:58:38,52.129257,8
61,166,21.066145,1220,2021-06-26 17:58:39,52.142349,7
62,727,21.009253,1223,2021-06-26 17:58:38,52.058941,61
63,240,21.0483353,1400,2021-06-26 00:03:19,52.2641493,1
64,170,21.0814925,1401,2021-06-26 17:58:34,52.2768063,3
65,170,21.0454971,1403,2021-06-25 21:36:41,52.2652081,3
66,240,21.043604,1408,2021-06-25 23:31:26,52.266069,4
67,146,21.182426,1411,2021-06-26 17:58:39,52.155586,58
68,173,21.217587,1412,2021-06-26 17:58:38,52.214367,3
69,730,21.159876,1413,2021-06-26 17:58:39,52.226017,61
70,146,21.053286,1417,2021-06-26 17:58:38,52.235535,57
71,199,21.111582,1418,2021-06-26 17:58:38,52.291153,3
72,147,21.118087,1419,2021-06-26 17:58:38,52.1998036,53
73,183,21.17083,1422,2021-06-26 17:58:38,52.251587,3
74,147,21.2430065,1425,2021-06-26 17:58:38,52.2191757,54
75,147,21.1091977,1426,2021-06-26 17:58:38,52.2082721,55
76,146,21.20462,1427,2021-06-26 17:58:38,52.159519,59
77,119,21.046244,1429,2021-06-26 17:58:39,52.19989,1
78,L11,20.853817,14422,2021-06-26 17:58:38,52.446136,2
79,L10,20.945208,14423,2021-06-26 14:34:04,52.437897,M4
80,L11,20.723183,14424,2021-06-25 20:30:06,52.424343,51
81,L-9,20.943832,14426,2021-06-26 17:58:38,52.399025,3
82,L11,20.835594,14427,2021-06-26 17:58:36,52.439529,1
83,L34,20.864998,14429,2021-06-26 17:58:38,52.439671,1
84,L10,20.945269,14430,2021-06-26 16:19:41,52.437912,M5
85,L34,20.945213,14431,2021-06-25 19:23:11,52.437866,2
86,L41,20.709755,14432,2021-06-26 17:58:32,52.430531,1
87,L33,20.945353,14434,2021-06-25 23:24:58,52.438198,1
88,L49,20.894257,14436,2021-06-26 17:58:36,52.417213,1
89,L-9,20.949566,14440,2021-06-25 23:13:11,52.471237,055
90,338,21.045604,1500,2021-06-25 19:27:18,52.264496,03
91,106,20.9650123,1508,2021-06-26 17:58:35,52.2411628,5
92,735,21.0379878,1509,2021-06-26 17:58:30,52.413087,M4
93,240,21.114244,1510,2021-06-26 17:58:35,52.334467,4
94,110,20.8870515,1513,2021-06-26 17:58:36,52.3048671,52
95,147,21.044424,1514,2021-06-25 19:54:57,52.2648745,06
96,115,21.2422717,1521,2021-06-26 17:58:31,52.16996,4
97,115,21.2044733,1523,2021-06-26 17:58:36,52.1692683,3
98,702,21.2351867,1524,2021-06-26 17:58:39,52.10599,2
99,183,21.115313,1526,2021-06-26 00:16:52,52.233074,4
100,N16,21.116845,1527,2021-06-26 05:37:31,52.233048,2
101,N44,21.117096,1528,2021-06-26 05:37:25,52.233049,207
102,702,21.1833167,1531,2021-06-26 17:58:37,52.1551283,1
103,202,21.05813,1532,2021-06-26 17:58:27,52.2503133,2
104,141,20.9900033,1533,2021-06-26 17:58:36,52.197225,6
105,119,21.0505483,1535,2021-06-26 17:58:29,52.19693,3
106,156,20.950378,1537,2021-06-26 17:58:24,52.281191,2
107,132,21.0547267,1538,2021-06-26 17:58:28,52.3247283,55
108,120,21.04732,1539,2021-06-26 17:58:31,52.2841583,1
109,156,21.0521317,1540,2021-06-26 17:58:28,52.25301,5
110,166,21.027123,1542,2021-06-26 17:58:28,52.259965,4
111,221,20.9940683,1543,2021-06-26 17:58:40,52.2594683,2
112,N03,21.044968,1545,2021-06-26 05:08:35,52.264589,2
113,156,21.04042,1546,2021-06-26 17:58:39,52.286785,4
114,512,21.0451683,1548,2021-06-26 17:58:33,52.25934,1
115,120,21.0405633,1549,2021-06-26 17:58:35,52.2507783,2
116,166,21.0463017,1550,2021-06-26 17:58:12,52.19101,6
117,120,21.0619067,1551,2021-06-26 17:58:26,52.3616883,6
118,156,20.927884,1552,2021-06-26 17:58:32,52.290841,3
119,L35,21.333355,17455,2021-06-26 17:58:36,52.363613,51
120,L40,21.209938,17458,2021-06-26 17:58:34,52.338001,1
121,L43,21.077759,17461,2021-06-26 08:32:11,52.26762,51
122,L43,21.077951,17462,2021-06-26 17:54:57,52.267616,52
123,L45,21.175184,17464,2021-06-26 17:58:36,52.310844,1
124,L37,21.176323,17466,2021-06-25 22:21:40,52.312318,2
125,L38,21.273252,17467,2021-06-26 17:58:38,52.332218,51
126,240,21.0356225,1802,2021-06-26 17:58:35,52.2965473,3
127,N12,21.045453,1803,2021-06-26 04:33:33,52.264459,128
128,110,20.9686148,1804,2021-06-26 17:58:36,52.2721846,53
129,132,21.051978,1805,2021-06-26 17:58:39,52.3078191,54
130,122,20.8978308,1807,2021-06-26 17:58:36,52.257117,6
131,106,21.0435196,1808,2021-06-26 06:30:45,52.2662013,4
132,N11,21.0454075,1809,2021-06-26 05:42:59,52.264945,122
133,106,21.0204238,1810,2021-06-26 17:58:34,52.2431633,2
134,106,21.0159385,1811,2021-06-26 17:58:42,52.2365295,1
135,106,21.0060308,1812,2021-06-26 17:58:37,52.2382336,3
136,170,21.033218,1814,2021-06-26 17:58:22,52.25844,1
137,122,20.9814965,1815,2021-06-26 17:58:35,52.2745036,3
138,N12,21.046083,1816,2021-06-26 05:05:03,52.264528,210
139,173,21.042571,1818,2021-06-25 23:48:59,52.2664061,10
140,173,21.1783851,1821,2021-06-26 17:58:36,52.2452815,2
141,115,21.1648818,1826,2021-06-26 17:58:37,52.2538116,2
142,146,21.0435298,1828,2021-06-26 17:58:36,52.2475776,52
143,146,21.0559855,1829,2021-06-26 17:58:35,52.2313278,51
144,183,21.088348,1830,2021-06-26 17:58:34,52.244936,1
145,119,21.1165895,1832,2021-06-25 22:22:16,52.2331471,06
146,183,21.157448,1833,2021-06-26 17:58:38,52.2564648,2
147,173,21.1865728,1835,2021-06-26 17:58:34,52.2467646,4
148,115,21.1708561,1837,2021-06-26 17:58:32,52.2735413,1
149,168,21.020646,1838,2021-06-26 17:58:30,52.20971,1
150,115,21.1686808,1839,2021-06-26 17:58:31,52.2051778,5
151,147,21.1172291,1840,2021-06-25 21:35:22,52.2330755,09
152,142,21.1168673,1842,2021-06-25 20:08:52,52.2330963,08
153,168,21.013173,1843,2021-06-26 17:58:21,52.208559,3
154,173,21.1167918,1844,2021-06-25 23:53:58,52.233165,8
155,168,21.093869,1846,2021-06-26 17:58:28,52.227865,4
156,722,21.2002576,1847,2021-06-26 17:58:36,52.2244893,62
157,198,21.1158643,1848,2021-06-25 20:42:24,52.2333196,2
158,198,21.2237223,1849,2021-06-26 17:58:31,52.2538215,1
159,183,21.115764,1850,2021-06-25 21:22:25,52.233265,3
160,183,21.1154913,1851,2021-06-26 00:18:45,52.2331743,07
161,198,21.2430553,1854,2021-06-26 17:58:38,52.2192276,2
162,146,21.115132,1856,2021-06-26 00:38:41,52.233222,4
163,115,21.115681,1857,2021-06-26 00:02:26,52.2331425,5
164,146,21.1166211,1858,2021-06-25 20:46:49,52.2331278,07
165,198,21.1172503,1859,2021-06-25 19:30:46,52.2330405,05
166,115,21.1153055,1860,2021-06-26 00:28:39,52.2332403,6
167,173,21.056909,1866,2021-06-26 17:58:34,52.2499451,5
168,173,21.0526245,1867,2021-06-26 17:58:33,52.2502331,1
169,115,21.1165116,1869,2021-06-25 23:18:40,52.2330776,3
170,222,20.9957181,1901,2021-06-26 17:58:35,52.1927546,3
171,251,21.0845453,1909,2021-06-26 17:58:37,52.1657102,3
172,222,21.0242791,1910,2021-06-26 17:58:35,52.1970609,2
173,222,21.0099934,1911,2021-06-26 17:58:38,52.2331789,1
174,251,21.080315,1912,2021-06-26 17:58:38,52.166924,2
175,222,21.007601,1916,2021-06-26 17:58:38,52.238503,5
176,251,21.123243,1919,2021-06-26 17:58:38,52.089481,1
177,222,21.020443,1920,2021-06-26 17:58:38,52.210983,4
178,178,20.986456,1995,2021-06-26 17:58:38,52.231186,2
179,178,21.0040442,1996,2021-06-26 17:58:39,52.2553329,1
180,178,21.012249,1997,2021-06-26 17:58:39,52.238388,5
181,178,20.908051,1998,2021-06-26 17:58:39,52.191994,3
182,178,20.91053,1999,2021-06-26 17:58:38,52.195717,4
183,171,20.931984,2009,2021-06-26 17:58:39,52.2679656,1
184,189,20.9145406,2015,2021-06-26 17:58:39,52.229043,9
185,187,21.0057072,2016,2021-06-26 17:58:38,52.217298,5
186,709,21.0179406,2021,2021-06-26 17:58:38,52.1541074,5
187,Z26,20.99621,2022,2021-06-26 17:58:39,52.242687,4
188,172,20.9555856,2024,2021-06-26 17:58:39,52.2119689,63
189,217,21.0663621,2026,2021-06-26 17:58:39,52.1699787,3
190,519,21.0928039,2027,2021-06-26 17:58:38,52.1167582,3
191,172,20.9797809,2028,2021-06-26 17:58:38,52.2088554,1
192,189,20.896685,2029,2021-06-26 17:58:39,52.235146,8
193,Z26,20.974411,2030,2021-06-26 17:58:39,52.235832,7
194,522,21.080021,2032,2021-06-26 17:58:38,52.157822,3
195,174,21.0011142,2035,2021-06-26 17:58:38,52.2284949,2
196,709,21.0192174,2038,2021-06-26 17:58:39,52.088814,6
197,709,21.017637,2039,2021-06-26 17:58:39,52.066956,1
198,709,21.0209819,2040,2021-06-26 17:58:39,52.0848482,2
199,709,21.017557,2041,2021-06-26 17:58:38,52.143856,3
200,709,21.024076,2042,2021-06-26 17:58:39,52.180012,4
201,517,20.861713,2200,2021-06-26 17:58:38,52.190937,1
202,N35,20.921913,2206,2021-06-26 06:01:56,52.1961371,237
203,184,20.9364362,2210,2021-06-26 17:58:38,52.2741622,3
204,191,20.976369,2213,2021-06-26 17:58:39,52.2112722,1
205,189,20.9409322,2227,2021-06-26 17:58:38,52.1935364,4
206,105,20.922151,2236,2021-06-26 00:04:20,52.196038,4
207,189,21.0688479,2237,2021-06-26 17:58:38,52.1812711,14
208,124,20.964933,2240,2021-06-26 17:58:39,52.151764,2
209,105,20.899599,2247,2021-06-26 17:58:34,52.239311,5
210,141,20.921326,2253,2021-06-25 18:30:50,52.197259,014
211,401,20.920378,2254,2021-06-25 19:44:39,52.196613,012
212,191,20.9141445,2258,2021-06-26 17:58:39,52.199692,3
213,L20,21.471462,24511,2021-06-25 23:35:10,52.132233,1
214,L20,21.471769,24513,2021-06-26 15:05:20,52.132652,1
215,L20,21.259838,24515,2021-06-26 17:58:39,52.107693,1
216,162,21.0279925,3400,2021-06-26 17:58:37,52.248289,5
217,185,20.993267,3401,2021-06-26 17:58:37,52.2710346,6
218,723,20.9192045,3403,2021-06-26 17:58:34,52.4067615,3
219,735,20.9683026,3404,2021-06-26 17:58:37,52.271995,63
220,731,21.000861,3405,2021-06-26 17:58:20,52.291245,3
221,414,21.047923,3406,2021-06-25 20:26:01,52.264541,07
222,731,20.925574,3407,2021-06-26 17:58:24,52.4216255,1
223,738,21.0485045,3408,2021-06-26 01:02:31,52.264437,1
224,414,21.0468988,3409,2021-06-25 20:46:35,52.2649078,08
225,126,20.9439551,3410,2021-06-26 17:58:36,52.32274,2
226,169,21.04371,3411,2021-06-25 21:40:49,52.265391,1
227,140,21.0528646,3413,2021-06-26 17:58:39,52.2767573,1
228,509,20.9515481,3414,2021-06-26 17:58:35,52.3188743,2
229,114,21.0478216,3415,2021-06-25 23:08:38,52.2646596,5
230,723,21.0454035,3417,2021-06-25 21:48:49,52.2654235,1
231,145,21.0704593,3421,2021-06-26 17:58:35,52.2903018,7
232,509,21.0510973,3422,2021-06-26 17:58:37,52.2394991,355
233,Z26,21.0017983,3423,2021-06-26 17:58:34,52.2446733,1
234,169,21.0477433,3429,2021-06-25 23:04:14,52.2646666,3
235,126,21.0568441,3430,2021-06-26 17:58:37,52.3018816,4
236,114,21.04857,3434,2021-06-26 00:33:00,52.264513,2
237,518,21.0478431,3437,2021-06-25 23:46:13,52.264609,6
238,705,21.1358755,3438,2021-06-26 17:58:37,52.4821978,66
239,738,21.0762226,3440,2021-06-26 17:58:36,52.287852,2
240,114,21.0428833,3441,2021-06-25 23:51:31,52.2659116,7
241,140,21.134293,3444,2021-06-26 17:58:36,52.3584703,2
242,509,20.9606026,3446,2021-06-26 17:58:34,52.3167108,4
243,731,20.928581,3447,2021-06-26 17:58:22,52.388226,2
244,126,21.0132798,3448,2021-06-26 17:58:34,52.2979646,1
245,518,21.043485,3449,2021-06-25 21:30:55,52.265478,7
246,126,20.975811,3450,2021-06-26 17:58:35,52.3159635,3
247,126,21.0402803,3451,2021-06-26 17:58:35,52.286745,M5
248,705,21.0270118,3454,2021-06-26 17:58:38,52.3238068,62
249,145,21.0002235,3455,2021-06-26 17:58:35,52.2913161,6
250,Z26,20.9778593,3456,2021-06-26 17:58:37,52.2381916,5
251,169,21.043935,3457,2021-06-25 23:56:08,52.265611,5
252,509,21.0145898,3458,2021-06-26 17:58:35,52.2742738,5
253,Z26,20.9743353,3459,2021-06-26 17:58:37,52.2354196,6
254,738,21.1023966,3461,2021-06-26 17:58:36,52.3199661,3
255,731,21.04776,3463,2021-06-26 00:40:56,52.264114,5
256,735,21.0444471,3464,2021-06-25 23:05:19,52.2656713,64
257,723,21.0441993,3466,2021-06-26 00:00:11,52.265954,2
258,738,21.186591,3469,2021-06-26 17:58:37,52.4152011,1
259,L19,21.034472,36443,2021-06-26 17:31:57,52.083504,51
260,L17,20.899836,36444,2021-06-26 13:08:02,51.912342,51
261,L25,21.133247,36448,2021-06-26 17:58:38,51.964912,1
262,L39,21.049025,38541,2021-06-26 17:58:36,52.089161,4
263,L39,21.024345,38545,2021-06-26 17:58:32,52.061985,3
264,L52,21.023569,38546,2021-06-26 17:58:34,52.070679,51
265,L39,20.989628,38547,2021-06-26 17:45:51,52.110771,1
266,L39,21.050592,38548,2021-06-26 17:58:36,52.090778,2
267,L23,21.022993,38549,2021-06-26 17:58:36,52.074993,51
268,L-5,20.985798,39551,2021-06-26 17:58:36,52.053219,62
269,L-2,21.034941,39552,2021-06-25 19:11:52,52.083633,063
270,L25,21.191267,39555,2021-06-25 23:37:02,51.987377,1
271,L13,21.015341,39556,2021-06-26 17:58:34,52.037071,63
272,L-5,21.029371,39558,2021-06-26 17:58:39,52.075439,61
273,L-2,20.898079,39559,2021-06-26 17:58:36,52.008213,1
274,L13,21.217253,39561,2021-06-25 20:05:15,51.98262,03
275,L12,21.029621,39562,2021-06-26 17:58:37,52.074627,1
276,L12,21.034851,39565,2021-06-26 12:57:20,52.083328,1
277,197,20.948784,4200,2021-06-26 17:58:38,52.276798,3
278,721,20.918083,4201,2021-06-26 17:58:39,52.151756,75
279,711,20.8866674,4205,2021-06-26 17:58:39,52.1299917,1
280,122,20.899578,4206,2021-06-26 17:58:39,52.238895,1
281,141,21.000778,4208,2021-06-26 17:58:39,52.195812,9
282,197,20.9651589,4213,2021-06-26 17:58:39,52.2832972,4
283,154,20.8981017,4214,2021-06-26 17:58:38,52.2590327,6
284,141,21.0484467,4216,2021-06-26 17:58:40,52.2023542,5
285,154,20.964663,4217,2021-06-26 17:58:38,52.197159,2
286,154,20.943104,4218,2021-06-26 17:58:39,52.226345,1
287,255,20.934168,4219,2021-06-26 17:58:38,52.221817,1
288,714,20.9500671,4220,2021-06-26 17:58:38,52.2385511,1
289,255,20.95764,4224,2021-06-26 17:58:38,52.227764,2
290,714,20.8792772,4226,2021-06-26 17:58:39,52.2482036,2
291,122,20.9341039,4227,2021-06-26 17:58:38,52.2712592,2
292,154,20.966631,4231,2021-06-26 17:58:39,52.200039,4
293,141,20.945231,4232,2021-06-26 17:58:40,52.1771319,7
294,197,20.937836,4233,2021-06-26 17:58:39,52.251568,5
295,L-1,20.89243,42361,2021-06-26 14:43:02,52.090702,1
296,154,20.9403725,4238,2021-06-26 17:58:39,52.2349364,5
297,141,21.1128436,4240,2021-06-26 17:58:39,52.2362809,3
298,122,20.9756112,4241,2021-06-26 17:58:38,52.288998,4
299,122,20.961195,4242,2021-06-26 17:58:38,52.259171,5
300,197,20.9457855,4243,2021-06-26 17:58:38,52.2392245,2
301,901,21.043308,4244,2021-06-26 17:58:38,52.221478,1
302,901,21.003647,4246,2021-06-26 17:58:39,52.22942,3
303,154,20.943764,4247,2021-06-26 17:58:34,52.175206,3
304,154,20.8984821,4248,2021-06-26 17:58:39,52.2583381,7
305,L-1,20.93656,42498,2021-06-23 19:45:16,52.08992,2
306,L-3,20.905821,42500,2021-06-26 17:55:15,52.091759,1
307,147,21.0522446,4305,2021-06-26 17:58:39,52.250214,56
308,202,21.0585915,4307,2021-06-26 17:58:37,52.2503828,1
309,119,21.0002675,4311,2021-06-26 17:58:39,52.2061159,2
310,105,16.9750897,4332,2021-06-26 13:35:37,52.5472771,4
311,512,21.0470797,4400,2021-06-26 17:58:39,52.2599202,4
312,197,20.8761409,4402,2021-06-26 17:58:39,52.2163665,6
313,221,20.9677559,4404,2021-06-26 17:58:38,52.2570667,1
314,120,21.0477447,4405,2021-06-26 17:58:39,52.2702227,4
315,156,21.0722191,4406,2021-06-26 17:58:39,52.2684164,1
316,N02,21.044418,4407,2021-06-26 06:46:43,52.265051,3
317,240,21.058733,4408,2021-06-26 17:58:39,52.301441,1
318,197,20.8676509,4409,2021-06-26 17:58:39,52.194542,1
319,197,20.862511,4410,2021-06-26 17:58:39,52.190235,7
320,120,21.0514012,4411,2021-06-26 17:58:38,52.3400047,7
321,106,20.9700227,4412,2021-06-26 17:58:40,52.2314194,4
322,152,21.04444,4413,2021-06-25 20:19:00,52.265066,06
323,N16,21.045311,4415,2021-06-26 05:39:26,52.264876,1
324,120,21.045601,4417,2021-06-26 13:08:26,52.264446,1
325,199,21.0444199,4418,2021-06-25 20:09:09,52.264953,2
326,901,21.022835,4420,2021-06-26 17:58:39,52.228642,2
327,166,21.0518565,4421,2021-06-26 17:58:39,52.2378891,5
328,N03,21.0459804,4422,2021-06-26 05:41:10,52.2641299,1
329,166,21.046368,4423,2021-06-26 17:58:36,52.190224,2
330,901,21.0018027,4424,2021-06-26 17:58:39,52.2284366,4
331,512,21.064611,4425,2021-06-26 17:58:39,52.287533,2
332,120,21.050884,4428,2021-06-26 17:58:39,52.252483,3
333,512,21.052526,4429,2021-06-26 17:58:38,52.283627,3
334,120,21.063484,4431,2021-06-26 17:58:38,52.311169,5
335,512,21.052191,4434,2021-06-26 17:58:37,52.252911,5
336,100,21.010241,4617,2021-06-26 17:58:29,52.2319445,M1
337,184,20.9575128,5205,2021-06-26 17:58:32,52.2274442,6
338,189,21.040367,5206,2021-06-26 17:58:39,52.1710058,2
339,105,20.9526588,5208,2021-06-26 17:58:38,52.2277688,1
340,188,20.9777794,5209,2021-06-26 17:58:34,52.1804016,3
341,105,20.9536821,5210,2021-06-26 17:58:39,52.2275669,2
342,172,20.979536,5211,2021-06-26 17:58:18,52.201766,4
343,189,20.9784579,5212,2021-06-26 17:58:37,52.1838649,11
344,105,20.8968527,5214,2021-06-26 17:58:32,52.2269444,3
345,189,21.047243,5215,2021-06-26 17:58:24,52.177669,13
346,716,20.8797505,5216,2021-06-26 17:58:33,52.1975283,1
347,172,20.955829,5217,2021-06-26 17:58:34,52.2118921,2
348,523,21.0138214,5221,2021-06-26 17:58:37,52.2172944,3
349,517,20.9063839,5222,2021-06-26 17:58:24,52.1921676,2
350,523,20.9125031,5223,2021-06-26 17:58:35,52.2418901,1
351,171,20.9339426,5224,2021-06-26 17:58:30,52.2709362,3
352,105,20.898966,5225,2021-06-26 17:58:34,52.2387808,4
353,210,20.9240874,5228,2021-06-26 17:58:33,52.2812633,3
354,187,20.929738,5229,2021-06-26 17:58:26,52.196673,1
355,171,20.9466259,5232,2021-06-26 17:58:34,52.2389818,4
356,136,21.002535,5234,2021-06-26 17:58:29,52.179065,5
357,184,20.9638836,5235,2021-06-26 17:58:32,52.2080563,1
358,517,20.9849745,5236,2021-06-26 17:58:36,52.2194106,5
359,Z10,20.9248185,5237,2021-06-26 17:58:35,52.2606398,3
360,171,20.925171,5238,2021-06-26 17:58:37,52.272488,2
361,171,21.0098903,5240,2021-06-26 17:58:32,52.2331472,5
362,191,20.9806123,5241,2021-06-26 17:58:36,52.2154396,2
363,148,20.9781311,5242,2021-06-26 17:58:39,52.169411,4
364,190,20.920664,5245,2021-06-25 20:12:48,52.196575,016
365,523,21.1067953,5253,2021-06-26 17:58:35,52.2480325,5
366,141,20.9224014,5255,2021-06-26 00:37:46,52.1970728,4
367,182,20.92243,5256,2021-06-25 19:09:29,52.1956758,011
368,188,20.977941,5257,2021-06-26 17:58:24,52.169578,52
369,187,20.8736385,5258,2021-06-26 17:58:32,52.1944604,2
370,184,20.9331599,5260,2021-06-26 17:58:32,52.2691874,5
371,N46,21.047172,5403,2021-06-26 06:04:29,52.2647932,150
372,500,21.042019,5404,2021-06-26 17:58:38,52.300285,52
373,169,21.037957,5406,2021-06-26 17:58:39,52.2690735,5
374,705,20.9854554,5407,2021-06-26 17:58:39,52.2829411,65
375,160,20.9991447,5410,2021-06-26 17:58:39,52.2437459,M5
376,500,20.9821797,5412,2021-06-26 17:58:38,52.2532322,54
377,160,21.057123,5413,2021-06-26 17:58:38,52.270161,M2
378,500,21.0417359,5419,2021-06-26 17:58:40,52.3003306,M56
379,169,21.0474269,5422,2021-06-26 17:58:39,52.2647574,2
380,527,21.058714,5425,2021-06-26 17:58:38,52.301819,3
381,162,21.027454,5426,2021-06-26 17:58:38,52.259666,1
382,162,21.03446,5428,2021-06-26 17:58:39,52.22546,2
383,185,20.993111,5429,2021-06-26 17:58:39,52.270912,8
384,112,21.091118,5430,2021-06-26 17:58:39,52.306057,3
385,145,21.097612,5432,2021-06-26 17:58:38,52.286083,4
386,409,21.042192,5433,2021-06-26 17:58:38,52.271656,57
387,112,20.88307,5434,2021-06-26 17:58:38,52.21479,9
388,169,21.034742,5435,2021-06-26 17:58:35,52.257946,3
389,527,21.0491469,5436,2021-06-26 17:58:39,52.2898982,2
390,409,20.926451,5437,2021-06-26 17:58:38,52.287453,53
391,160,21.0628,5438,2021-06-26 17:58:39,52.3251637,7
392,112,20.9355259,5439,2021-06-26 17:58:39,52.2734567,12
393,500,21.042818,5441,2021-06-26 17:58:39,52.273026,55
394,160,21.00293,5443,2021-06-26 17:58:38,52.229293,4
395,520,21.123,5445,2021-06-26 17:58:31,52.233,4
396,511,20.9280332,5448,2021-06-26 17:58:39,52.2914294,1
397,160,21.051682,5449,2021-06-26 17:58:38,52.291985,1
398,527,21.068357,5453,2021-06-26 17:58:39,52.323555,1
399,160,21.003965,5454,2021-06-26 17:58:37,52.231384,3
400,723,21.000652,5455,2021-06-26 17:58:38,52.291168,2
401,511,20.9719892,5459,2021-06-26 17:58:38,52.3152762,2
402,185,21.0219999,5460,2021-06-26 17:58:38,52.1426732,3
403,180,21.00766,5870,2021-06-26 17:58:35,52.236328,7
404,503,21.030592,5871,2021-06-26 17:58:38,52.207054,3
405,503,21.002325,5873,2021-06-26 17:58:35,52.254707,5
406,503,21.004614,5875,2021-06-26 17:58:35,52.249668,7
407,180,20.97794,5876,2021-06-26 17:58:36,52.244408,62
408,175,20.988224,5880,2021-06-26 17:58:38,52.21682,55
409,175,20.974094,5882,2021-06-26 17:58:40,52.169247,53
410,128,21.012932,5884,2021-06-26 17:58:38,52.243233,51
411,175,20.984951,5886,2021-06-26 17:58:36,52.200993,52
412,128,21.010923,5887,2021-06-26 17:58:39,52.231487,64
413,128,20.963438,5889,2021-06-26 17:58:38,52.207832,59
414,180,21.065022,5890,2021-06-26 17:58:39,52.185928,3
415,180,20.940126,5891,2021-06-26 17:58:38,52.269962,11
416,180,21.055778,5892,2021-06-26 17:58:37,52.193424,5
417,128,20.975607,5895,2021-06-26 17:58:39,52.204567,60
418,128,20.998121,5897,2021-06-25 23:36:40,52.187019,51
419,503,21.009501,5898,2021-06-26 17:58:37,52.233509,4
420,111,21.102449,5900,2021-06-26 17:58:39,52.222065,4
421,158,21.075739,5902,2021-06-26 17:58:37,52.237652,5
422,128,20.973246,5904,2021-06-26 17:58:38,52.201233,58
423,116,20.924955,5905,2021-06-26 17:58:37,52.272308,69
424,158,21.117008,5907,2021-06-25 21:44:36,52.233902,5
425,175,21.116972,5908,2021-06-25 19:38:19,52.233955,068
426,116,21.116823,5910,2021-06-26 00:07:33,52.233971,17
427,158,20.994659,5913,2021-06-26 17:58:37,52.226055,6
428,158,21.1176452,5915,2021-06-26 17:58:39,52.2337771, 
429,111,21.035709,5920,2021-06-26 17:58:35,52.234741,6
430,116,21.059969,5921,2021-06-26 17:58:34,52.177666,5
431,111,21.107388,5922,2021-06-26 07:42:12,52.233645, 
432,111,21.116245,5926,2021-06-26 00:24:55,52.234005,5
433,111,21.077446,5927,2021-06-26 17:58:38,52.226078,3
434,111,20.979094,5931,2021-06-26 17:58:38,52.24435,8
435,128,21.012449,5932,2021-06-26 17:58:36,52.241886,61
436,158,20.9633396,5933,2021-06-26 17:58:38,52.217245,1
437,158,21.118053,5934,2021-06-26 17:58:38,52.233372, 
438,503,21.115843,5935,2021-06-26 00:31:56,52.233995,013
439,116,21.063181,5936,2021-06-26 17:58:35,52.174637,4
440,503,21.0453336,5937,2021-06-26 17:58:39,52.1424734,1
441,175,21.012764,5939,2021-06-26 17:58:38,52.243214,56
442,116,21.08304,5940,2021-06-26 17:58:37,52.1665,3
443,175,21.115613,5941,2021-06-25 21:43:06,52.234041,63
444,116,21.000042,5942,2021-06-26 17:58:39,52.253532,7
445,503,21.044689,5943,2021-06-26 17:58:37,52.177082,9
446,158,21.057142,5946,2021-06-26 17:58:37,52.239265,2
447,175,20.978226,5947,2021-06-26 17:58:37,52.169392,54
448,116,21.02033,5948,2021-06-26 17:58:39,52.223667,56
449,518,20.968061,5950,2021-06-26 17:58:39,52.271347,2
450,518,21.045259,5952,2021-06-26 17:58:35,52.262039,2
451,503,21.0497,5954,2021-06-26 17:58:35,52.1549,2
452,503,21.016962,5956,2021-06-26 17:58:36,52.231064,8
453,E-9,21.045723,5962,2021-06-25 20:17:53,52.265643,06
454,180,20.924994,5964,2021-06-26 17:58:37,52.27243,10
455,723,21.047304,5966,2021-06-25 18:56:33,52.265156,07
456,180,21.083845,5967,2021-06-26 17:58:38,52.168159,4
457,180,21.011049,5968,2021-06-26 17:58:38,52.244774,1
458,116,20.947693,5969,2021-06-26 17:58:36,52.276936,8
459,518,20.987404,5976,2021-06-26 17:58:39,52.283878,6
460,518,21.00897,5978,2021-06-26 17:58:38,52.247528,3
461,518,21.012688,5979,2021-06-26 17:58:36,52.241936,5
462,518,20.942137,5980,2021-06-26 17:58:39,52.334541,7
463,518,21.023468,5981,2021-06-26 17:58:35,52.228283,4
464,503,21.002563,5983,2021-06-26 17:58:38,52.254822,6
465,111,21.066963,5984,2021-06-26 17:58:37,52.232639,5
466,111,21.010796,5985,2021-06-26 17:58:39,52.242443,7
467,111,21.042982,5986,2021-06-26 17:58:35,52.236431,2
468,180,20.944199,5987,2021-06-26 17:58:39,52.268906,9
469,180,21.026005,5988,2021-06-26 17:58:37,52.216045,6
470,180,21.026695,5990,2021-06-26 17:58:35,52.213848,2
471,180,20.978855,5991,2021-06-26 17:58:39,52.244518,58
472,518,20.941635,5994,2021-06-26 17:58:38,52.333088,1
473,116,21.026457,5995,2021-06-26 17:58:38,52.213379,2
474,116,21.008699,5996,2021-06-26 17:58:36,52.235229,1
475,116,20.989008,5997,2021-06-26 17:58:37,52.266022,11
476,116,20.938089,5998,2021-06-26 17:58:36,52.278152,10
477,111,21.008854,5999,2021-06-26 17:58:38,52.244083,1
478,167,20.9871487,6201,2021-06-26 17:58:38,52.2161897,2
479,713,20.759274,6203,2021-06-26 17:58:35,52.211388,1
480,713,20.930164,6204,2021-06-26 17:58:39,52.224812,2
481,112,20.979595,6207,2021-06-26 17:58:38,52.279961,6
482,112,20.965995,6208,2021-06-26 17:58:38,52.2740076,1
483,112,20.897867,6210,2021-06-26 17:58:38,52.227722,M11
484,112,20.898342,6212,2021-06-26 17:58:39,52.227581,8
485,136,20.983831,6213,2021-06-26 17:58:38,52.198933,10
486,187,20.862553,6214,2021-06-26 17:58:38,52.190182,3
487,210,20.8791124,6220,2021-06-26 17:58:38,52.2868412,1
488,187,20.9116805,6222,2021-06-26 17:58:39,52.1970179,4
489,189,20.92004,6223,2021-06-26 17:58:39,52.198223,10
490,187,20.9935252,6226,2021-06-26 17:58:39,52.2164539,8
491,191,20.9152762,6227,2021-06-26 17:58:39,52.2039909,6
492,136,21.055702,6236,2021-06-26 17:58:38,52.147388,7
493,716,20.844814,6239,2021-06-26 17:58:38,52.186676,3
494,184,20.9271745,6241,2021-06-26 17:58:38,52.2922191,4
495,703,20.832718,6242,2021-06-26 17:58:39,52.111946,74
496,706,20.942581,6243,2021-06-26 17:58:31,52.174495,1
497,L29,20.462618,65471,2021-06-26 17:58:31,52.267735,1
498,112,20.924049,7200,2021-06-26 17:58:39,52.260605,7
499,124,20.940323,7201,2021-06-26 17:58:38,52.172642,1
500,Z10,20.923616,7202,2021-06-26 17:58:38,52.260292,5
501,112,21.059845,7206,2021-06-26 17:58:38,52.30405,4
502,Z10,20.912821,7208,2021-06-26 17:58:38,52.239281,1
503,189,20.898752,7214,2021-06-26 17:58:38,52.23864,7
504,728,20.934368,7217,2021-06-26 17:58:40,52.167484,72
505,728,20.865461,7218,2021-06-26 17:58:40,52.036949,71
506,517,21.010788,7224,2021-06-26 17:58:35,52.231674,4
507,112,21.054611,7225,2021-06-26 17:58:39,52.296295,2
508,112,20.9208932,7226,2021-06-26 13:08:33,52.1969334,4
509,184,20.948503,7227,2021-06-26 17:58:39,52.232746,2
510,Z10,20.9128946,7228,2021-06-26 17:58:39,52.2397732,6
511,716,20.930559,7229,2021-06-26 17:58:37,52.225033,2
512,Z10,20.917459,7234,2021-06-26 17:58:38,52.220497,7
513,124,20.921078,7240,2021-06-25 18:26:53,52.196911,03
514,187,21.063313,7241,2021-06-26 17:58:38,52.186523,7
515,187,21.048576,7243,2021-06-26 17:58:39,52.177761,6
516,210,20.769112,7244,2021-06-26 17:58:39,52.3065891,2
517,167,21.047882,7245,2021-06-26 17:58:38,52.207176,6
518,191,20.87038,7247,2021-06-26 17:58:38,52.183578,4
519,172,21.054737,7248,2021-06-26 17:58:38,52.182713,7
520,189,20.916222,7249,2021-06-26 17:58:39,52.225174,5
521,188,20.983877,7250,2021-06-26 17:58:39,52.197777,1
522,517,20.902615,7251,2021-06-26 17:58:33,52.193886,6
523,182,20.9914894,7252,2021-06-26 17:58:39,52.216341,2
524,517,20.9863214,7254,2021-06-26 17:58:39,52.222403,3
525,523,20.9941004,7255,2021-06-26 17:58:38,52.2165116,7
526,191,20.8705304,7256,2021-06-26 17:58:39,52.1833439,5
527,188,21.1290182,7257,2021-06-26 17:58:38,52.2400561,5
528,182,21.1008242,7259,2021-06-26 17:58:38,52.23806,4
529,138,21.100573,7301,2021-06-26 17:58:40,52.260609,6
530,141,21.084628,7303,2021-06-26 17:58:25,52.243436,4
531,148,21.0871285,7304,2021-06-26 17:58:39,52.2447969,9
532,151,21.054857,7305,2021-06-26 17:58:38,52.2264346,2
533,182,20.976395,7306,2021-06-26 17:58:39,52.217999,3
534,162,21.0850182,7308,2021-06-26 17:58:39,52.1932882,3
535,507,21.0052791,7310,2021-06-26 17:58:38,52.2295812,2
536,125,21.1965144,7312,2021-06-26 17:58:39,52.2083077,2
537,E-1,21.1167422,7314,2021-06-25 19:42:06,52.2335197,01
538,520,21.156073,7315,2021-06-26 17:58:20,52.240425,5
539,143,21.1164757,7317,2021-06-25 19:35:11,52.2334452,3
540,162,21.0560871,7322,2021-06-26 17:58:39,52.1932107,4
541,523,20.9559362,7324,2021-06-26 17:58:38,52.234131,2
542,520,21.002649,7325,2021-06-26 17:58:38,52.243126,2
543,148,20.9941962,7326,2021-06-26 17:58:39,52.1564859,5
544,138,21.0618074,7327,2021-06-26 17:58:38,52.2622304,7
545,171,20.9247887,7328,2021-06-26 17:58:36,52.2406014,8
546,520,21.00918,7331,2021-06-26 17:58:38,52.233875,1
547,150,20.93923,753,2021-06-26 17:58:38,52.30056,3
548,750,20.875553,755,2021-06-26 17:58:38,52.352383,2
549,250,20.883459,757,2021-06-26 17:58:36,52.303425,1
550,750,20.714947,758,2021-06-26 17:58:38,52.392185,3
551,150,20.913218,761,2021-06-26 17:58:34,52.321255,1
552,250,20.88254,763,2021-06-26 17:58:35,52.313889,3
553,521,20.9693376,7701,2021-06-26 17:58:39,52.210527,3
554,750,20.882417167,773,2021-06-26 17:58:35,52.342487167,4
555,250,20.927635,775,2021-06-26 17:58:37,52.290985,2
556,750,20.928066,776,2021-06-26 17:58:40,52.290924,1
557,150,20.8472169,777,2021-06-26 17:58:40,52.3415964,2
558,138,21.0022621,8120,2021-06-26 17:58:36,52.1896345,1
559,185,20.975683,8138,2021-06-26 17:58:32,52.2896863,7
560,172,21.0678116,8139,2021-06-26 17:58:33,52.1832498,6
561,727,20.997388,8148,2021-06-25 21:39:43,52.187336,4
562,522,21.0143403,8154,2021-06-26 17:58:33,52.2255613,6
563,167,20.9783985,8166,2021-06-26 17:58:32,52.2133428,5
564,143,21.0824096,8167,2021-06-26 17:58:34,52.2408175,2
565,522,20.998243,8174,2021-06-25 20:09:50,52.1878,013
566,504,21.0045365,8178,2021-06-26 17:58:35,52.2297181,3
567,519,20.996546,8180,2021-06-25 22:35:23,52.187545,5
568,136,20.9829511,8181,2021-06-26 17:58:32,52.1942058,4
569,138,20.995445,8183,2021-06-26 17:58:34,52.170184,2
570,172,21.0200015,8184,2021-06-26 17:58:39,52.1968628,8
571,504,20.9792308,8187,2021-06-26 17:58:37,52.1856183,2
572,519,21.092466,8188,2021-06-26 17:58:32,52.120473,2
573,504,21.0309898,8189,2021-06-26 17:58:37,52.1503261,5
574,198,21.1173818,8210,2021-06-25 18:57:27,52.2334423,04
575,151,21.1167196,8218,2021-06-25 19:22:39,52.2335221,04
576,514,21.2438543,8222,2021-06-26 17:58:35,52.2486038,4
577,188,21.1161338,8225,2021-06-25 20:54:43,52.2335866,08
578,143,21.114924,8228,2021-06-25 23:38:50,52.234206,6
579,509,21.116793,8231,2021-06-25 20:04:19,52.233758,021
580,514,21.0980443,8300,2021-06-26 17:58:34,52.234856,3
581,502,21.2174161,8301,2021-06-26 17:58:39,52.2143976,4
582,125,21.0733976,8303,2021-06-26 17:58:35,52.2460583,5
583,125,21.148204,8305,2021-06-26 17:58:34,52.226364,3
584,509,20.942199,8310,2021-06-26 17:58:29,52.334511,3
585,502,21.026659,8313,2021-06-26 17:58:29,52.219931,6
586,182,21.11721,8315,2021-06-25 19:08:30,52.233705,013
587,145,21.124845,8317,2021-06-26 17:58:28,52.261741,1
588,188,21.0815901,8318,2021-06-26 17:58:37,52.2392393,6
589,168,21.11586,8320,2021-06-25 21:27:01,52.23366,07
590,514,21.015645,8323,2021-06-26 17:58:39,52.2193198,2
591,145,21.0882983,8324,2021-06-26 17:58:35,52.2448405,2
592,720,21.4373745,8325,2021-06-26 17:58:40,52.134875,1
593,125,21.117233,8327,2021-06-25 20:58:39,52.234053,3
594,145,21.0150585,8328,2021-06-26 17:58:37,52.2937425,5
595,411,21.117353,8330,2021-06-25 20:35:38,52.233359,53
596,148,21.0953661,8331,2021-06-26 17:58:35,52.2302655,1
597,502,21.015243,8335,2021-06-26 17:58:28,52.21869,1
598,143,21.006638,8339,2021-06-26 17:58:34,52.217289,1
599,704,21.3478686,8340,2021-06-26 17:58:37,52.2224108,1
600,171,21.0434467,8342,2021-06-26 17:58:36,52.2245633,6
601,151,21.0540383,8344,2021-06-26 17:58:29,52.2265217,3
602,185,21.049685,8345,2021-06-26 17:58:33,52.20346,1
603,145,21.116836,8346,2021-06-25 19:31:54,52.233566,016
604,145,21.116093,8347,2021-06-25 19:40:44,52.233476,012
605,523,20.9120067,8348,2021-06-26 17:58:38,52.2528033,9
606,507,21.084369,8349,2021-06-26 17:58:33,52.22603,5
607,411,21.116288,8350,2021-06-25 20:43:54,52.233658,061
608,125,21.0448967,8351,2021-06-26 17:58:39,52.2484733,4
609,125,21.1630833,8352,2021-06-26 17:58:29,52.2213,1
610,151,21.1050067,8353,2021-06-26 17:58:30,52.2302017,1
611,521,21.0375817,8355,2021-06-26 17:58:35,52.23515,2
612,N03,21.117188,8357,2021-06-26 05:01:26,52.233246,254
613,502,21.20076,8358,2021-06-26 17:58:27,52.2246,3
614,507,21.1023583,8360,2021-06-26 17:58:31,52.2219733,4
615,704,21.0885917,8362,2021-06-26 17:58:38,52.2449017,2
616,521,21.199251,8363,2021-06-26 17:58:28,52.173389,5
617,507,21.003585,8366,2021-06-26 17:58:38,52.2317283,1
618,143,21.133225,8367,2021-06-26 17:58:32,52.239805,6
619,502,21.1600467,8368,2021-06-26 17:58:35,52.2258583,5
620,521,21.191905,8369,2021-06-26 17:58:31,52.180585,1
621,141,21.117058,8397,2021-06-25 19:41:02,52.233698,012
622,502,21.1151075,8403,2021-06-25 23:03:57,52.2336293,064
623,411,21.1156411,8440,2021-06-25 20:20:48,52.2335555,062
624,511,20.9470702,8443,2021-06-26 17:58:38,52.3491152,3
625,112,20.897032,8445,2021-06-26 17:58:39,52.225559,10
626,169,21.042398,8447,2021-06-26 17:58:38,52.299747,2
627,509,21.012157,8448,2021-06-26 17:58:38,52.277927,1
628,160,21.0474,8450,2021-06-26 17:58:38,52.276237,6
629,409,20.9327682,8452,2021-06-26 17:58:39,52.3058034,58
630,735,21.011726,8454,2021-06-26 17:58:38,52.453793,61
631,112,21.041794,8455,2021-06-26 17:58:38,52.293282,5
632,731,20.9411219,8457,2021-06-26 17:58:39,52.3684699,4
633,185,21.0485019,8458,2021-06-26 11:00:08,52.2645874,6
634,169,21.051786,8459,2021-06-26 17:58:38,52.252876,4
635,409,20.886797,8460,2021-06-26 17:58:38,52.304676,51
636,169,21.04232,8461,2021-06-26 17:58:38,52.296471,1
637,141,20.9529817,8500,2021-06-26 17:58:25,52.1848567,8
638,Z26,21.0346183,8501,2021-06-26 17:58:30,52.2553383,3
639,522,21.0801067,8502,2021-06-26 17:58:30,52.1576467,2
640,189,21.0635617,8504,2021-06-26 17:58:30,52.1865767,1
641,N33,20.996476,8505,2021-06-26 05:42:44,52.187546,172
642,185,20.997366,8507,2021-06-25 23:56:14,52.186391,9
643,174,21.0136683,8508,2021-06-26 17:58:36,52.1963033,3
644,189,20.996501,8509,2021-06-26 00:35:47,52.18806,12
645,331,20.997095,8511,2021-06-25 18:21:40,52.187653,01
646,148,20.998374,8514,2021-06-26 00:52:13,52.188333,5
647,N37,20.998273,8516,2021-06-26 05:43:10,52.188213,246
648,136,20.9582683,8517,2021-06-26 17:58:29,52.22426,3
649,165,21.002213,8520,2021-06-26 17:58:35,52.158748,3
650,185,21.043785,8521,2021-06-26 17:58:26,52.1572583,2
651,136,21.0470533,8522,2021-06-26 17:58:37,52.1506567,8
652,733,20.997863,8523,2021-06-25 20:19:16,52.187501,62
653,185,21.035196,8524,2021-06-26 17:58:29,52.165235,4
654,519,21.0984133,8525,2021-06-26 17:58:35,52.12317,4
655,136,21.044783,8528,2021-06-26 17:58:29,52.149458,6
656,143,21.1778933,8530,2021-06-26 17:58:27,52.2569367,5
657,308,20.997771,8531,2021-06-25 19:03:30,52.187649,02
658,136,20.997748,8533,2021-06-25 23:20:13,52.188256,10
659,N03,20.997894,8534,2021-06-26 05:57:03,52.18594,156
660,131,20.996449,8535,2021-06-25 22:36:53,52.186401,10
661,519,21.0032983,8536,2021-06-26 17:58:26,52.2282267,7
662,N33,20.996953,8537,2021-06-26 05:04:45,52.186869,173
663,217,21.0608483,8540,2021-06-26 17:58:36,52.1715133,2
664,N34,20.996438,8541,2021-06-26 05:33:51,52.187668,149
665,N37,20.99783,8545,2021-06-26 05:44:42,52.187465,132
666,167,20.9248617,8547,2021-06-26 17:58:32,52.2321067,3
667,733,20.9433467,8548,2021-06-26 17:58:29,52.1754317,1
668,504,21.0687683,8550,2021-06-26 17:58:37,52.128915,6
669,519,21.067678,8551,2021-06-26 17:58:26,52.170351,5
670,522,21.056271,8552,2021-06-26 17:58:29,52.181433,1
671,Z26,21.0346967,8553,2021-06-26 17:58:34,52.255685,2
672,148,21.080995,8559,2021-06-26 17:58:35,52.205461,7
673,151,21.116914,8561,2021-06-25 23:54:17,52.233616,1
674,171,21.00387,8562,2021-06-26 17:58:33,52.241815,7
675,521,21.116369,8565,2021-06-25 20:39:03,52.233641,08
676,520,21.1387117,8566,2021-06-26 17:58:27,52.23824,6
677,523,21.085025,8567,2021-06-26 17:58:36,52.24541,6
678,509,21.0510083,8569,2021-06-26 17:58:34,52.2394583,9
679,148,21.041928,8570,2021-06-26 17:58:38,52.171448,6
680,143,21.177218,8573,2021-06-26 17:58:20,52.256991,4
681,521,21.11868,8574,2021-06-26 17:58:38,52.238095,4
682,523,20.9556167,8576,2021-06-26 17:58:28,52.23635,8
683,141,21.0486133,8578,2021-06-26 17:58:37,52.2057983,1
684,190,21.046053,8582,2021-06-25 18:46:44,52.264343,021
685,523,21.095375,8586,2021-06-26 17:58:24,52.2488533,4
686,520,21.0742167,8589,2021-06-26 17:58:31,52.23225,7
687,185,21.0471783,8592,2021-06-26 17:58:26,52.2115683,5
688,N13,21.114978,8593,2021-06-26 05:47:18,52.233611,247
689,145,21.1284467,8594,2021-06-26 17:58:25,52.2354433,3
690,188,21.0609633,8595,2021-06-26 17:58:32,52.2281933,4
691,168,21.112678,8800,2021-06-26 17:58:23,52.236305,5
692,189,20.8966408,8802,2021-06-26 17:58:33,52.232009,6
693,148,21.0383535,8804,2021-06-26 17:58:34,52.1461696,3
694,168,21.0910145,8805,2021-06-26 17:58:31,52.2219066,6
695,136,20.9567113,8806,2021-06-26 17:58:38,52.22923,1
696,189,21.0006521,8807,2021-06-26 17:58:37,52.1784215,3
697,138,21.050787,8808,2021-06-26 17:58:37,52.2301646,4
698,168,20.9954386,8810,2021-06-26 17:58:33,52.1913638,2
699,167,21.057738,8812,2021-06-26 17:58:23,52.213208,1
700,136,20.9660533,8813,2021-06-26 17:58:38,52.2431816,2
701,504,20.988257,8814,2021-06-26 17:58:34,52.2103795,4
702,217,21.0239143,8816,2021-06-26 17:58:31,52.1796993,1
703,167,21.083031,8818,2021-06-26 17:58:26,52.208258,7
704,167,20.9257205,8819,2021-06-26 17:58:34,52.2341055,4
705,174,20.9953278,8820,2021-06-26 17:58:34,52.1701836,371
706,N43,20.9959001,8821,2021-06-26 05:29:35,52.1875351,220
707,189,21.02683,8822,2021-06-26 17:58:37,52.173403,12
708,519,21.0263841,8823,2021-06-26 17:58:36,52.2090265,8
709,148,21.0457961,8825,2021-06-26 17:58:34,52.177442,2
710,522,21.0484628,8826,2021-06-26 17:58:34,52.1885851,318
711,514,21.0983575,8828,2021-06-26 17:58:33,52.2345546,1
712,509,21.1029091,8829,2021-06-26 17:58:33,52.2221778,7
713,143,21.0598328,8832,2021-06-26 17:58:28,52.2277216,7
714,502,21.0568276,8833,2021-06-26 17:58:35,52.2270398,2
715,182,21.117028,8834,2021-06-26 17:58:39,52.2334418,M5
716,N83,21.116546,8839,2021-06-26 05:25:32,52.233586,174
717,520,21.0258803,8840,2021-06-26 17:58:37,52.2196316,3
718,138,21.1172336,8841,2021-06-25 22:19:45,52.2337476,1
719,521,21.1161941,8844,2021-06-25 20:59:15,52.2334716,09
720,138,21.0464846,8846,2021-06-26 17:58:33,52.2247571,8
721,143,21.1373755,8850,2021-06-26 17:58:34,52.246242,3
722,138,21.0699145,8852,2021-06-26 17:58:33,52.2605898,5
723,509,21.1007335,8853,2021-06-26 17:58:36,52.2258336,8
724,182,21.1002916,8854,2021-06-26 17:58:35,52.2381831,1
725,518,21.047239,8859,2021-06-25 21:49:41,52.2647968,9
726,412,21.047084,8862,2021-06-25 20:21:52,52.264918,05
727,509,21.043849,8863,2021-06-25 22:53:53,52.266028,14
728,723,21.047273,8864,2021-06-25 19:20:55,52.264625,08
729,269,21.043698,8866,2021-06-25 22:15:02,52.266003,04
730,738,21.046916,8868,2021-06-25 18:47:25,52.264738,05
731,340,21.046388,8870,2021-06-25 19:12:44,52.265081,03
732,511,21.046323,8874,2021-06-25 18:33:00,52.265079,05
733,340,21.048342,8876,2021-06-25 18:55:45,52.264397,06
734,723,20.9674126,8878,2021-06-26 17:58:34,52.328776,1
735,511,21.0472221,8879,2021-06-25 19:11:55,52.2646076,07
736,709,20.996574,8880,2021-06-25 18:58:33,52.18762,016
737,136,21.0021868,8881,2021-06-26 17:58:38,52.1765991,9
738,174,21.0141541,8882,2021-06-26 17:58:34,52.181212,1
739,165,21.0226131,8883,2021-06-26 17:58:37,52.1793591,4
740,504,21.0427715,8885,2021-06-26 17:58:30,52.1473838,1
741,504,20.9985235,8886,2021-06-26 11:14:42,52.1878498,6
742,165,20.9924,8888,2021-06-26 17:58:38,52.1595743,2
743,165,21.0234511,8891,2021-06-26 17:58:34,52.1799275,1
744,148,21.087141,8893,2021-06-26 17:58:34,52.244971,8
745,172,21.0182323,8895,2021-06-26 17:58:33,52.1966211,5
746,522,21.0052783,8896,2021-06-26 17:58:35,52.2289563,5
747,138,21.001596,8897,2021-06-26 17:58:22,52.1922978,3
748,519,21.0766675,8899,2021-06-26 17:58:41,52.1679275,1
749,161,21.207176,9061,2021-06-26 17:58:37,52.165253,1
750,104,21.00024,9063,2021-06-26 17:58:37,52.291477,2
751,161,21.224689,9068,2021-06-26 17:58:37,52.186676,2
752,211,20.943346,9070,2021-06-26 17:58:37,52.338444,3
753,211,20.94142,9074,2021-06-26 17:58:39,52.355385,4
754,211,20.950146,9075,2021-06-26 17:58:35,52.331951,M5
755,234,21.053825,9079,2021-06-26 17:58:39,52.335918,2
756,800,20.746614,9082,2021-06-26 17:57:06,52.33186,M1
757,900,20.95356,9084,2021-06-26 17:58:38,52.358856,1
758,161,21.227825,9088,2021-06-26 17:58:37,52.181736,M3
759,104,21.029848,9091,2021-06-26 17:58:39,52.303299,1
760,211,20.970591,9092,2021-06-26 17:58:38,52.31041,2
761,211,20.99346,9093,2021-06-26 17:58:38,52.299568,1
762,219,21.135561,9201,2021-06-26 17:58:36,52.21423,1
763,107,21.012648,9204,2021-06-26 17:58:36,52.238796,1
764,107,20.979376,9205,2021-06-26 17:58:34,52.244476,2
765,121,20.976566,9206,2021-06-26 17:58:37,52.287895,M2
766,209,21.031139,9209,2021-06-26 17:58:35,52.153915,54
767,107,20.980785,9210,2021-06-26 17:58:38,52.243118,3
768,201,20.944294,9212,2021-06-26 17:58:33,52.243832,3
769,121,20.968103,9213,2021-06-26 17:58:36,52.272024,1
770,133,20.966114,9214,2021-06-26 17:58:37,52.338116,1
771,133,20.945101,9215,2021-06-26 17:58:33,52.323189,2
772,164,21.077888,9216,2021-06-26 17:58:34,52.167473,2
773,164,21.138184,9217,2021-06-26 17:58:38,52.145866,1
774,164,21.05928,9219,2021-06-26 17:58:35,52.190983,3
775,177,20.883614,9220,2021-06-26 17:58:39,52.205769,1
776,177,20.866695,9221,2021-06-26 17:58:39,52.196838,2
777,203,20.933037,9222,2021-06-26 17:58:33,52.288544,2
778,107,21.02845,9223,2021-06-26 17:58:31,52.224255,4
779,203,20.928272,9224,2021-06-26 17:58:38,52.291164,1
780,208,20.963032,9225,2021-06-26 17:58:39,52.215675,2
781,209,20.981083,9227,2021-06-26 17:58:37,52.132851,51
782,228,20.893023,9228,2021-06-26 17:58:32,52.200367,1
783,228,20.923628,9229,2021-06-26 17:58:39,52.204666,3
784,177,20.897367,9230,2021-06-26 17:58:39,52.183868,3
785,228,20.966055,9231,2021-06-26 17:58:35,52.199333,2
786,209,21.017687,9233,2021-06-26 17:58:36,52.143612,52
787,201,20.925068,9234,2021-06-26 17:58:30,52.260586,2
788,219,21.187319,9235,2021-06-26 17:58:39,52.183949,2
789,208,20.975607,9236,2021-06-26 17:58:34,52.210281,1
790,264,21.083857,9240,2021-06-26 17:58:37,52.167698,1
791,107,21.050888,9241,2021-06-26 17:58:35,52.197884,M5
792,201,20.933792,9243,2021-06-26 17:58:38,52.23418,1
793,219,21.102701,9250,2021-06-26 17:58:34,52.222687,3
794,239,21.020229,9252,2021-06-26 17:58:39,52.155605,53
795,199,21.052946,9311,2021-06-26 17:58:35,52.276417,4
796,135,21.086691,9312,2021-06-26 17:58:35,52.236465,3
797,135,21.034304,9313,2021-06-26 17:58:32,52.262917,4
798,123,21.094477,9316,2021-06-26 17:58:39,52.244068,1
799,123,21.051193,9317,2021-06-26 17:58:33,52.252552,3
800,179,21.041965,9318,2021-06-26 17:58:39,52.147755,7
801,153,21.157339,9319,2021-06-26 17:58:32,52.263039,3
802,179,21.036766,9320,2021-06-26 17:58:33,52.145805,3
803,142,21.154657,9321,2021-06-26 17:58:39,52.172058,4
804,123,21.070551,9322,2021-06-26 17:58:37,52.225002,2
805,123,21.098822,9323,2021-06-26 17:58:34,52.2370457,5
806,179,21.02636,9325,2021-06-26 17:58:38,52.161953,4
807,135,21.036156,9326,2021-06-26 17:58:37,52.250881,1
808,179,21.03689,9327,2021-06-26 17:58:35,52.162025,5
809,135,21.107122,9328,2021-06-26 17:58:34,52.248314,2
810,179,21.038139,9329,2021-06-26 17:58:37,52.15321,6
811,179,21.053347,9333,2021-06-26 17:58:38,52.138622,52
812,123,21.067177,9337,2021-06-26 17:58:37,52.232357,4
813,153,21.159119,9338,2021-06-26 17:58:36,52.273506,2
814,123,21.052401,9339,2021-06-26 17:58:35,52.250141,357
815,153,21.177021,9340,2021-06-26 17:58:38,52.256832,1
816,199,21.179726,9342,2021-06-26 17:58:36,52.269135,2
817,123,21.077581,9345,2021-06-25 21:25:22,52.268494,357
818,179,21.058754,9349,2021-06-26 17:58:36,52.131207,1
819,142,21.088814,9351,2021-06-26 17:58:39,52.244858,1
820,142,21.241945,9352,2021-06-26 17:58:33,52.169853,3
821,142,21.142458,9354,2021-06-26 17:58:39,52.187058,M5
822,199,21.1440509,9355,2021-06-26 17:58:35,52.2696932,1
823,142,21.088118,9357,2021-06-26 17:58:35,52.244957,2
824,103,20.945642,9411,2021-06-26 17:58:40,52.294369,4
825,157,20.980906,9412,2021-06-26 17:58:36,52.216583,3
826,117,21.083759,9413,2021-06-26 17:58:38,52.225582,3
827,516,20.968731,9414,2021-06-26 17:58:35,52.320667,4
828,157,20.970839,9416,2021-06-26 17:58:39,52.284786,6
829,117,21.050352,9417,2021-06-26 17:58:35,52.237732,1
830,103,20.968523,9418,2021-06-26 17:58:37,52.222065,2
831,134,21.019108,9419,2021-06-26 17:58:38,52.295368,1
832,134,20.968332,9420,2021-06-26 17:58:35,52.271843,2
833,134,21.061707,9423,2021-06-26 17:58:35,52.361794,3
834,117,21.102531,9424,2021-06-26 17:58:38,52.222122,4
835,103,20.926662,9427,2021-06-26 17:58:35,52.290375,5
836,157,20.976404,9428,2021-06-26 17:58:34,52.289898,1
837,157,20.997293,9429,2021-06-26 17:58:34,52.253502,2
838,245,21.117229,9431,2021-06-26 17:58:37,52.278328,1
839,516,20.942076,9432,2021-06-26 17:58:38,52.334164,1
840,516,20.95348,9434,2021-06-26 17:58:39,52.319496,2
841,516,21.000946,9436,2021-06-26 17:58:38,52.29118,3
842,176,20.987955,9438,2021-06-26 17:58:36,52.336052,1
843,157,20.986498,9439,2021-06-26 17:58:36,52.240364,5
844,712,20.925541,9441,2021-06-26 17:58:38,52.2822,M2
845,103,20.945745,9442,2021-06-26 17:58:35,52.266178,1
846,103,20.967819,9443,2021-06-26 17:58:37,52.256569,3
847,245,21.052994,9446,2021-06-26 17:58:34,52.276493,2
848,712,20.932947,9450,2021-06-26 17:58:37,52.288486,1
849,176,20.982224,9452,2021-06-26 17:58:34,52.355568,3
850,176,21.026735,9453,2021-06-26 17:58:36,52.281181,2
851,743,20.916542,9459,2021-06-26 17:58:35,52.219997,1
852,194,20.881419833,9501,2021-06-26 17:58:37,52.196216833,4
853,181,20.981274667,9503,2021-06-26 17:58:40,52.274841,2
854,717,20.928792,9504,2021-06-26 17:58:40,52.195677833,3
855,139,21.092669833,9507,2021-06-26 17:58:40,52.105059667,2
856,149,20.931889167,9509,2021-06-26 17:58:36,52.240313333,2
857,729,20.950593333,9511,2021-06-26 17:58:40,52.238533833,1
858,149,20.932567833,9514,2021-06-26 17:58:36,52.240259667,4
859,159,21.040839167,9515,2021-06-26 17:58:35,52.221585,1
860,159,21.051853,9519,2021-06-26 17:58:39,52.198254167,4
861,159,21.085022667,9520,2021-06-26 17:58:39,52.193231,5
862,181,20.95816,9521,2021-06-26 17:58:38,52.281269167,1
863,715,21.036825333,9522,2021-06-26 17:58:35,52.161966833,55
864,181,20.899915833,9524,2021-06-26 17:58:39,52.297155,4
865,194,20.930344,9525,2021-06-26 17:58:38,52.2249995,1
866,181,20.929645333,9526,2021-06-26 17:58:38,52.307625167,3
867,220,20.912872667,9529,2021-06-26 17:58:37,52.252561833,3
868,717,20.963178833,9530,2021-06-26 17:58:36,52.217301,2
869,159,20.952831333,9531,2021-06-26 17:58:39,52.211907,2
870,194,20.892827333,9532,2021-06-26 17:58:36,52.208231,2
871,194,20.865145667,9533,2021-06-26 17:58:40,52.206842167,3
872,194,20.9169965,9534,2021-06-26 17:58:38,52.2203105,5
873,220,20.907928,9535,2021-06-26 17:58:40,52.178022667,1
874,220,20.912175,9537,2021-06-26 17:58:40,52.252720833,4
875,300,21.024120833,9538,2021-06-26 17:58:39,52.179852667,M1
876,149,20.940473833,9539,2021-06-26 17:58:40,52.246661167,3
877,707,20.934233167,9540,2021-06-26 17:58:37,52.0908645,1
878,715,20.9395835,9542,2021-06-26 17:58:38,52.171887333,53
879,737,20.974351833,9543,2021-06-26 17:58:39,52.098402667,54
880,717,20.828734833,9544,2021-06-26 17:58:35,52.192947167,1
881,724,21.068047667,9546,2021-06-26 17:58:39,52.129095,1
882,139,21.0239785,9548,2021-06-26 17:58:36,52.179461167,1
883,715,21.005622167,9554,2021-06-26 17:58:40,52.1102725,51
884,149,20.871454167,9555,2021-06-26 17:58:37,52.251341167,1
885,159,20.990625167,9556,2021-06-26 17:58:40,52.2255035,3
886,220,20.903904333,9557,2021-06-26 17:58:37,52.189188667,2
887,152,21.034515,9673,2021-06-26 17:58:32,52.326172,5
888,152,20.95245,9678,2021-06-26 17:58:38,52.317001,1
889,152,20.969017,9680,2021-06-26 17:58:36,52.325111,2
890,118,21.015585,9681,2021-06-26 17:58:35,52.219013,3
891,212,21.056446,9682,2021-06-26 17:58:38,52.274979,2
892,118,21.024353,9683,2021-06-26 17:58:39,52.242092,4
893,118,21.023298,9685,2021-06-26 17:58:36,52.242939,2
894,152,20.970512,9687,2021-06-26 17:58:35,52.334023,4
895,152,21.031494,9688,2021-06-26 17:58:32,52.327164,3
896,118,21.033577,9689,2021-06-26 17:58:36,52.296741,5
897,212,21.027004,9692,2021-06-26 17:58:32,52.259686,3
898,212,21.057274,9696,2021-06-26 17:58:32,52.301895,1
899,118,21.042522,9697,2021-06-26 17:58:36,52.296669,1
900,212,21.055157,9698,2021-06-26 17:58:36,52.279594,4
901,109,20.982534,9801,2021-06-26 17:58:38,52.230194,1
902,710,21.096745,9802,2021-06-26 17:58:33,52.127239,1
903,525,21.19581,9803,2021-06-26 17:58:32,52.207794,3
904,Z10,20.924763,9804,2021-06-26 17:58:39,52.260815,2
905,109,21.016275,9805,2021-06-26 17:58:37,52.230621,3
906,109,20.898729,9806,2021-06-26 17:58:36,52.238506,5
907,109,20.914526,9807,2021-06-26 17:58:39,52.239193,6
908,127,21.02265,9809,2021-06-26 17:58:39,52.229877,2
909,127,20.932312,9810,2021-06-26 17:58:31,52.202206,1
910,127,21.019445,9811,2021-06-26 17:58:37,52.246281,335
911,131,21.015316,9814,2021-06-26 17:58:33,52.219025,4
912,127,20.895451,9816,2021-06-26 17:58:38,52.208801,56
913,127,20.948583,9817,2021-06-26 17:58:29,52.209364,5
914,131,21.083847,9818,2021-06-26 17:58:35,52.16798,2
915,710,21.098409,9819,2021-06-26 17:58:37,52.077262,3
916,131,21.015871,9820,2021-06-26 17:58:32,52.216057,6
917,131,21.055913,9821,2021-06-26 17:58:36,52.193271,1
918,525,21.011345,9822,2021-06-26 17:58:33,52.230057,1
919,519,21.002763,9825,2021-06-26 17:47:19,52.229939,6
920,525,21.109375,9826,2021-06-26 17:58:35,52.233582,2
921,710,21.115112,9827,2021-06-26 17:58:33,52.077594,2
922,Z10,20.915006,9828,2021-06-26 17:58:34,52.229341,9
923,525,21.196825,9829,2021-06-26 17:58:37,52.208359,4
924,525,21.098146,9830,2021-06-26 17:58:39,52.234623,5
925,710,21.113274,9834,2021-06-26 17:58:37,52.106167,4
926,719,20.786283,9835,2021-06-26 17:58:38,52.255371,1
927,Z10,20.930864,9836,2021-06-26 17:58:37,52.224972,8
928,109,20.95829,9838,2021-06-26 17:58:38,52.227882,4
929,127,21.015823,9839,2021-06-26 17:58:39,52.23064,4
930,109,21.036335,9842,2021-06-26 17:58:35,52.222015,2
931,525,21.003927,9846,2021-06-26 17:58:36,52.229572,319
932,719,20.665613,9849,2021-06-26 17:58:36,52.263321,2
933,719,20.950369,9852,2021-06-26 17:58:38,52.238571,3
934,131,21.003847,9854,2021-06-26 17:58:40,52.229534,3
935,114,20.976343,9901,2021-06-26 17:58:36,52.26614,1
936,114,20.929729,9903,2021-06-26 17:58:36,52.307755,5
937,186,20.980339,9905,2021-06-26 17:58:37,52.210197,5
938,193,21.045872,9906,2021-06-26 17:58:36,52.164787,1
939,114,21.042301,9907,2021-06-26 17:58:37,52.295906,7
940,186,20.9422,9908,2021-06-26 17:58:40,52.334148,1
941,186,20.97905,9909,2021-06-26 17:58:37,52.311661,3
942,186,20.963821,9912,2021-06-26 17:58:38,52.207771,6
943,186,20.976194,9915,2021-06-26 17:58:38,52.314583,9
944,186,20.942181,9916,2021-06-26 17:58:38,52.333973,2
945,190,21.001568,9919,2021-06-26 17:58:37,52.244469,2
946,190,20.898844,9920,2021-06-26 17:58:37,52.238926,5
947,190,21.073046,9921,2021-06-26 17:58:34,52.28434,9
948,190,21.085394,9922,2021-06-26 17:58:37,52.305054,10
949,193,21.036287,9923,2021-06-26 17:58:37,52.157288,2
950,193,21.01371,9925,2021-06-26 17:58:36,52.174191,3
951,114,21.01824,9928,2021-06-26 17:58:35,52.291828,63
952,114,20.932753,9930,2021-06-26 17:58:38,52.288315,2
953,193,20.99538,9933,2021-06-26 17:58:35,52.170181,4
954,190,20.897011,9935,2021-06-26 17:58:37,52.227978,4
955,186,20.954596,9939,2021-06-26 17:58:34,52.252392,8
956,114,20.950945,9940,2021-06-26 17:58:33,52.270279,4
957,114,21.04188,9941,2021-06-26 17:58:37,52.300262,6
958,186,20.954081,9942,2021-06-26 17:58:38,52.253838,4
959,190,21.020325,9946,2021-06-26 17:58:39,52.248562,8
960,190,20.932943,9947,2021-06-26 17:58:36,52.240196,3
961,190,20.914757,9949,2021-06-26 17:58:35,52.231735,6
962,190,20.97427,9951,2021-06-26 17:58:37,52.237541,7
963,190,21.037483,9953,2021-06-26 17:58:33,52.255741,1
964,186,20.977661,9954,2021-06-26 17:58:37,52.210556,67
965,o43A,21.423235,9999,2021-06-25 14:26:34,50.302956,1
