,Lines,Lon,VehicleNumber,Time,Lat,Brigade
0,213,21.1152613,1000,2021-06-25 23:22:58,52.2346205,3
1,213,21.115043,1001,2021-06-25 23:56:49,52.23463,1
2,213,21.102361,1003,2021-06-26 17:32:33,52.222793,1
3,311,21.115233,1004,2021-06-25 21:52:40,52.23458,2
4,196,21.11514,1005,2021-06-25 23:48:58,52.234611,1
5,130,21.11559,1008,2021-06-25 20:19:05,52.234613,04
6,213,21.1740493,1010,2021-06-26 17:32:50,52.1870323,2
7,213,21.1650363,1011,2021-06-26 17:32:50,52.2057755,4
8,311,21.1155166,1012,2021-06-25 21:16:38,52.2346153,1
9,213,21.188818,1015,2021-06-26 17:32:45,52.149828,3
10,108,21.046003,1020,2021-06-26 17:32:51,52.215713,3
11,218,21.0154634,1021,2021-06-26 17:32:52,52.1798902,4
12,218,20.9971741,1024,2021-06-26 17:32:51,52.1888369,2
13,192,21.059996,1025,2021-06-26 17:32:51,52.137314,3
14,195,20.9979977,1026,2021-06-25 21:14:18,52.1862374,2
15,163,21.087719,1027,2021-06-26 17:32:52,52.159634,1
16,218,21.024246,1028,2021-06-26 17:32:51,52.179752,3
17,163,21.0489365,1030,2021-06-26 17:32:51,52.1782764,2
18,163,21.069202,1031,2021-06-26 17:32:51,52.17807,3
19,108,21.039654,1038,2021-06-26 17:32:50,52.176216,4
20,192,21.0685664,1039,2021-06-26 17:32:52,52.1290817,2
21,204,21.0308167,1040,2021-06-26 17:32:42,52.288355,1
22,736,20.9501433,1042,2021-06-26 17:32:48,52.4043467,1
23,204,21.043091,1043,2021-06-25 22:53:22,52.26632,05
24,204,21.056775,1044,2021-06-26 17:32:41,52.3241883,3
25,107,21.046234,1045,2021-06-25 22:36:50,52.264653,4
26,204,21.042681,1046,2021-06-25 23:57:31,52.266098,1
27,204,21.023178,1047,2021-06-26 17:32:44,52.277245,2
28,228,20.921443,1050,2021-06-25 23:41:52,52.196853,2
29,328,20.921189,1051,2021-06-25 22:30:10,52.196913,01
30,129,20.9225833,1052,2021-06-26 17:32:47,52.2042517,2
31,129,20.8827183,1053,2021-06-26 17:32:43,52.193615,3
32,129,20.9431867,1055,2021-06-26 17:32:49,52.23923,4
33,129,20.9392717,1057,2021-06-26 17:32:42,52.2458983,1
34,119,21.1758669,1061,2021-06-26 17:32:52,52.2060904,4
35,119,21.046209,1062,2021-06-26 17:32:52,52.200256,5
36,192,21.045166,1064,2021-06-26 17:32:52,52.149498,1
37,192,21.0240759,1069,2021-06-26 17:32:52,52.1798947,52
38,108,21.05792,1070,2021-06-26 17:32:51,52.183037,1
39,108,21.035553,1074,2021-06-26 17:32:52,52.222202,2
40,218,21.024662,1076,2021-06-26 17:32:51,52.185974,1
41,192,21.019562,1079,2021-06-26 17:32:52,52.172356,4
42,173,21.0426228,1101,2021-06-26 00:28:34,52.2664063,2
43,240,21.025587,1109,2021-06-26 17:32:44,52.2980251,2
44,173,21.048266,1110,2021-06-25 19:53:25,52.264265,3
45,170,21.0633251,1111,2021-06-26 17:32:47,52.2636476,2
46,110,20.8870805,1112,2021-06-26 17:32:51,52.3048996,51
47,126,21.046033,1113,2021-06-25 23:08:32,52.264159,4
48,338,21.046365,1116,2021-06-25 19:40:36,52.2645706,05
49,170,21.0564773,1117,2021-06-26 17:32:53,52.2636203,4
50,739,21.02342,1200,2021-06-26 17:32:52,52.18,65
51,739,21.02939,1201,2021-06-26 17:32:51,52.096966,64
52,166,21.022213,1203,2021-06-26 17:32:51,52.228733,1
53,727,21.028063,1205,2021-06-26 17:32:51,52.067844,68
54,739,21.0177324,1208,2021-06-26 17:32:52,52.1497571,62
55,141,21.1004257,1211,2021-06-26 17:32:52,52.2380714,2
56,727,21.019241,1213,2021-06-26 17:32:52,52.088959,66
57,166,21.027046,1214,2021-06-26 17:32:51,52.26001,3
58,727,20.9344765,1216,2021-06-26 17:32:51,52.0443872,67
59,739,21.0397367,1218,2021-06-26 17:32:51,52.0805031,63
60,166,21.049238,1219,2021-06-26 17:32:52,52.158459,8
61,166,21.065203,1220,2021-06-26 17:32:51,52.137913,7
62,727,21.017399,1223,2021-06-26 17:32:52,52.151924,61
63,240,21.0483353,1400,2021-06-26 00:03:19,52.2641493,1
64,170,21.0218623,1401,2021-06-26 17:32:49,52.2624726,3
65,170,21.0454971,1403,2021-06-25 21:36:41,52.2652081,3
66,240,21.043604,1408,2021-06-25 23:31:26,52.266069,4
67,146,21.204643,1411,2021-06-26 17:32:50,52.159477,58
68,173,21.223581,1412,2021-06-26 17:32:51,52.249428,3
69,730,21.2742,1413,2021-06-26 17:32:52,52.19978,61
70,146,21.160744,1417,2021-06-26 17:32:45,52.163464,57
71,199,21.052931,1418,2021-06-26 17:32:52,52.276402,3
72,147,21.24301,1419,2021-06-26 17:32:52,52.2192,53
73,183,21.088541,1422,2021-06-26 17:32:51,52.2449,3
74,147,21.135853,1425,2021-06-26 17:32:51,52.196831,54
75,147,21.0475749,1426,2021-06-26 17:32:52,52.2478807,55
76,146,21.072287,1427,2021-06-26 17:32:52,52.221455,59
77,119,21.0003,1429,2021-06-26 17:32:52,52.2061,1
78,L11,20.722731,14422,2021-06-26 17:32:52,52.424412,2
79,L10,20.945208,14423,2021-06-26 14:34:04,52.437897,M4
80,L11,20.723183,14424,2021-06-25 20:30:06,52.424343,51
81,L-9,20.938433,14426,2021-06-26 17:32:47,52.395512,3
82,L11,20.968693,14427,2021-06-26 17:32:49,52.45031,1
83,L34,20.863529,14429,2021-06-26 17:32:50,52.441437,1
84,L10,20.945269,14430,2021-06-26 16:19:41,52.437912,M5
85,L34,20.945213,14431,2021-06-25 19:23:11,52.437866,2
86,L41,20.85412,14432,2021-06-26 17:32:49,52.395496,1
87,L33,20.945353,14434,2021-06-25 23:24:58,52.438198,1
88,L49,20.894251,14436,2021-06-26 17:32:45,52.417179,1
89,L-8,21.154219,14438,2021-06-26 17:32:49,52.403034,1
90,L-9,20.949566,14440,2021-06-25 23:13:11,52.471237,055
91,338,21.045604,1500,2021-06-25 19:27:18,52.264496,03
92,106,21.0204033,1508,2021-06-26 17:32:45,52.2431993,5
93,735,21.0117568,1509,2021-06-26 17:32:43,52.4538436,M4
94,240,21.0653516,1510,2021-06-26 17:32:49,52.3123705,4
95,110,20.9686655,1513,2021-06-26 17:32:50,52.2721255,52
96,147,21.044424,1514,2021-06-25 19:54:57,52.2648745,06
97,115,21.1845283,1521,2021-06-26 17:32:46,52.1888683,4
98,115,21.2421467,1523,2021-06-26 17:32:50,52.1699367,3
99,702,21.13428,1524,2021-06-26 17:32:46,52.2027633,2
100,183,21.115313,1526,2021-06-26 00:16:52,52.233074,4
101,N16,21.116845,1527,2021-06-26 05:37:31,52.233048,2
102,N44,21.117096,1528,2021-06-26 05:37:25,52.233049,207
103,702,21.2628483,1531,2021-06-26 17:32:39,52.108115,1
104,202,21.078635,1532,2021-06-26 17:32:42,52.2504267,2
105,141,20.944093,1533,2021-06-26 17:32:44,52.175448,6
106,119,21.167645,1535,2021-06-26 17:32:52,52.2047117,3
107,156,20.9276933,1537,2021-06-26 17:32:47,52.2910017,2
108,132,20.968586,1538,2021-06-26 17:32:48,52.271976,55
109,120,21.0511883,1539,2021-06-26 17:32:39,52.2526133,1
110,156,21.0609883,1540,2021-06-26 17:32:46,52.2623,5
111,166,21.0286333,1542,2021-06-26 17:32:44,52.2299383,4
112,221,20.9945717,1543,2021-06-26 17:32:52,52.2595483,2
113,N03,21.044968,1545,2021-06-26 05:08:35,52.264589,2
114,156,21.0520967,1546,2021-06-26 17:32:41,52.2529983,4
115,512,21.049655,1548,2021-06-26 17:32:46,52.286036,1
116,120,21.0508767,1549,2021-06-26 17:32:47,52.25252,2
117,166,21.0750867,1550,2021-06-26 17:32:49,52.1330717,6
118,120,21.0559067,1551,2021-06-26 17:32:43,52.331845,6
119,156,21.02724,1552,2021-06-26 17:32:41,52.287405,3
120,L36,21.315424,17455,2021-06-26 17:32:50,52.369858,51
121,L40,21.116491,17458,2021-06-26 17:32:48,52.339645,1
122,L43,21.077759,17461,2021-06-26 08:32:11,52.26762,51
123,L43,21.155094,17462,2021-06-26 17:32:46,52.297161,52
124,L45,21.1754,17464,2021-06-26 17:32:48,52.310772,1
125,L37,21.176323,17466,2021-06-25 22:21:40,52.312318,2
126,L38,21.221689,17467,2021-06-26 17:12:13,52.345421,51
127,240,21.1008998,1802,2021-06-26 17:32:47,52.3180316,3
128,N12,21.045453,1803,2021-06-26 04:33:33,52.264459,128
129,132,21.0302631,1804,2021-06-26 17:32:51,52.2993106,53
130,132,21.0755076,1805,2021-06-26 17:32:51,52.3243151,54
131,122,20.8982651,1807,2021-06-26 17:32:51,52.2498586,6
132,106,21.0435196,1808,2021-06-26 06:30:45,52.2662013,4
133,N11,21.0454075,1809,2021-06-26 05:42:59,52.264945,122
134,106,20.9893106,1810,2021-06-26 17:32:48,52.2345145,2
135,106,21.0269891,1811,2021-06-26 17:32:49,52.2376005,1
136,106,20.9777875,1812,2021-06-26 17:32:47,52.2325575,3
137,170,21.093816,1814,2021-06-26 17:32:21,52.271053,1
138,122,20.9870343,1815,2021-06-26 17:32:49,52.2787381,3
139,N12,21.046083,1816,2021-06-26 05:05:03,52.264528,210
140,173,21.042571,1818,2021-06-25 23:48:59,52.2664061,10
141,173,21.2175823,1821,2021-06-26 17:32:46,52.2143685,2
142,115,21.18709,1826,2021-06-26 17:32:47,52.1863645,2
143,147,21.1030613,1828,2021-06-26 17:32:47,52.2135015,52
144,146,21.0522601,1829,2021-06-26 17:32:46,52.250288,51
145,183,21.1376273,1830,2021-06-26 17:32:45,52.2435138,1
146,119,21.1165895,1832,2021-06-25 22:22:16,52.2331471,06
147,183,21.1893448,1833,2021-06-26 17:32:51,52.2459736,2
148,173,21.0764196,1835,2021-06-26 17:32:49,52.2502245,4
149,115,21.1634838,1837,2021-06-26 17:32:47,52.2604188,1
150,168,20.9956611,1838,2021-06-26 17:32:48,52.192885,1
151,115,21.1593596,1839,2021-06-26 17:32:47,52.2578648,5
152,147,21.1172291,1840,2021-06-25 21:35:22,52.2330755,09
153,142,21.1168673,1842,2021-06-25 20:08:52,52.2330963,08
154,168,21.1065411,1843,2021-06-26 17:32:49,52.233954,3
155,173,21.1167918,1844,2021-06-25 23:53:58,52.233165,8
156,168,21.112721,1846,2021-06-26 17:32:46,52.236258,4
157,722,21.0882281,1847,2021-06-26 17:32:50,52.2449126,62
158,198,21.1158643,1848,2021-06-25 20:42:24,52.2333196,2
159,198,21.2429835,1849,2021-06-26 17:32:46,52.2177681,1
160,183,21.115764,1850,2021-06-25 21:22:25,52.233265,3
161,183,21.1154913,1851,2021-06-26 00:18:45,52.2331743,07
162,198,21.2176711,1854,2021-06-26 17:32:51,52.2541125,2
163,146,21.115132,1856,2021-06-26 00:38:41,52.233222,4
164,115,21.115681,1857,2021-06-26 00:02:26,52.2331425,5
165,146,21.1166211,1858,2021-06-25 20:46:49,52.2331278,07
166,198,21.1172503,1859,2021-06-25 19:30:46,52.2330405,05
167,115,21.1153055,1860,2021-06-26 00:28:39,52.2332403,6
168,173,21.0527636,1866,2021-06-26 17:32:46,52.2502941,5
169,173,21.1550546,1867,2021-06-26 17:32:49,52.2397581,1
170,115,21.1165116,1869,2021-06-25 23:18:40,52.2330776,3
171,222,21.0180929,1901,2021-06-26 17:32:45,52.2272654,3
172,251,21.122812,1909,2021-06-26 17:32:47,52.0907334,3
173,222,20.9958876,1910,2021-06-26 17:32:45,52.1933716,2
174,222,21.0070949,1911,2021-06-26 17:32:52,52.1889729,1
175,251,21.053789,1912,2021-06-26 17:32:51,52.173012,2
176,222,21.017538,1916,2021-06-26 17:32:52,52.23119,5
177,251,21.113323,1919,2021-06-26 17:32:52,52.105518,1
178,222,21.004978,1920,2021-06-26 17:32:51,52.244801,4
179,178,20.909687,1995,2021-06-26 17:32:52,52.194,2
180,178,21.0082679,1996,2021-06-26 17:32:52,52.2351884,1
181,178,21.004002,1997,2021-06-26 17:32:51,52.255318,5
182,178,20.88389,1998,2021-06-26 17:32:51,52.189281,3
183,178,20.9975471,1999,2021-06-26 17:32:52,52.233087,4
184,171,20.924959,2009,2021-06-26 17:32:51,52.272598,1
185,189,21.0033307,2015,2021-06-26 17:32:51,52.1781494,9
186,187,21.048309,2016,2021-06-26 17:32:51,52.1781841,5
187,709,21.0157796,2021,2021-06-26 17:32:51,52.0725474,5
188,Z26,20.980116,2022,2021-06-26 17:32:51,52.237167,4
189,172,20.9692926,2024,2021-06-26 17:32:52,52.2147625,63
190,217,21.0480024,2026,2021-06-26 17:32:52,52.1743472,3
191,519,21.0798371,2027,2021-06-26 17:32:52,52.1670184,3
192,172,20.9552575,2028,2021-06-26 17:32:52,52.2118782,1
193,189,20.9630499,2029,2021-06-26 17:32:51,52.1886912,8
194,Z26,21.0265514,2030,2021-06-26 17:32:51,52.2512009,7
195,522,21.015919,2032,2021-06-26 17:32:51,52.222172,3
196,174,21.0147309,2035,2021-06-26 17:32:51,52.183361,2
197,709,21.022797,2038,2021-06-26 17:32:51,52.075016,6
198,709,21.0178821,2039,2021-06-26 17:32:51,52.1295356,1
199,709,21.0243327,2040,2021-06-26 17:32:52,52.1799132,2
200,709,21.022926,2041,2021-06-26 17:32:51,52.180111,3
201,709,21.0188837,2042,2021-06-26 17:32:51,52.101929,4
202,517,20.9235071,2200,2021-06-26 17:32:51,52.1972226,1
203,N35,20.921913,2206,2021-06-26 06:01:56,52.1961371,237
204,184,20.938807,2210,2021-06-26 17:32:51,52.286938,3
205,191,20.9371252,2213,2021-06-26 17:32:52,52.20166,1
206,189,20.898754,2227,2021-06-26 17:32:52,52.238693,4
207,105,20.922151,2236,2021-06-26 00:04:20,52.196038,4
208,189,21.001085,2237,2021-06-26 17:32:51,52.178223,14
209,124,20.945995,2240,2021-06-26 17:32:52,52.1577437,2
210,105,20.984276,2247,2021-06-26 17:32:48,52.230598,5
211,141,20.921326,2253,2021-06-25 18:30:50,52.197259,014
212,401,20.920378,2254,2021-06-25 19:44:39,52.196613,012
213,191,20.8702822,2258,2021-06-26 17:32:52,52.1835484,3
214,L20,21.471462,24511,2021-06-25 23:35:10,52.132233,1
215,L20,21.471769,24513,2021-06-26 15:05:20,52.132652,1
216,L20,21.268707,24515,2021-06-26 17:32:48,52.099064,1
217,162,21.0345421,3400,2021-06-26 17:32:47,52.2553481,5
218,185,20.9759183,3401,2021-06-26 17:32:52,52.2895696,6
219,723,20.9199193,3403,2021-06-26 17:32:48,52.3806478,3
220,735,20.9744933,3404,2021-06-26 17:32:51,52.2775871,63
221,731,20.96095,3405,2021-06-26 17:32:46,52.335218,3
222,414,21.047923,3406,2021-06-25 20:26:01,52.264541,07
223,731,20.9539141,3407,2021-06-26 17:32:47,52.4096058,1
224,738,21.0485045,3408,2021-06-26 01:02:31,52.264437,1
225,414,21.0468988,3409,2021-06-25 20:46:35,52.2649078,08
226,126,20.9659655,3410,2021-06-26 17:32:51,52.3312243,2
227,169,21.04371,3411,2021-06-25 21:40:49,52.265391,1
228,140,21.1241706,3413,2021-06-26 17:32:49,52.3461081,1
229,509,20.9457753,3414,2021-06-26 17:32:50,52.3217506,2
230,114,21.0478216,3415,2021-06-25 23:08:38,52.2646596,5
231,723,21.0454035,3417,2021-06-25 21:48:49,52.2654235,1
232,145,21.1298141,3421,2021-06-26 17:32:49,52.2361906,7
233,509,21.1023136,3422,2021-06-26 17:32:49,52.2219336,355
234,Z26,20.992968,3423,2021-06-26 17:32:50,52.241564,1
235,169,21.0477433,3429,2021-06-25 23:04:14,52.2646666,3
236,126,21.0219061,3430,2021-06-26 17:32:47,52.2861976,4
237,114,21.04857,3434,2021-06-26 00:33:00,52.264513,2
238,518,21.0478431,3437,2021-06-25 23:46:13,52.264609,6
239,705,21.0848495,3438,2021-06-26 17:32:45,52.468126,66
240,738,21.070279,3440,2021-06-26 17:32:51,52.2806603,2
241,114,21.0428833,3441,2021-06-25 23:51:31,52.2659116,7
242,140,21.0586628,3444,2021-06-26 17:32:51,52.2745053,2
243,509,21.0473428,3446,2021-06-26 17:32:49,52.2472635,4
244,731,20.97558,3447,2021-06-26 17:32:52,52.316605,2
245,126,20.9634323,3448,2021-06-26 17:32:49,52.3331735,1
246,518,21.043485,3449,2021-06-25 21:30:55,52.265478,7
247,126,21.0261878,3450,2021-06-26 17:32:51,52.2869891,3
248,126,21.0567363,3451,2021-06-26 17:32:50,52.3018971,M5
249,705,20.9681358,3454,2021-06-26 17:32:48,52.2719206,62
250,145,21.076275,3455,2021-06-26 17:32:51,52.2867906,6
251,Z26,21.0097106,3456,2021-06-26 17:32:47,52.2463251,5
252,169,21.043935,3457,2021-06-25 23:56:08,52.265611,5
253,509,21.0917976,3458,2021-06-26 17:32:50,52.2252061,5
254,Z26,21.035229,3459,2021-06-26 17:32:35,52.255928,6
255,738,21.1847716,3461,2021-06-26 17:32:50,52.4159771,3
256,731,21.04776,3463,2021-06-26 00:40:56,52.264114,5
257,735,21.0444471,3464,2021-06-25 23:05:19,52.2656713,64
258,723,21.0441993,3466,2021-06-26 00:00:11,52.265954,2
259,738,21.1088423,3469,2021-06-26 17:32:49,52.3275633,1
260,L19,21.034472,36443,2021-06-26 17:31:57,52.083504,51
261,L17,20.899836,36444,2021-06-26 13:08:02,51.912342,51
262,L25,21.217531,36448,2021-06-26 17:32:50,51.981636,1
263,L39,20.992424,38541,2021-06-26 17:25:52,52.109779,4
264,L39,21.042105,38545,2021-06-26 17:32:53,52.082554,3
265,L52,20.98954,38546,2021-06-26 17:32:47,52.047604,51
266,L39,21.036131,38547,2021-06-26 17:32:51,52.101265,1
267,L39,21.024361,38548,2021-06-26 17:32:50,52.062012,2
268,L23,21.051334,38549,2021-06-26 17:31:57,52.063622,51
269,L-5,21.02952,39551,2021-06-26 17:15:01,52.074806,62
270,L-2,21.034941,39552,2021-06-25 19:11:52,52.083633,063
271,L25,21.191267,39555,2021-06-25 23:37:02,51.987377,1
272,L13,21.040571,39556,2021-06-26 17:32:51,52.026707,63
273,L-5,20.961885,39558,2021-06-26 17:32:49,52.066536,61
274,L-2,21.019321,39559,2021-06-26 17:32:51,52.065407,1
275,L13,21.217253,39561,2021-06-25 20:05:15,51.98262,03
276,L12,21.020353,39562,2021-06-26 17:32:49,52.066013,1
277,L12,21.034851,39565,2021-06-26 12:57:20,52.083328,1
278,197,20.950438,4200,2021-06-26 17:32:51,52.280899,3
279,721,20.829779,4201,2021-06-26 17:32:51,52.055027,75
280,711,20.8000362,4205,2021-06-26 17:32:52,52.0909509,1
281,122,20.941668,4206,2021-06-26 17:32:52,52.269432,1
282,141,21.067261,4208,2021-06-26 17:32:50,52.229923,9
283,197,20.942751,4213,2021-06-26 17:32:51,52.237534,4
284,154,20.8968122,4214,2021-06-26 17:32:51,52.2398597,6
285,141,20.9639409,4216,2021-06-26 17:32:52,52.1881437,5
286,154,20.977749,4217,2021-06-26 17:32:52,52.180748,2
287,154,20.9810046,4218,2021-06-26 17:32:52,52.1894334,1
288,255,20.940815,4219,2021-06-26 17:32:51,52.223373,1
289,714,20.9501011,4220,2021-06-26 17:32:52,52.2386094,1
290,255,20.95982,4224,2021-06-26 17:32:52,52.228237,2
291,714,20.8001974,4226,2021-06-26 17:32:51,52.2700759,2
292,122,20.978024,4227,2021-06-26 17:32:51,52.286026,2
293,154,20.9316779,4231,2021-06-26 17:32:51,52.2402596,4
294,141,20.9841466,4232,2021-06-26 17:32:52,52.1984674,7
295,197,20.8748407,4233,2021-06-26 17:32:51,52.2010077,5
296,L-1,20.89243,42361,2021-06-26 14:43:02,52.090702,1
297,154,20.8984499,4238,2021-06-26 17:32:52,52.2583921,5
298,141,21.0457801,4240,2021-06-26 17:32:52,52.2191807,3
299,122,20.927107,4241,2021-06-26 17:32:51,52.263561,4
300,122,20.896877,4242,2021-06-26 17:32:52,52.240273,5
301,197,20.966257,4243,2021-06-26 17:32:52,52.283642,2
302,901,21.0037789,4244,2021-06-26 17:32:51,52.2317989,1
303,901,21.036259,4246,2021-06-26 17:32:51,52.222004,3
304,154,20.973248,4247,2021-06-26 17:32:52,52.212265,3
305,154,20.957113,4248,2021-06-26 17:32:52,52.228275,7
306,L-1,20.93656,42498,2021-06-23 19:45:16,52.08992,2
307,L-3,21.019413,42500,2021-06-26 17:32:48,52.06572,1
308,146,21.0521999,4305,2021-06-26 17:32:53,52.2381122,56
309,202,21.0528357,4307,2021-06-26 17:32:52,52.2504529,1
310,119,21.0504659,4311,2021-06-26 17:32:52,52.1967539,2
311,105,16.9750897,4332,2021-06-26 13:35:37,52.5472771,4
312,512,21.044769,4400,2021-06-26 17:32:52,52.25034,4
313,197,20.8625647,4402,2021-06-26 17:32:51,52.1902291,6
314,221,20.9938376,4404,2021-06-26 17:32:52,52.2594657,1
315,120,21.064211,4405,2021-06-26 17:32:51,52.324821,4
316,156,20.9665822,4406,2021-06-26 17:32:51,52.2728184,1
317,N02,21.044418,4407,2021-06-26 06:46:43,52.265051,3
318,240,21.0007499,4408,2021-06-26 17:32:52,52.2913547,1
319,197,20.944572,4409,2021-06-26 17:32:51,52.243069,1
320,197,20.86788,4410,2021-06-26 17:32:51,52.210682,7
321,120,21.0547285,4411,2021-06-26 17:32:52,52.2756041,7
322,106,21.0024192,4412,2021-06-26 17:32:51,52.2372949,4
323,152,21.04444,4413,2021-06-25 20:19:00,52.265066,06
324,N16,21.045311,4415,2021-06-26 05:39:26,52.264876,1
325,120,21.045601,4417,2021-06-26 13:08:26,52.264446,1
326,199,21.0444199,4418,2021-06-25 20:09:09,52.264953,2
327,901,21.0035,4420,2021-06-26 17:32:51,52.229401,2
328,166,21.044609,4421,2021-06-26 17:32:51,52.175968,5
329,N03,21.0459804,4422,2021-06-26 05:41:10,52.2641299,1
330,166,21.035578,4423,2021-06-26 17:32:50,52.253674,2
331,901,21.015501,4424,2021-06-26 17:32:47,52.230473,4
332,512,21.065182,4425,2021-06-26 17:32:48,52.274376,2
333,120,21.0455217,4428,2021-06-26 17:32:51,52.2760572,3
334,512,21.0521874,4429,2021-06-26 17:32:51,52.2529327,3
335,120,21.061996,4431,2021-06-26 17:32:49,52.361637,5
336,512,21.074957,4434,2021-06-26 17:32:48,52.287155,5
337,100,21.0105875,4617,2021-06-26 17:32:46,52.2319596,M1
338,184,20.9635578,5205,2021-06-26 17:32:46,52.2086995,6
339,189,20.914084,5206,2021-06-26 17:32:49,52.1997705,2
340,105,20.9010448,5208,2021-06-26 17:32:48,52.2168479,1
341,188,21.0808782,5209,2021-06-26 17:32:44,52.2389499,3
342,105,20.8988662,5210,2021-06-26 17:32:43,52.2388308,2
343,172,21.052451,5211,2021-06-26 17:32:44,52.185156,4
344,189,21.068915,5212,2021-06-26 17:32:33,52.181311,11
345,105,20.8991613,5214,2021-06-26 17:32:52,52.2387937,3
346,189,21.040739,5215,2021-06-26 17:32:42,52.170471,13
347,716,20.9306692,5216,2021-06-26 17:32:43,52.2250625,1
348,172,21.0073738,5217,2021-06-26 17:32:44,52.1953635,2
349,523,21.1068848,5221,2021-06-26 17:32:49,52.2480974,3
350,517,21.010881,5222,2021-06-26 17:32:17,52.231346,2
351,523,21.0054253,5223,2021-06-26 17:32:45,52.2173438,1
352,171,20.9415779,5224,2021-06-26 17:32:50,52.2394352,3
353,105,20.9266963,5225,2021-06-26 17:32:44,52.2226602,4
354,210,20.8894945,5228,2021-06-26 17:32:43,52.2854909,3
355,187,20.8620639,5229,2021-06-26 17:32:52,52.1908841,1
356,171,21.0217446,5232,2021-06-26 17:32:44,52.2304145,4
357,136,21.055789,5234,2021-06-26 17:32:35,52.147329,5
358,184,20.9442389,5235,2021-06-26 17:32:52,52.2437958,1
359,517,20.8831882,5236,2021-06-26 17:32:46,52.1918049,5
360,Z10,20.9156558,5237,2021-06-26 17:32:45,52.2285558,3
361,171,20.9125563,5238,2021-06-26 17:32:43,52.2433964,2
362,171,21.0196746,5240,2021-06-26 17:32:52,52.2242733,5
363,191,20.8799117,5241,2021-06-26 17:32:46,52.1890031,2
364,148,21.0076866,5242,2021-06-26 17:32:49,52.1547393,4
365,190,20.920664,5245,2021-06-25 20:12:48,52.196575,016
366,523,21.0391638,5253,2021-06-26 17:32:45,52.222912,5
367,141,20.9224014,5255,2021-06-26 00:37:46,52.1970728,4
368,182,20.92243,5256,2021-06-25 19:09:29,52.1956758,011
369,188,20.987584,5257,2021-06-26 17:32:43,52.209428,52
370,187,20.8734707,5258,2021-06-26 17:32:52,52.1948503,2
371,184,20.9711969,5260,2021-06-26 17:32:22,52.2166289,5
372,N46,21.047172,5403,2021-06-26 06:04:29,52.2647932,150
373,500,20.981888,5404,2021-06-26 17:32:51,52.254093,52
374,169,21.041739,5406,2021-06-26 17:32:52,52.300125,5
375,705,21.0318311,5407,2021-06-26 17:32:50,52.3895504,65
376,160,21.047819,5410,2021-06-26 17:32:51,52.285706,M5
377,500,21.042654,5412,2021-06-26 17:32:51,52.2996442,54
378,160,21.003044,5413,2021-06-26 17:32:52,52.229488,M2
379,409,21.048126,5419,2021-06-26 17:32:50,52.286358,M56
380,169,21.046837,5422,2021-06-26 17:32:51,52.259995,2
381,527,21.06842,5425,2021-06-26 17:32:52,52.323387,3
382,162,21.047371,5426,2021-06-26 17:32:51,52.212082,1
383,162,21.085009,5428,2021-06-26 17:32:52,52.193295,2
384,185,21.0634544,5429,2021-06-26 17:32:52,52.1864682,8
385,112,21.0530862,5430,2021-06-26 17:32:52,52.2941019,3
386,145,21.000221,5432,2021-06-26 17:32:52,52.291355,4
387,409,20.923004,5433,2021-06-26 17:32:51,52.279099,57
388,112,20.8813679,5434,2021-06-26 17:32:51,52.214352,9
389,169,21.051823,5435,2021-06-26 17:32:53,52.252914,3
390,527,21.060192,5436,2021-06-26 17:32:51,52.315208,2
391,409,21.015911,5437,2021-06-26 17:32:52,52.262753,53
392,160,21.0523934,5438,2021-06-26 17:32:52,52.2929984,7
393,112,21.0481061,5439,2021-06-26 17:32:51,52.2869902,12
394,500,21.041729,5441,2021-06-26 17:32:52,52.300316,55
395,160,21.029613,5443,2021-06-26 17:32:51,52.252495,4
396,520,21.1534,5445,2021-06-26 17:32:52,52.2394,4
397,511,20.9608386,5448,2021-06-26 17:32:51,52.3353656,1
398,160,21.027431,5449,2021-06-26 17:32:51,52.251583,1
399,527,21.0546336,5453,2021-06-26 17:32:51,52.2745826,1
400,160,21.002899,5454,2021-06-26 17:32:51,52.22934,3
401,723,20.91762,5455,2021-06-26 17:32:52,52.377621,2
402,511,20.9661916,5459,2021-06-26 17:32:51,52.3308032,2
403,185,21.046366,5460,2021-06-26 17:32:52,52.17746,3
404,180,20.957996,5870,2021-06-26 17:32:52,52.260334,7
405,503,21.001627,5871,2021-06-26 17:32:52,52.252048,3
406,503,21.004379,5873,2021-06-26 17:32:52,52.25544,5
407,503,21.043234,5875,2021-06-26 17:32:49,52.193935,7
408,180,21.024864,5876,2021-06-26 17:32:47,52.22113,62
409,128,21.0072179,5880,2021-06-26 17:32:52,52.2376894,55
410,175,20.978069,5881,2021-06-26 17:32:51,52.169502,52
411,175,20.977829,5882,2021-06-26 17:32:51,52.18058,53
412,175,20.990293,5884,2021-06-26 17:32:51,52.216934,51
413,175,20.986246,5886,2021-06-26 17:32:49,52.191902,52
414,128,20.963762,5887,2021-06-26 17:32:49,52.207684,64
415,128,20.98893,5889,2021-06-26 17:32:51,52.218128,59
416,180,21.081038,5890,2021-06-26 17:32:47,52.171818,3
417,180,21.005302,5891,2021-06-26 17:32:50,52.249195,11
418,180,21.00812,5892,2021-06-26 17:32:52,52.235641,5
419,128,21.012932,5895,2021-06-26 17:32:49,52.243198,60
420,128,20.998121,5897,2021-06-25 23:36:40,52.187019,51
421,503,21.002293,5898,2021-06-26 17:32:51,52.2547,4
422,111,21.023546,5900,2021-06-26 17:32:52,52.232216,4
423,158,20.96031,5902,2021-06-26 17:32:51,52.215851,5
424,128,20.96349,5904,2021-06-26 17:32:49,52.207737,58
425,116,20.978281,5905,2021-06-26 17:32:52,52.270641,69
426,158,21.117008,5907,2021-06-25 21:44:36,52.233902,5
427,175,21.116972,5908,2021-06-25 19:38:19,52.233955,068
428,116,21.116823,5910,2021-06-26 00:07:33,52.233971,17
429,158,20.978226,5913,2021-06-26 17:32:49,52.222065,6
430,158,21.055918,5915,2021-06-26 17:32:48,52.238953,3
431,111,20.979446,5920,2021-06-26 17:32:50,52.244392,6
432,116,21.009563,5921,2021-06-26 17:32:52,52.233303,5
433,111,21.107388,5922,2021-06-26 07:42:12,52.233645, 
434,111,21.116245,5926,2021-06-26 00:24:55,52.234005,5
435,111,21.101667,5927,2021-06-26 17:32:52,52.223583,3
436,111,21.018618,5931,2021-06-26 17:32:51,52.231442,8
437,175,21.013573,5932,2021-06-26 17:32:53,52.240391,61
438,158,21.076452,5933,2021-06-26 17:32:52,52.2367424,1
439,158,21.049381,5934,2021-06-26 17:32:50,52.237537,4
440,503,21.115843,5935,2021-06-26 00:31:56,52.233995,013
441,116,21.011057,5936,2021-06-26 17:32:52,52.23085,4
442,503,21.0224137,5937,2021-06-26 17:32:51,52.2284397,1
443,128,20.991575,5939,2021-06-26 17:32:48,52.225307,56
444,116,21.031523,5940,2021-06-26 17:32:49,52.20594,3
445,175,21.115613,5941,2021-06-25 21:43:06,52.234041,63
446,116,20.924578,5942,2021-06-26 17:32:51,52.273487,7
447,503,21.049931,5943,2021-06-26 17:32:50,52.144585,9
448,158,21.1178377,5946,2021-06-26 17:32:52,52.2334139, 
449,175,21.011122,5947,2021-06-26 17:32:53,52.230423,54
450,116,20.92477,5948,2021-06-26 17:32:50,52.272419,56
451,518,21.018221,5950,2021-06-26 17:32:51,52.231316,2
452,503,21.011335,5954,2021-06-26 17:32:51,52.230045,2
453,503,21.044996,5956,2021-06-26 17:32:48,52.149376,8
454,E-9,21.045723,5962,2021-06-25 20:17:53,52.265643,06
455,180,20.972656,5964,2021-06-26 17:32:52,52.254799,10
456,723,21.047304,5966,2021-06-25 18:56:33,52.265156,07
457,180,21.022461,5967,2021-06-26 17:32:53,52.228222,4
458,180,21.049755,5968,2021-06-26 17:32:53,52.203217,1
459,116,20.923073,5969,2021-06-26 17:32:52,52.278606,8
460,518,20.942081,5976,2021-06-26 17:32:52,52.334583,6
461,518,21.011328,5978,2021-06-26 17:32:48,52.229847,3
462,518,20.97827,5979,2021-06-26 17:32:53,52.311977,5
463,518,20.98572,5980,2021-06-26 17:32:51,52.306419,7
464,518,20.995804,5981,2021-06-26 17:32:52,52.258007,4
465,503,21.022474,5983,2021-06-26 17:32:47,52.229591,6
466,111,21.013758,5984,2021-06-26 17:32:52,52.24065,5
467,111,20.985542,5985,2021-06-26 17:32:49,52.246407,7
468,111,21.102451,5986,2021-06-26 17:32:52,52.222057,2
469,180,20.934401,5987,2021-06-26 17:32:48,52.271301,9
470,180,20.990763,5988,2021-06-26 17:32:53,52.247997,6
471,180,21.083864,5990,2021-06-26 17:32:49,52.167984,2
472,180,20.925013,5991,2021-06-26 17:32:52,52.272404,58
473,518,20.981613,5994,2021-06-26 17:32:53,52.280918,1
474,116,21.084145,5995,2021-06-26 17:32:52,52.168072,2
475,116,21.066389,5996,2021-06-26 17:32:49,52.171925,1
476,116,21.025274,5997,2021-06-26 17:32:52,52.219723,11
477,116,21.013229,5998,2021-06-26 17:32:51,52.242504,10
478,111,21.063404,5999,2021-06-26 17:32:52,52.228111,1
479,167,20.925755,6201,2021-06-26 17:32:52,52.234085,2
480,713,20.919477,6203,2021-06-26 17:32:49,52.22097,1
481,713,20.792627,6204,2021-06-26 17:32:52,52.2104027,2
482,112,20.915169,6207,2021-06-26 17:32:51,52.23151,6
483,112,21.078718,6208,2021-06-26 17:32:50,52.307693,1
484,112,20.954161,6210,2021-06-26 17:32:52,52.276302,M11
485,112,20.8828772,6212,2021-06-26 17:32:51,52.2146479,8
486,136,20.966078,6213,2021-06-26 17:32:52,52.243134,10
487,187,20.948351,6214,2021-06-26 17:32:52,52.209557,3
488,210,20.767344,6220,2021-06-26 17:32:52,52.307781,1
489,187,21.044876,6222,2021-06-26 17:32:52,52.22139,4
490,189,21.047329,6223,2021-06-26 17:32:51,52.177643,10
491,187,20.8977945,6226,2021-06-26 17:32:50,52.1974649,8
492,191,20.983812,6227,2021-06-26 17:32:52,52.218067,6
493,136,21.005639,6236,2021-06-26 17:32:51,52.1712684,7
494,716,20.856266,6239,2021-06-26 17:32:52,52.192097,3
495,184,20.937183,6241,2021-06-26 17:32:52,52.246826,4
496,703,20.943413,6242,2021-06-26 17:32:44,52.175271,74
497,706,20.8993582,6243,2021-06-26 17:32:52,52.1372046,1
498,L29,20.566093,65471,2021-06-26 17:32:43,52.256008,1
499,112,20.8830697,7200,2021-06-26 17:32:51,52.2148224,7
500,124,20.945232,7201,2021-06-26 17:32:51,52.158077,1
501,Z10,20.9307899,7202,2021-06-26 17:32:52,52.2249294,5
502,112,20.9771044,7206,2021-06-26 17:32:52,52.2786242,4
503,Z10,20.924681,7208,2021-06-26 17:32:51,52.260559,1
504,189,20.916454,7214,2021-06-26 17:32:51,52.219658,7
505,728,20.927999,7217,2021-06-26 17:32:52,52.161232,72
506,728,20.875902,7218,2021-06-26 17:32:53,52.026554,71
507,517,20.967081,7224,2021-06-26 17:32:52,52.218216,4
508,112,21.0823374,7225,2021-06-26 17:32:52,52.3044707,2
509,112,20.9208932,7226,2021-06-26 13:08:33,52.1969334,4
510,184,20.9378299,7227,2021-06-26 17:32:51,52.2868301,2
511,Z10,20.9140621,7228,2021-06-26 17:32:51,52.2359584,6
512,716,20.863232,7229,2021-06-26 17:32:52,52.195263,2
513,Z10,20.9125327,7234,2021-06-26 17:32:52,52.2517012,7
514,124,20.921078,7240,2021-06-25 18:26:53,52.196911,03
515,187,20.985168,7241,2021-06-26 17:32:51,52.216114,7
516,187,21.051638,7243,2021-06-26 17:32:48,52.197037,6
517,210,20.881578,7244,2021-06-26 17:32:52,52.286568,2
518,167,21.082979,7245,2021-06-26 17:32:52,52.208294,6
519,191,20.905609,7247,2021-06-26 17:32:52,52.193008,4
520,172,20.973265,7248,2021-06-26 17:32:51,52.201225,7
521,189,20.9006494,7249,2021-06-26 17:32:52,52.227959,5
522,188,20.978291,7250,2021-06-26 17:32:52,52.169495,1
523,517,20.867868,7251,2021-06-26 17:32:45,52.191456,6
524,182,21.0254392,7252,2021-06-26 17:32:50,52.219381,2
525,517,21.005116,7254,2021-06-26 17:32:51,52.229431,3
526,523,20.9127079,7255,2021-06-26 17:32:51,52.2404625,7
527,191,20.9606477,7256,2021-06-26 17:32:51,52.2164534,5
528,188,21.0264435,7257,2021-06-26 17:32:50,52.219511,5
529,182,21.112898,7259,2021-06-26 17:32:51,52.236053,4
530,138,21.0474004,7301,2021-06-26 17:32:51,52.2474014,6
531,141,21.012975,7303,2021-06-26 17:32:36,52.195943,4
532,148,21.1010187,7304,2021-06-26 17:32:52,52.2231676,9
533,151,21.0864062,7305,2021-06-26 17:32:51,52.2356182,2
534,182,21.112864,7306,2021-06-26 17:32:51,52.236256,3
535,162,21.0383619,7308,2021-06-26 17:32:51,52.2169355,3
536,507,21.1023772,7310,2021-06-26 17:32:52,52.2219442,2
537,125,21.089207,7312,2021-06-26 17:32:51,52.244873,2
538,E-1,21.1167422,7314,2021-06-25 19:42:06,52.2335197,01
539,520,21.0889505,7315,2021-06-26 17:32:51,52.2358642,5
540,143,21.1164757,7317,2021-06-25 19:35:11,52.2334452,3
541,162,21.034967,7322,2021-06-26 17:32:51,52.255783,4
542,523,21.083614,7324,2021-06-26 17:32:52,52.242451,2
543,520,21.106513,7325,2021-06-26 17:32:52,52.2339067,2
544,148,21.045986,7326,2021-06-26 17:32:52,52.177444,5
545,138,21.0157146,7327,2021-06-26 17:32:52,52.2167647,7
546,171,20.925098,7328,2021-06-26 17:32:52,52.272476,8
547,520,21.016348,7331,2021-06-26 17:32:51,52.222904,1
548,150,20.927704,753,2021-06-26 17:32:52,52.308609,3
549,750,20.81769,755,2021-06-26 17:32:50,52.351852,2
550,250,20.927872,757,2021-06-26 17:32:53,52.290981,1
551,750,20.874504,758,2021-06-26 17:32:49,52.353024,3
552,150,20.847229,761,2021-06-26 17:32:47,52.341507,1
553,250,20.883417,763,2021-06-26 17:32:49,52.322491,3
554,521,21.1029976,7701,2021-06-26 17:32:53,52.2422341,3
555,750,20.928298833,773,2021-06-26 17:32:50,52.290789,4
556,250,20.882252,775,2021-06-26 17:32:50,52.299572,2
557,750,20.8773172,776,2021-06-26 17:32:52,52.3440217,1
558,150,20.9205447,777,2021-06-26 17:32:52,52.3150657,2
559,138,20.995296,8120,2021-06-26 17:32:46,52.1701881,1
560,185,21.0077663,8138,2021-06-26 17:32:41,52.2600433,7
561,172,21.0234476,8139,2021-06-26 17:32:47,52.1972806,6
562,727,20.997388,8148,2021-06-25 21:39:43,52.187336,4
563,522,21.0761478,8154,2021-06-26 17:32:50,52.1574778,6
564,167,21.069929,8166,2021-06-26 17:32:48,52.212448,5
565,143,21.1760771,8167,2021-06-26 17:32:46,52.2620053,2
566,522,20.998243,8174,2021-06-25 20:09:50,52.1878,013
567,504,20.9830936,8178,2021-06-26 17:32:48,52.1957573,3
568,519,20.996546,8180,2021-06-25 22:35:23,52.187545,5
569,136,21.0274756,8181,2021-06-26 17:32:48,52.1511011,4
570,138,21.015093,8183,2021-06-26 17:32:33,52.204088,2
571,172,20.9562546,8184,2021-06-26 17:32:28,52.2145328,8
572,504,21.0042968,8187,2021-06-26 17:32:46,52.2301386,2
573,519,21.092848,8188,2021-06-26 17:32:50,52.117164,2
574,504,21.0689033,8189,2021-06-26 17:32:46,52.1287868,5
575,198,21.1173818,8210,2021-06-25 18:57:27,52.2334423,04
576,151,21.1167196,8218,2021-06-25 19:22:39,52.2335221,04
577,514,21.117234,8222,2021-06-26 17:32:49,52.2325975,4
578,188,21.1161338,8225,2021-06-25 20:54:43,52.2335866,08
579,143,21.114924,8228,2021-06-25 23:38:50,52.234206,6
580,509,21.116793,8231,2021-06-25 20:04:19,52.233758,021
581,514,21.2382936,8300,2021-06-26 17:32:49,52.2498118,3
582,502,21.1188316,8301,2021-06-26 17:32:44,52.2325611,4
583,125,21.181986,8303,2021-06-26 17:32:49,52.2069861,5
584,125,21.0412023,8305,2021-06-26 17:32:47,52.2412496,3
585,509,20.998404,8310,2021-06-26 17:32:47,52.294898,3
586,502,21.015591,8313,2021-06-26 17:32:44,52.218649,6
587,182,21.11721,8315,2021-06-25 19:08:30,52.233705,013
588,145,21.088215,8317,2021-06-26 17:32:34,52.244849,1
589,188,20.9782321,8318,2021-06-26 17:32:50,52.180673,6
590,168,21.11586,8320,2021-06-25 21:27:01,52.23366,07
591,514,21.0704731,8323,2021-06-26 17:32:49,52.2309088,2
592,145,21.133344,8324,2021-06-26 17:32:50,52.24624,2
593,720,21.410264,8325,2021-06-26 17:32:43,52.135416,1
594,125,21.117233,8327,2021-06-25 20:58:39,52.234053,3
595,145,21.010493,8328,2021-06-26 17:32:42,52.293161,5
596,411,21.117353,8330,2021-06-25 20:35:38,52.233359,53
597,148,21.0419011,8331,2021-06-26 17:32:48,52.171043,1
598,502,21.081811,8335,2021-06-26 17:32:51,52.2356105,1
599,143,21.1191598,8339,2021-06-26 17:32:49,52.237841,1
600,704,21.3304508,8340,2021-06-26 17:32:51,52.2125921,1
601,171,20.980838,8342,2021-06-26 17:32:52,52.237189,6
602,151,21.104904,8344,2021-06-26 17:32:48,52.23024,3
603,185,21.038765,8345,2021-06-26 17:32:40,52.1463267,1
604,145,21.116836,8346,2021-06-25 19:31:54,52.233566,016
605,145,21.116093,8347,2021-06-25 19:40:44,52.233476,012
606,523,20.9470083,8348,2021-06-26 17:32:48,52.23896,9
607,507,21.005353,8349,2021-06-26 17:32:51,52.229451,5
608,411,21.116288,8350,2021-06-25 20:43:54,52.233658,061
609,125,21.099888,8351,2021-06-26 17:32:32,52.242806,4
610,125,21.1964767,8352,2021-06-26 17:32:49,52.2083967,1
611,151,21.015465,8353,2021-06-26 17:32:40,52.2203167,1
612,521,20.9691317,8355,2021-06-26 17:32:40,52.2105033,2
613,N03,21.117188,8357,2021-06-26 05:01:26,52.233246,254
614,502,21.2237833,8358,2021-06-26 17:32:46,52.2177483,3
615,507,21.0211233,8360,2021-06-26 17:32:39,52.2315917,4
616,704,21.1189417,8362,2021-06-26 17:32:45,52.2380033,2
617,521,21.078424,8363,2021-06-26 17:32:47,52.243623,5
618,507,21.048145,8366,2021-06-26 17:32:46,52.2375033,1
619,143,21.0067567,8367,2021-06-26 17:32:43,52.2171383,6
620,502,21.01615,8368,2021-06-26 17:32:40,52.22297,5
621,521,21.05077,8369,2021-06-26 17:32:43,52.2379667,1
622,141,21.117058,8397,2021-06-25 19:41:02,52.233698,012
623,502,21.1151075,8403,2021-06-25 23:03:57,52.2336293,064
624,411,21.1156411,8440,2021-06-25 20:20:48,52.2335555,062
625,511,20.9280514,8443,2021-06-26 17:32:51,52.2912615,3
626,112,20.937592,8445,2021-06-26 17:32:51,52.27499,10
627,169,21.050851,8447,2021-06-26 17:32:42,52.253278,2
628,509,20.9422314,8448,2021-06-26 17:32:52,52.3344719,1
629,160,21.068352,8450,2021-06-26 17:32:52,52.323566,6
630,409,20.88677,8452,2021-06-26 17:32:52,52.304643,58
631,735,21.028505,8454,2021-06-26 17:32:51,52.343418,61
632,112,20.928392,8455,2021-06-26 17:32:52,52.26384,5
633,731,20.923262,8457,2021-06-26 17:32:52,52.417171,4
634,185,21.0485019,8458,2021-06-26 11:00:08,52.2645874,6
635,169,21.042944,8459,2021-06-26 17:32:52,52.274735,4
636,409,20.929613,8460,2021-06-26 17:32:53,52.289841,51
637,169,21.0418569,8461,2021-06-26 17:32:52,52.2931251,1
638,141,21.04438,8500,2021-06-26 17:32:51,52.202123,8
639,Z26,20.9745033,8501,2021-06-26 17:32:41,52.235565,3
640,522,21.04168,8502,2021-06-26 17:32:50,52.194965,2
641,189,20.9770133,8504,2021-06-26 17:32:47,52.183905,1
642,N33,20.996476,8505,2021-06-26 05:42:44,52.187546,172
643,185,20.997366,8507,2021-06-25 23:56:14,52.186391,9
644,174,20.995438,8508,2021-06-26 17:32:47,52.170033,3
645,189,20.996501,8509,2021-06-26 00:35:47,52.18806,12
646,331,20.997095,8511,2021-06-25 18:21:40,52.187653,01
647,148,20.998374,8514,2021-06-26 00:52:13,52.188333,5
648,N37,20.998273,8516,2021-06-26 05:43:10,52.188213,246
649,136,21.0022917,8517,2021-06-26 17:32:47,52.18288,3
650,165,21.024088,8520,2021-06-26 17:32:34,52.179838,3
651,185,21.022025,8521,2021-06-26 17:32:51,52.1427017,2
652,136,20.9852683,8522,2021-06-26 17:32:43,52.1926133,8
653,733,20.997863,8523,2021-06-25 20:19:16,52.187501,62
654,185,21.038251,8524,2021-06-26 17:32:48,52.233338,4
655,519,21.038578,8525,2021-06-26 17:32:47,52.198283,4
656,136,21.055923,8528,2021-06-26 17:32:48,52.147509,6
657,143,21.0838783,8530,2021-06-26 17:32:43,52.2423183,5
658,308,20.997771,8531,2021-06-25 19:03:30,52.187649,02
659,136,20.997748,8533,2021-06-25 23:20:13,52.188256,10
660,N03,20.997894,8534,2021-06-26 05:57:03,52.18594,156
661,131,20.996449,8535,2021-06-25 22:36:53,52.186401,10
662,519,21.06792,8536,2021-06-26 17:32:43,52.170425,7
663,N33,20.996953,8537,2021-06-26 05:04:45,52.186869,173
664,217,21.0239733,8540,2021-06-26 17:32:38,52.1796933,2
665,N34,20.996438,8541,2021-06-26 05:33:51,52.187668,149
666,N37,20.99783,8545,2021-06-26 05:44:42,52.187465,132
667,167,20.9580833,8547,2021-06-26 17:32:48,52.2247033,3
668,733,20.8812917,8548,2021-06-26 17:32:35,52.137185,1
669,504,21.01763,8550,2021-06-26 17:32:39,52.1530417,6
670,519,21.002746,8551,2021-06-26 17:32:45,52.229331,5
671,522,21.080093,8552,2021-06-26 17:32:46,52.157739,1
672,Z26,20.9742883,8553,2021-06-26 17:32:49,52.2355183,2
673,148,21.08737,8559,2021-06-26 17:32:38,52.2447967,7
674,151,21.116914,8561,2021-06-25 23:54:17,52.233616,1
675,171,20.9117733,8562,2021-06-26 17:32:49,52.2447233,7
676,521,21.116369,8565,2021-06-25 20:39:03,52.233641,08
677,520,21.0151017,8566,2021-06-26 17:32:38,52.223885,6
678,523,20.959691,8567,2021-06-26 17:32:51,52.220678,6
679,509,20.9686233,8569,2021-06-26 17:32:52,52.3196367,9
680,148,21.092856,8570,2021-06-26 17:32:34,52.225231,6
681,143,21.13127,8573,2021-06-26 17:32:39,52.237908,4
682,521,21.2047467,8574,2021-06-26 17:32:44,52.1593767,4
683,523,20.8975983,8576,2021-06-26 17:32:38,52.2583233,8
684,141,21.1129267,8578,2021-06-26 17:32:52,52.2363233,1
685,190,21.046053,8582,2021-06-25 18:46:44,52.264343,021
686,523,21.0843233,8586,2021-06-26 17:32:48,52.2484683,4
687,520,21.0021083,8589,2021-06-26 17:32:51,52.243115,7
688,185,20.9783867,8592,2021-06-26 17:32:52,52.2783283,5
689,N13,21.114978,8593,2021-06-26 05:47:18,52.233611,247
690,145,21.069145,8594,2021-06-26 17:32:43,52.2911617,3
691,188,21.0984833,8595,2021-06-26 17:32:52,52.2479467,4
692,168,21.0913473,8800,2021-06-26 17:32:50,52.2136146,5
693,189,20.8970373,8802,2021-06-26 17:32:49,52.2297256,6
694,148,20.9781206,8804,2021-06-26 17:32:49,52.1694986,3
695,168,21.0050691,8805,2021-06-26 17:32:44,52.2024145,6
696,136,20.9615136,8806,2021-06-26 17:32:50,52.2378225,1
697,189,20.9080745,8807,2021-06-26 17:32:48,52.2282768,3
698,138,21.0933758,8808,2021-06-26 17:32:48,52.2647756,4
699,168,21.0362435,8810,2021-06-26 17:32:51,52.2068991,2
700,167,20.9696953,8812,2021-06-26 17:32:45,52.213447,1
701,136,20.9863208,8813,2021-06-26 17:32:49,52.2048485,2
702,504,21.0444096,8814,2021-06-26 17:32:48,52.1431335,4
703,217,21.0782063,8816,2021-06-26 17:32:45,52.1570841,1
704,167,21.034796,8818,2021-06-26 17:32:45,52.206946,7
705,167,21.0052316,8819,2021-06-26 17:32:49,52.2170266,4
706,174,21.018299,8820,2021-06-26 17:32:48,52.1867498,371
707,N43,20.9959001,8821,2021-06-26 05:29:35,52.1875351,220
708,189,21.068963,8822,2021-06-26 17:32:36,52.181323,12
709,519,21.1002018,8823,2021-06-26 17:32:51,52.1345381,8
710,148,21.0100538,8825,2021-06-26 17:32:50,52.1543693,2
711,522,21.0033505,8826,2021-06-26 17:32:49,52.2281896,318
712,514,21.0155901,8828,2021-06-26 17:32:48,52.2192631,1
713,509,21.0630331,8829,2021-06-26 17:32:48,52.2285576,7
714,143,21.0616145,8832,2021-06-26 17:32:52,52.2284258,7
715,502,21.2427403,8833,2021-06-26 17:32:51,52.2230781,2
716,182,21.075861,8834,2021-06-26 17:32:52,52.2331445,M5
717,N83,21.116546,8839,2021-06-26 05:25:32,52.233586,174
718,520,21.1558705,8840,2021-06-26 17:32:47,52.2403728,3
719,138,21.1172336,8841,2021-06-25 22:19:45,52.2337476,1
720,521,21.1161941,8844,2021-06-25 20:59:15,52.2334716,09
721,138,21.0026501,8846,2021-06-26 17:32:49,52.179027,8
722,143,21.1769286,8850,2021-06-26 17:32:50,52.2569928,3
723,138,21.1005123,8852,2021-06-26 17:32:49,52.260692,5
724,509,21.0208603,8853,2021-06-26 17:32:49,52.2650751,8
725,182,20.9733251,8854,2021-06-26 17:32:45,52.218854,1
726,518,21.047239,8859,2021-06-25 21:49:41,52.2647968,9
727,412,21.047084,8862,2021-06-25 20:21:52,52.264918,05
728,509,21.043849,8863,2021-06-25 22:53:53,52.266028,14
729,723,21.047273,8864,2021-06-25 19:20:55,52.264625,08
730,269,21.043698,8866,2021-06-25 22:15:02,52.266003,04
731,738,21.046916,8868,2021-06-25 18:47:25,52.264738,05
732,340,21.046388,8870,2021-06-25 19:12:44,52.265081,03
733,511,21.046323,8874,2021-06-25 18:33:00,52.265079,05
734,340,21.048342,8876,2021-06-25 18:55:45,52.264397,06
735,723,21.0009976,8878,2021-06-26 17:32:47,52.2913271,1
736,511,21.0472221,8879,2021-06-25 19:11:55,52.2646076,07
737,709,20.996574,8880,2021-06-25 18:58:33,52.18762,016
738,136,20.9586533,8881,2021-06-26 17:32:49,52.2218411,9
739,174,20.99986,8882,2021-06-26 17:32:45,52.2313118,1
740,165,20.99778,8883,2021-06-26 17:32:48,52.1700828,4
741,504,20.9882195,8885,2021-06-26 17:32:44,52.2167398,1
742,504,20.9985235,8886,2021-06-26 11:14:42,52.1878498,6
743,165,21.0045828,8888,2021-06-26 17:32:48,52.1780233,2
744,165,21.0018673,8891,2021-06-26 17:32:50,52.1567953,1
745,148,21.087028,8893,2021-06-26 17:32:32,52.244901,8
746,172,21.0691658,8895,2021-06-26 17:32:48,52.1813383,5
747,522,21.0343883,8896,2021-06-26 17:32:51,52.203051,5
748,138,21.0501741,8897,2021-06-26 17:32:52,52.2413175,3
749,519,21.092871,8899,2021-06-26 17:32:35,52.116983,1
750,161,21.22481,9061,2021-06-26 17:29:20,52.186665,1
751,104,21.036219,9063,2021-06-26 17:32:52,52.317799,2
752,161,21.224758,9068,2021-06-26 17:32:50,52.186653,2
753,211,20.941391,9070,2021-06-26 17:32:49,52.355404,3
754,211,20.959564,9074,2021-06-26 17:32:47,52.324677,4
755,211,21.000977,9075,2021-06-26 17:32:48,52.291187,M5
756,234,21.036404,9079,2021-06-26 17:32:48,52.317776,2
757,800,20.931791,9082,2021-06-26 17:32:52,52.306702,M1
758,900,20.952248,9084,2021-06-26 17:32:50,52.355019,1
759,161,21.210632,9088,2021-06-26 17:32:48,52.160816,M3
760,104,21.00032,9091,2021-06-26 17:32:48,52.291485,1
761,211,20.943001,9092,2021-06-26 17:32:49,52.34877,2
762,211,20.961632,9093,2021-06-26 17:32:49,52.315727,1
763,219,21.187613,9201,2021-06-26 17:32:47,52.183929,1
764,107,20.979355,9204,2021-06-26 17:32:45,52.244522,1
765,107,21.002581,9205,2021-06-26 17:32:51,52.243191,2
766,121,20.968063,9206,2021-06-26 17:32:48,52.272015,M2
767,107,21.045311,9210,2021-06-26 17:32:49,52.220367,3
768,201,20.944826,9212,2021-06-26 17:32:48,52.242722,3
769,121,20.970835,9213,2021-06-26 17:32:51,52.284804,1
770,133,20.952463,9214,2021-06-26 17:32:44,52.316982,1
771,133,20.981071,9215,2021-06-26 17:32:50,52.355339,2
772,164,21.058813,9216,2021-06-26 17:32:49,52.191444,2
773,164,21.092617,9217,2021-06-26 17:32:51,52.160645,1
774,164,21.138212,9219,2021-06-26 17:32:47,52.145859,3
775,177,20.883139,9220,2021-06-26 17:32:51,52.205177,1
776,177,20.898546,9221,2021-06-26 17:32:49,52.188858,2
777,203,20.923861,9222,2021-06-26 17:32:46,52.280808,2
778,107,21.045595,9223,2021-06-26 17:32:53,52.218628,4
779,203,20.928368,9224,2021-06-26 17:32:52,52.291111,1
780,208,20.976009,9225,2021-06-26 17:32:49,52.210793,2
781,209,21.017963,9227,2021-06-26 17:32:47,52.123302,51
782,228,20.948362,9228,2021-06-26 17:32:49,52.200562,1
783,228,20.892925,9229,2021-06-26 17:32:45,52.200314,3
784,177,20.88364,9230,2021-06-26 17:32:47,52.205685,3
785,228,20.941843,9231,2021-06-26 17:32:49,52.204357,2
786,239,21.034709,9233,2021-06-26 17:32:53,52.156064,52
787,201,20.929325,9234,2021-06-26 17:32:52,52.23378,2
788,219,21.096951,9235,2021-06-26 17:32:51,52.2211,2
789,208,20.971443,9236,2021-06-26 17:32:45,52.205475,1
790,201,20.925125,9243,2021-06-26 17:32:46,52.260609,1
791,239,21.038338,9252,2021-06-26 17:32:52,52.154964,53
792,199,21.11404,9311,2021-06-26 17:32:48,52.279156,4
793,135,21.042112,9312,2021-06-26 17:32:49,52.264664,3
794,135,21.03603,9313,2021-06-26 17:32:52,52.250854,4
795,123,21.056713,9316,2021-06-26 17:32:45,52.237576,1
796,123,21.083633,9317,2021-06-26 17:32:50,52.225975,3
797,179,21.051394,9318,2021-06-26 17:32:46,52.135498,7
798,153,21.177021,9319,2021-06-26 17:32:50,52.256893,3
799,179,21.03693,9320,2021-06-26 17:32:48,52.162025,3
800,142,21.093908,9321,2021-06-26 17:32:53,52.24398,4
801,123,21.050951,9322,2021-06-26 17:32:46,52.25251,2
802,123,21.052246,9323,2021-06-26 17:32:48,52.250179,5
803,179,21.021597,9325,2021-06-26 17:32:48,52.161629,4
804,135,21.104784,9326,2021-06-26 17:32:52,52.245731,1
805,179,21.03163,9327,2021-06-26 17:32:47,52.142262,5
806,135,21.096455,9328,2021-06-26 17:32:42,52.23238,2
807,179,21.050253,9329,2021-06-26 17:32:49,52.137569,6
808,179,21.033625,9333,2021-06-26 17:32:49,52.155499,52
809,123,21.083876,9337,2021-06-26 17:32:50,52.245583,4
810,153,21.165297,9338,2021-06-26 17:32:47,52.257099,2
811,123,21.097347,9339,2021-06-26 17:32:46,52.234184,357
812,153,21.172646,9340,2021-06-26 17:32:50,52.2855,1
813,199,21.118034,9342,2021-06-26 17:32:49,52.278385,2
814,123,21.077581,9345,2021-06-25 21:25:22,52.268494,357
815,179,21.048521,9349,2021-06-26 17:32:51,52.151588,1
816,142,21.08828,9351,2021-06-26 17:32:49,52.244999,1
817,142,21.188824,9352,2021-06-26 17:32:50,52.171822,3
818,142,21.238001,9354,2021-06-26 17:32:33,52.170067,M5
819,199,21.179388,9355,2021-06-26 17:32:47,52.268742,1
820,142,21.133743,9357,2021-06-26 17:32:51,52.207489,2
821,103,20.937666,9411,2021-06-26 17:32:52,52.29203,4
822,157,20.97975,9412,2021-06-26 17:32:53,52.216984,3
823,117,21.053923,9413,2021-06-26 17:32:52,52.234512,3
824,516,20.942038,9414,2021-06-26 17:32:51,52.334068,4
825,157,20.977102,9416,2021-06-26 17:32:49,52.279049,6
826,117,21.035074,9417,2021-06-26 17:32:51,52.234833,1
827,103,20.949389,9418,2021-06-26 17:32:51,52.263729,2
828,134,20.968285,9419,2021-06-26 17:32:52,52.271839,1
829,134,21.053148,9420,2021-06-26 17:32:50,52.355995,2
830,134,21.049267,9423,2021-06-26 17:32:51,52.303783,3
831,117,21.020245,9424,2021-06-26 17:32:52,52.231522,4
832,117,21.10286,9425,2021-06-26 17:32:50,52.222115,2
833,103,20.948627,9427,2021-06-26 17:32:51,52.256828,5
834,157,20.985809,9428,2021-06-26 17:32:45,52.245525,1
835,157,20.972078,9429,2021-06-26 17:32:51,52.211727,2
836,245,21.063251,9431,2021-06-26 17:32:49,52.272926,1
837,516,20.972372,9432,2021-06-26 17:32:51,52.320736,1
838,516,21.000805,9434,2021-06-26 17:32:49,52.2911,2
839,516,20.940256,9436,2021-06-26 17:32:51,52.320938,3
840,176,21.026703,9438,2021-06-26 17:32:50,52.281139,1
841,157,20.976496,9439,2021-06-26 17:32:49,52.28973,5
842,712,20.848204,9441,2021-06-26 17:32:51,52.253979,M2
843,103,20.96854,9442,2021-06-26 17:32:49,52.222084,1
844,103,20.92811,9443,2021-06-26 17:32:49,52.289787,3
845,245,21.105709,9446,2021-06-26 17:32:48,52.286339,2
846,712,20.927956,9450,2021-06-26 17:32:50,52.290779,1
847,176,20.981699,9452,2021-06-26 17:32:49,52.345776,3
848,176,20.978102,9453,2021-06-26 17:32:48,52.348614,2
849,743,20.801706,9459,2021-06-26 17:32:52,52.224777,1
850,194,20.9304925,9501,2021-06-26 17:32:47,52.224936333,4
851,181,20.9026135,9503,2021-06-26 17:32:50,52.2985885,2
852,717,20.828703667,9504,2021-06-26 17:32:50,52.192957333,3
853,139,21.0550345,9507,2021-06-26 17:32:50,52.172651667,2
854,149,20.940520167,9509,2021-06-26 17:32:50,52.246674167,2
855,729,20.8409925,9511,2021-06-26 17:32:50,52.249434333,1
856,149,20.880508,9514,2021-06-26 17:32:51,52.250236667,4
857,159,20.9544755,9515,2021-06-26 17:32:50,52.211943333,1
858,159,21.051537167,9519,2021-06-26 17:32:49,52.197272,4
859,159,21.003536833,9520,2021-06-26 17:32:49,52.223077,5
860,181,20.971608667,9521,2021-06-26 17:32:53,52.283602,1
861,737,21.0180095,9522,2021-06-26 17:32:50,52.137996667,55
862,181,20.974477667,9524,2021-06-26 17:32:49,52.279226167,4
863,194,20.861769,9525,2021-06-26 17:32:48,52.191094,1
864,181,20.907513833,9526,2021-06-26 17:32:50,52.305051167,3
865,220,20.911536,9529,2021-06-26 17:32:52,52.2530985,3
866,717,20.9576015,9530,2021-06-26 17:32:51,52.215029,2
867,159,21.013160167,9531,2021-06-26 17:32:49,52.222631833,2
868,194,20.868273667,9532,2021-06-26 17:32:51,52.1916715,2
869,194,20.913852667,9533,2021-06-26 17:32:50,52.208851667,3
870,194,20.91659,9534,2021-06-26 17:32:53,52.219901667,5
871,220,20.926672167,9535,2021-06-26 17:32:45,52.173732667,1
872,220,20.900300833,9537,2021-06-26 17:32:50,52.190448833,4
873,300,21.0244855,9538,2021-06-26 17:32:49,52.179778333,M1
874,149,20.911914833,9539,2021-06-26 17:32:50,52.2388935,3
875,707,20.9316185,9540,2021-06-26 17:32:52,52.164969333,1
876,715,20.977628833,9542,2021-06-26 17:32:48,52.134245167,53
877,737,21.027456833,9543,2021-06-26 17:32:49,52.1616085,54
878,717,20.951718,9544,2021-06-26 17:32:50,52.211862,1
879,724,21.1166525,9546,2021-06-26 17:32:49,52.096712667,1
880,139,21.0992635,9548,2021-06-26 17:32:51,52.138378667,1
881,715,20.951269833,9554,2021-06-26 17:32:47,52.145257,51
882,149,20.947963167,9555,2021-06-26 17:32:52,52.243525333,1
883,159,21.0698235,9556,2021-06-26 17:32:50,52.1918555,3
884,220,20.8979995,9557,2021-06-26 17:32:47,52.254681333,2
885,152,20.952354,9673,2021-06-26 17:32:49,52.316963,5
886,152,21.006203,9678,2021-06-26 17:32:47,52.336536,1
887,152,20.993935,9680,2021-06-26 17:32:52,52.339592,2
888,118,21.010183,9681,2021-06-26 17:32:46,52.256275,3
889,212,21.03896,9682,2021-06-26 17:32:47,52.269455,2
890,118,21.041378,9683,2021-06-26 17:32:51,52.300064,4
891,118,21.022045,9685,2021-06-26 17:32:47,52.229568,2
892,152,20.952675,9687,2021-06-26 17:32:51,52.317204,4
893,152,21.056696,9688,2021-06-26 17:32:50,52.324162,3
894,118,21.023277,9689,2021-06-26 17:32:49,52.296692,5
895,212,21.056429,9692,2021-06-26 17:32:52,52.298141,3
896,212,21.043024,9696,2021-06-26 17:32:51,52.273624,1
897,118,21.032827,9697,2021-06-26 17:32:48,52.235226,1
898,212,21.057188,9698,2021-06-26 17:32:47,52.301823,4
899,109,21.036419,9801,2021-06-26 17:32:49,52.22522,1
900,710,21.075542,9802,2021-06-26 17:32:51,52.077938,1
901,525,21.165428,9803,2021-06-26 17:32:53,52.214703,3
902,Z10,20.919453,9804,2021-06-26 17:32:48,52.256927,2
903,109,20.943981,9805,2021-06-26 17:32:44,52.238976,3
904,109,20.927813,9806,2021-06-26 17:32:51,52.240746,5
905,109,21.002552,9807,2021-06-26 17:32:52,52.233793,6
906,127,21.025595,9809,2021-06-26 17:32:51,52.241001,2
907,127,21.027948,9810,2021-06-26 17:32:50,52.238594,1
908,127,20.995256,9811,2021-06-26 17:32:49,52.226166,335
909,131,21.016552,9814,2021-06-26 17:32:50,52.222511,4
910,127,20.951963,9816,2021-06-26 17:32:50,52.21196,56
911,127,20.895512,9817,2021-06-26 17:32:48,52.208759,5
912,710,21.097795,9819,2021-06-26 17:32:52,52.130768,3
913,131,21.068081,9820,2021-06-26 17:32:51,52.182724,6
914,131,21.004093,9821,2021-06-26 17:32:51,52.229916,1
915,525,21.137657,9822,2021-06-26 17:32:49,52.229683,1
916,519,21.016334,9825,2021-06-26 17:32:44,52.222676,6
917,525,21.196655,9826,2021-06-26 17:32:48,52.20826,2
918,710,21.011163,9827,2021-06-26 17:32:53,52.07419,2
919,Z10,20.924823,9828,2021-06-26 17:32:49,52.260748,9
920,525,21.063843,9829,2021-06-26 17:32:51,52.228691,4
921,525,21.003792,9830,2021-06-26 17:32:50,52.229782,5
922,742,21.161203,9833,2021-06-26 17:32:47,52.056259,1
923,710,21.067705,9834,2021-06-26 17:32:51,52.129345,4
924,719,20.93796,9835,2021-06-26 17:32:50,52.239719,1
925,Z10,20.924984,9836,2021-06-26 17:32:53,52.260841,8
926,Z10,20.929388,9837,2021-06-26 17:32:45,52.224564,M4
927,109,20.898743,9838,2021-06-26 17:32:49,52.238491,4
928,127,20.924866,9839,2021-06-26 17:32:48,52.206825,4
929,109,21.004356,9842,2021-06-26 17:32:48,52.228069,2
930,525,21.015573,9846,2021-06-26 17:32:51,52.218136,319
931,719,20.586416,9849,2021-06-26 17:32:52,52.25753,2
932,719,20.888178,9852,2021-06-26 17:32:47,52.24012,3
933,131,21.049007,9854,2021-06-26 17:32:42,52.205658,3
934,114,20.933107,9901,2021-06-26 17:32:48,52.305695,1
935,114,20.975304,9903,2021-06-26 17:32:45,52.265984,5
936,186,20.972427,9905,2021-06-26 17:32:49,52.205555,5
937,193,21.045103,9906,2021-06-26 17:32:48,52.156895,1
938,114,20.954939,9907,2021-06-26 17:32:51,52.26907,7
939,186,20.975332,9908,2021-06-26 17:32:51,52.317097,1
940,186,20.961397,9909,2021-06-26 17:32:49,52.216423,3
941,186,20.949717,9912,2021-06-26 17:32:50,52.255474,6
942,186,20.942238,9915,2021-06-26 17:32:48,52.334167,9
943,186,20.953983,9916,2021-06-26 17:32:52,52.262238,2
944,190,20.914953,9919,2021-06-26 17:32:47,52.233925,2
945,190,20.938507,9920,2021-06-26 17:32:49,52.239685,5
946,190,21.064774,9921,2021-06-26 17:32:49,52.273834,9
947,190,21.001652,9922,2021-06-26 17:32:52,52.244339,10
948,193,20.997408,9923,2021-06-26 17:32:50,52.169495,2
949,193,20.995878,9925,2021-06-26 17:32:51,52.170074,3
950,114,21.042,9928,2021-06-26 17:32:48,52.30027,63
951,114,20.930986,9930,2021-06-26 17:32:50,52.290527,2
952,193,21.038376,9933,2021-06-26 17:32:53,52.153862,4
953,190,20.91502,9935,2021-06-26 17:32:50,52.229458,4
954,186,20.941607,9939,2021-06-26 17:32:49,52.324074,8
955,114,21.040594,9940,2021-06-26 17:32:51,52.288151,4
956,114,21.021206,9941,2021-06-26 17:32:48,52.287086,6
957,186,20.963819,9942,2021-06-26 17:32:50,52.207802,4
958,190,21.085423,9946,2021-06-26 17:32:52,52.304996,8
959,190,20.89887,9947,2021-06-26 17:32:52,52.238914,3
960,190,20.998453,9949,2021-06-26 17:32:50,52.24361,6
961,190,21.06748,9951,2021-06-26 17:32:49,52.277699,7
962,190,20.935909,9953,2021-06-26 17:32:50,52.239799,1
963,186,20.9922187,9954,2021-06-26 17:32:48,52.3004419,67
964,o43A,21.423235,9999,2021-06-25 14:26:34,50.302956,1
