,Lines,Lon,VehicleNumber,Time,Lat,Brigade
0,213,21.1152613,1000,2021-06-25 23:22:58,52.2346205,3
1,213,21.115043,1001,2021-06-25 23:56:49,52.23463,1
2,213,21.102331,1003,2021-06-26 17:34:14,52.222793,1
3,311,21.115233,1004,2021-06-25 21:52:40,52.23458,2
4,196,21.11514,1005,2021-06-25 23:48:58,52.234611,1
5,130,21.11559,1008,2021-06-25 20:19:05,52.234613,04
6,213,21.1706041,1010,2021-06-26 17:34:20,52.1952768,2
7,213,21.1674181,1011,2021-06-26 17:34:20,52.201482,4
8,311,21.1155166,1012,2021-06-25 21:16:38,52.2346153,1
9,213,21.188826,1015,2021-06-26 17:34:05,52.149819,3
10,108,21.037701,1020,2021-06-26 17:34:22,52.217083,3
11,218,21.0203252,1021,2021-06-26 17:34:22,52.1796295,4
12,218,21.006742,1024,2021-06-26 17:34:21,52.188965,2
13,192,21.060669,1025,2021-06-26 17:34:21,52.136631,3
14,195,20.9979977,1026,2021-06-25 21:14:18,52.1862374,2
15,163,21.084784,1027,2021-06-26 17:34:21,52.164597,1
16,218,21.024721,1028,2021-06-26 17:34:21,52.179512,3
17,163,21.0489874,1030,2021-06-26 17:34:23,52.1782585,2
18,163,21.06225,1031,2021-06-26 17:34:22,52.1759,3
19,108,21.044683,1038,2021-06-26 17:34:10,52.177273,4
20,192,21.0685844,1039,2021-06-26 17:34:22,52.129067,2
21,204,21.0391433,1040,2021-06-26 17:34:16,52.2881967,1
22,736,20.9544517,1042,2021-06-26 17:34:23,52.3991317,1
23,204,21.043091,1043,2021-06-25 22:53:22,52.26632,05
24,204,21.0490133,1044,2021-06-26 17:34:15,52.3253783,3
25,107,21.046234,1045,2021-06-25 22:36:50,52.264653,4
26,204,21.042681,1046,2021-06-25 23:57:31,52.266098,1
27,204,21.023178,1047,2021-06-26 17:34:05,52.277245,2
28,228,20.921443,1050,2021-06-25 23:41:52,52.196853,2
29,328,20.921189,1051,2021-06-25 22:30:10,52.196913,01
30,129,20.9247783,1052,2021-06-26 17:34:22,52.2081717,2
31,129,20.88308,1053,2021-06-26 17:34:17,52.1955233,3
32,129,20.939465,1055,2021-06-26 17:34:08,52.2362,4
33,129,20.9392717,1057,2021-06-26 17:34:16,52.2458983,1
34,119,21.1827776,1061,2021-06-26 17:34:22,52.2068375,4
35,119,21.047041,1062,2021-06-26 17:34:21,52.195969,5
36,192,21.047422,1064,2021-06-26 17:34:23,52.150959,1
37,192,21.0240754,1069,2021-06-26 17:34:23,52.1798666,52
38,108,21.054733,1070,2021-06-26 17:34:23,52.181095,1
39,108,21.0375095,1074,2021-06-26 17:34:21,52.217369,2
40,218,21.024643,1076,2021-06-26 17:34:23,52.190792,1
41,192,21.0170799,1079,2021-06-26 17:34:22,52.1642577,4
42,173,21.0426228,1101,2021-06-26 00:28:34,52.2664063,2
43,240,21.0141678,1109,2021-06-26 17:34:19,52.2943088,2
44,173,21.048266,1110,2021-06-25 19:53:25,52.264265,3
45,170,21.069362,1111,2021-06-26 17:34:17,52.2662116,2
46,110,20.8869898,1112,2021-06-26 17:34:21,52.3051175,51
47,126,21.046033,1113,2021-06-25 23:08:32,52.264159,4
48,338,21.046365,1116,2021-06-25 19:40:36,52.2645706,05
49,170,21.0527281,1117,2021-06-26 17:34:21,52.2596825,4
50,739,21.023869,1200,2021-06-26 17:34:21,52.179893,65
51,739,21.036461,1201,2021-06-26 17:34:23,52.092754,64
52,166,21.02317,1203,2021-06-26 17:34:21,52.227089,1
53,727,21.028063,1205,2021-06-26 17:34:21,52.067844,68
54,739,21.0179407,1208,2021-06-26 17:34:22,52.1540984,62
55,141,21.1123617,1211,2021-06-26 17:34:22,52.2365411,2
56,727,21.0191,1213,2021-06-26 17:34:22,52.094746,66
57,166,21.027113,1214,2021-06-26 17:34:18,52.259945,3
58,727,20.9444459,1216,2021-06-26 17:34:22,52.0396659,67
59,739,21.0397292,1218,2021-06-26 17:34:23,52.0805127,63
60,166,21.0449692,1219,2021-06-26 17:34:23,52.1568385,8
61,166,21.071005,1220,2021-06-26 17:34:21,52.137875,7
62,727,21.017548,1223,2021-06-26 17:34:22,52.145035,61
63,240,21.0483353,1400,2021-06-26 00:03:19,52.2641493,1
64,170,21.0218543,1401,2021-06-26 17:34:19,52.2625316,3
65,170,21.0454971,1403,2021-06-25 21:36:41,52.2652081,3
66,240,21.043604,1408,2021-06-25 23:31:26,52.266069,4
67,146,21.204645,1411,2021-06-26 17:34:19,52.159462,58
68,173,21.2322781,1412,2021-06-26 17:34:22,52.2500879,3
69,730,21.263641,1413,2021-06-26 17:34:22,52.207993,61
70,146,21.157495,1417,2021-06-26 17:34:22,52.167255,57
71,199,21.052948,1418,2021-06-26 17:34:22,52.276398,3
72,147,21.24301,1419,2021-06-26 17:34:21,52.219166,53
73,183,21.0888681,1422,2021-06-26 17:34:22,52.2448796,3
74,147,21.1428,1425,2021-06-26 17:34:23,52.1987,54
75,147,21.0443109,1426,2021-06-26 17:34:22,52.247653,55
76,146,21.086267,1427,2021-06-26 17:34:22,52.220516,59
77,119,21.0003569,1429,2021-06-26 17:34:22,52.2060766,1
78,L11,20.722738,14422,2021-06-26 17:34:22,52.424389,2
79,L10,20.945208,14423,2021-06-26 14:34:04,52.437897,M4
80,L11,20.723183,14424,2021-06-25 20:30:06,52.424343,51
81,L-9,20.933191,14426,2021-06-26 17:34:20,52.393566,3
82,L11,20.959887,14427,2021-06-26 17:34:19,52.452232,1
83,L34,20.863499,14429,2021-06-26 17:34:18,52.441437,1
84,L10,20.945269,14430,2021-06-26 16:19:41,52.437912,M5
85,L34,20.945213,14431,2021-06-25 19:23:11,52.437866,2
86,L41,20.83869,14432,2021-06-26 17:34:23,52.398533,1
87,L33,20.945353,14434,2021-06-25 23:24:58,52.438198,1
88,L49,20.894238,14436,2021-06-26 17:34:17,52.417233,1
89,L-8,21.17374,14438,2021-06-26 17:34:22,52.408649,1
90,L-9,20.949566,14440,2021-06-25 23:13:11,52.471237,055
91,338,21.045604,1500,2021-06-25 19:27:18,52.264496,03
92,106,21.020445,1508,2021-06-26 17:34:17,52.2431951,5
93,735,21.0118851,1509,2021-06-26 17:34:19,52.45385,M4
94,240,21.0675093,1510,2021-06-26 17:34:19,52.3163858,4
95,110,20.9685935,1513,2021-06-26 17:34:20,52.2721765,52
96,147,21.044424,1514,2021-06-25 19:54:57,52.2648745,06
97,115,21.188659,1521,2021-06-26 17:34:18,52.184809,4
98,115,21.2421467,1523,2021-06-26 17:34:09,52.1699367,3
99,702,21.136241,1524,2021-06-26 17:34:06,52.196351,2
100,183,21.115313,1526,2021-06-26 00:16:52,52.233074,4
101,N16,21.116845,1527,2021-06-26 05:37:31,52.233048,2
102,N44,21.117096,1528,2021-06-26 05:37:25,52.233049,207
103,702,21.262275,1531,2021-06-26 17:34:17,52.1073383,1
104,202,21.08717,1532,2021-06-26 17:34:16,52.25024,2
105,141,20.944093,1533,2021-06-26 17:34:04,52.175448,6
106,119,21.1653067,1535,2021-06-26 17:34:11,52.205355,3
107,156,20.9276933,1537,2021-06-26 17:34:23,52.2910017,2
108,132,20.9686633,1538,2021-06-26 17:34:07,52.272,55
109,120,21.0539517,1539,2021-06-26 17:34:12,52.2536383,1
110,156,21.0638333,1540,2021-06-26 17:34:11,52.2586233,5
111,166,21.0371667,1542,2021-06-26 17:34:22,52.23229,4
112,221,20.98952,1543,2021-06-26 17:34:14,52.260385,2
113,N03,21.044968,1545,2021-06-26 05:08:35,52.264589,2
114,156,21.0520967,1546,2021-06-26 17:34:17,52.2529983,4
115,512,21.0496533,1548,2021-06-26 17:34:08,52.2860667,1
116,120,21.0508767,1549,2021-06-26 17:34:21,52.25252,2
117,166,21.0725233,1550,2021-06-26 17:34:08,52.13672,6
118,120,21.051235,1551,2021-06-26 17:34:21,52.34009,6
119,156,21.0203617,1552,2021-06-26 17:34:15,52.2887433,3
120,L36,21.323416,17455,2021-06-26 17:34:20,52.367062,51
121,L40,21.122101,17458,2021-06-26 17:34:24,52.343613,1
122,L43,21.077759,17461,2021-06-26 08:32:11,52.26762,51
123,L43,21.156405,17462,2021-06-26 17:34:15,52.297115,52
124,L45,21.175373,17464,2021-06-26 17:34:19,52.310802,1
125,L37,21.176323,17466,2021-06-25 22:21:40,52.312318,2
126,L38,21.221689,17467,2021-06-26 17:12:13,52.345421,51
127,240,21.0944718,1802,2021-06-26 17:34:17,52.3203695,3
128,N12,21.045453,1803,2021-06-26 04:33:33,52.264459,128
129,132,21.019201,1804,2021-06-26 17:34:16,52.2959643,53
130,132,21.0786511,1805,2021-06-26 17:34:19,52.322467,54
131,122,20.8975353,1807,2021-06-26 17:34:21,52.2459423,6
132,106,21.0435196,1808,2021-06-26 06:30:45,52.2662013,4
133,N11,21.0454075,1809,2021-06-26 05:42:59,52.264945,122
134,106,20.9977241,1810,2021-06-26 17:34:18,52.2360211,2
135,106,21.0278046,1811,2021-06-26 17:34:19,52.2388546,1
136,106,20.969066,1812,2021-06-26 17:34:17,52.2309961,3
137,170,21.0938,1814,2021-06-26 17:34:21,52.271041,1
138,122,20.9834455,1815,2021-06-26 17:34:19,52.282278,3
139,N12,21.046083,1816,2021-06-26 05:05:03,52.264528,210
140,173,21.042571,1818,2021-06-25 23:48:59,52.2664061,10
141,173,21.221654,1821,2021-06-26 17:34:14,52.2177546,2
142,115,21.1806333,1826,2021-06-26 17:34:17,52.1928215,2
143,147,21.095563,1828,2021-06-26 17:34:22,52.2185216,52
144,146,21.0522173,1829,2021-06-26 17:34:16,52.2503485,51
145,183,21.135516,1830,2021-06-26 17:34:19,52.2418648,1
146,119,21.1165895,1832,2021-06-25 22:22:16,52.2331471,06
147,183,21.1910115,1833,2021-06-26 17:34:18,52.2412423,2
148,173,21.082412,1835,2021-06-26 17:34:14,52.2503526,4
149,115,21.1694245,1837,2021-06-26 17:34:17,52.264208,1
150,168,20.9957056,1838,2021-06-26 17:34:17,52.1936356,1
151,115,21.1569218,1839,2021-06-26 17:34:16,52.2556688,5
152,147,21.1172291,1840,2021-06-25 21:35:22,52.2330755,09
153,142,21.1168673,1842,2021-06-25 20:08:52,52.2330963,08
154,168,21.097983,1843,2021-06-26 17:34:10,52.234744,3
155,173,21.1167918,1844,2021-06-25 23:53:58,52.233165,8
156,168,21.112721,1846,2021-06-26 17:34:07,52.236258,4
157,722,21.0884791,1847,2021-06-26 17:34:14,52.2449148,62
158,198,21.1158643,1848,2021-06-25 20:42:24,52.2333196,2
159,198,21.2432626,1849,2021-06-26 17:34:16,52.221694,1
160,183,21.115764,1850,2021-06-25 21:22:25,52.233265,3
161,183,21.1154913,1851,2021-06-26 00:18:45,52.2331743,07
162,198,21.223788,1854,2021-06-26 17:34:21,52.2538091,2
163,146,21.115132,1856,2021-06-26 00:38:41,52.233222,4
164,115,21.115681,1857,2021-06-26 00:02:26,52.2331425,5
165,146,21.1166211,1858,2021-06-25 20:46:49,52.2331278,07
166,198,21.1172503,1859,2021-06-25 19:30:46,52.2330405,05
167,115,21.1153055,1860,2021-06-26 00:28:39,52.2332403,6
168,173,21.052766,1866,2021-06-26 17:34:19,52.2503038,5
169,173,21.147562,1867,2021-06-26 17:34:15,52.2382891,1
170,115,21.1165116,1869,2021-06-25 23:18:40,52.2330776,3
171,222,21.0171923,1901,2021-06-26 17:34:15,52.2234695,3
172,251,21.1302193,1909,2021-06-26 17:34:17,52.0934792,3
173,222,20.9958645,1910,2021-06-26 17:34:15,52.1933766,2
174,222,21.010145,1911,2021-06-26 17:34:22,52.190868,1
175,251,21.045958,1912,2021-06-26 17:34:22,52.174843,2
176,222,21.0107865,1916,2021-06-26 17:34:21,52.2317657,5
177,251,21.115484,1919,2021-06-26 17:34:22,52.099606,1
178,222,21.006027,1920,2021-06-26 17:34:21,52.244595,4
179,178,20.910624,1995,2021-06-26 17:34:22,52.195576,2
180,178,21.012453,1996,2021-06-26 17:34:22,52.239475,1
181,178,21.003984,1997,2021-06-26 17:34:23,52.255318,5
182,178,20.876657,1998,2021-06-26 17:34:21,52.190628,3
183,178,20.9929836,1999,2021-06-26 17:34:22,52.2321444,4
184,171,20.92498,2009,2021-06-26 17:34:21,52.272606,1
185,189,20.9970644,2015,2021-06-26 17:34:23,52.1793589,9
186,187,21.0483142,2016,2021-06-26 17:34:23,52.178166,5
187,709,21.017825,2021,2021-06-26 17:34:22,52.0745734,5
188,Z26,20.974781,2022,2021-06-26 17:34:23,52.235603,4
189,172,20.9726257,2024,2021-06-26 17:34:21,52.2182067,63
190,217,21.0450647,2026,2021-06-26 17:34:22,52.1750656,3
191,519,21.0841094,2027,2021-06-26 17:34:22,52.1650752,3
192,172,20.9553027,2028,2021-06-26 17:34:23,52.2118904,1
193,189,20.9589281,2029,2021-06-26 17:34:21,52.1901021,8
194,Z26,21.032196,2030,2021-06-26 17:34:22,52.253632,7
195,522,21.015604,2032,2021-06-26 17:34:22,52.219742,3
196,174,21.0202192,2035,2021-06-26 17:34:22,52.1838532,2
197,709,21.015327,2038,2021-06-26 17:34:21,52.074398,6
198,709,21.018036,2039,2021-06-26 17:34:21,52.123398,1
199,709,21.024527,2040,2021-06-26 17:34:22,52.1791751,2
200,709,21.024343,2041,2021-06-26 17:34:21,52.179913,3
201,709,21.0187335,2042,2021-06-26 17:34:22,52.1069609,4
202,517,20.9135036,2200,2021-06-26 17:34:23,52.1990929,1
203,N35,20.921913,2206,2021-06-26 06:01:56,52.1961371,237
204,184,20.935362,2210,2021-06-26 17:34:22,52.288403,3
205,191,20.9439129,2213,2021-06-26 17:34:23,52.2062312,1
206,189,20.8985589,2227,2021-06-26 17:34:21,52.2390994,4
207,105,20.922151,2236,2021-06-26 00:04:20,52.196038,4
208,189,21.00598,2237,2021-06-26 17:34:22,52.177937,14
209,124,20.9393294,2240,2021-06-26 17:34:22,52.1597187,2
210,105,20.98245,2247,2021-06-26 17:34:02,52.230206,5
211,141,20.921326,2253,2021-06-25 18:30:50,52.197259,014
212,401,20.920378,2254,2021-06-25 19:44:39,52.196613,012
213,191,20.8703849,2258,2021-06-26 17:34:22,52.1835719,3
214,L20,21.471462,24511,2021-06-25 23:35:10,52.132233,1
215,L20,21.471769,24513,2021-06-26 15:05:20,52.132652,1
216,L20,21.264067,24515,2021-06-26 17:34:19,52.105095,1
217,162,21.0337935,3400,2021-06-26 17:34:17,52.2586941,5
218,185,20.9758983,3401,2021-06-26 17:34:22,52.2895993,6
219,723,20.925368,3403,2021-06-26 17:34:18,52.3847678,3
220,735,20.9656456,3404,2021-06-26 17:34:21,52.2728161,63
221,731,20.962274,3405,2021-06-26 17:34:07,52.334053,3
222,414,21.047923,3406,2021-06-25 20:26:01,52.264541,07
223,731,20.9458953,3407,2021-06-26 17:34:21,52.4122625,1
224,738,21.0485045,3408,2021-06-26 01:02:31,52.264437,1
225,414,21.0468988,3409,2021-06-25 20:46:35,52.2649078,08
226,126,20.9623138,3410,2021-06-26 17:34:21,52.3343343,2
227,169,21.04371,3411,2021-06-25 21:40:49,52.265391,1
228,140,21.118376,3413,2021-06-26 17:34:19,52.3390201,1
229,509,20.94063,3414,2021-06-26 17:34:20,52.3268585,2
230,114,21.0478216,3415,2021-06-25 23:08:38,52.2646596,5
231,723,21.0454035,3417,2021-06-25 21:48:49,52.2654235,1
232,145,21.1351538,3421,2021-06-26 17:34:19,52.2426243,7
233,509,21.102323,3422,2021-06-26 17:34:19,52.2219395,355
234,Z26,20.9948475,3423,2021-06-26 17:34:20,52.2423093,1
235,169,21.0477433,3429,2021-06-25 23:04:14,52.2646666,3
236,126,21.0235178,3430,2021-06-26 17:34:22,52.2863428,4
237,114,21.04857,3434,2021-06-26 00:33:00,52.264513,2
238,518,21.0478431,3437,2021-06-25 23:46:13,52.264609,6
239,705,21.092311,3438,2021-06-26 17:34:21,52.474203,66
240,738,21.0678878,3440,2021-06-26 17:34:21,52.2779035,2
241,114,21.0428833,3441,2021-06-25 23:51:31,52.2659116,7
242,140,21.0633825,3444,2021-06-26 17:34:18,52.2729005,2
243,509,21.0461868,3446,2021-06-26 17:34:19,52.2484428,4
244,731,20.9716263,3447,2021-06-26 17:34:18,52.3219193,2
245,126,20.9681143,3448,2021-06-26 17:34:21,52.3268626,1
246,518,21.043485,3449,2021-06-25 21:30:55,52.265478,7
247,126,21.020253,3450,2021-06-26 17:34:16,52.2887816,3
248,126,21.0566568,3451,2021-06-26 17:34:20,52.3018305,M5
249,705,20.9681263,3454,2021-06-26 17:34:18,52.2719203,62
250,145,21.0705618,3455,2021-06-26 17:34:21,52.2902326,6
251,Z26,21.0020568,3456,2021-06-26 17:34:17,52.2447006,5
252,169,21.043935,3457,2021-06-25 23:56:08,52.265611,5
253,509,21.0845098,3458,2021-06-26 17:34:09,52.225946,5
254,Z26,21.035236,3459,2021-06-26 17:34:16,52.255924,6
255,738,21.1915376,3461,2021-06-26 17:34:20,52.4142191,3
256,731,21.04776,3463,2021-06-26 00:40:56,52.264114,5
257,735,21.0444471,3464,2021-06-25 23:05:19,52.2656713,64
258,723,21.0441993,3466,2021-06-26 00:00:11,52.265954,2
259,738,21.1136493,3469,2021-06-26 17:34:18,52.3334981,1
260,L19,21.034472,36443,2021-06-26 17:31:57,52.083504,51
261,L17,20.899836,36444,2021-06-26 13:08:02,51.912342,51
262,L25,21.217541,36448,2021-06-26 17:34:21,51.981655,1
263,L39,20.992857,38541,2021-06-26 17:33:50,52.10968,4
264,L39,21.03841,38545,2021-06-26 17:34:16,52.079185,3
265,L52,20.996941,38546,2021-06-26 17:34:18,52.051285,51
266,L39,21.029844,38547,2021-06-26 17:34:24,52.097157,1
267,L39,21.023287,38548,2021-06-26 17:34:23,52.063961,2
268,L23,21.059675,38549,2021-06-26 17:34:24,52.078228,51
269,L-5,21.02952,39551,2021-06-26 17:15:01,52.074806,62
270,L-2,21.034941,39552,2021-06-25 19:11:52,52.083633,063
271,L25,21.191267,39555,2021-06-25 23:37:02,51.987377,1
272,L13,21.04051,39556,2021-06-26 17:34:17,52.02676,63
273,L-5,20.961876,39558,2021-06-26 17:34:19,52.06657,61
274,L-2,21.013119,39559,2021-06-26 17:34:22,52.061707,1
275,L13,21.217253,39561,2021-06-25 20:05:15,51.98262,03
276,L12,21.023607,39562,2021-06-26 17:34:20,52.070663,1
277,L12,21.034851,39565,2021-06-26 12:57:20,52.083328,1
278,197,20.9554052,4200,2021-06-26 17:34:23,52.2837617,3
279,721,20.840944,4201,2021-06-26 17:34:22,52.057209,75
280,711,20.8000451,4205,2021-06-26 17:34:22,52.0909787,1
281,122,20.934721,4206,2021-06-26 17:34:22,52.271152,1
282,141,21.061672,4208,2021-06-26 17:34:23,52.228397,9
283,197,20.945204,4213,2021-06-26 17:34:21,52.238995,4
284,154,20.8973836,4214,2021-06-26 17:34:21,52.2439376,6
285,141,20.9749964,4216,2021-06-26 17:34:23,52.1845356,5
286,154,20.972446,4217,2021-06-26 17:34:21,52.182281,2
287,154,20.9781366,4218,2021-06-26 17:34:22,52.1921282,1
288,255,20.946278,4219,2021-06-26 17:34:21,52.225113,1
289,714,20.950092,4220,2021-06-26 17:34:22,52.238594,1
290,255,20.954718,4224,2021-06-26 17:34:22,52.227806,2
291,714,20.7955719,4226,2021-06-26 17:34:21,52.2647937,2
292,122,20.982918,4227,2021-06-26 17:34:21,52.282398,2
293,154,20.934618,4231,2021-06-26 17:34:22,52.24004,4
294,141,20.9817071,4232,2021-06-26 17:34:22,52.1927097,7
295,197,20.868551,4233,2021-06-26 17:34:22,52.207966,5
296,L-1,20.89243,42361,2021-06-26 14:43:02,52.090702,1
297,154,20.8984717,4238,2021-06-26 17:34:22,52.258412,5
298,141,21.045609,4240,2021-06-26 17:34:23,52.224548,3
299,122,20.929792,4241,2021-06-26 17:34:21,52.2649835,4
300,122,20.8974646,4242,2021-06-26 17:34:22,52.2443542,5
301,197,20.959339,4243,2021-06-26 17:34:22,52.281311,2
302,901,21.0041702,4244,2021-06-26 17:34:23,52.2342702,1
303,901,21.033575,4246,2021-06-26 17:34:22,52.227295,3
304,154,20.975245,4247,2021-06-26 17:34:23,52.209808,3
305,154,20.9517284,4248,2021-06-26 17:34:23,52.2277159,7
306,L-1,20.93656,42498,2021-06-23 19:45:16,52.08992,2
307,L-3,21.022532,42500,2021-06-26 17:34:16,52.06744,1
308,146,21.0446264,4305,2021-06-26 17:34:23,52.2372509,56
309,202,21.0499312,4307,2021-06-26 17:34:23,52.2475604,1
310,119,21.0468951,4311,2021-06-26 17:34:23,52.1978968,2
311,105,16.9750897,4332,2021-06-26 13:35:37,52.5472771,4
312,512,21.0511785,4400,2021-06-26 17:34:21,52.252604,4
313,197,20.862566,4402,2021-06-26 17:34:21,52.190254,6
314,221,20.993816,4404,2021-06-26 17:34:18,52.25948,1
315,120,21.066471,4405,2021-06-26 17:34:22,52.321037,4
316,156,20.9766642,4406,2021-06-26 17:34:22,52.2784365,1
317,N02,21.044418,4407,2021-06-26 06:46:43,52.265051,3
318,240,21.000746,4408,2021-06-26 17:34:22,52.291332,1
319,197,20.945755,4409,2021-06-26 17:34:19,52.239323,1
320,197,20.871916,4410,2021-06-26 17:34:21,52.204239,7
321,120,21.052999,4411,2021-06-26 17:34:21,52.276093,7
322,106,20.995724,4412,2021-06-26 17:34:22,52.235683,4
323,152,21.04444,4413,2021-06-25 20:19:00,52.265066,06
324,N16,21.045311,4415,2021-06-26 05:39:26,52.264876,1
325,120,21.045601,4417,2021-06-26 13:08:26,52.264446,1
326,199,21.0444199,4418,2021-06-25 20:09:09,52.264953,2
327,901,21.0035577,4420,2021-06-26 17:34:22,52.2293432,2
328,166,21.0453962,4421,2021-06-26 17:34:21,52.1815811,5
329,N03,21.0459804,4422,2021-06-26 05:41:10,52.2641299,1
330,166,21.038986,4423,2021-06-26 17:34:19,52.251011,2
331,901,21.021341,4424,2021-06-26 17:34:22,52.2292759,4
332,512,21.067757,4425,2021-06-26 17:34:20,52.277569,2
333,120,21.0544415,4428,2021-06-26 17:34:21,52.275633,3
334,512,21.0521841,4429,2021-06-26 17:34:21,52.2529099,3
335,120,21.061987,4431,2021-06-26 17:34:22,52.361637,5
336,512,21.07469,4434,2021-06-26 17:34:23,52.28632,5
337,100,21.010523,4617,2021-06-26 17:34:14,52.2319331,M1
338,184,20.9638057,5205,2021-06-26 17:34:16,52.2082214,6
339,189,20.9216163,5206,2021-06-26 17:34:19,52.1978269,2
340,105,20.9121403,5208,2021-06-26 17:34:18,52.2190418,1
341,188,21.0729358,5209,2021-06-26 17:34:14,52.2318261,3
342,105,20.8988717,5210,2021-06-26 17:34:13,52.2388458,2
343,172,21.049714,5211,2021-06-26 17:34:05,52.187645,4
344,189,21.0654788,5212,2021-06-26 17:34:17,52.1853876,11
345,105,20.8991703,5214,2021-06-26 17:34:22,52.2387973,3
346,189,21.044029,5215,2021-06-26 17:34:03,52.173659,13
347,716,20.9306699,5216,2021-06-26 17:34:13,52.2250618,1
348,172,21.0018789,5217,2021-06-26 17:34:14,52.1957958,2
349,523,21.1068842,5221,2021-06-26 17:34:19,52.2481008,3
350,517,21.003433,5222,2021-06-26 17:34:17,52.228056,2
351,523,20.9874375,5223,2021-06-26 17:34:15,52.2164511,1
352,171,20.9334162,5224,2021-06-26 17:34:20,52.2402342,3
353,105,20.9197291,5225,2021-06-26 17:34:14,52.2210725,4
354,210,20.9017948,5228,2021-06-26 17:34:13,52.2837467,3
355,187,20.862062,5229,2021-06-26 17:34:12,52.1908844,1
356,171,21.0180583,5232,2021-06-26 17:34:14,52.2314189,4
357,136,21.05581,5234,2021-06-26 17:34:15,52.14732,5
358,184,20.9458076,5235,2021-06-26 17:34:22,52.2395051,1
359,517,20.8875603,5236,2021-06-26 17:34:17,52.1897036,5
360,Z10,20.9151855,5237,2021-06-26 17:34:15,52.2314242,3
361,171,20.9111298,5238,2021-06-26 17:34:13,52.2488369,2
362,171,21.0163609,5240,2021-06-26 17:34:23,52.2234451,5
363,191,20.8887146,5241,2021-06-26 17:34:16,52.1898569,2
364,148,20.9990826,5242,2021-06-26 17:34:19,52.1562056,4
365,190,20.920664,5245,2021-06-25 20:12:48,52.196575,016
366,523,21.0583553,5253,2021-06-26 17:34:15,52.2273178,5
367,141,20.9224014,5255,2021-06-26 00:37:46,52.1970728,4
368,182,20.92243,5256,2021-06-25 19:09:29,52.1956758,011
369,188,20.985021,5257,2021-06-26 17:34:03,52.202686,52
370,187,20.8687248,5258,2021-06-26 17:34:22,52.1923793,2
371,184,20.967555,5260,2021-06-26 17:34:22,52.218634,5
372,N46,21.047172,5403,2021-06-26 06:04:29,52.2647932,150
373,500,20.98768,5404,2021-06-26 17:34:22,52.256382,52
374,169,21.041737,5406,2021-06-26 17:34:22,52.30011,5
375,705,21.029346,5407,2021-06-26 17:34:22,52.38369,65
376,160,21.044249,5410,2021-06-26 17:34:22,52.278309,M5
377,500,21.0422436,5412,2021-06-26 17:34:23,52.2953532,54
378,160,21.003078,5413,2021-06-26 17:34:22,52.229458,M2
379,409,21.042505,5419,2021-06-26 17:34:19,52.285267,M56
380,169,21.048126,5422,2021-06-26 17:34:22,52.263214,2
381,527,21.068432,5425,2021-06-26 17:34:21,52.323372,3
382,162,21.046003,5426,2021-06-26 17:34:22,52.215775,1
383,162,21.085018,5428,2021-06-26 17:34:21,52.193298,2
384,185,21.059256,5429,2021-06-26 17:34:21,52.191002,8
385,112,21.0558652,5430,2021-06-26 17:34:22,52.2973811,3
386,145,21.000217,5432,2021-06-26 17:34:22,52.291348,4
387,409,20.9231846,5433,2021-06-26 17:34:21,52.2752305,57
388,112,20.8825625,5434,2021-06-26 17:34:23,52.2146287,9
389,169,21.051821,5435,2021-06-26 17:34:19,52.252914,3
390,527,21.060871,5436,2021-06-26 17:34:22,52.310043,2
391,409,21.001358,5437,2021-06-26 17:34:21,52.258705,53
392,160,21.0552875,5438,2021-06-26 17:34:23,52.2967676,7
393,112,21.0407375,5439,2021-06-26 17:34:21,52.285407,12
394,500,21.041742,5441,2021-06-26 17:34:23,52.300312,55
395,160,21.020283,5443,2021-06-26 17:34:21,52.248501,4
396,520,21.1561,5445,2021-06-26 17:34:22,52.2404,4
397,511,20.962296,5448,2021-06-26 17:34:21,52.33408,1
398,160,21.032101,5449,2021-06-26 17:34:22,52.253471,1
399,527,21.0543409,5453,2021-06-26 17:34:21,52.2756912,1
400,160,21.00293,5454,2021-06-26 17:34:21,52.229195,3
401,723,20.925936,5455,2021-06-26 17:34:22,52.37389,2
402,511,20.9624076,5459,2021-06-26 17:34:21,52.3343912,2
403,185,21.0438,5460,2021-06-26 17:34:21,52.174545,3
404,180,20.965511,5870,2021-06-26 17:34:21,52.257435,7
405,503,21.005322,5871,2021-06-26 17:34:23,52.249065,3
406,503,21.004332,5873,2021-06-26 17:34:19,52.25547,5
407,503,21.035755,5875,2021-06-26 17:34:21,52.201538,7
408,180,21.023254,5876,2021-06-26 17:34:18,52.227314,62
409,128,21.013475,5880,2021-06-26 17:34:19,52.240345,55
410,175,20.978077,5881,2021-06-26 17:34:23,52.169491,52
411,175,20.979294,5882,2021-06-26 17:34:20,52.174229,53
412,175,20.989826,5884,2021-06-26 17:34:21,52.219692,51
413,175,20.982994,5886,2021-06-26 17:34:19,52.194172,52
414,128,20.969212,5887,2021-06-26 17:34:18,52.206684,64
415,128,20.987906,5889,2021-06-26 17:34:23,52.210957,59
416,180,21.083403,5890,2021-06-26 17:34:19,52.169521,3
417,180,21.003803,5891,2021-06-26 17:34:23,52.250137,11
418,180,21.008648,5892,2021-06-26 17:34:20,52.234833,5
419,128,21.012526,5895,2021-06-26 17:34:22,52.243275,60
420,128,20.998121,5897,2021-06-25 23:36:40,52.187019,51
421,503,21.002325,5898,2021-06-26 17:34:21,52.254715,4
422,111,21.035719,5900,2021-06-26 17:34:20,52.234772,4
423,158,20.967085,5902,2021-06-26 17:34:21,52.218178,5
424,128,20.963688,5904,2021-06-26 17:34:19,52.207672,58
425,116,20.971565,5905,2021-06-26 17:34:20,52.272137,69
426,158,21.117008,5907,2021-06-25 21:44:36,52.233902,5
427,175,21.116972,5908,2021-06-25 19:38:19,52.233955,068
428,116,21.116823,5910,2021-06-26 00:07:33,52.233971,17
429,158,20.973747,5913,2021-06-26 17:34:18,52.220791,6
430,158,21.066589,5915,2021-06-26 17:34:23,52.24115,3
431,111,20.979574,5920,2021-06-26 17:34:19,52.244637,6
432,116,21.010925,5921,2021-06-26 17:34:18,52.231136,5
433,111,21.107388,5922,2021-06-26 07:42:12,52.233645, 
434,111,21.116245,5926,2021-06-26 00:24:55,52.234005,5
435,111,21.102198,5927,2021-06-26 17:34:20,52.222153,3
436,111,21.016836,5931,2021-06-26 17:34:22,52.23101,8
437,175,21.01296,5932,2021-06-26 17:34:21,52.243111,61
438,158,21.0718074,5933,2021-06-26 17:34:19,52.2418687,1
439,158,21.058346,5934,2021-06-26 17:34:19,52.239449,4
440,503,21.115843,5935,2021-06-26 00:31:56,52.233995,013
441,116,21.011143,5936,2021-06-26 17:34:19,52.23061,4
442,503,21.023296,5937,2021-06-26 17:34:22,52.226826,1
443,128,21.002892,5939,2021-06-26 17:34:20,52.227688,56
444,116,21.036613,5940,2021-06-26 17:34:18,52.200321,3
445,175,21.115613,5941,2021-06-25 21:43:06,52.234041,63
446,116,20.923208,5942,2021-06-26 17:34:23,52.276829,7
447,503,21.049931,5943,2021-06-26 17:34:18,52.144604,9
448,158,21.1178577,5946,2021-06-26 17:34:22,52.2334229, 
449,175,21.010006,5947,2021-06-26 17:34:20,52.22961,54
450,116,20.924946,5948,2021-06-26 17:34:19,52.272327,56
451,518,21.011026,5950,2021-06-26 17:34:23,52.231346,2
452,503,21.013437,5954,2021-06-26 17:34:19,52.230072,2
453,503,21.047226,5956,2021-06-26 17:34:22,52.150761,8
454,E-9,21.045723,5962,2021-06-25 20:17:53,52.265643,06
455,180,20.966892,5964,2021-06-26 17:34:20,52.25703,10
456,723,21.047304,5966,2021-06-25 18:56:33,52.265156,07
457,180,21.023266,5967,2021-06-26 17:34:19,52.226746,4
458,180,21.048717,5968,2021-06-26 17:34:20,52.206604,1
459,116,20.923304,5969,2021-06-26 17:34:19,52.274799,8
460,518,20.942114,5976,2021-06-26 17:34:23,52.334572,6
461,518,21.015097,5978,2021-06-26 17:34:19,52.230446,3
462,518,20.983955,5979,2021-06-26 17:34:18,52.307232,5
463,518,20.977924,5980,2021-06-26 17:34:23,52.313183,7
464,518,21.000605,5981,2021-06-26 17:34:22,52.253002,4
465,503,21.018301,5983,2021-06-26 17:34:23,52.231419,6
466,111,21.007648,5984,2021-06-26 17:34:22,52.236404,5
467,111,20.97921,5985,2021-06-26 17:34:20,52.244717,7
468,111,21.102478,5986,2021-06-26 17:34:18,52.222061,2
469,180,20.925478,5987,2021-06-26 17:34:23,52.272785,9
470,180,20.995991,5988,2021-06-26 17:34:22,52.249046,6
471,180,21.083874,5990,2021-06-26 17:34:21,52.167969,2
472,180,20.924986,5991,2021-06-26 17:34:21,52.2724,58
473,518,20.995434,5994,2021-06-26 17:34:22,52.287209,1
474,116,21.0841377,5995,2021-06-26 17:34:23,52.1680702,2
475,116,21.062002,5996,2021-06-26 17:34:19,52.176067,1
476,116,21.024244,5997,2021-06-26 17:34:21,52.223591,11
477,116,21.010977,5998,2021-06-26 17:34:23,52.244762,10
478,111,21.06428,5999,2021-06-26 17:34:22,52.230984,1
479,167,20.925774,6201,2021-06-26 17:34:22,52.234039,2
480,713,20.908764,6203,2021-06-26 17:34:20,52.218403,1
481,713,20.8013412,6204,2021-06-26 17:34:23,52.2101802,2
482,112,20.914459,6207,2021-06-26 17:34:21,52.235699,6
483,112,21.061108,6208,2021-06-26 17:34:21,52.306965,1
484,112,20.947929,6210,2021-06-26 17:34:22,52.276981,M11
485,112,20.882887,6212,2021-06-26 17:34:22,52.214607,8
486,136,20.9660862,6213,2021-06-26 17:34:22,52.2431322,10
487,187,20.936428,6214,2021-06-26 17:34:22,52.201576,3
488,210,20.767288,6220,2021-06-26 17:34:21,52.307785,1
489,187,21.037077,6222,2021-06-26 17:34:22,52.222359,4
490,189,21.04384,6223,2021-06-26 17:34:21,52.174755,10
491,187,20.9035834,6226,2021-06-26 17:34:22,52.1981792,8
492,191,20.9839341,6227,2021-06-26 17:34:23,52.2180509,6
493,136,21.0110306,6236,2021-06-26 17:34:21,52.1688691,7
494,716,20.8474707,6239,2021-06-26 17:34:22,52.1879946,3
495,184,20.924725,6241,2021-06-26 17:34:22,52.247387,4
496,703,20.943436,6242,2021-06-26 17:34:04,52.175339,74
497,706,20.906698,6243,2021-06-26 17:34:22,52.136654,1
498,L29,20.579453,65471,2021-06-26 17:34:07,52.2575,1
499,112,20.8830827,7200,2021-06-26 17:34:21,52.2147374,7
500,124,20.952492,7201,2021-06-26 17:34:22,52.156372,1
501,Z10,20.930763,7202,2021-06-26 17:34:21,52.224945,5
502,112,20.986412,7206,2021-06-26 17:34:22,52.283115,4
503,Z10,20.924667,7208,2021-06-26 17:34:21,52.260551,1
504,189,20.916973,7214,2021-06-26 17:34:22,52.221249,7
505,728,20.93166,7217,2021-06-26 17:34:21,52.164585,72
506,728,20.881863,7218,2021-06-26 17:34:23,52.020634,71
507,517,20.97337,7224,2021-06-26 17:34:18,52.218956,4
508,112,21.0823559,7225,2021-06-26 17:34:21,52.3044915,2
509,112,20.9208932,7226,2021-06-26 13:08:33,52.1969334,4
510,184,20.9403636,7227,2021-06-26 17:34:22,52.2838504,2
511,Z10,20.9150084,7228,2021-06-26 17:34:22,52.2296877,6
512,716,20.870586,7229,2021-06-26 17:34:21,52.198277,2
513,Z10,20.9113296,7234,2021-06-26 17:34:21,52.2468915,7
514,124,20.921078,7240,2021-06-25 18:26:53,52.196911,03
515,187,20.991438,7241,2021-06-26 17:34:21,52.216301,7
516,187,21.055887,7243,2021-06-26 17:34:22,52.193272,6
517,210,20.8719277,7244,2021-06-26 17:34:21,52.2879477,2
518,167,21.08304,7245,2021-06-26 17:34:22,52.208252,6
519,191,20.897926,7247,2021-06-26 17:34:21,52.195667,4
520,172,20.9805272,7248,2021-06-26 17:34:23,52.2012444,7
521,189,20.8971176,7249,2021-06-26 17:34:22,52.2284427,5
522,188,20.9782256,7250,2021-06-26 17:34:21,52.1694842,1
523,517,20.862549,7251,2021-06-26 17:34:17,52.190174,6
524,182,21.0164916,7252,2021-06-26 17:34:23,52.2172912,2
525,517,21.0027056,7254,2021-06-26 17:34:23,52.2337549,3
526,523,20.9148421,7255,2021-06-26 17:34:23,52.2391372,7
527,191,20.9518694,7256,2021-06-26 17:34:21,52.2118669,5
528,188,21.0376659,7257,2021-06-26 17:34:22,52.222302,5
529,182,21.1129,7259,2021-06-26 17:34:22,52.236073,4
530,138,21.0453944,7301,2021-06-26 17:34:21,52.2487089,6
531,141,21.018999,7303,2021-06-26 17:34:16,52.196726,4
532,148,21.0937117,7304,2021-06-26 17:34:22,52.2248227,9
533,151,21.081686,7305,2021-06-26 17:34:22,52.235802,2
534,182,21.112898,7306,2021-06-26 17:34:21,52.236263,3
535,162,21.0451396,7308,2021-06-26 17:34:23,52.2159807,3
536,507,21.102383,7310,2021-06-26 17:34:22,52.221935,2
537,125,21.1004767,7312,2021-06-26 17:34:21,52.2425652,2
538,E-1,21.1167422,7314,2021-06-25 19:42:06,52.2335197,01
539,520,21.0974142,7315,2021-06-26 17:34:21,52.2346701,5
540,143,21.1164757,7317,2021-06-25 19:35:11,52.2334452,3
541,162,21.035364,7322,2021-06-26 17:34:22,52.253822,4
542,523,21.080112,7324,2021-06-26 17:34:22,52.237831,2
543,520,21.098919,7325,2021-06-26 17:34:22,52.2347746,2
544,148,21.043728,7326,2021-06-26 17:34:22,52.174355,5
545,138,21.0235749,7327,2021-06-26 17:34:22,52.2188821,7
546,171,20.925121,7328,2021-06-26 17:34:22,52.272472,8
547,520,21.014271,7331,2021-06-26 17:34:21,52.225819,1
548,150,20.934393,753,2021-06-26 17:34:23,52.304916,3
549,750,20.817646,755,2021-06-26 17:34:21,52.351837,2
550,250,20.927631,757,2021-06-26 17:34:21,52.291008,1
551,750,20.868301,758,2021-06-26 17:34:19,52.355362,3
552,150,20.847361,761,2021-06-26 17:34:16,52.341465,1
553,250,20.879421,763,2021-06-26 17:34:18,52.325802,3
554,521,21.0984891,7701,2021-06-26 17:34:23,52.243193,3
555,750,20.9280875,773,2021-06-26 17:34:20,52.290925667,4
556,250,20.893675,775,2021-06-26 17:34:23,52.295612,2
557,750,20.8839391,776,2021-06-26 17:34:23,52.3418657,1
558,150,20.912128,777,2021-06-26 17:34:22,52.3226279,2
559,138,20.9953673,8120,2021-06-26 17:34:16,52.170205,1
560,185,21.003176,8138,2021-06-26 17:34:17,52.2663571,7
561,172,21.0263758,8139,2021-06-26 17:34:17,52.1998328,6
562,727,20.997388,8148,2021-06-25 21:39:43,52.187336,4
563,522,21.0717795,8154,2021-06-26 17:34:15,52.1610871,6
564,167,21.0629606,8166,2021-06-26 17:34:18,52.212221,5
565,143,21.1695788,8167,2021-06-26 17:34:15,52.262458,2
566,522,20.998243,8174,2021-06-25 20:09:50,52.1878,013
567,504,20.9839068,8178,2021-06-26 17:34:18,52.197969,3
568,519,20.996546,8180,2021-06-25 22:35:23,52.187545,5
569,136,21.0301675,8181,2021-06-26 17:34:18,52.154384,4
570,138,21.010486,8183,2021-06-26 17:34:13,52.203341,2
571,172,20.9663265,8184,2021-06-26 17:34:18,52.2179726,8
572,504,21.0042898,8187,2021-06-26 17:34:16,52.2300938,2
573,519,21.092848,8188,2021-06-26 17:34:10,52.117164,2
574,504,21.0688858,8189,2021-06-26 17:34:16,52.1288116,5
575,198,21.1173818,8210,2021-06-25 18:57:27,52.2334423,04
576,151,21.1167196,8218,2021-06-25 19:22:39,52.2335221,04
577,514,21.1277208,8222,2021-06-26 17:34:19,52.2335935,4
578,188,21.1161338,8225,2021-06-25 20:54:43,52.2335866,08
579,143,21.114924,8228,2021-06-25 23:38:50,52.234206,6
580,509,21.116793,8231,2021-06-25 20:04:19,52.233758,021
581,514,21.2283831,8300,2021-06-26 17:34:19,52.250264,3
582,502,21.138125,8301,2021-06-26 17:34:14,52.2293073,4
583,125,21.1765538,8303,2021-06-26 17:34:14,52.2063421,5
584,125,21.0413411,8305,2021-06-26 17:34:17,52.2412785,3
585,509,20.988981,8310,2021-06-26 17:34:07,52.303939,3
586,502,21.015591,8313,2021-06-26 17:34:04,52.218649,6
587,182,21.11721,8315,2021-06-25 19:08:30,52.233705,013
588,145,21.088215,8317,2021-06-26 17:34:15,52.244849,1
589,188,20.979569,8318,2021-06-26 17:34:15,52.1852553,6
590,168,21.11586,8320,2021-06-25 21:27:01,52.23366,07
591,514,21.0619028,8323,2021-06-26 17:34:19,52.2284988,2
592,145,21.135343,8324,2021-06-26 17:34:10,52.241751,2
593,720,21.4215545,8325,2021-06-26 17:34:17,52.1298973,1
594,125,21.117233,8327,2021-06-25 20:58:39,52.234053,3
595,145,21.0008831,8328,2021-06-26 17:34:19,52.2900991,5
596,411,21.117353,8330,2021-06-25 20:35:38,52.233359,53
597,148,21.0446568,8331,2021-06-26 17:34:21,52.1759988,1
598,502,21.0743321,8335,2021-06-26 17:34:21,52.2326513,1
599,143,21.1147401,8339,2021-06-26 17:34:19,52.2397076,1
600,704,21.3385665,8340,2021-06-26 17:34:21,52.2169703,1
601,171,20.9885783,8342,2021-06-26 17:34:11,52.240155,6
602,151,21.105,8344,2021-06-26 17:34:22,52.230235,3
603,185,21.045165,8345,2021-06-26 17:34:17,52.14955,1
604,145,21.116836,8346,2021-06-25 19:31:54,52.233566,016
605,145,21.116093,8347,2021-06-25 19:40:44,52.233476,012
606,523,20.94313,8348,2021-06-26 17:34:18,52.239184,9
607,507,21.005151,8349,2021-06-26 17:34:12,52.229746,5
608,411,21.116288,8350,2021-06-25 20:43:54,52.233658,061
609,125,21.091004,8351,2021-06-26 17:34:13,52.244746,4
610,125,21.1964767,8352,2021-06-26 17:34:19,52.2083967,1
611,151,21.0151083,8353,2021-06-26 17:34:14,52.2168333,1
612,521,20.9633767,8355,2021-06-26 17:34:15,52.2086233,2
613,N03,21.117188,8357,2021-06-26 05:01:26,52.233246,254
614,502,21.217925,8358,2021-06-26 17:34:07,52.2163417,3
615,507,21.032534,8360,2021-06-26 17:34:11,52.234241,4
616,704,21.1145117,8362,2021-06-26 17:34:22,52.23982,2
617,521,21.085303,8363,2021-06-26 17:34:07,52.244576,5
618,507,21.0312733,8366,2021-06-26 17:34:22,52.234025,1
619,143,21.0068267,8367,2021-06-26 17:34:20,52.217145,6
620,502,21.01557,8368,2021-06-26 17:34:15,52.22312,5
621,521,21.0602783,8369,2021-06-26 17:34:19,52.2399017,1
622,141,21.117058,8397,2021-06-25 19:41:02,52.233698,012
623,502,21.1151075,8403,2021-06-25 23:03:57,52.2336293,064
624,411,21.1156411,8440,2021-06-25 20:20:48,52.2335555,062
625,511,20.9280149,8443,2021-06-26 17:34:23,52.2911779,3
626,112,20.933397,8445,2021-06-26 17:34:21,52.270561,10
627,169,21.0436345,8447,2021-06-26 17:34:22,52.2501812,2
628,509,20.9422474,8448,2021-06-26 17:34:22,52.3344559,1
629,160,21.068348,8450,2021-06-26 17:34:22,52.323586,6
630,409,20.8867697,8452,2021-06-26 17:34:23,52.3046374,58
631,735,21.028938,8454,2021-06-26 17:34:21,52.35281,61
632,112,20.933111,8455,2021-06-26 17:34:22,52.269138,5
633,731,20.924887,8457,2021-06-26 17:34:22,52.414597,4
634,185,21.0485019,8458,2021-06-26 11:00:08,52.2645874,6
635,169,21.041449,8459,2021-06-26 17:34:22,52.27042,4
636,409,20.9315302,8460,2021-06-26 17:34:22,52.2927864,51
637,169,21.040499,8461,2021-06-26 17:34:23,52.296139,1
638,141,21.0340567,8500,2021-06-26 17:34:22,52.2016767,8
639,Z26,20.9745033,8501,2021-06-26 17:34:16,52.235565,3
640,522,21.04758,8502,2021-06-26 17:34:23,52.1893883,2
641,189,20.978226,8504,2021-06-26 17:34:21,52.183618,1
642,N33,20.996476,8505,2021-06-26 05:42:44,52.187546,172
643,185,20.997366,8507,2021-06-25 23:56:14,52.186391,9
644,174,20.995448,8508,2021-06-26 17:34:07,52.170036,3
645,189,20.996501,8509,2021-06-26 00:35:47,52.18806,12
646,331,20.997095,8511,2021-06-25 18:21:40,52.187653,01
647,148,20.998374,8514,2021-06-26 00:52:13,52.188333,5
648,N37,20.998273,8516,2021-06-26 05:43:10,52.188213,246
649,136,20.99541,8517,2021-06-26 17:34:20,52.1832883,3
650,165,21.024101,8520,2021-06-26 17:34:14,52.179845,3
651,185,21.022025,8521,2021-06-26 17:34:10,52.1427017,2
652,136,20.9934167,8522,2021-06-26 17:34:18,52.188795,8
653,733,20.997863,8523,2021-06-25 20:19:16,52.187501,62
654,185,21.042163,8524,2021-06-26 17:34:07,52.228115,4
655,519,21.0462683,8525,2021-06-26 17:34:15,52.19064,4
656,136,21.055923,8528,2021-06-26 17:34:08,52.147509,6
657,143,21.0871083,8530,2021-06-26 17:34:17,52.2450233,5
658,308,20.997771,8531,2021-06-25 19:03:30,52.187649,02
659,136,20.997748,8533,2021-06-25 23:20:13,52.188256,10
660,N03,20.997894,8534,2021-06-26 05:57:03,52.18594,156
661,131,20.996449,8535,2021-06-25 22:36:53,52.186401,10
662,519,21.0625117,8536,2021-06-26 17:34:18,52.1756717,7
663,N33,20.996953,8537,2021-06-26 05:04:45,52.186869,173
664,217,21.0241317,8540,2021-06-26 17:34:13,52.179665,2
665,N34,20.996438,8541,2021-06-26 05:33:51,52.187668,149
666,N37,20.99783,8545,2021-06-26 05:44:42,52.187465,132
667,167,20.957345,8547,2021-06-26 17:34:23,52.2281683,3
668,733,20.897348,8548,2021-06-26 17:34:19,52.152703,1
669,504,21.0286467,8550,2021-06-26 17:34:16,52.1506467,6
670,519,21.005196,8551,2021-06-26 17:34:05,52.228938,5
671,522,21.080081,8552,2021-06-26 17:34:07,52.157775,1
672,Z26,20.9742883,8553,2021-06-26 17:34:12,52.2355183,2
673,148,21.08737,8559,2021-06-26 17:34:13,52.2447967,7
674,151,21.116914,8561,2021-06-25 23:54:17,52.233616,1
675,171,20.9121883,8562,2021-06-26 17:34:09,52.241305,7
676,521,21.116369,8565,2021-06-25 20:39:03,52.233641,08
677,520,21.0155433,8566,2021-06-26 17:34:15,52.2207167,6
678,523,20.9640867,8567,2021-06-26 17:34:16,52.2172267,6
679,509,20.972145,8569,2021-06-26 17:34:11,52.3205967,9
680,148,21.093433,8570,2021-06-26 17:34:15,52.224706,6
681,143,21.137005,8573,2021-06-26 17:34:19,52.242565,4
682,521,21.2113283,8574,2021-06-26 17:34:18,52.1609733,4
683,523,20.898248,8576,2021-06-26 17:34:04,52.258496,8
684,141,21.1129267,8578,2021-06-26 17:34:10,52.2363233,1
685,190,21.046053,8582,2021-06-25 18:46:44,52.264343,021
686,523,21.0892067,8586,2021-06-26 17:34:21,52.2501017,4
687,520,21.0021083,8589,2021-06-26 17:34:10,52.243115,7
688,185,20.981755,8592,2021-06-26 17:34:11,52.2743433,5
689,N13,21.114978,8593,2021-06-26 05:47:18,52.233611,247
690,145,21.0748417,8594,2021-06-26 17:34:17,52.2872617,3
691,188,21.1049883,8595,2021-06-26 17:34:13,52.2462967,4
692,168,21.0962943,8800,2021-06-26 17:34:20,52.218815,5
693,189,20.896666,8802,2021-06-26 17:34:19,52.2365156,6
694,148,20.9781033,8804,2021-06-26 17:34:19,52.1695793,3
695,168,21.0100815,8805,2021-06-26 17:34:20,52.2031908,6
696,136,20.9651265,8806,2021-06-26 17:34:20,52.2394785,1
697,189,20.9153721,8807,2021-06-26 17:34:18,52.2283423,3
698,138,21.0894281,8808,2021-06-26 17:34:18,52.2629918,4
699,168,21.0298364,8810,2021-06-26 17:34:21,52.2070125,2
700,167,20.9762833,8812,2021-06-26 17:34:15,52.2111043,1
701,136,20.9879788,8813,2021-06-26 17:34:19,52.2099298,2
702,504,21.0428405,8814,2021-06-26 17:34:19,52.1472896,4
703,217,21.079857,8816,2021-06-26 17:34:21,52.1577995,1
704,167,21.043391,8818,2021-06-26 17:34:05,52.206736,7
705,167,20.994848,8819,2021-06-26 17:34:19,52.2167738,4
706,174,21.0196568,8820,2021-06-26 17:34:13,52.1835606,371
707,N43,20.9959001,8821,2021-06-26 05:29:35,52.1875351,220
708,189,21.06897,8822,2021-06-26 17:34:16,52.181321,12
709,519,21.0948903,8823,2021-06-26 17:34:21,52.1451591,8
710,148,21.0169241,8825,2021-06-26 17:34:20,52.1529515,2
711,522,21.0027706,8826,2021-06-26 17:34:09,52.2293858,318
712,514,21.0156356,8828,2021-06-26 17:34:21,52.2192875,1
713,509,21.0664,8829,2021-06-26 17:33:53,52.2262471,7
714,143,21.0471466,8832,2021-06-26 17:34:22,52.2250708,7
715,502,21.2309286,8833,2021-06-26 17:34:21,52.2234598,2
716,182,21.0830551,8834,2021-06-26 17:34:19,52.235859,M5
717,N83,21.116546,8839,2021-06-26 05:25:32,52.233586,174
718,520,21.1558243,8840,2021-06-26 17:34:17,52.2403706,3
719,138,21.1172336,8841,2021-06-25 22:19:45,52.2337476,1
720,521,21.1161941,8844,2021-06-25 20:59:15,52.2334716,09
721,138,21.0025435,8846,2021-06-26 17:34:19,52.1830538,8
722,143,21.1769763,8850,2021-06-26 17:34:20,52.2569716,3
723,138,21.1005486,8852,2021-06-26 17:34:19,52.26065,5
724,509,21.0217781,8853,2021-06-26 17:34:19,52.2626961,8
725,182,20.9798973,8854,2021-06-26 17:34:15,52.2167086,1
726,518,21.047239,8859,2021-06-25 21:49:41,52.2647968,9
727,412,21.047084,8862,2021-06-25 20:21:52,52.264918,05
728,509,21.043849,8863,2021-06-25 22:53:53,52.266028,14
729,723,21.047273,8864,2021-06-25 19:20:55,52.264625,08
730,269,21.043698,8866,2021-06-25 22:15:02,52.266003,04
731,738,21.046916,8868,2021-06-25 18:47:25,52.264738,05
732,340,21.046388,8870,2021-06-25 19:12:44,52.265081,03
733,511,21.046323,8874,2021-06-25 18:33:00,52.265079,05
734,340,21.048342,8876,2021-06-25 18:55:45,52.264397,06
735,723,21.0009518,8878,2021-06-26 17:34:17,52.2913193,1
736,511,21.0472221,8879,2021-06-25 19:11:55,52.2646076,07
737,709,20.996574,8880,2021-06-25 18:58:33,52.18762,016
738,136,20.9622808,8881,2021-06-26 17:34:19,52.215714,9
739,174,20.9998503,8882,2021-06-26 17:34:15,52.2313026,1
740,165,21.0003266,8883,2021-06-26 17:34:14,52.1741201,4
741,504,20.9878246,8885,2021-06-26 17:34:20,52.2107495,1
742,504,20.9985235,8886,2021-06-26 11:14:42,52.1878498,6
743,165,21.0021958,8888,2021-06-26 17:34:19,52.1767861,2
744,165,21.00244,8891,2021-06-26 17:34:20,52.1582033,1
745,148,21.086988,8893,2021-06-26 17:34:12,52.245021,8
746,172,21.0691618,8895,2021-06-26 17:34:08,52.1813593,5
747,522,21.0312675,8896,2021-06-26 17:34:20,52.2064388,5
748,138,21.051732,8897,2021-06-26 17:34:22,52.2377625,3
749,519,21.092871,8899,2021-06-26 17:34:15,52.116983,1
750,161,21.22481,9061,2021-06-26 17:29:20,52.186665,1
751,104,21.032507,9063,2021-06-26 17:34:21,52.318516,2
752,161,21.224745,9068,2021-06-26 17:34:20,52.186764,2
753,211,20.941425,9070,2021-06-26 17:34:19,52.3554,3
754,211,20.956772,9074,2021-06-26 17:34:21,52.328438,4
755,211,21.000988,9075,2021-06-26 17:34:22,52.291191,M5
756,234,21.050236,9079,2021-06-26 17:34:13,52.317913,2
757,800,20.919893,9082,2021-06-26 17:34:22,52.315575,M1
758,900,20.959053,9084,2021-06-26 17:34:20,52.350182,1
759,161,21.202238,9088,2021-06-26 17:34:20,52.158974,M3
760,104,21.000305,9091,2021-06-26 17:34:23,52.2915,1
761,211,20.944153,9092,2021-06-26 17:34:20,52.349201,2
762,211,20.957781,9093,2021-06-26 17:34:19,52.313156,1
763,219,21.187639,9201,2021-06-26 17:34:17,52.183945,1
764,107,20.979385,9204,2021-06-26 17:34:20,52.244461,1
765,107,20.999815,9205,2021-06-26 17:34:15,52.245991,2
766,121,20.96805,9206,2021-06-26 17:34:22,52.272015,M2
767,209,20.981045,9209,2021-06-26 17:34:17,52.132858,54
768,107,21.042019,9210,2021-06-26 17:34:20,52.221535,3
769,201,20.945782,9212,2021-06-26 17:34:21,52.239201,3
770,121,20.973506,9213,2021-06-26 17:34:21,52.280076,1
771,133,20.952438,9214,2021-06-26 17:34:17,52.31699,1
772,133,20.982338,9215,2021-06-26 17:34:17,52.351933,2
773,164,21.063814,9216,2021-06-26 17:34:21,52.192352,2
774,164,21.105476,9217,2021-06-26 17:34:18,52.16143,1
775,164,21.138184,9219,2021-06-26 17:34:22,52.145863,3
776,177,20.883596,9220,2021-06-26 17:34:16,52.205738,1
777,203,20.929577,9222,2021-06-26 17:34:21,52.285477,2
778,107,21.046204,9223,2021-06-26 17:34:16,52.214512,4
779,203,20.928408,9224,2021-06-26 17:34:16,52.29108,1
780,208,20.975636,9225,2021-06-26 17:34:21,52.210243,2
781,209,21.018017,9227,2021-06-26 17:34:23,52.121204,51
782,228,20.941952,9228,2021-06-26 17:34:21,52.203781,1
783,228,20.89292,9229,2021-06-26 17:34:22,52.20034,3
784,177,20.883654,9230,2021-06-26 17:34:21,52.205673,3
785,228,20.947611,9231,2021-06-26 17:34:21,52.20068,2
786,239,21.037939,9233,2021-06-26 17:34:19,52.153591,52
787,201,20.935566,9234,2021-06-26 17:34:17,52.234402,2
788,219,21.102629,9235,2021-06-26 17:34:22,52.222366,2
789,208,20.966492,9236,2021-06-26 17:34:22,52.201962,1
790,264,21.147795,9240,2021-06-26 17:34:15,52.13097,1
791,107,21.002211,9241,2021-06-26 17:34:21,52.243156,M5
792,201,20.925123,9243,2021-06-26 17:34:15,52.260616,1
793,219,21.105701,9250,2021-06-26 17:34:21,52.221489,3
794,239,21.038828,9252,2021-06-26 17:34:21,52.155476,53
795,199,21.109631,9311,2021-06-26 17:34:21,52.28508,4
796,135,21.045839,9312,2021-06-26 17:34:21,52.261406,3
797,135,21.036867,9313,2021-06-26 17:34:16,52.251945,4
798,123,21.060577,9316,2021-06-26 17:34:15,52.232914,1
799,123,21.076887,9317,2021-06-26 17:34:22,52.226002,3
800,179,21.057045,9318,2021-06-26 17:34:22,52.13118,7
801,153,21.176716,9319,2021-06-26 17:34:22,52.256786,3
802,179,21.036892,9320,2021-06-26 17:34:22,52.162029,3
803,142,21.1007027,9321,2021-06-26 17:34:23,52.2425209,4
804,123,21.051065,9322,2021-06-26 17:34:21,52.252518,2
805,123,21.052271,9323,2021-06-26 17:34:15,52.25021,5
806,179,21.027111,9325,2021-06-26 17:34:17,52.161877,4
807,135,21.101988,9326,2021-06-26 17:34:16,52.242237,1
808,179,21.029436,9327,2021-06-26 17:34:15,52.142136,5
809,135,21.098497,9328,2021-06-26 17:34:20,52.236492,2
810,179,21.057152,9329,2021-06-26 17:34:21,52.139622,6
811,179,21.038548,9333,2021-06-26 17:34:19,52.153614,52
812,123,21.087458,9337,2021-06-26 17:34:17,52.244972,4
813,153,21.177095,9338,2021-06-26 17:34:21,52.256859,2
814,123,21.09951,9339,2021-06-26 17:34:18,52.238037,357
815,153,21.172606,9340,2021-06-26 17:34:22,52.285484,1
816,199,21.125549,9342,2021-06-26 17:34:19,52.279278,2
817,123,21.077581,9345,2021-06-25 21:25:22,52.268494,357
818,179,21.052242,9349,2021-06-26 17:34:18,52.154366,1
819,142,21.088654,9351,2021-06-26 17:34:17,52.244904,1
820,142,21.201357,9352,2021-06-26 17:34:14,52.170864,3
821,142,21.2275104,9354,2021-06-26 17:34:23,52.1720782,M5
822,199,21.179487,9355,2021-06-26 17:34:18,52.268738,1
823,142,21.132851,9357,2021-06-26 17:34:22,52.214458,2
824,103,20.933176,9411,2021-06-26 17:34:23,52.289597,4
825,157,20.975807,9412,2021-06-26 17:34:21,52.215954,3
826,117,21.056076,9413,2021-06-26 17:34:22,52.231129,3
827,516,20.942022,9414,2021-06-26 17:34:22,52.334064,4
828,157,20.972956,9416,2021-06-26 17:34:23,52.281258,6
829,117,21.022413,9417,2021-06-26 17:34:23,52.232277,1
830,103,20.955029,9418,2021-06-26 17:34:22,52.261517,2
831,134,20.9683,9419,2021-06-26 17:34:19,52.271839,1
832,134,21.055635,9420,2021-06-26 17:34:20,52.346088,2
833,134,21.060671,9423,2021-06-26 17:34:22,52.306454,3
834,117,21.023354,9424,2021-06-26 17:34:21,52.232189,4
835,117,21.101524,9425,2021-06-26 17:34:20,52.222961,2
836,103,20.953564,9427,2021-06-26 17:34:23,52.261925,5
837,157,20.982687,9428,2021-06-26 17:34:20,52.249439,1
838,157,20.973944,9429,2021-06-26 17:34:19,52.213863,2
839,245,21.067568,9431,2021-06-26 17:34:22,52.277206,1
840,516,20.97061,9432,2021-06-26 17:34:22,52.320538,1
841,516,21.000824,9434,2021-06-26 17:34:20,52.291096,2
842,516,20.946651,9436,2021-06-26 17:34:22,52.318336,3
843,176,21.026711,9438,2021-06-26 17:34:17,52.281136,1
844,157,20.976486,9439,2021-06-26 17:34:17,52.289764,5
845,712,20.855927,9441,2021-06-26 17:34:19,52.263432,M2
846,103,20.968534,9442,2021-06-26 17:34:19,52.222065,1
847,103,20.930159,9443,2021-06-26 17:34:23,52.290287,3
848,245,21.093683,9446,2021-06-26 17:34:19,52.286331,2
849,712,20.927935,9450,2021-06-26 17:34:21,52.291004,1
850,176,20.977537,9452,2021-06-26 17:34:19,52.349644,3
851,176,20.984241,9453,2021-06-26 17:34:19,52.344185,2
852,743,20.80014,9459,2021-06-26 17:34:19,52.217659,1
853,194,20.930535333,9501,2021-06-26 17:34:22,52.224949667,4
854,181,20.907384167,9503,2021-06-26 17:34:20,52.304691667,2
855,717,20.828713667,9504,2021-06-26 17:34:20,52.1929345,3
856,139,21.0619565,9507,2021-06-26 17:34:20,52.171072167,2
857,149,20.940585833,9509,2021-06-26 17:34:20,52.246775667,2
858,729,20.8455335,9511,2021-06-26 17:34:20,52.249909,1
859,149,20.871787667,9514,2021-06-26 17:34:21,52.251300167,4
860,159,20.954303667,9515,2021-06-26 17:34:20,52.211844167,1
861,159,21.055777667,9519,2021-06-26 17:34:19,52.1935615,4
862,159,21.007428833,9520,2021-06-26 17:34:19,52.222938167,5
863,181,20.974229667,9521,2021-06-26 17:34:23,52.279163167,1
864,737,21.018644333,9522,2021-06-26 17:34:20,52.143439833,55
865,181,20.972347833,9524,2021-06-26 17:34:19,52.2824445,4
866,194,20.868994167,9525,2021-06-26 17:34:18,52.1920355,1
867,181,20.901412,9526,2021-06-26 17:34:18,52.297687667,3
868,220,20.916813667,9529,2021-06-26 17:34:22,52.254862833,3
869,717,20.964299,9530,2021-06-26 17:34:21,52.217247333,2
870,159,21.006087667,9531,2021-06-26 17:34:24,52.222873833,2
871,194,20.861423833,9532,2021-06-26 17:34:21,52.191681167,2
872,194,20.914254167,9533,2021-06-26 17:34:20,52.206275,3
873,194,20.920340667,9534,2021-06-26 17:34:23,52.220917167,5
874,220,20.936403167,9535,2021-06-26 17:34:20,52.171793833,1
875,220,20.902138833,9537,2021-06-26 17:34:20,52.194089333,4
876,300,21.024684667,9538,2021-06-26 17:34:19,52.179625333,M1
877,149,20.916123333,9539,2021-06-26 17:34:20,52.239348667,3
878,707,20.9257345,9540,2021-06-26 17:34:22,52.159401667,1
879,715,20.965383167,9542,2021-06-26 17:34:23,52.129407667,53
880,737,21.030743667,9543,2021-06-26 17:34:19,52.158476833,54
881,717,20.946106833,9544,2021-06-26 17:34:23,52.208039,1
882,724,21.114804,9546,2021-06-26 17:33:49,52.101751667,1
883,139,21.0929955,9548,2021-06-26 17:34:21,52.147998667,1
884,715,20.9605605,9554,2021-06-26 17:34:22,52.1422355,51
885,149,20.948492667,9555,2021-06-26 17:34:22,52.2389485,1
886,159,21.061483,9556,2021-06-26 17:34:21,52.192645667,3
887,220,20.898223833,9557,2021-06-26 17:34:17,52.249684167,2
888,152,20.952368,9673,2021-06-26 17:34:18,52.316917,5
889,152,20.999781,9678,2021-06-26 17:34:18,52.337238,1
890,152,20.997831,9680,2021-06-26 17:34:18,52.34515,2
891,118,21.012461,9681,2021-06-26 17:34:21,52.25399,3
892,212,21.037054,9682,2021-06-26 17:34:16,52.268772,2
893,118,21.041389,9683,2021-06-26 17:34:20,52.300064,4
894,118,21.023157,9685,2021-06-26 17:34:21,52.227303,2
895,152,20.9526,9687,2021-06-26 17:34:17,52.317211,4
896,152,21.058233,9688,2021-06-26 17:34:19,52.318703,3
897,118,21.032999,9689,2021-06-26 17:34:20,52.298149,5
898,212,21.052153,9692,2021-06-26 17:34:22,52.29295,3
899,212,21.04595,9696,2021-06-26 17:34:24,52.272255,1
900,118,21.029108,9697,2021-06-26 17:34:22,52.237793,1
901,212,21.057192,9698,2021-06-26 17:34:14,52.301826,4
902,109,21.042868,9801,2021-06-26 17:34:22,52.226036,1
903,710,21.086008,9802,2021-06-26 17:34:22,52.078053,1
904,525,21.16972,9803,2021-06-26 17:34:23,52.210453,3
905,Z10,20.923147,9804,2021-06-26 17:34:22,52.259914,2
906,109,20.948431,9805,2021-06-26 17:34:14,52.238224,3
907,109,20.919744,9806,2021-06-26 17:34:17,52.239956,5
908,109,20.999069,9807,2021-06-26 17:34:21,52.233402,6
909,127,21.022511,9809,2021-06-26 17:34:20,52.243435,2
910,127,21.032757,9810,2021-06-26 17:34:22,52.235241,1
911,131,21.014416,9814,2021-06-26 17:34:16,52.225647,4
912,127,20.948563,9816,2021-06-26 17:34:10,52.209728,56
913,127,20.8955,9817,2021-06-26 17:34:19,52.208809,5
914,710,21.096025,9819,2021-06-26 17:34:17,52.125935,3
915,131,21.06896,9820,2021-06-26 17:34:20,52.181389,6
916,131,21.004002,9821,2021-06-26 17:34:21,52.229904,1
917,525,21.12594,9822,2021-06-26 17:34:22,52.233631,1
918,519,21.014313,9825,2021-06-26 17:34:14,52.225625,6
919,525,21.196615,9826,2021-06-26 17:34:22,52.20826,2
920,710,21.011213,9827,2021-06-26 17:34:18,52.074212,2
921,Z10,20.924837,9828,2021-06-26 17:34:18,52.260704,9
922,525,21.07374,9829,2021-06-26 17:34:20,52.231903,4
923,525,21.003971,9830,2021-06-26 17:34:18,52.229809,5
924,742,21.172432,9833,2021-06-26 17:34:19,52.046112,1
925,710,21.067707,9834,2021-06-26 17:34:22,52.129356,4
926,719,20.931168,9835,2021-06-26 17:34:15,52.240288,1
927,Z10,20.925001,9836,2021-06-26 17:34:17,52.260834,8
928,Z10,20.922125,9837,2021-06-26 17:34:16,52.221581,M4
929,109,20.898734,9838,2021-06-26 17:34:17,52.23851,4
930,127,20.924187,9839,2021-06-26 17:34:21,52.203884,4
931,109,21.010693,9842,2021-06-26 17:34:19,52.22945,2
932,525,21.015718,9846,2021-06-26 17:34:17,52.219666,319
933,719,20.586412,9849,2021-06-26 17:34:19,52.257538,2
934,719,20.897547,9852,2021-06-26 17:34:20,52.239429,3
935,131,21.047482,9854,2021-06-26 17:34:21,52.207115,3
936,114,20.938946,9901,2021-06-26 17:34:21,52.301155,1
937,114,20.969837,9903,2021-06-26 17:34:19,52.264999,5
938,186,20.970522,9905,2021-06-26 17:34:22,52.206257,5
939,193,21.041042,9906,2021-06-26 17:34:22,52.155243,1
940,114,20.958282,9907,2021-06-26 17:34:19,52.26778,7
941,186,20.970772,9908,2021-06-26 17:34:22,52.320614,1
942,186,20.959671,9909,2021-06-26 17:34:20,52.221184,3
943,186,20.957479,9912,2021-06-26 17:34:21,52.246582,6
944,186,20.942249,9915,2021-06-26 17:34:19,52.334156,9
945,186,20.959103,9916,2021-06-26 17:34:20,52.267078,2
946,190,20.913708,9919,2021-06-26 17:34:22,52.238174,2
947,190,20.9326,9920,2021-06-26 17:34:20,52.240288,5
948,190,21.067791,9921,2021-06-26 17:34:20,52.277454,9
949,190,21.009346,9922,2021-06-26 17:34:18,52.246292,10
950,193,21.003357,9923,2021-06-26 17:34:22,52.170547,2
951,193,20.995436,9925,2021-06-26 17:34:20,52.170177,3
952,114,21.041786,9928,2021-06-26 17:34:19,52.300262,63
953,114,20.934183,9930,2021-06-26 17:34:17,52.29715,2
954,193,21.039478,9933,2021-06-26 17:34:21,52.15395,4
955,190,20.911432,9935,2021-06-26 17:34:22,52.228798,4
956,186,20.948998,9939,2021-06-26 17:34:20,52.320164,8
957,114,21.034624,9940,2021-06-26 17:34:21,52.288551,4
958,114,21.023258,9941,2021-06-26 17:34:23,52.286228,6
959,186,20.963833,9942,2021-06-26 17:34:15,52.207809,4
960,190,21.085382,9946,2021-06-26 17:34:23,52.305,8
961,190,20.898853,9947,2021-06-26 17:34:22,52.238907,3
962,190,20.989092,9949,2021-06-26 17:34:19,52.240498,6
963,190,21.064777,9951,2021-06-26 17:34:19,52.274319,7
964,190,20.943758,9953,2021-06-26 17:34:19,52.239017,1
965,186,20.998476,9954,2021-06-26 17:34:22,52.294376,67
966,o43A,21.423235,9999,2021-06-25 14:26:34,50.302956,1
