,Lines,Lon,VehicleNumber,Time,Lat,Brigade
0,213,21.1152613,1000,2021-06-25 23:22:58,52.2346205,3
1,213,21.115043,1001,2021-06-25 23:56:49,52.23463,1
2,213,21.1895353,1003,2021-06-26 18:11:02,52.1838056,1
3,311,21.115233,1004,2021-06-25 21:52:40,52.23458,2
4,196,21.11514,1005,2021-06-25 23:48:58,52.234611,1
5,130,21.11559,1008,2021-06-25 20:19:05,52.234613,04
6,213,21.1022716,1010,2021-06-26 18:10:59,52.2228036,2
7,213,21.2035223,1011,2021-06-26 18:10:58,52.1594805,4
8,311,21.1155166,1012,2021-06-25 21:16:38,52.2346153,1
9,213,21.1507458,1015,2021-06-26 18:10:59,52.2140348,3
10,108,21.068684,1020,2021-06-26 18:11:05,52.212402,3
11,218,21.0235384,1021,2021-06-26 18:11:04,52.1836376,4
12,218,21.023926,1024,2021-06-26 18:11:04,52.179813,2
13,192,21.0431751,1025,2021-06-26 18:11:05,52.1482172,3
14,195,20.9979977,1026,2021-06-25 21:14:18,52.1862374,2
15,163,21.068012,1027,2021-06-26 18:11:04,52.175911,1
16,218,21.002031,1028,2021-06-26 18:11:05,52.17873,3
17,163,21.0838981,1030,2021-06-26 18:11:04,52.1677559,2
18,163,21.0543766,1031,2021-06-26 18:10:32,52.1807702,3
19,108,21.022536,1038,2021-06-26 18:10:53,52.228311,4
20,192,21.0243229,1039,2021-06-26 18:11:04,52.179869,2
21,204,21.0299483,1040,2021-06-26 18:11:02,52.3104967,1
22,736,21.000525,1042,2021-06-26 18:10:43,52.2913467,1
23,204,21.043091,1043,2021-06-25 22:53:22,52.26632,05
24,204,21.0231533,1044,2021-06-26 18:10:53,52.277265,3
25,107,21.046234,1045,2021-06-25 22:36:50,52.264653,4
26,204,21.042681,1046,2021-06-25 23:57:31,52.266098,1
27,204,21.039705,1047,2021-06-26 18:10:45,52.296188,2
28,228,20.921443,1050,2021-06-25 23:41:52,52.196853,2
29,328,20.921189,1051,2021-06-25 22:30:10,52.196913,01
30,129,20.9393217,1052,2021-06-26 18:10:55,52.245925,2
31,129,20.9170367,1053,2021-06-26 18:11:02,52.2213233,3
32,129,20.8831183,1055,2021-06-26 18:10:55,52.19551,4
33,129,20.9160983,1057,2021-06-26 18:10:59,52.225845,1
34,119,21.132868,1061,2021-06-26 18:11:05,52.213764,4
35,119,21.205482,1062,2021-06-26 18:11:04,52.20998,5
36,192,21.022415,1064,2021-06-26 18:11:04,52.179382,1
37,192,21.0551087,1069,2021-06-26 18:11:04,52.1390734,52
38,108,21.058617,1070,2021-06-26 18:11:05,52.183399,1
39,108,21.027933,1074,2021-06-26 18:11:04,52.178394,2
40,218,21.0218911,1076,2021-06-26 18:11:04,52.1798177,1
41,192,21.068804,1079,2021-06-26 18:11:05,52.128941,4
42,173,21.0426228,1101,2021-06-26 00:28:34,52.2664063,2
43,240,21.0010418,1109,2021-06-26 18:11:05,52.2894583,2
44,173,21.048266,1110,2021-06-25 19:53:25,52.264265,3
45,170,21.063772,1111,2021-06-26 18:11:02,52.2639595,2
46,132,20.995036,1112,2021-06-26 18:11:01,52.2870658,51
47,126,21.046033,1113,2021-06-25 23:08:32,52.264159,4
48,338,21.046365,1116,2021-06-25 19:40:36,52.2645706,05
49,170,21.0571658,1117,2021-06-26 18:11:07,52.2632881,4
50,739,21.053156,1200,2021-06-26 18:11:00,52.097191,65
51,739,21.0535827,1201,2021-06-26 18:11:05,52.0997704,64
52,166,21.0692794,1203,2021-06-26 18:11:04,52.1314026,1
53,727,21.028088,1205,2021-06-26 18:07:06,52.067837,68
54,727,21.0183296,1208,2021-06-26 18:11:05,52.1113705,62
55,141,21.045813,1211,2021-06-26 18:11:04,52.2168642,2
56,739,21.0241791,1213,2021-06-26 18:11:04,52.1790632,66
57,166,21.024921,1214,2021-06-26 18:11:04,52.220375,3
58,727,21.0183521,1216,2021-06-26 18:10:36,52.1211729,67
59,739,21.0213969,1218,2021-06-26 18:11:05,52.1765411,63
60,166,21.0683872,1219,2021-06-26 18:11:05,52.1312466,8
61,166,21.0446456,1220,2021-06-26 18:11:05,52.1761182,7
62,727,20.9438321,1223,2021-06-26 18:11:04,52.0368916,61
63,240,21.0483353,1400,2021-06-26 00:03:19,52.2641493,1
64,170,21.0938348,1401,2021-06-26 18:10:59,52.270993,3
65,170,21.0454971,1403,2021-06-25 21:36:41,52.2652081,3
66,240,21.043604,1408,2021-06-25 23:31:26,52.266069,4
67,146,21.133142,1411,2021-06-26 18:11:02,52.183617,58
68,173,21.243307,1412,2021-06-26 18:11:04,52.224457,3
69,730,21.084982,1413,2021-06-26 18:11:04,52.244385,61
70,147,21.0524604,1417,2021-06-26 18:11:04,52.2503711,57
71,199,21.149874,1418,2021-06-26 18:11:04,52.270412,3
72,147,21.0715829,1419,2021-06-26 18:11:05,52.2250469,53
73,183,21.191774,1422,2021-06-26 18:11:04,52.238754,3
74,147,21.199343,1425,2021-06-26 18:11:05,52.208611,54
75,147,21.1722211,1426,2021-06-26 18:11:04,52.2056457,55
76,146,21.204659,1427,2021-06-26 18:11:04,52.159496,59
77,119,21.102909,1429,2021-06-26 18:11:05,52.213467,1
78,L11,20.909395,14422,2021-06-26 18:11:03,52.45826,2
79,L10,20.945208,14423,2021-06-26 14:34:04,52.437897,M4
80,L11,20.723183,14424,2021-06-25 20:30:06,52.424343,51
81,L-9,20.930647,14426,2021-06-26 18:10:59,52.394794,3
82,L11,20.76116,14427,2021-06-26 18:11:05,52.436317,1
83,L34,20.916727,14429,2021-06-26 18:11:05,52.409271,1
84,L10,20.945269,14430,2021-06-26 16:19:41,52.437912,M5
85,L34,20.945213,14431,2021-06-25 19:23:11,52.437866,2
86,L41,20.709797,14432,2021-06-26 18:11:03,52.430531,1
87,L33,20.945353,14434,2021-06-25 23:24:58,52.438198,1
88,L49,20.906086,14436,2021-06-26 18:11:04,52.382538,1
89,L-9,20.949566,14440,2021-06-25 23:13:11,52.471237,055
90,338,21.045604,1500,2021-06-25 19:27:18,52.264496,03
91,106,20.9652948,1508,2021-06-26 18:10:59,52.237474,5
92,735,21.029298,1509,2021-06-26 18:10:56,52.3518703,M4
93,240,21.0671756,1510,2021-06-26 18:11:00,52.317182,4
94,110,20.8841651,1513,2021-06-26 18:11:01,52.2862675,52
95,147,21.044424,1514,2021-06-25 19:54:57,52.2648745,06
96,115,21.24215,1521,2021-06-26 18:10:56,52.1699333,4
97,115,21.1701483,1523,2021-06-26 18:10:51,52.2104717,3
98,702,21.2628933,1524,2021-06-26 18:10:50,52.1080933,2
99,183,21.115313,1526,2021-06-26 00:16:52,52.233074,4
100,N16,21.116845,1527,2021-06-26 05:37:31,52.233048,2
101,N44,21.117096,1528,2021-06-26 05:37:25,52.233049,207
102,702,21.1402333,1531,2021-06-26 18:10:51,52.1908467,1
103,202,21.042066,1532,2021-06-26 18:10:48,52.242125,2
104,141,21.041165,1533,2021-06-26 18:10:54,52.20216,6
105,119,21.0077417,1535,2021-06-26 18:10:57,52.2091067,3
106,156,21.01847,1537,2021-06-26 18:10:46,52.290846,2
107,132,21.0682517,1538,2021-06-26 18:11:05,52.323865,55
108,120,21.06673,1539,2021-06-26 18:10:57,52.3199933,1
109,156,21.064485,1540,2021-06-26 18:10:50,52.2619783,5
110,166,21.034645,1542,2021-06-26 18:10:55,52.258395,4
111,221,20.9940683,1543,2021-06-26 18:11:02,52.2594683,2
112,N03,21.044968,1545,2021-06-26 05:08:35,52.264589,2
113,156,20.9879383,1546,2021-06-26 18:11:00,52.2841533,4
114,512,21.052175,1548,2021-06-26 18:10:59,52.252915,1
115,120,21.0488783,1549,2021-06-26 18:11:04,52.2699267,2
116,166,21.02281,1550,2021-06-26 18:10:57,52.229375,6
117,120,21.0538467,1551,2021-06-26 18:10:56,52.3362033,6
118,156,20.92797,1552,2021-06-26 18:10:52,52.2908267,3
119,L35,21.324375,17455,2021-06-26 18:10:59,52.352886,51
120,L40,21.227724,17458,2021-06-26 18:11:04,52.344585,1
121,L43,21.077759,17461,2021-06-26 08:32:11,52.26762,51
122,L43,21.077951,17462,2021-06-26 17:54:57,52.267616,52
123,L45,21.175129,17464,2021-06-26 18:10:59,52.310722,1
124,L37,21.176323,17466,2021-06-25 22:21:40,52.312318,2
125,L38,21.250065,17467,2021-06-26 18:11:01,52.341972,51
126,240,21.0007855,1802,2021-06-26 18:11:00,52.2913283,3
127,N12,21.045453,1803,2021-06-26 04:33:33,52.264459,128
128,110,20.9473918,1804,2021-06-26 18:10:59,52.2770421,53
129,132,20.9699348,1805,2021-06-26 18:11:02,52.272105,54
130,122,20.9228308,1807,2021-06-26 18:11:01,52.2642285,6
131,106,21.0435196,1808,2021-06-26 06:30:45,52.2662013,4
132,N11,21.0454075,1809,2021-06-26 05:42:59,52.264945,122
133,106,21.0280075,1810,2021-06-26 18:10:58,52.23809,2
134,106,20.969579,1811,2021-06-26 18:11:08,52.2314055,1
135,106,21.0275206,1812,2021-06-26 18:11:02,52.2389505,3
136,170,21.02185,1814,2021-06-26 18:11:03,52.262548,1
137,122,20.9456496,1815,2021-06-26 18:10:58,52.266068,3
138,N12,21.046083,1816,2021-06-26 05:05:03,52.264528,210
139,173,21.042571,1818,2021-06-25 23:48:59,52.2664061,10
140,173,21.1216646,1821,2021-06-26 18:10:58,52.2367043,2
141,115,21.1703398,1826,2021-06-26 18:11:02,52.277073,2
142,146,21.0521353,1828,2021-06-26 18:11:01,52.2503195,52
143,146,21.116946,1829,2021-06-26 18:11:00,52.2007008,51
144,183,21.088376,1830,2021-06-26 18:10:51,52.244983,1
145,119,21.1165895,1832,2021-06-25 22:22:16,52.2331471,06
146,183,21.1022348,1833,2021-06-26 18:11:03,52.2423891,2
147,173,21.26516,1835,2021-06-26 18:11:01,52.2474883,4
148,115,21.1888321,1837,2021-06-26 18:10:57,52.2472083,1
149,168,21.0668741,1838,2021-06-26 18:11:02,52.2042641,1
150,115,21.2170475,1839,2021-06-26 18:11:01,52.1590335,5
151,147,21.1172291,1840,2021-06-25 21:35:22,52.2330755,09
152,142,21.1168673,1842,2021-06-25 20:08:52,52.2330963,08
153,168,20.99564,1843,2021-06-26 18:11:02,52.192998,3
154,173,21.1167918,1844,2021-06-25 23:53:58,52.233165,8
155,168,21.054236,1846,2021-06-26 18:10:49,52.207671,4
156,722,21.2690151,1847,2021-06-26 18:11:00,52.2026038,62
157,198,21.1158643,1848,2021-06-25 20:42:24,52.2333196,2
158,198,21.2429613,1849,2021-06-26 18:11:04,52.2176696,1
159,183,21.115764,1850,2021-06-25 21:22:25,52.233265,3
160,183,21.1154913,1851,2021-06-26 00:18:45,52.2331743,07
161,198,21.223093,1854,2021-06-26 18:10:47,52.246105,2
162,146,21.115132,1856,2021-06-26 00:38:41,52.233222,4
163,115,21.115681,1857,2021-06-26 00:02:26,52.2331425,5
164,146,21.1166211,1858,2021-06-25 20:46:49,52.2331278,07
165,198,21.1172503,1859,2021-06-25 19:30:46,52.2330405,05
166,115,21.1153055,1860,2021-06-26 00:28:39,52.2332403,6
167,173,21.1007286,1866,2021-06-26 18:11:04,52.2425551,5
168,173,21.0525763,1867,2021-06-26 18:10:59,52.250161,1
169,115,21.1165116,1869,2021-06-25 23:18:40,52.2330776,3
170,222,20.9987608,1901,2021-06-26 18:10:55,52.1888569,3
171,251,21.022512,1909,2021-06-26 18:10:57,52.179474,3
172,222,21.0211993,1910,2021-06-26 18:10:55,52.2313076,2
173,222,21.005003,1911,2021-06-26 18:11:04,52.244709,1
174,251,21.102943,1912,2021-06-26 18:11:01,52.123066,2
175,222,21.024992,1916,2021-06-26 18:11:04,52.220234,5
176,251,21.1232317,1919,2021-06-26 18:11:05,52.0894947,1
177,222,21.00248,1920,2021-06-26 18:11:04,52.188999,4
178,178,21.012594,1995,2021-06-26 18:11:04,52.242828,2
179,178,21.004055,1996,2021-06-26 18:11:05,52.255386,1
180,178,20.9704,1997,2021-06-26 18:11:05,52.228859,5
181,178,20.95546,1998,2021-06-26 18:11:05,52.21397,3
182,178,20.875317,1999,2021-06-26 18:11:05,52.189144,4
183,171,20.912546,2009,2021-06-26 18:11:04,52.251701,1
184,189,20.8990567,2015,2021-06-26 18:11:05,52.2386809,9
185,187,20.950636,2016,2021-06-26 18:11:04,52.2110457,5
186,709,21.0244362,2021,2021-06-26 18:11:04,52.179913,5
187,Z26,21.035181,2022,2021-06-26 18:11:05,52.255989,4
188,172,20.9776069,2024,2021-06-26 18:11:04,52.2106172,63
189,217,21.0698142,2026,2021-06-26 18:11:04,52.1655234,3
190,519,21.0928924,2027,2021-06-26 18:11:04,52.1167582,3
191,172,21.0052667,2028,2021-06-26 18:11:04,52.1952057,1
192,189,20.8987874,2029,2021-06-26 18:11:05,52.238716,8
193,Z26,20.974314,2030,2021-06-26 18:11:05,52.235363,7
194,522,21.08008,2032,2021-06-26 18:11:04,52.157734,3
195,174,21.0136904,2035,2021-06-26 18:11:04,52.1956942,2
196,709,21.0180632,2038,2021-06-26 18:11:04,52.1371091,6
197,709,21.0196457,2039,2021-06-26 18:11:04,52.0874495,1
198,709,21.0171051,2040,2021-06-26 18:11:05,52.0677269,2
199,709,21.018776,2041,2021-06-26 18:11:05,52.091812,3
200,709,21.0174257,2042,2021-06-26 18:11:05,52.1519937,4
201,517,20.8821062,2200,2021-06-26 18:11:04,52.1976872,1
202,N35,20.921913,2206,2021-06-26 06:01:56,52.1961371,237
203,184,20.937005,2210,2021-06-26 18:11:04,52.246685,3
204,191,20.923961,2213,2021-06-26 18:11:05,52.2039565,1
205,189,21.002264,2227,2021-06-26 18:11:05,52.17791,4
206,105,20.922151,2236,2021-06-26 00:04:20,52.196038,4
207,189,21.0438022,2237,2021-06-26 18:11:04,52.174302,14
208,124,20.957165,2240,2021-06-26 18:11:05,52.156338,2
209,105,20.898859,2247,2021-06-26 18:11:00,52.238827,5
210,141,20.921326,2253,2021-06-25 18:30:50,52.197259,014
211,401,20.920378,2254,2021-06-25 19:44:39,52.196613,012
212,191,20.9624866,2258,2021-06-26 18:11:04,52.215703,3
213,L20,21.471462,24511,2021-06-25 23:35:10,52.132233,1
214,L20,21.471769,24513,2021-06-26 15:05:20,52.132652,1
215,L20,21.288664,24515,2021-06-26 18:11:02,52.097481,1
216,162,21.0443181,3400,2021-06-26 18:11:02,52.2161905,5
217,185,21.0423333,3401,2021-06-26 18:11:02,52.2278761,6
218,723,20.9213428,3403,2021-06-26 18:11:03,52.3816671,3
219,735,20.9681461,3404,2021-06-26 18:11:02,52.2713735,63
220,731,20.985848,3405,2021-06-26 18:10:46,52.306281,3
221,414,21.047923,3406,2021-06-25 20:26:01,52.264541,07
222,731,20.925408,3407,2021-06-26 18:11:03,52.4214083,1
223,738,21.0485045,3408,2021-06-26 01:02:31,52.264437,1
224,414,21.0468988,3409,2021-06-25 20:46:35,52.2649078,08
225,126,20.978715,3410,2021-06-26 18:11:01,52.3115543,2
226,169,21.04371,3411,2021-06-25 21:40:49,52.265391,1
227,140,21.0518828,3413,2021-06-26 18:11:04,52.2765003,1
228,509,21.0027473,3414,2021-06-26 18:11:00,52.2904593,2
229,114,21.0478216,3415,2021-06-25 23:08:38,52.2646596,5
230,723,21.0454035,3417,2021-06-25 21:48:49,52.2654235,1
231,145,21.0294378,3421,2021-06-26 18:11:00,52.2879538,7
232,509,21.0243975,3422,2021-06-26 18:10:53,52.2603013,355
233,Z26,20.974644,3423,2021-06-26 18:11:00,52.2354951,1
234,169,21.0477433,3429,2021-06-25 23:04:14,52.2646666,3
235,126,21.0568006,3430,2021-06-26 18:11:02,52.3018708,4
236,114,21.04857,3434,2021-06-26 00:33:00,52.264513,2
237,518,21.0478431,3437,2021-06-25 23:46:13,52.264609,6
238,705,21.0720605,3438,2021-06-26 18:11:05,52.4542818,66
239,738,21.1112558,3440,2021-06-26 18:11:01,52.3302943,2
240,114,21.0428833,3441,2021-06-25 23:51:31,52.2659116,7
241,140,21.128652,3444,2021-06-26 18:11:00,52.3516701,2
242,509,20.9421026,3446,2021-06-26 18:11:04,52.3345573,4
243,731,20.948546,3447,2021-06-26 18:10:48,52.411421,2
244,126,21.0484655,3448,2021-06-26 18:11:04,52.2889141,1
245,518,21.043485,3449,2021-06-25 21:30:55,52.265478,7
246,126,20.944428,3450,2021-06-26 18:10:52,52.322798,3
247,126,21.0120585,3451,2021-06-26 18:11:00,52.3201783,M5
248,705,21.0301745,3454,2021-06-26 18:10:43,52.385757,62
249,145,21.0002873,3455,2021-06-26 18:11:00,52.291274,6
250,Z26,21.0301771,3456,2021-06-26 18:11:02,52.2528615,5
251,509,20.9692915,3458,2021-06-26 18:10:59,52.3199035,5
252,Z26,20.9929171,3459,2021-06-26 18:11:02,52.2419473,6
253,738,21.0663378,3461,2021-06-26 18:10:59,52.2760956,3
254,731,21.04776,3463,2021-06-26 00:40:56,52.264114,5
255,735,21.0444471,3464,2021-06-25 23:05:19,52.2656713,64
256,723,21.0441993,3466,2021-06-26 00:00:11,52.265954,2
257,738,21.181521,3469,2021-06-26 18:11:03,52.4172123,1
258,L19,21.024509,36443,2021-06-26 18:11:04,52.068718,51
259,L17,20.899836,36444,2021-06-26 13:08:02,51.912342,51
260,L25,21.091696,36448,2021-06-26 18:11:02,52.018112,1
261,L39,21.021292,38541,2021-06-26 18:10:57,52.080982,4
262,L39,21.008316,38545,2021-06-26 18:10:59,52.080738,3
263,L52,21.003576,38546,2021-06-26 18:11:03,52.022812,51
264,L39,20.989628,38547,2021-06-26 17:45:51,52.110771,1
265,L39,21.019032,38548,2021-06-26 18:10:59,52.098595,2
266,L23,21.028297,38549,2021-06-26 18:11:02,52.074162,51
267,L-5,20.961796,39551,2021-06-26 18:03:17,52.066612,62
268,L-2,21.034941,39552,2021-06-25 19:11:52,52.083633,063
269,L25,21.191267,39555,2021-06-25 23:37:02,51.987377,1
270,L13,21.019878,39556,2021-06-26 18:11:04,52.065674,63
271,L13,21.019829,39558,2021-06-26 18:11:05,52.065727,61
272,L-2,20.915892,39559,2021-06-26 18:11:04,52.000942,1
273,L13,21.217253,39561,2021-06-25 20:05:15,51.98262,03
274,L12,21.029547,39562,2021-06-26 18:11:02,52.074593,1
275,L12,21.034851,39565,2021-06-26 12:57:20,52.083328,1
276,197,20.93939,4200,2021-06-26 18:11:05,52.246639,3
277,721,20.942911,4201,2021-06-26 18:11:05,52.175842,75
278,711,20.939526,4205,2021-06-26 18:11:05,52.17181,1
279,122,20.898771,4206,2021-06-26 18:11:04,52.238533,1
280,141,20.963603,4208,2021-06-26 18:11:04,52.1885864,9
281,197,20.9750754,4213,2021-06-26 18:11:05,52.2867774,4
282,154,20.9231171,4214,2021-06-26 18:11:04,52.2403117,6
283,141,21.075062,4216,2021-06-26 18:11:05,52.2327866,5
284,154,20.961275,4217,2021-06-26 18:11:04,52.216827,2
285,154,20.914726,4218,2021-06-26 18:11:05,52.239216,1
286,255,20.930992,4219,2021-06-26 18:11:04,52.225311,1
287,714,20.8974957,4220,2021-06-26 18:11:04,52.2397089,1
288,255,20.9578516,4224,2021-06-26 18:11:05,52.2282089,2
289,714,20.9178705,4226,2021-06-26 18:11:04,52.2395247,2
290,122,20.9112807,4227,2021-06-26 18:11:04,52.2532724,2
291,154,20.966053,4231,2021-06-26 18:11:04,52.183594,4
292,141,20.983919,4232,2021-06-26 18:11:05,52.197887,7
293,197,20.9478164,4233,2021-06-26 18:11:04,52.27722,5
294,L-1,20.89243,42361,2021-06-26 14:43:02,52.090702,1
295,154,20.973026,4238,2021-06-26 18:11:05,52.218681,5
296,141,21.0897049,4240,2021-06-26 18:11:04,52.2449929,3
297,122,20.9766107,4241,2021-06-26 18:11:04,52.2898577,4
298,122,20.987069,4242,2021-06-26 18:11:04,52.2789919,5
299,197,20.908583,4243,2021-06-26 18:11:04,52.218357,2
300,901,21.0174132,4244,2021-06-26 18:11:05,52.2311649,1
301,901,21.011345,4246,2021-06-26 18:11:03,52.230019,3
302,154,20.978846,4247,2021-06-26 18:11:03,52.182892,3
303,154,20.898443,4248,2021-06-26 18:11:02,52.258465,7
304,L-1,20.93656,42498,2021-06-23 19:45:16,52.08992,2
305,L-3,20.856918,42500,2021-06-26 18:11:01,52.0294,1
306,147,21.0519058,4305,2021-06-26 18:11:03,52.2376661,56
307,202,21.1057677,4307,2021-06-26 18:11:05,52.2460511,1
308,119,21.0040919,4311,2021-06-26 18:11:05,52.2044912,2
309,105,16.9750897,4332,2021-06-26 13:35:37,52.5472771,4
310,512,21.065699,4400,2021-06-26 18:11:05,52.288605,4
311,197,20.9427517,4402,2021-06-26 18:11:05,52.2271044,6
312,221,20.993885,4404,2021-06-26 18:11:03,52.259464,1
313,120,21.0353339,4405,2021-06-26 18:11:05,52.2549957,4
314,156,21.0521477,4406,2021-06-26 18:11:05,52.2530232,1
315,N02,21.044418,4407,2021-06-26 06:46:43,52.265051,3
316,240,21.095327,4408,2021-06-26 18:11:04,52.319862,1
317,197,20.8625587,4409,2021-06-26 18:11:05,52.1902275,1
318,197,20.868814,4410,2021-06-26 18:11:05,52.192249,7
319,120,21.061953,4411,2021-06-26 18:11:05,52.3616839,7
320,106,21.0108567,4412,2021-06-26 18:11:01,52.2359584,4
321,152,21.04444,4413,2021-06-25 20:19:00,52.265066,06
322,N16,21.045311,4415,2021-06-26 05:39:26,52.264876,1
323,120,21.045601,4417,2021-06-26 13:08:26,52.264446,1
324,199,21.0444199,4418,2021-06-25 20:09:09,52.264953,2
325,901,21.0433589,4420,2021-06-26 18:11:04,52.2229274,2
326,166,21.0290839,4421,2021-06-26 18:11:04,52.2611117,5
327,N03,21.0459804,4422,2021-06-26 05:41:10,52.2641299,1
328,166,21.055605,4423,2021-06-26 18:11:02,52.152939,2
329,901,21.0038812,4424,2021-06-26 18:11:05,52.2294602,4
330,512,21.051975,4425,2021-06-26 18:11:02,52.262306,2
331,120,21.051092,4428,2021-06-26 18:11:05,52.252583,3
332,512,21.051659,4429,2021-06-26 18:11:04,52.284294,3
333,120,21.045929,4431,2021-06-26 18:11:05,52.28051,5
334,512,21.0363052,4434,2021-06-26 18:11:05,52.2551312,5
335,100,20.9982311,4617,2021-06-26 18:10:54,52.2492588,M1
336,184,20.92528,5205,2021-06-26 18:11:02,52.247381,6
337,189,21.0689201,5206,2021-06-26 18:10:59,52.1813301,2
338,105,20.8971225,5208,2021-06-26 18:10:58,52.2264919,1
339,188,20.9780955,5209,2021-06-26 18:11:04,52.1694717,3
340,105,20.9702438,5210,2021-06-26 18:10:59,52.2289287,2
341,172,20.961258,5211,2021-06-26 18:10:45,52.216618,4
342,189,20.914903,5212,2021-06-26 18:10:57,52.2080462,11
343,105,20.9432603,5214,2021-06-26 18:11:02,52.226055,3
344,189,21.009225,5215,2021-06-26 18:10:45,52.175283,13
345,716,20.8364795,5216,2021-06-26 18:11:03,52.1928798,1
346,172,20.9555879,5217,2021-06-26 18:11:04,52.2120572,2
347,523,20.9568343,5221,2021-06-26 18:10:57,52.2307303,3
348,517,20.870098,5222,2021-06-26 18:11:00,52.198181,2
349,523,20.8983127,5223,2021-06-26 18:10:55,52.2584142,1
350,171,20.9248576,5224,2021-06-26 18:10:59,52.2726378,3
351,105,20.8965768,5225,2021-06-26 18:11:04,52.2319977,4
352,210,20.8403643,5228,2021-06-26 18:11:03,52.2914606,3
353,187,20.9869163,5229,2021-06-26 18:11:02,52.2161723,1
354,171,20.9146405,5232,2021-06-26 18:11:04,52.2515023,4
355,136,20.982935,5234,2021-06-26 18:10:56,52.194233,5
356,184,20.9664314,5235,2021-06-26 18:11:02,52.2117176,1
357,517,21.0080436,5236,2021-06-26 18:10:56,52.235017,5
358,Z10,20.9112927,5237,2021-06-26 18:10:56,52.247005,3
359,171,20.9250646,5238,2021-06-26 18:10:58,52.2724581,2
360,171,20.9724357,5240,2021-06-26 18:11:03,52.2372812,5
361,191,20.9821382,5241,2021-06-26 18:10:56,52.2176706,2
362,148,21.0168588,5242,2021-06-26 18:10:59,52.1529869,4
363,190,20.920664,5245,2021-06-25 20:12:48,52.196575,016
364,523,21.1024947,5253,2021-06-26 18:11:05,52.2469116,5
365,141,20.9224014,5255,2021-06-26 00:37:46,52.1970728,4
366,182,20.92243,5256,2021-06-25 19:09:29,52.1956758,011
367,188,20.979011,5257,2021-06-26 18:10:46,52.169673,52
368,187,20.9096288,5258,2021-06-26 18:11:02,52.1952173,2
369,184,20.93035,5260,2021-06-26 18:10:52,52.290826,5
370,N46,21.047172,5403,2021-06-26 06:04:29,52.2647932,150
371,500,21.0417416,5404,2021-06-26 18:11:04,52.3003084,52
372,169,21.046513,5406,2021-06-26 18:11:05,52.251373,5
373,705,20.9681414,5407,2021-06-26 18:11:04,52.2719256,65
374,160,21.0035316,5410,2021-06-26 18:11:04,52.2322397,M5
375,500,21.036604,5412,2021-06-26 18:11:04,52.267998,54
376,160,21.048203,5413,2021-06-26 18:11:04,52.287392,M2
377,500,21.0473,5419,2021-06-26 18:11:05,52.284126,M56
378,527,21.055481,5425,2021-06-26 18:11:05,52.268986,3
379,162,21.0315791,5426,2021-06-26 18:11:04,52.2608031,1
380,162,21.034328,5428,2021-06-26 18:11:05,52.25074,2
381,185,20.975876,5429,2021-06-26 18:11:04,52.289677,8
382,112,21.054235,5430,2021-06-26 18:11:05,52.295792,3
383,145,21.128429,5432,2021-06-26 18:11:05,52.252708,4
384,409,21.0421509,5433,2021-06-26 18:11:04,52.3003354,57
385,112,20.880178,5434,2021-06-26 18:11:04,52.21595,9
386,169,21.040691,5435,2021-06-26 18:11:01,52.285606,3
387,527,21.0570076,5436,2021-06-26 18:11:05,52.3241354,2
388,409,20.900269,5437,2021-06-26 18:11:05,52.297195,53
389,160,21.0540545,5438,2021-06-26 18:11:04,52.2955459,7
390,112,20.912642,5439,2021-06-26 18:11:04,52.240955,12
391,500,20.9828394,5441,2021-06-26 18:11:05,52.2533086,55
392,160,21.0030234,5443,2021-06-26 18:11:04,52.2295892,4
393,520,21.037,5445,2021-06-26 18:11:03,52.2223,4
394,511,20.968452,5448,2021-06-26 18:11:04,52.326977,1
395,160,21.0572514,5449,2021-06-26 18:11:05,52.3226906,1
396,527,21.057442,5453,2021-06-26 18:11:04,52.320129,1
397,160,21.0298449,5454,2021-06-26 18:11:04,52.2526474,3
398,723,21.000969,5455,2021-06-26 18:11:05,52.291252,2
399,511,20.927937,5459,2021-06-26 18:11:05,52.291458,2
400,185,21.0387399,5460,2021-06-26 18:11:05,52.142629,3
401,180,21.026438,5870,2021-06-26 18:11:04,52.21344,7
402,503,21.038124,5871,2021-06-26 18:11:02,52.162106,3
403,503,21.007854,5873,2021-06-26 18:11:02,52.236198,5
404,503,21.0025,5875,2021-06-26 18:11:04,52.2548,7
405,180,20.952379,5876,2021-06-26 18:11:04,52.262966,62
406,175,20.974819,5880,2021-06-26 18:11:04,52.172657,55
407,175,20.986315,5882,2021-06-26 18:11:01,52.204968,53
408,128,21.012972,5884,2021-06-26 18:11:03,52.243248,51
409,175,21.00313,5886,2021-06-26 18:11:01,52.227737,52
410,175,21.012741,5887,2021-06-26 18:11:04,52.243153,64
411,128,20.963728,5889,2021-06-26 18:11:03,52.207714,59
412,180,21.038441,5890,2021-06-26 18:11:02,52.206772,3
413,180,20.924828,5891,2021-06-26 18:11:01,52.27253,11
414,180,21.083864,5892,2021-06-26 18:11:02,52.16819,5
415,128,20.963451,5895,2021-06-26 18:11:03,52.207745,60
416,128,20.998121,5897,2021-06-25 23:36:40,52.187019,51
417,503,21.031521,5898,2021-06-26 18:11:04,52.205944,4
418,111,21.0931,5900,2021-06-26 18:11:02,52.227768,4
419,158,21.112507,5902,2021-06-26 18:11:01,52.236584,5
420,128,20.990772,5904,2021-06-26 18:11:01,52.224983,58
421,116,20.934004,5905,2021-06-26 18:11:05,52.278526,69
422,158,21.117008,5907,2021-06-25 21:44:36,52.233902,5
423,175,21.116972,5908,2021-06-25 19:38:19,52.233955,068
424,116,21.116823,5910,2021-06-26 00:07:33,52.233971,17
425,158,21.055389,5913,2021-06-26 18:11:04,52.238827,6
426,158,21.1176437,5915,2021-06-26 18:11:01,52.2337877, 
427,111,21.078897,5920,2021-06-26 18:11:04,52.226101,6
428,116,21.084171,5921,2021-06-26 18:11:05,52.167812,5
429,111,21.107388,5922,2021-06-26 07:42:12,52.233645, 
430,111,21.116245,5926,2021-06-26 00:24:55,52.234005,5
431,111,21.036804,5927,2021-06-26 18:11:04,52.235176,3
432,111,21.000586,5931,2021-06-26 18:11:02,52.244801,8
433,128,20.989368,5932,2021-06-26 18:11:04,52.219814,61
434,158,20.9535286,5933,2021-06-26 18:11:05,52.2126582,1
435,158,21.097586,5934,2021-06-26 18:11:02,52.235107,4
436,503,21.115843,5935,2021-06-26 00:31:56,52.233995,013
437,116,21.084337,5936,2021-06-26 18:11:01,52.166973,4
438,503,21.0441684,5937,2021-06-26 18:11:02,52.1739876,1
439,175,21.008034,5939,2021-06-26 18:11:04,52.235752,56
440,116,21.044369,5940,2021-06-26 18:11:00,52.192871,3
441,175,21.115613,5941,2021-06-25 21:43:06,52.234041,63
442,116,21.008135,5942,2021-06-26 18:11:04,52.235588,7
443,503,21.0255,5943,2021-06-26 18:11:00,52.2202,9
444,158,21.001915,5946,2021-06-26 18:11:02,52.227959,2
445,175,20.978224,5947,2021-06-26 18:11:04,52.169388,54
446,116,21.048901,5948,2021-06-26 18:11:03,52.188126,56
447,518,20.972275,5950,2021-06-26 18:11:03,52.320908,2
448,518,20.964779,5952,2021-06-26 18:11:03,52.318275,2
449,503,21.049942,5954,2021-06-26 18:11:03,52.144638,2
450,503,21.000505,5956,2021-06-26 18:11:03,52.253181,8
451,E-9,21.045723,5962,2021-06-25 20:17:53,52.265643,06
452,180,20.931368,5964,2021-06-26 18:11:01,52.270878,10
453,723,21.047304,5966,2021-06-25 18:56:33,52.265156,07
454,180,21.072439,5967,2021-06-26 18:11:02,52.179146,4
455,180,20.977858,5968,2021-06-26 18:11:04,52.244404,1
456,116,20.992424,5969,2021-06-26 18:11:03,52.26226,8
457,518,20.997681,5976,2021-06-26 18:11:01,52.253799,6
458,518,20.970419,5978,2021-06-26 18:11:05,52.272232,3
459,518,21.023546,5979,2021-06-26 18:11:03,52.228252,5
460,518,20.961529,5980,2021-06-26 18:11:02,52.316029,7
461,518,21.007217,5981,2021-06-26 18:11:05,52.23764,4
462,503,21.0023,5983,2021-06-26 18:11:00,52.254707,6
463,111,21.101801,5984,2021-06-26 18:11:05,52.223736,5
464,111,21.015522,5985,2021-06-26 18:11:02,52.230728,7
465,111,21.010857,5986,2021-06-26 18:11:05,52.244774,2
466,180,20.977093,5987,2021-06-26 18:11:03,52.244637,9
467,180,21.05307,5988,2021-06-26 18:11:02,52.195808,6
468,180,21.007416,5990,2021-06-26 18:11:02,52.238365,2
469,180,21.012325,5991,2021-06-26 18:11:04,52.241905,58
470,518,20.942093,5994,2021-06-26 18:11:05,52.334549,1
471,116,21.009331,5995,2021-06-26 18:11:05,52.234234,2
472,116,20.995724,5996,2021-06-26 18:11:03,52.25843,1
473,116,20.941158,5997,2021-06-26 18:11:03,52.277752,11
474,116,20.924936,5998,2021-06-26 18:11:02,52.272289,10
475,111,20.979477,5999,2021-06-26 18:11:05,52.244473,1
476,167,21.021858,6201,2021-06-26 18:11:05,52.210972,2
477,713,20.792759,6203,2021-06-26 18:10:59,52.210449,1
478,713,20.929411,6204,2021-06-26 18:11:04,52.224083,2
479,112,21.0405019,6207,2021-06-26 18:11:04,52.2875929,6
480,112,20.925814,6208,2021-06-26 18:11:05,52.262272,1
481,112,20.88274,6210,2021-06-26 18:11:04,52.214691,M11
482,112,20.9114909,6212,2021-06-26 18:11:04,52.2502167,8
483,136,21.0025674,6213,2021-06-26 18:11:05,52.1744947,10
484,187,20.862017,6214,2021-06-26 18:11:04,52.19096,3
485,210,20.928234,6220,2021-06-26 18:11:04,52.291019,1
486,187,20.8732779,6222,2021-06-26 18:11:04,52.1933134,4
487,189,20.906723,6223,2021-06-26 18:11:04,52.228481,10
488,187,21.048153,6226,2021-06-26 18:11:05,52.208012,8
489,191,20.870531,6227,2021-06-26 18:11:04,52.183388,6
490,136,21.048861,6236,2021-06-26 18:11:04,52.147682,7
491,716,20.915955,6239,2021-06-26 18:11:04,52.207226,3
492,184,20.93364,6241,2021-06-26 18:11:04,52.288826,4
493,703,20.8387644,6242,2021-06-26 18:11:04,52.0768279,74
494,706,20.943062,6243,2021-06-26 18:11:05,52.175385,1
495,L29,20.462591,65471,2021-06-26 18:10:51,52.267712,1
496,112,20.9589464,7200,2021-06-26 18:11:05,52.2756149,7
497,124,20.930944,7201,2021-06-26 18:11:04,52.162979,1
498,Z10,20.925019,7202,2021-06-26 18:11:05,52.2608442,5
499,112,21.082303,7206,2021-06-26 18:11:05,52.3044647,4
500,Z10,20.9308147,7208,2021-06-26 18:11:05,52.2249637,1
501,189,20.896994,7214,2021-06-26 18:11:05,52.2285541,7
502,728,20.8966571,7217,2021-06-26 18:11:05,52.1291334,72
503,728,20.875372,7218,2021-06-26 18:11:05,52.074451,71
504,517,21.010485,7224,2021-06-26 18:11:00,52.231808,4
505,112,21.03289,7225,2021-06-26 18:11:05,52.2989847,2
506,112,20.9208932,7226,2021-06-26 13:08:33,52.1969334,4
507,184,20.9647524,7227,2021-06-26 18:11:05,52.2101109,2
508,Z10,20.924791,7228,2021-06-26 18:11:01,52.260681,6
509,716,20.9306059,7229,2021-06-26 18:11:04,52.2250747,2
510,Z10,20.9144625,7234,2021-06-26 18:11:04,52.2527014,7
511,124,20.921078,7240,2021-06-25 18:26:53,52.196911,03
512,187,21.048265,7241,2021-06-26 18:11:04,52.178188,7
513,187,21.048782,7243,2021-06-26 18:11:03,52.206757,6
514,210,20.808556,7244,2021-06-26 18:11:04,52.30331,2
515,167,21.005651,7245,2021-06-26 18:11:05,52.215721,6
516,191,20.910568,7247,2021-06-26 18:11:04,52.195503,4
517,172,21.069172,7248,2021-06-26 18:11:04,52.181313,7
518,189,20.9276459,7249,2021-06-26 18:11:05,52.1957754,5
519,188,21.020233,7250,2021-06-26 18:11:04,52.217934,1
520,517,20.949423,7251,2021-06-26 18:10:58,52.209873,6
521,182,21.070744,7252,2021-06-26 18:11:03,52.230431,2
522,517,20.9269149,7254,2021-06-26 18:11:05,52.1962132,3
523,523,21.082115,7255,2021-06-26 18:11:05,52.239979,7
524,191,20.87034,7256,2021-06-26 18:11:04,52.183533,5
525,188,21.088799,7257,2021-06-26 18:11:05,52.250153,5
526,182,21.039042,7259,2021-06-26 18:11:05,52.223042,4
527,138,21.092793,7301,2021-06-26 18:11:05,52.260502,6
528,141,21.112926,7303,2021-06-26 18:10:52,52.23622,4
529,148,21.0873929,7304,2021-06-26 18:10:52,52.2447896,9
530,151,21.0997657,7305,2021-06-26 18:11:05,52.2308059,2
531,182,20.96928,7306,2021-06-26 18:11:05,52.218864,3
532,162,21.0488215,7308,2021-06-26 18:11:05,52.2065602,3
533,507,21.004238,7310,2021-06-26 18:11:04,52.230946,2
534,125,21.19651,7312,2021-06-26 18:11:04,52.208336,2
535,E-1,21.1167422,7314,2021-06-25 19:42:06,52.2335197,01
536,520,21.1361174,7315,2021-06-26 18:11:05,52.2413667,5
537,143,21.1164757,7317,2021-06-25 19:35:11,52.2334452,3
538,162,21.085005,7322,2021-06-26 18:11:04,52.193283,4
539,523,20.914246,7324,2021-06-26 18:11:04,52.239151,2
540,520,21.004068,7325,2021-06-26 18:11:04,52.241192,2
541,148,20.9780377,7326,2021-06-26 18:11:05,52.169571,5
542,138,21.100574,7327,2021-06-26 18:11:05,52.260582,7
543,171,20.977396,7328,2021-06-26 18:11:05,52.237904,8
544,520,21.046976,7331,2021-06-26 18:11:05,52.224823,1
545,150,20.893869,753,2021-06-26 18:11:05,52.338638,3
546,750,20.904577,755,2021-06-26 18:11:03,52.327156,2
547,250,20.868574,757,2021-06-26 18:11:00,52.332874,1
548,750,20.746784,758,2021-06-26 18:11:04,52.391754,3
549,150,20.928194,761,2021-06-26 18:11:01,52.290962,1
550,250,20.919678,763,2021-06-26 18:11:04,52.282246,3
551,521,20.96954,7701,2021-06-26 18:11:05,52.2088187,3
552,750,20.837285667,773,2021-06-26 18:11:05,52.367402167,4
553,250,20.927856,775,2021-06-26 18:11:05,52.291176,2
554,750,20.931303,776,2021-06-26 18:11:04,52.292484,1
555,150,20.8537041,777,2021-06-26 18:11:05,52.3450675,2
556,138,21.0210583,8120,2021-06-26 18:11:01,52.2103983,1
557,185,20.9750513,8138,2021-06-26 18:11:02,52.2791465,7
558,172,21.0341888,8139,2021-06-26 18:11:03,52.2016753,6
559,727,20.997388,8148,2021-06-25 21:39:43,52.187336,4
560,522,21.0031905,8154,2021-06-26 18:10:57,52.2301033,6
561,167,20.950881,8166,2021-06-26 18:10:57,52.2290716,5
562,143,21.0120986,8167,2021-06-26 18:10:59,52.2173138,2
563,522,20.998243,8174,2021-06-25 20:09:50,52.1878,013
564,504,20.9845888,8178,2021-06-26 18:10:59,52.2014288,3
565,519,20.996546,8180,2021-06-25 22:35:23,52.187545,5
566,136,20.9628218,8181,2021-06-26 18:10:59,52.2159538,4
567,138,21.003951,8183,2021-06-26 18:10:55,52.170966,2
568,172,21.0629043,8184,2021-06-26 18:11:02,52.1861828,8
569,504,21.0177693,8187,2021-06-26 18:10:52,52.1527468,2
570,519,21.084521,8188,2021-06-26 18:10:52,52.163648,2
571,504,20.9807188,8189,2021-06-26 18:11:01,52.1884338,5
572,198,21.1173818,8210,2021-06-25 18:57:27,52.2334423,04
573,151,21.1167196,8218,2021-06-25 19:22:39,52.2335221,04
574,514,21.1842478,8222,2021-06-26 18:11:05,52.2472596,4
575,188,21.1161338,8225,2021-06-25 20:54:43,52.2335866,08
576,143,21.114924,8228,2021-06-25 23:38:50,52.234206,6
577,509,21.116793,8231,2021-06-25 20:04:19,52.233758,021
578,514,21.0154001,8300,2021-06-26 18:10:57,52.219201,3
579,502,21.2432556,8301,2021-06-26 18:11:00,52.2213655,4
580,125,21.041392,8303,2021-06-26 18:11:02,52.2415853,5
581,125,21.195419,8305,2021-06-26 18:11:04,52.2077828,3
582,509,20.940558,8310,2021-06-26 18:10:50,52.326875,3
583,502,21.112946,8313,2021-06-26 18:11:06,52.2330098,6
584,182,21.11721,8315,2021-06-25 19:08:30,52.233705,013
585,145,21.087561,8317,2021-06-26 18:10:54,52.286501,1
586,188,21.1129866,8318,2021-06-26 18:11:03,52.2446088,6
587,168,21.11586,8320,2021-06-25 21:27:01,52.23366,07
588,514,21.015747,8323,2021-06-26 18:11:00,52.2211023,2
589,145,21.1319346,8324,2021-06-26 18:11:00,52.2385406,2
590,720,21.341106,8325,2021-06-26 18:11:01,52.1501531,1
591,125,21.117233,8327,2021-06-25 20:58:39,52.234053,3
592,145,21.0516176,8328,2021-06-26 18:11:06,52.2920345,5
593,411,21.117353,8330,2021-06-25 20:35:38,52.233359,53
594,148,21.0870978,8331,2021-06-26 18:11:04,52.244756,1
595,502,21.015527,8335,2021-06-26 18:11:06,52.2192368,1
596,143,21.0405235,8339,2021-06-26 18:10:35,52.2234373,1
597,704,21.2646658,8340,2021-06-26 18:11:02,52.222334,1
598,171,21.0213267,8342,2021-06-26 18:11:02,52.2312517,6
599,151,21.015705,8344,2021-06-26 18:10:55,52.2215083,3
600,185,21.0191283,8345,2021-06-26 18:10:57,52.2480467,1
601,145,21.116836,8346,2021-06-25 19:31:54,52.233566,016
602,145,21.116093,8347,2021-06-25 19:40:44,52.233476,012
603,523,20.949915,8348,2021-06-26 18:11:02,52.2384033,9
604,507,21.102358,8349,2021-06-26 18:10:53,52.222018,5
605,411,21.116288,8350,2021-06-25 20:43:54,52.233658,061
606,125,21.1049017,8351,2021-06-26 18:11:03,52.2417083,4
607,125,21.1139117,8352,2021-06-26 18:10:59,52.23996,1
608,151,21.09393,8353,2021-06-26 18:10:54,52.2312517,1
609,521,21.12311,8355,2021-06-26 18:11:03,52.2358967,2
610,N03,21.117188,8357,2021-06-26 05:01:26,52.233246,254
611,502,21.10662,8358,2021-06-26 18:10:59,52.2339433,3
612,507,21.0820533,8360,2021-06-26 18:10:59,52.2260567,4
613,704,21.1479383,8362,2021-06-26 18:10:54,52.22629,2
614,521,21.19552,8363,2021-06-26 18:10:41,52.1769233,5
615,507,21.06324,8366,2021-06-26 18:11:02,52.228478,1
616,143,21.17823,8367,2021-06-26 18:10:53,52.2601717,6
617,502,21.2425383,8368,2021-06-26 18:10:50,52.21704,5
618,521,21.204703,8369,2021-06-26 18:10:46,52.159385,1
619,141,21.117058,8397,2021-06-25 19:41:02,52.233698,012
620,502,21.1151075,8403,2021-06-25 23:03:57,52.2336293,064
621,411,21.1156411,8440,2021-06-25 20:20:48,52.2335555,062
622,511,20.9551921,8443,2021-06-26 18:11:05,52.3401421,3
623,112,20.883036,8445,2021-06-26 18:11:04,52.214802,10
624,169,21.0419036,8447,2021-06-26 18:11:05,52.3001352,2
625,509,21.0469897,8448,2021-06-26 18:11:05,52.2477026,1
626,160,21.0427149,8450,2021-06-26 18:11:04,52.2582789,6
627,409,20.925518,8452,2021-06-26 18:11:04,52.27269,58
628,735,21.011742,8454,2021-06-26 18:11:05,52.453789,61
629,112,21.079487,8455,2021-06-26 18:11:05,52.307049,5
630,731,20.968296,8457,2021-06-26 18:11:05,52.326527,4
631,185,21.0485019,8458,2021-06-26 11:00:08,52.2645874,6
632,169,21.0518184,8459,2021-06-26 18:11:05,52.252885,4
633,409,20.886866,8460,2021-06-26 18:10:03,52.304684,51
634,169,21.0474087,8461,2021-06-26 18:11:04,52.2845396,1
635,141,20.94415,8500,2021-06-26 18:10:49,52.1754567,8
636,Z26,21.0046,8501,2021-06-26 18:10:52,52.2458517,3
637,522,21.0597,8502,2021-06-26 18:10:59,52.17836,2
638,189,21.0688883,8504,2021-06-26 18:10:57,52.18127,1
639,N33,20.996476,8505,2021-06-26 05:42:44,52.187546,172
640,185,20.997366,8507,2021-06-25 23:56:14,52.186391,9
641,174,20.9998783,8508,2021-06-26 18:11:03,52.231315,3
642,189,20.996501,8509,2021-06-26 00:35:47,52.18806,12
643,331,20.997095,8511,2021-06-25 18:21:40,52.187653,01
644,148,20.998374,8514,2021-06-26 00:52:13,52.188333,5
645,N37,20.998273,8516,2021-06-26 05:43:10,52.188213,246
646,136,20.966045,8517,2021-06-26 18:10:53,52.2432067,3
647,165,21.001671,8520,2021-06-26 18:10:56,52.156381,3
648,185,21.06351,8521,2021-06-26 18:10:52,52.1865633,2
649,136,21.055761,8522,2021-06-26 18:10:59,52.14737,8
650,733,20.997863,8523,2021-06-25 20:19:16,52.187501,62
651,185,21.03029,8524,2021-06-26 18:10:50,52.142181,4
652,519,21.092755,8525,2021-06-26 18:11:03,52.1169333,4
653,136,21.027823,8528,2021-06-26 18:10:50,52.162604,6
654,143,21.1770817,8530,2021-06-26 18:10:57,52.2570067,5
655,308,20.997771,8531,2021-06-25 19:03:30,52.187649,02
656,136,20.997748,8533,2021-06-25 23:20:13,52.188256,10
657,N03,20.997894,8534,2021-06-26 05:57:03,52.18594,156
658,131,20.996449,8535,2021-06-25 22:36:53,52.186401,10
659,519,21.015475,8536,2021-06-26 18:10:57,52.219515,7
660,N33,20.996953,8537,2021-06-26 05:04:45,52.186869,173
661,519,21.0051533,8539,2021-06-26 18:11:02,52.2194667,8
662,217,21.0241783,8540,2021-06-26 18:11:02,52.1796333,2
663,N34,20.996438,8541,2021-06-26 05:33:51,52.187668,149
664,N37,20.99783,8545,2021-06-26 05:44:42,52.187465,132
665,167,20.9430317,8547,2021-06-26 18:10:58,52.2262283,3
666,733,20.9154267,8548,2021-06-26 18:10:58,52.1725683,1
667,504,21.0451817,8550,2021-06-26 18:10:59,52.142395,6
668,519,21.100746,8551,2021-06-26 18:10:48,52.134039,5
669,522,21.018303,8552,2021-06-26 18:10:52,52.21246,1
670,Z26,20.980185,8553,2021-06-26 18:10:53,52.237215,2
671,148,21.05131,8559,2021-06-26 18:11:04,52.17891,7
672,151,21.116914,8561,2021-06-25 23:54:17,52.233616,1
673,171,21.0313367,8562,2021-06-26 18:10:55,52.229305,7
674,521,21.116369,8565,2021-06-25 20:39:03,52.233641,08
675,520,21.155965,8566,2021-06-26 18:10:56,52.24041,6
676,523,21.107578,8567,2021-06-26 18:11:02,52.249079,6
677,509,21.098655,8569,2021-06-26 18:10:58,52.2266083,9
678,148,21.042533,8570,2021-06-26 18:10:44,52.148054,6
679,143,21.1417683,8573,2021-06-26 18:10:57,52.2596817,4
680,521,21.02541,8574,2021-06-26 18:10:56,52.23286,4
681,523,20.99151,8576,2021-06-26 18:10:56,52.2163283,8
682,141,21.0070617,8578,2021-06-26 18:11:03,52.1953767,1
683,190,21.046053,8582,2021-06-25 18:46:44,52.264343,021
684,523,21.0388033,8586,2021-06-26 18:10:51,52.2229583,4
685,520,21.1386167,8589,2021-06-26 18:10:57,52.2385133,7
686,185,21.056305,8592,2021-06-26 18:10:51,52.18207,5
687,N13,21.114978,8593,2021-06-26 05:47:18,52.233611,247
688,145,21.0882617,8594,2021-06-26 18:11:01,52.2447683,3
689,188,20.9880633,8595,2021-06-26 18:10:50,52.21615,4
690,168,21.1133421,8800,2021-06-26 18:11:04,52.2344666,5
691,189,20.9132261,8802,2021-06-26 18:11:02,52.2105585,6
692,148,21.0468556,8804,2021-06-26 18:11:00,52.1637703,3
693,168,21.112763,8805,2021-06-26 18:10:57,52.2363691,6
694,136,20.9857803,8806,2021-06-26 18:11:03,52.2047653,1
695,189,21.0446326,8807,2021-06-26 18:11:02,52.1757003,3
696,138,21.0223061,8808,2021-06-26 18:11:03,52.2071736,4
697,168,21.0012561,8810,2021-06-26 18:11:01,52.1995391,2
698,167,21.0829048,8812,2021-06-26 18:11:01,52.2083195,1
699,136,20.9569466,8813,2021-06-26 18:11:03,52.2379333,2
700,504,21.0046558,8814,2021-06-26 18:11:02,52.229486,4
701,217,21.0478061,8816,2021-06-26 18:10:58,52.17426,1
702,167,21.079426,8818,2021-06-26 18:10:49,52.208448,7
703,167,20.925722,8819,2021-06-26 18:10:59,52.234067,4
704,174,21.0141295,8820,2021-06-26 18:11:04,52.183202,371
705,N43,20.9959001,8821,2021-06-26 05:29:35,52.1875351,220
706,189,20.977641,8822,2021-06-26 18:10:58,52.184123,12
707,519,21.0055025,8823,2021-06-26 18:11:01,52.2287175,8
708,148,21.0582318,8825,2021-06-26 18:10:59,52.200968,2
709,522,21.0730421,8826,2021-06-26 18:10:59,52.1595395,318
710,514,21.1653606,8828,2021-06-26 18:11:03,52.2537225,1
711,509,21.060985,8829,2021-06-26 18:10:58,52.2319498,7
712,143,21.1159901,8832,2021-06-26 18:11:03,52.23901,7
713,502,21.0152146,8833,2021-06-26 18:11:01,52.2186855,2
714,182,21.1170115,8834,2021-06-26 18:11:04,52.2334185,M5
715,N83,21.116546,8839,2021-06-26 05:25:32,52.233586,174
716,520,21.0011086,8840,2021-06-26 18:11:02,52.2439211,3
717,138,21.1172336,8841,2021-06-25 22:19:45,52.2337476,1
718,521,21.1161941,8844,2021-06-25 20:59:15,52.2334716,09
719,138,21.0379918,8846,2021-06-26 18:11:03,52.252181,8
720,143,21.084119,8850,2021-06-26 18:11:04,52.2454053,3
721,138,21.0467076,8852,2021-06-26 18:10:58,52.2477996,5
722,509,21.1023291,8853,2021-06-26 18:11:04,52.2218873,8
723,182,21.1128198,8854,2021-06-26 18:10:59,52.236361,1
724,518,21.047239,8859,2021-06-25 21:49:41,52.2647968,9
725,412,21.047084,8862,2021-06-25 20:21:52,52.264918,05
726,509,21.043849,8863,2021-06-25 22:53:53,52.266028,14
727,723,21.047273,8864,2021-06-25 19:20:55,52.264625,08
728,269,21.043698,8866,2021-06-25 22:15:02,52.266003,04
729,738,21.046916,8868,2021-06-25 18:47:25,52.264738,05
730,340,21.046388,8870,2021-06-25 19:12:44,52.265081,03
731,511,21.046323,8874,2021-06-25 18:33:00,52.265079,05
732,340,21.048342,8876,2021-06-25 18:55:45,52.264397,06
733,723,20.9209833,8878,2021-06-26 18:10:59,52.376595,1
734,511,21.0472221,8879,2021-06-25 19:11:55,52.2646076,07
735,709,20.996574,8880,2021-06-25 18:58:33,52.18762,016
736,136,21.030448,8881,2021-06-26 18:11:03,52.153597,9
737,174,20.9953438,8882,2021-06-26 18:10:59,52.1702291,1
738,165,20.9905511,8883,2021-06-26 18:11:02,52.1552325,4
739,504,21.0687376,8885,2021-06-26 18:10:57,52.1290328,1
740,504,20.9985235,8886,2021-06-26 11:14:42,52.1878498,6
741,165,21.016186,8888,2021-06-26 18:11:02,52.1799793,2
742,165,21.0242516,8891,2021-06-26 18:10:59,52.1797603,1
743,148,21.092876,8893,2021-06-26 18:10:54,52.225361,8
744,172,20.9778191,8895,2021-06-26 18:10:58,52.2065306,5
745,522,21.0343305,8896,2021-06-26 18:11:00,52.2031713,5
746,138,20.9956686,8897,2021-06-26 18:11:02,52.1701735,3
747,519,21.0343473,8899,2021-06-26 18:11:03,52.2031315,1
748,161,21.201748,9061,2021-06-26 18:11:03,52.170704,1
749,104,21.000292,9063,2021-06-26 18:11:04,52.291477,2
750,161,21.219807,9068,2021-06-26 18:11:04,52.18589,2
751,211,20.961256,9070,2021-06-26 18:11:04,52.316952,3
752,211,20.941481,9074,2021-06-26 18:11:00,52.355335,4
753,211,20.941385,9075,2021-06-26 18:11:03,52.355747,M5
754,234,21.017941,9079,2021-06-26 18:11:04,52.310558,2
755,800,20.777901,9082,2021-06-26 18:11:00,52.36573,M1
756,900,20.953598,9084,2021-06-26 18:11:03,52.358902,1
757,161,21.224834,9088,2021-06-26 18:11:01,52.186668,M3
758,104,21.032175,9091,2021-06-26 18:11:05,52.330166,1
759,211,21.000797,9092,2021-06-26 18:11:04,52.291073,2
760,211,20.963633,9093,2021-06-26 18:11:01,52.317772,1
761,219,21.102495,9201,2021-06-26 18:10:59,52.222733,1
762,107,21.027456,9204,2021-06-26 18:10:58,52.224152,1
763,107,20.996868,9205,2021-06-26 18:11:01,52.24654,2
764,121,20.967909,9206,2021-06-26 18:10:59,52.271965,M2
765,239,21.033504,9209,2021-06-26 18:11:02,52.155567,54
766,107,20.979393,9210,2021-06-26 18:10:58,52.244469,3
767,201,20.924912,9212,2021-06-26 18:11:05,52.261467,3
768,121,20.968099,9213,2021-06-26 18:10:56,52.272031,1
769,133,20.952488,9214,2021-06-26 18:10:58,52.317039,1
770,133,20.982359,9215,2021-06-26 18:10:58,52.355476,2
771,164,21.135723,9216,2021-06-26 18:10:59,52.14782,2
772,164,21.129858,9217,2021-06-26 18:10:57,52.155258,1
773,164,21.082792,9219,2021-06-26 18:11:04,52.190502,3
774,177,20.884161,9220,2021-06-26 18:11:03,52.205811,1
775,177,20.883059,9221,2021-06-26 18:11:04,52.206707,2
776,203,20.920683,9222,2021-06-26 18:10:59,52.275906,2
777,107,21.007198,9223,2021-06-26 18:11:04,52.238373,4
778,208,20.975609,9225,2021-06-26 18:11:00,52.210258,2
779,209,20.98703,9227,2021-06-26 18:11:01,52.129616,51
780,228,20.893019,9228,2021-06-26 18:11:00,52.200375,1
781,228,20.972868,9229,2021-06-26 18:11:00,52.193329,3
782,177,20.904011,9230,2021-06-26 18:11:00,52.185677,3
783,228,20.923582,9231,2021-06-26 18:11:04,52.208309,2
784,209,20.981035,9233,2021-06-26 18:11:03,52.132847,52
785,201,20.939825,9234,2021-06-26 18:11:04,52.246628,2
786,219,21.159681,9235,2021-06-26 18:11:02,52.185425,2
787,208,20.945429,9236,2021-06-26 18:11:04,52.207161,1
788,264,21.086292,9240,2021-06-26 18:11:03,52.160313,1
789,107,21.046438,9241,2021-06-26 18:11:05,52.214619,M5
790,201,20.925854,9243,2021-06-26 18:11:05,52.232086,1
791,219,21.109688,9250,2021-06-26 18:11:00,52.216366,3
792,209,21.038603,9252,2021-06-26 18:11:01,52.15419,53
793,199,21.051643,9311,2021-06-26 18:11:03,52.276627,4
794,135,21.102049,9312,2021-06-26 18:11:00,52.242077,3
795,135,21.035717,9313,2021-06-26 18:11:01,52.251133,4
796,123,21.052404,9316,2021-06-26 18:11:04,52.250214,1
797,123,21.051207,9317,2021-06-26 18:11:02,52.239136,3
798,179,21.033333,9318,2021-06-26 18:11:00,52.155411,7
799,153,21.177071,9319,2021-06-26 18:10:59,52.256874,3
800,179,21.059992,9320,2021-06-26 18:11:02,52.140541,3
801,142,21.211426,9321,2021-06-26 18:11:05,52.160904,4
802,123,21.097528,9322,2021-06-26 18:11:00,52.234409,2
803,123,21.076359,9323,2021-06-26 18:11:01,52.225933,5
804,179,21.025764,9325,2021-06-26 18:10:58,52.142483,4
805,135,21.036226,9326,2021-06-26 18:10:57,52.261494,1
806,179,21.036043,9327,2021-06-26 18:11:03,52.162342,5
807,135,21.097189,9328,2021-06-26 18:09:37,52.23423,2
808,179,21.037073,9329,2021-06-26 18:11:03,52.16206,6
809,179,21.066818,9333,2021-06-26 18:11:00,52.130306,52
810,123,21.051008,9337,2021-06-26 18:11:04,52.252522,4
811,153,21.150881,9338,2021-06-26 18:11:05,52.269897,2
812,123,21.0846,9339,2021-06-26 18:11:03,52.250488,357
813,153,21.154308,9340,2021-06-26 18:11:02,52.26688,1
814,199,21.179745,9342,2021-06-26 18:11:04,52.269096,2
815,123,21.077581,9345,2021-06-25 21:25:22,52.268494,357
816,179,21.050764,9349,2021-06-26 18:11:01,52.154892,1
817,142,21.13447,9351,2021-06-26 18:10:59,52.230801,1
818,142,21.212727,9352,2021-06-26 18:10:59,52.16111,3
819,142,21.136925,9354,2021-06-26 18:11:04,52.230061,M5
820,199,21.1440509,9355,2021-06-26 18:11:02,52.2696932,1
821,142,21.088577,9357,2021-06-26 18:11:01,52.244892,2
822,103,20.945606,9411,2021-06-26 18:11:04,52.265202,4
823,157,20.98634,9412,2021-06-26 18:11:01,52.240215,3
824,117,21.036152,9413,2021-06-26 18:11:04,52.23502,3
825,516,21.000931,9414,2021-06-26 18:11:02,52.291168,4
826,157,20.994951,9416,2021-06-26 18:11:05,52.259308,6
827,117,21.090599,9417,2021-06-26 18:11:05,52.222069,1
828,103,20.958088,9418,2021-06-26 18:11:03,52.245636,2
829,134,21.049932,9419,2021-06-26 18:11:03,52.319302,1
830,134,20.968346,9420,2021-06-26 18:10:59,52.271866,2
831,134,21.048285,9423,2021-06-26 18:11:03,52.326862,3
832,117,21.102524,9424,2021-06-26 18:11:00,52.222126,4
833,117,21.01335,9425,2021-06-26 18:11:04,52.229622,2
834,103,20.92667,9427,2021-06-26 18:11:04,52.29034,5
835,157,20.976416,9428,2021-06-26 18:11:04,52.289898,1
836,157,20.976995,9429,2021-06-26 18:11:05,52.28743,2
837,245,21.06625,9431,2021-06-26 18:11:04,52.276024,1
838,516,20.939661,9432,2021-06-26 18:11:03,52.321838,1
839,516,20.942097,9434,2021-06-26 18:11:04,52.33416,2
840,516,20.981714,9436,2021-06-26 18:11:03,52.30949,3
841,176,20.982216,9438,2021-06-26 18:11:02,52.355595,1
842,157,20.983406,9439,2021-06-26 18:11:02,52.219013,5
843,103,20.945379,9442,2021-06-26 18:11:04,52.294933,1
844,103,20.969158,9443,2021-06-26 18:11:00,52.223526,3
845,245,21.096163,9446,2021-06-26 18:11:02,52.286148,2
846,712,20.865793,9450,2021-06-26 18:11:02,52.275337,1
847,176,20.997206,9452,2021-06-26 18:11:01,52.319244,3
848,176,21.027838,9453,2021-06-26 18:11:05,52.281494,2
849,743,20.929867,9459,2021-06-26 18:11:00,52.224777,1
850,194,20.864960833,9501,2021-06-26 18:11:02,52.207517833,4
851,181,20.980953167,9503,2021-06-26 18:11:05,52.2756695,2
852,717,20.964825167,9504,2021-06-26 18:11:05,52.218234667,3
853,139,21.102108167,9507,2021-06-26 18:11:05,52.131062167,2
854,149,20.894396167,9509,2021-06-26 18:11:05,52.249706,2
855,729,20.9503135,9511,2021-06-26 18:11:05,52.238524667,1
856,149,20.9404815,9514,2021-06-26 18:11:01,52.246708833,4
857,159,21.081467833,9515,2021-06-26 18:11:05,52.1905135,1
858,159,21.020933833,9519,2021-06-26 18:11:04,52.2237205,4
859,159,21.083298833,9520,2021-06-26 18:11:04,52.191225833,5
860,181,20.912518333,9521,2021-06-26 18:11:03,52.310067,1
861,715,21.0234835,9522,2021-06-26 18:11:05,52.142881167,55
862,181,20.899902667,9524,2021-06-26 18:11:04,52.297149667,4
863,194,20.930352333,9525,2021-06-26 18:11:03,52.224986833,1
864,181,20.960388333,9526,2021-06-26 18:11:03,52.281668833,3
865,220,20.896618333,9529,2021-06-26 18:11:02,52.232073667,3
866,717,20.926844167,9530,2021-06-26 18:11:01,52.195221,2
867,159,21.001882833,9531,2021-06-26 18:11:04,52.223168167,2
868,194,20.930140667,9532,2021-06-26 18:11:01,52.224945167,2
869,194,20.89626,9533,2021-06-26 18:11:05,52.200924667,3
870,194,20.881878667,9534,2021-06-26 18:11:03,52.1962745,5
871,220,20.895164167,9535,2021-06-26 18:11:05,52.202972167,1
872,220,20.925023833,9537,2021-06-26 18:11:05,52.260723333,4
873,300,21.0070765,9538,2021-06-26 18:11:04,52.162345667,M1
874,149,20.946564167,9539,2021-06-26 18:11:05,52.247024667,3
875,707,21.014542833,9540,2021-06-26 18:11:02,52.081735667,1
876,715,20.943875,9542,2021-06-26 18:11:03,52.175863167,53
877,737,20.931339667,9543,2021-06-26 18:10:59,52.066313667,54
878,717,20.8400995,9544,2021-06-26 18:11:05,52.186372667,1
879,724,21.080727833,9546,2021-06-26 18:10:29,52.130698,1
880,139,21.043420667,9548,2021-06-26 18:11:01,52.17529,1
881,715,21.030027667,9554,2021-06-26 18:11:02,52.147680667,51
882,149,20.901123167,9555,2021-06-26 18:11:02,52.239198,1
883,159,20.9547335,9556,2021-06-26 18:11:05,52.211939667,3
884,220,20.943805167,9557,2021-06-26 18:11:02,52.175605667,2
885,152,21.060513,9673,2021-06-26 18:11:04,52.315056,5
886,152,20.969368,9678,2021-06-26 18:11:01,52.319904,1
887,152,20.952284,9680,2021-06-26 18:10:56,52.31691,2
888,118,21.030014,9681,2021-06-26 18:10:57,52.230099,3
889,212,21.054155,9682,2021-06-26 18:11:04,52.295486,2
890,118,21.015881,9683,2021-06-26 18:11:00,52.222145,4
891,118,21.007652,9685,2021-06-26 18:11:02,52.291733,2
892,152,21.004314,9687,2021-06-26 18:10:59,52.336266,4
893,152,20.970058,9688,2021-06-26 18:10:57,52.333824,3
894,118,21.00477,9689,2021-06-26 18:10:57,52.263229,5
895,212,21.038866,9692,2021-06-26 18:11:04,52.269142,3
896,212,21.056061,9696,2021-06-26 18:10:58,52.30204,1
897,118,21.041355,9697,2021-06-26 18:11:01,52.300102,1
898,212,21.042746,9698,2021-06-26 18:10:58,52.272804,4
899,109,20.941551,9801,2021-06-26 18:10:56,52.239426,1
900,710,21.066465,9802,2021-06-26 18:11:03,52.131241,1
901,525,21.155079,9803,2021-06-26 18:11:04,52.226234,3
902,Z10,20.915054,9804,2021-06-26 18:11:01,52.229408,2
903,109,21.043297,9805,2021-06-26 18:10:59,52.22303,3
904,109,20.937738,9806,2021-06-26 18:11:01,52.239628,5
905,109,20.898821,9807,2021-06-26 18:10:58,52.238487,6
906,127,20.982697,9809,2021-06-26 18:11:01,52.223206,2
907,127,20.89547,9810,2021-06-26 18:11:04,52.208786,1
908,127,21.026632,9811,2021-06-26 18:10:57,52.239887,335
909,131,21.049696,9814,2021-06-26 18:10:58,52.201794,4
910,127,20.91754,9816,2021-06-26 18:11:03,52.207649,56
911,127,20.989052,9817,2021-06-26 18:10:59,52.224438,5
912,131,21.083876,9818,2021-06-26 18:11:02,52.167976,2
913,131,21.003756,9820,2021-06-26 18:11:01,52.229416,6
914,131,21.069313,9821,2021-06-26 18:11:00,52.181236,1
915,525,21.003592,9822,2021-06-26 18:10:57,52.229519,1
916,519,21.052552,9825,2021-06-26 18:07:14,52.184745,6
917,525,21.019615,9826,2021-06-26 18:11:04,52.218071,2
918,710,21.114763,9827,2021-06-26 18:11:03,52.101952,2
919,Z10,20.929579,9828,2021-06-26 18:10:59,52.223846,9
920,525,21.19656,9829,2021-06-26 18:11:01,52.208279,4
921,525,21.166124,9830,2021-06-26 18:11:03,52.212978,5
922,742,21.21438,9833,2021-06-26 18:10:58,51.986305,1
923,710,21.120043,9834,2021-06-26 18:10:58,52.084736,4
924,719,20.677769,9835,2021-06-26 18:11:00,52.262157,1
925,Z10,20.91452,9836,2021-06-26 18:10:58,52.2355,8
926,109,21.00374,9838,2021-06-26 18:10:56,52.227913,4
927,127,21.029949,9839,2021-06-26 18:11:01,52.240063,4
928,109,21.004532,9842,2021-06-26 18:11:02,52.230556,2
929,525,21.032677,9846,2021-06-26 18:10:57,52.221092,319
930,719,20.760117,9849,2021-06-26 18:11:04,52.256481,2
931,719,20.950071,9852,2021-06-26 18:10:58,52.238598,3
932,131,21.014725,9854,2021-06-26 18:11:01,52.224689,3
933,114,21.020241,9901,2021-06-26 18:11:05,52.288498,1
934,114,20.925205,9903,2021-06-26 18:11:03,52.310532,5
935,186,20.956549,9905,2021-06-26 18:11:04,52.238438,5
936,193,21.010759,9906,2021-06-26 18:11:01,52.171204,1
937,114,21.041824,9907,2021-06-26 18:11:01,52.300236,7
938,186,20.968967,9908,2021-06-26 18:11:02,52.319748,1
939,186,20.941517,9909,2021-06-26 18:11:00,52.332378,3
940,186,20.975458,9912,2021-06-26 18:11:00,52.204563,6
941,186,20.95927,9915,2021-06-26 18:10:58,52.268307,9
942,186,20.942186,9916,2021-06-26 18:11:03,52.334091,2
943,190,21.061354,9919,2021-06-26 18:11:05,52.2696,2
944,190,20.896835,9920,2021-06-26 18:10:59,52.229557,5
945,190,21.035471,9921,2021-06-26 18:11:03,52.255081,9
946,190,21.081606,9922,2021-06-26 18:11:04,52.294739,10
947,193,21.038422,9923,2021-06-26 18:11:04,52.153873,2
948,193,21.045069,9925,2021-06-26 18:11:04,52.156906,3
949,114,20.982204,9928,2021-06-26 18:11:02,52.26791,63
950,114,20.958004,9930,2021-06-26 18:11:02,52.267895,2
951,193,20.995432,9933,2021-06-26 18:11:00,52.170242,4
952,190,20.921486,9935,2021-06-26 18:11:00,52.240063,4
953,186,20.969147,9939,2021-06-26 18:11:00,52.213612,8
954,114,20.933168,9940,2021-06-26 18:11:04,52.289516,4
955,114,21.042215,9941,2021-06-26 18:11:03,52.295807,6
956,186,20.989159,9942,2021-06-26 18:11:03,52.303822,4
957,190,20.965635,9946,2021-06-26 18:11:02,52.237247,8
958,190,20.97764,9947,2021-06-26 18:11:02,52.237946,3
959,190,20.898857,9949,2021-06-26 18:11:04,52.238956,6
960,190,20.928593,9951,2021-06-26 18:11:02,52.240662,7
961,190,21.078341,9953,2021-06-26 18:11:01,52.29044,1
962,186,20.963823,9954,2021-06-26 18:11:03,52.207748,67
963,o43A,21.423235,9999,2021-06-25 14:26:34,50.302956,1
