,Lines,Lon,VehicleNumber,Time,Lat,Brigade
0,213,21.1152613,1000,2021-06-25 23:22:58,52.2346205,3
1,213,21.115043,1001,2021-06-25 23:56:49,52.23463,1
2,213,21.102303,1003,2021-06-26 17:38:56,52.22279,1
3,311,21.115233,1004,2021-06-25 21:52:40,52.23458,2
4,196,21.11514,1005,2021-06-25 23:48:58,52.234611,1
5,130,21.11559,1008,2021-06-25 20:19:05,52.234613,04
6,213,21.1603218,1010,2021-06-26 17:38:55,52.2108708,2
7,213,21.1875538,1011,2021-06-26 17:38:55,52.183955,4
8,311,21.1155166,1012,2021-06-25 21:16:38,52.2346153,1
9,213,21.1871843,1015,2021-06-26 17:38:58,52.1526498,3
10,108,21.030935,1020,2021-06-26 17:38:58,52.229851,3
11,218,21.023817,1021,2021-06-26 17:38:57,52.179794,4
12,218,21.023933,1024,2021-06-26 17:38:57,52.184933,2
13,192,21.074972,1025,2021-06-26 17:38:58,52.133484,3
14,195,20.9979977,1026,2021-06-25 21:14:18,52.1862374,2
15,163,21.083914,1027,2021-06-26 17:38:57,52.167938,1
16,218,21.003132,1028,2021-06-26 17:38:58,52.178223,3
17,163,21.04792,1030,2021-06-26 17:38:57,52.177784,2
18,163,21.0490191,1031,2021-06-26 17:38:57,52.1782445,3
19,108,21.058424,1038,2021-06-26 17:38:50,52.183343,4
20,192,21.0729424,1039,2021-06-26 17:38:57,52.1323871,2
21,204,21.0355483,1040,2021-06-26 17:38:44,52.2965517,1
22,736,20.98004,1042,2021-06-26 17:38:54,52.3922967,1
23,204,21.043091,1043,2021-06-25 22:53:22,52.26632,05
24,204,21.0296817,1044,2021-06-26 17:38:57,52.3160033,3
25,107,21.046234,1045,2021-06-25 22:36:50,52.264653,4
26,204,21.042681,1046,2021-06-25 23:57:31,52.266098,1
27,204,21.023193,1047,2021-06-26 17:38:47,52.277241,2
28,228,20.921443,1050,2021-06-25 23:41:52,52.196853,2
29,328,20.921189,1051,2021-06-25 22:30:10,52.196913,01
30,129,20.9163683,1052,2021-06-26 17:38:49,52.219455,2
31,129,20.88308,1053,2021-06-26 17:38:57,52.1955233,3
32,129,20.919355,1055,2021-06-26 17:38:56,52.2298433,4
33,129,20.9392717,1057,2021-06-26 17:38:54,52.2458983,1
34,119,21.205639,1061,2021-06-26 17:38:58,52.210037,4
35,119,21.0515344,1062,2021-06-26 17:38:57,52.1966766,5
36,192,21.037519,1064,2021-06-26 17:38:57,52.152985,1
37,192,21.024278,1069,2021-06-26 17:38:58,52.1798449,52
38,108,21.045483,1070,2021-06-26 17:38:58,52.177395,1
39,108,21.0482621,1074,2021-06-26 17:38:57,52.2117939,2
40,218,21.016106,1076,2021-06-26 17:38:58,52.189095,1
41,192,21.0297989,1079,2021-06-26 17:38:57,52.1502984,4
42,173,21.0426228,1101,2021-06-26 00:28:34,52.2664063,2
43,240,21.0006211,1109,2021-06-26 17:38:55,52.2912686,2
44,173,21.048266,1110,2021-06-25 19:53:25,52.264265,3
45,170,21.0821171,1111,2021-06-26 17:38:54,52.2759263,2
46,110,20.8769513,1112,2021-06-26 17:38:56,52.2919815,51
47,126,21.046033,1113,2021-06-25 23:08:32,52.264159,4
48,338,21.046365,1116,2021-06-25 19:40:36,52.2645706,05
49,170,21.036635,1117,2021-06-26 17:38:58,52.2531711,4
50,739,21.024071,1200,2021-06-26 17:38:57,52.179829,65
51,739,21.051834,1201,2021-06-26 17:38:58,52.101681,64
52,166,21.028814,1203,2021-06-26 17:38:58,52.209156,1
53,727,21.0281059,1205,2021-06-26 17:38:58,52.0678287,68
54,727,21.0237819,1208,2021-06-26 17:38:57,52.1800272,62
55,141,21.112829,1211,2021-06-26 17:38:58,52.236244,2
56,727,21.0186802,1213,2021-06-26 17:38:57,52.1102811,66
57,166,21.027067,1214,2021-06-26 17:38:53,52.259933,3
58,727,20.959477,1216,2021-06-26 17:38:58,52.0293169,67
59,739,21.050577,1218,2021-06-26 17:38:58,52.090767,63
60,166,21.061449,1219,2021-06-26 17:38:58,52.147259,8
61,166,21.066088,1220,2021-06-26 17:38:58,52.130886,7
62,727,21.018017,1223,2021-06-26 17:38:58,52.124985,61
63,240,21.0483353,1400,2021-06-26 00:03:19,52.2641493,1
64,170,21.0324705,1401,2021-06-26 17:38:54,52.2600801,3
65,170,21.0454971,1403,2021-06-25 21:36:41,52.2652081,3
66,240,21.043604,1408,2021-06-25 23:31:26,52.266069,4
67,146,21.204636,1411,2021-06-26 17:38:55,52.159451,58
68,173,21.264067,1412,2021-06-26 17:38:58,52.247772,3
69,730,21.246097,1413,2021-06-26 17:38:58,52.1989687,61
70,146,21.140652,1417,2021-06-26 17:38:57,52.178131,57
71,199,21.0529521,1418,2021-06-26 17:38:57,52.2763965,3
72,147,21.2204079,1419,2021-06-26 17:38:58,52.2177884,53
73,183,21.0889039,1422,2021-06-26 17:38:57,52.2448617,3
74,147,21.166,1425,2021-06-26 17:38:58,52.2042,54
75,147,21.0449344,1426,2021-06-26 17:38:57,52.2362444,55
76,146,21.1129534,1427,2021-06-26 17:38:57,52.2050069,59
77,119,21.0003571,1429,2021-06-26 17:38:57,52.2060667,1
78,L11,20.720089,14422,2021-06-26 17:38:54,52.427364,2
79,L10,20.945208,14423,2021-06-26 14:34:04,52.437897,M4
80,L11,20.723183,14424,2021-06-25 20:30:06,52.424343,51
81,L-9,20.942442,14426,2021-06-26 17:38:52,52.399735,3
82,L11,20.949116,14427,2021-06-26 17:39:00,52.470268,1
83,L34,20.863508,14429,2021-06-26 17:38:52,52.441444,1
84,L10,20.945269,14430,2021-06-26 16:19:41,52.437912,M5
85,L34,20.945213,14431,2021-06-25 19:23:11,52.437866,2
86,L41,20.787945,14432,2021-06-26 17:38:54,52.408649,1
87,L33,20.945353,14434,2021-06-25 23:24:58,52.438198,1
88,L49,20.894258,14436,2021-06-26 17:38:58,52.417202,1
89,L-8,21.202414,14438,2021-06-26 17:38:55,52.427353,1
90,L-9,20.949566,14440,2021-06-25 23:13:11,52.471237,055
91,338,21.045604,1500,2021-06-25 19:27:18,52.264496,03
92,106,21.0275288,1508,2021-06-26 17:38:55,52.2390503,5
93,735,21.0117371,1509,2021-06-26 17:38:56,52.4538151,M4
94,240,21.0793636,1510,2021-06-26 17:38:56,52.3225328,4
95,110,20.955111,1513,2021-06-26 17:38:37,52.276153,52
96,147,21.044424,1514,2021-06-25 19:54:57,52.2648745,06
97,115,21.2077333,1521,2021-06-26 17:38:51,52.1655833,4
98,115,21.2421467,1523,2021-06-26 17:38:53,52.1699367,3
99,702,21.150605,1524,2021-06-26 17:38:56,52.178595,2
100,183,21.115313,1526,2021-06-26 00:16:52,52.233074,4
101,N16,21.116845,1527,2021-06-26 05:37:31,52.233048,2
102,N44,21.117096,1528,2021-06-26 05:37:25,52.233049,207
103,702,21.265149,1531,2021-06-26 17:38:43,52.098255,1
104,202,21.110965,1532,2021-06-26 17:38:43,52.2449667,2
105,141,20.9441083,1533,2021-06-26 17:38:46,52.1754517,6
106,119,21.1408,1535,2021-06-26 17:38:45,52.2142417,3
107,156,20.9281983,1537,2021-06-26 17:38:51,52.29069,2
108,132,20.9718667,1538,2021-06-26 17:38:50,52.27604,55
109,120,21.0405533,1539,2021-06-26 17:38:56,52.250755,1
110,156,21.0521317,1540,2021-06-26 17:38:56,52.25301,5
111,166,21.0466,1542,2021-06-26 17:38:54,52.2370483,4
112,221,20.9682267,1543,2021-06-26 17:38:45,52.257355,2
113,N03,21.044968,1545,2021-06-26 05:08:35,52.264589,2
114,156,21.0617667,1546,2021-06-26 17:38:57,52.2562567,4
115,512,21.049656,1548,2021-06-26 17:38:47,52.286043,1
116,120,21.0508767,1549,2021-06-26 17:38:49,52.25252,2
117,166,21.05792,1550,2021-06-26 17:38:48,52.1398833,6
118,120,21.0401017,1551,2021-06-26 17:38:50,52.3492517,6
119,156,20.9886667,1552,2021-06-26 17:38:46,52.28448,3
120,L35,21.33305,17455,2021-06-26 17:38:52,52.363613,51
121,L40,21.133797,17458,2021-06-26 17:38:55,52.357632,1
122,L43,21.077759,17461,2021-06-26 08:32:11,52.26762,51
123,L43,21.132137,17462,2021-06-26 17:38:51,52.292271,52
124,L45,21.175274,17464,2021-06-26 17:38:53,52.310799,1
125,L37,21.176323,17466,2021-06-25 22:21:40,52.312318,2
126,L38,21.245213,17467,2021-06-26 17:39:00,52.354908,51
127,240,21.0680851,1802,2021-06-26 17:38:50,52.324027,3
128,N12,21.045453,1803,2021-06-26 04:33:33,52.264459,128
129,132,20.976807,1804,2021-06-26 17:38:56,52.2788075,53
130,132,21.0683073,1805,2021-06-26 17:38:57,52.3238406,54
131,122,20.8987321,1807,2021-06-26 17:38:55,52.2386518,6
132,106,21.0435196,1808,2021-06-26 06:30:45,52.2662013,4
133,N11,21.0454075,1809,2021-06-26 05:42:59,52.264945,122
134,106,21.0107305,1810,2021-06-26 17:38:53,52.2359231,2
135,106,21.020543,1811,2021-06-26 17:38:53,52.243121,1
136,106,20.9653313,1812,2021-06-26 17:38:52,52.2372558,3
137,170,21.093793,1814,2021-06-26 17:38:41,52.271045,1
138,122,20.9762271,1815,2021-06-26 17:38:54,52.2898603,3
139,N12,21.046083,1816,2021-06-26 05:05:03,52.264528,210
140,173,21.042571,1818,2021-06-25 23:48:59,52.2664061,10
141,173,21.2432396,1821,2021-06-26 17:38:53,52.2213306,2
142,115,21.1748256,1826,2021-06-26 17:38:52,52.2062056,2
143,147,21.0893268,1828,2021-06-26 17:38:57,52.2199673,52
144,146,21.0522848,1829,2021-06-26 17:38:51,52.2502575,51
145,183,21.114445,1830,2021-06-26 17:38:54,52.2397813,1
146,119,21.1165895,1832,2021-06-25 22:22:16,52.2331471,06
147,183,21.1917418,1833,2021-06-26 17:38:53,52.2387611,2
148,173,21.0875455,1835,2021-06-26 17:38:54,52.2449915,4
149,115,21.1702765,1837,2021-06-26 17:38:52,52.2771113,1
150,168,20.9953781,1838,2021-06-26 17:38:52,52.191276,1
151,115,21.1781843,1839,2021-06-26 17:38:51,52.2490636,5
152,147,21.1172291,1840,2021-06-25 21:35:22,52.2330755,09
153,142,21.1168673,1842,2021-06-25 20:08:52,52.2330963,08
154,168,21.092179,1843,2021-06-26 17:38:53,52.224396,3
155,173,21.1167918,1844,2021-06-25 23:53:58,52.233165,8
156,168,21.112691,1846,2021-06-26 17:38:47,52.236268,4
157,722,21.0884441,1847,2021-06-26 17:38:49,52.2449096,62
158,198,21.1158643,1848,2021-06-25 20:42:24,52.2333196,2
159,198,21.2430755,1849,2021-06-26 17:38:51,52.2192713,1
160,183,21.115764,1850,2021-06-25 21:22:25,52.233265,3
161,183,21.1154913,1851,2021-06-26 00:18:45,52.2331743,07
162,198,21.223575,1854,2021-06-26 17:38:45,52.253894,2
163,146,21.115132,1856,2021-06-26 00:38:41,52.233222,4
164,115,21.115681,1857,2021-06-26 00:02:26,52.2331425,5
165,146,21.1166211,1858,2021-06-25 20:46:49,52.2331278,07
166,198,21.1172503,1859,2021-06-25 19:30:46,52.2330405,05
167,115,21.1153055,1860,2021-06-26 00:28:39,52.2332403,6
168,173,21.0527665,1866,2021-06-26 17:38:54,52.2503596,5
169,173,21.1352251,1867,2021-06-26 17:38:50,52.2417871,1
170,115,21.1165116,1869,2021-06-25 23:18:40,52.2330776,3
171,222,21.0153934,1901,2021-06-26 17:38:55,52.2195954,3
172,251,21.1251039,1909,2021-06-26 17:38:47,52.0986399,3
173,222,20.9959078,1910,2021-06-26 17:38:55,52.1934063,2
174,222,21.0238579,1911,2021-06-26 17:38:57,52.1946699,1
175,251,21.025557,1912,2021-06-26 17:38:57,52.178802,2
176,222,21.013361,1916,2021-06-26 17:38:57,52.240231,5
177,251,21.125418,1919,2021-06-26 17:38:57,52.101372,1
178,222,21.010269,1920,2021-06-26 17:38:58,52.239296,4
179,178,20.92614,1995,2021-06-26 17:38:57,52.203407,2
180,178,21.010065,1996,2021-06-26 17:38:58,52.247086,1
181,178,21.004032,1997,2021-06-26 17:38:58,52.255386,5
182,178,20.883471,1998,2021-06-26 17:38:58,52.195362,3
183,178,20.9702195,1999,2021-06-26 17:38:57,52.2288632,4
184,171,20.924959,2009,2021-06-26 17:38:58,52.272564,1
185,189,20.9632404,2015,2021-06-26 17:38:58,52.1886782,9
186,187,21.0568579,2016,2021-06-26 17:38:58,52.1822702,5
187,709,21.023445,2021,2021-06-26 17:38:57,52.081097,5
188,Z26,20.974491,2022,2021-06-26 17:38:58,52.235535,4
189,172,20.9607996,2024,2021-06-26 17:38:57,52.2130647,63
190,217,21.0233766,2026,2021-06-26 17:38:57,52.1797826,3
191,519,21.0916661,2027,2021-06-26 17:38:57,52.1509564,3
192,172,20.955299,2028,2021-06-26 17:38:58,52.211926,1
193,189,20.934934,2029,2021-06-26 17:38:57,52.1946844,8
194,Z26,21.035313,2030,2021-06-26 17:38:57,52.255852,7
195,522,21.030382,2032,2021-06-26 17:38:58,52.206608,3
196,174,21.013809,2035,2021-06-26 17:38:57,52.195812,2
197,709,21.017574,2038,2021-06-26 17:38:57,52.0669257,6
198,709,21.0185914,2039,2021-06-26 17:38:58,52.1012891,1
199,709,21.0172006,2040,2021-06-26 17:38:57,52.1613817,2
200,709,21.024323,2041,2021-06-26 17:38:58,52.179905,3
201,709,21.01823,2042,2021-06-26 17:38:58,52.127918,4
202,517,20.8978997,2200,2021-06-26 17:38:58,52.1956296,1
203,N35,20.921913,2206,2021-06-26 06:01:56,52.1961371,237
204,184,20.930859,2210,2021-06-26 17:38:58,52.291805,3
205,191,20.9642674,2213,2021-06-26 17:38:57,52.2153186,1
206,189,20.896702,2227,2021-06-26 17:38:57,52.231533,4
207,105,20.922151,2236,2021-06-26 00:04:20,52.196038,4
208,189,21.025791,2237,2021-06-26 17:38:58,52.173374,14
209,124,20.938765,2240,2021-06-26 17:38:58,52.171234,2
210,105,20.959412,2247,2021-06-26 17:38:48,52.22821,5
211,141,20.921326,2253,2021-06-25 18:30:50,52.197259,014
212,401,20.920378,2254,2021-06-25 19:44:39,52.196613,012
213,191,20.870363,2258,2021-06-26 17:38:55,52.183552,3
214,L20,21.471462,24511,2021-06-25 23:35:10,52.132233,1
215,L20,21.471769,24513,2021-06-26 15:05:20,52.132652,1
216,L20,21.259735,24515,2021-06-26 17:38:57,52.10783,1
217,162,21.0276755,3400,2021-06-26 17:38:57,52.259613,5
218,185,20.975701,3401,2021-06-26 17:38:57,52.2896658,6
219,723,20.9295073,3403,2021-06-26 17:38:53,52.3941068,3
220,735,20.9676005,3404,2021-06-26 17:38:56,52.2716686,63
221,731,20.974713,3405,2021-06-26 17:38:49,52.316834,3
222,414,21.047923,3406,2021-06-25 20:26:01,52.264541,07
223,731,20.9232981,3407,2021-06-26 17:38:52,52.4171846,1
224,738,21.0485045,3408,2021-06-26 01:02:31,52.264437,1
225,414,21.0468988,3409,2021-06-25 20:46:35,52.2649078,08
226,126,20.943332,3410,2021-06-26 17:38:55,52.3230181,2
227,169,21.04371,3411,2021-06-25 21:40:49,52.265391,1
228,140,21.1075466,3413,2021-06-26 17:38:56,52.3260828,1
229,509,20.9422938,3414,2021-06-26 17:38:55,52.3345111,2
230,114,21.0478216,3415,2021-06-25 23:08:38,52.2646596,5
231,723,21.0454035,3417,2021-06-25 21:48:49,52.2654235,1
232,145,21.1271963,3421,2021-06-26 17:38:54,52.2570245,7
233,509,21.1023458,3422,2021-06-26 17:38:54,52.2219133,355
234,Z26,21.0157108,3423,2021-06-26 17:38:55,52.2468538,1
235,169,21.0477433,3429,2021-06-25 23:04:14,52.2646666,3
236,126,21.0409538,3430,2021-06-26 17:38:57,52.284725,4
237,114,21.04857,3434,2021-06-26 00:33:00,52.264513,2
238,518,21.0478431,3437,2021-06-25 23:46:13,52.264609,6
239,705,21.1174545,3438,2021-06-26 17:38:53,52.4806638,66
240,738,21.053829,3440,2021-06-26 17:38:56,52.2758263,2
241,114,21.0428833,3441,2021-06-25 23:51:31,52.2659116,7
242,140,21.0741083,3444,2021-06-26 17:38:49,52.2852776,2
243,509,21.0324213,3446,2021-06-26 17:38:54,52.2537906,4
244,731,20.96079,3447,2021-06-26 17:38:57,52.3358149,2
245,126,20.9749955,3448,2021-06-26 17:38:54,52.3165903,1
246,518,21.043485,3449,2021-06-25 21:30:55,52.265478,7
247,126,21.0081356,3450,2021-06-26 17:38:53,52.3052911,3
248,126,21.0567425,3451,2021-06-26 17:38:55,52.301896,M5
249,705,20.9681563,3454,2021-06-26 17:38:53,52.272027,62
250,145,21.0485161,3455,2021-06-26 17:38:56,52.2889518,6
251,Z26,20.9803623,3456,2021-06-26 17:38:51,52.2371241,5
252,169,21.043935,3457,2021-06-25 23:56:08,52.265611,5
253,509,21.0619973,3458,2021-06-26 17:38:54,52.2303263,5
254,Z26,21.033318,3459,2021-06-26 17:38:38,52.254216,6
255,738,21.1928761,3461,2021-06-26 17:38:55,52.4023718,3
256,731,21.04776,3463,2021-06-26 00:40:56,52.264114,5
257,735,21.0444471,3464,2021-06-25 23:05:19,52.2656713,64
258,723,21.0441993,3466,2021-06-26 00:00:11,52.265954,2
259,738,21.1269481,3469,2021-06-26 17:38:53,52.3495295,1
260,L19,21.034472,36443,2021-06-26 17:31:57,52.083504,51
261,L17,20.899836,36444,2021-06-26 13:08:02,51.912342,51
262,L25,21.217529,36448,2021-06-26 17:38:56,51.981636,1
263,L39,20.989918,38541,2021-06-26 17:38:57,52.110874,4
264,L39,21.022331,38545,2021-06-26 17:38:54,52.07576,3
265,L52,21.019865,38546,2021-06-26 17:38:54,52.065655,51
266,L39,21.019032,38547,2021-06-26 17:38:55,52.098553,1
267,L39,21.015921,38548,2021-06-26 17:38:55,52.072388,2
268,L23,21.0595,38549,2021-06-26 17:38:58,52.07822,51
269,L-5,21.02952,39551,2021-06-26 17:15:01,52.074806,62
270,L-2,21.034941,39552,2021-06-25 19:11:52,52.083633,063
271,L25,21.191267,39555,2021-06-25 23:37:02,51.987377,1
272,L13,21.040457,39556,2021-06-26 17:38:52,52.026699,63
273,L-5,20.961626,39558,2021-06-26 17:39:00,52.066677,61
274,L-2,20.990767,39559,2021-06-26 17:38:58,52.04961,1
275,L13,21.217253,39561,2021-06-25 20:05:15,51.98262,03
276,L12,21.029488,39562,2021-06-26 17:38:57,52.074921,1
277,L12,21.034851,39565,2021-06-26 12:57:20,52.083328,1
278,197,20.9727554,4200,2021-06-26 17:38:58,52.2860984,3
279,721,20.86978,4201,2021-06-26 17:38:57,52.060261,75
280,711,20.7994687,4205,2021-06-26 17:38:57,52.0898215,1
281,122,20.926731,4206,2021-06-26 17:38:57,52.263691,1
282,141,21.0455564,4208,2021-06-26 17:38:58,52.2186762,9
283,197,20.938974,4213,2021-06-26 17:38:58,52.246456,4
284,154,20.898458,4214,2021-06-26 17:38:56,52.258305,6
285,141,20.9815364,4216,2021-06-26 17:38:58,52.1908747,5
286,154,20.943493,4217,2021-06-26 17:38:57,52.175644,2
287,154,20.9664941,4218,2021-06-26 17:38:58,52.1992452,1
288,255,20.958237,4219,2021-06-26 17:38:58,52.227909,1
289,714,20.9500966,4220,2021-06-26 17:38:58,52.2385904,1
290,255,20.940437,4224,2021-06-26 17:38:58,52.223122,2
291,714,20.805778,4226,2021-06-26 17:38:58,52.253136,2
292,122,20.981573,4227,2021-06-26 17:38:58,52.27449,2
293,154,20.9413739,4231,2021-06-26 17:38:57,52.2327901,4
294,141,20.9629262,4232,2021-06-26 17:38:58,52.1887764,7
295,197,20.90291,4233,2021-06-26 17:38:57,52.217018,5
296,L-1,20.89243,42361,2021-06-26 14:43:02,52.090702,1
297,154,20.8976817,4238,2021-06-26 17:38:57,52.2583657,5
298,141,21.0799559,4240,2021-06-26 17:38:58,52.2370477,3
299,122,20.9468562,4241,2021-06-26 17:38:58,52.2673384,4
300,122,20.9006646,4242,2021-06-26 17:38:58,52.2576417,5
301,197,20.949098,4243,2021-06-26 17:38:58,52.2795296,2
302,901,21.0108066,4244,2021-06-26 17:38:58,52.2313769,1
303,901,21.020807,4246,2021-06-26 17:38:57,52.231964,3
304,154,20.963478,4247,2021-06-26 17:38:55,52.195942,3
305,154,20.940979,4248,2021-06-26 17:38:57,52.233871,7
306,L-1,20.93656,42498,2021-06-23 19:45:16,52.08992,2
307,L-3,21.021536,42500,2021-06-26 17:38:50,52.079819,1
308,146,21.0437554,4305,2021-06-26 17:38:58,52.2483765,56
309,202,21.0428007,4307,2021-06-26 17:38:58,52.2444257,1
310,119,21.0360712,4311,2021-06-26 17:38:58,52.2019712,2
311,105,16.9750897,4332,2021-06-26 13:35:37,52.5472771,4
312,512,21.052235,4400,2021-06-26 17:38:58,52.252918,4
313,197,20.8625502,4402,2021-06-26 17:38:57,52.1902431,6
314,221,20.9940325,4404,2021-06-26 17:38:58,52.2594446,1
315,120,21.062681,4405,2021-06-26 17:38:57,52.310638,4
316,156,21.0185154,4406,2021-06-26 17:38:58,52.2907221,1
317,N02,21.044418,4407,2021-06-26 06:46:43,52.265051,3
318,240,21.000769,4408,2021-06-26 17:38:57,52.291344,1
319,197,20.94087,4409,2021-06-26 17:38:58,52.233963,1
320,197,20.867764,4410,2021-06-26 17:38:58,52.194183,7
321,120,21.048006,4411,2021-06-26 17:38:55,52.285984,7
322,106,20.9707555,4412,2021-06-26 17:38:55,52.2314396,4
323,152,21.04444,4413,2021-06-25 20:19:00,52.265066,06
324,N16,21.045311,4415,2021-06-26 05:39:26,52.264876,1
325,120,21.045601,4417,2021-06-26 13:08:26,52.264446,1
326,199,21.0444199,4418,2021-06-25 20:09:09,52.264953,2
327,901,21.003872,4420,2021-06-26 17:38:57,52.229546,2
328,166,21.042728,4421,2021-06-26 17:38:58,52.194393,5
329,N03,21.0459804,4422,2021-06-26 05:41:10,52.2641299,1
330,166,21.050388,4423,2021-06-26 17:38:56,52.238091,2
331,901,21.0384704,4424,2021-06-26 17:38:58,52.2216799,4
332,512,21.074213,4425,2021-06-26 17:38:55,52.287739,2
333,120,21.048424,4428,2021-06-26 17:38:57,52.270012,3
334,512,21.0427909,4429,2021-06-26 17:38:57,52.2497006,3
335,120,21.0619692,4431,2021-06-26 17:38:56,52.3616264,5
336,512,21.063826,4434,2021-06-26 17:38:57,52.273045,5
337,100,21.0102698,4617,2021-06-26 17:38:49,52.2319293,M1
338,184,20.9637838,5205,2021-06-26 17:38:56,52.2082246,6
339,189,20.9493786,5206,2021-06-26 17:38:49,52.1918559,2
340,105,20.9357085,5208,2021-06-26 17:38:58,52.2249342,1
341,188,21.0373182,5209,2021-06-26 17:38:54,52.2224994,3
342,105,20.8971999,5210,2021-06-26 17:38:49,52.2396831,2
343,172,21.037611,5211,2021-06-26 17:38:48,52.199413,4
344,189,21.0524423,5212,2021-06-26 17:38:57,52.1796577,11
345,105,20.8991666,5214,2021-06-26 17:38:52,52.2387933,3
346,189,21.056875,5215,2021-06-26 17:38:43,52.182429,13
347,716,20.9306695,5216,2021-06-26 17:38:53,52.2250591,1
348,172,20.9848157,5217,2021-06-26 17:38:54,52.2010365,2
349,523,21.1068692,5221,2021-06-26 17:38:49,52.2481115,3
350,517,20.98422,5222,2021-06-26 17:38:37,52.219495,2
351,523,20.9692656,5223,2021-06-26 17:38:55,52.219357,1
352,171,20.9187077,5224,2021-06-26 17:38:49,52.2398375,3
353,105,20.897578,5225,2021-06-26 17:38:54,52.2213748,4
354,210,20.9253811,5228,2021-06-26 17:38:53,52.2820264,3
355,187,20.869118,5229,2021-06-26 17:38:52,52.191998,1
356,171,21.0075923,5232,2021-06-26 17:38:54,52.2370498,4
357,136,21.05581,5234,2021-06-26 17:38:38,52.147318,5
358,184,20.9501883,5235,2021-06-26 17:38:52,52.2296855,1
359,517,20.9038066,5236,2021-06-26 17:38:56,52.1934812,5
360,Z10,20.9126083,5237,2021-06-26 17:38:55,52.2411449,3
361,171,20.9240283,5238,2021-06-26 17:38:53,52.2530622,2
362,171,21.0153192,5240,2021-06-26 17:38:53,52.2194118,5
363,191,20.9045129,5241,2021-06-26 17:38:56,52.1933371,2
364,148,20.9854757,5242,2021-06-26 17:38:49,52.1665426,4
365,190,20.920664,5245,2021-06-25 20:12:48,52.196575,016
366,523,21.0828691,5253,2021-06-26 17:38:55,52.2409281,5
367,141,20.9224014,5255,2021-06-26 00:37:46,52.1970728,4
368,182,20.92243,5256,2021-06-25 19:09:29,52.1956758,011
369,188,20.980086,5257,2021-06-26 17:38:43,52.188043,52
370,187,20.8627384,5258,2021-06-26 17:38:52,52.1902326,2
371,184,20.9525923,5260,2021-06-26 17:38:52,52.2278183,5
372,N46,21.047172,5403,2021-06-26 06:04:29,52.2647932,150
373,500,21.019865,5404,2021-06-26 17:38:58,52.263302,52
374,169,21.041779,5406,2021-06-26 17:38:57,52.300121,5
375,705,21.027822,5407,2021-06-26 17:38:58,52.362938,65
376,160,21.050058,5410,2021-06-26 17:38:55,52.27425,M5
377,500,21.047785,5412,2021-06-26 17:38:57,52.286568,54
378,160,21.002701,5413,2021-06-26 17:38:57,52.233536,M2
379,409,21.04254,5419,2021-06-26 17:38:58,52.298069,M56
380,169,21.047203,5422,2021-06-26 17:38:58,52.263725,2
381,527,21.0684407,5425,2021-06-26 17:38:57,52.3233661,3
382,162,21.0350381,5426,2021-06-26 17:38:55,52.223617,1
383,162,21.085041,5428,2021-06-26 17:38:57,52.193272,2
384,185,21.049633,5429,2021-06-26 17:38:57,52.203773,8
385,112,21.0774964,5430,2021-06-26 17:38:58,52.3070717,3
386,145,21.0188989,5432,2021-06-26 17:38:58,52.2902144,4
387,409,20.9473,5433,2021-06-26 17:38:58,52.2681,57
388,112,20.882776,5434,2021-06-26 17:38:56,52.2147114,9
389,169,21.0518,5435,2021-06-26 17:38:58,52.252884,3
390,527,21.054823,5436,2021-06-26 17:38:56,52.296455,2
391,409,20.9842,5437,2021-06-26 17:38:58,52.255074,53
392,160,21.0606422,5438,2021-06-26 17:38:58,52.3103195,7
393,112,21.039381,5439,2021-06-26 17:38:57,52.296207,12
394,500,21.041754,5441,2021-06-26 17:38:57,52.30032,55
395,160,20.9946469,5443,2021-06-26 17:38:57,52.2421995,4
396,520,21.156063,5445,2021-06-26 17:38:49,52.240406,4
397,511,20.9721825,5448,2021-06-26 17:38:56,52.320566,1
398,160,21.048822,5449,2021-06-26 17:38:58,52.260689,1
399,527,21.048149,5453,2021-06-26 17:38:57,52.286324,1
400,160,21.0030547,5454,2021-06-26 17:38:57,52.2294636,3
401,723,20.941067,5455,2021-06-26 17:38:57,52.355888,2
402,511,20.945677,5459,2021-06-26 17:38:57,52.349834,2
403,185,21.0367646,5460,2021-06-26 17:38:56,52.1635375,3
404,180,20.979797,5870,2021-06-26 17:38:57,52.250607,7
405,503,21.011837,5871,2021-06-26 17:38:56,52.241997,3
406,503,21.002531,5873,2021-06-26 17:38:53,52.254818,5
407,503,21.025663,5875,2021-06-26 17:38:58,52.21796,7
408,180,21.015163,5876,2021-06-26 17:38:58,52.230701,62
409,175,21.012751,5880,2021-06-26 17:38:55,52.243221,55
410,175,20.978058,5881,2021-06-26 17:38:54,52.169506,52
411,175,20.978216,5882,2021-06-26 17:38:55,52.169453,53
412,175,21.003839,5884,2021-06-26 17:38:55,52.228001,51
413,175,20.976004,5886,2021-06-26 17:38:54,52.172298,52
414,128,20.978998,5887,2021-06-26 17:38:56,52.199368,64
415,128,20.975401,5889,2021-06-26 17:38:57,52.202225,59
416,180,21.0838,5890,2021-06-26 17:38:58,52.1676,3
417,180,20.985527,5891,2021-06-26 17:38:58,52.246422,11
418,180,21.011259,5892,2021-06-26 17:38:54,52.230392,5
419,128,21.011013,5895,2021-06-26 17:38:55,52.239578,60
420,128,20.998121,5897,2021-06-25 23:36:40,52.187019,51
421,503,21.002298,5898,2021-06-26 17:38:57,52.25473,4
422,111,21.059908,5900,2021-06-26 17:38:58,52.234447,4
423,158,20.984011,5902,2021-06-26 17:38:56,52.221237,5
424,128,20.963692,5904,2021-06-26 17:38:56,52.207657,58
425,116,20.95368,5905,2021-06-26 17:38:57,52.276337,69
426,158,21.117008,5907,2021-06-25 21:44:36,52.233902,5
427,175,21.116972,5908,2021-06-25 19:38:19,52.233955,068
428,116,21.116823,5910,2021-06-26 00:07:33,52.233971,17
429,158,20.961294,5913,2021-06-26 17:38:58,52.21674,6
430,158,21.081099,5915,2021-06-26 17:38:54,52.240349,3
431,111,20.998373,5920,2021-06-26 17:38:54,52.249252,6
432,116,21.013441,5921,2021-06-26 17:38:54,52.230076,5
433,111,21.107388,5922,2021-06-26 07:42:12,52.233645, 
434,111,21.116245,5926,2021-06-26 00:24:55,52.234005,5
435,111,21.102217,5927,2021-06-26 17:38:58,52.222145,3
436,111,21.007336,5931,2021-06-26 17:38:57,52.237515,8
437,128,21.012941,5932,2021-06-26 17:38:55,52.24321,61
438,158,21.0557507,5933,2021-06-26 17:38:56,52.2390114,1
439,158,21.077551,5934,2021-06-26 17:38:58,52.236668,4
440,503,21.115843,5935,2021-06-26 00:31:56,52.233995,013
441,116,21.017996,5936,2021-06-26 17:38:58,52.231037,4
442,503,21.0313836,5937,2021-06-26 17:38:54,52.2060821,1
443,128,21.011976,5939,2021-06-26 17:38:58,52.229641,56
444,116,21.055258,5940,2021-06-26 17:38:57,52.182137,3
445,175,21.115613,5941,2021-06-25 21:43:06,52.234041,63
446,116,20.936012,5942,2021-06-26 17:38:55,52.278324,7
447,503,21.049915,5943,2021-06-26 17:38:54,52.144638,9
448,158,21.1178897,5946,2021-06-26 17:38:57,52.2334169, 
449,175,20.990248,5947,2021-06-26 17:38:58,52.225391,54
450,116,20.932949,5948,2021-06-26 17:38:54,52.269592,56
451,518,21.013226,5950,2021-06-26 17:38:58,52.24025,2
452,503,21.0257,5954,2021-06-26 17:38:54,52.2215,2
453,503,21.040277,5956,2021-06-26 17:38:57,52.160316,8
454,E-9,21.045723,5962,2021-06-25 20:17:53,52.265643,06
455,180,20.945578,5964,2021-06-26 17:38:58,52.265503,10
456,723,21.047304,5966,2021-06-25 18:56:33,52.265156,07
457,180,21.030527,5967,2021-06-26 17:38:55,52.207241,4
458,180,21.035847,5968,2021-06-26 17:38:54,52.206928,1
459,116,20.924904,5969,2021-06-26 17:38:56,52.272327,8
460,518,20.935825,5976,2021-06-26 17:38:58,52.332394,6
461,518,21.023542,5978,2021-06-26 17:38:57,52.228291,3
462,518,20.98856,5979,2021-06-26 17:38:58,52.284412,5
463,518,20.960773,5980,2021-06-26 17:38:57,52.3167,7
464,518,21.01189,5981,2021-06-26 17:38:56,52.246456,4
465,503,21.009047,5983,2021-06-26 17:38:54,52.234917,6
466,111,21.010887,5984,2021-06-26 17:38:58,52.231197,5
467,111,20.979486,5985,2021-06-26 17:38:55,52.24435,7
468,111,21.101788,5986,2021-06-26 17:38:55,52.223484,2
469,180,20.924809,5987,2021-06-26 17:38:58,52.272526,9
470,180,21.011351,5988,2021-06-26 17:38:56,52.246635,6
471,180,21.084202,5990,2021-06-26 17:38:54,52.169098,2
472,180,20.924997,5991,2021-06-26 17:38:54,52.2724,58
473,518,20.985039,5994,2021-06-26 17:38:55,52.306976,1
474,116,21.084129,5995,2021-06-26 17:38:54,52.167889,2
475,116,21.048988,5996,2021-06-26 17:38:54,52.18848,1
476,116,21.02038,5997,2021-06-26 17:38:55,52.231831,11
477,116,21.002502,5998,2021-06-26 17:38:57,52.251675,10
478,111,21.05994,5999,2021-06-26 17:38:55,52.234447,1
479,167,20.924879,6201,2021-06-26 17:38:57,52.232071,2
480,713,20.87727,6203,2021-06-26 17:38:58,52.216557,1
481,713,20.836798,6204,2021-06-26 17:38:57,52.213955,2
482,112,20.911701,6207,2021-06-26 17:38:58,52.247013,6
483,112,21.054577,6208,2021-06-26 17:38:58,52.296062,1
484,112,20.9366584,6210,2021-06-26 17:38:57,52.2742405,M11
485,112,20.883114,6212,2021-06-26 17:38:57,52.214718,8
486,136,20.9651111,6213,2021-06-26 17:38:57,52.2372095,10
487,187,20.9140851,6214,2021-06-26 17:38:58,52.199771,3
488,210,20.767263,6220,2021-06-26 17:38:58,52.307785,1
489,187,21.013832,6222,2021-06-26 17:38:57,52.217205,4
490,189,21.027479,6223,2021-06-26 17:38:57,52.173168,10
491,187,20.9149021,6226,2021-06-26 17:38:58,52.1995567,8
492,191,20.9838426,6227,2021-06-26 17:38:58,52.2181246,6
493,136,21.0215742,6236,2021-06-26 17:38:58,52.1616951,7
494,716,20.837423,6239,2021-06-26 17:38:54,52.192867,3
495,184,20.92095,6241,2021-06-26 17:38:55,52.258121,4
496,703,20.933344,6242,2021-06-26 17:38:57,52.166508,74
497,706,20.912382,6243,2021-06-26 17:38:57,52.142006,1
498,L29,20.575319,65471,2021-06-26 17:38:56,52.257362,1
499,112,20.890188,7200,2021-06-26 17:38:58,52.216354,7
500,124,20.965,7201,2021-06-26 17:38:58,52.151722,1
501,Z10,20.930794,7202,2021-06-26 17:38:58,52.2249722,5
502,112,21.020908,7206,2021-06-26 17:38:57,52.295971,4
503,Z10,20.924854,7208,2021-06-26 17:38:58,52.260685,1
504,189,20.90633,7214,2021-06-26 17:38:57,52.228424,7
505,728,20.942661,7217,2021-06-26 17:38:58,52.175438,72
506,728,20.896042,7218,2021-06-26 17:38:58,52.007736,71
507,517,20.986898,7224,2021-06-26 17:38:54,52.222561,4
508,112,21.0848287,7225,2021-06-26 17:38:57,52.3043987,2
509,112,20.9208932,7226,2021-06-26 13:08:33,52.1969334,4
510,184,20.9360506,7227,2021-06-26 17:38:57,52.2738099,2
511,Z10,20.924692,7228,2021-06-26 17:38:58,52.222012,6
512,716,20.896152,7229,2021-06-26 17:38:57,52.201694,2
513,Z10,20.9136866,7234,2021-06-26 17:38:58,52.2370112,7
514,124,20.921078,7240,2021-06-25 18:26:53,52.196911,03
515,187,21.0171259,7241,2021-06-26 17:38:58,52.2172799,7
516,187,21.060888,7243,2021-06-26 17:38:57,52.185116,6
517,210,20.842549,7244,2021-06-26 17:38:58,52.2919611,2
518,167,21.082964,7245,2021-06-26 17:38:57,52.20837,6
519,191,20.884686,7247,2021-06-26 17:38:57,52.189434,4
520,172,20.98914,7248,2021-06-26 17:38:57,52.197388,7
521,189,20.897402,7249,2021-06-26 17:38:58,52.239414,5
522,188,20.9782296,7250,2021-06-26 17:38:58,52.1694766,1
523,517,20.862547,7251,2021-06-26 17:38:53,52.190166,6
524,182,20.987301,7252,2021-06-26 17:38:57,52.216343,2
525,517,21.00832,7254,2021-06-26 17:38:58,52.235176,3
526,523,20.9350949,7255,2021-06-26 17:38:58,52.2399974,7
527,191,20.9283419,7256,2021-06-26 17:38:57,52.2029782,5
528,188,21.0687486,7257,2021-06-26 17:38:57,52.2299832,5
529,182,21.112974,7259,2021-06-26 17:38:51,52.236237,4
530,138,21.04616,7301,2021-06-26 17:38:58,52.254688,6
531,141,21.034759,7303,2021-06-26 17:38:56,52.201659,4
532,148,21.0974174,7304,2021-06-26 17:38:58,52.2343099,9
533,151,21.0449444,7305,2021-06-26 17:38:58,52.2245909,2
534,182,21.0983097,7306,2021-06-26 17:38:58,52.2362709,3
535,162,21.0502255,7308,2021-06-26 17:38:58,52.2000516,3
536,507,21.089926,7310,2021-06-26 17:38:58,52.225403,2
537,125,21.1256899,7312,2021-06-26 17:38:57,52.2347015,2
538,E-1,21.1167422,7314,2021-06-25 19:42:06,52.2335197,01
539,520,21.1263266,7315,2021-06-26 17:38:58,52.2328767,5
540,143,21.1164757,7317,2021-06-25 19:35:11,52.2334452,3
541,162,21.036858,7322,2021-06-26 17:38:58,52.244156,4
542,523,21.047798,7324,2021-06-26 17:38:53,52.225147,2
543,520,21.081566,7325,2021-06-26 17:38:58,52.2357672,2
544,148,21.047827,7326,2021-06-26 17:38:58,52.162395,5
545,138,21.0561229,7327,2021-06-26 17:38:58,52.2260002,7
546,171,20.93339,7328,2021-06-26 17:38:58,52.270321,8
547,520,21.007242,7331,2021-06-26 17:38:58,52.237629,1
548,150,20.92943,753,2021-06-26 17:38:56,52.292934,3
549,750,20.817598,755,2021-06-26 17:38:57,52.351814,2
550,250,20.927589,757,2021-06-26 17:38:53,52.291042,1
551,750,20.839893,758,2021-06-26 17:38:58,52.367523,3
552,150,20.847057,761,2021-06-26 17:38:56,52.341549,1
553,250,20.868567,763,2021-06-26 17:38:56,52.332836,3
554,521,21.0629225,7701,2021-06-26 17:38:58,52.2404699,3
555,750,20.929108833,773,2021-06-26 17:38:55,52.290963833,4
556,250,20.904314,775,2021-06-26 17:38:55,52.294186,2
557,750,20.8993494,776,2021-06-26 17:38:57,52.333847,1
558,150,20.8957377,777,2021-06-26 17:38:57,52.3372324,2
559,138,20.9952961,8120,2021-06-26 17:38:51,52.170194,1
560,185,20.9854333,8138,2021-06-26 17:38:47,52.2699366,7
561,172,21.044628,8139,2021-06-26 17:38:49,52.1921593,6
562,727,20.997388,8148,2021-06-25 21:39:43,52.187336,4
563,522,21.06257,8154,2021-06-26 17:38:52,52.17563,6
564,167,21.0476123,8166,2021-06-26 17:38:53,52.2100585,5
565,143,21.1563406,8167,2021-06-26 17:38:50,52.2589498,2
566,522,20.998243,8174,2021-06-25 20:09:50,52.1878,013
567,504,20.9882108,8178,2021-06-26 17:38:53,52.210503,3
568,519,20.996546,8180,2021-06-25 22:35:23,52.187545,5
569,136,21.0278176,8181,2021-06-26 17:38:55,52.1624711,4
570,138,21.001583,8183,2021-06-26 17:38:53,52.196008,2
571,172,20.9723475,8184,2021-06-26 17:38:53,52.2125363,8
572,504,21.0047146,8187,2021-06-26 17:38:51,52.2300038,2
573,519,21.092833,8188,2021-06-26 17:38:50,52.117158,2
574,504,21.0688736,8189,2021-06-26 17:38:51,52.1288251,5
575,198,21.1173818,8210,2021-06-25 18:57:27,52.2334423,04
576,151,21.1167196,8218,2021-06-25 19:22:39,52.2335221,04
577,514,21.147643,8222,2021-06-26 17:38:54,52.2510176,4
578,188,21.1161338,8225,2021-06-25 20:54:43,52.2335866,08
579,143,21.114924,8228,2021-06-25 23:38:50,52.234206,6
580,509,21.116793,8231,2021-06-25 20:04:19,52.233758,021
581,514,21.1939688,8300,2021-06-26 17:38:54,52.2480958,3
582,502,21.173513,8301,2021-06-26 17:38:49,52.2254503,4
583,125,21.1633481,8303,2021-06-26 17:38:41,52.2204316,5
584,125,21.043851,8305,2021-06-26 17:38:52,52.2486478,3
585,509,20.969966,8310,2021-06-26 17:38:47,52.320328,3
586,502,21.015426,8313,2021-06-26 17:38:44,52.218724,6
587,182,21.11721,8315,2021-06-25 19:08:30,52.233705,013
588,145,21.088216,8317,2021-06-26 17:38:37,52.244824,1
589,188,20.9849928,8318,2021-06-26 17:38:53,52.2010163,6
590,168,21.11586,8320,2021-06-25 21:27:01,52.23366,07
591,514,21.0199506,8323,2021-06-26 17:38:55,52.2181588,2
592,145,21.1189543,8324,2021-06-26 17:38:57,52.2379251,2
593,720,21.4566776,8325,2021-06-26 17:38:52,52.1336628,1
594,125,21.117233,8327,2021-06-25 20:58:39,52.234053,3
595,145,21.0002466,8328,2021-06-26 17:38:39,52.291361,5
596,411,21.117353,8330,2021-06-25 20:35:38,52.233359,53
597,148,21.0550536,8331,2021-06-26 17:38:53,52.1828006,1
598,502,21.0370065,8335,2021-06-26 17:38:56,52.2223513,1
599,143,21.0941456,8339,2021-06-26 17:38:54,52.2441138,1
600,704,21.3480088,8340,2021-06-26 17:39:01,52.2224845,1
601,171,21.0033017,8342,2021-06-26 17:38:56,52.24238,6
602,151,21.105,8344,2021-06-26 17:38:54,52.230235,3
603,185,21.0497583,8345,2021-06-26 17:38:44,52.1548783,1
604,145,21.116836,8346,2021-06-25 19:31:54,52.233566,016
605,145,21.116093,8347,2021-06-25 19:40:44,52.233476,012
606,523,20.9192833,8348,2021-06-26 17:38:46,52.239905,9
607,507,21.004848,8349,2021-06-26 17:38:52,52.230216,5
608,411,21.116288,8350,2021-06-25 20:43:54,52.233658,061
609,125,21.0698083,8351,2021-06-26 17:38:50,52.246305,4
610,125,21.1964767,8352,2021-06-26 17:38:55,52.2083967,1
611,151,21.0452117,8353,2021-06-26 17:38:55,52.2245,1
612,521,20.9717183,8355,2021-06-26 17:38:45,52.21131,2
613,N03,21.117188,8357,2021-06-26 05:01:26,52.233246,254
614,502,21.21753,8358,2021-06-26 17:38:53,52.214341,3
615,507,21.06074,8360,2021-06-26 17:38:47,52.2323717,4
616,704,21.0931617,8362,2021-06-26 17:38:53,52.2443433,2
617,521,21.109286,8363,2021-06-26 17:38:47,52.240801,5
618,507,21.0060033,8366,2021-06-26 17:38:51,52.2288083,1
619,143,21.0291183,8367,2021-06-26 17:38:54,52.22023,6
620,502,21.016885,8368,2021-06-26 17:38:44,52.2172317,5
621,521,21.0879417,8369,2021-06-26 17:38:50,52.24497,1
622,141,21.117058,8397,2021-06-25 19:41:02,52.233698,012
623,502,21.1151075,8403,2021-06-25 23:03:57,52.2336293,064
624,411,21.1156411,8440,2021-06-25 20:20:48,52.2335555,062
625,511,20.9280774,8443,2021-06-26 17:38:57,52.2911956,3
626,112,20.919872,8445,2021-06-26 17:38:57,52.257416,10
627,169,21.0345264,8447,2021-06-26 17:38:57,52.2554081,2
628,509,20.9415031,8448,2021-06-26 17:38:57,52.3331511,1
629,160,21.068367,8450,2021-06-26 17:38:58,52.323582,6
630,409,20.8868034,8452,2021-06-26 17:38:58,52.3046479,58
631,735,21.0289319,8454,2021-06-26 17:38:58,52.3736837,61
632,112,20.93903,8455,2021-06-26 17:38:57,52.27702,5
633,731,20.949028,8457,2021-06-26 17:38:57,52.4112069,4
634,185,21.0485019,8458,2021-06-26 11:00:08,52.2645874,6
635,169,21.0350357,8459,2021-06-26 17:38:58,52.2596735,4
636,409,20.9210842,8460,2021-06-26 17:38:57,52.3143089,51
637,169,21.042105,8461,2021-06-26 17:38:58,52.30014,1
638,141,21.020545,8500,2021-06-26 17:38:53,52.19688,8
639,Z26,20.9742217,8501,2021-06-26 17:38:44,52.2354867,3
640,522,21.0602983,8502,2021-06-26 17:38:55,52.1773433,2
641,189,21.0013783,8504,2021-06-26 17:38:49,52.17814,1
642,N33,20.996476,8505,2021-06-26 05:42:44,52.187546,172
643,185,20.997366,8507,2021-06-25 23:56:14,52.186391,9
644,174,20.9953717,8508,2021-06-26 17:38:50,52.1701917,3
645,189,20.996501,8509,2021-06-26 00:35:47,52.18806,12
646,331,20.997095,8511,2021-06-25 18:21:40,52.187653,01
647,148,20.998374,8514,2021-06-26 00:52:13,52.188333,5
648,N37,20.998273,8516,2021-06-26 05:43:10,52.188213,246
649,136,20.9921533,8517,2021-06-26 17:38:50,52.1889217,3
650,165,21.024083,8520,2021-06-26 17:38:54,52.17985,3
651,185,21.022025,8521,2021-06-26 17:38:55,52.1427017,2
652,136,21.0018783,8522,2021-06-26 17:38:50,52.1787017,8
653,733,20.997863,8523,2021-06-25 20:19:16,52.187501,62
654,185,21.046496,8524,2021-06-26 17:38:48,52.213754,4
655,519,21.05549,8525,2021-06-26 17:38:45,52.1818967,4
656,136,21.055756,8528,2021-06-26 17:38:49,52.147448,6
657,143,21.1090333,8530,2021-06-26 17:38:47,52.2407767,5
658,308,20.997771,8531,2021-06-25 19:03:30,52.187649,02
659,136,20.997748,8533,2021-06-25 23:20:13,52.188256,10
660,N03,20.997894,8534,2021-06-26 05:57:03,52.18594,156
661,131,20.996449,8535,2021-06-25 22:36:53,52.186401,10
662,519,21.0498117,8536,2021-06-26 17:38:48,52.1876817,7
663,N33,20.996953,8537,2021-06-26 05:04:45,52.186869,173
664,217,21.0435333,8540,2021-06-26 17:38:58,52.175215,2
665,N34,20.996438,8541,2021-06-26 05:33:51,52.187668,149
666,N37,20.99783,8545,2021-06-26 05:44:42,52.187465,132
667,167,20.94232,8547,2021-06-26 17:38:56,52.2297767,3
668,733,20.933995,8548,2021-06-26 17:38:57,52.1663983,1
669,504,21.042845,8550,2021-06-26 17:38:46,52.147175,6
670,519,21.015014,8551,2021-06-26 17:38:45,52.224666,5
671,522,21.080083,8552,2021-06-26 17:38:47,52.157816,1
672,Z26,20.9810083,8553,2021-06-26 17:38:52,52.23716,2
673,148,21.08737,8559,2021-06-26 17:38:43,52.2447967,7
674,151,21.116914,8561,2021-06-25 23:54:17,52.233616,1
675,171,20.9268267,8562,2021-06-26 17:38:56,52.2407933,7
676,521,21.116369,8565,2021-06-25 20:39:03,52.233641,08
677,520,21.0290433,8566,2021-06-26 17:38:42,52.220215,6
678,523,20.9802467,8567,2021-06-26 17:38:44,52.2164983,6
679,509,20.990848,8569,2021-06-26 17:38:52,52.30183,9
680,148,21.094676,8570,2021-06-26 17:38:55,52.215878,6
681,143,21.1545033,8573,2021-06-26 17:38:53,52.2599217,4
682,521,21.198068,8574,2021-06-26 17:38:56,52.174243,4
683,523,20.8983567,8576,2021-06-26 17:38:46,52.25851,8
684,141,21.10137,8578,2021-06-26 17:38:54,52.24107,1
685,190,21.046053,8582,2021-06-25 18:46:44,52.264343,021
686,523,21.1074783,8586,2021-06-26 17:38:45,52.2486833,4
687,520,21.0021083,8589,2021-06-26 17:38:55,52.243115,7
688,185,20.9875083,8592,2021-06-26 17:38:56,52.26913,5
689,N13,21.114978,8593,2021-06-26 05:47:18,52.233611,247
690,145,21.0963817,8594,2021-06-26 17:38:48,52.286165,3
691,188,21.1281133,8595,2021-06-26 17:38:46,52.2402133,4
692,168,21.0941806,8800,2021-06-26 17:38:56,52.2281316,5
693,189,20.8987725,8802,2021-06-26 17:38:53,52.238721,6
694,148,20.9781728,8804,2021-06-26 17:38:54,52.1694593,3
695,168,21.019743,8805,2021-06-26 17:38:48,52.2096115,6
696,136,20.9659028,8806,2021-06-26 17:38:55,52.2431563,1
697,189,20.913631,8807,2021-06-26 17:38:51,52.2118065,3
698,138,21.0636783,8808,2021-06-26 17:38:53,52.262139,4
699,168,21.0143105,8810,2021-06-26 17:38:56,52.2086656,2
700,167,20.9914586,8812,2021-06-26 17:38:55,52.216432,1
701,136,20.9702596,8813,2021-06-26 17:38:54,52.213342,2
702,504,21.0231876,8814,2021-06-26 17:38:55,52.1519311,4
703,217,21.0727705,8816,2021-06-26 17:38:58,52.1600356,1
704,167,21.05883,8818,2021-06-26 17:38:45,52.212941,7
705,167,20.9754633,8819,2021-06-26 17:38:54,52.2116283,4
706,174,21.0124908,8820,2021-06-26 17:38:50,52.17465,371
707,N43,20.9959001,8821,2021-06-26 05:29:35,52.1875351,220
708,189,21.068973,8822,2021-06-26 17:38:56,52.181321,12
709,519,21.0845581,8823,2021-06-26 17:38:57,52.1652431,8
710,148,21.0351895,8825,2021-06-26 17:38:55,52.1479273,2
711,522,21.0033141,8826,2021-06-26 17:38:54,52.2290323,318
712,514,21.0156826,8828,2021-06-26 17:38:57,52.2192911,1
713,509,21.0908923,8829,2021-06-26 17:38:53,52.2252313,7
714,143,21.0179408,8832,2021-06-26 17:38:57,52.2178041,7
715,502,21.1891738,8833,2021-06-26 17:38:36,52.2249261,2
716,182,21.1045065,8834,2021-06-26 17:38:54,52.2371148,M5
717,N83,21.116546,8839,2021-06-26 05:25:32,52.233586,174
718,520,21.1427286,8840,2021-06-26 17:38:52,52.2373128,3
719,138,21.1172336,8841,2021-06-25 22:19:45,52.2337476,1
720,521,21.1161941,8844,2021-06-25 20:59:15,52.2334716,09
721,138,21.0020548,8846,2021-06-26 17:38:49,52.1901631,8
722,143,21.1769971,8850,2021-06-26 17:38:54,52.257043,3
723,138,21.100554,8852,2021-06-26 17:38:54,52.2606521,5
724,509,21.0354296,8853,2021-06-26 17:38:55,52.2538635,8
725,182,20.997916,8854,2021-06-26 17:38:55,52.216776,1
726,518,21.047239,8859,2021-06-25 21:49:41,52.2647968,9
727,412,21.047084,8862,2021-06-25 20:21:52,52.264918,05
728,509,21.043849,8863,2021-06-25 22:53:53,52.266028,14
729,723,21.047273,8864,2021-06-25 19:20:55,52.264625,08
730,269,21.043698,8866,2021-06-25 22:15:02,52.266003,04
731,738,21.046916,8868,2021-06-25 18:47:25,52.264738,05
732,340,21.046388,8870,2021-06-25 19:12:44,52.265081,03
733,511,21.046323,8874,2021-06-25 18:33:00,52.265079,05
734,340,21.048342,8876,2021-06-25 18:55:45,52.264397,06
735,723,21.0008896,8878,2021-06-26 17:38:52,52.2912215,1
736,511,21.0472221,8879,2021-06-25 19:11:55,52.2646076,07
737,709,20.996574,8880,2021-06-25 18:58:33,52.18762,016
738,136,20.9797593,8881,2021-06-26 17:38:54,52.2105118,9
739,174,21.0019381,8882,2021-06-26 17:38:55,52.227223,1
740,165,21.0076578,8883,2021-06-26 17:38:54,52.1780671,4
741,504,20.981958,8885,2021-06-26 17:38:57,52.1935,1
742,504,20.9985235,8886,2021-06-26 11:14:42,52.1878498,6
743,165,20.992919,8888,2021-06-26 17:38:45,52.1670331,2
744,165,21.0024235,8891,2021-06-26 17:38:55,52.15822,1
745,148,21.086858,8893,2021-06-26 17:38:52,52.245176,8
746,172,21.06927,8895,2021-06-26 17:38:54,52.1812995,5
747,522,21.0186516,8896,2021-06-26 17:38:55,52.2126266,5
748,138,21.0508975,8897,2021-06-26 17:38:52,52.2298311,3
749,519,21.092878,8899,2021-06-26 17:38:55,52.116979,1
750,161,21.22481,9061,2021-06-26 17:29:20,52.186665,1
751,104,21.033356,9063,2021-06-26 17:38:54,52.334835,2
752,161,21.224735,9068,2021-06-26 17:38:56,52.186665,2
753,211,20.941418,9070,2021-06-26 17:38:55,52.355396,3
754,211,20.941685,9074,2021-06-26 17:38:57,52.333214,4
755,211,20.989399,9075,2021-06-26 17:38:56,52.303406,M5
756,234,21.057238,9079,2021-06-26 17:38:55,52.324104,2
757,800,20.871004,9082,2021-06-26 17:38:58,52.339569,M1
758,900,20.942814,9084,2021-06-26 17:38:54,52.348694,1
759,161,21.211512,9088,2021-06-26 17:38:55,52.160877,M3
760,104,21.000345,9091,2021-06-26 17:38:58,52.291462,1
761,211,20.943571,9092,2021-06-26 17:38:58,52.338692,2
762,211,20.97477,9093,2021-06-26 17:38:57,52.306282,1
763,219,21.17741,9201,2021-06-26 17:38:50,52.184231,1
764,107,20.97937,9204,2021-06-26 17:38:51,52.244488,1
765,107,20.980274,9205,2021-06-26 17:38:57,52.243,2
766,121,20.968061,9206,2021-06-26 17:38:51,52.272011,M2
767,209,20.981043,9209,2021-06-26 17:38:52,52.132854,54
768,107,21.024412,9210,2021-06-26 17:38:52,52.223984,3
769,201,20.935253,9212,2021-06-26 17:38:50,52.234348,3
770,121,20.972429,9213,2021-06-26 17:38:56,52.271854,1
771,133,20.948296,9214,2021-06-26 17:38:57,52.32053,1
772,133,20.966818,9215,2021-06-26 17:38:51,52.338634,2
773,164,21.085235,9216,2021-06-26 17:38:57,52.193327,2
774,164,21.133911,9219,2021-06-26 17:38:54,52.149925,3
775,177,20.883615,9220,2021-06-26 17:38:53,52.205727,1
776,177,20.894918,9221,2021-06-26 17:38:56,52.182449,2
777,203,20.930761,9222,2021-06-26 17:38:57,52.291668,2
778,107,21.050188,9223,2021-06-26 17:38:51,52.200169,4
779,203,20.932297,9224,2021-06-26 17:38:55,52.287834,1
780,208,20.975552,9225,2021-06-26 17:38:58,52.210262,2
781,209,20.981153,9227,2021-06-26 17:38:58,52.132721,51
782,228,20.925266,9228,2021-06-26 17:38:57,52.203686,1
783,228,20.892925,9229,2021-06-26 17:38:56,52.200329,3
784,177,20.883633,9230,2021-06-26 17:38:54,52.205696,3
785,228,20.965876,9231,2021-06-26 17:38:53,52.194935,2
786,209,21.038515,9233,2021-06-26 17:38:58,52.155102,52
787,201,20.945616,9234,2021-06-26 17:38:55,52.241272,2
788,219,21.124271,9235,2021-06-26 17:38:53,52.21492,2
789,208,20.943548,9236,2021-06-26 17:38:58,52.205654,1
790,264,21.121593,9240,2021-06-26 17:38:52,52.130737,1
791,107,21.012442,9241,2021-06-26 17:38:50,52.240013,M5
792,201,20.925127,9243,2021-06-26 17:38:51,52.260609,1
793,219,21.10269,9250,2021-06-26 17:38:50,52.222694,3
794,239,21.038858,9252,2021-06-26 17:38:56,52.155575,53
795,199,21.11792,9311,2021-06-26 17:38:58,52.28931,4
796,135,21.03537,9312,2021-06-26 17:38:52,52.254929,3
797,135,21.046814,9313,2021-06-26 17:38:53,52.259945,4
798,123,21.063181,9316,2021-06-26 17:38:54,52.228374,1
799,123,21.067242,9317,2021-06-26 17:38:55,52.231438,3
800,179,21.068527,9318,2021-06-26 17:38:57,52.128918,7
801,153,21.156908,9319,2021-06-26 17:38:58,52.263683,3
802,179,21.036915,9320,2021-06-26 17:38:56,52.162014,3
803,142,21.125759,9321,2021-06-26 17:38:58,52.2346,4
804,123,21.051064,9322,2021-06-26 17:38:54,52.252522,2
805,123,21.052275,9323,2021-06-26 17:38:56,52.250187,5
806,179,21.037064,9325,2021-06-26 17:38:56,52.162098,4
807,135,21.095507,9326,2021-06-26 17:38:52,52.231194,1
808,179,21.038284,9327,2021-06-26 17:38:58,52.153282,5
809,135,21.105137,9328,2021-06-26 17:38:50,52.245991,2
810,179,21.065683,9329,2021-06-26 17:38:54,52.143021,6
811,179,21.025877,9333,2021-06-26 17:38:50,52.14246,52
812,153,21.1770874,9338,2021-06-26 17:38:57,52.2568657,2
813,123,21.094421,9339,2021-06-26 17:38:57,52.244053,357
814,153,21.158283,9340,2021-06-26 17:38:56,52.273232,1
815,199,21.144373,9342,2021-06-26 17:38:54,52.268604,2
816,123,21.077581,9345,2021-06-25 21:25:22,52.268494,357
817,179,21.065908,9349,2021-06-26 17:38:57,52.142529,1
818,142,21.088667,9351,2021-06-26 17:38:55,52.244846,1
819,142,21.214182,9352,2021-06-26 17:38:55,52.161755,3
820,142,21.2270396,9354,2021-06-26 17:34:33,52.171729,M5
821,199,21.179464,9355,2021-06-26 17:38:55,52.268795,1
822,142,21.144409,9357,2021-06-26 17:38:57,52.227222,2
823,103,20.926691,9411,2021-06-26 17:38:55,52.290348,4
824,157,20.963961,9412,2021-06-26 17:38:56,52.207981,3
825,117,21.067648,9413,2021-06-26 17:38:56,52.225719,3
826,516,20.942081,9414,2021-06-26 17:38:55,52.334053,4
827,157,20.976601,9416,2021-06-26 17:38:58,52.289921,6
828,117,21.005108,9417,2021-06-26 17:38:58,52.229668,1
829,103,20.970022,9418,2021-06-26 17:38:58,52.255665,2
830,134,20.9683,9419,2021-06-26 17:38:57,52.271832,1
831,134,21.047308,9420,2021-06-26 17:38:56,52.335323,2
832,134,21.052107,9423,2021-06-26 17:38:55,52.30917,3
833,117,21.05287,9424,2021-06-26 17:38:57,52.236378,4
834,117,21.082788,9425,2021-06-26 17:38:56,52.226124,2
835,103,20.94565,9427,2021-06-26 17:38:54,52.26857,5
836,157,20.997374,9428,2021-06-26 17:38:49,52.253685,1
837,157,20.985302,9429,2021-06-26 17:38:55,52.220711,2
838,245,21.083673,9431,2021-06-26 17:38:57,52.28648,1
839,516,20.953924,9432,2021-06-26 17:38:57,52.31979,1
840,516,21.000931,9434,2021-06-26 17:38:57,52.291168,2
841,516,20.960543,9436,2021-06-26 17:38:54,52.323856,3
842,176,21.026709,9438,2021-06-26 17:38:55,52.281158,1
843,157,20.973049,9439,2021-06-26 17:38:54,52.280903,5
844,712,20.846817,9441,2021-06-26 17:38:55,52.274826,M2
845,103,20.968531,9442,2021-06-26 17:38:58,52.222061,1
846,103,20.938211,9443,2021-06-26 17:38:56,52.292282,3
847,245,21.069729,9446,2021-06-26 17:38:54,52.280289,2
848,712,20.92794,9450,2021-06-26 17:38:58,52.290825,1
849,176,20.982277,9452,2021-06-26 17:38:57,52.355602,3
850,176,20.991436,9453,2021-06-26 17:38:57,52.326946,2
851,743,20.810156,9459,2021-06-26 17:38:56,52.210056,1
852,194,20.930455667,9501,2021-06-26 17:38:57,52.225006167,4
853,181,20.930512833,9503,2021-06-26 17:38:55,52.307151333,2
854,717,20.836061333,9504,2021-06-26 17:38:55,52.19292,3
855,139,21.084414333,9507,2021-06-26 17:38:55,52.163205333,2
856,149,20.940453333,9509,2021-06-26 17:38:55,52.246691167,2
857,729,20.884612667,9511,2021-06-26 17:38:55,52.240416833,1
858,149,20.8789615,9514,2021-06-26 17:38:51,52.248217167,4
859,159,20.952654,9515,2021-06-26 17:38:55,52.211986333,1
860,159,21.080072167,9519,2021-06-26 17:38:54,52.190511,4
861,159,21.023677167,9520,2021-06-26 17:38:54,52.223943,5
862,181,20.985473167,9521,2021-06-26 17:38:58,52.269596333,1
863,737,21.029610667,9522,2021-06-26 17:38:55,52.1473805,55
864,181,20.957652667,9524,2021-06-26 17:38:54,52.282038167,4
865,194,20.8848115,9525,2021-06-26 17:38:58,52.196582167,1
866,181,20.899917833,9526,2021-06-26 17:38:58,52.297165667,3
867,220,20.9250645,9529,2021-06-26 17:38:57,52.260782,3
868,717,20.9647475,9530,2021-06-26 17:38:56,52.218213667,2
869,159,20.9935845,9531,2021-06-26 17:38:59,52.226112167,2
870,194,20.8649855,9532,2021-06-26 17:38:56,52.203335,2
871,194,20.892818,9533,2021-06-26 17:38:55,52.208694833,3
872,194,20.930132667,9534,2021-06-26 17:37:28,52.224919,5
873,220,20.9443825,9535,2021-06-26 17:38:55,52.176205333,1
874,220,20.8952005,9537,2021-06-26 17:38:55,52.202917,4
875,300,21.018031667,9538,2021-06-26 17:38:59,52.168839,M1
876,149,20.9330515,9539,2021-06-26 17:38:55,52.240228333,3
877,707,20.9126035,9540,2021-06-26 17:38:57,52.147547,1
878,715,20.944797,9542,2021-06-26 17:38:58,52.119136833,53
879,737,21.031618333,9543,2021-06-26 17:38:54,52.148922667,54
880,717,20.926975833,9544,2021-06-26 17:38:50,52.195303667,1
881,724,21.10491,9546,2021-06-26 17:38:59,52.118676333,1
882,139,21.084165167,9548,2021-06-26 17:38:56,52.166181667,1
883,715,20.9616505,9554,2021-06-26 17:38:57,52.1274695,51
884,149,20.932858333,9555,2021-06-26 17:38:57,52.240273167,1
885,159,21.050344667,9556,2021-06-26 17:38:55,52.201495167,3
886,220,20.896377667,9557,2021-06-26 17:38:32,52.236920667,2
887,152,20.966318,9673,2021-06-26 17:38:57,52.318722,5
888,152,20.986149,9678,2021-06-26 17:38:53,52.334599,1
889,152,21.004311,9680,2021-06-26 17:38:52,52.3363,2
890,118,21.022253,9681,2021-06-26 17:38:53,52.243568,3
891,212,21.029903,9682,2021-06-26 17:38:52,52.261509,2
892,118,21.03322,9683,2021-06-26 17:38:58,52.297405,4
893,118,21.015726,9685,2021-06-26 17:38:53,52.222313,2
894,152,20.952263,9687,2021-06-26 17:38:53,52.316914,4
895,152,21.06039,9688,2021-06-26 17:38:51,52.31509,3
896,118,21.041796,9689,2021-06-26 17:38:57,52.30043,5
897,212,21.05464,9692,2021-06-26 17:38:55,52.279839,3
898,212,21.055552,9696,2021-06-26 17:38:54,52.275085,1
899,118,21.020081,9697,2021-06-26 17:38:55,52.24564,1
900,212,21.057207,9698,2021-06-26 17:38:51,52.301819,4
901,109,21.035581,9801,2021-06-26 17:38:56,52.222593,1
902,710,21.112785,9802,2021-06-26 17:38:55,52.077881,1
903,525,21.191477,9803,2021-06-26 17:38:55,52.207314,3
904,Z10,20.924793,9804,2021-06-26 17:38:51,52.260834,2
905,109,20.952118,9805,2021-06-26 17:38:56,52.227478,3
906,109,20.899473,9806,2021-06-26 17:38:58,52.238556,5
907,109,20.980152,9807,2021-06-26 17:38:56,52.229706,6
908,127,21.019541,9809,2021-06-26 17:38:51,52.246201,2
909,127,21.021669,9810,2021-06-26 17:38:57,52.230576,1
910,127,21.017748,9811,2021-06-26 17:38:54,52.230999,335
911,131,21.002296,9814,2021-06-26 17:38:58,52.228027,4
912,127,20.924141,9816,2021-06-26 17:38:55,52.205566,56
913,127,20.895506,9817,2021-06-26 17:38:57,52.208767,5
914,131,21.04946,9818,2021-06-26 17:38:55,52.202762,2
915,710,21.113293,9819,2021-06-26 17:38:55,52.106182,3
916,131,21.068989,9820,2021-06-26 17:38:51,52.1814,6
917,131,21.012943,9821,2021-06-26 17:38:56,52.227303,1
918,525,21.106596,9822,2021-06-26 17:38:57,52.233921,1
919,519,21.002187,9825,2021-06-26 17:38:54,52.229037,6
920,710,21.011121,9827,2021-06-26 17:38:53,52.074139,2
921,Z10,20.924984,9828,2021-06-26 17:38:54,52.260853,9
922,525,21.099505,9829,2021-06-26 17:38:57,52.234489,4
923,525,21.005156,9830,2021-06-26 17:38:56,52.228996,5
924,742,21.195192,9833,2021-06-26 17:38:50,52.014275,1
925,710,21.06769,9834,2021-06-26 17:38:56,52.129349,4
926,719,20.913597,9835,2021-06-26 17:38:56,52.239117,1
927,Z10,20.913906,9836,2021-06-26 17:38:58,52.252686,8
928,Z10,20.915174,9837,2021-06-26 17:38:56,52.231544,M4
929,109,20.89873,9838,2021-06-26 17:38:52,52.238436,4
930,127,20.948483,9839,2021-06-26 17:38:57,52.209278,4
931,109,21.022757,9842,2021-06-26 17:38:55,52.229378,2
932,719,20.586426,9849,2021-06-26 17:38:52,52.257538,2
933,719,20.913918,9852,2021-06-26 17:38:56,52.239044,3
934,131,21.031214,9854,2021-06-26 17:38:56,52.206985,3
935,114,20.93195,9901,2021-06-26 17:38:54,52.287609,1
936,114,20.950863,9903,2021-06-26 17:38:55,52.270241,5
937,186,20.963774,9905,2021-06-26 17:38:54,52.207771,5
938,193,21.036245,9906,2021-06-26 17:38:55,52.161629,1
939,114,20.976274,9907,2021-06-26 17:38:57,52.266098,7
940,186,20.951328,9908,2021-06-26 17:38:54,52.319073,1
941,186,20.956066,9909,2021-06-26 17:38:56,52.235809,3
942,186,20.955648,9912,2021-06-26 17:38:58,52.236252,6
943,186,20.942245,9915,2021-06-26 17:38:57,52.334156,9
944,186,20.981266,9916,2021-06-26 17:38:55,52.280762,2
945,190,20.9305,9919,2021-06-26 17:38:55,52.24033,2
946,190,20.9144,9920,2021-06-26 17:38:51,52.239159,5
947,190,21.079319,9921,2021-06-26 17:38:55,52.291546,9
948,190,21.039215,9922,2021-06-26 17:38:58,52.256435,10
949,193,21.013697,9923,2021-06-26 17:38:56,52.174194,2
950,193,20.995453,9925,2021-06-26 17:38:54,52.170162,3
951,114,21.041773,9928,2021-06-26 17:38:56,52.300255,63
952,114,20.925522,9930,2021-06-26 17:38:58,52.308739,2
953,193,21.048761,9933,2021-06-26 17:38:56,52.161896,4
954,190,20.896954,9935,2021-06-26 17:38:57,52.232304,4
955,186,20.966944,9939,2021-06-26 17:38:56,52.318989,8
956,114,21.016891,9940,2021-06-26 17:38:57,52.293812,4
957,114,21.040222,9941,2021-06-26 17:38:57,52.288109,6
958,186,20.97101,9942,2021-06-26 17:38:54,52.206074,4
959,190,21.086775,9946,2021-06-26 17:38:56,52.300964,8
960,190,20.89625,9947,2021-06-26 17:38:58,52.238892,3
961,190,20.972776,9949,2021-06-26 17:38:56,52.237297,6
962,190,21.052578,9951,2021-06-26 17:38:58,52.26263,7
963,190,20.962402,9953,2021-06-26 17:38:58,52.237396,1
964,186,20.965219,9954,2021-06-26 17:38:55,52.272564,67
965,o43A,21.423235,9999,2021-06-25 14:26:34,50.302956,1
