,Lines,Lon,VehicleNumber,Time,Lat,Brigade
0,213,21.1152613,1000,2021-06-25 23:22:58,52.2346205,3
1,213,21.115043,1001,2021-06-25 23:56:49,52.23463,1
2,213,21.133824,1003,2021-06-26 17:56:51,52.2142493,1
3,311,21.115233,1004,2021-06-25 21:52:40,52.23458,2
4,196,21.11514,1005,2021-06-25 23:48:58,52.234611,1
5,130,21.11559,1008,2021-06-25 20:19:05,52.234613,04
6,213,21.097824,1010,2021-06-26 17:56:44,52.226804,2
7,213,21.203101,1011,2021-06-26 17:56:44,52.1594388,4
8,311,21.1155166,1012,2021-06-25 21:16:38,52.2346153,1
9,213,21.2061413,1015,2021-06-26 17:56:48,52.1828773,3
10,108,21.023115,1020,2021-06-26 17:56:48,52.228775,3
11,218,21.0023335,1021,2021-06-26 17:56:49,52.1826086,4
12,218,21.00382,1024,2021-06-26 17:56:48,52.177887,2
13,192,21.0683352,1025,2021-06-26 17:56:48,52.1285599,3
14,195,20.9979977,1026,2021-06-25 21:14:18,52.1862374,2
15,163,21.0992824,1027,2021-06-26 17:56:49,52.17876,1
16,218,21.0205169,1028,2021-06-26 17:56:49,52.1941696,3
17,163,21.1091314,1030,2021-06-26 17:56:49,52.1648259,2
18,163,21.049034,1031,2021-06-26 17:56:49,52.178276,3
19,108,21.068944,1038,2021-06-26 17:56:33,52.212453,4
20,192,21.0436195,1039,2021-06-26 17:56:48,52.1535604,2
21,204,21.0604217,1040,2021-06-26 17:56:39,52.3150833,1
22,736,21.012081,1042,2021-06-26 17:56:49,52.316609,1
23,204,21.043091,1043,2021-06-25 22:53:22,52.26632,05
24,204,21.0231517,1044,2021-06-26 17:56:47,52.277365,3
25,107,21.046234,1045,2021-06-25 22:36:50,52.264653,4
26,204,21.042681,1046,2021-06-25 23:57:31,52.266098,1
27,204,21.023203,1047,2021-06-26 17:56:37,52.277281,2
28,228,20.921443,1050,2021-06-25 23:41:52,52.196853,2
29,328,20.921189,1051,2021-06-25 22:30:10,52.196913,01
30,129,20.9448733,1052,2021-06-26 17:56:35,52.247025,2
31,129,20.9038933,1053,2021-06-26 17:56:38,52.1935017,3
32,129,20.9006633,1055,2021-06-26 17:56:39,52.1946267,4
33,129,20.94147,1057,2021-06-26 17:56:40,52.24674,1
34,119,21.2045864,1061,2021-06-26 17:56:48,52.2096899,4
35,119,21.157406,1062,2021-06-26 17:56:49,52.213909,5
36,192,21.024309,1064,2021-06-26 17:56:49,52.179871,1
37,192,21.0274916,1069,2021-06-26 17:56:48,52.1507972,52
38,108,21.024216,1070,2021-06-26 17:56:48,52.179665,1
39,108,21.0710891,1074,2021-06-26 17:56:49,52.1802331,2
40,218,21.023987,1076,2021-06-26 17:56:49,52.179825,1
41,192,21.0648541,1079,2021-06-26 17:56:47,52.1377834,4
42,173,21.0426228,1101,2021-06-26 00:28:34,52.2664063,2
43,240,21.0008238,1109,2021-06-26 17:56:45,52.2913866,2
44,173,21.048266,1110,2021-06-25 19:53:25,52.264265,3
45,170,21.0806956,1111,2021-06-26 17:56:47,52.2775101,2
46,110,20.9640083,1112,2021-06-26 17:56:46,52.27501,51
47,126,21.046033,1113,2021-06-25 23:08:32,52.264159,4
48,338,21.046365,1116,2021-06-25 19:40:36,52.2645706,05
49,170,21.0274355,1117,2021-06-26 17:56:52,52.2594686,4
50,739,21.018328,1200,2021-06-26 17:56:49,52.112198,65
51,739,21.039709,1201,2021-06-26 17:56:49,52.080517,64
52,166,21.0551215,1203,2021-06-26 17:56:47,52.1531561,1
53,727,21.0281,1205,2021-06-26 17:56:48,52.0678032,68
54,739,21.022537,1208,2021-06-26 17:56:49,52.179348,62
55,141,21.0888482,1211,2021-06-26 17:56:49,52.2450835,2
56,739,21.023348,1213,2021-06-26 17:56:48,52.180042,66
57,166,21.045618,1214,2021-06-26 17:56:47,52.248249,3
58,727,21.0216794,1216,2021-06-26 17:56:49,52.0788992,67
59,739,21.0184251,1218,2021-06-26 17:56:48,52.1191072,63
60,166,21.068262,1219,2021-06-26 17:56:48,52.129242,8
61,166,21.0587172,1220,2021-06-26 17:56:48,52.1400437,7
62,727,21.019047,1223,2021-06-26 17:56:48,52.065231,61
63,240,21.0483353,1400,2021-06-26 00:03:19,52.2641493,1
64,170,21.0852858,1401,2021-06-26 17:56:44,52.2736051,3
65,170,21.0454971,1403,2021-06-25 21:36:41,52.2652081,3
66,240,21.043604,1408,2021-06-25 23:31:26,52.266069,4
67,146,21.199118,1411,2021-06-26 17:56:43,52.158798,58
68,173,21.21755,1412,2021-06-26 17:56:48,52.214386,3
69,730,21.168093,1413,2021-06-26 17:56:47,52.225712,61
70,146,21.056087,1417,2021-06-26 17:56:48,52.231091,57
71,199,21.116076,1418,2021-06-26 17:56:48,52.292137,3
72,147,21.1262867,1419,2021-06-26 17:56:48,52.2010087,53
73,183,21.16184,1422,2021-06-26 17:56:48,52.254848,3
74,147,21.242973,1425,2021-06-26 17:56:48,52.21917,54
75,147,21.098949,1426,2021-06-26 17:56:49,52.216507,55
76,146,21.204459,1427,2021-06-26 17:56:48,52.1595106,59
77,119,21.041697,1429,2021-06-26 17:56:48,52.202164,1
78,L11,20.839916,14422,2021-06-26 17:56:48,52.441078,2
79,L10,20.945208,14423,2021-06-26 14:34:04,52.437897,M4
80,L11,20.723183,14424,2021-06-25 20:30:06,52.424343,51
81,L-9,20.943817,14426,2021-06-26 17:56:45,52.399017,3
82,L11,20.856594,14427,2021-06-26 17:56:48,52.44714,1
83,L34,20.863585,14429,2021-06-26 17:56:43,52.441444,1
84,L10,20.945269,14430,2021-06-26 16:19:41,52.437912,M5
85,L34,20.945213,14431,2021-06-25 19:23:11,52.437866,2
86,L41,20.709784,14432,2021-06-26 17:56:44,52.430508,1
87,L33,20.945353,14434,2021-06-25 23:24:58,52.438198,1
88,L49,20.894226,14436,2021-06-26 17:56:41,52.417236,1
89,L-9,20.949566,14440,2021-06-25 23:13:11,52.471237,055
90,338,21.045604,1500,2021-06-25 19:27:18,52.264496,03
91,106,20.9651395,1508,2021-06-26 17:56:45,52.2365891,5
92,735,21.0348905,1509,2021-06-26 17:56:43,52.4224831,M4
93,240,21.1185803,1510,2021-06-26 17:56:45,52.3390563,4
94,110,20.8831846,1513,2021-06-26 17:56:46,52.3030743,52
95,147,21.044424,1514,2021-06-25 19:54:57,52.2648745,06
96,115,21.2422717,1521,2021-06-26 17:56:40,52.16996,4
97,115,21.211625,1523,2021-06-26 17:56:45,52.161819,3
98,702,21.225075,1524,2021-06-26 17:56:48,52.1064133,2
99,183,21.115313,1526,2021-06-26 00:16:52,52.233074,4
100,N16,21.116845,1527,2021-06-26 05:37:31,52.233048,2
101,N44,21.117096,1528,2021-06-26 05:37:25,52.233049,207
102,702,21.18937,1531,2021-06-26 17:56:47,52.146935,1
103,202,21.0700733,1532,2021-06-26 17:56:47,52.250385,2
104,141,20.9832633,1533,2021-06-26 17:56:45,52.1960767,6
105,119,21.060815,1535,2021-06-26 17:56:37,52.2021417,3
106,156,20.943018,1537,2021-06-26 17:56:44,52.284501,2
107,132,21.0494717,1538,2021-06-26 17:56:36,52.3214917,55
108,120,21.043575,1539,2021-06-26 17:56:39,52.2774733,1
109,156,21.0521317,1540,2021-06-26 17:56:38,52.25301,5
110,166,21.0270983,1542,2021-06-26 17:56:37,52.2600383,4
111,221,20.994068,1543,2021-06-26 17:56:43,52.259524,2
112,N03,21.044968,1545,2021-06-26 05:08:35,52.264589,2
113,156,21.04799,1546,2021-06-26 17:56:49,52.2867417,4
114,512,21.0518317,1548,2021-06-26 17:56:42,52.26228,1
115,120,21.043625,1549,2021-06-26 17:56:46,52.250215,2
116,166,21.04677,1550,2021-06-26 17:56:38,52.18957,6
117,120,21.0619067,1551,2021-06-26 17:56:35,52.3616883,6
118,156,20.92797,1552,2021-06-26 17:56:32,52.2908267,3
119,L35,21.333065,17455,2021-06-26 17:56:42,52.363617,51
120,L40,21.204165,17458,2021-06-26 17:56:51,52.33831,1
121,L43,21.077759,17461,2021-06-26 08:32:11,52.26762,51
122,L43,21.077951,17462,2021-06-26 17:54:57,52.267616,52
123,L45,21.17532,17464,2021-06-26 17:56:50,52.310917,1
124,L37,21.176323,17466,2021-06-25 22:21:40,52.312318,2
125,L38,21.249987,17467,2021-06-26 17:56:44,52.327892,51
126,240,21.0418003,1802,2021-06-26 17:56:45,52.293556,3
127,N12,21.045453,1803,2021-06-26 04:33:33,52.264459,128
128,110,20.9685351,1804,2021-06-26 17:56:46,52.2721886,53
129,132,21.0505598,1805,2021-06-26 17:56:47,52.3173201,54
130,122,20.8982945,1807,2021-06-26 17:56:46,52.249959,6
131,106,21.0435196,1808,2021-06-26 06:30:45,52.2662013,4
132,N11,21.0454075,1809,2021-06-26 05:42:59,52.264945,122
133,106,21.020458,1810,2021-06-26 17:56:44,52.243129,2
134,106,21.019231,1811,2021-06-26 17:56:34,52.237218,1
135,106,21.0009636,1812,2021-06-26 17:56:42,52.2366101,3
136,170,21.034381,1814,2021-06-26 17:56:42,52.255343,1
137,122,20.9861268,1815,2021-06-26 17:56:45,52.2781148,3
138,N12,21.046083,1816,2021-06-26 05:05:03,52.264528,210
139,173,21.042571,1818,2021-06-25 23:48:59,52.2664061,10
140,173,21.1888283,1821,2021-06-26 17:56:44,52.2471996,2
141,115,21.1700548,1826,2021-06-26 17:56:42,52.2518455,2
142,146,21.0408061,1828,2021-06-26 17:56:46,52.2406911,52
143,146,21.0538425,1829,2021-06-26 17:56:45,52.2347126,51
144,183,21.0883536,1830,2021-06-26 17:56:44,52.2449416,1
145,119,21.1165895,1832,2021-06-25 22:22:16,52.2331471,06
146,183,21.163096,1833,2021-06-26 17:56:43,52.2544073,2
147,173,21.175326,1835,2021-06-26 17:56:44,52.244582,4
148,115,21.1702791,1837,2021-06-26 17:56:42,52.2770938,1
149,168,21.0091525,1838,2021-06-26 17:56:27,52.207819,1
150,115,21.1724945,1839,2021-06-26 17:56:41,52.2057826,5
151,147,21.1172291,1840,2021-06-25 21:35:22,52.2330755,09
152,142,21.1168673,1842,2021-06-25 20:08:52,52.2330963,08
153,168,21.021094,1843,2021-06-26 17:56:41,52.210658,3
154,173,21.1167918,1844,2021-06-25 23:53:58,52.233165,8
155,168,21.095884,1846,2021-06-26 17:56:28,52.231823,4
156,722,21.1793421,1847,2021-06-26 17:56:46,52.2252631,62
157,198,21.1158643,1848,2021-06-25 20:42:24,52.2333196,2
158,198,21.2237116,1849,2021-06-26 17:56:41,52.2537928,1
159,183,21.115764,1850,2021-06-25 21:22:25,52.233265,3
160,183,21.1154913,1851,2021-06-26 00:18:45,52.2331743,07
161,198,21.243327,1854,2021-06-26 17:56:48,52.2215318,2
162,146,21.115132,1856,2021-06-26 00:38:41,52.233222,4
163,115,21.115681,1857,2021-06-26 00:02:26,52.2331425,5
164,146,21.1166211,1858,2021-06-25 20:46:49,52.2331278,07
165,198,21.1172503,1859,2021-06-25 19:30:46,52.2330405,05
166,115,21.1153055,1860,2021-06-26 00:28:39,52.2332403,6
167,173,21.0527205,1866,2021-06-26 17:56:44,52.2502771,5
168,173,21.0647925,1867,2021-06-26 17:56:43,52.2519835,1
169,115,21.1165116,1869,2021-06-25 23:18:40,52.2330776,3
170,222,20.9957185,1901,2021-06-26 17:56:45,52.1927521,3
171,251,21.0853042,1909,2021-06-26 17:56:37,52.1620125,3
172,222,21.0220288,1910,2021-06-26 17:56:45,52.1944395,2
173,222,21.016909,1911,2021-06-26 17:56:48,52.231049,1
174,251,21.069798,1912,2021-06-26 17:56:49,52.169262,2
175,222,21.0137,1916,2021-06-26 17:56:48,52.241093,5
176,251,21.123291,1919,2021-06-26 17:56:48,52.089493,1
177,222,21.022057,1920,2021-06-26 17:56:49,52.214409,4
178,178,20.9820142,1995,2021-06-26 17:56:48,52.2301299,2
179,178,21.0040375,1996,2021-06-26 17:56:49,52.2553304,1
180,178,21.013218,1997,2021-06-26 17:56:49,52.240379,5
181,178,20.905924,1998,2021-06-26 17:56:42,52.188698,3
182,178,20.914642,1999,2021-06-26 17:56:49,52.20155,4
183,171,20.928417,2009,2021-06-26 17:56:49,52.271461,1
184,189,20.9155836,2015,2021-06-26 17:56:49,52.2283419,9
185,187,21.0148859,2016,2021-06-26 17:56:48,52.2172247,5
186,709,21.01774,2021,2021-06-26 17:56:48,52.147076,5
187,Z26,20.993053,2022,2021-06-26 17:56:49,52.241589,4
188,172,20.9555234,2024,2021-06-26 17:56:49,52.2117252,63
189,217,21.0565442,2026,2021-06-26 17:56:48,52.172241,3
190,519,21.0927496,2027,2021-06-26 17:56:48,52.1168837,3
191,172,20.9774732,2028,2021-06-26 17:56:49,52.2106112,1
192,189,20.89699,2029,2021-06-26 17:56:49,52.229607,8
193,Z26,20.974411,2030,2021-06-26 17:56:49,52.235832,7
194,522,21.078272,2032,2021-06-26 17:56:49,52.157219,3
195,174,20.9977099,2035,2021-06-26 17:56:48,52.2330709,2
196,709,21.019789,2038,2021-06-26 17:56:47,52.087185,6
197,709,21.0176504,2039,2021-06-26 17:56:48,52.0669711,1
198,709,21.0188707,2040,2021-06-26 17:56:47,52.0911012,2
199,709,21.017443,2041,2021-06-26 17:56:48,52.15089,3
200,709,21.024048,2042,2021-06-26 17:56:47,52.179958,4
201,517,20.8617112,2200,2021-06-26 17:56:48,52.1909324,1
202,N35,20.921913,2206,2021-06-26 06:01:56,52.1961371,237
203,184,20.9384651,2210,2021-06-26 17:56:48,52.2762597,3
204,191,20.9802385,2213,2021-06-26 17:56:49,52.2155517,1
205,189,20.927522,2227,2021-06-26 17:56:48,52.1957932,4
206,105,20.922151,2236,2021-06-26 00:04:20,52.196038,4
207,189,21.068876,2237,2021-06-26 17:56:48,52.181255,14
208,124,20.964958,2240,2021-06-26 17:56:49,52.151775,2
209,105,20.896767,2247,2021-06-26 17:56:44,52.23901,5
210,141,20.921326,2253,2021-06-25 18:30:50,52.197259,014
211,401,20.920378,2254,2021-06-25 19:44:39,52.196613,012
212,191,20.909878,2258,2021-06-26 17:56:48,52.194595,3
213,L20,21.471462,24511,2021-06-25 23:35:10,52.132233,1
214,L20,21.471769,24513,2021-06-26 15:05:20,52.132652,1
215,L20,21.259766,24515,2021-06-26 17:56:47,52.107758,1
216,162,21.0350743,3400,2021-06-26 17:56:47,52.2519533,5
217,185,20.987974,3401,2021-06-26 17:56:47,52.2694035,6
218,723,20.9152643,3403,2021-06-26 17:56:44,52.4109026,3
219,735,20.9682241,3404,2021-06-26 17:56:47,52.2719768,63
220,731,21.000861,3405,2021-06-26 17:56:39,52.291245,3
221,414,21.047923,3406,2021-06-25 20:26:01,52.264541,07
222,731,20.9255785,3407,2021-06-26 17:56:44,52.421628,1
223,738,21.0485045,3408,2021-06-26 01:02:31,52.264437,1
224,414,21.0468988,3409,2021-06-25 20:46:35,52.2649078,08
225,126,20.9436168,3410,2021-06-26 17:56:46,52.3228576,2
226,169,21.04371,3411,2021-06-25 21:40:49,52.265391,1
227,140,21.0548781,3413,2021-06-26 17:56:44,52.2755745,1
228,509,20.9438215,3414,2021-06-26 17:56:45,52.322718,2
229,114,21.0478216,3415,2021-06-25 23:08:38,52.2646596,5
230,723,21.0454035,3417,2021-06-25 21:48:49,52.2654235,1
231,145,21.0756703,3421,2021-06-26 17:56:48,52.2868871,7
232,509,21.055539,3422,2021-06-26 17:56:43,52.2386275,355
233,Z26,21.0079183,3423,2021-06-26 17:56:44,52.2462716,1
234,169,21.0477433,3429,2021-06-25 23:04:14,52.2646666,3
235,126,21.0567611,3430,2021-06-26 17:56:45,52.3018831,4
236,114,21.04857,3434,2021-06-26 00:33:00,52.264513,2
237,518,21.0478431,3437,2021-06-25 23:46:13,52.264609,6
238,705,21.13575,3438,2021-06-26 17:56:45,52.482126,66
239,738,21.0740085,3440,2021-06-26 17:56:46,52.2851461,2
240,114,21.0428833,3441,2021-06-25 23:51:31,52.2659116,7
241,140,21.1296655,3444,2021-06-26 17:56:44,52.3526458,2
242,509,20.970578,3446,2021-06-26 17:56:44,52.3204836,4
243,731,20.924463,3447,2021-06-26 17:56:41,52.383965,2
244,126,21.0070351,3448,2021-06-26 17:56:44,52.3063488,1
245,518,21.043485,3449,2021-06-25 21:30:55,52.265478,7
246,126,20.9782113,3450,2021-06-26 17:56:48,52.3126155,3
247,126,21.0481888,3451,2021-06-26 17:56:25,52.2876793,M5
248,705,21.0138601,3454,2021-06-26 17:56:47,52.3171335,62
249,145,21.0002595,3455,2021-06-26 17:56:45,52.2913475,6
250,Z26,20.9731326,3456,2021-06-26 17:56:46,52.2351505,5
251,169,21.043935,3457,2021-06-25 23:56:08,52.265611,5
252,509,21.02058,3458,2021-06-26 17:56:46,52.2667885,5
253,Z26,20.9743416,3459,2021-06-26 17:56:47,52.2353901,6
254,738,21.1075195,3461,2021-06-26 17:56:45,52.326067,3
255,731,21.04776,3463,2021-06-26 00:40:56,52.264114,5
256,735,21.0444471,3464,2021-06-25 23:05:19,52.2656713,64
257,723,21.0441993,3466,2021-06-26 00:00:11,52.265954,2
258,738,21.197307,3469,2021-06-26 17:56:47,52.4117893,1
259,L19,21.034472,36443,2021-06-26 17:31:57,52.083504,51
260,L17,20.899836,36444,2021-06-26 13:08:02,51.912342,51
261,L25,21.14147,36448,2021-06-26 17:56:49,51.969254,1
262,L39,21.0509,38541,2021-06-26 17:56:43,52.091972,4
263,L39,21.024361,38545,2021-06-26 17:56:47,52.062019,3
264,L52,21.02273,38546,2021-06-26 17:56:44,52.075039,51
265,L39,20.989628,38547,2021-06-26 17:45:51,52.110771,1
266,L39,21.045097,38548,2021-06-26 17:56:43,52.085312,2
267,L23,21.015396,38549,2021-06-26 17:56:47,52.074261,51
268,L-5,20.989637,39551,2021-06-26 17:56:51,52.04932,62
269,L-2,21.034941,39552,2021-06-25 19:11:52,52.083633,063
270,L25,21.191267,39555,2021-06-25 23:37:02,51.987377,1
271,L13,21.023014,39556,2021-06-26 17:56:44,52.030422,63
272,L-5,21.029327,39558,2021-06-26 17:56:44,52.075459,61
273,L-2,20.898012,39559,2021-06-26 17:56:47,52.008202,1
274,L13,21.217253,39561,2021-06-25 20:05:15,51.98262,03
275,L12,21.029581,39562,2021-06-26 17:56:45,52.074635,1
276,L12,21.034851,39565,2021-06-26 12:57:20,52.083328,1
277,197,20.9500934,4200,2021-06-26 17:56:48,52.28075,3
278,721,20.9108239,4201,2021-06-26 17:56:44,52.1458774,75
279,711,20.87525,4205,2021-06-26 17:56:49,52.129463,1
280,122,20.8963144,4206,2021-06-26 17:56:47,52.2395954,1
281,141,21.007891,4208,2021-06-26 17:56:49,52.195377,9
282,197,20.9582339,4213,2021-06-26 17:56:48,52.2810037,4
283,154,20.8965247,4214,2021-06-26 17:56:49,52.2597166,6
284,141,21.0375069,4216,2021-06-26 17:56:48,52.202031,5
285,154,20.966965,4217,2021-06-26 17:56:48,52.194714,2
286,154,20.950878,4218,2021-06-26 17:56:45,52.228973,1
287,255,20.94055,4219,2021-06-26 17:56:49,52.223412,1
288,714,20.9500647,4220,2021-06-26 17:56:47,52.2385944,1
289,255,20.951727,4224,2021-06-26 17:56:48,52.227322,2
290,714,20.869907,4226,2021-06-26 17:56:49,52.249416,2
291,122,20.937087,4227,2021-06-26 17:56:49,52.2706764,2
292,154,20.971367,4231,2021-06-26 17:56:49,52.20541,4
293,141,20.9441471,4232,2021-06-26 17:56:48,52.175464,7
294,197,20.938961,4233,2021-06-26 17:56:49,52.24641,5
295,L-1,20.89243,42361,2021-06-26 14:43:02,52.090702,1
296,154,20.9428146,4238,2021-06-26 17:56:49,52.2385349,5
297,141,21.112915,4240,2021-06-26 17:56:49,52.236313,3
298,122,20.9811411,4241,2021-06-26 17:56:49,52.2830846,4
299,122,20.952452,4242,2021-06-26 17:56:48,52.262508,5
300,197,20.9446499,4243,2021-06-26 17:56:48,52.2429844,2
301,901,21.042859,4244,2021-06-26 17:56:48,52.2214879,1
302,901,21.003635,4246,2021-06-26 17:56:49,52.229469,3
303,154,20.943838,4247,2021-06-26 17:56:33,52.175193,3
304,154,20.897928,4248,2021-06-26 17:56:48,52.256134,7
305,L-1,20.93656,42498,2021-06-23 19:45:16,52.08992,2
306,L-3,20.905821,42500,2021-06-26 17:55:15,52.091759,1
307,147,21.0522502,4305,2021-06-26 17:56:49,52.2502436,56
308,202,21.0530938,4307,2021-06-26 17:56:44,52.2503886,1
309,119,21.0003965,4311,2021-06-26 17:56:45,52.2061673,2
310,105,16.9750897,4332,2021-06-26 13:35:37,52.5472771,4
311,512,21.035324,4400,2021-06-26 17:56:47,52.254803,4
312,197,20.8693357,4402,2021-06-26 17:56:49,52.2115869,6
313,221,20.976227,4404,2021-06-26 17:56:48,52.260246,1
314,120,21.0487872,4405,2021-06-26 17:56:49,52.2745107,4
315,156,21.0650529,4406,2021-06-26 17:56:49,52.2741,1
316,N02,21.044418,4407,2021-06-26 06:46:43,52.265051,3
317,240,21.05562,4408,2021-06-26 17:56:49,52.297184,1
318,197,20.8702959,4409,2021-06-26 17:56:49,52.1982671,1
319,197,20.862474,4410,2021-06-26 17:56:49,52.190247,7
320,120,21.0558212,4411,2021-06-26 17:56:48,52.3324092,7
321,106,20.9672217,4412,2021-06-26 17:56:49,52.2335812,4
322,152,21.04444,4413,2021-06-25 20:19:00,52.265066,06
323,N16,21.045311,4415,2021-06-26 05:39:26,52.264876,1
324,120,21.045601,4417,2021-06-26 13:08:26,52.264446,1
325,199,21.0444199,4418,2021-06-25 20:09:09,52.264953,2
326,901,21.016987,4420,2021-06-26 17:56:47,52.23093,2
327,166,21.0373042,4421,2021-06-26 17:56:49,52.234421,5
328,N03,21.0459804,4422,2021-06-26 05:41:10,52.2641299,1
329,166,21.041677,4423,2021-06-26 17:56:48,52.195,2
330,901,21.008331,4424,2021-06-26 17:56:49,52.2291741,4
331,512,21.057234,4425,2021-06-26 17:56:48,52.28397,2
332,120,21.050886,4428,2021-06-26 17:56:49,52.252499,3
333,512,21.061001,4429,2021-06-26 17:56:48,52.28503,3
334,120,21.067205,4431,2021-06-26 17:56:48,52.315483,5
335,512,21.052204,4434,2021-06-26 17:56:45,52.252914,5
336,100,21.0101968,4617,2021-06-26 17:56:39,52.2319401,M1
337,184,20.9603873,5205,2021-06-26 17:56:42,52.2176318,6
338,189,21.029575,5206,2021-06-26 17:56:39,52.173393,2
339,105,20.9599345,5208,2021-06-26 17:56:48,52.2282629,1
340,188,20.9790702,5209,2021-06-26 17:56:44,52.185175,3
341,105,20.9413792,5210,2021-06-26 17:56:39,52.2258478,2
342,172,20.984809,5211,2021-06-26 17:56:37,52.201013,4
343,189,20.9892058,5212,2021-06-26 17:56:47,52.1812264,11
344,105,20.8968261,5214,2021-06-26 17:56:42,52.2303309,3
345,189,21.053811,5215,2021-06-26 17:56:44,52.180408,13
346,716,20.8891358,5216,2021-06-26 17:56:43,52.1980162,1
347,172,20.9558411,5217,2021-06-26 17:56:44,52.2119261,2
348,523,21.0257643,5221,2021-06-26 17:56:47,52.2196033,3
349,517,20.9135342,5222,2021-06-26 17:56:44,52.1991363,2
350,523,20.9142521,5223,2021-06-26 17:56:45,52.2392028,1
351,171,20.9319245,5224,2021-06-26 17:56:40,52.2669596,3
352,105,20.8989671,5225,2021-06-26 17:56:44,52.2387803,4
353,210,20.9281251,5228,2021-06-26 17:56:43,52.2845313,3
354,187,20.9221997,5229,2021-06-26 17:56:42,52.1976866,1
355,171,20.952414,5232,2021-06-26 17:56:44,52.2383803,4
356,136,21.004761,5234,2021-06-26 17:56:27,52.172049,5
357,184,20.9638804,5235,2021-06-26 17:56:42,52.2080577,1
358,517,20.9802927,5236,2021-06-26 17:56:46,52.2165603,5
359,Z10,20.924817,5237,2021-06-26 17:56:45,52.2606436,3
360,171,20.9248291,5238,2021-06-26 17:56:37,52.2726136,2
361,171,21.0159629,5240,2021-06-26 17:56:43,52.2309085,5
362,191,20.9767132,5241,2021-06-26 17:56:46,52.2111385,2
363,148,20.9781305,5242,2021-06-26 17:56:39,52.1694117,4
364,190,20.920664,5245,2021-06-25 20:12:48,52.196575,016
365,523,21.1067936,5253,2021-06-26 17:56:45,52.2480314,5
366,141,20.9224014,5255,2021-06-26 00:37:46,52.1970728,4
367,182,20.92243,5256,2021-06-25 19:09:29,52.1956758,011
368,188,20.977978,5257,2021-06-26 17:56:44,52.169596,52
369,187,20.8676639,5258,2021-06-26 17:56:42,52.1944196,2
370,184,20.9276366,5260,2021-06-26 17:56:42,52.2633127,5
371,N46,21.047172,5403,2021-06-26 06:04:29,52.2647932,150
372,500,21.041985,5404,2021-06-26 17:56:48,52.300289,52
373,169,21.041683,5406,2021-06-26 17:56:48,52.270649,5
374,705,20.9956159,5407,2021-06-26 17:56:47,52.2971532,65
375,160,21.0063269,5410,2021-06-26 17:56:49,52.246013,M5
376,500,20.9817889,5412,2021-06-26 17:56:49,52.2544326,54
377,160,21.060495,5413,2021-06-26 17:56:48,52.268841,M2
378,500,21.041708,5419,2021-06-26 17:56:49,52.300373,M56
379,169,21.0474259,5422,2021-06-26 17:56:49,52.264792,2
380,527,21.0594145,5425,2021-06-26 17:56:48,52.3036132,3
381,162,21.027203,5426,2021-06-26 17:56:48,52.26022,1
382,162,21.036018,5428,2021-06-26 17:56:49,52.221596,2
383,185,21.00281,5429,2021-06-26 17:56:49,52.266918,8
384,112,21.0873617,5430,2021-06-26 17:56:48,52.3035916,3
385,145,21.0855191,5432,2021-06-26 17:56:48,52.2864449,4
386,409,21.036369,5433,2021-06-26 17:56:48,52.267902,57
387,112,20.883125,5434,2021-06-26 17:56:48,52.214855,9
388,169,21.034712,5435,2021-06-26 17:56:46,52.255188,3
389,527,21.0447855,5436,2021-06-26 17:56:49,52.2788357,2
390,409,20.922787,5437,2021-06-26 17:56:48,52.281559,53
391,160,21.0683814,5438,2021-06-26 17:56:49,52.3235901,7
392,112,20.938389,5439,2021-06-26 17:56:47,52.275974,12
393,500,21.0440487,5441,2021-06-26 17:56:48,52.278129,55
394,160,21.003094,5443,2021-06-26 17:56:48,52.229248,4
395,520,21.132,5445,2021-06-26 17:56:40,52.2392,4
396,511,20.927885,5448,2021-06-26 17:56:47,52.291531,1
397,160,21.0483747,5449,2021-06-26 17:56:48,52.2885611,1
398,527,21.068439,5453,2021-06-26 17:56:49,52.323399,1
399,160,21.0039681,5454,2021-06-26 17:56:49,52.2296309,3
400,723,21.0000344,5455,2021-06-26 17:56:48,52.2930314,2
401,511,20.9722007,5459,2021-06-26 17:56:48,52.3205637,2
402,185,21.0219639,5460,2021-06-26 17:56:48,52.1426502,3
403,180,21.00808,5870,2021-06-26 17:56:45,52.238647,7
404,503,21.026617,5871,2021-06-26 17:56:48,52.213894,3
405,503,21.002306,5873,2021-06-26 17:56:45,52.254715,5
406,503,21.010191,5875,2021-06-26 17:56:46,52.247036,7
407,180,20.983986,5876,2021-06-26 17:56:47,52.245899,62
408,175,20.9899,5880,2021-06-26 17:56:44,52.2226,55
409,175,20.978252,5882,2021-06-26 17:56:46,52.171577,53
410,128,21.012899,5884,2021-06-26 17:56:48,52.243263,51
411,175,20.983442,5886,2021-06-26 17:56:44,52.196495,52
412,128,21.010828,5887,2021-06-26 17:56:45,52.229565,64
413,128,20.963455,5889,2021-06-26 17:56:45,52.207821,59
414,180,21.07041,5890,2021-06-26 17:56:47,52.180862,3
415,180,20.947382,5891,2021-06-26 17:56:45,52.267849,11
416,180,21.05003,5892,2021-06-26 17:56:44,52.200741,5
417,128,20.979246,5895,2021-06-26 17:56:47,52.201866,60
418,128,20.998121,5897,2021-06-25 23:36:40,52.187019,51
419,503,21.007776,5898,2021-06-26 17:56:48,52.236183,4
420,111,21.1024164,5900,2021-06-26 17:56:46,52.222044,4
421,158,21.071878,5902,2021-06-26 17:56:48,52.241699,5
422,128,20.975775,5904,2021-06-26 17:56:48,52.204357,58
423,116,20.924957,5905,2021-06-26 17:56:49,52.272316,69
424,158,21.117008,5907,2021-06-25 21:44:36,52.233902,5
425,175,21.116972,5908,2021-06-25 19:38:19,52.233955,068
426,116,21.116823,5910,2021-06-26 00:07:33,52.233971,17
427,158,20.985691,5913,2021-06-26 17:56:46,52.221264,6
428,158,21.117661,5915,2021-06-26 17:56:46,52.2337655, 
429,111,21.023499,5920,2021-06-26 17:56:47,52.232201,6
430,116,21.05537,5921,2021-06-26 17:56:47,52.182018,5
431,111,21.107388,5922,2021-06-26 07:42:12,52.233645, 
432,111,21.116245,5926,2021-06-26 00:24:55,52.234005,5
433,111,21.087994,5927,2021-06-26 17:56:45,52.22805,3
434,111,20.97912,5931,2021-06-26 17:56:46,52.24435,8
435,128,21.0112,5932,2021-06-26 17:56:45,52.244438,61
436,158,20.9715142,5933,2021-06-26 17:56:46,52.2201687,1
437,158,21.1180869,5934,2021-06-26 17:56:49,52.2333704, 
438,503,21.115843,5935,2021-06-26 00:31:56,52.233995,013
439,116,21.060761,5936,2021-06-26 17:56:48,52.176941,4
440,503,21.0486114,5937,2021-06-26 17:56:48,52.1477706,1
441,175,21.012768,5939,2021-06-26 17:56:47,52.243195,56
442,116,21.084333,5940,2021-06-26 17:56:46,52.167057,3
443,175,21.115613,5941,2021-06-25 21:43:06,52.234041,63
444,116,20.995605,5942,2021-06-26 17:56:48,52.258167,7
445,503,21.041924,5943,2021-06-26 17:56:45,52.171112,9
446,158,21.068533,5946,2021-06-26 17:56:48,52.241589,2
447,175,20.977653,5947,2021-06-26 17:56:49,52.16885,54
448,116,21.015156,5948,2021-06-26 17:56:46,52.223686,56
449,518,20.974548,5950,2021-06-26 17:56:45,52.271393,2
450,518,21.047861,5952,2021-06-26 17:56:47,52.263618,2
451,503,21.041679,5954,2021-06-26 17:56:47,52.158539,2
452,503,21.022556,5956,2021-06-26 17:56:47,52.229473,8
453,E-9,21.045723,5962,2021-06-25 20:17:53,52.265643,06
454,180,20.924994,5964,2021-06-26 17:56:47,52.272404,10
455,723,21.047304,5966,2021-06-25 18:56:33,52.265156,07
456,180,21.078972,5967,2021-06-26 17:56:46,52.173801,4
457,180,21.013981,5968,2021-06-26 17:56:47,52.240517,1
458,116,20.93808,5969,2021-06-26 17:56:44,52.278069,8
459,518,20.995365,5976,2021-06-26 17:56:49,52.297409,6
460,518,21.01087,5978,2021-06-26 17:56:47,52.244892,3
461,518,21.012207,5979,2021-06-26 17:56:46,52.24633,5
462,518,20.942142,5980,2021-06-26 17:56:46,52.334564,7
463,518,21.023466,5981,2021-06-26 17:56:46,52.228283,4
464,503,21.002512,5983,2021-06-26 17:56:45,52.254791,6
465,111,21.061121,5984,2021-06-26 17:56:48,52.232399,5
466,111,21.002531,5985,2021-06-26 17:56:46,52.24297,7
467,111,21.052355,5986,2021-06-26 17:56:45,52.238503,2
468,180,20.934912,5987,2021-06-26 17:56:47,52.271145,9
469,180,21.023727,5988,2021-06-26 17:56:45,52.225265,6
470,180,21.030275,5990,2021-06-26 17:56:47,52.207737,2
471,180,20.979845,5991,2021-06-26 17:56:45,52.250706,58
472,518,20.935776,5994,2021-06-26 17:56:46,52.3321,1
473,116,21.031387,5995,2021-06-26 17:56:45,52.206436,2
474,116,21.010181,5996,2021-06-26 17:56:48,52.23262,1
475,116,20.99299,5997,2021-06-26 17:56:47,52.26186,11
476,116,20.942911,5998,2021-06-26 17:56:45,52.277573,10
477,111,21.013847,5999,2021-06-26 17:56:46,52.240826,1
478,167,20.9808541,6201,2021-06-26 17:56:48,52.2157027,2
479,713,20.77412,6203,2021-06-26 17:56:49,52.215004,1
480,713,20.9301735,6204,2021-06-26 17:56:49,52.2248187,2
481,112,20.967751,6207,2021-06-26 17:56:48,52.273594,6
482,112,20.980534,6208,2021-06-26 17:56:48,52.280712,1
483,112,20.9071634,6210,2021-06-26 17:56:49,52.2285099,M11
484,112,20.8973134,6212,2021-06-26 17:56:48,52.2240734,8
485,136,20.985811,6213,2021-06-26 17:56:48,52.204834,10
486,187,20.859339,6214,2021-06-26 17:56:49,52.193527,3
487,210,20.864429,6220,2021-06-26 17:56:48,52.288761,1
488,187,20.9191067,6222,2021-06-26 17:56:48,52.1984539,4
489,189,20.9292566,6223,2021-06-26 17:56:49,52.1960082,10
490,187,20.9850741,6226,2021-06-26 17:56:48,52.2160937,8
491,191,20.9240037,6227,2021-06-26 17:56:49,52.2039146,6
492,136,21.0557,6236,2021-06-26 17:56:48,52.147396,7
493,716,20.839962,6239,2021-06-26 17:56:48,52.18499,3
494,184,20.930702,6241,2021-06-26 17:56:48,52.291378,4
495,703,20.849468,6242,2021-06-26 17:56:49,52.111572,74
496,706,20.9555349,6243,2021-06-26 17:56:32,52.1799462,1
497,L29,20.462559,65471,2021-06-26 17:56:48,52.267731,1
498,112,20.919466,7200,2021-06-26 17:56:48,52.256927,7
499,124,20.933325,7201,2021-06-26 17:56:47,52.165947,1
500,Z10,20.9145856,7202,2021-06-26 17:56:48,52.2527727,5
501,112,21.056557,7206,2021-06-26 17:56:49,52.298199,4
502,Z10,20.9118437,7208,2021-06-26 17:56:48,52.2447522,1
503,189,20.898758,7214,2021-06-26 17:56:48,52.238655,7
504,728,20.938816,7217,2021-06-26 17:56:49,52.171665,72
505,728,20.876438,7218,2021-06-26 17:56:48,52.02602,71
506,517,21.01083,7224,2021-06-26 17:56:46,52.231655,4
507,112,21.058762,7225,2021-06-26 17:56:49,52.302174,2
508,112,20.9208932,7226,2021-06-26 13:08:33,52.1969334,4
509,184,20.948318,7227,2021-06-26 17:56:45,52.238224,2
510,Z10,20.9140921,7228,2021-06-26 17:56:49,52.2366864,6
511,716,20.930542,7229,2021-06-26 17:56:48,52.22504,2
512,Z10,20.928776,7234,2021-06-26 17:56:49,52.22319,7
513,124,20.921078,7240,2021-06-25 18:26:53,52.196911,03
514,187,21.0609182,7241,2021-06-26 17:56:49,52.189299,7
515,187,21.048248,7243,2021-06-26 17:56:47,52.178192,6
516,210,20.7805062,7244,2021-06-26 17:56:49,52.3019034,2
517,167,21.048019,7245,2021-06-26 17:56:48,52.211773,6
518,191,20.870403,7247,2021-06-26 17:56:48,52.183594,4
519,172,21.048021,7248,2021-06-26 17:56:48,52.188976,7
520,189,20.9153577,7249,2021-06-26 17:56:47,52.2283877,5
521,188,20.982773,7250,2021-06-26 17:56:49,52.194569,1
522,517,20.895908,7251,2021-06-26 17:56:37,52.193844,6
523,182,20.9847619,7252,2021-06-26 17:56:49,52.2161159,2
524,517,20.994539,7254,2021-06-26 17:56:49,52.2262877,3
525,523,20.986016,7255,2021-06-26 17:56:48,52.2161517,7
526,191,20.87051,7256,2021-06-26 17:56:49,52.183327,5
527,188,21.1290164,7257,2021-06-26 17:56:48,52.2400509,5
528,182,21.1101702,7259,2021-06-26 17:56:49,52.2366834,4
529,138,21.100626,7301,2021-06-26 17:56:48,52.260609,6
530,141,21.082131,7303,2021-06-26 17:56:44,52.240063,4
531,148,21.0871096,7304,2021-06-26 17:56:49,52.2447917,9
532,151,21.038372,7305,2021-06-26 17:56:49,52.222599,2
533,182,20.9840992,7306,2021-06-26 17:56:48,52.2161854,3
534,162,21.0849989,7308,2021-06-26 17:56:48,52.1932937,3
535,507,21.0091387,7310,2021-06-26 17:56:48,52.2294132,2
536,125,21.196487,7312,2021-06-26 17:56:48,52.208332,2
537,E-1,21.1167422,7314,2021-06-25 19:42:06,52.2335197,01
538,520,21.156069,7315,2021-06-26 17:56:39,52.24043,5
539,143,21.1164757,7317,2021-06-25 19:35:11,52.2334452,3
540,162,21.052372,7322,2021-06-26 17:56:48,52.196327,4
541,523,20.956833,7324,2021-06-26 17:56:47,52.230095,2
542,520,21.0075124,7325,2021-06-26 17:56:48,52.237221,2
543,148,21.0061449,7326,2021-06-26 17:56:48,52.1549925,5
544,138,21.0544487,7327,2021-06-26 17:56:48,52.2615932,7
545,171,20.9162272,7328,2021-06-26 17:56:48,52.2393205,8
546,520,21.007643,7331,2021-06-26 17:56:48,52.236385,1
547,150,20.934793,753,2021-06-26 17:56:47,52.297817,3
548,750,20.864435,755,2021-06-26 17:56:49,52.356823,2
549,250,20.886705,757,2021-06-26 17:56:44,52.297962,1
550,750,20.714945,758,2021-06-26 17:56:48,52.392181,3
551,150,20.903183,761,2021-06-26 17:56:43,52.327538,1
552,250,20.883362,763,2021-06-26 17:56:43,52.318882,3
553,521,20.9764849,7701,2021-06-26 17:56:49,52.2113987,3
554,750,20.890867333,773,2021-06-26 17:56:45,52.339703667,4
555,250,20.927742,775,2021-06-26 17:56:45,52.291096,2
556,750,20.928017,776,2021-06-26 17:56:48,52.290993,1
557,150,20.8472267,777,2021-06-26 17:56:48,52.3415664,2
558,138,21.0023026,8120,2021-06-26 17:56:46,52.1870316,1
559,185,20.9756243,8138,2021-06-26 17:56:42,52.2896506,7
560,172,21.0693588,8139,2021-06-26 17:56:43,52.1812263,6
561,727,20.997388,8148,2021-06-25 21:39:43,52.187336,4
562,522,21.0164365,8154,2021-06-26 17:56:39,52.2225885,6
563,167,20.9849495,8166,2021-06-26 17:56:42,52.2161463,5
564,143,21.0842196,8167,2021-06-26 17:56:39,52.2444388,2
565,522,20.998243,8174,2021-06-25 20:09:50,52.1878,013
566,504,21.004586,8178,2021-06-26 17:56:45,52.229841,3
567,519,20.996546,8180,2021-06-25 22:35:23,52.187545,5
568,136,20.9860563,8181,2021-06-26 17:56:45,52.1922063,4
569,138,20.995435,8183,2021-06-26 17:56:34,52.170176,2
570,172,21.0131823,8184,2021-06-26 17:56:49,52.196035,8
571,504,20.9817798,8187,2021-06-26 17:56:37,52.1930571,2
572,519,21.09286,8188,2021-06-26 17:56:31,52.117033,2
573,504,21.0354966,8189,2021-06-26 17:56:47,52.1510928,5
574,198,21.1173818,8210,2021-06-25 18:57:27,52.2334423,04
575,151,21.1167196,8218,2021-06-25 19:22:39,52.2335221,04
576,514,21.2437651,8222,2021-06-26 17:56:45,52.2486155,4
577,188,21.1161338,8225,2021-06-25 20:54:43,52.2335866,08
578,143,21.114924,8228,2021-06-25 23:38:50,52.234206,6
579,509,21.116793,8231,2021-06-25 20:04:19,52.233758,021
580,514,21.1070935,8300,2021-06-26 17:56:45,52.2338351,3
581,502,21.2174688,8301,2021-06-26 17:56:45,52.2143281,4
582,125,21.0794226,8303,2021-06-26 17:56:48,52.2456606,5
583,125,21.1354178,8305,2021-06-26 17:56:44,52.2305321,3
584,509,20.942211,8310,2021-06-26 17:56:29,52.334544,3
585,502,21.015273,8313,2021-06-26 17:56:29,52.216901,6
586,182,21.11721,8315,2021-06-25 19:08:30,52.233705,013
587,145,21.127298,8317,2021-06-26 17:56:47,52.256351,1
588,188,21.0720063,8318,2021-06-26 17:56:39,52.2308766,6
589,168,21.11586,8320,2021-06-25 21:27:01,52.23366,07
590,514,21.0155885,8323,2021-06-26 17:56:49,52.219269,2
591,145,21.0884451,8324,2021-06-26 17:56:45,52.2447901,2
592,720,21.4542721,8325,2021-06-26 17:56:50,52.1339558,1
593,125,21.117233,8327,2021-06-25 20:58:39,52.234053,3
594,145,21.0016956,8328,2021-06-26 17:56:52,52.2897611,5
595,411,21.117353,8330,2021-06-25 20:35:38,52.233359,53
596,148,21.0934953,8331,2021-06-26 17:56:44,52.2267535,1
597,502,21.015346,8335,2021-06-26 17:56:28,52.218691,1
598,143,21.005694,8339,2021-06-26 17:56:48,52.2161773,1
599,704,21.34792,8340,2021-06-26 17:56:51,52.2223821,1
600,171,21.037231,8342,2021-06-26 17:56:43,52.225495,6
601,151,21.0671067,8344,2021-06-26 17:56:38,52.229925,3
602,185,21.0541733,8345,2021-06-26 17:56:43,52.1952083,1
603,145,21.116836,8346,2021-06-25 19:31:54,52.233566,016
604,145,21.116093,8347,2021-06-25 19:40:44,52.233476,012
605,523,20.90003,8348,2021-06-26 17:56:47,52.25795,9
606,507,21.069011,8349,2021-06-26 17:56:13,52.225613,5
607,411,21.116288,8350,2021-06-25 20:43:54,52.233658,061
608,125,21.0433383,8351,2021-06-26 17:56:48,52.2461333,4
609,125,21.16579,8352,2021-06-26 17:56:38,52.21393,1
610,151,21.1050067,8353,2021-06-26 17:56:39,52.2302017,1
611,521,21.022085,8355,2021-06-26 17:56:43,52.2319467,2
612,N03,21.117188,8357,2021-06-26 05:01:26,52.233246,254
613,502,21.2222783,8358,2021-06-26 17:56:37,52.2239067,3
614,507,21.102319,8360,2021-06-26 17:56:41,52.222026,4
615,704,21.0885917,8362,2021-06-26 17:56:49,52.2449017,2
616,521,21.189426,8363,2021-06-26 17:56:28,52.183051,5
617,507,21.005385,8366,2021-06-26 17:56:47,52.2294917,1
618,143,21.1264783,8367,2021-06-26 17:56:43,52.2343033,6
619,502,21.1509917,8368,2021-06-26 17:56:45,52.2262167,5
620,521,21.186535,8369,2021-06-26 17:56:49,52.1858683,1
621,141,21.117058,8397,2021-06-25 19:41:02,52.233698,012
622,502,21.1151075,8403,2021-06-25 23:03:57,52.2336293,064
623,411,21.1156411,8440,2021-06-25 20:20:48,52.2335555,062
624,511,20.951796,8443,2021-06-26 17:56:49,52.343662,3
625,112,20.897989,8445,2021-06-26 17:56:49,52.227711,10
626,169,21.0332309,8447,2021-06-26 17:56:49,52.2974984,2
627,509,21.004716,8448,2021-06-26 17:56:49,52.2884072,1
628,160,21.044203,8450,2021-06-26 17:56:49,52.278286,6
629,409,20.9249362,8452,2021-06-26 17:56:48,52.3106976,58
630,735,21.0156622,8454,2021-06-26 17:56:47,52.4553714,61
631,112,21.03754,8455,2021-06-26 17:56:48,52.296371,5
632,731,20.937876,8457,2021-06-26 17:56:48,52.375431,4
633,185,21.0485019,8458,2021-06-26 11:00:08,52.2645874,6
634,169,21.051775,8459,2021-06-26 17:56:48,52.252872,4
635,409,20.886845,8460,2021-06-26 17:56:49,52.304688,51
636,169,21.041887,8461,2021-06-26 17:56:48,52.300163,1
637,141,20.957311,8500,2021-06-26 17:56:34,52.189596,8
638,Z26,21.0290083,8501,2021-06-26 17:56:39,52.2522817,3
639,522,21.079844,8502,2021-06-26 17:56:45,52.15789,2
640,189,21.0578167,8504,2021-06-26 17:56:37,52.18297,1
641,N33,20.996476,8505,2021-06-26 05:42:44,52.187546,172
642,185,20.997366,8507,2021-06-25 23:56:14,52.186391,9
643,174,21.016826,8508,2021-06-26 17:56:45,52.189676,3
644,189,20.996501,8509,2021-06-26 00:35:47,52.18806,12
645,331,20.997095,8511,2021-06-25 18:21:40,52.187653,01
646,148,20.998374,8514,2021-06-26 00:52:13,52.188333,5
647,N37,20.998273,8516,2021-06-26 05:43:10,52.188213,246
648,136,20.9607783,8517,2021-06-26 17:56:40,52.2171817,3
649,165,20.994586,8520,2021-06-26 17:56:35,52.15556,3
650,185,21.0498367,8521,2021-06-26 17:56:34,52.154825,2
651,136,21.0425667,8522,2021-06-26 17:56:48,52.1478467,8
652,733,20.997863,8523,2021-06-25 20:19:16,52.187501,62
653,185,21.041654,8524,2021-06-26 17:56:29,52.171353,4
654,519,21.10359,8525,2021-06-26 17:56:44,52.12975,4
655,136,21.049614,8528,2021-06-26 17:56:29,52.14717,6
656,143,21.1755517,8530,2021-06-26 17:56:38,52.2619583,5
657,308,20.997771,8531,2021-06-25 19:03:30,52.187649,02
658,136,20.997748,8533,2021-06-25 23:20:13,52.188256,10
659,N03,20.997894,8534,2021-06-26 05:57:03,52.18594,156
660,131,20.996449,8535,2021-06-25 22:36:53,52.186401,10
661,519,21.0121433,8536,2021-06-26 17:56:35,52.2298317,7
662,N33,20.996953,8537,2021-06-26 05:04:45,52.186869,173
663,217,21.0684233,8540,2021-06-26 17:56:44,52.1689967,2
664,N34,20.996438,8541,2021-06-26 05:33:51,52.187668,149
665,N37,20.99783,8545,2021-06-26 05:44:42,52.187465,132
666,167,20.92576,8547,2021-06-26 17:56:44,52.2341167,3
667,733,20.9433467,8548,2021-06-26 17:56:38,52.1754317,1
668,504,21.0686633,8550,2021-06-26 17:56:47,52.129005,6
669,519,21.065973,8551,2021-06-26 17:56:46,52.171996,5
670,522,21.062178,8552,2021-06-26 17:56:29,52.175946,1
671,Z26,21.035185,8553,2021-06-26 17:56:44,52.2559717,2
672,148,21.09557,8559,2021-06-26 17:56:44,52.2165417,7
673,151,21.116914,8561,2021-06-25 23:54:17,52.233616,1
674,171,20.9976517,8562,2021-06-26 17:56:43,52.2431967,7
675,521,21.116369,8565,2021-06-25 20:39:03,52.233641,08
676,520,21.133445,8566,2021-06-26 17:56:37,52.2399783,6
677,523,21.083895,8567,2021-06-26 17:56:44,52.2423133,6
678,509,21.045385,8569,2021-06-26 17:56:39,52.2483217,9
679,148,21.044748,8570,2021-06-26 17:56:37,52.177288,6
680,143,21.177216,8573,2021-06-26 17:56:40,52.256996,4
681,521,21.1257267,8574,2021-06-26 17:56:47,52.23499,4
682,523,20.94991,8576,2021-06-26 17:56:39,52.238415,8
683,141,21.0476283,8578,2021-06-26 17:56:44,52.2099867,1
684,190,21.046053,8582,2021-06-25 18:46:44,52.264343,021
685,523,21.1047167,8586,2021-06-26 17:56:48,52.2464167,4
686,520,21.0632717,8589,2021-06-26 17:56:41,52.2285767,7
687,185,21.0457267,8592,2021-06-26 17:56:35,52.2174617,5
688,N13,21.114978,8593,2021-06-26 05:47:18,52.233611,247
689,145,21.1346467,8594,2021-06-26 17:56:35,52.24141,3
690,188,21.0695483,8595,2021-06-26 17:56:40,52.2305733,4
691,168,21.112678,8800,2021-06-26 17:56:43,52.236305,5
692,189,20.8962763,8802,2021-06-26 17:56:43,52.2389948,6
693,148,21.0350356,8804,2021-06-26 17:56:44,52.1478646,3
694,168,21.096595,8805,2021-06-26 17:56:44,52.2187935,6
695,136,20.9556041,8806,2021-06-26 17:56:47,52.2371958,1
696,189,20.9884254,8807,2021-06-26 17:56:47,52.1809633,3
697,138,21.0541931,8808,2021-06-26 17:56:44,52.231142,4
698,168,20.9954358,8810,2021-06-26 17:56:45,52.1913368,2
699,167,21.047544,8812,2021-06-26 17:56:42,52.211546,1
700,136,20.9660533,8813,2021-06-26 17:56:47,52.2431816,2
701,504,20.986132,8814,2021-06-26 17:56:44,52.2042933,4
702,217,21.0239285,8816,2021-06-26 17:56:44,52.179689,1
703,167,21.082988,8818,2021-06-26 17:56:46,52.208266,7
704,167,20.9260296,8819,2021-06-26 17:56:44,52.2340625,4
705,174,20.995341,8820,2021-06-26 17:56:42,52.1702306,371
706,N43,20.9959001,8821,2021-06-26 05:29:35,52.1875351,220
707,189,21.035273,8822,2021-06-26 17:56:37,52.173471,12
708,519,21.031428,8823,2021-06-26 17:56:46,52.206505,8
709,148,21.0443498,8825,2021-06-26 17:56:44,52.1746735,2
710,522,21.0421271,8826,2021-06-26 17:56:39,52.1946923,318
711,514,21.0884673,8828,2021-06-26 17:56:44,52.2359766,1
712,509,21.1023186,8829,2021-06-26 17:56:43,52.2218575,7
713,143,21.0485696,8832,2021-06-26 17:56:47,52.2251819,7
714,502,21.0682111,8833,2021-06-26 17:56:42,52.2301588,2
715,182,21.1171401,8834,2021-06-26 17:56:46,52.233447,M5
716,N83,21.116546,8839,2021-06-26 05:25:32,52.233586,174
717,520,21.0383031,8840,2021-06-26 17:56:47,52.2227593,3
718,138,21.1172336,8841,2021-06-25 22:19:45,52.2337476,1
719,521,21.1161941,8844,2021-06-25 20:59:15,52.2334716,09
720,138,21.0370543,8846,2021-06-26 17:56:45,52.2221405,8
721,143,21.1419131,8850,2021-06-26 17:56:39,52.2598303,3
722,138,21.0832481,8852,2021-06-26 17:56:43,52.2603321,5
723,509,21.0928953,8853,2021-06-26 17:56:45,52.2254203,8
724,182,21.0967665,8854,2021-06-26 17:56:45,52.2349113,1
725,518,21.047239,8859,2021-06-25 21:49:41,52.2647968,9
726,412,21.047084,8862,2021-06-25 20:21:52,52.264918,05
727,509,21.043849,8863,2021-06-25 22:53:53,52.266028,14
728,723,21.047273,8864,2021-06-25 19:20:55,52.264625,08
729,269,21.043698,8866,2021-06-25 22:15:02,52.266003,04
730,738,21.046916,8868,2021-06-25 18:47:25,52.264738,05
731,340,21.046388,8870,2021-06-25 19:12:44,52.265081,03
732,511,21.046323,8874,2021-06-25 18:33:00,52.265079,05
733,340,21.048342,8876,2021-06-25 18:55:45,52.264397,06
734,723,20.9706775,8878,2021-06-26 17:56:44,52.3234388,1
735,511,21.0472221,8879,2021-06-25 19:11:55,52.2646076,07
736,709,20.996574,8880,2021-06-25 18:58:33,52.18762,016
737,136,21.0019545,8881,2021-06-26 17:56:43,52.1821423,9
738,174,21.0200616,8882,2021-06-26 17:56:45,52.1836151,1
739,165,21.0243296,8883,2021-06-26 17:56:47,52.1797621,4
740,504,21.035826,8885,2021-06-26 17:56:44,52.150812,1
741,504,20.9985235,8886,2021-06-26 11:14:42,52.1878498,6
742,165,20.9956655,8888,2021-06-26 17:56:43,52.1563418,2
743,165,21.0208391,8891,2021-06-26 17:56:44,52.179516,1
744,148,21.087141,8893,2021-06-26 17:56:33,52.245003,8
745,172,21.0238613,8895,2021-06-26 17:56:43,52.1975701,5
746,522,21.004197,8896,2021-06-26 17:56:45,52.2296861,5
747,138,21.0015095,8897,2021-06-26 17:56:47,52.1961823,3
748,519,21.0845328,8899,2021-06-26 17:56:51,52.1656198,1
749,161,21.202721,9061,2021-06-26 17:56:46,52.169689,1
750,104,21.000252,9063,2021-06-26 17:56:47,52.291489,2
751,161,21.224693,9068,2021-06-26 17:56:47,52.186695,2
752,211,20.940624,9070,2021-06-26 17:56:45,52.341164,3
753,211,20.941429,9074,2021-06-26 17:56:44,52.355305,4
754,211,20.955017,9075,2021-06-26 17:56:48,52.330124,M5
755,234,21.014114,9076,2021-06-26 17:56:48,52.310333,1
756,234,21.057905,9079,2021-06-26 17:56:44,52.341019,2
757,800,20.755512,9082,2021-06-26 17:52:54,52.350357,M1
758,900,20.953604,9084,2021-06-26 17:56:48,52.358879,1
759,161,21.223503,9088,2021-06-26 17:56:44,52.182308,M3
760,104,21.032244,9091,2021-06-26 17:56:46,52.300098,1
761,211,21.000357,9093,2021-06-26 17:56:47,52.293106,1
762,219,21.148949,9201,2021-06-26 17:56:48,52.214046,1
763,107,21.012314,9204,2021-06-26 17:56:45,52.241852,1
764,107,20.979361,9205,2021-06-26 17:56:47,52.244476,2
765,121,20.976685,9206,2021-06-26 17:56:47,52.287163,M2
766,209,21.032707,9209,2021-06-26 17:56:46,52.149616,54
767,107,20.987452,9210,2021-06-26 17:56:42,52.243469,3
768,201,20.94273,9212,2021-06-26 17:56:39,52.239014,3
769,121,20.967955,9213,2021-06-26 17:56:46,52.27198,1
770,133,20.975468,9214,2021-06-26 17:56:46,52.34663,1
771,133,20.951326,9215,2021-06-26 17:56:46,52.31908,2
772,164,21.067963,9216,2021-06-26 17:56:47,52.169926,2
773,164,21.138189,9217,2021-06-26 17:56:43,52.145863,1
774,164,21.061512,9219,2021-06-26 17:56:42,52.185322,3
775,177,20.883602,9220,2021-06-26 17:56:46,52.205765,1
776,177,20.875178,9221,2021-06-26 17:56:40,52.200643,2
777,203,20.929094,9222,2021-06-26 17:56:45,52.290867,2
778,107,21.030523,9223,2021-06-26 17:56:48,52.224445,4
779,208,20.953533,9225,2021-06-26 17:56:47,52.212593,2
780,209,20.981077,9227,2021-06-26 17:56:41,52.132858,51
781,228,20.89303,9228,2021-06-26 17:56:42,52.200359,1
782,228,20.920858,9229,2021-06-26 17:56:46,52.209465,3
783,177,20.886032,9230,2021-06-26 17:56:47,52.181522,3
784,228,20.963459,9231,2021-06-26 17:56:34,52.19585,2
785,209,21.022697,9233,2021-06-26 17:56:46,52.14296,52
786,219,21.17226,9235,2021-06-26 17:56:42,52.184254,2
787,208,20.975609,9236,2021-06-26 17:56:48,52.210297,1
788,264,21.083899,9240,2021-06-26 17:56:48,52.167694,1
789,107,21.049026,9241,2021-06-26 17:56:45,52.204323,M5
790,201,20.941217,9243,2021-06-26 17:56:42,52.236938,1
791,219,21.102728,9250,2021-06-26 17:56:46,52.222706,3
792,199,21.053356,9311,2021-06-26 17:56:44,52.276207,4
793,135,21.083847,9312,2021-06-26 17:56:44,52.239437,3
794,135,21.028133,9313,2021-06-26 17:56:49,52.259762,4
795,123,21.102112,9316,2021-06-26 17:56:43,52.24239,1
796,123,21.051098,9317,2021-06-26 17:56:48,52.252563,3
797,179,21.04574,9318,2021-06-26 17:56:45,52.150112,7
798,153,21.150888,9319,2021-06-26 17:56:46,52.269855,3
799,179,21.034237,9320,2021-06-26 17:56:48,52.144283,3
800,142,21.150139,9321,2021-06-26 17:56:49,52.178955,4
801,123,21.063078,9322,2021-06-26 17:56:42,52.2285,2
802,123,21.10174,9323,2021-06-26 17:56:43,52.242352,5
803,179,21.03405,9325,2021-06-26 17:56:49,52.162239,4
804,135,21.043158,9326,2021-06-26 17:56:46,52.247879,1
805,179,21.036831,9327,2021-06-26 17:56:42,52.162029,5
806,135,21.107117,9328,2021-06-26 17:56:40,52.248344,2
807,179,21.032204,9329,2021-06-26 17:56:45,52.149101,6
808,179,21.057568,9333,2021-06-26 17:56:40,52.139881,52
809,123,21.062939,9337,2021-06-26 17:56:43,52.228851,4
810,153,21.150873,9338,2021-06-26 17:56:47,52.26989,2
811,123,21.052418,9339,2021-06-26 17:56:45,52.250137,357
812,153,21.177036,9340,2021-06-26 17:56:46,52.256832,1
813,199,21.179726,9342,2021-06-26 17:56:48,52.269135,2
814,123,21.077581,9345,2021-06-25 21:25:22,52.268494,357
815,179,21.065848,9349,2021-06-26 17:56:49,52.131241,1
816,142,21.0889,9351,2021-06-26 17:56:47,52.244854,1
817,142,21.241972,9352,2021-06-26 17:56:46,52.169842,3
818,142,21.148994,9354,2021-06-26 17:56:26,52.180119,M5
819,199,21.1440509,9355,2021-06-26 17:56:42,52.2696932,1
820,142,21.088112,9357,2021-06-26 17:56:44,52.24493,2
821,103,20.93681,9411,2021-06-26 17:56:47,52.291256,4
822,157,20.980099,9412,2021-06-26 17:56:47,52.216904,3
823,117,21.089975,9413,2021-06-26 17:56:44,52.222267,3
824,516,20.958084,9414,2021-06-26 17:56:45,52.322941,4
825,157,20.976063,9416,2021-06-26 17:56:47,52.287117,6
826,117,21.035755,9417,2021-06-26 17:56:40,52.234947,1
827,103,20.968527,9418,2021-06-26 17:56:45,52.222046,2
828,134,21.002991,9419,2021-06-26 17:56:46,52.290215,1
829,134,20.969662,9420,2021-06-26 17:56:46,52.271893,2
830,134,21.06168,9423,2021-06-26 17:56:46,52.361794,3
831,117,21.102493,9424,2021-06-26 17:56:47,52.222103,4
832,117,21.018406,9425,2021-06-26 17:56:48,52.230827,2
833,103,20.926683,9427,2021-06-26 17:56:47,52.290356,5
834,157,20.976419,9428,2021-06-26 17:56:46,52.289921,1
835,157,20.990778,9429,2021-06-26 17:56:45,52.252903,2
836,245,21.124613,9431,2021-06-26 17:56:49,52.27916,1
837,516,20.942116,9432,2021-06-26 17:56:47,52.33416,1
838,516,20.959377,9434,2021-06-26 17:56:49,52.32394,2
839,516,21.000965,9436,2021-06-26 17:56:44,52.291172,3
840,176,20.991186,9438,2021-06-26 17:56:44,52.32729,1
841,157,20.985693,9439,2021-06-26 17:56:49,52.245499,5
842,712,20.921209,9441,2021-06-26 17:56:46,52.281868,M2
843,103,20.952488,9442,2021-06-26 17:56:45,52.262928,1
844,103,20.958359,9443,2021-06-26 17:56:44,52.260174,3
845,245,21.052984,9446,2021-06-26 17:56:47,52.276493,2
846,712,20.929317,9450,2021-06-26 17:56:47,52.29084,1
847,176,20.98222,9452,2021-06-26 17:56:48,52.355568,3
848,176,21.026756,9453,2021-06-26 17:56:45,52.281128,2
849,743,20.901447,9459,2021-06-26 17:56:48,52.216896,1
850,194,20.889862667,9501,2021-06-26 17:56:47,52.198256833,4
851,181,20.975178,9503,2021-06-26 17:56:48,52.279144167,2
852,717,20.9208905,9504,2021-06-26 17:56:45,52.190668833,3
853,139,21.092668667,9507,2021-06-26 17:56:45,52.105040167,2
854,149,20.939229833,9509,2021-06-26 17:56:45,52.239592167,2
855,729,20.955031833,9511,2021-06-26 17:56:45,52.238162833,1
856,149,20.924647167,9514,2021-06-26 17:56:46,52.240578833,4
857,159,21.029104167,9515,2021-06-26 17:56:45,52.224365,1
858,159,21.055378667,9519,2021-06-26 17:56:49,52.194083333,4
859,159,21.085015667,9520,2021-06-26 17:56:44,52.193266833,5
860,181,20.960955167,9521,2021-06-26 17:56:48,52.281869167,1
861,715,21.0368355,9522,2021-06-26 17:56:45,52.161944167,55
862,181,20.899932833,9524,2021-06-26 17:56:49,52.2971575,4
863,194,20.9303575,9525,2021-06-26 17:56:48,52.224994333,1
864,181,20.919885833,9526,2021-06-26 17:56:48,52.309053833,3
865,220,20.920007833,9529,2021-06-26 17:56:47,52.257522833,3
866,717,20.964823,9530,2021-06-26 17:56:46,52.218207,2
867,159,20.954543833,9531,2021-06-26 17:56:49,52.211746,2
868,194,20.896129167,9532,2021-06-26 17:56:46,52.201728833,2
869,194,20.859219,9533,2021-06-26 17:56:45,52.206415,3
870,194,20.929694167,9534,2021-06-26 17:56:48,52.223627833,5
871,220,20.923664,9535,2021-06-26 17:56:45,52.174375167,1
872,220,20.899761167,9537,2021-06-26 17:56:45,52.258170833,4
873,300,21.023546,9538,2021-06-26 17:56:49,52.180020667,M1
874,149,20.940450667,9539,2021-06-26 17:56:45,52.2466455,3
875,707,20.920450833,9540,2021-06-26 17:56:47,52.096567,1
876,715,20.931204833,9542,2021-06-26 17:56:48,52.164110167,53
877,737,20.9811045,9543,2021-06-26 17:56:49,52.108693,54
878,717,20.8352255,9544,2021-06-26 17:56:45,52.1929465,1
879,724,21.068017,9546,2021-06-26 17:56:49,52.129023333,1
880,139,21.024114167,9548,2021-06-26 17:56:46,52.179634667,1
881,715,20.9878795,9554,2021-06-26 17:56:47,52.111289167,51
882,149,20.8806045,9555,2021-06-26 17:56:47,52.250535667,1
883,159,20.9959185,9556,2021-06-26 17:56:45,52.226186333,3
884,220,20.902693,9557,2021-06-26 17:56:47,52.193446833,2
885,152,21.028521,9673,2021-06-26 17:56:45,52.328453,5
886,152,20.952442,9678,2021-06-26 17:56:45,52.317009,1
887,152,20.965706,9680,2021-06-26 17:56:47,52.330807,2
888,118,21.015522,9681,2021-06-26 17:56:42,52.218994,3
889,212,21.054211,9682,2021-06-26 17:56:48,52.273121,2
890,118,21.022892,9683,2021-06-26 17:56:48,52.245346,4
891,118,21.027641,9685,2021-06-26 17:56:45,52.238884,2
892,152,20.96887,9687,2021-06-26 17:56:46,52.326263,4
893,152,21.045038,9688,2021-06-26 17:56:39,52.326115,3
894,118,21.042274,9689,2021-06-26 17:56:47,52.296329,5
895,212,21.028263,9692,2021-06-26 17:56:45,52.260773,3
896,212,21.057259,9696,2021-06-26 17:56:47,52.301865,1
897,118,21.037167,9697,2021-06-26 17:56:45,52.296322,1
898,212,21.048729,9698,2021-06-26 17:56:45,52.286522,4
899,109,20.992388,9801,2021-06-26 17:56:44,52.232037,1
900,710,21.108524,9802,2021-06-26 17:56:43,52.114616,1
901,Z10,20.924789,9804,2021-06-26 17:56:42,52.260807,2
902,109,21.011274,9805,2021-06-26 17:56:44,52.229507,3
903,109,20.898735,9806,2021-06-26 17:56:46,52.238491,5
904,109,20.921917,9807,2021-06-26 17:56:46,52.240231,6
905,127,21.031467,9809,2021-06-26 17:56:48,52.230202,2
906,127,20.940975,9810,2021-06-26 17:56:44,52.20462,1
907,127,21.019474,9811,2021-06-26 17:56:40,52.246292,335
908,131,21.015272,9814,2021-06-26 17:56:45,52.223797,4
909,127,20.895468,9816,2021-06-26 17:56:44,52.208794,56
910,131,21.083855,9818,2021-06-26 17:56:43,52.16798,2
911,710,21.109716,9819,2021-06-26 17:56:49,52.077793,3
912,131,21.019085,9820,2021-06-26 17:56:43,52.212414,6
913,131,21.050858,9821,2021-06-26 17:56:49,52.198143,1
914,525,21.014215,9822,2021-06-26 17:56:46,52.225864,1
915,519,21.002763,9825,2021-06-26 17:47:19,52.229939,6
916,525,21.115612,9826,2021-06-26 17:56:45,52.232845,2
917,710,21.100047,9827,2021-06-26 17:56:43,52.077193,2
918,Z10,20.91419,9828,2021-06-26 17:56:46,52.235542,9
919,525,21.08325,9830,2021-06-26 17:56:47,52.235828,5
920,742,21.216913,9833,2021-06-26 17:56:41,51.981125,1
921,719,20.798965,9835,2021-06-26 17:56:48,52.253822,1
922,Z10,20.929928,9836,2021-06-26 17:56:42,52.223618,8
923,109,20.951618,9838,2021-06-26 17:56:43,52.227627,4
924,127,21.010649,9839,2021-06-26 17:56:48,52.229515,4
925,109,21.04323,9842,2021-06-26 17:56:46,52.222874,2
926,525,21.003925,9846,2021-06-26 17:56:46,52.229568,319
927,719,20.647226,9849,2021-06-26 17:56:40,52.262844,2
928,719,20.950346,9852,2021-06-26 17:56:42,52.238579,3
929,131,21.003878,9854,2021-06-26 17:56:48,52.229496,3
930,114,20.971581,9901,2021-06-26 17:56:47,52.264515,1
931,114,20.93997,9903,2021-06-26 17:56:45,52.300968,5
932,186,20.975267,9905,2021-06-26 17:56:45,52.204674,5
933,193,21.051382,9906,2021-06-26 17:56:44,52.159233,1
934,114,21.040939,9907,2021-06-26 17:56:44,52.288967,7
935,186,20.942198,9908,2021-06-26 17:56:48,52.334126,1
936,186,20.986248,9909,2021-06-26 17:56:45,52.305988,3
937,186,20.963804,9912,2021-06-26 17:56:48,52.207767,6
938,186,20.974705,9915,2021-06-26 17:56:48,52.316788,9
939,186,20.940708,9916,2021-06-26 17:56:44,52.327068,2
940,190,20.997904,9919,2021-06-26 17:56:48,52.243233,2
941,190,20.898849,9920,2021-06-26 17:56:47,52.238926,5
942,190,21.07567,9921,2021-06-26 17:56:46,52.287525,9
943,190,21.085405,9922,2021-06-26 17:56:47,52.305042,10
944,193,21.038216,9923,2021-06-26 17:56:44,52.154121,2
945,193,21.010954,9925,2021-06-26 17:56:48,52.171463,3
946,114,21.022171,9928,2021-06-26 17:56:46,52.286293,63
947,114,20.931356,9930,2021-06-26 17:56:44,52.289814,2
948,193,20.995388,9933,2021-06-26 17:56:45,52.170197,4
949,190,20.896841,9935,2021-06-26 17:56:48,52.230579,4
950,186,20.952286,9939,2021-06-26 17:56:44,52.261711,8
951,114,20.958412,9940,2021-06-26 17:56:46,52.268265,4
952,114,21.041887,9941,2021-06-26 17:56:47,52.300266,6
953,186,20.958241,9942,2021-06-26 17:56:48,52.2435,4
954,190,21.029638,9946,2021-06-26 17:56:49,52.252548,8
955,190,20.92572,9947,2021-06-26 17:56:46,52.240688,3
956,190,20.91395,9949,2021-06-26 17:56:48,52.236294,6
957,190,20.981367,9951,2021-06-26 17:56:47,52.238354,7
958,190,21.032921,9953,2021-06-26 17:56:49,52.253845,1
959,186,20.971867,9954,2021-06-26 17:56:43,52.212631,67
960,o43A,21.423235,9999,2021-06-25 14:26:34,50.302956,1
