,Lines,Lon,VehicleNumber,Time,Lat,Brigade
0,213,21.1152613,1000,2021-06-25 23:22:58,52.2346205,3
1,213,21.115043,1001,2021-06-25 23:56:49,52.23463,1
2,213,21.091053,1003,2021-06-26 17:47:20,52.222214,1
3,311,21.115233,1004,2021-06-25 21:52:40,52.23458,2
4,196,21.11514,1005,2021-06-25 23:48:58,52.234611,1
5,130,21.11559,1008,2021-06-25 20:19:05,52.234613,04
6,213,21.1045413,1010,2021-06-26 17:47:25,52.212372,2
7,213,21.2267555,1011,2021-06-26 17:47:24,52.1715473,4
8,311,21.1155166,1012,2021-06-25 21:16:38,52.2346153,1
9,213,21.2222186,1015,2021-06-26 17:47:28,52.1611561,3
10,108,21.0231949,1020,2021-06-26 17:47:28,52.2287767,3
11,218,21.0242904,1021,2021-06-26 17:47:30,52.1796581,4
12,218,21.0068027,1024,2021-06-26 17:47:29,52.1890234,2
13,192,21.068735,1025,2021-06-26 17:47:28,52.128899,3
14,195,20.9979977,1026,2021-06-25 21:14:18,52.1862374,2
15,163,21.073002,1027,2021-06-26 17:47:29,52.162216,1
16,218,20.997276,1028,2021-06-26 17:47:26,52.188812,3
17,163,21.079254,1030,2021-06-26 17:47:28,52.1835915,2
18,163,21.049025,1031,2021-06-26 17:47:28,52.17823,3
19,108,21.081841,1038,2021-06-26 17:47:11,52.186908,4
20,192,21.049849,1039,2021-06-26 17:47:29,52.1376365,2
21,204,21.0394533,1040,2021-06-26 17:47:26,52.3180083,1
22,736,21.0279783,1042,2021-06-26 17:47:20,52.361545,1
23,204,21.043091,1043,2021-06-25 22:53:22,52.26632,05
24,204,21.0420983,1044,2021-06-26 17:47:19,52.2949467,3
25,107,21.046234,1045,2021-06-25 22:36:50,52.264653,4
26,204,21.042681,1046,2021-06-25 23:57:31,52.266098,1
27,204,21.023195,1047,2021-06-26 17:47:12,52.277281,2
28,228,20.921443,1050,2021-06-25 23:41:52,52.196853,2
29,328,20.921189,1051,2021-06-25 22:30:10,52.196913,01
30,129,20.9272617,1052,2021-06-26 17:47:24,52.2339867,2
31,129,20.88308,1053,2021-06-26 17:47:23,52.1955233,3
32,129,20.9190617,1055,2021-06-26 17:47:24,52.2100917,4
33,129,20.9392717,1057,2021-06-26 17:47:15,52.2458983,1
34,119,21.205565,1061,2021-06-26 17:47:28,52.210041,4
35,119,21.118029,1062,2021-06-26 17:47:29,52.1996771,5
36,192,21.020878,1064,2021-06-26 17:47:29,52.175552,1
37,192,21.0242852,1069,2021-06-26 17:47:29,52.1798594,52
38,108,21.023928,1070,2021-06-26 17:47:28,52.179707,1
39,108,21.080231,1074,2021-06-26 17:47:29,52.199097,2
40,218,21.001963,1076,2021-06-26 17:47:30,52.182659,1
41,192,21.042614,1079,2021-06-26 17:47:29,52.148006,4
42,173,21.0426228,1101,2021-06-26 00:28:34,52.2664063,2
43,240,21.0008558,1109,2021-06-26 17:47:25,52.291373,2
44,173,21.048266,1110,2021-06-25 19:53:25,52.264265,3
45,170,21.080708,1111,2021-06-26 17:47:27,52.2775388,2
46,110,20.9250926,1112,2021-06-26 17:47:26,52.280982,51
47,126,21.046033,1113,2021-06-25 23:08:32,52.264159,4
48,338,21.046365,1116,2021-06-25 19:40:36,52.2645706,05
49,170,21.020943,1117,2021-06-26 17:47:27,52.263588,4
50,739,21.0174952,1200,2021-06-26 17:47:29,52.1483625,65
51,739,21.039673,1201,2021-06-26 17:47:28,52.080536,64
52,166,21.0439574,1203,2021-06-26 17:47:28,52.1756265,1
53,727,21.0280534,1205,2021-06-26 17:47:28,52.0678686,68
54,727,21.0240527,1208,2021-06-26 17:47:29,52.1799525,62
55,141,21.1128082,1211,2021-06-26 17:47:28,52.2362609,2
56,727,21.017899,1213,2021-06-26 17:47:29,52.142277,66
57,166,21.026794,1214,2021-06-26 17:47:27,52.259895,3
58,727,21.0085829,1216,2021-06-26 17:47:28,52.0575267,67
59,739,21.0389976,1218,2021-06-26 17:47:26,52.0948845,63
60,166,21.0738064,1219,2021-06-26 17:47:29,52.1348666,8
61,166,21.068275,1220,2021-06-26 17:47:28,52.129219,7
62,727,21.0188979,1223,2021-06-26 17:47:29,52.0901067,61
63,240,21.0483353,1400,2021-06-26 00:03:19,52.2641493,1
64,170,21.048516,1401,2021-06-26 17:47:24,52.255354,3
65,170,21.0454971,1403,2021-06-25 21:36:41,52.2652081,3
66,240,21.043604,1408,2021-06-25 23:31:26,52.266069,4
67,146,21.204678,1411,2021-06-26 17:47:30,52.159454,58
68,173,21.243044,1412,2021-06-26 17:47:29,52.218819,3
69,730,21.2481415,1413,2021-06-26 17:47:29,52.22268,61
70,146,21.104387,1417,2021-06-26 17:47:29,52.212463,57
71,199,21.075281,1418,2021-06-26 17:47:29,52.286617,3
72,147,21.1657409,1419,2021-06-26 17:47:29,52.2041876,53
73,183,21.118795,1422,2021-06-26 17:47:29,52.237774,3
74,147,21.217453,1425,2021-06-26 17:47:28,52.213646,54
75,147,21.0664244,1426,2021-06-26 17:47:28,52.2262364,55
76,146,21.159826,1427,2021-06-26 17:47:29,52.165794,59
77,119,21.012156,1429,2021-06-26 17:47:28,52.208218,1
78,L11,20.752262,14422,2021-06-26 17:47:29,52.43182,2
79,L10,20.945208,14423,2021-06-26 14:34:04,52.437897,M4
80,L11,20.723183,14424,2021-06-25 20:30:06,52.424343,51
81,L-9,20.943792,14426,2021-06-26 17:47:30,52.39901,3
82,L11,20.901968,14427,2021-06-26 17:47:29,52.462345,1
83,L34,20.863543,14429,2021-06-26 17:47:28,52.441422,1
84,L10,20.945269,14430,2021-06-26 16:19:41,52.437912,M5
85,L34,20.945213,14431,2021-06-25 19:23:11,52.437866,2
86,L41,20.721386,14432,2021-06-26 17:47:26,52.426434,1
87,L33,20.945353,14434,2021-06-25 23:24:58,52.438198,1
88,L49,20.894274,14436,2021-06-26 17:47:29,52.417191,1
89,L-8,21.230713,14438,2021-06-26 17:47:28,52.435417,1
90,L-9,20.949566,14440,2021-06-25 23:13:11,52.471237,055
91,338,21.045604,1500,2021-06-25 19:27:18,52.264496,03
92,106,21.0002061,1508,2021-06-26 17:47:20,52.2367968,5
93,735,21.0070176,1509,2021-06-26 17:47:28,52.4434395,M4
94,240,21.1140143,1510,2021-06-26 17:47:25,52.3337871,4
95,110,20.9173668,1513,2021-06-26 17:47:26,52.2827193,52
96,147,21.044424,1514,2021-06-25 19:54:57,52.2648745,06
97,115,21.241724,1521,2021-06-26 17:47:27,52.16913,4
98,115,21.2387433,1523,2021-06-26 17:47:18,52.1697767,3
99,702,21.1886717,1524,2021-06-26 17:47:25,52.1496167,2
100,183,21.115313,1526,2021-06-26 00:16:52,52.233074,4
101,N16,21.116845,1527,2021-06-26 05:37:31,52.233048,2
102,N44,21.117096,1528,2021-06-26 05:37:25,52.233049,207
103,702,21.2215033,1531,2021-06-26 17:47:24,52.108325,1
104,202,21.120215,1532,2021-06-26 17:47:25,52.2440067,2
105,141,20.9564667,1533,2021-06-26 17:47:29,52.1881033,6
106,119,21.10537,1535,2021-06-26 17:47:17,52.211685,3
107,156,20.9281983,1537,2021-06-26 17:47:24,52.29069,2
108,132,21.034725,1538,2021-06-26 17:47:18,52.3000133,55
109,120,21.059729,1539,2021-06-26 17:47:16,52.26937,1
110,156,21.0521317,1540,2021-06-26 17:47:22,52.25301,5
111,166,21.03293,1542,2021-06-26 17:47:23,52.25685,4
112,221,20.989375,1543,2021-06-26 17:47:30,52.260385,2
113,N03,21.044968,1545,2021-06-26 05:08:35,52.264589,2
114,156,21.0647183,1546,2021-06-26 17:47:22,52.2742383,4
115,512,21.0749033,1548,2021-06-26 17:47:22,52.28717,1
116,120,21.051145,1549,2021-06-26 17:47:16,52.2526317,2
117,166,21.04828,1550,2021-06-26 17:47:27,52.1580183,6
118,120,21.061869,1551,2021-06-26 17:47:22,52.361744,6
119,156,20.9422433,1552,2021-06-26 17:47:19,52.2852483,3
120,L35,21.333111,17455,2021-06-26 17:47:24,52.363674,51
121,L40,21.181885,17458,2021-06-26 17:47:27,52.35939,1
122,L43,21.077759,17461,2021-06-26 08:32:11,52.26762,51
123,L43,21.07786,17462,2021-06-26 17:47:28,52.268456,52
124,L45,21.175438,17464,2021-06-26 17:47:29,52.310783,1
125,L37,21.176323,17466,2021-06-25 22:21:40,52.312318,2
126,L38,21.250854,17467,2021-06-26 17:47:26,52.34573,51
127,240,21.0583983,1802,2021-06-26 17:47:25,52.3012158,3
128,N12,21.045453,1803,2021-06-26 04:33:33,52.264459,128
129,110,20.9685718,1804,2021-06-26 17:47:26,52.2721815,53
130,132,21.0703405,1805,2021-06-26 17:47:27,52.3226186,54
131,122,20.8987291,1807,2021-06-26 17:47:25,52.2386461,6
132,106,21.0435196,1808,2021-06-26 06:30:45,52.2662013,4
133,N11,21.0454075,1809,2021-06-26 05:42:59,52.264945,122
134,106,21.0211971,1810,2021-06-26 17:47:24,52.2425575,2
135,106,21.020568,1811,2021-06-26 17:47:14,52.243121,1
136,106,20.967856,1812,2021-06-26 17:47:27,52.2336018,3
137,170,21.073209,1814,2021-06-26 17:47:22,52.267854,1
138,122,20.9762436,1815,2021-06-26 17:47:25,52.2898331,3
139,N12,21.046083,1816,2021-06-26 05:05:03,52.264528,210
140,173,21.042571,1818,2021-06-25 23:48:59,52.2664061,10
141,173,21.2639555,1821,2021-06-26 17:47:24,52.2477686,2
142,115,21.1588966,1826,2021-06-26 17:47:27,52.2326778,2
143,147,21.0649256,1828,2021-06-26 17:47:26,52.2267958,52
144,146,21.047489,1829,2021-06-26 17:47:26,52.247965,51
145,183,21.0883028,1830,2021-06-26 17:47:28,52.2449891,1
146,119,21.1165895,1832,2021-06-25 22:22:16,52.2331471,06
147,183,21.1917458,1833,2021-06-26 17:47:28,52.23874,2
148,173,21.1318871,1835,2021-06-26 17:47:24,52.2383983,4
149,115,21.1702666,1837,2021-06-26 17:47:22,52.2771031,1
150,168,21.0012125,1838,2021-06-26 17:47:27,52.188841,1
151,115,21.1581503,1839,2021-06-26 17:47:26,52.234515,5
152,147,21.1172291,1840,2021-06-25 21:35:22,52.2330755,09
153,142,21.1168673,1842,2021-06-25 20:08:52,52.2330963,08
154,168,21.062653,1843,2021-06-26 17:47:18,52.206318,3
155,173,21.1167918,1844,2021-06-25 23:53:58,52.233165,8
156,168,21.112683,1846,2021-06-26 17:47:27,52.236286,4
157,722,21.1258981,1847,2021-06-26 17:47:19,52.2345953,62
158,198,21.1158643,1848,2021-06-25 20:42:24,52.2333196,2
159,198,21.2240585,1849,2021-06-26 17:47:25,52.2295116,1
160,183,21.115764,1850,2021-06-25 21:22:25,52.233265,3
161,183,21.1154913,1851,2021-06-26 00:18:45,52.2331743,07
162,198,21.222986,1854,2021-06-26 17:47:28,52.2239386,2
163,146,21.115132,1856,2021-06-26 00:38:41,52.233222,4
164,115,21.115681,1857,2021-06-26 00:02:26,52.2331425,5
165,146,21.1166211,1858,2021-06-25 20:46:49,52.2331278,07
166,198,21.1172503,1859,2021-06-25 19:30:46,52.2330405,05
167,115,21.1153055,1860,2021-06-26 00:28:39,52.2332403,6
168,173,21.0527973,1866,2021-06-26 17:47:24,52.2503213,5
169,173,21.0941473,1867,2021-06-26 17:47:26,52.2441238,1
170,115,21.1165116,1869,2021-06-25 23:18:40,52.2330776,3
171,222,21.0191572,1901,2021-06-26 17:47:25,52.193992,3
172,251,21.1044149,1909,2021-06-26 17:47:27,52.1193511,3
173,222,20.995439,1910,2021-06-26 17:47:25,52.1914272,2
174,222,21.021112,1911,2021-06-26 17:47:29,52.210644,1
175,251,21.028286,1912,2021-06-26 17:47:28,52.178169,2
176,222,21.0050772,1916,2021-06-26 17:47:29,52.244721,5
177,251,21.123224,1919,2021-06-26 17:47:29,52.089485,1
178,222,21.011488,1920,2021-06-26 17:47:29,52.2297092,4
179,178,20.9607616,1995,2021-06-26 17:47:29,52.2172016,2
180,178,21.0040281,1996,2021-06-26 17:47:29,52.255322,1
181,178,20.9999532,1997,2021-06-26 17:47:30,52.2538727,5
182,178,20.882702,1998,2021-06-26 17:47:28,52.195362,3
183,178,20.9517529,1999,2021-06-26 17:47:29,52.2118744,4
184,171,20.925137,2009,2021-06-26 17:47:26,52.272469,1
185,189,20.91758,2015,2021-06-26 17:47:28,52.198818,9
186,187,21.0487786,2016,2021-06-26 17:47:29,52.2067012,5
187,709,21.0187535,2021,2021-06-26 17:47:29,52.1054639,5
188,Z26,20.974272,2022,2021-06-26 17:47:28,52.235489,4
189,172,20.9551924,2024,2021-06-26 17:47:30,52.211903,63
190,217,21.0241546,2026,2021-06-26 17:47:29,52.1795834,3
191,519,21.0927389,2027,2021-06-26 17:47:29,52.1169832,3
192,172,20.9601967,2028,2021-06-26 17:47:29,52.2157309,1
193,189,20.915257,2029,2021-06-26 17:47:30,52.216526,8
194,Z26,21.014839,2030,2021-06-26 17:47:29,52.24678,7
195,522,21.056345,2032,2021-06-26 17:47:28,52.181099,3
196,174,21.006073,2035,2021-06-26 17:47:28,52.219753,2
197,709,21.017399,2038,2021-06-26 17:47:28,52.067348,6
198,709,21.025532,2039,2021-06-26 17:47:29,52.078041,1
199,709,21.0179187,2040,2021-06-26 17:47:28,52.1270224,2
200,709,21.024389,2041,2021-06-26 17:47:28,52.179928,3
201,709,21.0175955,2042,2021-06-26 17:47:28,52.1612905,4
202,517,20.86825,2200,2021-06-26 17:47:29,52.197632,1
203,N35,20.921913,2206,2021-06-26 06:01:56,52.1961371,237
204,184,20.9275326,2210,2021-06-26 17:47:29,52.2909819,3
205,191,20.9839085,2213,2021-06-26 17:47:28,52.2180912,1
206,189,20.916399,2227,2021-06-26 17:47:29,52.220394,4
207,105,20.922151,2236,2021-06-26 00:04:20,52.196038,4
208,189,21.047894,2237,2021-06-26 17:47:27,52.177639,14
209,124,20.937786,2240,2021-06-26 17:47:28,52.170773,2
210,105,20.908125,2247,2021-06-26 17:47:28,52.218231,5
211,141,20.921326,2253,2021-06-25 18:30:50,52.197259,014
212,401,20.920378,2254,2021-06-25 19:44:39,52.196613,012
213,191,20.8772497,2258,2021-06-26 17:47:29,52.1889231,3
214,L20,21.471462,24511,2021-06-25 23:35:10,52.132233,1
215,L20,21.471769,24513,2021-06-26 15:05:20,52.132652,1
216,L20,21.259869,24515,2021-06-26 17:47:27,52.107765,1
217,162,21.0276076,3400,2021-06-26 17:47:27,52.259609,5
218,185,20.9740231,3401,2021-06-26 17:47:27,52.2864413,6
219,723,20.9152353,3403,2021-06-26 17:47:29,52.4107705,3
220,735,20.9682308,3404,2021-06-26 17:47:26,52.2719988,63
221,731,21.000813,3405,2021-06-26 17:47:14,52.291216,3
222,414,21.047923,3406,2021-06-25 20:26:01,52.264541,07
223,731,20.9256111,3407,2021-06-26 17:47:19,52.4216431,1
224,738,21.0485045,3408,2021-06-26 01:02:31,52.264437,1
225,414,21.0468988,3409,2021-06-25 20:46:35,52.2649078,08
226,126,20.9419505,3410,2021-06-26 17:47:26,52.3341386,2
227,169,21.04371,3411,2021-06-25 21:40:49,52.265391,1
228,140,21.081688,3413,2021-06-26 17:47:24,52.2946751,1
229,509,20.9423116,3414,2021-06-26 17:47:25,52.3345548,2
230,114,21.0478216,3415,2021-06-25 23:08:38,52.2646596,5
231,723,21.0454035,3417,2021-06-25 21:48:49,52.2654235,1
232,145,21.1101876,3421,2021-06-26 17:47:24,52.2838793,7
233,509,21.0888943,3422,2021-06-26 17:47:29,52.225534,355
234,Z26,21.035605,3423,2021-06-26 17:47:25,52.2558108,1
235,169,21.0477433,3429,2021-06-25 23:04:14,52.2646666,3
236,126,21.0573195,3430,2021-06-26 17:47:27,52.3017803,4
237,114,21.04857,3434,2021-06-26 00:33:00,52.264513,2
238,518,21.0478431,3437,2021-06-25 23:46:13,52.264609,6
239,705,21.1359613,3438,2021-06-26 17:47:25,52.4822608,66
240,738,21.052516,3440,2021-06-26 17:47:26,52.2765638,2
241,114,21.0428833,3441,2021-06-25 23:51:31,52.2659116,7
242,140,21.098716,3444,2021-06-26 17:47:29,52.3149941,2
243,509,21.0102645,3446,2021-06-26 17:47:14,52.2815656,4
244,731,20.944845,3447,2021-06-26 17:47:15,52.364878,2
245,126,21.012419,3448,2021-06-26 17:47:10,52.317774,1
246,518,21.043485,3449,2021-06-25 21:30:55,52.265478,7
247,126,21.0027736,3450,2021-06-26 17:47:04,52.3138283,3
248,126,21.0567738,3451,2021-06-26 17:47:25,52.3018293,M5
249,705,21.0018041,3454,2021-06-26 17:47:28,52.292046,62
250,145,21.0215755,3455,2021-06-26 17:47:26,52.2868571,6
251,Z26,20.9746321,3456,2021-06-26 17:47:26,52.2354563,5
252,169,21.043935,3457,2021-06-25 23:56:08,52.265611,5
253,509,21.0443728,3458,2021-06-26 17:47:29,52.249036,5
254,Z26,20.9944385,3459,2021-06-26 17:47:27,52.2419411,6
255,738,21.1367968,3461,2021-06-26 17:47:25,52.3615678,3
256,731,21.04776,3463,2021-06-26 00:40:56,52.264114,5
257,735,21.0444471,3464,2021-06-25 23:05:19,52.2656713,64
258,723,21.0441993,3466,2021-06-26 00:00:11,52.265954,2
259,738,21.1502291,3469,2021-06-26 17:47:12,52.3773,1
260,L19,21.034472,36443,2021-06-26 17:31:57,52.083504,51
261,L17,20.899836,36444,2021-06-26 13:08:02,51.912342,51
262,L25,21.217636,36448,2021-06-26 17:47:28,51.981068,1
263,L39,21.029346,38541,2021-06-26 17:47:28,52.096958,4
264,L39,21.017887,38545,2021-06-26 17:47:26,52.066948,3
265,L52,21.029457,38546,2021-06-26 17:47:24,52.074772,51
266,L39,20.989628,38547,2021-06-26 17:45:51,52.110771,1
267,L39,21.02298,38548,2021-06-26 17:47:27,52.07502,2
268,L23,21.050951,38549,2021-06-26 17:42:34,52.062454,51
269,L-5,21.027224,39551,2021-06-26 17:47:25,52.073017,62
270,L-2,21.034941,39552,2021-06-25 19:11:52,52.083633,063
271,L25,21.191267,39555,2021-06-25 23:37:02,51.987377,1
272,L13,21.040478,39556,2021-06-26 17:47:24,52.026726,63
273,L-5,21.003809,39558,2021-06-26 17:47:32,52.053204,61
274,L-2,20.945053,39559,2021-06-26 17:47:30,52.010605,1
275,L13,21.217253,39561,2021-06-25 20:05:15,51.98262,03
276,L12,21.029549,39562,2021-06-26 17:47:29,52.074585,1
277,L12,21.034851,39565,2021-06-26 12:57:20,52.083328,1
278,197,20.9758112,4200,2021-06-26 17:47:29,52.2896884,3
279,721,20.889793,4201,2021-06-26 17:47:29,52.111183,75
280,711,20.832951,4205,2021-06-26 17:47:25,52.111141,1
281,122,20.910854,4206,2021-06-26 17:47:29,52.253391,1
282,141,21.0398892,4208,2021-06-26 17:47:29,52.2021065,9
283,197,20.946392,4213,2021-06-26 17:47:28,52.266827,4
284,154,20.8984367,4214,2021-06-26 17:47:28,52.2583209,6
285,141,21.007868,4216,2021-06-26 17:47:30,52.1953207,5
286,154,20.961029,4217,2021-06-26 17:47:28,52.184216,2
287,154,20.969606,4218,2021-06-26 17:47:29,52.215034,1
288,255,20.978672,4219,2021-06-26 17:47:28,52.22953,1
289,714,20.9500862,4220,2021-06-26 17:47:28,52.2385991,1
290,255,20.9309634,4224,2021-06-26 17:47:29,52.2252899,2
291,714,20.82415,4226,2021-06-26 17:47:29,52.264301,2
292,122,20.972582,4227,2021-06-26 17:47:29,52.264843,2
293,154,20.960493,4231,2021-06-26 17:47:28,52.216625,4
294,141,20.9441762,4232,2021-06-26 17:47:29,52.1754777,7
295,197,20.9425144,4233,2021-06-26 17:47:28,52.2282161,5
296,L-1,20.89243,42361,2021-06-26 14:43:02,52.090702,1
297,154,20.912346,4238,2021-06-26 17:47:30,52.238903,5
298,141,21.101141,4240,2021-06-26 17:47:28,52.240822,3
299,122,20.976248,4241,2021-06-26 17:47:29,52.266079,4
300,122,20.927067,4242,2021-06-26 17:47:28,52.263569,5
301,197,20.9438745,4243,2021-06-26 17:47:28,52.2628457,2
302,901,21.0154949,4244,2021-06-26 17:47:29,52.2305312,1
303,901,21.003269,4246,2021-06-26 17:47:29,52.229675,3
304,154,20.976664,4247,2021-06-26 17:47:29,52.180592,3
305,154,20.915077,4248,2021-06-26 17:47:28,52.23922,7
306,L-1,20.93656,42498,2021-06-23 19:45:16,52.08992,2
307,L-3,20.951254,42500,2021-06-26 17:47:30,52.085308,1
308,147,21.0521756,4305,2021-06-26 17:47:30,52.2502517,56
309,202,21.0419869,4307,2021-06-26 17:47:30,52.2420636,1
310,119,21.012698,4311,2021-06-26 17:47:27,52.2084145,2
311,105,16.9750897,4332,2021-06-26 13:35:37,52.5472771,4
312,512,21.052223,4400,2021-06-26 17:47:28,52.252907,4
313,197,20.8625305,4402,2021-06-26 17:47:28,52.1902197,6
314,221,20.994061,4404,2021-06-26 17:47:28,52.259464,1
315,120,21.050301,4405,2021-06-26 17:47:29,52.290878,4
316,156,21.047831,4406,2021-06-26 17:47:29,52.2857691,1
317,N02,21.044418,4407,2021-06-26 06:46:43,52.265051,3
318,240,21.042204,4408,2021-06-26 17:47:29,52.295422,1
319,197,20.908524,4409,2021-06-26 17:47:28,52.218285,1
320,197,20.862455,4410,2021-06-26 17:47:29,52.190208,7
321,120,21.0604727,4411,2021-06-26 17:47:29,52.3052412,7
322,106,20.966301,4412,2021-06-26 17:47:29,52.243359,4
323,152,21.04444,4413,2021-06-25 20:19:00,52.265066,06
324,N16,21.045311,4415,2021-06-26 05:39:26,52.264876,1
325,120,21.045601,4417,2021-06-26 13:08:26,52.264446,1
326,199,21.0444199,4418,2021-06-25 20:09:09,52.264953,2
327,901,21.0034006,4420,2021-06-26 17:47:28,52.2324342,2
328,166,21.0252532,4421,2021-06-26 17:47:28,52.2197031,5
329,N03,21.0459804,4422,2021-06-26 05:41:10,52.2641299,1
330,166,21.02441,4423,2021-06-26 17:47:28,52.222355,2
331,901,21.037909,4424,2021-06-26 17:47:29,52.221741,4
332,512,21.049625,4425,2021-06-26 17:47:27,52.285976,2
333,120,21.0426532,4428,2021-06-26 17:47:28,52.2582231,3
334,512,21.065375,4429,2021-06-26 17:47:28,52.2745491,3
335,120,21.0462967,4431,2021-06-26 17:47:28,52.3430779,5
336,512,21.035124,4434,2021-06-26 17:47:26,52.254124,5
337,100,21.0108016,4617,2021-06-26 17:47:19,52.2319746,M1
338,184,20.9638128,5205,2021-06-26 17:47:26,52.2082002,6
339,189,20.9962073,5206,2021-06-26 17:47:29,52.179366,2
340,105,20.977823,5208,2021-06-26 17:47:28,52.2291722,1
341,188,20.9881334,5209,2021-06-26 17:47:24,52.2153991,3
342,105,20.8968182,5210,2021-06-26 17:47:29,52.2196631,2
343,172,21.01295,5211,2021-06-26 17:47:12,52.195941,4
344,189,21.0317226,5212,2021-06-26 17:47:27,52.1735125,11
345,105,20.8989257,5214,2021-06-26 17:47:22,52.2387697,3
346,189,21.068858,5215,2021-06-26 17:47:23,52.181278,13
347,716,20.9189825,5216,2021-06-26 17:47:23,52.2207946,1
348,172,20.969303,5217,2021-06-26 17:47:24,52.2147448,2
349,523,21.084109,5221,2021-06-26 17:47:27,52.2434401,3
350,517,20.949253,5222,2021-06-26 17:47:18,52.210389,2
351,523,20.9540882,5223,2021-06-26 17:47:25,52.2383118,1
352,171,20.9169146,5224,2021-06-26 17:47:19,52.2505504,3
353,105,20.8989644,5225,2021-06-26 17:47:24,52.2387816,4
354,210,20.9281786,5228,2021-06-26 17:47:23,52.2910415,3
355,187,20.8957388,5229,2021-06-26 17:47:22,52.1935716,1
356,171,20.9874317,5232,2021-06-26 17:47:24,52.2401008,4
357,136,21.021348,5234,2021-06-26 17:47:23,52.157404,5
358,184,20.9677486,5235,2021-06-26 17:47:22,52.2183793,1
359,517,20.9330216,5236,2021-06-26 17:47:26,52.198914,5
360,Z10,20.9247809,5237,2021-06-26 17:47:25,52.260648,3
361,171,20.9336314,5238,2021-06-26 17:47:23,52.2704151,2
362,171,21.0433594,5240,2021-06-26 17:47:23,52.2229338,5
363,191,20.9369476,5241,2021-06-26 17:47:26,52.2015508,2
364,148,20.9781335,5242,2021-06-26 17:47:29,52.1694181,4
365,190,20.920664,5245,2021-06-25 20:12:48,52.196575,016
366,523,21.1019198,5253,2021-06-26 17:47:25,52.246997,5
367,141,20.9224014,5255,2021-06-26 00:37:46,52.1970728,4
368,182,20.92243,5256,2021-06-25 19:09:29,52.1956758,011
369,188,20.977955,5257,2021-06-26 17:47:24,52.169584,52
370,187,20.8621038,5258,2021-06-26 17:47:22,52.1908864,2
371,184,20.9383351,5260,2021-06-26 17:47:22,52.2468051,5
372,N46,21.047172,5403,2021-06-26 06:04:29,52.2647932,150
373,500,21.041933,5404,2021-06-26 17:47:29,52.285091,52
374,169,21.042284,5406,2021-06-26 17:47:28,52.296124,5
375,705,21.0247802,5407,2021-06-26 17:47:29,52.3215361,65
376,160,21.047609,5410,2021-06-26 17:47:29,52.260395,M5
377,500,21.024189,5412,2021-06-26 17:47:29,52.2649376,54
378,160,21.014265,5413,2021-06-26 17:47:29,52.246761,M2
379,500,21.0419787,5419,2021-06-26 17:47:27,52.3003677,M56
380,527,21.067951,5425,2021-06-26 17:47:28,52.324173,3
381,162,21.035692,5426,2021-06-26 17:47:29,52.244469,1
382,162,21.054489,5428,2021-06-26 17:47:28,52.194958,2
383,185,21.040079,5429,2021-06-26 17:47:29,52.232456,8
384,112,21.0822922,5430,2021-06-26 17:47:28,52.3044872,3
385,145,21.048313,5432,2021-06-26 17:47:29,52.288372,4
386,409,20.9808,5433,2021-06-26 17:47:28,52.2533,57
387,112,20.882809,5434,2021-06-26 17:47:29,52.214672,9
388,169,21.051807,5435,2021-06-26 17:47:28,52.252895,3
389,527,21.053303,5436,2021-06-26 17:47:29,52.273392,2
390,409,20.954096,5437,2021-06-26 17:47:28,52.26226,53
391,160,21.0683554,5438,2021-06-26 17:47:29,52.3235832,7
392,112,20.9807286,5439,2021-06-26 17:47:28,52.2807991,12
393,500,21.041439,5441,2021-06-26 17:47:28,52.299908,55
394,160,21.0026691,5443,2021-06-26 17:47:29,52.2293824,4
395,520,21.156063,5445,2021-06-26 17:47:13,52.240406,4
396,511,20.927977,5448,2021-06-26 17:47:28,52.291359,1
397,160,21.049225,5449,2021-06-26 17:47:29,52.274395,1
398,527,21.0604451,5453,2021-06-26 17:47:30,52.3109632,1
399,160,21.0027916,5454,2021-06-26 17:47:29,52.2296962,3
400,723,20.969715,5455,2021-06-26 17:47:28,52.324059,2
401,511,20.9425377,5459,2021-06-26 17:47:29,52.3486904,2
402,185,21.0387134,5460,2021-06-26 17:47:28,52.1410174,3
403,180,21.001377,5870,2021-06-26 17:47:29,52.249519,7
404,503,21.011297,5871,2021-06-26 17:47:27,52.23024,3
405,503,21.002274,5873,2021-06-26 17:47:29,52.254753,5
406,503,21.017685,5875,2021-06-26 17:47:29,52.231174,7
407,180,21.011198,5876,2021-06-26 17:47:26,52.24448,62
408,175,21.010487,5880,2021-06-26 17:47:29,52.239422,55
409,175,20.979391,5881,2021-06-26 17:47:27,52.173248,52
410,175,20.978214,5882,2021-06-26 17:47:29,52.169453,53
411,175,21.01372,5884,2021-06-26 17:47:26,52.241146,51
412,175,20.976336,5886,2021-06-26 17:47:27,52.167995,52
413,128,20.989901,5887,2021-06-26 17:47:25,52.219662,64
414,128,20.9634,5889,2021-06-26 17:47:30,52.2077,59
415,180,21.083885,5890,2021-06-26 17:47:26,52.167809,3
416,180,20.979973,5891,2021-06-26 17:47:25,52.253429,11
417,180,21.025286,5892,2021-06-26 17:47:26,52.218838,5
418,128,20.989906,5895,2021-06-26 17:47:30,52.225292,60
419,128,20.998121,5897,2021-06-25 23:36:40,52.187019,51
420,503,21.003454,5898,2021-06-26 17:47:26,52.250668,4
421,111,21.080082,5900,2021-06-26 17:47:25,52.226131,4
422,158,21.01436,5902,2021-06-26 17:47:29,52.230297,5
423,128,20.963665,5904,2021-06-26 17:47:26,52.207668,58
424,116,20.923407,5905,2021-06-26 17:47:30,52.274513,69
425,158,21.117008,5907,2021-06-25 21:44:36,52.233902,5
426,175,21.116972,5908,2021-06-25 19:38:19,52.233955,068
427,116,21.116823,5910,2021-06-26 00:07:33,52.233971,17
428,158,20.949287,5913,2021-06-26 17:47:25,52.211617,6
429,158,21.113404,5915,2021-06-26 17:47:29,52.234679, 
430,111,21.008717,5920,2021-06-26 17:47:28,52.238865,6
431,116,21.030415,5921,2021-06-26 17:47:29,52.20726,5
432,111,21.107388,5922,2021-06-26 07:42:12,52.233645, 
433,111,21.116245,5926,2021-06-26 00:24:55,52.234005,5
434,111,21.102461,5927,2021-06-26 17:47:27,52.222057,3
435,111,20.998261,5931,2021-06-26 17:47:25,52.247211,8
436,128,21.012939,5932,2021-06-26 17:47:30,52.243214,61
437,158,21.0122554,5933,2021-06-26 17:47:28,52.2301515,1
438,158,21.105041,5934,2021-06-26 17:47:26,52.23695,4
439,503,21.115843,5935,2021-06-26 00:31:56,52.233995,013
440,116,21.032497,5936,2021-06-26 17:47:27,52.204834,4
441,503,21.041832,5937,2021-06-26 17:47:26,52.171509,1
442,128,21.012768,5939,2021-06-26 17:47:27,52.243214,56
443,116,21.083969,5940,2021-06-26 17:47:27,52.165981,3
444,175,21.115613,5941,2021-06-25 21:43:06,52.234041,63
445,116,20.973074,5942,2021-06-26 17:47:30,52.271523,7
446,503,21.045149,5943,2021-06-26 17:47:29,52.149483,9
447,158,21.100782,5946,2021-06-26 17:47:29,52.238079,2
448,175,20.983824,5947,2021-06-26 17:47:25,52.198856,54
449,116,20.992952,5948,2021-06-26 17:47:29,52.242306,56
450,518,20.998234,5950,2021-06-26 17:47:28,52.25386,2
451,503,21.044643,5954,2021-06-26 17:47:30,52.192196,2
452,503,21.036371,5956,2021-06-26 17:47:30,52.200924,8
453,E-9,21.045723,5962,2021-06-25 20:17:53,52.265643,06
454,180,20.92481,5964,2021-06-26 17:47:30,52.272533,10
455,723,21.047304,5966,2021-06-25 18:56:33,52.265156,07
456,180,21.050262,5967,2021-06-26 17:47:30,52.199982,4
457,180,21.023653,5968,2021-06-26 17:47:26,52.225918,1
458,116,20.924923,5969,2021-06-26 17:47:28,52.272324,8
459,518,20.9622,5976,2021-06-26 17:47:28,52.315258,6
460,518,21.021086,5978,2021-06-26 17:47:26,52.231522,3
461,518,20.985979,5979,2021-06-26 17:47:27,52.268433,5
462,518,20.936205,5980,2021-06-26 17:47:28,52.332848,7
463,518,21.011255,5981,2021-06-26 17:47:28,52.230419,4
464,503,21.004175,5983,2021-06-26 17:47:27,52.250069,6
465,111,21.015806,5984,2021-06-26 17:47:30,52.230556,5
466,111,20.979408,5985,2021-06-26 17:47:27,52.244442,7
467,111,21.071499,5986,2021-06-26 17:47:26,52.225006,2
468,180,20.924974,5987,2021-06-26 17:47:29,52.272408,9
469,180,21.007975,5988,2021-06-26 17:47:30,52.23587,6
470,180,21.056913,5990,2021-06-26 17:47:28,52.192791,2
471,180,20.946283,5991,2021-06-26 17:47:27,52.264977,58
472,518,20.9611,5994,2021-06-26 17:47:27,52.3169,1
473,116,21.056717,5995,2021-06-26 17:47:27,52.18108,2
474,116,21.026518,5996,2021-06-26 17:47:28,52.214645,1
475,116,21.013514,5997,2021-06-26 17:47:29,52.241665,11
476,116,20.983446,5998,2021-06-26 17:47:28,52.269489,10
477,111,21.021463,5999,2021-06-26 17:47:28,52.232075,1
478,167,20.9569942,6201,2021-06-26 17:47:29,52.2271696,2
479,713,20.8162,6203,2021-06-26 17:47:25,52.210999,1
480,713,20.9074172,6204,2021-06-26 17:47:29,52.2178742,2
481,112,20.934513,6207,2021-06-26 17:47:29,52.271778,6
482,112,21.0423134,6208,2021-06-26 17:47:28,52.2958411,1
483,112,20.9125887,6210,2021-06-26 17:47:28,52.2516844,M11
484,112,20.883154,6212,2021-06-26 17:47:28,52.214672,8
485,136,20.960346,6213,2021-06-26 17:47:28,52.216625,10
486,187,20.885252,6214,2021-06-26 17:47:28,52.194942,3
487,210,20.804422,6220,2021-06-26 17:47:29,52.294411,1
488,187,20.959255,6222,2021-06-26 17:47:29,52.2160599,4
489,189,20.986956,6223,2021-06-26 17:47:28,52.181694,10
490,187,20.9558177,6226,2021-06-26 17:47:28,52.2141525,8
491,191,20.9660597,6227,2021-06-26 17:47:29,52.2148402,6
492,136,21.0382565,6236,2021-06-26 17:47:29,52.1498134,7
493,716,20.828724,6239,2021-06-26 17:47:28,52.192921,3
494,184,20.93784,6241,2021-06-26 17:47:30,52.274876,4
495,703,20.900955,6242,2021-06-26 17:47:29,52.138714,74
496,706,20.9349457,6243,2021-06-26 17:47:28,52.167469,1
497,L29,20.498991,65471,2021-06-26 17:47:21,52.261395,1
498,112,20.915112,7200,2021-06-26 17:47:29,52.23148,7
499,124,20.9650044,7201,2021-06-26 17:47:29,52.1517237,1
500,Z10,20.9152904,7202,2021-06-26 17:47:29,52.2298029,5
501,112,21.0405142,7206,2021-06-26 17:47:29,52.2876044,4
502,Z10,20.9250016,7208,2021-06-26 17:47:28,52.2608049,1
503,189,20.898752,7214,2021-06-26 17:47:29,52.238647,7
504,728,20.943066,7217,2021-06-26 17:47:28,52.175613,72
505,728,20.896042,7218,2021-06-26 17:47:29,52.007736,71
506,517,21.002781,7224,2021-06-26 17:47:29,52.234104,4
507,112,21.0912234,7225,2021-06-26 17:47:29,52.3061786,2
508,112,20.9208932,7226,2021-06-26 13:08:33,52.1969334,4
509,184,20.923063,7227,2021-06-26 17:47:29,52.250717,2
510,Z10,20.9306967,7228,2021-06-26 17:47:29,52.2253962,6
511,716,20.929478,7229,2021-06-26 17:47:28,52.224209,2
512,Z10,20.918066,7234,2021-06-26 17:47:29,52.220341,7
513,124,20.921078,7240,2021-06-25 18:26:53,52.196911,03
514,187,21.0458647,7241,2021-06-26 17:47:29,52.2166114,7
515,187,21.048248,7243,2021-06-26 17:47:28,52.178192,6
516,210,20.808384,7244,2021-06-26 17:47:29,52.302898,2
517,167,21.083021,7245,2021-06-26 17:47:28,52.208317,6
518,191,20.8703714,7247,2021-06-26 17:47:29,52.1835914,4
519,172,21.023479,7248,2021-06-26 17:47:29,52.197243,7
520,189,20.8964126,7249,2021-06-26 17:47:29,52.2367042,5
521,188,20.9782132,7250,2021-06-26 17:47:29,52.1706592,1
522,517,20.868511,7251,2021-06-26 17:47:26,52.192619,6
523,182,20.965221,7252,2021-06-26 17:47:28,52.218098,2
524,517,21.010538,7254,2021-06-26 17:47:29,52.231644,3
525,523,20.956793,7255,2021-06-26 17:47:28,52.228401,7
526,191,20.8999441,7256,2021-06-26 17:47:29,52.1948167,5
527,188,21.0885367,7257,2021-06-26 17:47:28,52.2501074,5
528,182,21.1129384,7259,2021-06-26 17:47:28,52.2362741,4
529,138,21.0781529,7301,2021-06-26 17:47:29,52.2605927,6
530,141,21.047284,7303,2021-06-26 17:47:20,52.212331,4
531,148,21.0836399,7304,2021-06-26 17:47:29,52.2451459,9
532,151,21.004974,7305,2021-06-26 17:47:29,52.222797,2
533,182,21.0435964,7306,2021-06-26 17:47:29,52.2243317,3
534,162,21.0836695,7308,2021-06-26 17:47:29,52.1922502,3
535,507,21.055674,7310,2021-06-26 17:47:28,52.238503,2
536,125,21.1717932,7312,2021-06-26 17:47:28,52.2095634,2
537,E-1,21.1167422,7314,2021-06-25 19:42:06,52.2335197,01
538,520,21.1562709,7315,2021-06-26 17:47:29,52.2403954,5
539,143,21.1164757,7317,2021-06-25 19:35:11,52.2334452,3
540,162,21.03599,7322,2021-06-26 17:47:29,52.221256,4
541,523,20.985361,7324,2021-06-26 17:47:29,52.216232,2
542,520,21.016067,7325,2021-06-26 17:47:29,52.2173654,2
543,148,21.046387,7326,2021-06-26 17:47:29,52.150448,5
544,138,21.0474866,7327,2021-06-26 17:47:29,52.2471809,7
545,171,20.9211182,7328,2021-06-26 17:47:28,52.2490991,8
546,520,21.0021409,7331,2021-06-26 17:47:28,52.2430649,1
547,150,20.928112,753,2021-06-26 17:47:26,52.290779,3
548,750,20.817879,755,2021-06-26 17:47:30,52.351643,2
549,250,20.921276,757,2021-06-26 17:47:24,52.28194,1
550,750,20.768974,758,2021-06-26 17:47:28,52.385365,3
551,150,20.879044,761,2021-06-26 17:47:25,52.343525,1
552,250,20.869076,763,2021-06-26 17:47:27,52.333073,3
553,521,21.008474,7701,2021-06-26 17:47:30,52.2292205,3
554,750,20.926382167,773,2021-06-26 17:47:30,52.309791167,4
555,250,20.931055,775,2021-06-26 17:47:30,52.286812,2
556,750,20.9281977,776,2021-06-26 17:47:29,52.3083996,1
557,150,20.862159,777,2021-06-26 17:47:29,52.3489452,2
558,138,20.9953348,8120,2021-06-26 17:47:26,52.1701721,1
559,185,20.9757803,8138,2021-06-26 17:47:27,52.2896678,7
560,172,21.0691316,8139,2021-06-26 17:47:29,52.181392,6
561,727,20.997388,8148,2021-06-25 21:39:43,52.187336,4
562,522,21.0343006,8154,2021-06-26 17:47:25,52.2031675,6
563,167,21.018318,8166,2021-06-26 17:47:22,52.2094076,5
564,143,21.1287861,8167,2021-06-26 17:47:25,52.235739,2
565,522,20.998243,8174,2021-06-25 20:09:50,52.1878,013
566,504,21.0011671,8178,2021-06-26 17:47:25,52.227769,3
567,519,20.996546,8180,2021-06-25 22:35:23,52.187545,5
568,136,21.0023748,8181,2021-06-26 17:47:23,52.1807075,4
569,138,21.002581,8183,2021-06-26 17:47:13,52.175053,2
570,172,20.9836376,8184,2021-06-26 17:47:24,52.2014046,8
571,504,20.9887655,8187,2021-06-26 17:47:27,52.2246233,2
572,519,21.092853,8188,2021-06-26 17:47:11,52.117114,2
573,504,21.0559436,8189,2021-06-26 17:47:27,52.131482,5
574,198,21.1173818,8210,2021-06-25 18:57:27,52.2334423,04
575,151,21.1167196,8218,2021-06-25 19:22:39,52.2335221,04
576,514,21.1975185,8222,2021-06-26 17:47:25,52.2478573,4
577,188,21.1161338,8225,2021-06-25 20:54:43,52.2335866,08
578,143,21.114924,8228,2021-06-25 23:38:50,52.234206,6
579,509,21.116793,8231,2021-06-25 20:04:19,52.233758,021
580,514,21.1475035,8300,2021-06-26 17:47:24,52.2509248,3
581,502,21.243204,8301,2021-06-26 17:47:25,52.220762,4
582,125,21.125238,8303,2021-06-26 17:47:23,52.2351655,5
583,125,21.0793571,8305,2021-06-26 17:47:19,52.2457293,3
584,509,20.941948,8310,2021-06-26 17:47:08,52.334251,3
585,502,21.015128,8313,2021-06-26 17:47:28,52.218886,6
586,182,21.11721,8315,2021-06-25 19:08:30,52.233705,013
587,145,21.116748,8317,2021-06-26 17:47:22,52.23879,1
588,188,21.0138835,8318,2021-06-26 17:47:25,52.2168723,6
589,168,21.11586,8320,2021-06-25 21:27:01,52.23366,07
590,514,21.015604,8323,2021-06-26 17:47:29,52.2192873,2
591,145,21.0882835,8324,2021-06-26 17:47:27,52.2447696,2
592,720,21.4639686,8325,2021-06-26 17:47:30,52.1331211,1
593,125,21.117233,8327,2021-06-25 20:58:39,52.234053,3
594,145,21.000191,8328,2021-06-26 17:47:32,52.291368,5
595,411,21.117353,8330,2021-06-25 20:35:38,52.233359,53
596,148,21.0690373,8331,2021-06-26 17:47:28,52.2027366,1
597,502,21.0153208,8335,2021-06-26 17:44:02,52.2185746,1
598,143,21.052238,8339,2021-06-26 17:47:23,52.2260671,1
599,704,21.3478165,8340,2021-06-26 17:47:31,52.2224148,1
600,171,21.0113,8342,2021-06-26 17:47:28,52.229855,6
601,151,21.0963417,8344,2021-06-26 17:47:21,52.2311533,3
602,185,21.044905,8345,2021-06-26 17:47:17,52.1773967,1
603,145,21.116836,8346,2021-06-25 19:31:54,52.233566,016
604,145,21.116093,8347,2021-06-25 19:40:44,52.233476,012
605,523,20.9059383,8348,2021-06-26 17:47:27,52.2553,9
606,507,21.023143,8349,2021-06-26 17:47:12,52.232348,5
607,411,21.116288,8350,2021-06-25 20:43:54,52.233658,061
608,125,21.0428083,8351,2021-06-26 17:47:13,52.244475,4
609,125,21.1964767,8352,2021-06-26 17:47:21,52.2083967,1
610,151,21.0844233,8353,2021-06-26 17:47:27,52.2305117,1
611,521,20.9896167,8355,2021-06-26 17:47:28,52.2247,2
612,N03,21.117188,8357,2021-06-26 05:01:26,52.233246,254
613,502,21.23084,8358,2021-06-26 17:47:21,52.216578,3
614,507,21.0985117,8360,2021-06-26 17:47:25,52.223625,4
615,704,21.0885917,8362,2021-06-26 17:47:19,52.2449017,2
616,521,21.154916,8363,2021-06-26 17:47:28,52.217798,5
617,507,21.005385,8366,2021-06-26 17:47:17,52.2294917,1
618,143,21.0829217,8367,2021-06-26 17:47:15,52.2409933,6
619,502,21.0834533,8368,2021-06-26 17:47:30,52.2358783,5
620,521,21.1405983,8369,2021-06-26 17:47:19,52.2281883,1
621,141,21.117058,8397,2021-06-25 19:41:02,52.233698,012
622,502,21.1151075,8403,2021-06-25 23:03:57,52.2336293,064
623,411,21.1156411,8440,2021-06-25 20:20:48,52.2335555,062
624,511,20.970528,8443,2021-06-26 17:47:29,52.314449,3
625,112,20.913189,8445,2021-06-26 17:47:29,52.238182,10
626,169,21.0430172,8447,2021-06-26 17:47:28,52.2751294,2
627,509,20.9721757,8448,2021-06-26 17:47:29,52.3205219,1
628,160,21.059711,8450,2021-06-26 17:47:29,52.304371,6
629,409,20.892874,8452,2021-06-26 17:47:29,52.295521,58
630,735,21.03549,8454,2021-06-26 17:47:30,52.421616,61
631,112,20.973587,8455,2021-06-26 17:47:28,52.276943,5
632,731,20.9246122,8457,2021-06-26 17:47:29,52.3917604,4
633,185,21.0485019,8458,2021-06-26 11:00:08,52.2645874,6
634,169,21.0489289,8459,2021-06-26 17:47:28,52.2522121,4
635,409,20.881287,8460,2021-06-26 17:47:28,52.300381,51
636,169,21.0419106,8461,2021-06-26 17:47:28,52.3001402,1
637,141,20.9833633,8500,2021-06-26 17:47:19,52.1979067,8
638,Z26,20.9860867,8501,2021-06-26 17:47:25,52.2393267,3
639,522,21.07938,8502,2021-06-26 17:47:26,52.157651,2
640,189,21.029625,8504,2021-06-26 17:47:17,52.1734467,1
641,N33,20.996476,8505,2021-06-26 05:42:44,52.187546,172
642,185,20.997366,8507,2021-06-25 23:56:14,52.186391,9
643,174,21.011855,8508,2021-06-26 17:47:16,52.1731567,3
644,189,20.996501,8509,2021-06-26 00:35:47,52.18806,12
645,331,20.997095,8511,2021-06-25 18:21:40,52.187653,01
646,148,20.998374,8514,2021-06-26 00:52:13,52.188333,5
647,N37,20.998273,8516,2021-06-26 05:43:10,52.188213,246
648,136,20.9863183,8517,2021-06-26 17:47:20,52.204875,3
649,165,21.001683,8520,2021-06-26 17:47:14,52.178154,3
650,185,21.02489,8521,2021-06-26 17:47:20,52.1426167,2
651,136,21.027041,8522,2021-06-26 17:47:19,52.16279,8
652,733,20.997863,8523,2021-06-25 20:19:16,52.187501,62
653,185,21.060565,8524,2021-06-26 17:47:09,52.189565,4
654,519,21.0847967,8525,2021-06-26 17:47:28,52.16227,4
655,136,21.055589,8528,2021-06-26 17:47:09,52.147356,6
656,143,21.138445,8530,2021-06-26 17:47:25,52.24506,5
657,308,20.997771,8531,2021-06-25 19:03:30,52.187649,02
658,136,20.997748,8533,2021-06-25 23:20:13,52.188256,10
659,N03,20.997894,8534,2021-06-26 05:57:03,52.18594,156
660,131,20.996449,8535,2021-06-25 22:36:53,52.186401,10
661,519,21.0237717,8536,2021-06-26 17:47:15,52.21151,7
662,N33,20.996953,8537,2021-06-26 05:04:45,52.186869,173
663,217,21.074023,8540,2021-06-26 17:47:29,52.158889,2
664,N34,20.996438,8541,2021-06-26 05:33:51,52.187668,149
665,N37,20.99783,8545,2021-06-26 05:44:42,52.187465,132
666,167,20.92584,8547,2021-06-26 17:47:26,52.234003,3
667,733,20.9433467,8548,2021-06-26 17:47:20,52.1754317,1
668,504,21.0686633,8550,2021-06-26 17:47:16,52.129005,6
669,519,21.034803,8551,2021-06-26 17:47:06,52.202503,5
670,522,21.076158,8552,2021-06-26 17:47:28,52.157403,1
671,Z26,21.01448,8553,2021-06-26 17:47:17,52.2467717,2
672,148,21.0971117,8559,2021-06-26 17:47:28,52.23425,7
673,151,21.116914,8561,2021-06-25 23:54:17,52.233616,1
674,171,20.9642117,8562,2021-06-26 17:47:28,52.237195,7
675,521,21.116369,8565,2021-06-25 20:39:03,52.233641,08
676,520,21.0938583,8566,2021-06-26 17:47:28,52.23507,6
677,523,21.0233817,8567,2021-06-26 17:47:26,52.2188517,6
678,509,21.021266,8569,2021-06-26 17:47:24,52.264146,9
679,148,21.04908,8570,2021-06-26 17:47:15,52.194638,6
680,143,21.1771233,8573,2021-06-26 17:47:16,52.2570067,4
681,521,21.1633167,8574,2021-06-26 17:47:17,52.2093883,4
682,523,20.9123967,8576,2021-06-26 17:47:29,52.24152,8
683,141,21.076146,8578,2021-06-26 17:47:25,52.233636,1
684,190,21.046053,8582,2021-06-25 18:46:44,52.264343,021
685,523,21.1067967,8586,2021-06-26 17:47:22,52.248005,4
686,520,21.0145,8589,2021-06-26 17:47:23,52.2250717,7
687,185,21.0195433,8592,2021-06-26 17:47:24,52.24749,5
688,N13,21.114978,8593,2021-06-26 05:47:18,52.233611,247
689,145,21.1212717,8594,2021-06-26 17:47:27,52.2665467,3
690,188,21.096895,8595,2021-06-26 17:47:20,52.248475,4
691,168,21.1128306,8800,2021-06-26 17:47:23,52.2360825,5
692,189,20.8988123,8802,2021-06-26 17:47:23,52.2387318,6
693,148,20.9866123,8804,2021-06-26 17:47:24,52.1576986,3
694,168,21.0502338,8805,2021-06-26 17:47:29,52.2072841,6
695,136,20.9658845,8806,2021-06-26 17:47:25,52.2431661,1
696,189,20.9361638,8807,2021-06-26 17:47:28,52.1943673,3
697,138,21.0377225,8808,2021-06-26 17:47:27,52.2518071,4
698,168,21.0014204,8810,2021-06-26 17:47:28,52.194896,2
699,167,21.0210865,8812,2021-06-26 17:47:24,52.2099333,1
700,136,20.9562383,8813,2021-06-26 17:47:30,52.2375083,2
701,504,20.9997256,8814,2021-06-26 17:47:27,52.1787786,4
702,217,21.054468,8816,2021-06-26 17:47:30,52.1728943,1
703,167,21.083273,8818,2021-06-26 17:47:26,52.208289,7
704,167,20.9541816,8819,2021-06-26 17:47:24,52.2278628,4
705,174,20.9952595,8820,2021-06-26 17:47:22,52.1702521,371
706,N43,20.9959001,8821,2021-06-26 05:29:35,52.1875351,220
707,189,21.062661,8822,2021-06-26 17:47:16,52.186113,12
708,519,21.0562311,8823,2021-06-26 17:47:26,52.1816401,8
709,148,21.053768,8825,2021-06-26 17:47:28,52.1560385,2
710,522,21.0151793,8826,2021-06-26 17:47:24,52.2240903,318
711,514,21.0252268,8828,2021-06-26 17:47:24,52.2193876,1
712,509,21.1023508,8829,2021-06-26 17:47:23,52.2218135,7
713,143,21.006654,8832,2021-06-26 17:47:09,52.217138,7
714,502,21.124421,8833,2021-06-26 17:47:26,52.233266,2
715,182,21.1182383,8834,2021-06-26 17:47:27,52.2345378,M5
716,N83,21.116546,8839,2021-06-26 05:25:32,52.233586,174
717,520,21.1049543,8840,2021-06-26 17:47:27,52.2340758,3
718,138,21.1172336,8841,2021-06-25 22:19:45,52.2337476,1
719,521,21.1161941,8844,2021-06-25 20:59:15,52.2334716,09
720,138,21.01594,8846,2021-06-26 17:47:23,52.204391,8
721,143,21.1783641,8850,2021-06-26 17:47:29,52.261665,3
722,138,21.1005206,8852,2021-06-26 17:47:23,52.2606308,5
723,509,21.056734,8853,2021-06-26 17:47:26,52.2375921,8
724,182,21.0434213,8854,2021-06-26 17:47:25,52.2241123,1
725,518,21.047239,8859,2021-06-25 21:49:41,52.2647968,9
726,412,21.047084,8862,2021-06-25 20:21:52,52.264918,05
727,509,21.043849,8863,2021-06-25 22:53:53,52.266028,14
728,723,21.047273,8864,2021-06-25 19:20:55,52.264625,08
729,269,21.043698,8866,2021-06-25 22:15:02,52.266003,04
730,738,21.046916,8868,2021-06-25 18:47:25,52.264738,05
731,340,21.046388,8870,2021-06-25 19:12:44,52.265081,03
732,511,21.046323,8874,2021-06-25 18:33:00,52.265079,05
733,340,21.048342,8876,2021-06-25 18:55:45,52.264397,06
734,723,20.9998048,8878,2021-06-26 17:47:24,52.29372,1
735,511,21.0472221,8879,2021-06-25 19:11:55,52.2646076,07
736,709,20.996574,8880,2021-06-25 18:58:33,52.18762,016
737,136,20.982388,8881,2021-06-26 17:47:28,52.1947055,9
738,174,21.0078031,8882,2021-06-26 17:47:25,52.2079788,1
739,165,21.024082,8883,2021-06-26 17:47:24,52.1798063,4
740,504,21.0031851,8885,2021-06-26 17:47:29,52.1733026,1
741,504,20.9985235,8886,2021-06-26 11:14:42,52.1878498,6
742,165,21.002445,8888,2021-06-26 17:47:28,52.1581991,2
743,165,20.9972096,8891,2021-06-26 17:47:25,52.1694903,1
744,148,21.086976,8893,2021-06-26 17:47:13,52.245088,8
745,172,21.0490176,8895,2021-06-26 17:47:27,52.1884398,5
746,522,21.005959,8896,2021-06-26 17:47:25,52.2288446,5
747,138,21.0204713,8897,2021-06-26 17:47:27,52.2108721,3
748,519,21.10338,8899,2021-06-26 17:47:16,52.126988,1
749,161,21.185907,9061,2021-06-26 17:47:25,52.184055,1
750,104,21.040382,9063,2021-06-26 17:47:28,52.308216,2
751,161,21.224735,9068,2021-06-26 17:47:26,52.186684,2
752,211,20.941399,9070,2021-06-26 17:47:27,52.355392,3
753,211,20.945654,9074,2021-06-26 17:47:30,52.349815,4
754,211,20.966232,9075,2021-06-26 17:47:26,52.312611,M5
755,234,21.014093,9076,2021-06-26 17:42:18,52.310333,1
756,234,21.066834,9079,2021-06-26 17:47:29,52.33902,2
757,800,20.781796,9082,2021-06-26 17:47:30,52.374706,M1
758,900,20.958071,9084,2021-06-26 17:47:29,52.349125,1
759,161,21.171965,9088,2021-06-26 17:47:30,52.180393,M3
760,104,21.000322,9091,2021-06-26 17:47:27,52.291485,1
761,211,20.95656,9092,2021-06-26 17:47:25,52.328537,2
762,211,21.000963,9093,2021-06-26 17:47:27,52.291164,1
763,219,21.159172,9201,2021-06-26 17:47:29,52.193398,1
764,107,20.986156,9204,2021-06-26 17:47:29,52.244949,1
765,107,20.97938,9205,2021-06-26 17:47:28,52.244465,2
766,121,20.968252,9206,2021-06-26 17:47:25,52.272114,M2
767,209,21.018368,9209,2021-06-26 17:47:29,52.123928,54
768,107,21.013376,9210,2021-06-26 17:47:28,52.235966,3
769,201,20.926514,9212,2021-06-26 17:47:24,52.234005,3
770,121,20.967954,9213,2021-06-26 17:47:26,52.271988,1
771,133,20.973149,9214,2021-06-26 17:47:29,52.34364,1
772,133,20.95303,9215,2021-06-26 17:47:29,52.318127,2
773,164,21.060392,9216,2021-06-26 17:47:29,52.189857,2
774,164,21.138214,9217,2021-06-26 17:47:30,52.14584,1
775,164,21.08795,9219,2021-06-26 17:47:28,52.159779,3
776,177,20.883608,9220,2021-06-26 17:47:24,52.205772,1
777,177,20.885767,9221,2021-06-26 17:47:27,52.182621,2
778,203,20.928314,9222,2021-06-26 17:47:25,52.291119,2
779,107,21.049137,9223,2021-06-26 17:47:24,52.20237,4
780,208,20.969316,9225,2021-06-26 17:47:29,52.203083,2
781,209,20.981079,9227,2021-06-26 17:47:22,52.132839,51
782,228,20.894642,9228,2021-06-26 17:47:23,52.200104,1
783,228,20.914419,9229,2021-06-26 17:47:28,52.208492,3
784,228,20.979258,9231,2021-06-26 17:47:22,52.184132,2
785,209,21.03727,9233,2021-06-26 17:47:27,52.155743,52
786,201,20.932163,9234,2021-06-26 17:47:30,52.26181,2
787,219,21.167246,9235,2021-06-26 17:47:23,52.201698,2
788,208,20.975818,9236,2021-06-26 17:47:28,52.211239,1
789,264,21.093365,9240,2021-06-26 17:47:30,52.147522,1
790,107,21.019823,9241,2021-06-26 17:47:24,52.223919,M5
791,201,20.931166,9243,2021-06-26 17:47:29,52.254711,1
792,219,21.102707,9250,2021-06-26 17:47:22,52.222691,3
793,239,21.015352,9252,2021-06-26 17:47:24,52.149063,53
794,199,21.081575,9311,2021-06-26 17:47:30,52.294178,4
795,135,21.049017,9312,2021-06-26 17:47:24,52.247471,3
796,135,21.026964,9313,2021-06-26 17:47:26,52.259747,4
797,123,21.100475,9316,2021-06-26 17:47:31,52.222073,1
798,123,21.047478,9317,2021-06-26 17:47:29,52.24699,3
799,179,21.053972,9318,2021-06-26 17:47:25,52.138706,7
800,153,21.170361,9319,2021-06-26 17:47:26,52.276878,3
801,179,21.028593,9320,2021-06-26 17:47:23,52.155193,3
802,142,21.132843,9321,2021-06-26 17:47:30,52.213848,4
803,123,21.04649,9322,2021-06-26 17:47:27,52.247894,2
804,123,21.076242,9323,2021-06-26 17:47:26,52.252518,5
805,179,21.036861,9325,2021-06-26 17:47:29,52.162045,4
806,135,21.083044,9326,2021-06-26 17:47:24,52.23996,1
807,179,21.032169,9327,2021-06-26 17:47:27,52.162075,5
808,135,21.107094,9328,2021-06-26 17:47:23,52.248337,2
809,179,21.045574,9329,2021-06-26 17:47:26,52.14996,6
810,179,21.0485,9333,2021-06-26 17:47:29,52.151604,52
811,123,21.101351,9337,2021-06-26 17:47:28,52.223297,4
812,153,21.17708,9338,2021-06-26 17:47:24,52.256866,2
813,123,21.067781,9339,2021-06-26 17:47:22,52.250477,357
814,153,21.174623,9340,2021-06-26 17:47:24,52.256859,1
815,199,21.17979,9342,2021-06-26 17:47:26,52.269096,2
816,123,21.077581,9345,2021-06-25 21:25:22,52.268494,357
817,179,21.057785,9349,2021-06-26 17:47:28,52.131168,1
818,142,21.089088,9351,2021-06-26 17:47:25,52.244598,1
819,142,21.24239,9352,2021-06-26 17:47:28,52.169846,3
820,142,21.191296,9354,2021-06-26 17:46:59,52.171467,M5
821,199,21.150265,9355,2021-06-26 17:47:30,52.270439,1
822,142,21.10516,9357,2021-06-26 17:47:26,52.241798,2
823,103,20.926689,9411,2021-06-26 17:47:27,52.290344,4
824,157,20.963942,9412,2021-06-26 17:47:24,52.207951,3
825,117,21.102436,9413,2021-06-26 17:47:29,52.222157,3
826,516,20.936777,9414,2021-06-26 17:47:30,52.334866,4
827,157,20.97661,9416,2021-06-26 17:47:28,52.289925,6
828,117,21.005188,9417,2021-06-26 17:47:28,52.230125,1
829,103,20.965427,9418,2021-06-26 17:47:26,52.235527,2
830,134,20.968319,9419,2021-06-26 17:47:28,52.271847,1
831,134,21.032715,9420,2021-06-26 17:47:28,52.300003,2
832,134,21.057678,9423,2021-06-26 17:47:28,52.340984,3
833,117,21.083668,9424,2021-06-26 17:47:28,52.225929,4
834,103,20.955664,9427,2021-06-26 17:47:24,52.283871,5
835,157,20.977087,9428,2021-06-26 17:47:26,52.279053,1
836,157,20.989466,9429,2021-06-26 17:47:29,52.23653,2
837,245,21.122484,9431,2021-06-26 17:47:28,52.278908,1
838,516,20.937029,9432,2021-06-26 17:47:30,52.335331,1
839,516,20.9995,9434,2021-06-26 17:47:27,52.293919,2
840,516,20.988138,9436,2021-06-26 17:47:27,52.304146,3
841,176,21.021915,9438,2021-06-26 17:47:28,52.286629,1
842,157,20.990271,9439,2021-06-26 17:47:27,52.264244,5
843,712,20.875645,9441,2021-06-26 17:47:26,52.277977,M2
844,103,20.964579,9442,2021-06-26 17:47:27,52.237328,1
845,103,20.947489,9443,2021-06-26 17:47:28,52.276268,3
846,245,21.052979,9446,2021-06-26 17:47:28,52.276501,2
847,712,20.927868,9450,2021-06-26 17:47:30,52.290947,1
848,176,20.98225,9452,2021-06-26 17:47:27,52.355553,3
849,176,21.017389,9453,2021-06-26 17:47:27,52.292343,2
850,743,20.858555,9459,2021-06-26 17:47:29,52.225159,1
851,194,20.914436167,9501,2021-06-26 17:47:27,52.214041833,4
852,181,20.952909167,9503,2021-06-26 17:47:30,52.286713333,2
853,717,20.851107333,9504,2021-06-26 17:47:30,52.1739255,3
854,139,21.103521667,9507,2021-06-26 17:47:27,52.127263167,2
855,149,20.940563,9509,2021-06-26 17:47:30,52.246709833,2
856,729,20.917989,9511,2021-06-26 17:47:30,52.239544167,1
857,149,20.897899,9514,2021-06-26 17:47:26,52.2474605,4
858,159,20.987445333,9515,2021-06-26 17:47:30,52.223063833,1
859,159,21.085135167,9519,2021-06-26 17:47:29,52.1932395,4
860,159,21.049651833,9520,2021-06-26 17:47:30,52.201761,5
861,181,20.986009,9521,2021-06-26 17:47:28,52.269354333,1
862,737,21.031420833,9522,2021-06-26 17:47:25,52.162137667,55
863,181,20.939716,9524,2021-06-26 17:47:29,52.301406833,4
864,194,20.914307333,9525,2021-06-26 17:47:28,52.208560333,1
865,181,20.899974,9526,2021-06-26 17:47:28,52.297174333,3
866,220,20.925147167,9529,2021-06-26 17:47:27,52.260730333,3
867,717,20.964771833,9530,2021-06-26 17:47:26,52.218250667,2
868,159,20.961366667,9531,2021-06-26 17:47:29,52.216732,2
869,194,20.860150667,9532,2021-06-26 17:47:31,52.193877667,2
870,194,20.868684333,9533,2021-06-26 17:47:30,52.191895667,3
871,194,20.930865333,9534,2021-06-26 17:47:28,52.225050667,5
872,220,20.943860333,9535,2021-06-26 17:47:30,52.175376,1
873,220,20.896884333,9537,2021-06-26 17:47:30,52.232283333,4
874,300,21.014870333,9538,2021-06-26 17:47:29,52.165242,M1
875,149,20.939438,9539,2021-06-26 17:47:30,52.2453025,3
876,707,20.890342167,9540,2021-06-26 17:47:27,52.114179167,1
877,715,20.955939833,9542,2021-06-26 17:47:28,52.145014833,53
878,737,21.017978333,9543,2021-06-26 17:47:29,52.125468833,54
879,717,20.855425,9544,2021-06-26 17:47:30,52.173895667,1
880,724,21.080722,9546,2021-06-26 17:47:29,52.130758333,1
881,139,21.042113167,9548,2021-06-26 17:47:31,52.175765,1
882,715,20.9702055,9554,2021-06-26 17:47:27,52.131802167,51
883,149,20.904360333,9555,2021-06-26 17:47:27,52.239236333,1
884,159,21.030999667,9556,2021-06-26 17:47:29,52.224309333,3
885,220,20.895936,9557,2021-06-26 17:47:27,52.2157515,2
886,152,20.98756,9673,2021-06-26 17:47:24,52.335194,5
887,152,20.959631,9678,2021-06-26 17:47:29,52.316509,1
888,152,21.004305,9680,2021-06-26 17:47:25,52.336288,2
889,118,21.024597,9681,2021-06-26 17:47:24,52.229931,3
890,212,21.033098,9682,2021-06-26 17:47:28,52.264091,2
891,118,20.991711,9683,2021-06-26 17:47:22,52.280769,4
892,118,21.023703,9685,2021-06-26 17:47:25,52.223888,2
893,152,20.952244,9687,2021-06-26 17:47:26,52.316917,4
894,152,21.060377,9688,2021-06-26 17:47:21,52.315094,3
895,118,21.041367,9689,2021-06-26 17:47:23,52.300053,5
896,212,21.051117,9692,2021-06-26 17:47:28,52.269539,3
897,212,21.048487,9696,2021-06-26 17:47:29,52.288742,1
898,118,20.998123,9697,2021-06-26 17:47:25,52.270302,1
899,212,21.057215,9698,2021-06-26 17:47:30,52.301823,4
900,109,21.016614,9801,2021-06-26 17:47:30,52.23096,1
901,525,21.196625,9803,2021-06-26 17:47:29,52.208279,3
902,Z10,20.924784,9804,2021-06-26 17:47:26,52.260815,2
903,109,20.991004,9805,2021-06-26 17:47:24,52.231857,3
904,109,20.898758,9806,2021-06-26 17:47:28,52.238487,5
905,109,20.951792,9807,2021-06-26 17:47:29,52.227756,6
906,127,21.021612,9809,2021-06-26 17:47:19,52.246208,2
907,127,20.987381,9810,2021-06-26 17:47:29,52.224693,1
908,127,21.028738,9811,2021-06-26 17:47:22,52.237953,335
909,131,21.003862,9814,2021-06-26 17:47:24,52.229321,4
910,127,20.895555,9816,2021-06-26 17:47:28,52.208779,56
911,127,20.902716,9817,2021-06-26 17:47:28,52.207935,5
912,131,21.068651,9818,2021-06-26 17:47:29,52.182167,2
913,710,21.135954,9819,2021-06-26 17:47:24,52.096836,3
914,131,21.021757,9821,2021-06-26 17:47:30,52.210938,1
915,525,21.052191,9822,2021-06-26 17:47:30,52.226051,1
916,519,21.002763,9825,2021-06-26 17:47:19,52.229939,6
917,525,21.162361,9826,2021-06-26 17:47:25,52.223114,2
918,710,21.033423,9827,2021-06-26 17:47:23,52.076334,2
919,Z10,20.918781,9828,2021-06-26 17:47:28,52.256485,9
920,525,21.161793,9829,2021-06-26 17:47:27,52.224655,4
921,525,21.015326,9830,2021-06-26 17:47:24,52.216999,5
922,742,21.219578,9833,2021-06-26 17:47:24,51.981655,1
923,710,21.075109,9834,2021-06-26 17:47:27,52.13306,4
924,719,20.85428,9835,2021-06-26 17:47:24,52.245899,1
925,Z10,20.914017,9836,2021-06-26 17:47:26,52.236176,8
926,Z10,20.914562,9837,2021-06-26 17:47:29,52.252785,M4
927,109,20.930576,9838,2021-06-26 17:47:27,52.240337,4
928,127,20.982454,9839,2021-06-26 17:47:31,52.221519,4
929,109,21.04336,9842,2021-06-26 17:47:26,52.222965,2
930,525,21.003691,9846,2021-06-26 17:47:29,52.229481,319
931,719,20.58642,9849,2021-06-26 17:47:24,52.257545,2
932,719,20.945024,9852,2021-06-26 17:47:28,52.238892,3
933,131,21.014292,9854,2021-06-26 17:47:29,52.225845,3
934,114,20.934605,9901,2021-06-26 17:47:27,52.272038,1
935,114,20.923227,9903,2021-06-26 17:47:25,52.274677,5
936,186,20.96377,9905,2021-06-26 17:47:25,52.207806,5
937,193,21.036594,9906,2021-06-26 17:47:30,52.162174,1
938,114,21.0056652,9907,2021-06-26 17:47:31,52.2911255,7
939,186,20.942205,9908,2021-06-26 17:47:27,52.333981,1
940,186,20.963999,9909,2021-06-26 17:47:29,52.271069,3
941,186,20.977589,9912,2021-06-26 17:47:28,52.210606,6
942,186,20.941332,9915,2021-06-26 17:47:29,52.33194,9
943,186,20.977179,9916,2021-06-26 17:47:27,52.314182,2
944,190,20.963499,9919,2021-06-26 17:47:29,52.237301,2
945,190,20.897135,9920,2021-06-26 17:47:29,52.228207,5
946,190,21.085384,9921,2021-06-26 17:47:29,52.305035,9
947,190,21.070908,9922,2021-06-26 17:47:25,52.281326,10
948,193,21.040455,9923,2021-06-26 17:47:28,52.170788,2
949,193,20.995428,9925,2021-06-26 17:47:26,52.170181,3
950,114,21.041769,9928,2021-06-26 17:47:26,52.300247,63
951,114,20.917149,9930,2021-06-26 17:47:27,52.312923,2
952,193,21.020756,9933,2021-06-26 17:47:28,52.173229,4
953,190,20.89876,9935,2021-06-26 17:47:25,52.238911,4
954,186,20.997118,9939,2021-06-26 17:47:27,52.295696,8
955,114,20.987875,9940,2021-06-26 17:47:26,52.269405,4
956,114,21.042126,9941,2021-06-26 17:47:27,52.300247,6
957,186,20.962313,9942,2021-06-26 17:47:27,52.216091,4
958,190,21.063852,9946,2021-06-26 17:47:30,52.27309,8
959,190,20.912256,9947,2021-06-26 17:47:27,52.228767,3
960,190,20.946104,9949,2021-06-26 17:47:30,52.239021,6
961,190,21.029551,9951,2021-06-26 17:47:27,52.252544,7
962,190,20.993074,9953,2021-06-26 17:47:25,52.241512,1
963,186,20.955606,9954,2021-06-26 17:47:26,52.237038,67
964,o43A,21.423235,9999,2021-06-25 14:26:34,50.302956,1
