,Lines,Lon,VehicleNumber,Time,Lat,Brigade
0,213,21.1152613,1000,2021-06-25 23:22:58,52.2346205,3
1,213,21.115043,1001,2021-06-25 23:56:49,52.23463,1
2,213,21.09945,1003,2021-06-26 17:44:11,52.226461,1
3,311,21.115233,1004,2021-06-25 21:52:40,52.23458,2
4,196,21.11514,1005,2021-06-25 23:48:58,52.234611,1
5,130,21.11559,1008,2021-06-25 20:19:05,52.234613,04
6,213,21.119959,1010,2021-06-26 17:44:10,52.2149808,2
7,213,21.2276383,1011,2021-06-26 17:44:05,52.1819603,4
8,311,21.1155166,1012,2021-06-25 21:16:38,52.2346153,1
9,213,21.2133316,1015,2021-06-26 17:44:13,52.1613686,3
10,108,21.023283,1020,2021-06-26 17:44:12,52.228802,3
11,218,21.0243302,1021,2021-06-26 17:44:12,52.1796767,4
12,218,21.020744,1024,2021-06-26 17:44:11,52.192528,2
13,192,21.0685582,1025,2021-06-26 17:44:11,52.1290865,3
14,195,20.9979977,1026,2021-06-25 21:14:18,52.1862374,2
15,163,21.083284,1027,2021-06-26 17:44:11,52.166386,1
16,218,20.988676,1028,2021-06-26 17:44:12,52.184135,3
17,163,21.062172,1030,2021-06-26 17:44:12,52.17564,2
18,163,21.049007,1031,2021-06-26 17:44:12,52.178265,3
19,108,21.071648,1038,2021-06-26 17:43:51,52.179574,4
20,192,21.0588517,1039,2021-06-26 17:44:11,52.1385992,2
21,204,21.030005,1040,2021-06-26 17:44:02,52.31245,1
22,736,21.0265667,1042,2021-06-26 17:44:07,52.3803083,1
23,204,21.043091,1043,2021-06-25 22:53:22,52.26632,05
24,204,21.03294,1044,2021-06-26 17:43:55,52.2983517,3
25,107,21.046234,1045,2021-06-25 22:36:50,52.264653,4
26,204,21.042681,1046,2021-06-25 23:57:31,52.266098,1
27,204,21.023188,1047,2021-06-26 17:44:10,52.277278,2
28,228,20.921443,1050,2021-06-25 23:41:52,52.196853,2
29,328,20.921189,1051,2021-06-25 22:30:10,52.196913,01
30,129,20.91517,1052,2021-06-26 17:44:01,52.2305683,2
31,129,20.88308,1053,2021-06-26 17:43:55,52.1955233,3
32,129,20.9160317,1055,2021-06-26 17:44:12,52.2194583,4
33,129,20.9392717,1057,2021-06-26 17:44:06,52.2458983,1
34,119,21.2056064,1061,2021-06-26 17:44:12,52.2100226,4
35,119,21.1020735,1062,2021-06-26 17:44:11,52.2141031,5
36,192,21.017645,1064,2021-06-26 17:44:11,52.156673,1
37,192,21.0242639,1069,2021-06-26 17:44:12,52.1798157,52
38,108,21.023893,1070,2021-06-26 17:44:12,52.17968,1
39,108,21.077198,1074,2021-06-26 17:44:11,52.20813,2
40,218,20.992119,1076,2021-06-26 17:44:11,52.185474,1
41,192,21.043459,1079,2021-06-26 17:44:11,52.153717,4
42,173,21.0426228,1101,2021-06-26 00:28:34,52.2664063,2
43,240,21.0008515,1109,2021-06-26 17:44:10,52.29133,2
44,173,21.048266,1110,2021-06-25 19:53:25,52.264265,3
45,170,21.0807153,1111,2021-06-26 17:44:07,52.277626,2
46,110,20.9038256,1112,2021-06-26 17:44:11,52.2837426,51
47,126,21.046033,1113,2021-06-25 23:08:32,52.264159,4
48,338,21.046365,1116,2021-06-25 19:40:36,52.2645706,05
49,170,21.0301438,1117,2021-06-26 17:44:13,52.2615228,4
50,739,21.0181412,1200,2021-06-26 17:44:12,52.1691174,65
51,739,21.0486484,1201,2021-06-26 17:44:11,52.0887665,64
52,166,21.045368,1203,2021-06-26 17:44:12,52.191444,1
53,727,21.028084,1205,2021-06-26 17:44:11,52.06786,68
54,727,21.024077,1208,2021-06-26 17:44:11,52.1799541,62
55,141,21.112797,1211,2021-06-26 17:44:12,52.236237,2
56,727,21.0181849,1213,2021-06-26 17:44:12,52.1315102,66
57,166,21.027075,1214,2021-06-26 17:44:08,52.259964,3
58,727,20.988867,1216,2021-06-26 17:44:10,52.048878,67
59,739,21.046585,1218,2021-06-26 17:44:11,52.10038,63
60,166,21.060709,1219,2021-06-26 17:44:11,52.136642,8
61,166,21.068277,1220,2021-06-26 17:44:11,52.129219,7
62,727,21.018574,1223,2021-06-26 17:44:10,52.102505,61
63,240,21.0483353,1400,2021-06-26 00:03:19,52.2641493,1
64,170,21.0372688,1401,2021-06-26 17:44:04,52.2523646,3
65,170,21.0454971,1403,2021-06-25 21:36:41,52.2652081,3
66,240,21.043604,1408,2021-06-25 23:31:26,52.266069,4
67,146,21.204641,1411,2021-06-26 17:44:00,52.159466,58
68,173,21.247248,1412,2021-06-26 17:44:11,52.229172,3
69,730,21.2597711,1413,2021-06-26 17:44:12,52.2123085,61
70,146,21.118021,1417,2021-06-26 17:44:11,52.199791,57
71,199,21.0665862,1418,2021-06-26 17:44:12,52.2760601,3
72,147,21.181786,1419,2021-06-26 17:44:12,52.206974,53
73,183,21.100575,1422,2021-06-26 17:44:11,52.24258,3
74,147,21.188623,1425,2021-06-26 17:44:11,52.207104,54
75,147,21.056561,1426,2021-06-26 17:44:12,52.231689,55
76,146,21.1465394,1427,2021-06-26 17:44:10,52.175636,59
77,119,20.99913,1429,2021-06-26 17:44:10,52.206741,1
78,L11,20.720894,14422,2021-06-26 17:44:08,52.430973,2
79,L10,20.945208,14423,2021-06-26 14:34:04,52.437897,M4
80,L11,20.723183,14424,2021-06-25 20:30:06,52.424343,51
81,L-9,20.943762,14426,2021-06-26 17:44:09,52.399017,3
82,L11,20.927134,14427,2021-06-26 17:44:09,52.452641,1
83,L34,20.863583,14429,2021-06-26 17:44:06,52.441429,1
84,L10,20.945269,14430,2021-06-26 16:19:41,52.437912,M5
85,L34,20.945213,14431,2021-06-25 19:23:11,52.437866,2
86,L41,20.735554,14432,2021-06-26 17:44:09,52.419056,1
87,L33,20.945353,14434,2021-06-25 23:24:58,52.438198,1
88,L49,20.894213,14436,2021-06-26 17:44:12,52.417244,1
89,L-8,21.230734,14438,2021-06-26 17:44:05,52.435421,1
90,L-9,20.949566,14440,2021-06-25 23:13:11,52.471237,055
91,338,21.045604,1500,2021-06-25 19:27:18,52.264496,03
92,106,21.0125163,1508,2021-06-26 17:44:05,52.2391568,5
93,735,21.0119098,1509,2021-06-26 17:44:06,52.4537185,M4
94,240,21.1035618,1510,2021-06-26 17:44:09,52.321099,4
95,110,20.9289066,1513,2021-06-26 17:44:11,52.279888,52
96,147,21.044424,1514,2021-06-25 19:54:57,52.2648745,06
97,115,21.2204633,1521,2021-06-26 17:44:07,52.16608,4
98,115,21.242283,1523,2021-06-26 17:44:11,52.169871,3
99,702,21.1722883,1524,2021-06-26 17:44:11,52.15881,2
100,183,21.115313,1526,2021-06-26 00:16:52,52.233074,4
101,N16,21.116845,1527,2021-06-26 05:37:31,52.233048,2
102,N44,21.117096,1528,2021-06-26 05:37:25,52.233049,207
103,702,21.2432117,1531,2021-06-26 17:43:58,52.1064967,1
104,202,21.1286917,1532,2021-06-26 17:44:02,52.2402483,2
105,141,20.94661,1533,2021-06-26 17:44:04,52.1785117,6
106,119,21.1237917,1535,2021-06-26 17:44:03,52.2005233,3
107,156,20.9281983,1537,2021-06-26 17:44:08,52.29069,2
108,132,21.0135317,1538,2021-06-26 17:43:50,52.2936033,55
109,120,21.046779,1539,2021-06-26 17:43:56,52.259963,1
110,156,21.0521317,1540,2021-06-26 17:44:11,52.25301,5
111,166,21.0385367,1542,2021-06-26 17:44:11,52.2518783,4
112,221,20.971515,1543,2021-06-26 17:44:03,52.2586,2
113,N03,21.044968,1545,2021-06-26 05:08:35,52.264589,2
114,156,21.0723283,1546,2021-06-26 17:43:59,52.2674733,4
115,512,21.065846,1548,2021-06-26 17:44:07,52.288906,1
116,120,21.051145,1549,2021-06-26 17:44:06,52.2526317,2
117,166,21.0592433,1550,2021-06-26 17:44:02,52.1500483,6
118,120,21.0570867,1551,2021-06-26 17:44:07,52.36159,6
119,156,20.9564667,1552,2021-06-26 17:44:10,52.2787383,3
120,L35,21.332951,17455,2021-06-26 17:44:09,52.363632,51
121,L40,21.161842,17458,2021-06-26 17:44:09,52.35947,1
122,L43,21.077759,17461,2021-06-26 08:32:11,52.26762,51
123,L43,21.095646,17462,2021-06-26 17:44:10,52.279793,52
124,L45,21.175282,17464,2021-06-26 17:43:48,52.310822,1
125,L37,21.176323,17466,2021-06-25 22:21:40,52.312318,2
126,L38,21.262486,17467,2021-06-26 17:44:11,52.350811,51
127,240,21.0623971,1802,2021-06-26 17:44:05,52.3104398,3
128,N12,21.045453,1803,2021-06-26 04:33:33,52.264459,128
129,110,20.9685466,1804,2021-06-26 17:44:06,52.2721506,53
130,132,21.0681795,1805,2021-06-26 17:44:07,52.3240065,54
131,122,20.8987433,1807,2021-06-26 17:44:10,52.23868,6
132,106,21.0435196,1808,2021-06-26 06:30:45,52.2662013,4
133,N11,21.0454075,1809,2021-06-26 05:42:59,52.264945,122
134,106,21.0282546,1810,2021-06-26 17:44:09,52.2381028,2
135,106,21.0202546,1811,2021-06-26 17:44:11,52.243026,1
136,106,20.9654783,1812,2021-06-26 17:44:07,52.2382951,3
137,170,21.080483,1814,2021-06-26 17:44:01,52.277298,1
138,122,20.9762743,1815,2021-06-26 17:44:10,52.289844,3
139,N12,21.046083,1816,2021-06-26 05:05:03,52.264528,210
140,173,21.042571,1818,2021-06-25 23:48:59,52.2664061,10
141,173,21.2543303,1821,2021-06-26 17:44:04,52.2351425,2
142,115,21.162998,1826,2021-06-26 17:44:07,52.2213286,2
143,147,21.0841268,1828,2021-06-26 17:44:06,52.2260411,52
144,146,21.052336,1829,2021-06-26 17:44:06,52.2502913,51
145,183,21.0855686,1830,2021-06-26 17:44:04,52.245294,1
146,119,21.1165895,1832,2021-06-25 22:22:16,52.2331471,06
147,183,21.1917083,1833,2021-06-26 17:44:08,52.2387535,2
148,173,21.114979,1835,2021-06-26 17:44:04,52.2394373,4
149,115,21.1703006,1837,2021-06-26 17:44:07,52.2770851,1
150,168,20.9955646,1838,2021-06-26 17:44:07,52.191341,1
151,115,21.1649611,1839,2021-06-26 17:44:06,52.2417118,5
152,147,21.1172291,1840,2021-06-25 21:35:22,52.2330755,09
153,142,21.1168673,1842,2021-06-25 20:08:52,52.2330963,08
154,168,21.083059,1843,2021-06-26 17:43:56,52.206659,3
155,173,21.1167918,1844,2021-06-25 23:53:58,52.233165,8
156,168,21.112676,1846,2021-06-26 17:44:07,52.236288,4
157,722,21.1063318,1847,2021-06-26 17:44:04,52.2414506,62
158,198,21.1158643,1848,2021-06-25 20:42:24,52.2333196,2
159,198,21.222671,1849,2021-06-26 17:44:06,52.2188896,1
160,183,21.115764,1850,2021-06-25 21:22:25,52.233265,3
161,183,21.1154913,1851,2021-06-26 00:18:45,52.2331743,07
162,198,21.221902,1854,2021-06-26 17:44:08,52.2375731,2
163,146,21.115132,1856,2021-06-26 00:38:41,52.233222,4
164,115,21.115681,1857,2021-06-26 00:02:26,52.2331425,5
165,146,21.1166211,1858,2021-06-25 20:46:49,52.2331278,07
166,198,21.1172503,1859,2021-06-25 19:30:46,52.2330405,05
167,115,21.1153055,1860,2021-06-26 00:28:39,52.2332403,6
168,173,21.052771,1866,2021-06-26 17:44:09,52.2503918,5
169,173,21.1104731,1867,2021-06-26 17:44:05,52.2406765,1
170,115,21.1165116,1869,2021-06-25 23:18:40,52.2330776,3
171,222,21.0233251,1901,2021-06-26 17:44:05,52.2016909,3
172,251,21.1136671,1909,2021-06-26 17:44:07,52.1059374,3
173,222,20.9957411,1910,2021-06-26 17:44:05,52.1932883,2
174,222,21.023569,1911,2021-06-26 17:44:11,52.202602,1
175,251,21.023949,1912,2021-06-26 17:44:06,52.179531,2
176,222,21.004732,1916,2021-06-26 17:44:11,52.244682,5
177,251,21.123207,1919,2021-06-26 17:44:11,52.089455,1
178,222,21.0109,1920,2021-06-26 17:44:11,52.2311,4
179,178,20.953533,1995,2021-06-26 17:44:11,52.21262,2
180,178,21.004396,1996,2021-06-26 17:44:11,52.2572682,1
181,178,21.003969,1997,2021-06-26 17:44:12,52.255428,5
182,178,20.883396,1998,2021-06-26 17:44:12,52.195396,3
183,178,20.95808,1999,2021-06-26 17:44:11,52.2228466,4
184,171,20.924986,2009,2021-06-26 17:44:11,52.272598,1
185,189,20.932549,2015,2021-06-26 17:44:11,52.195236,9
186,187,21.0546587,2016,2021-06-26 17:44:11,52.1947771,5
187,709,21.0191016,2021,2021-06-26 17:44:11,52.0930567,5
188,Z26,20.9742576,2022,2021-06-26 17:44:11,52.2354979,4
189,172,20.9555716,2024,2021-06-26 17:44:12,52.2120286,63
190,217,21.0241716,2026,2021-06-26 17:44:11,52.179565,3
191,519,21.102886,2027,2021-06-26 17:44:10,52.12505,3
192,172,20.955181,2028,2021-06-26 17:44:07,52.211807,1
193,189,20.916138,2029,2021-06-26 17:44:07,52.205219,8
194,Z26,21.033426,2030,2021-06-26 17:44:11,52.254505,7
195,522,21.0464662,2032,2021-06-26 17:44:12,52.1904664,3
196,174,21.00729,2035,2021-06-26 17:44:11,52.210602,2
197,709,21.017584,2038,2021-06-26 17:44:12,52.066982,6
198,709,21.0201376,2039,2021-06-26 17:44:12,52.0861559,1
199,709,21.0174861,2040,2021-06-26 17:44:11,52.1400125,2
200,709,21.02438,2041,2021-06-26 17:44:12,52.179924,3
201,709,21.0178264,2042,2021-06-26 17:44:11,52.1480052,4
202,517,20.883747,2200,2021-06-26 17:44:11,52.193798,1
203,N35,20.921913,2206,2021-06-26 06:01:56,52.1961371,237
204,184,20.9275199,2210,2021-06-26 17:44:12,52.2909485,3
205,191,20.9807754,2213,2021-06-26 17:44:11,52.2155862,1
206,189,20.9147665,2227,2021-06-26 17:44:12,52.2289165,4
207,105,20.922151,2236,2021-06-26 00:04:20,52.196038,4
208,189,21.040545,2237,2021-06-26 17:44:11,52.170712,14
209,124,20.943327,2240,2021-06-26 17:44:12,52.175758,2
210,105,20.926987,2247,2021-06-26 17:44:05,52.222698,5
211,141,20.921326,2253,2021-06-25 18:30:50,52.197259,014
212,401,20.920378,2254,2021-06-25 19:44:39,52.196613,012
213,191,20.8703304,2258,2021-06-26 17:44:11,52.1835519,3
214,L20,21.471462,24511,2021-06-25 23:35:10,52.132233,1
215,L20,21.471769,24513,2021-06-26 15:05:20,52.132652,1
216,L20,21.259775,24515,2021-06-26 17:44:11,52.107742,1
217,162,21.0274685,3400,2021-06-26 17:44:07,52.2600665,5
218,185,20.9757163,3401,2021-06-26 17:44:07,52.2896615,6
219,723,20.914806,3403,2021-06-26 17:43:58,52.4028001,3
220,735,20.9682728,3404,2021-06-26 17:44:06,52.2719406,63
221,731,20.989758,3405,2021-06-26 17:43:52,52.302773,3
222,414,21.047923,3406,2021-06-25 20:26:01,52.264541,07
223,731,20.9255268,3407,2021-06-26 17:44:07,52.4216293,1
224,738,21.0485045,3408,2021-06-26 01:02:31,52.264437,1
225,414,21.0468988,3409,2021-06-25 20:46:35,52.2649078,08
226,126,20.941933,3410,2021-06-26 17:44:06,52.3339836,2
227,169,21.04371,3411,2021-06-25 21:40:49,52.265391,1
228,140,21.0904561,3413,2021-06-26 17:44:09,52.3052968,1
229,509,20.9422011,3414,2021-06-26 17:44:10,52.334506,2
230,114,21.0478216,3415,2021-06-25 23:08:38,52.2646596,5
231,723,21.0454035,3417,2021-06-25 21:48:49,52.2654235,1
232,145,21.1171578,3421,2021-06-26 17:44:09,52.2745536,7
233,509,21.1021366,3422,2021-06-26 17:44:09,52.224628,355
234,Z26,21.0362578,3423,2021-06-26 17:44:10,52.2564546,1
235,169,21.0477433,3429,2021-06-25 23:04:14,52.2646666,3
236,126,21.0553588,3430,2021-06-26 17:44:10,52.2966646,4
237,114,21.04857,3434,2021-06-26 00:33:00,52.264513,2
238,518,21.0478431,3437,2021-06-25 23:46:13,52.264609,6
239,705,21.1360688,3438,2021-06-26 17:43:57,52.4821216,66
240,738,21.0526408,3440,2021-06-26 17:44:11,52.2766225,2
241,114,21.0428833,3441,2021-06-25 23:51:31,52.2659116,7
242,140,21.0894573,3444,2021-06-26 17:44:04,52.303937,2
243,509,21.0206121,3446,2021-06-26 17:44:09,52.2667378,4
244,731,20.9415483,3447,2021-06-26 17:44:09,52.355965,2
245,126,20.99802,3448,2021-06-26 17:44:08,52.312179,1
246,518,21.043485,3449,2021-06-25 21:30:55,52.265478,7
247,126,21.0121865,3450,2021-06-26 17:44:03,52.3202061,3
248,126,21.056749,3451,2021-06-26 17:44:10,52.3018455,M5
249,705,20.9774693,3454,2021-06-26 17:44:08,52.2790303,62
250,145,21.0319083,3455,2021-06-26 17:44:06,52.2886075,6
251,Z26,20.974618,3456,2021-06-26 17:44:06,52.2354688,5
252,169,21.043935,3457,2021-06-25 23:56:08,52.265611,5
253,509,21.0516678,3458,2021-06-26 17:44:10,52.238594,5
254,Z26,21.002343,3459,2021-06-26 17:44:01,52.245033,6
255,738,21.1535738,3461,2021-06-26 17:44:10,52.3815386,3
256,731,21.04776,3463,2021-06-26 00:40:56,52.264114,5
257,735,21.0444471,3464,2021-06-25 23:05:19,52.2656713,64
258,723,21.0441993,3466,2021-06-26 00:00:11,52.265954,2
259,738,21.1376558,3469,2021-06-26 17:44:08,52.362942,1
260,L19,21.034472,36443,2021-06-26 17:31:57,52.083504,51
261,L17,20.899836,36444,2021-06-26 13:08:02,51.912342,51
262,L25,21.217554,36448,2021-06-26 17:44:08,51.981598,1
263,L39,21.018814,38541,2021-06-26 17:44:09,52.099014,4
264,L39,21.009382,38545,2021-06-26 17:44:05,52.077709,3
265,L52,21.029501,38546,2021-06-26 17:44:12,52.074783,51
266,L39,21.004982,38547,2021-06-26 17:44:09,52.110256,1
267,L39,21.019226,38548,2021-06-26 17:44:12,52.081203,2
268,L23,21.050951,38549,2021-06-26 17:42:34,52.062454,51
269,L-5,21.02503,39551,2021-06-26 17:44:10,52.078743,62
270,L-2,21.034941,39552,2021-06-25 19:11:52,52.083633,063
271,L25,21.191267,39555,2021-06-25 23:37:02,51.987377,1
272,L13,21.040556,39556,2021-06-26 17:44:08,52.026653,63
273,L-5,20.984411,39558,2021-06-26 17:44:13,52.054943,61
274,L-2,20.960661,39559,2021-06-26 17:44:09,52.030388,1
275,L13,21.217253,39561,2021-06-25 20:05:15,51.98262,03
276,L12,21.029543,39562,2021-06-26 17:44:12,52.074623,1
277,L12,21.034851,39565,2021-06-26 12:57:20,52.083328,1
278,197,20.9758122,4200,2021-06-26 17:44:11,52.2896515,3
279,721,20.882984,4201,2021-06-26 17:44:11,52.093826,75
280,711,20.826603,4205,2021-06-26 17:44:11,52.102119,1
281,122,20.9239401,4206,2021-06-26 17:44:11,52.2531934,1
282,141,21.0486964,4208,2021-06-26 17:44:11,52.2054492,9
283,197,20.936697,4213,2021-06-26 17:44:12,52.259296,4
284,154,20.8984497,4214,2021-06-26 17:44:12,52.2583181,6
285,141,20.9924902,4216,2021-06-26 17:44:12,52.1967292,5
286,154,20.946566,4217,2021-06-26 17:44:12,52.178425,2
287,154,20.9762514,4218,2021-06-26 17:44:11,52.2105454,1
288,255,20.9847522,4219,2021-06-26 17:44:12,52.2304316,1
289,714,20.9500911,4220,2021-06-26 17:44:11,52.2386087,1
290,255,20.931017,4224,2021-06-26 17:44:12,52.225334,2
291,714,20.8065337,4226,2021-06-26 17:44:11,52.2738424,2
292,122,20.9846565,4227,2021-06-26 17:44:12,52.2685435,2
293,154,20.956959,4231,2021-06-26 17:44:12,52.227161,4
294,141,20.9480559,4232,2021-06-26 17:44:11,52.1802136,7
295,197,20.9348006,4233,2021-06-26 17:44:12,52.2246284,5
296,L-1,20.89243,42361,2021-06-26 14:43:02,52.090702,1
297,154,20.896334,4238,2021-06-26 17:44:10,52.239799,5
298,141,21.0946802,4240,2021-06-26 17:44:12,52.2438247,3
299,122,20.962069,4241,2021-06-26 17:44:10,52.259251,4
300,122,20.9231629,4242,2021-06-26 17:44:12,52.2557011,5
301,197,20.947842,4243,2021-06-26 17:44:12,52.268337,2
302,901,21.011301,4244,2021-06-26 17:44:12,52.230366,1
303,901,21.001892,4246,2021-06-26 17:44:11,52.228863,3
304,154,20.9806,4247,2021-06-26 17:44:11,52.189739,3
305,154,20.9326,4248,2021-06-26 17:44:12,52.240276,7
306,L-1,20.93656,42498,2021-06-23 19:45:16,52.08992,2
307,L-3,20.99403,42500,2021-06-26 17:44:07,52.08223,1
308,146,21.0525106,4305,2021-06-26 17:44:11,52.250338,56
309,202,21.04198,4307,2021-06-26 17:44:12,52.242075,1
310,119,21.0213748,4311,2021-06-26 17:44:09,52.2110425,2
311,105,16.9750897,4332,2021-06-26 13:35:37,52.5472771,4
312,512,21.052217,4400,2021-06-26 17:44:12,52.252914,4
313,197,20.8625187,4402,2021-06-26 17:44:12,52.1902534,6
314,221,20.9940189,4404,2021-06-26 17:44:12,52.2594542,1
315,120,21.0558575,4405,2021-06-26 17:44:11,52.2975047,4
316,156,21.0405009,4406,2021-06-26 17:44:11,52.2876996,1
317,N02,21.044418,4407,2021-06-26 06:46:43,52.265051,3
318,240,21.027406,4408,2021-06-26 17:44:11,52.2980159,1
319,197,20.9246312,4409,2021-06-26 17:44:11,52.2221557,1
320,197,20.862478,4410,2021-06-26 17:44:12,52.190231,7
321,120,21.055319,4411,2021-06-26 17:44:10,52.296806,7
322,106,20.9655352,4412,2021-06-26 17:44:12,52.238299,4
323,152,21.04444,4413,2021-06-25 20:19:00,52.265066,06
324,N16,21.045311,4415,2021-06-26 05:39:26,52.264876,1
325,120,21.045601,4417,2021-06-26 13:08:26,52.264446,1
326,199,21.0444199,4418,2021-06-25 20:09:09,52.264953,2
327,901,21.003853,4420,2021-06-26 17:44:11,52.229488,2
328,166,21.0283477,4421,2021-06-26 17:44:11,52.2098634,5
329,N03,21.0459804,4422,2021-06-26 05:41:10,52.2641299,1
330,166,21.030174,4423,2021-06-26 17:44:07,52.230209,2
331,901,21.0433207,4424,2021-06-26 17:44:12,52.2229219,4
332,512,21.052734,4425,2021-06-26 17:44:08,52.28344,2
333,120,21.058477,4428,2021-06-26 17:44:12,52.2666286,3
334,512,21.0582229,4429,2021-06-26 17:44:10,52.2659029,3
335,120,21.036678,4431,2021-06-26 17:44:12,52.356636,5
336,512,21.047518,4434,2021-06-26 17:44:11,52.260311,5
337,100,21.010299,4617,2021-06-26 17:44:04,52.2319258,M1
338,184,20.9638043,5205,2021-06-26 17:44:06,52.2082075,6
339,189,20.9750922,5206,2021-06-26 17:44:09,52.1845101,2
340,105,20.9602955,5208,2021-06-26 17:44:08,52.2280359,1
341,188,21.0104738,5209,2021-06-26 17:44:04,52.2173444,3
342,105,20.8968307,5210,2021-06-26 17:44:09,52.2279714,2
343,172,21.023655,5211,2021-06-26 17:43:51,52.199583,4
344,189,21.0437526,5212,2021-06-26 17:44:07,52.1741465,11
345,105,20.8989255,5214,2021-06-26 17:44:02,52.2388109,3
346,189,21.068858,5215,2021-06-26 17:44:03,52.181278,13
347,716,20.9306903,5216,2021-06-26 17:44:03,52.2250519,1
348,172,20.9803681,5217,2021-06-26 17:44:04,52.2101559,2
349,523,21.0870963,5221,2021-06-26 17:44:07,52.2502248,3
350,517,20.961351,5222,2021-06-26 17:44:04,52.2165016,2
351,523,20.9568127,5223,2021-06-26 17:44:05,52.2308401,1
352,171,20.911858,5224,2021-06-26 17:44:10,52.2465959,3
353,105,20.8967461,5225,2021-06-26 17:44:04,52.2362291,4
354,210,20.9308518,5228,2021-06-26 17:44:03,52.2915511,3
355,187,20.8844227,5229,2021-06-26 17:44:02,52.1949457,1
356,171,20.9945216,5232,2021-06-26 17:44:04,52.2423883,4
357,136,21.030584,5234,2021-06-26 17:44:01,52.150383,5
358,184,20.959654,5235,2021-06-26 17:44:02,52.2196737,1
359,517,20.9181079,5236,2021-06-26 17:44:07,52.1986685,5
360,Z10,20.9230401,5237,2021-06-26 17:44:05,52.259813,3
361,171,20.9270535,5238,2021-06-26 17:44:03,52.2635693,2
362,171,21.0433704,5240,2021-06-26 17:44:03,52.2229183,5
363,191,20.9165637,5241,2021-06-26 17:44:06,52.2054572,2
364,148,20.9736254,5242,2021-06-26 17:44:09,52.1719399,4
365,190,20.920664,5245,2021-06-25 20:12:48,52.196575,016
366,523,21.0852838,5253,2021-06-26 17:44:05,52.2502722,5
367,141,20.9224014,5255,2021-06-26 00:37:46,52.1970728,4
368,182,20.92243,5256,2021-06-25 19:09:29,52.1956758,011
369,188,20.973739,5257,2021-06-26 17:44:03,52.171129,52
370,187,20.8621062,5258,2021-06-26 17:44:02,52.190881,2
371,184,20.9456966,5260,2021-06-26 17:43:58,52.2410991,5
372,N46,21.047172,5403,2021-06-26 06:04:29,52.2647932,150
373,500,21.0441537,5404,2021-06-26 17:44:11,52.2781744,52
374,169,21.0331217,5406,2021-06-26 17:44:12,52.2972521,5
375,705,21.0289359,5407,2021-06-26 17:44:11,52.338623,65
376,160,21.0602397,5410,2021-06-26 17:44:11,52.2691265,M5
377,500,21.038471,5412,2021-06-26 17:44:11,52.269295,54
378,160,20.9963246,5413,2021-06-26 17:44:11,52.2426911,M2
379,500,21.041969,5419,2021-06-26 17:44:10,52.300396,M56
380,527,21.068361,5425,2021-06-26 17:44:10,52.323624,3
381,162,21.028116,5426,2021-06-26 17:44:11,52.238163,1
382,162,21.064245,5428,2021-06-26 17:44:11,52.19231,2
383,185,21.045242,5429,2021-06-26 17:44:11,52.220901,8
384,112,21.082266,5430,2021-06-26 17:44:12,52.304493,3
385,145,21.0404019,5432,2021-06-26 17:44:11,52.2875015,4
386,409,20.962671,5433,2021-06-26 17:44:12,52.258541,57
387,112,20.8827782,5434,2021-06-26 17:44:11,52.2147065,9
388,169,21.051807,5435,2021-06-26 17:44:10,52.252884,3
389,527,21.043606,5436,2021-06-26 17:44:10,52.277588,2
390,409,20.972488,5437,2021-06-26 17:44:11,52.254822,53
391,160,21.0572451,5438,2021-06-26 17:44:12,52.3241021,7
392,112,21.013935,5439,2021-06-26 17:44:11,52.294228,12
393,500,21.0417371,5441,2021-06-26 17:44:11,52.3003277,55
394,160,20.9983879,5443,2021-06-26 17:44:11,52.2326122,4
395,520,21.156063,5445,2021-06-26 17:43:51,52.240406,4
396,511,20.9350961,5448,2021-06-26 17:44:11,52.2984972,1
397,160,21.055458,5449,2021-06-26 17:44:10,52.268944,1
398,527,21.058748,5453,2021-06-26 17:44:11,52.301277,1
399,160,21.0029459,5454,2021-06-26 17:44:11,52.2295699,3
400,723,20.961927,5455,2021-06-26 17:44:10,52.334393,2
401,511,20.9425435,5459,2021-06-26 17:44:09,52.3486929,2
402,185,21.044493,5460,2021-06-26 17:44:11,52.149208,3
403,180,20.989788,5870,2021-06-26 17:44:09,52.247612,7
404,503,21.007296,5871,2021-06-26 17:44:10,52.237022,3
405,503,21.0023,5873,2021-06-26 17:44:07,52.25473,5
406,503,21.022541,5875,2021-06-26 17:44:09,52.229431,7
407,180,21.010954,5876,2021-06-26 17:44:09,52.239502,62
408,175,21.010918,5880,2021-06-26 17:44:10,52.244732,55
409,175,20.978062,5881,2021-06-26 17:44:09,52.169502,52
410,175,20.978184,5882,2021-06-26 17:44:10,52.16946,53
411,175,21.008963,5884,2021-06-26 17:44:09,52.234863,51
412,175,20.978275,5886,2021-06-26 17:44:08,52.170586,52
413,128,20.987976,5887,2021-06-26 17:44:05,52.209812,64
414,128,20.963154,5889,2021-06-26 17:44:08,52.207874,59
415,180,21.083879,5890,2021-06-26 17:44:07,52.167782,3
416,180,20.979502,5891,2021-06-26 17:44:09,52.248611,11
417,180,21.022429,5892,2021-06-26 17:44:09,52.228436,5
418,128,21.009995,5895,2021-06-26 17:44:08,52.229618,60
419,128,20.998121,5897,2021-06-25 23:36:40,52.187019,51
420,503,21.000978,5898,2021-06-26 17:44:09,52.254276,4
421,111,21.064568,5900,2021-06-26 17:44:10,52.226833,4
422,158,21.00382,5902,2021-06-26 17:44:10,52.227898,5
423,128,20.9636834,5904,2021-06-26 17:44:11,52.2077157,58
424,116,20.928556,5905,2021-06-26 17:44:07,52.280014,69
425,158,21.117008,5907,2021-06-25 21:44:36,52.233902,5
426,175,21.116972,5908,2021-06-25 19:38:19,52.233955,068
427,116,21.116823,5910,2021-06-26 00:07:33,52.233971,17
428,158,20.949291,5913,2021-06-26 17:44:12,52.211609,6
429,158,21.099577,5915,2021-06-26 17:44:08,52.238152,3
430,111,21.00988,5920,2021-06-26 17:44:11,52.242886,6
431,116,21.024683,5921,2021-06-26 17:44:11,52.221291,5
432,111,21.107388,5922,2021-06-26 07:42:12,52.233645, 
433,111,21.116245,5926,2021-06-26 00:24:55,52.234005,5
434,111,21.102457,5927,2021-06-26 17:44:10,52.222054,3
435,111,21.006784,5931,2021-06-26 17:44:06,52.243526,8
436,128,21.012924,5932,2021-06-26 17:44:09,52.243221,61
437,158,21.0251637,5933,2021-06-26 17:44:11,52.2327874,1
438,158,21.091366,5934,2021-06-26 17:44:10,52.235519,4
439,503,21.115843,5935,2021-06-26 00:31:56,52.233995,013
440,116,21.026237,5936,2021-06-26 17:44:09,52.215275,4
441,503,21.0457724,5937,2021-06-26 17:44:11,52.1862014,1
442,128,21.010405,5939,2021-06-26 17:44:09,52.2393,56
443,116,21.069448,5940,2021-06-26 17:44:08,52.169346,3
444,175,21.115613,5941,2021-06-25 21:43:06,52.234041,63
445,116,20.962175,5942,2021-06-26 17:44:07,52.275364,7
446,503,21.045389,5943,2021-06-26 17:44:07,52.142498,9
447,158,21.1128234,5946,2021-06-26 17:44:08,52.236318,2
448,175,20.987797,5947,2021-06-26 17:44:07,52.21064,54
449,116,20.980476,5948,2021-06-26 17:44:09,52.253292,56
450,518,21.004194,5950,2021-06-26 17:44:10,52.250023,2
451,503,21.034838,5954,2021-06-26 17:44:10,52.202141,2
452,503,21.045769,5956,2021-06-26 17:44:10,52.183769,8
453,E-9,21.045723,5962,2021-06-25 20:17:53,52.265643,06
454,180,20.926189,5964,2021-06-26 17:44:11,52.272381,10
455,723,21.047304,5966,2021-06-25 18:56:33,52.265156,07
456,180,21.046749,5967,2021-06-26 17:44:08,52.206829,4
457,180,21.025549,5968,2021-06-26 17:44:09,52.218418,1
458,116,20.924927,5969,2021-06-26 17:44:07,52.272297,8
459,518,20.952559,5976,2021-06-26 17:44:12,52.316341,6
460,518,21.02356,5978,2021-06-26 17:44:09,52.228294,3
461,518,20.97394,5979,2021-06-26 17:44:11,52.271347,5
462,518,20.941315,5980,2021-06-26 17:44:10,52.320599,7
463,518,21.007143,5981,2021-06-26 17:44:08,52.238392,4
464,503,21.01111,5983,2021-06-26 17:44:11,52.244701,6
465,111,21.011301,5984,2021-06-26 17:44:08,52.230221,5
466,111,20.979395,5985,2021-06-26 17:44:08,52.244484,7
467,111,21.083656,5986,2021-06-26 17:44:11,52.226273,2
468,180,20.924999,5987,2021-06-26 17:44:12,52.272411,9
469,180,21.011967,5988,2021-06-26 17:44:10,52.23988,6
470,180,21.065222,5990,2021-06-26 17:44:12,52.185734,2
471,180,20.94178,5991,2021-06-26 17:44:07,52.269501,58
472,518,20.964701,5994,2021-06-26 17:44:11,52.318256,1
473,116,21.0669,5995,2021-06-26 17:44:07,52.171448,2
474,116,21.034222,5996,2021-06-26 17:44:11,52.203087,1
475,116,21.008734,5997,2021-06-26 17:44:07,52.235077,11
476,116,20.992233,5998,2021-06-26 17:44:08,52.262543,10
477,111,21.040785,5999,2021-06-26 17:44:09,52.235962,1
478,167,20.9423547,6201,2021-06-26 17:44:11,52.2288874,2
479,713,20.840086,6203,2021-06-26 17:44:11,52.214634,1
480,713,20.8809439,6204,2021-06-26 17:44:11,52.216317,2
481,112,20.927255,6207,2021-06-26 17:44:11,52.263076,6
482,112,21.040719,6208,2021-06-26 17:44:12,52.2855469,1
483,112,20.9215309,6210,2021-06-26 17:44:12,52.2587004,M11
484,112,20.883097,6212,2021-06-26 17:44:12,52.214706,8
485,136,20.9568122,6213,2021-06-26 17:44:11,52.2283162,10
486,187,20.8960864,6214,2021-06-26 17:44:10,52.1942842,3
487,210,20.78055,6220,2021-06-26 17:44:12,52.301823,1
488,187,20.977177,6222,2021-06-26 17:44:11,52.217758,4
489,189,21.006613,6223,2021-06-26 17:44:12,52.178062,10
490,187,20.9407166,6226,2021-06-26 17:44:12,52.2041047,8
491,191,20.976496,6227,2021-06-26 17:44:11,52.211277,6
492,136,21.0287564,6236,2021-06-26 17:44:10,52.1524447,7
493,716,20.828749,6239,2021-06-26 17:44:12,52.192905,3
494,184,20.932486,6241,2021-06-26 17:44:12,52.268131,4
495,703,20.919256,6242,2021-06-26 17:44:12,52.15313,74
496,706,20.9208247,6243,2021-06-26 17:44:12,52.1543089,1
497,L29,20.535822,65471,2021-06-26 17:43:59,52.258442,1
498,112,20.90468,7200,2021-06-26 17:44:12,52.228127,7
499,124,20.9650214,7201,2021-06-26 17:44:10,52.1517489,1
500,Z10,20.9175512,7202,2021-06-26 17:44:11,52.2205221,5
501,112,21.0422249,7206,2021-06-26 17:44:10,52.2959249,4
502,Z10,20.92498,7208,2021-06-26 17:44:12,52.260811,1
503,189,20.896679,7214,2021-06-26 17:44:11,52.236931,7
504,728,20.9432574,7217,2021-06-26 17:44:11,52.1754815,72
505,728,20.896042,7218,2021-06-26 17:44:12,52.007736,71
506,517,21.004723,7224,2021-06-26 17:44:07,52.228405,4
507,112,21.0908977,7225,2021-06-26 17:44:12,52.3057539,2
508,112,20.9208932,7226,2021-06-26 13:08:33,52.1969334,4
509,184,20.921555,7227,2021-06-26 17:44:12,52.25869,2
510,Z10,20.93079,7228,2021-06-26 17:44:08,52.224968,6
511,716,20.915379,7229,2021-06-26 17:44:12,52.216492,2
512,Z10,20.915377,7234,2021-06-26 17:44:11,52.228313,7
513,124,20.921078,7240,2021-06-25 18:26:53,52.196911,03
514,187,21.0443692,7241,2021-06-26 17:44:10,52.2221424,7
515,187,21.048248,7243,2021-06-26 17:44:10,52.178192,6
516,210,20.8114177,7244,2021-06-26 17:44:11,52.2934444,2
517,167,21.083031,7245,2021-06-26 17:44:12,52.2082669,6
518,191,20.8705282,7247,2021-06-26 17:44:12,52.1834096,4
519,172,21.0114934,7248,2021-06-26 17:44:11,52.1957459,7
520,189,20.898764,7249,2021-06-26 17:44:12,52.238644,5
521,188,20.978289,7250,2021-06-26 17:44:11,52.169479,1
522,517,20.861746,7251,2021-06-26 17:44:07,52.190861,6
523,182,20.9652516,7252,2021-06-26 17:44:11,52.2180992,2
524,517,21.0105485,7254,2021-06-26 17:44:12,52.2316026,3
525,523,20.9556184,7255,2021-06-26 17:44:12,52.2372292,7
526,191,20.9100854,7256,2021-06-26 17:44:11,52.1950221,5
527,188,21.0858342,7257,2021-06-26 17:44:11,52.2451164,5
528,182,21.112928,7259,2021-06-26 17:44:12,52.236248,4
529,138,21.061335,7301,2021-06-26 17:44:11,52.26218,6
530,141,21.049794,7303,2021-06-26 17:43:58,52.203206,4
531,148,21.1005579,7304,2021-06-26 17:44:12,52.2427724,9
532,151,21.0114627,7305,2021-06-26 17:44:12,52.2173504,2
533,182,21.0671662,7306,2021-06-26 17:44:12,52.2298607,3
534,162,21.0639035,7308,2021-06-26 17:44:12,52.1922862,3
535,507,21.0631042,7310,2021-06-26 17:44:11,52.2287054,2
536,125,21.1618257,7312,2021-06-26 17:44:11,52.2244692,2
537,E-1,21.1167422,7314,2021-06-25 19:42:06,52.2335197,01
538,520,21.1475392,7315,2021-06-26 17:44:12,52.2382274,5
539,143,21.1164757,7317,2021-06-25 19:35:11,52.2334452,3
540,162,21.03031,7322,2021-06-26 17:44:12,52.230816,4
541,523,21.010683,7324,2021-06-26 17:44:11,52.217281,2
542,520,21.0400709,7325,2021-06-26 17:44:10,52.2233932,2
543,148,21.0502782,7326,2021-06-26 17:44:12,52.1552629,5
544,138,21.0527662,7327,2021-06-26 17:44:11,52.2365607,7
545,171,20.9193462,7328,2021-06-26 17:44:12,52.2573684,8
546,520,21.001083,7331,2021-06-26 17:44:10,52.244156,1
547,150,20.928162,753,2021-06-26 17:44:11,52.290752,3
548,750,20.817667,755,2021-06-26 17:44:10,52.351788,2
549,250,20.932837,757,2021-06-26 17:44:12,52.288364,1
550,750,20.793377,758,2021-06-26 17:44:10,52.378101,3
551,150,20.862614,761,2021-06-26 17:43:56,52.348751,1
552,250,20.868587,763,2021-06-26 17:44:12,52.33284,3
553,521,21.021785,7701,2021-06-26 17:44:12,52.2321551,3
554,750,20.939029667,773,2021-06-26 17:44:10,52.301909667,4
555,250,20.922487,775,2021-06-26 17:44:10,52.281551,2
556,750,20.9145719,776,2021-06-26 17:44:11,52.3199997,1
557,150,20.8768877,777,2021-06-26 17:44:12,52.3442052,2
558,138,20.9953333,8120,2021-06-26 17:44:06,52.170221,1
559,185,20.971989,8138,2021-06-26 17:44:02,52.2829395,7
560,172,21.0584461,8139,2021-06-26 17:44:09,52.1833418,6
561,727,20.997388,8148,2021-06-25 21:39:43,52.187336,4
562,522,21.0475973,8154,2021-06-26 17:44:02,52.1897813,6
563,167,21.0301106,8166,2021-06-26 17:44:03,52.2069115,5
564,143,21.137886,8167,2021-06-26 17:44:05,52.2449623,2
565,522,20.998243,8174,2021-06-25 20:09:50,52.1878,013
566,504,20.989718,8178,2021-06-26 17:44:04,52.224208,3
567,519,20.996546,8180,2021-06-25 22:35:23,52.187545,5
568,136,21.0060498,8181,2021-06-26 17:44:08,52.1714021,4
569,138,21.001943,8183,2021-06-26 17:43:53,52.184186,2
570,172,20.9734658,8184,2021-06-26 17:44:08,52.2016003,8
571,504,21.0033396,8187,2021-06-26 17:44:10,52.2282723,2
572,519,21.092841,8188,2021-06-26 17:43:51,52.117134,2
573,504,21.0687471,8189,2021-06-26 17:44:08,52.128939,5
574,198,21.1173818,8210,2021-06-25 18:57:27,52.2334423,04
575,151,21.1167196,8218,2021-06-25 19:22:39,52.2335221,04
576,514,21.1768316,8222,2021-06-26 17:44:09,52.2495553,4
577,188,21.1161338,8225,2021-06-25 20:54:43,52.2335866,08
578,143,21.114924,8228,2021-06-25 23:38:50,52.234206,6
579,509,21.116793,8231,2021-06-25 20:04:19,52.233758,021
580,514,21.163085,8300,2021-06-26 17:44:09,52.254446,3
581,502,21.2295543,8301,2021-06-26 17:44:05,52.2234506,4
582,125,21.139571,8303,2021-06-26 17:44:11,52.228877,5
583,125,21.0637105,8305,2021-06-26 17:44:04,52.2466741,3
584,509,20.943451,8310,2021-06-26 17:44:08,52.32294,3
585,502,21.015194,8313,2021-06-26 17:44:07,52.218829,6
586,182,21.11721,8315,2021-06-25 19:08:30,52.233705,013
587,145,21.09608,8317,2021-06-26 17:44:00,52.243616,1
588,188,20.99018,8318,2021-06-26 17:44:02,52.2160356,6
589,168,21.11586,8320,2021-06-25 21:27:01,52.23366,07
590,514,21.0156316,8323,2021-06-26 17:44:14,52.219294,2
591,145,21.092811,8324,2021-06-26 17:44:12,52.2443546,2
592,720,21.463816,8325,2021-06-26 17:44:02,52.133106,1
593,125,21.117233,8327,2021-06-25 20:58:39,52.234053,3
594,145,21.000271,8328,2021-06-26 17:44:02,52.291448,5
595,411,21.117353,8330,2021-06-25 20:35:38,52.233359,53
596,148,21.052291,8331,2021-06-26 17:44:08,52.1974836,1
597,502,21.0153208,8335,2021-06-26 17:44:02,52.2185746,1
598,143,21.073153,8339,2021-06-26 17:44:08,52.2319181,1
599,704,21.347864,8340,2021-06-26 17:44:11,52.2224786,1
600,171,21.010825,8342,2021-06-26 17:44:00,52.231285,6
601,151,21.105,8344,2021-06-26 17:44:10,52.230235,3
602,185,21.038139,8345,2021-06-26 17:44:07,52.168586,1
603,145,21.116836,8346,2021-06-25 19:31:54,52.233566,016
604,145,21.116093,8347,2021-06-25 19:40:44,52.233476,012
605,523,20.9121883,8348,2021-06-26 17:44:00,52.2448817,9
606,507,21.005569,8349,2021-06-26 17:43:52,52.22849,5
607,411,21.116288,8350,2021-06-25 20:43:54,52.233658,061
608,125,21.0461983,8351,2021-06-26 17:44:05,52.2484367,4
609,125,21.1964767,8352,2021-06-26 17:43:56,52.2083967,1
610,151,21.0847467,8353,2021-06-26 17:44:01,52.2360533,1
611,521,20.9842117,8355,2021-06-26 17:44:02,52.21827,2
612,N03,21.117188,8357,2021-06-26 05:01:26,52.233246,254
613,502,21.2173633,8358,2021-06-26 17:43:55,52.21439,3
614,507,21.0834033,8360,2021-06-26 17:44:01,52.2259317,4
615,704,21.0885917,8362,2021-06-26 17:44:09,52.2449017,2
616,521,21.140706,8363,2021-06-26 17:44:08,52.22813,5
617,507,21.005385,8366,2021-06-26 17:44:07,52.2294917,1
618,143,21.070068,8367,2021-06-26 17:44:01,52.230389,6
619,502,21.0638683,8368,2021-06-26 17:44:03,52.2287083,5
620,521,21.1257333,8369,2021-06-26 17:44:07,52.2346717,1
621,141,21.117058,8397,2021-06-25 19:41:02,52.233698,012
622,502,21.1151075,8403,2021-06-25 23:03:57,52.2336293,064
623,411,21.1156411,8440,2021-06-25 20:20:48,52.2335555,062
624,511,20.93395,8443,2021-06-26 17:44:10,52.296963,3
625,112,20.9122261,8445,2021-06-26 17:44:11,52.242791,10
626,169,21.038054,8447,2021-06-26 17:44:11,52.267288,2
627,509,20.953642,8448,2021-06-26 17:44:11,52.3178425,1
628,160,21.060003,8450,2021-06-26 17:44:12,52.315681,6
629,409,20.882961,8452,2021-06-26 17:44:12,52.302841,58
630,735,21.036924,8454,2021-06-26 17:44:10,52.401321,61
631,112,20.959204,8455,2021-06-26 17:44:11,52.27573,5
632,731,20.934969,8457,2021-06-26 17:44:11,52.392811,4
633,185,21.0485019,8458,2021-06-26 11:00:08,52.2645874,6
634,169,21.0383781,8459,2021-06-26 17:44:12,52.2513132,4
635,409,20.897239,8460,2021-06-26 17:44:10,52.295035,51
636,169,21.0419046,8461,2021-06-26 17:44:12,52.3001421,1
637,141,20.9933233,8500,2021-06-26 17:44:10,52.1967983,8
638,Z26,20.9794717,8501,2021-06-26 17:43:59,52.2375083,3
639,522,21.0703533,8502,2021-06-26 17:44:07,52.16295,2
640,189,21.0208,8504,2021-06-26 17:44:07,52.173105,1
641,N33,20.996476,8505,2021-06-26 05:42:44,52.187546,172
642,185,20.997366,8507,2021-06-25 23:56:14,52.186391,9
643,174,21.001915,8508,2021-06-26 17:44:05,52.1700483,3
644,189,20.996501,8509,2021-06-26 00:35:47,52.18806,12
645,331,20.997095,8511,2021-06-25 18:21:40,52.187653,01
646,148,20.998374,8514,2021-06-26 00:52:13,52.188333,5
647,N37,20.998273,8516,2021-06-26 05:43:10,52.188213,246
648,136,20.9832867,8517,2021-06-26 17:43:58,52.1961267,3
649,165,21.020146,8520,2021-06-26 17:43:54,52.179986,3
650,185,21.022025,8521,2021-06-26 17:44:11,52.1427017,2
651,136,21.0118583,8522,2021-06-26 17:44:10,52.1685017,8
652,733,20.997863,8523,2021-06-25 20:19:16,52.187501,62
653,185,21.05093,8524,2021-06-26 17:44:08,52.198124,4
654,519,21.0695067,8525,2021-06-26 17:44:02,52.1693283,4
655,136,21.055518,8528,2021-06-26 17:44:09,52.14735,6
656,143,21.1310567,8530,2021-06-26 17:44:02,52.2375533,5
657,308,20.997771,8531,2021-06-25 19:03:30,52.187649,02
658,136,20.997748,8533,2021-06-25 23:20:13,52.188256,10
659,N03,20.997894,8534,2021-06-26 05:57:03,52.18594,156
660,131,20.996449,8535,2021-06-25 22:36:53,52.186401,10
661,519,21.0313917,8536,2021-06-26 17:44:06,52.2063817,7
662,N33,20.996953,8537,2021-06-26 05:04:45,52.186869,173
663,217,21.0673233,8540,2021-06-26 17:43:59,52.16983,2
664,N34,20.996438,8541,2021-06-26 05:33:51,52.187668,149
665,N37,20.99783,8545,2021-06-26 05:44:42,52.187465,132
666,167,20.93328,8547,2021-06-26 17:44:12,52.2341583,3
667,733,20.9433467,8548,2021-06-26 17:43:59,52.1754317,1
668,504,21.05915,8550,2021-06-26 17:44:06,52.13122,6
669,519,21.020595,8551,2021-06-26 17:42:45,52.211073,5
670,522,21.080026,8552,2021-06-26 17:44:07,52.157828,1
671,Z26,21.00048,8553,2021-06-26 17:44:06,52.24416,2
672,148,21.1008167,8559,2021-06-26 17:43:59,52.2425333,7
673,151,21.116914,8561,2021-06-25 23:54:17,52.233616,1
674,171,20.9450867,8562,2021-06-26 17:44:01,52.2389667,7
675,521,21.116369,8565,2021-06-25 20:39:03,52.233641,08
676,520,21.0745683,8566,2021-06-26 17:44:02,52.2324717,6
677,523,21.006465,8567,2021-06-26 17:44:01,52.217305,6
678,509,21.0132633,8569,2021-06-26 17:43:58,52.27612,9
679,148,21.058178,8570,2021-06-26 17:43:55,52.201386,6
680,143,21.172063,8573,2021-06-26 17:43:59,52.261838,4
681,521,21.1781733,8574,2021-06-26 17:44:06,52.19423,4
682,523,20.9087517,8576,2021-06-26 17:44:04,52.254375,8
683,141,21.08423,8578,2021-06-26 17:43:55,52.24382,1
684,190,21.046053,8582,2021-06-25 18:46:44,52.264343,021
685,523,21.1067967,8586,2021-06-26 17:43:58,52.248005,4
686,520,21.0080567,8589,2021-06-26 17:43:57,52.2356917,7
687,185,21.008311,8592,2021-06-26 17:43:58,52.258658,5
688,N13,21.114978,8593,2021-06-26 05:47:18,52.233611,247
689,145,21.1141467,8594,2021-06-26 17:43:56,52.27904,3
690,188,21.1135117,8595,2021-06-26 17:44:06,52.2445433,4
691,168,21.1077505,8800,2021-06-26 17:44:05,52.2335701,5
692,189,20.8987798,8802,2021-06-26 17:44:08,52.2387235,6
693,148,20.978044,8804,2021-06-26 17:44:09,52.1687756,3
694,168,21.0370091,8805,2021-06-26 17:44:07,52.2068561,6
695,136,20.9657146,8806,2021-06-26 17:44:10,52.2429826,1
696,189,20.9202873,8807,2021-06-26 17:44:08,52.1981991,3
697,138,21.0486526,8808,2021-06-26 17:44:08,52.2551738,4
698,168,21.0040145,8810,2021-06-26 17:44:07,52.2022315,2
699,167,21.0076001,8812,2021-06-26 17:44:04,52.2084988,1
700,136,20.9575616,8813,2021-06-26 17:44:10,52.2275716,2
701,504,21.0055991,8814,2021-06-26 17:44:07,52.1716808,4
702,217,21.0683845,8816,2021-06-26 17:44:07,52.1690315,1
703,167,21.083968,8818,2021-06-26 17:44:06,52.207259,7
704,167,20.9592361,8819,2021-06-26 17:44:09,52.2216206,4
705,174,21.0043771,8820,2021-06-26 17:44:10,52.1711375,371
706,N43,20.9959001,8821,2021-06-26 05:29:35,52.1875351,220
707,189,21.069064,8822,2021-06-26 17:43:56,52.182133,12
708,519,21.0638325,8823,2021-06-26 17:44:06,52.1744333,8
709,148,21.0465101,8825,2021-06-26 17:44:10,52.1503755,2
710,522,21.0053718,8826,2021-06-26 17:44:04,52.229062,318
711,514,21.0155763,8828,2021-06-26 17:44:07,52.2205726,1
712,509,21.1022451,8829,2021-06-26 17:44:07,52.221936,7
713,143,21.0059813,8832,2021-06-26 17:44:11,52.2147718,7
714,502,21.1337713,8833,2021-06-26 17:44:11,52.2313845,2
715,182,21.1174863,8834,2021-06-26 17:44:11,52.2331186,M5
716,N83,21.116546,8839,2021-06-26 05:25:32,52.233586,174
717,520,21.1221661,8840,2021-06-26 17:44:07,52.2328555,3
718,138,21.1172336,8841,2021-06-25 22:19:45,52.2337476,1
719,521,21.1161941,8844,2021-06-25 20:59:15,52.2334716,09
720,138,21.0057898,8846,2021-06-26 17:44:08,52.2027015,8
721,143,21.1768545,8850,2021-06-26 17:44:09,52.257095,3
722,138,21.1005371,8852,2021-06-26 17:44:08,52.2606326,5
723,509,21.0501976,8853,2021-06-26 17:44:10,52.2411755,8
724,182,21.0201688,8854,2021-06-26 17:44:05,52.2183415,1
725,518,21.047239,8859,2021-06-25 21:49:41,52.2647968,9
726,412,21.047084,8862,2021-06-25 20:21:52,52.264918,05
727,509,21.043849,8863,2021-06-25 22:53:53,52.266028,14
728,723,21.047273,8864,2021-06-25 19:20:55,52.264625,08
729,269,21.043698,8866,2021-06-25 22:15:02,52.266003,04
730,738,21.046916,8868,2021-06-25 18:47:25,52.264738,05
731,340,21.046388,8870,2021-06-25 19:12:44,52.265081,03
732,511,21.046323,8874,2021-06-25 18:33:00,52.265079,05
733,340,21.048342,8876,2021-06-25 18:55:45,52.264397,06
734,723,21.0009183,8878,2021-06-26 17:44:09,52.2913298,1
735,511,21.0472221,8879,2021-06-25 19:11:55,52.2646076,07
736,709,20.996574,8880,2021-06-25 18:58:33,52.18762,016
737,136,20.9843301,8881,2021-06-26 17:44:03,52.200719,9
738,174,21.005206,8882,2021-06-26 17:44:05,52.2158565,1
739,165,21.024006,8883,2021-06-26 17:44:04,52.179855,4
740,504,20.9897218,8885,2021-06-26 17:44:06,52.1807586,1
741,504,20.9985235,8886,2021-06-26 11:14:42,52.1878498,6
742,165,21.0010061,8888,2021-06-26 17:44:08,52.1560423,2
743,165,20.9923935,8891,2021-06-26 17:44:10,52.1595688,1
744,148,21.086786,8893,2021-06-26 17:43:53,52.245053,8
745,172,21.0605851,8895,2021-06-26 17:44:09,52.1847276,5
746,522,21.0146485,8896,2021-06-26 17:44:05,52.2251258,5
747,138,21.0200465,8897,2021-06-26 17:44:07,52.2181598,3
748,519,21.096164,8899,2021-06-26 17:43:56,52.122203,1
749,161,21.199215,9061,2021-06-26 17:44:08,52.183189,1
750,104,21.032492,9063,2021-06-26 17:44:07,52.318996,2
751,161,21.224731,9068,2021-06-26 17:44:11,52.186703,2
752,211,20.941429,9070,2021-06-26 17:44:12,52.355392,3
753,211,20.943653,9074,2021-06-26 17:44:08,52.346653,4
754,211,20.971239,9075,2021-06-26 17:44:11,52.310066,M5
755,234,21.014093,9076,2021-06-26 17:42:18,52.310333,1
756,234,21.05126,9079,2021-06-26 17:44:10,52.340027,2
757,800,20.814024,9082,2021-06-26 17:44:09,52.364471,M1
758,900,20.948036,9084,2021-06-26 17:44:08,52.347656,1
759,161,21.182289,9088,2021-06-26 17:44:09,52.172325,M3
760,104,21.000332,9091,2021-06-26 17:44:08,52.291473,1
761,211,20.948246,9092,2021-06-26 17:44:09,52.331951,2
762,211,20.995583,9093,2021-06-26 17:44:08,52.297192,1
763,219,21.141014,9201,2021-06-26 17:44:09,52.189472,1
764,107,20.979368,9204,2021-06-26 17:44:05,52.244503,1
765,107,20.979239,9205,2021-06-26 17:44:01,52.244408,2
766,121,20.96804,9206,2021-06-26 17:44:10,52.272026,M2
767,209,21.005554,9209,2021-06-26 17:44:05,52.123516,54
768,107,21.013563,9210,2021-06-26 17:44:05,52.232861,3
769,201,20.926516,9212,2021-06-26 17:44:04,52.234009,3
770,121,20.967936,9213,2021-06-26 17:44:06,52.272009,1
771,133,20.960522,9214,2021-06-26 17:44:11,52.334114,1
772,133,20.946278,9215,2021-06-26 17:44:11,52.324123,2
773,164,21.065289,9216,2021-06-26 17:44:08,52.192272,2
774,164,21.138218,9217,2021-06-26 17:44:04,52.145836,1
775,164,21.109011,9219,2021-06-26 17:44:10,52.164646,3
776,177,20.883602,9220,2021-06-26 17:44:11,52.205738,1
777,177,20.895597,9221,2021-06-26 17:44:04,52.185898,2
778,203,20.928381,9222,2021-06-26 17:44:11,52.291092,2
779,107,21.046181,9223,2021-06-26 17:44:09,52.199444,4
780,203,20.916769,9224,2021-06-26 17:44:04,52.274136,1
781,208,20.97559,9225,2021-06-26 17:44:11,52.210243,2
782,209,20.98105,9227,2021-06-26 17:44:07,52.132824,51
783,228,20.914104,9228,2021-06-26 17:44:08,52.20623,1
784,228,20.896654,9229,2021-06-26 17:44:07,52.202774,3
785,177,20.873648,9230,2021-06-26 17:44:11,52.202187,3
786,228,20.979101,9231,2021-06-26 17:44:07,52.18475,2
787,209,21.038385,9233,2021-06-26 17:44:09,52.154877,52
788,201,20.93165,9234,2021-06-26 17:44:12,52.254265,2
789,219,21.157398,9235,2021-06-26 17:44:06,52.213875,2
790,264,21.098602,9240,2021-06-26 17:44:11,52.130943,1
791,107,21.016087,9241,2021-06-26 17:44:06,52.231335,M5
792,219,21.102715,9250,2021-06-26 17:44:09,52.222698,3
793,239,21.029543,9252,2021-06-26 17:44:07,52.153027,53
794,199,21.097776,9311,2021-06-26 17:44:08,52.29464,4
795,135,21.040146,9312,2021-06-26 17:44:11,52.248196,3
796,135,21.03458,9313,2021-06-26 17:44:05,52.262844,4
797,123,21.085732,9316,2021-06-26 17:44:12,52.222961,1
798,123,21.052879,9317,2021-06-26 17:44:10,52.23851,3
799,179,21.055931,9318,2021-06-26 17:44:05,52.131771,7
800,153,21.167122,9319,2021-06-26 17:44:05,52.276241,3
801,179,21.021002,9320,2021-06-26 17:44:06,52.16082,3
802,142,21.140261,9321,2021-06-26 17:44:11,52.224609,4
803,123,21.050854,9322,2021-06-26 17:44:11,52.253254,2
804,123,21.060732,9323,2021-06-26 17:44:11,52.250866,5
805,179,21.036804,9325,2021-06-26 17:44:07,52.162018,4
806,135,21.086609,9326,2021-06-26 17:44:09,52.235775,1
807,179,21.021347,9327,2021-06-26 17:44:09,52.157921,5
808,135,21.107124,9328,2021-06-26 17:44:11,52.248291,2
809,179,21.050621,9329,2021-06-26 17:44:05,52.154926,6
810,179,21.043104,9333,2021-06-26 17:44:07,52.148178,52
811,123,21.093872,9337,2021-06-26 17:44:05,52.227776,4
812,153,21.177103,9338,2021-06-26 17:44:08,52.256859,2
813,123,21.082502,9339,2021-06-26 17:44:11,52.252682,357
814,153,21.161001,9340,2021-06-26 17:44:08,52.258865,1
815,199,21.166014,9342,2021-06-26 17:44:07,52.26226,2
816,123,21.077581,9345,2021-06-25 21:25:22,52.268494,357
817,179,21.050788,9349,2021-06-26 17:44:08,52.137931,1
818,142,21.089188,9351,2021-06-26 17:44:11,52.244835,1
819,142,21.226711,9352,2021-06-26 17:44:08,52.171337,3
820,142,21.208395,9354,2021-06-26 17:43:01,52.163963,M5
821,199,21.163269,9355,2021-06-26 17:44:09,52.260479,1
822,142,21.124166,9357,2021-06-26 17:44:10,52.235626,2
823,103,20.926716,9411,2021-06-26 17:44:11,52.290337,4
824,157,20.964039,9412,2021-06-26 17:44:09,52.207912,3
825,117,21.090946,9413,2021-06-26 17:44:10,52.221973,3
826,516,20.942116,9414,2021-06-26 17:44:07,52.336395,4
827,157,20.97662,9416,2021-06-26 17:44:09,52.28997,6
828,117,21.005127,9417,2021-06-26 17:44:12,52.230198,1
829,103,20.966995,9418,2021-06-26 17:44:10,52.243725,2
830,134,20.968308,9419,2021-06-26 17:44:09,52.271839,1
831,134,21.052044,9420,2021-06-26 17:44:10,52.309269,2
832,134,21.047205,9423,2021-06-26 17:44:12,52.331768,3
833,117,21.067692,9424,2021-06-26 17:44:11,52.225727,4
834,117,21.059446,9425,2021-06-26 17:44:11,52.226475,2
835,103,20.949303,9427,2021-06-26 17:44:11,52.279747,5
836,157,20.985659,9428,2021-06-26 17:44:11,52.269985,1
837,157,20.994293,9429,2021-06-26 17:44:11,52.228806,2
838,245,21.110075,9431,2021-06-26 17:44:09,52.284218,1
839,516,20.938225,9432,2021-06-26 17:44:12,52.324139,1
840,516,21.00094,9434,2021-06-26 17:44:09,52.291164,2
841,516,20.972599,9436,2021-06-26 17:44:08,52.32003,3
842,176,21.031218,9438,2021-06-26 17:44:07,52.287701,1
843,157,20.985682,9439,2021-06-26 17:44:12,52.269428,5
844,712,20.864046,9441,2021-06-26 17:44:08,52.277149,M2
845,103,20.967543,9442,2021-06-26 17:44:11,52.228271,1
846,103,20.954096,9443,2021-06-26 17:44:11,52.283329,3
847,245,21.053015,9446,2021-06-26 17:44:10,52.276493,2
848,712,20.92795,9450,2021-06-26 17:44:08,52.29089,1
849,176,20.982258,9452,2021-06-26 17:44:07,52.355591,3
850,176,21.006453,9453,2021-06-26 17:44:09,52.307392,2
851,743,20.833282,9459,2021-06-26 17:44:09,52.230377,1
852,194,20.923117167,9501,2021-06-26 17:44:12,52.221872833,4
853,181,20.945455,9503,2021-06-26 17:44:10,52.294422667,2
854,717,20.840748833,9504,2021-06-26 17:44:10,52.178699,3
855,139,21.0993765,9507,2021-06-26 17:44:10,52.137931,2
856,149,20.9406215,9509,2021-06-26 17:44:10,52.2466525,2
857,729,20.903328333,9511,2021-06-26 17:44:10,52.239053833,1
858,149,20.883999,9514,2021-06-26 17:44:11,52.2514735,4
859,159,20.974992,9515,2021-06-26 17:44:10,52.221289,1
860,159,21.085103667,9519,2021-06-26 17:44:09,52.193258333,4
861,159,21.046984667,9520,2021-06-26 17:44:09,52.211993667,5
862,181,20.985945167,9521,2021-06-26 17:44:13,52.269386167,1
863,737,21.034353,9522,2021-06-26 17:44:10,52.1560215,55
864,181,20.944718333,9524,2021-06-26 17:44:09,52.295763167,4
865,194,20.903485167,9525,2021-06-26 17:44:08,52.207840333,1
866,181,20.899903,9526,2021-06-26 17:44:13,52.2971555,3
867,220,20.925085,9529,2021-06-26 17:44:12,52.2607965,3
868,717,20.964725,9530,2021-06-26 17:44:11,52.218219,2
869,159,20.977955667,9531,2021-06-26 17:44:09,52.222077333,2
870,194,20.8688925,9532,2021-06-26 17:44:11,52.2029925,2
871,194,20.880819833,9533,2021-06-26 17:44:10,52.1961265,3
872,220,20.943562,9535,2021-06-26 17:44:10,52.176274,1
873,220,20.896771167,9537,2021-06-26 17:44:10,52.2192175,4
874,300,21.007695833,9538,2021-06-26 17:44:09,52.160235,M1
875,149,20.948247333,9539,2021-06-26 17:44:10,52.242585333,3
876,707,20.896829667,9540,2021-06-26 17:44:12,52.129631333,1
877,715,20.9739985,9542,2021-06-26 17:44:08,52.135684833,53
878,737,21.017448,9543,2021-06-26 17:44:09,52.1394615,54
879,717,20.890133333,9544,2021-06-26 17:44:10,52.181481,1
880,724,21.098314167,9546,2021-06-26 17:44:09,52.1304385,1
881,139,21.054554333,9548,2021-06-26 17:44:11,52.172817333,1
882,715,20.950649167,9554,2021-06-26 17:44:12,52.123300333,51
883,149,20.914280333,9555,2021-06-26 17:44:12,52.239178333,1
884,159,21.045753167,9556,2021-06-26 17:44:10,52.219155333,3
885,220,20.897050833,9557,2021-06-26 17:44:12,52.224492667,2
886,152,20.966751,9673,2021-06-26 17:44:06,52.331768,5
887,152,20.970482,9678,2021-06-26 17:44:09,52.322899,1
888,152,21.004339,9680,2021-06-26 17:44:08,52.3363,2
889,212,21.02713,9682,2021-06-26 17:44:11,52.259525,2
890,118,21.008783,9683,2021-06-26 17:44:04,52.292561,4
891,118,21.016842,9685,2021-06-26 17:44:11,52.221787,2
892,152,20.952236,9687,2021-06-26 17:44:11,52.316921,4
893,152,21.060366,9688,2021-06-26 17:44:07,52.31509,3
894,118,21.0413,9689,2021-06-26 17:44:11,52.2999,5
895,212,21.056168,9692,2021-06-26 17:44:09,52.275139,3
896,212,21.057085,9696,2021-06-26 17:44:09,52.279926,1
897,118,21.010141,9697,2021-06-26 17:44:09,52.257008,1
898,212,21.057177,9698,2021-06-26 17:44:03,52.301842,4
899,109,21.02186,9801,2021-06-26 17:44:11,52.230358,1
900,710,21.125933,9802,2021-06-26 17:44:06,52.092075,1
901,525,21.196592,9803,2021-06-26 17:44:07,52.208298,3
902,Z10,20.924751,9804,2021-06-26 17:44:07,52.260799,2
903,109,20.980648,9805,2021-06-26 17:44:11,52.229416,3
904,109,20.898743,9806,2021-06-26 17:44:09,52.238529,5
905,109,20.959198,9807,2021-06-26 17:44:10,52.228256,6
906,127,21.01939,9809,2021-06-26 17:44:09,52.246277,2
907,127,21.006044,9810,2021-06-26 17:44:11,52.228786,1
908,127,21.037216,9811,2021-06-26 17:44:11,52.232288,335
909,131,21.003857,9814,2021-06-26 17:44:06,52.229454,4
910,127,20.912082,9816,2021-06-26 17:44:06,52.206305,56
911,127,20.895491,9817,2021-06-26 17:44:07,52.208775,5
912,131,21.060501,9818,2021-06-26 17:44:09,52.18956,2
913,710,21.123201,9819,2021-06-26 17:44:09,52.096462,3
914,131,21.064322,9820,2021-06-26 17:44:08,52.186543,6
915,131,21.015369,9821,2021-06-26 17:44:10,52.218616,1
916,525,21.076355,9822,2021-06-26 17:44:10,52.233902,1
917,519,21.003024,9825,2021-06-26 17:43:59,52.229449,6
918,525,21.166115,9826,2021-06-26 17:44:10,52.212975,2
919,710,21.021797,9827,2021-06-26 17:44:08,52.074921,2
920,Z10,20.924999,9828,2021-06-26 17:44:08,52.261078,9
921,525,21.140474,9829,2021-06-26 17:44:10,52.228237,4
922,525,21.015783,9830,2021-06-26 17:44:09,52.222309,5
923,742,21.214165,9833,2021-06-26 17:44:12,51.986652,1
924,710,21.067701,9834,2021-06-26 17:44:10,52.129349,4
925,719,20.885462,9835,2021-06-26 17:44:05,52.240356,1
926,Z10,20.912872,9836,2021-06-26 17:44:10,52.239273,8
927,Z10,20.912506,9837,2021-06-26 17:44:08,52.243198,M4
928,109,20.917997,9838,2021-06-26 17:44:10,52.23954,4
929,127,20.964411,9839,2021-06-26 17:44:05,52.217304,4
930,109,21.043678,9842,2021-06-26 17:44:09,52.224064,2
931,525,21.003773,9846,2021-06-26 17:44:09,52.229485,319
932,719,20.586439,9849,2021-06-26 17:44:10,52.257568,2
933,719,20.932861,9852,2021-06-26 17:44:08,52.240158,3
934,131,21.015543,9854,2021-06-26 17:44:13,52.218178,3
935,114,20.927332,9901,2021-06-26 17:44:05,52.271816,1
936,114,20.933891,9903,2021-06-26 17:44:12,52.271362,5
937,186,20.963797,9905,2021-06-26 17:44:10,52.20776,5
938,193,21.036972,9906,2021-06-26 17:44:09,52.161953,1
939,114,20.995792,9907,2021-06-26 17:44:11,52.273895,7
940,186,20.942186,9908,2021-06-26 17:44:07,52.333981,1
941,186,20.95112,9909,2021-06-26 17:44:10,52.25948,3
942,186,20.962212,9912,2021-06-26 17:44:06,52.215733,6
943,186,20.942242,9915,2021-06-26 17:44:10,52.33416,9
944,186,20.988619,9916,2021-06-26 17:44:08,52.304234,2
945,190,20.948118,9919,2021-06-26 17:44:09,52.238625,2
946,190,20.914492,9920,2021-06-26 17:44:12,52.229076,5
947,190,21.085409,9921,2021-06-26 17:44:08,52.305027,9
948,190,21.064827,9922,2021-06-26 17:44:09,52.273838,10
949,193,21.029615,9923,2021-06-26 17:44:10,52.173397,2
950,193,20.995464,9925,2021-06-26 17:44:11,52.170189,3
951,114,21.041805,9928,2021-06-26 17:44:11,52.300255,63
952,114,20.917175,9930,2021-06-26 17:44:07,52.312912,2
953,193,21.034639,9933,2021-06-26 17:44:12,52.173504,4
954,190,20.898767,9935,2021-06-26 17:44:07,52.238911,4
955,186,20.982243,9939,2021-06-26 17:44:09,52.308567,8
956,114,20.993128,9940,2021-06-26 17:44:07,52.278564,4
957,114,21.04211,9941,2021-06-26 17:44:10,52.30024,6
958,186,20.975424,9942,2021-06-26 17:44:11,52.211617,4
959,190,21.069096,9946,2021-06-26 17:44:12,52.279572,8
960,190,20.897015,9947,2021-06-26 17:44:07,52.227623,3
961,190,20.954082,9949,2021-06-26 17:44:09,52.238281,6
962,190,21.036228,9951,2021-06-26 17:44:09,52.255722,7
963,190,20.980095,9953,2021-06-26 17:44:08,52.237049,1
964,186,20.956038,9954,2021-06-26 17:44:12,52.249653,67
965,o43A,21.423235,9999,2021-06-25 14:26:34,50.302956,1
