,Lines,Lon,VehicleNumber,Time,Lat,Brigade
0,213,21.1152613,1000,2021-06-25 23:22:58,52.2346205,3
1,213,21.115043,1001,2021-06-25 23:56:49,52.23463,1
2,213,21.1037576,1003,2021-06-26 17:52:11,52.212798,1
3,311,21.115233,1004,2021-06-25 21:52:40,52.23458,2
4,196,21.11514,1005,2021-06-25 23:48:58,52.234611,1
5,130,21.11559,1008,2021-06-25 20:19:05,52.234613,04
6,213,21.0909843,1010,2021-06-26 17:52:05,52.221743,2
7,213,21.2180465,1011,2021-06-26 17:52:04,52.1580071,4
8,311,21.1155166,1012,2021-06-25 21:16:38,52.2346153,1
9,213,21.2338331,1015,2021-06-26 17:52:08,52.1773248,3
10,108,21.023149,1020,2021-06-26 17:52:07,52.228783,3
11,218,21.013008,1021,2021-06-26 17:52:07,52.179745,4
12,218,20.991512,1024,2021-06-26 17:52:08,52.185497,2
13,192,21.0687237,1025,2021-06-26 17:52:08,52.1288947,3
14,195,20.9979977,1026,2021-06-25 21:14:18,52.1862374,2
15,163,21.099892,1027,2021-06-26 17:52:08,52.166645,1
16,218,21.0236669,1028,2021-06-26 17:52:07,52.1884027,3
17,163,21.0999374,1030,2021-06-26 17:52:08,52.1809042,2
18,163,21.049015,1031,2021-06-26 17:52:09,52.178265,3
19,108,21.078261,1038,2021-06-26 17:51:51,52.200136,4
20,192,21.0451299,1039,2021-06-26 17:52:07,52.1494042,2
21,204,21.0550383,1040,2021-06-26 17:51:57,52.32479,1
22,736,21.029695,1042,2021-06-26 17:52:03,52.33422,1
23,204,21.043091,1043,2021-06-25 22:53:22,52.26632,05
24,204,21.02874,1044,2021-06-26 17:52:04,52.287865,3
25,107,21.046234,1045,2021-06-25 22:36:50,52.264653,4
26,204,21.042681,1046,2021-06-25 23:57:31,52.266098,1
27,204,21.023196,1047,2021-06-26 17:51:55,52.277283,2
28,228,20.921443,1050,2021-06-25 23:41:52,52.196853,2
29,328,20.921189,1051,2021-06-25 22:30:10,52.196913,01
30,129,20.944045,1052,2021-06-26 17:52:09,52.2390067,2
31,129,20.8905533,1053,2021-06-26 17:51:54,52.193795,3
32,129,20.915285,1055,2021-06-26 17:51:55,52.2038883,4
33,129,20.9392717,1057,2021-06-26 17:51:58,52.2458983,1
34,119,21.205578,1061,2021-06-26 17:52:08,52.21006,4
35,119,21.133611,1062,2021-06-26 17:52:08,52.2083506,5
36,192,21.024309,1064,2021-06-26 17:52:08,52.179871,1
37,192,21.0170712,1069,2021-06-26 17:52:07,52.1649079,52
38,108,21.023937,1070,2021-06-26 17:52:07,52.179695,1
39,108,21.082394,1074,2021-06-26 17:52:08,52.188709,2
40,218,21.020317,1076,2021-06-26 17:52:08,52.179718,1
41,192,21.049156,1079,2021-06-26 17:52:08,52.137745,4
42,173,21.0426228,1101,2021-06-26 00:28:34,52.2664063,2
43,240,21.0008408,1109,2021-06-26 17:52:05,52.2913941,2
44,173,21.048266,1110,2021-06-25 19:53:25,52.264265,3
45,170,21.080728,1111,2021-06-26 17:52:07,52.2776263,2
46,110,20.9416668,1112,2021-06-26 17:52:06,52.2777566,51
47,126,21.046033,1113,2021-06-25 23:08:32,52.264159,4
48,338,21.046365,1116,2021-06-25 19:40:36,52.2645706,05
49,170,21.021973,1117,2021-06-26 17:51:47,52.262443,4
50,739,21.017834,1200,2021-06-26 17:52:08,52.131763,65
51,739,21.039703,1201,2021-06-26 17:52:07,52.080528,64
52,166,21.049927,1203,2021-06-26 17:52:07,52.160408,1
53,727,21.028044,1205,2021-06-26 17:52:08,52.067856,68
54,727,21.0243487,1208,2021-06-26 17:52:08,52.1799314,62
55,141,21.102345,1211,2021-06-26 17:52:06,52.237648,2
56,727,21.017654,1213,2021-06-26 17:52:08,52.162987,66
57,166,21.03451,1214,2021-06-26 17:52:07,52.254768,3
58,727,21.028366,1216,2021-06-26 17:52:07,52.067192,67
59,739,21.0189496,1218,2021-06-26 17:52:07,52.1003724,63
60,166,21.0663484,1219,2021-06-26 17:52:08,52.1312589,8
61,166,21.072435,1220,2021-06-26 17:52:09,52.136787,7
62,727,21.027464,1223,2021-06-26 17:52:07,52.074879,61
63,240,21.0483353,1400,2021-06-26 00:03:19,52.2641493,1
64,170,21.0617035,1401,2021-06-26 17:52:04,52.2630625,3
65,170,21.0454971,1403,2021-06-25 21:36:41,52.2652081,3
66,240,21.043604,1408,2021-06-25 23:31:26,52.266069,4
67,146,21.204515,1411,2021-06-26 17:52:06,52.159513,58
68,173,21.217705,1412,2021-06-26 17:52:08,52.215076,3
69,730,21.2275805,1413,2021-06-26 17:52:07,52.2236109,61
70,146,21.0756762,1417,2021-06-26 17:52:07,52.2215661,57
71,199,21.094833,1418,2021-06-26 17:52:07,52.294621,3
72,147,21.146067,1419,2021-06-26 17:52:07,52.199841,53
73,183,21.1382217,1422,2021-06-26 17:52:08,52.2434646,3
74,147,21.242971,1425,2021-06-26 17:52:08,52.217735,54
75,147,21.089083,1426,2021-06-26 17:52:07,52.225533,55
76,146,21.19499,1427,2021-06-26 17:52:08,52.157917,59
77,119,21.0306252,1429,2021-06-26 17:52:08,52.2066467,1
78,L11,20.793922,14422,2021-06-26 17:52:07,52.440697,2
79,L10,20.945208,14423,2021-06-26 14:34:04,52.437897,M4
80,L11,20.723183,14424,2021-06-25 20:30:06,52.424343,51
81,L-9,20.943848,14426,2021-06-26 17:52:04,52.399014,3
82,L11,20.873726,14427,2021-06-26 17:52:08,52.453983,1
83,L34,20.863567,14429,2021-06-26 17:52:09,52.441406,1
84,L10,20.945269,14430,2021-06-26 16:19:41,52.437912,M5
85,L34,20.945213,14431,2021-06-25 19:23:11,52.437866,2
86,L41,20.709829,14432,2021-06-26 17:52:08,52.4305,1
87,L33,20.945353,14434,2021-06-25 23:24:58,52.438198,1
88,L49,20.894258,14436,2021-06-26 17:52:00,52.41721,1
89,L-8,21.230701,14438,2021-06-26 17:52:07,52.435432,1
90,L-9,20.949566,14440,2021-06-25 23:13:11,52.471237,055
91,338,21.045604,1500,2021-06-25 19:27:18,52.264496,03
92,106,20.9787683,1508,2021-06-26 17:52:05,52.232763,5
93,735,21.020256,1509,2021-06-26 17:52:06,52.4383225,M4
94,240,21.1188295,1510,2021-06-26 17:52:05,52.338254,4
95,110,20.8805141,1513,2021-06-26 17:52:06,52.286707,52
96,147,21.044424,1514,2021-06-25 19:54:57,52.2648745,06
97,115,21.2422717,1521,2021-06-26 17:51:55,52.16996,4
98,115,21.221935,1523,2021-06-26 17:52:00,52.1614367,3
99,702,21.19747,1524,2021-06-26 17:51:55,52.12773,2
100,183,21.115313,1526,2021-06-26 00:16:52,52.233074,4
101,N16,21.116845,1527,2021-06-26 05:37:31,52.233048,2
102,N44,21.117096,1528,2021-06-26 05:37:25,52.233049,207
103,702,21.2006883,1531,2021-06-26 17:52:06,52.1237533,1
104,202,21.09147,1532,2021-06-26 17:52:07,52.2499833,2
105,141,20.9782717,1533,2021-06-26 17:52:00,52.183545,6
106,119,21.0924667,1535,2021-06-26 17:52:06,52.214535,3
107,156,20.93277,1537,2021-06-26 17:52:04,52.289231,2
108,132,21.0591617,1538,2021-06-26 17:52:07,52.3066817,55
109,120,21.050835,1539,2021-06-26 17:51:53,52.2740967,1
110,156,21.0521317,1540,2021-06-26 17:52:08,52.25301,5
111,166,21.0270983,1542,2021-06-26 17:52:07,52.2600383,4
112,221,20.99386,1543,2021-06-26 17:52:03,52.259475,2
113,N03,21.044968,1545,2021-06-26 05:08:35,52.264589,2
114,156,21.0458317,1546,2021-06-26 17:52:02,52.2714767,4
115,512,21.0686733,1548,2021-06-26 17:52:07,52.279075,1
116,120,21.051145,1549,2021-06-26 17:52:01,52.2526317,2
117,166,21.0418833,1550,2021-06-26 17:52:09,52.1710467,6
118,120,21.0619067,1551,2021-06-26 17:52:06,52.3616883,6
119,156,20.9310183,1552,2021-06-26 17:52:05,52.2921767,3
120,L35,21.332901,17455,2021-06-26 17:52:03,52.363682,51
121,L40,21.200104,17458,2021-06-26 17:52:04,52.346592,1
122,L43,21.077759,17461,2021-06-26 08:32:11,52.26762,51
123,L43,21.077599,17462,2021-06-26 17:52:02,52.267788,52
124,L45,21.175306,17464,2021-06-26 17:52:09,52.310841,1
125,L37,21.176323,17466,2021-06-25 22:21:40,52.312318,2
126,L38,21.242237,17467,2021-06-26 17:52:06,52.33931,51
127,240,21.0481818,1802,2021-06-26 17:52:05,52.287905,3
128,N12,21.045453,1803,2021-06-26 04:33:33,52.264459,128
129,110,20.9686498,1804,2021-06-26 17:52:06,52.2721466,53
130,132,21.0634186,1805,2021-06-26 17:52:07,52.3252781,54
131,122,20.8985243,1807,2021-06-26 17:52:05,52.2389565,6
132,106,21.0435196,1808,2021-06-26 06:30:45,52.2662013,4
133,N11,21.0454075,1809,2021-06-26 05:42:59,52.264945,122
134,106,21.0205025,1810,2021-06-26 17:52:04,52.243158,2
135,106,21.024716,1811,2021-06-26 17:51:54,52.242036,1
136,106,20.9848976,1812,2021-06-26 17:52:02,52.2337445,3
137,170,21.054684,1814,2021-06-26 17:51:22,52.261926,1
138,122,20.97666,1815,2021-06-26 17:52:05,52.287653,3
139,N12,21.046083,1816,2021-06-26 05:05:03,52.264528,210
140,173,21.042571,1818,2021-06-25 23:48:59,52.2664061,10
141,173,21.224427,1821,2021-06-26 17:52:04,52.2505008,2
142,115,21.1785313,1826,2021-06-26 17:52:07,52.2454658,2
143,147,21.055311,1828,2021-06-26 17:52:06,52.2324665,52
144,146,21.0418285,1829,2021-06-26 17:52:05,52.2395265,51
145,183,21.0883146,1830,2021-06-26 17:52:04,52.2450173,1
146,119,21.1165895,1832,2021-06-25 22:22:16,52.2331471,06
147,183,21.1875626,1833,2021-06-26 17:52:07,52.2469601,2
148,173,21.1491381,1835,2021-06-26 17:52:04,52.2385538,4
149,115,21.1702868,1837,2021-06-26 17:52:02,52.2771166,1
150,168,21.002604,1838,2021-06-26 17:52:06,52.202101,1
151,115,21.1628806,1839,2021-06-26 17:52:01,52.2216343,5
152,147,21.1172291,1840,2021-06-25 21:35:22,52.2330755,09
153,142,21.1168673,1842,2021-06-25 20:08:52,52.2330963,08
154,168,21.035876,1843,2021-06-26 17:52:01,52.206854,3
155,173,21.1167918,1844,2021-06-25 23:53:58,52.233165,8
156,168,21.110126,1846,2021-06-26 17:51:48,52.233508,4
157,722,21.1477985,1847,2021-06-26 17:52:06,52.2263198,62
158,198,21.1158643,1848,2021-06-25 20:42:24,52.2333196,2
159,198,21.221669,1849,2021-06-26 17:52:01,52.2506203,1
160,183,21.115764,1850,2021-06-25 21:22:25,52.233265,3
161,183,21.1154913,1851,2021-06-26 00:18:45,52.2331743,07
162,198,21.2370238,1854,2021-06-26 17:52:08,52.216239,2
163,146,21.115132,1856,2021-06-26 00:38:41,52.233222,4
164,115,21.115681,1857,2021-06-26 00:02:26,52.2331425,5
165,146,21.1166211,1858,2021-06-25 20:46:49,52.2331278,07
166,198,21.1172503,1859,2021-06-25 19:30:46,52.2330405,05
167,115,21.1153055,1860,2021-06-26 00:28:39,52.2332403,6
168,173,21.0526656,1866,2021-06-26 17:52:04,52.2502765,5
169,173,21.0790123,1867,2021-06-26 17:52:00,52.250578,1
170,115,21.1165116,1869,2021-06-25 23:18:40,52.2330776,3
171,222,21.0027953,1901,2021-06-26 17:52:05,52.1890538,3
172,251,21.0970992,1909,2021-06-26 17:51:57,52.1418865,3
173,222,21.0050992,1910,2021-06-26 17:52:05,52.1889637,2
174,222,21.023994,1911,2021-06-26 17:52:08,52.224495,1
175,251,21.049061,1912,2021-06-26 17:52:05,52.173973,2
176,222,21.005167,1916,2021-06-26 17:52:08,52.244755,5
177,251,21.12322,1919,2021-06-26 17:52:07,52.089478,1
178,222,21.023296,1920,2021-06-26 17:52:08,52.226944,4
179,178,20.9615829,1995,2021-06-26 17:52:07,52.2280665,2
180,178,21.0040334,1996,2021-06-26 17:52:09,52.2553395,1
181,178,21.011732,1997,2021-06-26 17:52:07,52.24649,5
182,178,20.891787,1998,2021-06-26 17:52:07,52.181671,3
183,178,20.9340174,1999,2021-06-26 17:52:08,52.2018437,4
184,171,20.925049,2009,2021-06-26 17:52:08,52.272449,1
185,189,20.9138417,2015,2021-06-26 17:52:08,52.2122744,9
186,187,21.0446012,2016,2021-06-26 17:52:08,52.2220337,5
187,709,21.0182409,2021,2021-06-26 17:52:08,52.125971,5
188,Z26,20.97975,2022,2021-06-26 17:52:08,52.237225,4
189,172,20.9554904,2024,2021-06-26 17:52:07,52.211729,63
190,217,21.0419582,2026,2021-06-26 17:52:08,52.1755954,3
191,519,21.09272,2027,2021-06-26 17:52:08,52.116909,3
192,172,20.9727735,2028,2021-06-26 17:52:09,52.2184481,1
193,189,20.9115676,2029,2021-06-26 17:52:08,52.2287941,8
194,Z26,20.9903467,2030,2021-06-26 17:52:07,52.2409067,7
195,522,21.0685324,2032,2021-06-26 17:52:07,52.1680019,3
196,174,20.9997285,2035,2021-06-26 17:52:08,52.2312234,2
197,709,21.0217602,2038,2021-06-26 17:52:07,52.078353,6
198,709,21.0186552,2039,2021-06-26 17:52:07,52.0746936,1
199,709,21.0184037,2040,2021-06-26 17:52:07,52.1095719,2
200,709,21.019495,2041,2021-06-26 17:52:07,52.172348,3
201,709,21.0235579,2042,2021-06-26 17:52:08,52.1801109,4
202,517,20.8625534,2200,2021-06-26 17:52:08,52.190174,1
203,N35,20.921913,2206,2021-06-26 06:01:56,52.1961371,237
204,184,20.937189,2210,2021-06-26 17:52:07,52.287167,3
205,191,20.9838867,2213,2021-06-26 17:52:08,52.218154,1
206,189,20.915531,2227,2021-06-26 17:52:08,52.20731,4
207,105,20.922151,2236,2021-06-26 00:04:20,52.196038,4
208,189,21.061062,2237,2021-06-26 17:52:08,52.185005,14
209,124,20.940918,2240,2021-06-26 17:52:07,52.159229,2
210,105,20.89727,2247,2021-06-26 17:52:07,52.225006,5
211,141,20.921326,2253,2021-06-25 18:30:50,52.197259,014
212,401,20.920378,2254,2021-06-25 19:44:39,52.196613,012
213,191,20.8965934,2258,2021-06-26 17:52:08,52.1959171,3
214,L20,21.471462,24511,2021-06-25 23:35:10,52.132233,1
215,L20,21.471769,24513,2021-06-26 15:05:20,52.132652,1
216,L20,21.25979,24515,2021-06-26 17:52:06,52.107697,1
217,162,21.0364585,3400,2021-06-26 17:52:07,52.2574563,5
218,185,20.9798535,3401,2021-06-26 17:52:07,52.2766643,6
219,723,20.9152085,3403,2021-06-26 17:52:04,52.4107971,3
220,735,20.9682628,3404,2021-06-26 17:52:07,52.2719881,63
221,731,21.000848,3405,2021-06-26 17:51:56,52.291229,3
222,414,21.047923,3406,2021-06-25 20:26:01,52.264541,07
223,731,20.9255561,3407,2021-06-26 17:52:04,52.4216001,1
224,738,21.0485045,3408,2021-06-26 01:02:31,52.264437,1
225,414,21.0468988,3409,2021-06-25 20:46:35,52.2649078,08
226,126,20.9419611,3410,2021-06-26 17:52:05,52.3341411,2
227,169,21.04371,3411,2021-06-25 21:40:49,52.265391,1
228,140,21.0692225,3413,2021-06-26 17:52:08,52.2795036,1
229,509,20.9422248,3414,2021-06-26 17:52:05,52.3344538,2
230,114,21.0478216,3415,2021-06-25 23:08:38,52.2646596,5
231,723,21.0454035,3417,2021-06-25 21:48:49,52.2654235,1
232,145,21.0907103,3421,2021-06-26 17:52:05,52.2863871,7
233,509,21.0672551,3422,2021-06-26 17:52:04,52.2259296,355
234,Z26,21.0338301,3423,2021-06-26 17:52:05,52.2543313,1
235,169,21.0477433,3429,2021-06-25 23:04:14,52.2646666,3
236,126,21.0568,3430,2021-06-26 17:52:07,52.3018555,4
237,114,21.04857,3434,2021-06-26 00:33:00,52.264513,2
238,518,21.0478431,3437,2021-06-25 23:46:13,52.264609,6
239,705,21.1359691,3438,2021-06-26 17:51:57,52.4821796,66
240,738,21.0566286,3440,2021-06-26 17:52:07,52.2750018,2
241,114,21.0428833,3441,2021-06-25 23:51:31,52.2659116,7
242,140,21.1138506,3444,2021-06-26 17:52:05,52.3337345,2
243,509,20.9894733,3446,2021-06-26 17:52:04,52.3035335,4
244,731,20.935398,3447,2021-06-26 17:51:58,52.376608,2
245,126,20.9986691,3448,2021-06-26 17:52:04,52.3184115,1
246,518,21.043485,3449,2021-06-25 21:30:55,52.265478,7
247,126,21.0001726,3450,2021-06-26 17:52:00,52.3129188,3
248,126,21.058544,3451,2021-06-26 17:52:05,52.3012631,M5
249,705,20.984803,3454,2021-06-26 17:52:08,52.3083395,62
250,145,21.000169,3455,2021-06-26 17:52:05,52.2912725,6
251,Z26,20.9744626,3456,2021-06-26 17:52:06,52.2354295,5
252,169,21.043935,3457,2021-06-25 23:56:08,52.265611,5
253,509,21.0323153,3458,2021-06-26 17:52:05,52.2539506,5
254,Z26,20.9746078,3459,2021-06-26 17:52:06,52.2352708,6
255,738,21.1176943,3461,2021-06-26 17:52:05,52.3385503,3
256,731,21.04776,3463,2021-06-26 00:40:56,52.264114,5
257,735,21.0444471,3464,2021-06-25 23:05:19,52.2656713,64
258,723,21.0441993,3466,2021-06-26 00:00:11,52.265954,2
259,738,21.1790246,3469,2021-06-26 17:52:07,52.39972,1
260,L19,21.034472,36443,2021-06-26 17:31:57,52.083504,51
261,L17,20.899836,36444,2021-06-26 13:08:02,51.912342,51
262,L25,21.193052,36448,2021-06-26 17:52:08,51.981701,1
263,L39,21.047161,38541,2021-06-26 17:52:07,52.100677,4
264,L39,21.024363,38545,2021-06-26 17:52:04,52.062023,3
265,L52,21.028284,38546,2021-06-26 17:52:08,52.074123,51
266,L39,20.989628,38547,2021-06-26 17:45:51,52.110771,1
267,L39,21.02433,38548,2021-06-26 17:52:07,52.081097,2
268,L23,21.024506,38549,2021-06-26 17:52:06,52.068069,51
269,L-5,21.012621,39551,2021-06-26 17:52:06,52.061348,62
270,L-2,21.034941,39552,2021-06-25 19:11:52,52.083633,063
271,L25,21.191267,39555,2021-06-25 23:37:02,51.987377,1
272,L13,21.040176,39556,2021-06-26 17:52:02,52.026863,63
273,L-5,21.023994,39558,2021-06-26 17:52:08,52.068928,61
274,L-2,20.922655,39559,2021-06-26 17:52:08,51.998268,1
275,L13,21.217253,39561,2021-06-25 20:05:15,51.98262,03
276,L12,21.029535,39562,2021-06-26 17:52:09,52.074589,1
277,L12,21.034851,39565,2021-06-26 12:57:20,52.083328,1
278,197,20.969671,4200,2021-06-26 17:52:08,52.284935,3
279,721,20.8969632,4201,2021-06-26 17:52:07,52.1292894,75
280,711,20.858726,4205,2021-06-26 17:52:08,52.114697,1
281,122,20.898468,4206,2021-06-26 17:52:08,52.251495,1
282,141,21.023836,4208,2021-06-26 17:52:08,52.197643,9
283,197,20.950216,4213,2021-06-26 17:52:07,52.276691,4
284,154,20.8984501,4214,2021-06-26 17:52:07,52.2582871,6
285,141,21.0240764,4216,2021-06-26 17:52:08,52.1990497,5
286,154,20.979273,4217,2021-06-26 17:52:07,52.184261,2
287,154,20.9607417,4218,2021-06-26 17:52:08,52.2171587,1
288,255,20.9560949,4219,2021-06-26 17:52:08,52.2279785,1
289,714,20.950081,4220,2021-06-26 17:52:07,52.23859,1
290,255,20.9343924,4224,2021-06-26 17:52:06,52.2218155,2
291,714,20.841959,4226,2021-06-26 17:52:08,52.250725,2
292,122,20.954342,4227,2021-06-26 17:52:08,52.262112,2
293,154,20.968725,4231,2021-06-26 17:52:07,52.214191,4
294,141,20.9441509,4232,2021-06-26 17:52:08,52.1754075,7
295,197,20.945808,4233,2021-06-26 17:52:08,52.239151,5
296,L-1,20.89243,42361,2021-06-26 14:43:02,52.090702,1
297,154,20.9268586,4238,2021-06-26 17:52:07,52.2407495,5
298,141,21.112894,4240,2021-06-26 17:52:08,52.236263,3
299,122,20.985983,4241,2021-06-26 17:52:07,52.269447,4
300,122,20.936758,4242,2021-06-26 17:52:08,52.270737,5
301,197,20.935375,4243,2021-06-26 17:52:08,52.252506,2
302,901,21.0306974,4244,2021-06-26 17:52:09,52.230028,1
303,901,21.003674,4246,2021-06-26 17:52:08,52.229431,3
304,154,20.95116,4247,2021-06-26 17:52:08,52.183182,3
305,154,20.89686,4248,2021-06-26 17:52:07,52.240273,7
306,L-1,20.93656,42498,2021-06-23 19:45:16,52.08992,2
307,L-3,20.923235,42500,2021-06-26 17:52:05,52.095997,1
308,147,21.0522669,4305,2021-06-26 17:52:08,52.2502309,56
309,202,21.0439326,4307,2021-06-26 17:52:08,52.2485797,1
310,119,21.0054664,4311,2021-06-26 17:52:05,52.2103504,2
311,105,16.9750897,4332,2021-06-26 13:35:37,52.5472771,4
312,512,21.049938,4400,2021-06-26 17:52:07,52.252998,4
313,197,20.8689485,4402,2021-06-26 17:52:07,52.1978492,6
314,221,20.99415,4404,2021-06-26 17:52:07,52.259457,1
315,120,21.0430829,4405,2021-06-26 17:52:07,52.2760514,4
316,156,21.0499279,4406,2021-06-26 17:52:08,52.26958,1
317,N02,21.044418,4407,2021-06-26 06:46:43,52.265051,3
318,240,21.0481415,4408,2021-06-26 17:52:07,52.2866534,1
319,197,20.8748336,4409,2021-06-26 17:52:08,52.216482,1
320,197,20.8624614,4410,2021-06-26 17:52:08,52.1902319,7
321,120,21.0668329,4411,2021-06-26 17:52:07,52.3193857,7
322,106,20.966291,4412,2021-06-26 17:52:08,52.243343,4
323,152,21.04444,4413,2021-06-25 20:19:00,52.265066,06
324,N16,21.045311,4415,2021-06-26 05:39:26,52.264876,1
325,120,21.045601,4417,2021-06-26 13:08:26,52.264446,1
326,199,21.0444199,4418,2021-06-25 20:09:09,52.264953,2
327,901,21.0111217,4420,2021-06-26 17:52:08,52.2307581,2
328,166,21.0272129,4421,2021-06-26 17:52:07,52.2298749,5
329,N03,21.0459804,4422,2021-06-26 05:41:10,52.2641299,1
330,166,21.028875,4423,2021-06-26 17:52:04,52.20916,2
331,901,21.0221157,4424,2021-06-26 17:52:07,52.2299322,4
332,512,21.049637,4425,2021-06-26 17:52:06,52.285992,2
333,120,21.038279,4428,2021-06-26 17:52:08,52.251427,3
334,512,21.075319,4429,2021-06-26 17:52:07,52.286926,3
335,120,21.062002,4431,2021-06-26 17:52:08,52.326416,5
336,512,21.050646,4434,2021-06-26 17:52:06,52.252422,5
337,100,21.010614,4617,2021-06-26 17:51:59,52.2319518,M1
338,184,20.9718331,5205,2021-06-26 17:52:02,52.2173004,6
339,189,21.01367,5206,2021-06-26 17:51:59,52.174162,2
340,105,20.9824762,5208,2021-06-26 17:52:08,52.230184,1
341,188,20.9837825,5209,2021-06-26 17:52:04,52.199003,3
342,105,20.9137672,5210,2021-06-26 17:51:59,52.2193747,2
343,172,20.993211,5211,2021-06-26 17:51:55,52.19677,4
344,189,21.017718,5212,2021-06-26 17:52:07,52.1737576,11
345,105,20.8986589,5214,2021-06-26 17:52:02,52.2391521,3
346,189,21.06726,5215,2021-06-26 17:52:04,52.183741,13
347,716,20.9137294,5216,2021-06-26 17:52:03,52.2061288,1
348,172,20.9613272,5217,2021-06-26 17:52:04,52.2167192,2
349,523,21.0654058,5221,2021-06-26 17:52:07,52.2294455,3
350,517,20.93364,5222,2021-06-26 17:51:59,52.199668,2
351,523,20.9326558,5223,2021-06-26 17:52:05,52.2403116,1
352,171,20.9175832,5224,2021-06-26 17:51:59,52.2598696,3
353,105,20.8989661,5225,2021-06-26 17:52:04,52.2387799,4
354,210,20.9281997,5228,2021-06-26 17:51:53,52.2910223,3
355,187,20.9092862,5229,2021-06-26 17:52:02,52.1953587,1
356,171,20.9662974,5232,2021-06-26 17:52:04,52.2371917,4
357,136,21.027588,5234,2021-06-26 17:52:05,52.16723,5
358,184,20.9644834,5235,2021-06-26 17:52:02,52.2098439,1
359,517,20.9594841,5236,2021-06-26 17:52:07,52.2157619,5
360,Z10,20.9247843,5237,2021-06-26 17:52:05,52.2606452,3
361,171,20.924835,5238,2021-06-26 17:52:03,52.2726283,2
362,171,21.0312456,5240,2021-06-26 17:52:03,52.2295457,5
363,191,20.9550799,5241,2021-06-26 17:52:06,52.2136935,2
364,148,20.9781331,5242,2021-06-26 17:51:59,52.1694153,4
365,190,20.920664,5245,2021-06-25 20:12:48,52.196575,016
366,523,21.1069329,5253,2021-06-26 17:52:05,52.2481768,5
367,141,20.9224014,5255,2021-06-26 00:37:46,52.1970728,4
368,182,20.92243,5256,2021-06-25 19:09:29,52.1956758,011
369,188,20.977963,5257,2021-06-26 17:52:04,52.169589,52
370,187,20.8621029,5258,2021-06-26 17:52:02,52.1908912,2
371,184,20.9242361,5260,2021-06-26 17:52:02,52.254519,5
372,N46,21.047172,5403,2021-06-26 06:04:29,52.2647932,150
373,500,21.0427304,5404,2021-06-26 17:52:08,52.2999665,52
374,169,21.042156,5406,2021-06-26 17:52:08,52.285057,5
375,705,20.9941457,5407,2021-06-26 17:52:08,52.3112589,65
376,160,21.033346,5410,2021-06-26 17:52:07,52.254173,M5
377,500,20.9889504,5412,2021-06-26 17:52:07,52.2569202,54
378,160,21.036169,5413,2021-06-26 17:52:07,52.255142,M2
379,500,21.0416949,5419,2021-06-26 17:52:08,52.3003549,M56
380,527,21.059217,5425,2021-06-26 17:52:07,52.317043,3
381,162,21.0353477,5426,2021-06-26 17:52:08,52.2544417,1
382,162,21.0474109,5428,2021-06-26 17:52:08,52.2117981,2
383,185,21.017542,5429,2021-06-26 17:52:08,52.249695,8
384,112,21.082266,5430,2021-06-26 17:52:07,52.304493,3
385,145,21.0626306,5432,2021-06-26 17:52:06,52.2920429,4
386,409,20.995016,5433,2021-06-26 17:52:07,52.257973,57
387,112,20.8830689,5434,2021-06-26 17:52:08,52.2148127,9
388,169,21.05331,5435,2021-06-26 17:52:08,52.254005,3
389,527,21.0505247,5436,2021-06-26 17:52:07,52.2741572,2
390,409,20.934723,5437,2021-06-26 17:52:08,52.271244,53
391,160,21.0683795,5438,2021-06-26 17:52:08,52.3235812,7
392,112,20.9530927,5439,2021-06-26 17:52:08,52.2764202,12
393,500,21.040527,5441,2021-06-26 17:52:08,52.287754,55
394,160,21.002903,5443,2021-06-26 17:52:08,52.229294,4
395,520,21.150263,5445,2021-06-26 17:51:59,52.238743,4
396,511,20.9281352,5448,2021-06-26 17:52:07,52.2914936,1
397,160,21.0502262,5449,2021-06-26 17:52:08,52.276475,1
398,527,21.0604492,5453,2021-06-26 17:52:07,52.3249625,1
399,160,21.0027835,5454,2021-06-26 17:52:08,52.2295862,3
400,723,20.980015,5455,2021-06-26 17:52:07,52.31041,2
401,511,20.9600852,5459,2021-06-26 17:52:07,52.3360085,2
402,185,21.021994,5460,2021-06-26 17:52:08,52.142658,3
403,180,21.011087,5870,2021-06-26 17:52:04,52.245129,7
404,503,21.018257,5871,2021-06-26 17:52:04,52.231178,3
405,503,21.002321,5873,2021-06-26 17:52:04,52.254738,5
406,503,21.011871,5875,2021-06-26 17:52:08,52.239758,7
407,180,21.004028,5876,2021-06-26 17:52:04,52.250164,62
408,175,21.007393,5880,2021-06-26 17:52:05,52.229008,55
409,175,20.97821,5882,2021-06-26 17:52:09,52.169449,53
410,128,21.012922,5884,2021-06-26 17:52:07,52.243004,51
411,175,20.979111,5886,2021-06-26 17:52:04,52.183655,52
412,128,21.004066,5887,2021-06-26 17:52:09,52.228096,64
413,128,20.963472,5889,2021-06-26 17:52:08,52.207756,59
414,180,21.083893,5890,2021-06-26 17:52:07,52.167805,3
415,180,20.96069,5891,2021-06-26 17:52:08,52.25946,11
416,180,21.037367,5892,2021-06-26 17:52:08,52.206669,5
417,128,20.988115,5895,2021-06-26 17:52:06,52.211533,60
418,128,20.998121,5897,2021-06-25 23:36:40,52.187019,51
419,503,21.008583,5898,2021-06-26 17:52:07,52.243881,4
420,111,21.101164,5900,2021-06-26 17:52:07,52.225552,4
421,158,21.044102,5902,2021-06-26 17:52:08,52.2365,5
422,128,20.963646,5904,2021-06-26 17:52:05,52.207714,58
423,116,20.924835,5905,2021-06-26 17:52:06,52.2724,69
424,158,21.117008,5907,2021-06-25 21:44:36,52.233902,5
425,175,21.116972,5908,2021-06-25 19:38:19,52.233955,068
426,116,21.116823,5910,2021-06-26 00:07:33,52.233971,17
427,158,20.966843,5913,2021-06-26 17:52:08,52.218094,6
428,158,21.1176497,5915,2021-06-26 17:52:08,52.2337799, 
429,111,21.011303,5920,2021-06-26 17:52:08,52.230289,6
430,116,21.039101,5921,2021-06-26 17:52:09,52.197437,5
431,111,21.107388,5922,2021-06-26 07:42:12,52.233645, 
432,111,21.116245,5926,2021-06-26 00:24:55,52.234005,5
433,111,21.102459,5927,2021-06-26 17:52:07,52.222038,3
434,111,20.979132,5931,2021-06-26 17:52:08,52.244347,8
435,128,21.012939,5932,2021-06-26 17:52:08,52.243187,61
436,158,20.9935962,5933,2021-06-26 17:52:05,52.2261251,1
437,158,21.117865,5934,2021-06-26 17:52:08,52.233353, 
438,503,21.115843,5935,2021-06-26 00:31:56,52.233995,013
439,116,21.045929,5936,2021-06-26 17:52:07,52.190987,4
440,503,21.0432741,5937,2021-06-26 17:52:07,52.1569786,1
441,175,21.012804,5939,2021-06-26 17:52:04,52.243256,56
442,116,21.084,5940,2021-06-26 17:52:08,52.168503,3
443,175,21.115613,5941,2021-06-25 21:43:06,52.234041,63
444,116,20.985006,5942,2021-06-26 17:52:07,52.269066,7
445,503,21.04545,5943,2021-06-26 17:52:07,52.156452,9
446,158,21.087397,5946,2021-06-26 17:52:06,52.236248,2
447,175,20.977901,5947,2021-06-26 17:52:09,52.181446,54
448,116,21.001329,5948,2021-06-26 17:52:08,52.227959,56
449,518,20.987173,5950,2021-06-26 17:52:04,52.268044,2
450,503,21.043789,5954,2021-06-26 17:52:08,52.174274,2
451,503,21.026798,5956,2021-06-26 17:52:06,52.211731,8
452,E-9,21.045723,5962,2021-06-25 20:17:53,52.265643,06
453,180,20.92481,5964,2021-06-26 17:52:04,52.272587,10
454,723,21.047304,5966,2021-06-25 18:56:33,52.265156,07
455,180,21.063408,5967,2021-06-26 17:52:05,52.187073,4
456,180,21.011282,5968,2021-06-26 17:52:04,52.230907,1
457,116,20.923244,5969,2021-06-26 17:52:08,52.275856,8
458,518,20.975248,5976,2021-06-26 17:52:08,52.316399,6
459,518,21.009083,5978,2021-06-26 17:52:08,52.23455,3
460,518,20.999554,5979,2021-06-26 17:52:08,52.253696,5
461,518,20.942091,5980,2021-06-26 17:52:06,52.334503,7
462,518,21.017963,5981,2021-06-26 17:52:05,52.231079,4
463,503,21.005075,5983,2021-06-26 17:52:07,52.256256,6
464,111,21.043434,5984,2021-06-26 17:52:09,52.236362,5
465,111,20.989807,5985,2021-06-26 17:52:06,52.24773,7
466,111,21.066441,5986,2021-06-26 17:52:06,52.233547,2
467,180,20.924992,5987,2021-06-26 17:52:09,52.2724,9
468,180,21.013401,5988,2021-06-26 17:52:09,52.230099,6
469,180,21.048697,5990,2021-06-26 17:52:06,52.20657,2
470,180,20.966688,5991,2021-06-26 17:52:06,52.256889,58
471,518,20.947321,5994,2021-06-26 17:52:08,52.318043,1
472,116,21.047188,5995,2021-06-26 17:52:08,52.190121,2
473,116,21.023085,5996,2021-06-26 17:52:07,52.228367,1
474,116,21.005363,5997,2021-06-26 17:52:08,52.249142,11
475,116,20.960766,5998,2021-06-26 17:52:09,52.2757,10
476,111,21.010324,5999,2021-06-26 17:52:03,52.232525,1
477,167,20.968681,6201,2021-06-26 17:52:08,52.213749,2
478,713,20.799511,6203,2021-06-26 17:52:08,52.21035,1
479,713,20.929609,6204,2021-06-26 17:52:07,52.223969,2
480,112,20.949633,6207,2021-06-26 17:52:07,52.276733,6
481,112,21.0232399,6208,2021-06-26 17:52:08,52.2973154,1
482,112,20.913683,6210,2021-06-26 17:52:08,52.237019,M11
483,112,20.880157,6212,2021-06-26 17:52:07,52.216091,8
484,136,20.9775844,6213,2021-06-26 17:52:08,52.2105952,10
485,187,20.8731032,6214,2021-06-26 17:52:07,52.1932422,3
486,210,20.833256,6220,2021-06-26 17:52:07,52.290863,1
487,187,20.9373114,6222,2021-06-26 17:52:08,52.2021904,4
488,189,20.957256,6223,2021-06-26 17:52:07,52.190647,10
489,187,20.9728741,6226,2021-06-26 17:52:08,52.2189779,8
490,191,20.949527,6227,2021-06-26 17:52:08,52.2103436,6
491,136,21.052681,6236,2021-06-26 17:52:07,52.150017,7
492,716,20.82877,6239,2021-06-26 17:52:08,52.192921,3
493,184,20.940838,6241,2021-06-26 17:52:07,52.284805,4
494,703,20.878084,6242,2021-06-26 17:52:08,52.129299,74
495,706,20.942991,6243,2021-06-26 17:52:08,52.174622,1
496,L29,20.462597,65471,2021-06-26 17:52:04,52.267727,1
497,112,20.9124986,7200,2021-06-26 17:52:08,52.2415279,7
498,124,20.950558,7201,2021-06-26 17:52:08,52.156673,1
499,Z10,20.912552,7202,2021-06-26 17:52:07,52.241165,5
500,112,21.050451,7206,2021-06-26 17:52:08,52.290871,4
501,Z10,20.9198261,7208,2021-06-26 17:52:08,52.2573554,1
502,189,20.8987649,7214,2021-06-26 17:52:08,52.2386724,7
503,728,20.9433712,7217,2021-06-26 17:52:07,52.1755416,72
504,728,20.896172,7218,2021-06-26 17:52:09,52.007675,71
505,517,21.010698,7224,2021-06-26 17:52:05,52.231674,4
506,112,21.079664,7225,2021-06-26 17:52:08,52.307743,2
507,112,20.9208932,7226,2021-06-26 13:08:33,52.1969334,4
508,184,20.941977,7227,2021-06-26 17:52:06,52.2467,2
509,Z10,20.916558,7228,2021-06-26 17:52:08,52.2256331,6
510,716,20.930578,7229,2021-06-26 17:52:07,52.225044,2
511,Z10,20.930832,7234,2021-06-26 17:52:07,52.2249594,7
512,124,20.921078,7240,2021-06-25 18:26:53,52.196911,03
513,187,21.0495636,7241,2021-06-26 17:52:07,52.2023727,7
514,187,21.048248,7243,2021-06-26 17:52:07,52.178192,6
515,210,20.807138,7244,2021-06-26 17:52:07,52.300728,2
516,167,21.07411,7245,2021-06-26 17:52:07,52.21175,6
517,191,20.870396,7247,2021-06-26 17:52:08,52.18359,4
518,172,21.034948,7248,2021-06-26 17:52:08,52.201752,7
519,189,20.8969839,7249,2021-06-26 17:52:07,52.2279099,5
520,188,20.979176,7250,2021-06-26 17:52:07,52.176296,1
521,517,20.884497,7251,2021-06-26 17:52:05,52.194431,6
522,182,20.9697745,7252,2021-06-26 17:52:07,52.2191135,2
523,517,21.011135,7254,2021-06-26 17:52:07,52.230389,3
524,523,20.972651,7255,2021-06-26 17:52:08,52.21907,7
525,191,20.884324,7256,2021-06-26 17:52:07,52.1893162,5
526,188,21.1109934,7257,2021-06-26 17:52:07,52.24494,5
527,182,21.112965,7259,2021-06-26 17:52:08,52.236286,4
528,138,21.088512,7301,2021-06-26 17:52:07,52.26239,6
529,141,21.060753,7303,2021-06-26 17:52:02,52.227991,4
530,148,21.0871041,7304,2021-06-26 17:52:08,52.2447914,9
531,151,21.015603,7305,2021-06-26 17:52:01,52.220174,2
532,182,21.0136984,7306,2021-06-26 17:52:08,52.2172822,3
533,162,21.0850189,7308,2021-06-26 17:52:08,52.1932994,3
534,507,21.0272644,7310,2021-06-26 17:52:08,52.2331577,2
535,125,21.1969527,7312,2021-06-26 17:52:08,52.2084557,2
536,E-1,21.1167422,7314,2021-06-25 19:42:06,52.2335197,01
537,520,21.1559579,7315,2021-06-26 17:52:07,52.2403644,5
538,143,21.1164757,7317,2021-06-25 19:35:11,52.2334452,3
539,162,21.046919,7322,2021-06-26 17:52:07,52.212074,4
540,523,20.96665,7324,2021-06-26 17:52:08,52.218292,2
541,520,21.0142844,7325,2021-06-26 17:52:08,52.2258795,2
542,148,21.0357657,7326,2021-06-26 17:52:08,52.1476389,5
543,138,21.0403062,7327,2021-06-26 17:52:06,52.2533069,7
544,171,20.910995,7328,2021-06-26 17:52:04,52.247646,8
545,520,21.00214,7331,2021-06-26 17:52:07,52.243065,1
546,150,20.92819,753,2021-06-26 17:52:06,52.29071,3
547,750,20.837576,755,2021-06-26 17:52:06,52.367805,2
548,250,20.905125,757,2021-06-26 17:52:09,52.295174,1
549,750,20.732424,758,2021-06-26 17:52:09,52.390499,3
550,150,20.897314,761,2021-06-26 17:52:08,52.335838,1
551,250,20.886332,763,2021-06-26 17:52:01,52.33379,3
552,521,20.9865649,7701,2021-06-26 17:52:05,52.2227204,3
553,750,20.905742333,773,2021-06-26 17:52:05,52.328225833,4
554,250,20.92783,775,2021-06-26 17:52:06,52.291222,2
555,750,20.931414,776,2021-06-26 17:52:08,52.293667,1
556,150,20.8466814,777,2021-06-26 17:52:08,52.3414152,2
557,138,21.0041483,8120,2021-06-26 17:52:06,52.172534,1
558,185,20.9757683,8138,2021-06-26 17:52:02,52.2896773,7
559,172,21.0692086,8139,2021-06-26 17:52:04,52.1813393,6
560,727,20.997388,8148,2021-06-25 21:39:43,52.187336,4
561,522,21.0202215,8154,2021-06-26 17:52:02,52.2119075,6
562,167,21.0053438,8166,2021-06-26 17:52:02,52.2167998,5
563,143,21.1048133,8167,2021-06-26 17:52:05,52.2418438,2
564,522,20.998243,8174,2021-06-25 20:09:50,52.1878,013
565,504,21.0047126,8178,2021-06-26 17:52:05,52.2299566,3
566,519,20.996546,8180,2021-06-25 22:35:23,52.187545,5
567,136,20.9899326,8181,2021-06-26 17:52:02,52.1854853,4
568,138,20.995478,8183,2021-06-26 17:51:54,52.170203,2
569,172,20.992501,8184,2021-06-26 17:52:04,52.1967553,8
570,504,20.9881228,8187,2021-06-26 17:51:57,52.211556,2
571,519,21.092851,8188,2021-06-26 17:51:51,52.117081,2
572,504,21.044744,8189,2021-06-26 17:52:07,52.1425746,5
573,198,21.1173818,8210,2021-06-25 18:57:27,52.2334423,04
574,151,21.1167196,8218,2021-06-25 19:22:39,52.2335221,04
575,514,21.2257573,8222,2021-06-26 17:52:05,52.2504213,4
576,188,21.1161338,8225,2021-06-25 20:54:43,52.2335866,08
577,143,21.114924,8228,2021-06-25 23:38:50,52.234206,6
578,509,21.116793,8231,2021-06-25 20:04:19,52.233758,021
579,514,21.1316183,8300,2021-06-26 17:52:04,52.2388118,3
580,502,21.2222698,8301,2021-06-26 17:52:05,52.2177901,4
581,125,21.1011121,8303,2021-06-26 17:52:00,52.2426556,5
582,125,21.1086926,8305,2021-06-26 17:52:04,52.2409421,3
583,509,20.942,8310,2021-06-26 17:51:49,52.334271,3
584,502,21.015443,8313,2021-06-26 17:51:48,52.221266,6
585,182,21.11721,8315,2021-06-25 19:08:30,52.233705,013
586,145,21.135139,8317,2021-06-26 17:52:05,52.241356,1
587,188,21.0418328,8318,2021-06-26 17:52:02,52.2237915,6
588,168,21.11586,8320,2021-06-25 21:27:01,52.23366,07
589,514,21.0157021,8323,2021-06-26 17:52:09,52.2192876,2
590,145,21.0883315,8324,2021-06-26 17:52:07,52.2448485,2
591,720,21.4638385,8325,2021-06-26 17:52:10,52.1331198,1
592,125,21.117233,8327,2021-06-25 20:58:39,52.234053,3
593,145,21.0002463,8328,2021-06-26 17:52:12,52.291367,5
594,411,21.117353,8330,2021-06-25 20:35:38,52.233359,53
595,148,21.1044258,8331,2021-06-26 17:52:04,52.2216205,1
596,502,21.015589,8335,2021-06-26 17:51:48,52.218656,1
597,143,21.0181873,8339,2021-06-26 17:52:04,52.217646,1
598,704,21.3478366,8340,2021-06-26 17:52:11,52.2223918,1
599,171,21.0228017,8342,2021-06-26 17:51:58,52.2286117,6
600,151,21.0857533,8344,2021-06-26 17:52:06,52.2348067,3
601,185,21.0607433,8345,2021-06-26 17:52:02,52.1848633,1
602,145,21.116836,8346,2021-06-25 19:31:54,52.233566,016
603,145,21.116093,8347,2021-06-25 19:40:44,52.233476,012
604,523,20.8983233,8348,2021-06-26 17:52:01,52.2584817,9
605,507,21.056909,8349,2021-06-26 17:51:53,52.237583,5
606,411,21.116288,8350,2021-06-25 20:43:54,52.233658,061
607,125,21.04128,8351,2021-06-26 17:52:01,52.24153,4
608,125,21.1888867,8352,2021-06-26 17:52:06,52.2072133,1
609,151,21.104938,8353,2021-06-26 17:52:05,52.230338,1
610,521,21.004555,8355,2021-06-26 17:51:58,52.2282,2
611,N03,21.117188,8357,2021-06-26 05:01:26,52.233246,254
612,502,21.243325,8358,2021-06-26 17:52:04,52.2223833,3
613,507,21.1023583,8360,2021-06-26 17:52:08,52.2219733,4
614,704,21.0885917,8362,2021-06-26 17:52:04,52.2449017,2
615,521,21.172151,8363,2021-06-26 17:51:48,52.200203,5
616,507,21.005385,8366,2021-06-26 17:52:02,52.2294917,1
617,143,21.101755,8367,2021-06-26 17:51:57,52.2423367,6
618,502,21.1083783,8368,2021-06-26 17:51:57,52.2334017,5
619,521,21.1628167,8369,2021-06-26 17:52:07,52.2097267,1
620,141,21.117058,8397,2021-06-25 19:41:02,52.233698,012
621,502,21.1151075,8403,2021-06-25 23:03:57,52.2336293,064
622,411,21.1156411,8440,2021-06-25 20:20:48,52.2335555,062
623,511,20.968349,8443,2021-06-26 17:52:07,52.327164,3
624,112,20.914806,8445,2021-06-26 17:52:08,52.231056,10
625,169,21.0407792,8447,2021-06-26 17:52:08,52.2883687,2
626,509,20.9889394,8448,2021-06-26 17:52:08,52.3034537,1
627,160,21.0521142,8450,2021-06-26 17:52:07,52.2928327,6
628,409,20.903725,8452,2021-06-26 17:52:07,52.299408,58
629,735,21.020878,8454,2021-06-26 17:52:07,52.437801,61
630,112,21.012577,8455,2021-06-26 17:52:08,52.293327,5
631,731,20.9235281,8457,2021-06-26 17:52:07,52.3833662,4
632,185,21.0485019,8458,2021-06-26 11:00:08,52.2645874,6
633,169,21.0517927,8459,2021-06-26 17:52:07,52.2528706,4
634,409,20.8868104,8460,2021-06-26 17:52:08,52.3046814,51
635,169,21.0419502,8461,2021-06-26 17:52:07,52.3001506,1
636,141,20.97766,8500,2021-06-26 17:52:05,52.18412,8
637,Z26,21.00067,8501,2021-06-26 17:52:08,52.2441633,3
638,522,21.0801067,8502,2021-06-26 17:51:57,52.1576467,2
639,189,21.044543,8504,2021-06-26 17:52:03,52.175976,1
640,N33,20.996476,8505,2021-06-26 05:42:44,52.187546,172
641,185,20.997366,8507,2021-06-25 23:56:14,52.186391,9
642,174,21.015209,8508,2021-06-26 17:52:01,52.183466,3
643,189,20.996501,8509,2021-06-26 00:35:47,52.18806,12
644,331,20.997095,8511,2021-06-25 18:21:40,52.187653,01
645,148,20.998374,8514,2021-06-26 00:52:13,52.188333,5
646,N37,20.998273,8516,2021-06-26 05:43:10,52.188213,246
647,136,20.9759483,8517,2021-06-26 17:51:55,52.2114683,3
648,165,20.995996,8520,2021-06-26 17:51:55,52.169281,3
649,185,21.0382817,8521,2021-06-26 17:52:06,52.1461567,2
650,136,21.028563,8522,2021-06-26 17:51:59,52.155268,8
651,733,20.997863,8523,2021-06-25 20:19:16,52.187501,62
652,185,21.055813,8524,2021-06-26 17:51:49,52.181755,4
653,519,21.0911383,8525,2021-06-26 17:51:59,52.1523317,4
654,136,21.055611,8528,2021-06-26 17:51:49,52.147354,6
655,143,21.1600783,8530,2021-06-26 17:52:07,52.2587767,5
656,308,20.997771,8531,2021-06-25 19:03:30,52.187649,02
657,136,20.997748,8533,2021-06-25 23:20:13,52.188256,10
658,N03,20.997894,8534,2021-06-26 05:57:03,52.18594,156
659,131,20.996449,8535,2021-06-25 22:36:53,52.186401,10
660,519,21.01673,8536,2021-06-26 17:52:06,52.2222267,7
661,N33,20.996953,8537,2021-06-26 05:04:45,52.186869,173
662,217,21.0761583,8540,2021-06-26 17:52:01,52.15752,2
663,N34,20.996438,8541,2021-06-26 05:33:51,52.187668,149
664,N37,20.99783,8545,2021-06-26 05:44:42,52.187465,132
665,167,20.92576,8547,2021-06-26 17:52:01,52.2341167,3
666,733,20.9433467,8548,2021-06-26 17:52:09,52.1754317,1
667,504,21.0686633,8550,2021-06-26 17:52:02,52.129005,6
668,519,21.052365,8551,2021-06-26 17:52:06,52.184936,5
669,522,21.069698,8552,2021-06-26 17:51:49,52.165521,1
670,Z26,21.034585,8553,2021-06-26 17:52:03,52.2553933,2
671,148,21.0926267,8559,2021-06-26 17:51:59,52.22531,7
672,151,21.116914,8561,2021-06-25 23:54:17,52.233616,1
673,171,20.979555,8562,2021-06-26 17:51:56,52.2372117,7
674,521,21.116369,8565,2021-06-25 20:39:03,52.233641,08
675,520,21.1129183,8566,2021-06-26 17:52:03,52.2329083,6
676,523,21.05787,8567,2021-06-26 17:51:56,52.227236,6
677,509,21.0331767,8569,2021-06-26 17:51:54,52.2554433,9
678,148,21.052551,8570,2021-06-26 17:51:56,52.184786,6
679,143,21.1771233,8573,2021-06-26 17:52:00,52.2570067,4
680,521,21.146463,8574,2021-06-26 17:51:49,52.226436,4
681,523,20.9316417,8576,2021-06-26 17:51:55,52.2402717,8
682,141,21.0423267,8578,2021-06-26 17:51:57,52.2246983,1
683,190,21.046053,8582,2021-06-25 18:46:44,52.264343,021
684,523,21.1067967,8586,2021-06-26 17:52:04,52.248005,4
685,520,21.01954,8589,2021-06-26 17:51:53,52.2179,7
686,185,21.03757,8592,2021-06-26 17:52:03,52.233595,5
687,N13,21.114978,8593,2021-06-26 05:47:18,52.233611,247
688,145,21.1273817,8594,2021-06-26 17:52:08,52.25636,3
689,188,21.08414,8595,2021-06-26 17:52:08,52.2434517,4
690,168,21.112745,8800,2021-06-26 17:52:03,52.236263,5
691,189,20.898779,8802,2021-06-26 17:52:03,52.238715,6
692,148,21.0169006,8804,2021-06-26 17:52:04,52.1529163,3
693,168,21.0682375,8805,2021-06-26 17:51:45,52.2032488,6
694,136,20.9658651,8806,2021-06-26 17:52:05,52.2431396,1
695,189,20.9643566,8807,2021-06-26 17:52:06,52.188037,3
696,138,21.0491645,8808,2021-06-26 17:52:02,52.2432831,4
697,168,20.9959466,8810,2021-06-26 17:52:05,52.1933881,2
698,167,21.0322833,8812,2021-06-26 17:52:05,52.206932,1
699,136,20.9656783,8813,2021-06-26 17:52:05,52.2427133,2
700,504,20.9815416,8814,2021-06-26 17:52:06,52.1899105,4
701,217,21.0294575,8816,2021-06-26 17:52:07,52.1781056,1
702,167,21.082921,8818,2021-06-26 17:52:06,52.208286,7
703,167,20.9418648,8819,2021-06-26 17:52:04,52.2313851,4
704,174,20.9953366,8820,2021-06-26 17:52:07,52.1701883,371
705,N43,20.9959001,8821,2021-06-26 05:29:35,52.1875351,220
706,189,21.048201,8822,2021-06-26 17:51:57,52.177664,12
707,519,21.0477445,8823,2021-06-26 17:52:06,52.1896876,8
708,148,21.0468598,8825,2021-06-26 17:52:07,52.163809,2
709,522,21.0219048,8826,2021-06-26 17:52:04,52.2110141,318
710,514,21.0638393,8828,2021-06-26 17:52:06,52.2287338,1
711,509,21.1024083,8829,2021-06-26 17:52:03,52.2218925,7
712,143,21.0195071,8832,2021-06-26 17:52:03,52.2179031,7
713,502,21.0980047,8833,2021-06-26 17:52:06,52.2347971,2
714,182,21.1161263,8834,2021-06-26 17:52:08,52.2347521,M5
715,N83,21.116546,8839,2021-06-26 05:25:32,52.233586,174
716,520,21.0754571,8840,2021-06-26 17:52:07,52.2333508,3
717,138,21.1172336,8841,2021-06-25 22:19:45,52.2337476,1
718,521,21.1161941,8844,2021-06-25 20:59:15,52.2334716,09
719,138,21.019049,8846,2021-06-26 17:52:03,52.212459,8
720,143,21.1625196,8850,2021-06-26 17:52:04,52.2599553,3
721,138,21.0912335,8852,2021-06-26 17:51:58,52.2605686,5
722,509,21.0679416,8853,2021-06-26 17:52:05,52.2258161,8
723,182,21.0724496,8854,2021-06-26 17:52:05,52.2311283,1
724,518,21.047239,8859,2021-06-25 21:49:41,52.2647968,9
725,412,21.047084,8862,2021-06-25 20:21:52,52.264918,05
726,509,21.043849,8863,2021-06-25 22:53:53,52.266028,14
727,723,21.047273,8864,2021-06-25 19:20:55,52.264625,08
728,269,21.043698,8866,2021-06-25 22:15:02,52.266003,04
729,738,21.046916,8868,2021-06-25 18:47:25,52.264738,05
730,340,21.046388,8870,2021-06-25 19:12:44,52.265081,03
731,511,21.046323,8874,2021-06-25 18:33:00,52.265079,05
732,340,21.048342,8876,2021-06-25 18:55:45,52.264397,06
733,723,20.9828401,8878,2021-06-26 17:52:04,52.3087605,1
734,511,21.0472221,8879,2021-06-25 19:11:55,52.2646076,07
735,709,20.996574,8880,2021-06-25 18:58:33,52.18762,016
736,136,20.99718,8881,2021-06-26 17:52:04,52.188821,9
737,174,21.0146831,8882,2021-06-26 17:52:05,52.193656,1
738,165,21.024257,8883,2021-06-26 17:52:04,52.179759,4
739,504,21.0176315,8885,2021-06-26 17:52:06,52.1530398,1
740,504,20.9985235,8886,2021-06-26 11:14:42,52.1878498,6
741,165,21.0024346,8888,2021-06-26 17:52:08,52.158245,2
742,165,21.0026378,8891,2021-06-26 17:52:05,52.1778836,1
743,148,21.08708,8893,2021-06-26 17:51:53,52.245024,8
744,172,21.0354903,8895,2021-06-26 17:52:04,52.2015555,5
745,522,21.0032171,8896,2021-06-26 17:52:05,52.2297231,5
746,138,21.0109246,8897,2021-06-26 17:52:07,52.2034818,3
747,519,21.0891936,8899,2021-06-26 17:52:06,52.1569033,1
748,161,21.176979,9061,2021-06-26 17:52:05,52.175549,1
749,104,21.023504,9063,2021-06-26 17:52:04,52.297356,2
750,161,21.224724,9068,2021-06-26 17:52:06,52.186695,2
751,211,20.945738,9070,2021-06-26 17:52:06,52.350269,3
752,211,20.941467,9074,2021-06-26 17:52:04,52.355301,4
753,211,20.968113,9075,2021-06-26 17:52:04,52.319397,M5
754,234,21.014093,9076,2021-06-26 17:42:18,52.310333,1
755,234,21.066851,9079,2021-06-26 17:52:08,52.339001,2
756,800,20.757915,9082,2021-06-26 17:52:02,52.356804,M1
757,900,20.953651,9084,2021-06-26 17:52:07,52.358864,1
758,161,21.19175,9088,2021-06-26 17:52:04,52.183666,M3
759,104,20.999817,9091,2021-06-26 17:52:07,52.289745,1
760,211,20.96611,9092,2021-06-26 17:52:05,52.31881,2
761,211,21.000946,9093,2021-06-26 17:52:08,52.291172,1
762,219,21.165533,9201,2021-06-26 17:52:03,52.204292,1
763,107,20.999842,9204,2021-06-26 17:52:07,52.245781,1
764,107,20.979343,9205,2021-06-26 17:52:07,52.24448,2
765,121,20.969055,9206,2021-06-26 17:52:05,52.277954,M2
766,209,21.018957,9209,2021-06-26 17:52:07,52.143417,54
767,107,21.004795,9210,2021-06-26 17:52:07,52.2407,3
768,201,20.927074,9212,2021-06-26 17:52:04,52.233948,3
769,121,20.967957,9213,2021-06-26 17:52:01,52.271967,1
770,133,20.982321,9214,2021-06-26 17:52:03,52.35545,1
771,133,20.952253,9215,2021-06-26 17:52:01,52.316856,2
772,164,21.05607,9216,2021-06-26 17:52:02,52.18203,2
773,164,21.138208,9217,2021-06-26 17:52:08,52.145836,1
774,164,21.066198,9219,2021-06-26 17:52:04,52.172138,3
775,177,20.883627,9220,2021-06-26 17:52:02,52.205769,1
776,177,20.892488,9221,2021-06-26 17:52:06,52.193249,2
777,203,20.92837,9222,2021-06-26 17:52:00,52.291138,2
778,107,21.047297,9223,2021-06-26 17:52:06,52.21236,4
779,203,20.923098,9224,2021-06-26 17:52:06,52.278358,1
780,208,20.948818,9225,2021-06-26 17:52:01,52.202908,2
781,209,20.981108,9227,2021-06-26 17:52:04,52.132835,51
782,228,20.893023,9228,2021-06-26 17:52:03,52.200378,1
783,228,20.930288,9229,2021-06-26 17:52:08,52.214581,3
784,177,20.887672,9230,2021-06-26 17:52:05,52.194859,3
785,228,20.978964,9231,2021-06-26 17:52:07,52.191956,2
786,209,21.027203,9233,2021-06-26 17:52:05,52.15147,52
787,201,20.925076,9234,2021-06-26 17:52:08,52.260563,2
788,219,21.140587,9235,2021-06-26 17:52:02,52.190128,2
789,208,20.975628,9236,2021-06-26 17:52:00,52.210304,1
790,264,21.084387,9240,2021-06-26 17:52:08,52.168591,1
791,107,21.044332,9241,2021-06-26 17:52:08,52.221382,M5
792,201,20.943081,9243,2021-06-26 17:52:06,52.246094,1
793,219,21.10272,9250,2021-06-26 17:52:08,52.222687,3
794,239,21.006275,9252,2021-06-26 17:52:07,52.142345,53
795,199,21.068331,9311,2021-06-26 17:52:08,52.278587,4
796,135,21.074507,9312,2021-06-26 17:52:05,52.245811,3
797,135,21.026987,9313,2021-06-26 17:52:07,52.259743,4
798,123,21.096474,9316,2021-06-26 17:52:05,52.232384,1
799,123,21.050877,9317,2021-06-26 17:52:07,52.252506,3
800,179,21.060322,9318,2021-06-26 17:52:03,52.148724,7
801,153,21.170332,9319,2021-06-26 17:52:08,52.276855,3
802,179,21.031622,9320,2021-06-26 17:52:03,52.148937,3
803,142,21.135954,9321,2021-06-26 17:52:09,52.196564,4
804,123,21.0595429,9322,2021-06-26 17:52:08,52.2349214,2
805,123,21.083918,9323,2021-06-26 17:52:07,52.245914,5
806,179,21.036844,9325,2021-06-26 17:52:04,52.162003,4
807,135,21.064079,9326,2021-06-26 17:52:03,52.246605,1
808,179,21.037056,9327,2021-06-26 17:52:01,52.162052,5
809,135,21.107147,9328,2021-06-26 17:52:05,52.248341,2
810,179,21.034075,9329,2021-06-26 17:52:04,52.144318,6
811,179,21.061493,9333,2021-06-26 17:52:07,52.14724,52
812,123,21.083715,9337,2021-06-26 17:52:08,52.225422,4
813,153,21.159723,9338,2021-06-26 17:52:09,52.257835,2
814,123,21.052423,9339,2021-06-26 17:52:04,52.250175,357
815,153,21.177019,9340,2021-06-26 17:52:04,52.256847,1
816,199,21.179741,9342,2021-06-26 17:52:05,52.269157,2
817,123,21.077581,9345,2021-06-25 21:25:22,52.268494,357
818,179,21.068605,9349,2021-06-26 17:52:08,52.12888,1
819,142,21.088806,9351,2021-06-26 17:52:05,52.24493,1
820,142,21.241957,9352,2021-06-26 17:52:06,52.16983,3
821,142,21.191296,9354,2021-06-26 17:46:59,52.171467,M5
822,199,21.1440509,9355,2021-06-26 17:52:04,52.2696932,1
823,142,21.083725,9357,2021-06-26 17:52:04,52.245251,2
824,103,20.926674,9411,2021-06-26 17:52:08,52.290371,4
825,157,20.968977,9412,2021-06-26 17:52:07,52.208122,3
826,117,21.10243,9413,2021-06-26 17:52:06,52.222164,3
827,516,20.945263,9414,2021-06-26 17:52:07,52.319042,4
828,157,20.976595,9416,2021-06-26 17:52:07,52.28989,6
829,117,21.013102,9417,2021-06-26 17:52:06,52.230083,1
830,103,20.969267,9418,2021-06-26 17:52:05,52.223118,2
831,134,20.965858,9419,2021-06-26 17:52:04,52.271305,1
832,134,20.997095,9420,2021-06-26 17:52:08,52.288269,2
833,134,21.053463,9423,2021-06-26 17:52:06,52.360943,3
834,117,21.097359,9424,2021-06-26 17:52:08,52.221161,4
835,117,21.041462,9425,2021-06-26 17:52:07,52.235962,2
836,103,20.938133,9427,2021-06-26 17:52:04,52.292263,5
837,157,20.976402,9428,2021-06-26 17:52:07,52.288071,1
838,157,20.987518,9429,2021-06-26 17:52:08,52.24279,2
839,245,21.127113,9431,2021-06-26 17:52:06,52.287594,1
840,516,20.942028,9432,2021-06-26 17:52:05,52.333939,1
841,516,20.982334,9434,2021-06-26 17:52:08,52.309059,2
842,516,21.000818,9436,2021-06-26 17:52:08,52.291119,3
843,176,21.006401,9438,2021-06-26 17:52:08,52.307491,1
844,157,20.992908,9439,2021-06-26 17:52:08,52.253822,5
845,712,20.893297,9441,2021-06-26 17:52:04,52.284981,M2
846,103,20.958015,9442,2021-06-26 17:52:08,52.245827,1
847,103,20.946667,9443,2021-06-26 17:52:04,52.268433,3
848,245,21.052999,9446,2021-06-26 17:52:05,52.276489,2
849,712,20.927977,9450,2021-06-26 17:52:05,52.290775,1
850,176,20.982256,9452,2021-06-26 17:52:01,52.355572,3
851,176,21.026707,9453,2021-06-26 17:52:08,52.28117,2
852,743,20.890482,9459,2021-06-26 17:52:07,52.226509,1
853,194,20.899865667,9501,2021-06-26 17:52:07,52.208396333,4
854,181,20.960242167,9503,2021-06-26 17:52:10,52.281512667,2
855,717,20.887916,9504,2021-06-26 17:52:05,52.1810905,3
856,139,21.112885,9507,2021-06-26 17:52:10,52.1091555,2
857,149,20.947702167,9509,2021-06-26 17:52:05,52.245741833,2
858,729,20.93758,9511,2021-06-26 17:52:05,52.239641333,1
859,149,20.903259333,9514,2021-06-26 17:52:06,52.239048333,4
860,159,21.007170333,9515,2021-06-26 17:52:06,52.222988167,1
861,159,21.075266833,9519,2021-06-26 17:52:09,52.190707167,4
862,159,21.062174833,9520,2021-06-26 17:52:09,52.192570167,5
863,181,20.976897833,9521,2021-06-26 17:52:08,52.279062,1
864,715,21.036785667,9522,2021-06-26 17:52:05,52.161963667,55
865,181,20.925102,9524,2021-06-26 17:52:04,52.308600833,4
866,194,20.9212185,9525,2021-06-26 17:52:08,52.221182,1
867,181,20.899839,9526,2021-06-26 17:52:08,52.297149167,3
868,220,20.925092167,9529,2021-06-26 17:52:07,52.2607595,3
869,717,20.964847167,9530,2021-06-26 17:52:06,52.218284333,2
870,159,20.9577255,9531,2021-06-26 17:52:09,52.211483333,2
871,194,20.8729265,9532,2021-06-26 17:52:06,52.195095,2
872,194,20.866212,9533,2021-06-26 17:52:00,52.197202667,3
873,194,20.930894,9534,2021-06-26 17:52:08,52.225049167,5
874,220,20.944174333,9535,2021-06-26 17:52:06,52.175884833,1
875,220,20.897316833,9537,2021-06-26 17:52:05,52.244390667,4
876,300,21.017636833,9538,2021-06-26 17:52:09,52.162531,M1
877,149,20.940429333,9539,2021-06-26 17:52:05,52.246641667,3
878,707,20.886646333,9540,2021-06-26 17:52:07,52.101296167,1
879,715,20.924569667,9542,2021-06-26 17:52:08,52.151843667,53
880,737,21.011472833,9543,2021-06-26 17:52:09,52.110416667,54
881,717,20.841124,9544,2021-06-26 17:52:05,52.179332167,1
882,724,21.070878667,9546,2021-06-26 17:52:09,52.131984833,1
883,139,21.0239955,9548,2021-06-26 17:52:06,52.179578,1
884,715,20.9796305,9554,2021-06-26 17:52:07,52.125658333,51
885,149,20.898121667,9555,2021-06-26 17:52:07,52.248757667,1
886,159,21.009193667,9556,2021-06-26 17:52:05,52.2226705,3
887,220,20.896849667,9557,2021-06-26 17:52:07,52.201984,2
888,152,21.001204,9673,2021-06-26 17:52:03,52.336651,5
889,152,20.952423,9678,2021-06-26 17:52:01,52.317017,1
890,152,20.992407,9680,2021-06-26 17:52:04,52.338707,2
891,118,21.01569,9681,2021-06-26 17:52:05,52.223175,3
892,212,21.043161,9682,2021-06-26 17:52:08,52.273792,2
893,118,21.007046,9683,2021-06-26 17:52:06,52.260185,4
894,118,21.037336,9685,2021-06-26 17:52:07,52.23233,2
895,152,20.956209,9687,2021-06-26 17:52:07,52.316677,4
896,152,21.058607,9688,2021-06-26 17:52:06,52.31813,3
897,118,21.041346,9689,2021-06-26 17:52:03,52.300056,5
898,212,21.03705,9692,2021-06-26 17:51:56,52.268635,3
899,212,21.058487,9696,2021-06-26 17:52:03,52.300671,1
900,118,21.013723,9697,2021-06-26 17:52:09,52.293625,1
901,212,21.05793,9698,2021-06-26 17:52:05,52.299919,4
902,109,21.002714,9801,2021-06-26 17:52:08,52.233547,1
903,710,21.115377,9802,2021-06-26 17:52:03,52.100029,1
904,525,21.196629,9803,2021-06-26 17:52:07,52.208263,3
905,Z10,20.924801,9804,2021-06-26 17:52:07,52.260807,2
906,109,20.89879,9806,2021-06-26 17:52:01,52.23851,5
907,109,20.941591,9807,2021-06-26 17:52:03,52.239426,6
908,127,21.028074,9809,2021-06-26 17:52:02,52.238335,2
909,127,20.962431,9810,2021-06-26 17:52:06,52.217041,1
910,127,21.025218,9811,2021-06-26 17:52:04,52.24142,335
911,131,21.005205,9814,2021-06-26 17:52:02,52.228855,4
912,127,20.924973,9817,2021-06-26 17:52:05,52.207066,5
913,131,21.083792,9818,2021-06-26 17:52:06,52.168381,2
914,710,21.119186,9819,2021-06-26 17:52:02,52.081684,3
915,131,21.041838,9820,2021-06-26 17:52:08,52.206772,6
916,131,21.042995,9821,2021-06-26 17:52:05,52.206562,1
917,525,21.017714,9822,2021-06-26 17:52:01,52.217617,1
918,519,21.002763,9825,2021-06-26 17:47:19,52.229939,6
919,525,21.137918,9826,2021-06-26 17:52:00,52.229572,2
920,710,21.06923,9827,2021-06-26 17:52:03,52.078052,2
921,Z10,20.912245,9828,2021-06-26 17:52:04,52.242809,9
922,525,21.174818,9829,2021-06-26 17:52:06,52.205952,4
923,525,21.052603,9830,2021-06-26 17:52:09,52.226009,5
924,742,21.216902,9833,2021-06-26 17:52:08,51.981136,1
925,710,21.097351,9834,2021-06-26 17:52:07,52.13076,4
926,719,20.83498,9835,2021-06-26 17:52:08,52.248905,1
927,Z10,20.916382,9836,2021-06-26 17:52:03,52.224655,8
928,Z10,20.924614,9837,2021-06-26 17:52:07,52.260521,M4
929,109,20.945338,9838,2021-06-26 17:52:02,52.238903,4
930,127,20.994711,9839,2021-06-26 17:52:04,52.226074,4
931,109,21.043371,9842,2021-06-26 17:51:58,52.222965,2
932,525,21.003939,9846,2021-06-26 17:51:59,52.229542,319
933,719,20.59152,9849,2021-06-26 17:52:05,52.257832,2
934,719,20.950352,9852,2021-06-26 17:52:04,52.238575,3
935,131,21.008526,9854,2021-06-26 17:52:07,52.229237,3
936,114,20.953121,9901,2021-06-26 17:52:06,52.269569,1
937,114,20.933662,9903,2021-06-26 17:52:06,52.288906,5
938,186,20.963802,9905,2021-06-26 17:52:06,52.207794,5
939,193,21.038193,9906,2021-06-26 17:52:07,52.15403,1
940,114,21.023317,9907,2021-06-26 17:52:06,52.28624,7
941,186,20.942221,9908,2021-06-26 17:52:07,52.33411,1
942,186,20.995592,9909,2021-06-26 17:52:05,52.287258,3
943,186,20.971254,9912,2021-06-26 17:52:05,52.206036,6
944,186,20.952917,9915,2021-06-26 17:52:04,52.318188,9
945,186,20.964212,9916,2021-06-26 17:52:08,52.318077,2
946,190,20.980133,9919,2021-06-26 17:52:08,52.237038,2
947,190,20.896774,9920,2021-06-26 17:52:06,52.239098,5
948,190,21.085407,9921,2021-06-26 17:52:06,52.303905,9
949,190,21.081348,9922,2021-06-26 17:52:04,52.294086,10
950,193,21.050652,9923,2021-06-26 17:52:04,52.159763,2
951,193,20.997581,9925,2021-06-26 17:52:09,52.169563,3
952,114,21.041256,9928,2021-06-26 17:52:07,52.290833,63
953,114,20.936281,9930,2021-06-26 17:52:03,52.303944,2
954,193,21.005548,9933,2021-06-26 17:52:09,52.171997,4
955,190,20.898579,9935,2021-06-26 17:52:04,52.23904,4
956,186,20.968308,9939,2021-06-26 17:52:06,52.274384,8
957,114,20.977688,9940,2021-06-26 17:52:04,52.266659,4
958,114,21.041908,9941,2021-06-26 17:52:06,52.300266,6
959,186,20.956957,9942,2021-06-26 17:52:08,52.229794,4
960,190,21.047514,9946,2021-06-26 17:52:08,52.260349,8
961,190,20.914356,9947,2021-06-26 17:52:08,52.23597,3
962,190,20.92798,9949,2021-06-26 17:52:05,52.240749,6
963,190,21.002071,9951,2021-06-26 17:52:04,52.244987,7
964,190,21.005722,9953,2021-06-26 17:52:07,52.245842,1
965,186,20.957773,9954,2021-06-26 17:52:04,52.224171,67
966,o43A,21.423235,9999,2021-06-25 14:26:34,50.302956,1
