,Lines,Lon,VehicleNumber,Time,Lat,Brigade
0,213,21.1152613,1000,2021-06-25 23:22:58,52.2346205,3
1,213,21.115043,1001,2021-06-25 23:56:49,52.23463,1
2,213,21.1707283,1003,2021-06-26 18:04:47,52.1929613,1
3,311,21.115233,1004,2021-06-25 21:52:40,52.23458,2
4,196,21.11514,1005,2021-06-25 23:48:58,52.234611,1
5,130,21.11559,1008,2021-06-25 20:19:05,52.234613,04
6,213,21.1022551,1010,2021-06-26 18:04:44,52.2228168,2
7,213,21.1887916,1011,2021-06-26 18:04:44,52.1498831,4
8,311,21.1155166,1012,2021-06-25 21:16:38,52.2346153,1
9,213,21.1706105,1015,2021-06-26 18:04:44,52.1949351,3
10,108,21.045876,1020,2021-06-26 18:04:43,52.215218,3
11,218,21.0012272,1021,2021-06-26 18:04:48,52.1888814,4
12,218,21.0237077,1024,2021-06-26 18:04:47,52.1798287,2
13,192,21.05788,1025,2021-06-26 18:04:47,52.139671,3
14,195,20.9979977,1026,2021-06-25 21:14:18,52.1862374,2
15,163,21.081392,1027,2021-06-26 18:04:47,52.17786,1
16,218,20.992558,1028,2021-06-26 18:04:47,52.185623,3
17,163,21.083899,1030,2021-06-26 18:04:47,52.1677517,2
18,163,21.049023,1031,2021-06-26 18:04:47,52.178284,3
19,108,21.040411,1038,2021-06-26 18:04:33,52.216626,4
20,192,21.0177371,1039,2021-06-26 18:04:47,52.1647642,2
21,204,21.0493117,1040,2021-06-26 18:04:45,52.3222983,1
22,736,20.995415,1042,2021-06-26 18:04:41,52.2973683,1
23,204,21.043091,1043,2021-06-25 22:53:22,52.26632,05
24,204,21.0231533,1044,2021-06-26 18:04:39,52.277265,3
25,107,21.046234,1045,2021-06-25 22:36:50,52.264653,4
26,204,21.042681,1046,2021-06-25 23:57:31,52.266098,1
27,204,21.029759,1047,2021-06-26 18:04:42,52.288153,2
28,228,20.921443,1050,2021-06-25 23:41:52,52.196853,2
29,328,20.921189,1051,2021-06-25 22:30:10,52.196913,01
30,129,20.9393217,1052,2021-06-26 18:04:40,52.245925,2
31,129,20.9249117,1053,2021-06-26 18:04:44,52.2081683,3
32,129,20.8831233,1055,2021-06-26 18:04:35,52.1955067,4
33,129,20.9270983,1057,2021-06-26 18:04:38,52.234,1
34,119,21.1675162,1061,2021-06-26 18:04:47,52.2047449,4
35,119,21.185654,1062,2021-06-26 18:04:47,52.206814,5
36,192,21.024309,1064,2021-06-26 18:04:49,52.179871,1
37,192,21.0425784,1069,2021-06-26 18:04:47,52.1480121,52
38,108,21.043273,1070,2021-06-26 18:04:48,52.1753659,1
39,108,21.052425,1074,2021-06-26 18:04:47,52.179531,2
40,218,21.024271,1076,2021-06-26 18:04:47,52.179741,1
41,192,21.0688129,1079,2021-06-26 18:04:47,52.1289342,4
42,173,21.0426228,1101,2021-06-26 00:28:34,52.2664063,2
43,240,21.0008141,1109,2021-06-26 18:04:45,52.291364,2
44,173,21.048266,1110,2021-06-25 19:53:25,52.264265,3
45,170,21.0808495,1111,2021-06-26 18:04:47,52.2772205,2
46,132,20.9687156,1112,2021-06-26 18:04:46,52.271996,51
47,126,21.046033,1113,2021-06-25 23:08:32,52.264159,4
48,338,21.046365,1116,2021-06-25 19:40:36,52.2645706,05
49,170,21.0379226,1117,2021-06-26 18:04:52,52.2523661,4
50,739,21.037289,1200,2021-06-26 18:04:48,52.093418,65
51,739,21.039703,1201,2021-06-26 18:04:48,52.080521,64
52,166,21.0596346,1203,2021-06-26 18:04:47,52.1377745,1
53,727,21.0280849,1205,2021-06-26 18:04:47,52.0678524,68
54,727,21.0175834,1208,2021-06-26 18:04:47,52.1406717,62
55,141,21.063799,1211,2021-06-26 18:04:48,52.228947,2
56,739,21.0237624,1213,2021-06-26 18:04:48,52.1799351,66
57,166,21.036688,1214,2021-06-26 18:04:45,52.232018,3
58,727,21.0190007,1216,2021-06-26 18:04:47,52.097519,67
59,739,21.0177972,1218,2021-06-26 18:04:48,52.1466617,63
60,166,21.0682499,1219,2021-06-26 18:04:47,52.1292557,8
61,166,21.05065,1220,2021-06-26 18:04:48,52.158924,7
62,727,20.970718,1223,2021-06-26 18:04:47,52.041691,61
63,240,21.0483353,1400,2021-06-26 00:03:19,52.2641493,1
64,170,21.093814,1401,2021-06-26 18:04:44,52.270961,3
65,170,21.0454971,1403,2021-06-25 21:36:41,52.2652081,3
66,240,21.043604,1408,2021-06-25 23:31:26,52.266069,4
67,146,21.157,1411,2021-06-26 18:04:48,52.1687,58
68,173,21.222595,1412,2021-06-26 18:04:47,52.217735,3
69,730,21.124672,1413,2021-06-26 18:04:49,52.235394,61
70,146,21.043921,1417,2021-06-26 18:04:47,52.248604,57
71,199,21.1230994,1418,2021-06-26 18:04:48,52.278943,3
72,147,21.089433,1419,2021-06-26 18:04:48,52.220085,53
73,183,21.1917697,1422,2021-06-26 18:04:48,52.2387497,3
74,147,21.2420507,1425,2021-06-26 18:04:48,52.2166552,54
75,147,21.136507,1426,2021-06-26 18:04:48,52.196663,55
76,146,21.204639,1427,2021-06-26 18:04:47,52.159523,59
77,119,21.0515,1429,2021-06-26 18:04:48,52.196724,1
78,L11,20.871916,14422,2021-06-26 18:04:51,52.453217,2
79,L10,20.945208,14423,2021-06-26 14:34:04,52.437897,M4
80,L11,20.723183,14424,2021-06-25 20:30:06,52.424343,51
81,L-9,20.943853,14426,2021-06-26 18:04:49,52.399036,3
82,L11,20.776926,14427,2021-06-26 18:04:45,52.441269,1
83,L34,20.88501,14429,2021-06-26 18:04:49,52.411396,1
84,L10,20.945269,14430,2021-06-26 16:19:41,52.437912,M5
85,L34,20.945213,14431,2021-06-25 19:23:11,52.437866,2
86,L41,20.709789,14432,2021-06-26 18:04:45,52.430515,1
87,L33,20.945353,14434,2021-06-25 23:24:58,52.438198,1
88,L49,20.885084,14436,2021-06-26 18:04:45,52.41016,1
89,L-9,20.949566,14440,2021-06-25 23:13:11,52.471237,055
90,338,21.045604,1500,2021-06-25 19:27:18,52.264496,03
91,106,20.9662271,1508,2021-06-26 18:04:45,52.2433086,5
92,735,21.0293025,1509,2021-06-26 18:04:44,52.3797605,M4
93,240,21.0938826,1510,2021-06-26 18:04:45,52.320434,4
94,110,20.88705,1513,2021-06-26 18:04:46,52.3049008,52
95,147,21.044424,1514,2021-06-25 19:54:57,52.2648745,06
96,115,21.24215,1521,2021-06-26 18:04:38,52.1699333,4
97,115,21.182181,1523,2021-06-26 18:04:32,52.19129,3
98,702,21.262845,1524,2021-06-26 18:04:43,52.0987033,2
99,183,21.115313,1526,2021-06-26 00:16:52,52.233074,4
100,N16,21.116845,1527,2021-06-26 05:37:31,52.233048,2
101,N44,21.117096,1528,2021-06-26 05:37:25,52.233049,207
102,702,21.157485,1531,2021-06-26 18:04:35,52.1672517,1
103,202,21.04276,1532,2021-06-26 18:04:37,52.2444333,2
104,141,21.0233517,1533,2021-06-26 18:04:47,52.197205,6
105,119,21.0337733,1535,2021-06-26 18:04:49,52.2036967,3
106,156,20.968201,1537,2021-06-26 18:04:45,52.273975,2
107,132,21.07433,1538,2021-06-26 18:04:46,52.3222833,55
108,120,21.0587733,1539,2021-06-26 18:04:36,52.3013383,1
109,156,21.0521317,1540,2021-06-26 18:04:49,52.25301,5
110,166,21.0270983,1542,2021-06-26 18:04:47,52.2600383,4
111,221,20.9940683,1543,2021-06-26 18:04:40,52.2594683,2
112,N03,21.044968,1545,2021-06-26 05:08:35,52.264589,2
113,156,21.0184717,1546,2021-06-26 18:04:40,52.2914983,4
114,512,21.0441983,1548,2021-06-26 18:04:38,52.2499967,1
115,120,21.049305,1549,2021-06-26 18:04:35,52.2609117,2
116,166,21.026575,1550,2021-06-26 18:04:46,52.2134017,6
117,120,21.0391983,1551,2021-06-26 18:04:47,52.3590517,6
118,156,20.92797,1552,2021-06-26 18:04:45,52.2908267,3
119,L35,21.309484,17455,2021-06-26 18:04:46,52.369114,51
120,L40,21.226803,17458,2021-06-26 18:04:45,52.344475,1
121,L43,21.077759,17461,2021-06-26 08:32:11,52.26762,51
122,L43,21.077951,17462,2021-06-26 17:54:57,52.267616,52
123,L45,21.175339,17464,2021-06-26 18:04:47,52.310761,1
124,L37,21.176323,17466,2021-06-25 22:21:40,52.312318,2
125,L38,21.250057,17467,2021-06-26 18:04:45,52.327843,51
126,240,21.002791,1802,2021-06-26 18:04:45,52.2906846,3
127,N12,21.045453,1803,2021-06-26 04:33:33,52.264459,128
128,110,20.968544,1804,2021-06-26 18:04:46,52.2721898,53
129,132,21.0030843,1805,2021-06-26 18:04:43,52.2907863,54
130,122,20.9215813,1807,2021-06-26 18:04:46,52.2493698,6
131,106,21.0435196,1808,2021-06-26 06:30:45,52.2662013,4
132,N11,21.0454075,1809,2021-06-26 05:42:59,52.264945,122
133,106,21.0203893,1810,2021-06-26 18:04:43,52.2431208,2
134,106,20.9930116,1811,2021-06-26 18:04:47,52.2350158,1
135,106,21.0128745,1812,2021-06-26 18:04:42,52.2361438,3
136,170,21.021851,1814,2021-06-26 18:04:43,52.262563,1
137,122,20.9724918,1815,2021-06-26 18:04:43,52.2648048,3
138,N12,21.046083,1816,2021-06-26 05:05:03,52.264528,210
139,173,21.042571,1818,2021-06-25 23:48:59,52.2664061,10
140,173,21.1428071,1821,2021-06-26 18:04:44,52.2373308,2
141,115,21.1596348,1826,2021-06-26 18:04:43,52.2578606,2
142,146,21.0522066,1828,2021-06-26 18:04:46,52.2502435,52
143,146,21.0883688,1829,2021-06-26 18:04:45,52.2200603,51
144,183,21.0888511,1830,2021-06-26 18:04:44,52.2449295,1
145,119,21.1165895,1832,2021-06-25 22:22:16,52.2331471,06
146,183,21.132696,1833,2021-06-26 18:04:43,52.2399513,2
147,173,21.2233683,1835,2021-06-26 18:04:44,52.2478106,4
148,115,21.156506,1837,2021-06-26 18:04:42,52.2561275,1
149,168,21.0379303,1838,2021-06-26 18:04:42,52.2063985,1
150,115,21.1896568,1839,2021-06-26 18:04:41,52.18369,5
151,147,21.1172291,1840,2021-06-25 21:35:22,52.2330755,09
152,142,21.1168673,1842,2021-06-25 20:08:52,52.2330963,08
153,168,21.001043,1843,2021-06-26 18:04:41,52.201728,3
154,173,21.1167918,1844,2021-06-25 23:53:58,52.233165,8
155,168,21.092878,1846,2021-06-26 18:04:28,52.214706,4
156,722,21.23865,1847,2021-06-26 18:04:46,52.2231215,62
157,198,21.1158643,1848,2021-06-25 20:42:24,52.2333196,2
158,198,21.2238705,1849,2021-06-26 18:04:44,52.2278588,1
159,183,21.115764,1850,2021-06-25 21:22:25,52.233265,3
160,183,21.1154913,1851,2021-06-26 00:18:45,52.2331743,07
161,198,21.2231206,1854,2021-06-26 18:04:46,52.2227411,2
162,146,21.115132,1856,2021-06-26 00:38:41,52.233222,4
163,115,21.115681,1857,2021-06-26 00:02:26,52.2331425,5
164,146,21.1166211,1858,2021-06-25 20:46:49,52.2331278,07
165,198,21.1172503,1859,2021-06-25 19:30:46,52.2330405,05
166,115,21.1153055,1860,2021-06-26 00:28:39,52.2332403,6
167,173,21.0813083,1866,2021-06-26 18:04:44,52.2504253,5
168,173,21.0526573,1867,2021-06-26 18:04:43,52.2502288,1
169,115,21.1165116,1869,2021-06-25 23:18:40,52.2330776,3
170,222,20.9958822,1901,2021-06-26 18:04:45,52.1934175,3
171,251,21.0496137,1909,2021-06-26 18:04:47,52.1740453,3
172,222,21.0208337,1910,2021-06-26 18:04:45,52.2122387,2
173,222,21.013662,1911,2021-06-26 18:04:47,52.240414,1
174,251,21.093458,1912,2021-06-26 18:04:45,52.14687,2
175,222,21.013496,1916,2021-06-26 18:04:48,52.230091,5
176,251,21.123198,1919,2021-06-26 18:04:47,52.089497,1
177,222,21.0220717,1920,2021-06-26 18:04:47,52.1944506,4
178,178,21.00598,1995,2021-06-26 18:04:47,52.235035,2
179,178,21.0040489,1996,2021-06-26 18:04:48,52.2553585,1
180,178,20.998663,1997,2021-06-26 18:04:48,52.23241,5
181,178,20.926126,1998,2021-06-26 18:04:48,52.203407,3
182,178,20.897121,1999,2021-06-26 18:04:47,52.187534,4
183,171,20.9209167,2009,2021-06-26 18:04:47,52.2566132,1
184,189,20.8968259,2015,2021-06-26 18:04:48,52.2330542,9
185,187,20.9777509,2016,2021-06-26 18:04:47,52.217543,5
186,709,21.0239366,2021,2021-06-26 18:04:47,52.1800287,5
187,Z26,21.029011,2022,2021-06-26 18:04:48,52.252258,4
188,172,20.9680189,2024,2021-06-26 18:04:48,52.2184789,63
189,217,21.0799194,2026,2021-06-26 18:04:47,52.1577782,3
190,519,21.092863,2027,2021-06-26 18:04:49,52.116802,3
191,172,20.9844266,2028,2021-06-26 18:04:47,52.200759,1
192,189,20.8987959,2029,2021-06-26 18:04:47,52.238715,8
193,Z26,20.974272,2030,2021-06-26 18:04:48,52.235527,7
194,522,21.080126,2032,2021-06-26 18:04:47,52.15802,3
195,174,21.0066414,2035,2021-06-26 18:04:47,52.2112079,2
196,709,21.0187254,2038,2021-06-26 18:04:47,52.107597,6
197,709,21.0178171,2039,2021-06-26 18:04:47,52.0746029,1
198,709,21.0176025,2040,2021-06-26 18:04:48,52.0745634,2
199,709,21.018154,2041,2021-06-26 18:04:47,52.117729,3
200,709,21.021368,2042,2021-06-26 18:04:48,52.1797384,4
201,517,20.861773,2200,2021-06-26 18:04:41,52.190941,1
202,N35,20.921913,2206,2021-06-26 06:01:56,52.1961371,237
203,184,20.9204572,2210,2021-06-26 18:04:47,52.2577939,3
204,191,20.9517452,2213,2021-06-26 18:04:48,52.2118669,1
205,189,20.975132,2227,2021-06-26 18:04:48,52.184509,4
206,105,20.922151,2236,2021-06-26 00:04:20,52.196038,4
207,189,21.0577914,2237,2021-06-26 18:04:47,52.1829949,14
208,124,20.964985,2240,2021-06-26 18:04:48,52.151794,2
209,105,20.89884,2247,2021-06-26 18:04:41,52.2388,5
210,141,20.921326,2253,2021-06-25 18:30:50,52.197259,014
211,401,20.920378,2254,2021-06-25 19:44:39,52.196613,012
212,191,20.9362775,2258,2021-06-26 18:04:47,52.2011837,3
213,L20,21.471462,24511,2021-06-25 23:35:10,52.132233,1
214,L20,21.471769,24513,2021-06-26 15:05:20,52.132652,1
215,L20,21.26577,24515,2021-06-26 18:04:49,52.102715,1
216,162,21.0305455,3400,2021-06-26 18:04:47,52.2342603,5
217,185,21.0157738,3401,2021-06-26 18:04:47,52.2509355,6
218,723,20.928107,3403,2021-06-26 18:04:44,52.3959676,3
219,735,20.9682221,3404,2021-06-26 18:04:47,52.2719843,63
220,731,21.000803,3405,2021-06-26 18:04:43,52.291253,3
221,414,21.047923,3406,2021-06-25 20:26:01,52.264541,07
222,731,20.9256041,3407,2021-06-26 18:04:44,52.4216201,1
223,738,21.0485045,3408,2021-06-26 01:02:31,52.264437,1
224,414,21.0468988,3409,2021-06-25 20:46:35,52.2649078,08
225,126,20.9654438,3410,2021-06-26 18:04:46,52.3314026,2
226,169,21.04371,3411,2021-06-25 21:40:49,52.265391,1
227,140,21.0528898,3413,2021-06-26 18:04:44,52.2767273,1
228,509,20.9757193,3414,2021-06-26 18:04:45,52.3158585,2
229,114,21.0478216,3415,2021-06-25 23:08:38,52.2646596,5
230,723,21.0454035,3417,2021-06-25 21:48:49,52.2654235,1
231,145,21.0465913,3421,2021-06-26 18:04:44,52.2863126,7
232,509,21.0357733,3422,2021-06-26 18:04:43,52.2537775,355
233,Z26,20.9746523,3423,2021-06-26 18:04:45,52.2354343,1
234,169,21.0477433,3429,2021-06-25 23:04:14,52.2646666,3
235,126,21.0568055,3430,2021-06-26 18:04:46,52.3018618,4
236,114,21.04857,3434,2021-06-26 00:33:00,52.264513,2
237,518,21.0478431,3437,2021-06-25 23:46:13,52.264609,6
238,705,21.1029224,3438,2021-06-26 18:04:46,52.4796728,66
239,738,21.0930761,3440,2021-06-26 18:04:46,52.3083161,2
240,114,21.0428833,3441,2021-06-25 23:51:31,52.2659116,7
241,140,21.111134,3444,2021-06-26 18:04:46,52.3609488,2
242,509,20.9415151,3446,2021-06-26 18:04:44,52.3334936,4
243,731,20.937228,3447,2021-06-26 18:04:45,52.394399,2
244,126,21.0304378,3448,2021-06-26 18:04:44,52.2883906,1
245,518,21.043485,3449,2021-06-25 21:30:55,52.265478,7
246,126,20.9620708,3450,2021-06-26 18:04:49,52.3344988,3
247,126,21.0180375,3451,2021-06-26 18:04:46,52.291867,M5
248,705,21.02865,3454,2021-06-26 18:04:48,52.3562835,62
249,145,21.0002263,3455,2021-06-26 18:04:45,52.291351,6
250,Z26,20.9959876,3456,2021-06-26 18:04:47,52.2428308,5
251,509,20.9869076,3458,2021-06-26 18:04:44,52.3053953,5
252,Z26,20.9719433,3459,2021-06-26 18:04:47,52.2366001,6
253,738,21.0869823,3461,2021-06-26 18:04:44,52.3011545,3
254,731,21.04776,3463,2021-06-26 00:40:56,52.264114,5
255,735,21.0444471,3464,2021-06-25 23:05:19,52.2656713,64
256,723,21.0441993,3466,2021-06-26 00:00:11,52.265954,2
257,738,21.1815266,3469,2021-06-26 18:04:47,52.4172098,1
258,L19,21.028305,36443,2021-06-26 18:04:49,52.073963,51
259,L17,20.899836,36444,2021-06-26 13:08:02,51.912342,51
260,L25,21.113363,36448,2021-06-26 18:04:49,51.983879,1
261,L39,21.036123,38541,2021-06-26 18:04:48,52.076473,4
262,L39,21.023411,38545,2021-06-26 18:04:47,52.063419,3
263,L52,20.994442,38546,2021-06-26 18:04:48,52.050617,51
264,L39,20.989628,38547,2021-06-26 17:45:51,52.110771,1
265,L39,21.040155,38548,2021-06-26 18:04:43,52.103596,2
266,L24,21.029474,38549,2021-06-26 18:04:48,52.074783,51
267,L-5,20.961796,39551,2021-06-26 18:03:17,52.066612,62
268,L-2,21.034941,39552,2021-06-25 19:11:52,52.083633,063
269,L25,21.191267,39555,2021-06-25 23:37:02,51.987377,1
270,L13,20.989084,39556,2021-06-26 18:04:42,52.048866,63
271,L13,21.027945,39558,2021-06-26 18:04:48,52.075684,61
272,L-2,20.898043,39559,2021-06-26 18:04:45,52.008202,1
273,L13,21.217253,39561,2021-06-25 20:05:15,51.98262,03
274,L12,21.029539,39562,2021-06-26 18:04:44,52.074604,1
275,L12,21.034851,39565,2021-06-26 12:57:20,52.083328,1
276,197,20.938499,4200,2021-06-26 18:04:48,52.260338,3
277,721,20.9403494,4201,2021-06-26 18:04:47,52.1727806,75
278,711,20.919945,4205,2021-06-26 18:04:48,52.153439,1
279,122,20.898743,4206,2021-06-26 18:04:48,52.23856,1
280,141,20.984165,4208,2021-06-26 18:04:48,52.198509,9
281,197,20.976015,4213,2021-06-26 18:04:47,52.289776,4
282,154,20.8963479,4214,2021-06-26 18:04:47,52.2395521,6
283,141,21.046242,4216,2021-06-26 18:04:48,52.2153899,5
284,154,20.975513,4217,2021-06-26 18:04:47,52.211567,2
285,154,20.942276,4218,2021-06-26 18:04:48,52.239349,1
286,255,20.9309889,4219,2021-06-26 18:04:47,52.2252982,1
287,714,20.924376,4220,2021-06-26 18:04:48,52.240509,1
288,255,20.9842016,4224,2021-06-26 18:04:47,52.2306427,2
289,714,20.895889,4226,2021-06-26 18:04:48,52.239532,2
290,122,20.9178054,4227,2021-06-26 18:04:47,52.2618549,2
291,154,20.977213,4231,2021-06-26 18:04:48,52.192287,4
292,141,20.9748557,4232,2021-06-26 18:04:48,52.184621,7
293,197,20.944771,4233,2021-06-26 18:04:48,52.264694,5
294,L-1,20.89243,42361,2021-06-26 14:43:02,52.090702,1
295,154,20.957361,4238,2021-06-26 18:04:48,52.226204,5
296,141,21.110922,4240,2021-06-26 18:04:48,52.236656,3
297,122,20.976549,4241,2021-06-26 18:04:48,52.289841,4
298,122,20.9842591,4242,2021-06-26 18:04:47,52.2681787,5
299,197,20.9425614,4243,2021-06-26 18:04:48,52.2276359,2
300,901,21.0319682,4244,2021-06-26 18:04:47,52.2288276,1
301,901,21.002657,4246,2021-06-26 18:04:48,52.233913,3
302,154,20.94725,4247,2021-06-26 18:04:37,52.17902,3
303,154,20.898439,4248,2021-06-26 18:04:47,52.258366,7
304,L-1,20.93656,42498,2021-06-23 19:45:16,52.08992,2
305,L-3,20.870892,42500,2021-06-26 18:04:46,52.063614,1
306,147,21.0431809,4305,2021-06-26 18:04:49,52.2475626,56
307,202,21.0825875,4307,2021-06-26 18:04:49,52.2503901,1
308,119,21.000293,4311,2021-06-26 18:04:49,52.2061299,2
309,105,16.9750897,4332,2021-06-26 13:35:37,52.5472771,4
310,512,21.068848,4400,2021-06-26 18:04:48,52.278809,4
311,197,20.9157715,4402,2021-06-26 18:04:48,52.2198126,6
312,221,20.9785565,4404,2021-06-26 18:04:48,52.2604244,1
313,120,21.0521884,4405,2021-06-26 18:04:48,52.2623785,4
314,156,21.0591449,4406,2021-06-26 18:04:48,52.2557672,1
315,N02,21.044418,4407,2021-06-26 06:46:43,52.265051,3
316,240,21.067072,4408,2021-06-26 18:04:46,52.317791,1
317,197,20.8625772,4409,2021-06-26 18:04:48,52.1902384,1
318,197,20.8624844,4410,2021-06-26 18:04:48,52.1902516,7
319,120,21.036819,4411,2021-06-26 18:04:48,52.358162,7
320,106,20.9966927,4412,2021-06-26 18:04:48,52.2357447,4
321,152,21.04444,4413,2021-06-25 20:19:00,52.265066,06
322,N16,21.045311,4415,2021-06-26 05:39:26,52.264876,1
323,120,21.045601,4417,2021-06-26 13:08:26,52.264446,1
324,199,21.0444199,4418,2021-06-25 20:09:09,52.264953,2
325,901,21.043356,4420,2021-06-26 18:04:49,52.221462,2
326,166,21.038189,4421,2021-06-26 18:04:48,52.252007,5
327,N03,21.0459804,4422,2021-06-26 05:41:10,52.2641299,1
328,166,21.045731,4423,2021-06-26 18:04:44,52.16468,2
329,901,21.0038827,4424,2021-06-26 18:04:47,52.2295132,4
330,512,21.067385,4425,2021-06-26 18:04:46,52.277428,2
331,120,21.0511219,4428,2021-06-26 18:04:47,52.2525666,3
332,512,21.049664,4429,2021-06-26 18:04:47,52.286011,3
333,120,21.054895,4431,2021-06-26 18:04:48,52.296501,5
334,512,21.052212,4434,2021-06-26 18:04:47,52.252933,5
335,100,21.0117621,4617,2021-06-26 18:04:39,52.2397263,M1
336,184,20.9475877,5205,2021-06-26 18:04:42,52.238815,6
337,189,21.053213,5206,2021-06-26 18:04:44,52.180115,2
338,105,20.9175591,5208,2021-06-26 18:04:48,52.2204841,1
339,188,20.9780933,5209,2021-06-26 18:04:44,52.1694759,3
340,105,20.9810923,5210,2021-06-26 18:04:39,52.2295169,2
341,172,20.968868,5211,2021-06-26 18:04:42,52.213641,4
342,189,20.938239,5212,2021-06-26 18:04:47,52.1941706,11
343,105,20.9058309,5214,2021-06-26 18:04:42,52.2175401,3
344,189,21.032321,5215,2021-06-26 18:04:44,52.173473,13
345,716,20.8511248,5216,2021-06-26 18:04:43,52.1897159,1
346,172,20.9555939,5217,2021-06-26 18:04:44,52.212107,2
347,523,20.9780819,5221,2021-06-26 18:04:47,52.2174167,3
348,517,20.889614,5222,2021-06-26 18:04:40,52.189954,2
349,523,20.8999252,5223,2021-06-26 18:04:45,52.2580983,1
350,171,20.9248564,5224,2021-06-26 18:04:39,52.2726414,3
351,105,20.898964,5225,2021-06-26 18:04:44,52.2387815,4
352,210,20.8823117,5228,2021-06-26 18:04:43,52.2864935,3
353,187,20.9602374,5229,2021-06-26 18:04:42,52.2157923,1
354,171,20.9187325,5232,2021-06-26 18:04:44,52.239839,4
355,136,20.989838,5234,2021-06-26 18:04:32,52.185448,5
356,184,20.9638873,5235,2021-06-26 18:04:42,52.2080597,1
357,517,21.0048603,5236,2021-06-26 18:04:47,52.2282856,5
358,Z10,20.9249214,5237,2021-06-26 18:04:48,52.2608127,3
359,171,20.9250706,5238,2021-06-26 18:04:48,52.2724341,2
360,171,20.9941658,5240,2021-06-26 18:04:43,52.2422859,5
361,191,20.9837794,5241,2021-06-26 18:04:46,52.218113,2
362,148,20.986464,5242,2021-06-26 18:04:39,52.1593018,4
363,190,20.920664,5245,2021-06-25 20:12:48,52.196575,016
364,523,21.1067979,5253,2021-06-26 18:04:45,52.2480285,5
365,141,20.9224014,5255,2021-06-26 00:37:46,52.1970728,4
366,182,20.92243,5256,2021-06-25 19:09:29,52.1956758,011
367,188,20.977949,5257,2021-06-26 18:04:45,52.169566,52
368,187,20.8865923,5258,2021-06-26 18:04:42,52.1952056,2
369,184,20.9403914,5260,2021-06-26 18:04:42,52.2820725,5
370,N46,21.047172,5403,2021-06-26 06:04:29,52.2647932,150
371,500,21.041761,5404,2021-06-26 18:04:47,52.300282,52
372,169,21.034777,5406,2021-06-26 18:04:47,52.255764,5
373,705,20.9675834,5407,2021-06-26 18:04:48,52.27171,65
374,160,21.0002391,5410,2021-06-26 18:04:47,52.2297605,M5
375,500,20.98715,5412,2021-06-26 18:04:48,52.25618,54
376,160,21.055395,5413,2021-06-26 18:04:47,52.275074,M2
377,500,21.042246,5419,2021-06-26 18:04:48,52.295769,M56
378,527,21.04813,5425,2021-06-26 18:04:48,52.287716,3
379,162,21.0274412,5426,2021-06-26 18:04:47,52.2596762,1
380,162,21.030464,5428,2021-06-26 18:04:47,52.239391,2
381,185,20.97345,5429,2021-06-26 18:04:47,52.280247,8
382,112,21.079544,5430,2021-06-26 18:04:48,52.307739,3
383,145,21.116465,5432,2021-06-26 18:04:47,52.27565,4
384,409,21.041096,5433,2021-06-26 18:04:47,52.285053,57
385,112,20.8831231,5434,2021-06-26 18:04:47,52.2147795,9
386,169,21.041967,5435,2021-06-26 18:04:46,52.271069,3
387,527,21.060186,5436,2021-06-26 18:04:47,52.304935,2
388,409,20.921329,5437,2021-06-26 18:04:48,52.314148,53
389,160,21.0618162,5438,2021-06-26 18:04:47,52.3099524,7
390,112,20.9202521,5439,2021-06-26 18:04:48,52.2576709,12
391,500,21.0028712,5441,2021-06-26 18:04:46,52.2589592,55
392,160,21.0028771,5443,2021-06-26 18:04:49,52.2295387,4
393,520,21.0828,5445,2021-06-26 18:04:46,52.2359,4
394,511,20.939217,5448,2021-06-26 18:04:47,52.300777,1
395,160,21.0599832,5449,2021-06-26 18:04:48,52.3046295,1
396,527,21.068333,5453,2021-06-26 18:04:47,52.32357,1
397,160,20.994123,5454,2021-06-26 18:04:48,52.241447,3
398,723,21.0006734,5455,2021-06-26 18:04:47,52.2911545,2
399,511,20.9275467,5459,2021-06-26 18:04:48,52.2916851,2
400,185,21.021942,5460,2021-06-26 18:04:47,52.142643,3
401,180,21.017954,5870,2021-06-26 18:04:46,52.23101,7
402,503,21.04583,5871,2021-06-26 18:04:44,52.186821,3
403,503,21.012266,5873,2021-06-26 18:04:44,52.246277,5
404,503,21.002518,5875,2021-06-26 18:04:49,52.254822,7
405,180,20.974195,5876,2021-06-26 18:04:45,52.254265,62
406,175,20.982899,5880,2021-06-26 18:04:48,52.196201,55
407,175,20.980951,5882,2021-06-26 18:04:48,52.189289,53
408,128,21.012966,5884,2021-06-26 18:04:49,52.243225,51
409,175,20.990303,5886,2021-06-26 18:04:44,52.216564,52
410,128,21.013508,5887,2021-06-26 18:04:48,52.240349,64
411,128,20.96372,5889,2021-06-26 18:04:46,52.207703,59
412,180,21.050108,5890,2021-06-26 18:04:49,52.201927,3
413,180,20.924843,5891,2021-06-26 18:04:47,52.272572,11
414,180,21.068939,5892,2021-06-26 18:04:47,52.181919,5
415,128,20.963486,5895,2021-06-26 18:04:46,52.207809,60
416,128,20.998121,5897,2021-06-25 23:36:40,52.187019,51
417,503,21.023165,5898,2021-06-26 18:04:46,52.227261,4
418,111,21.1024294,5900,2021-06-26 18:04:45,52.2220447,4
419,158,21.095003,5902,2021-06-26 18:04:47,52.235004,5
420,128,20.986443,5904,2021-06-26 18:04:46,52.205204,58
421,116,20.924967,5905,2021-06-26 18:04:45,52.272282,69
422,158,21.117008,5907,2021-06-25 21:44:36,52.233902,5
423,175,21.116972,5908,2021-06-25 19:38:19,52.233955,068
424,116,21.116823,5910,2021-06-26 00:07:33,52.233971,17
425,158,21.017712,5913,2021-06-26 18:04:45,52.230972,6
426,158,21.1176664,5915,2021-06-26 18:04:49,52.233754, 
427,111,21.06645,5920,2021-06-26 18:04:46,52.233196,6
428,116,21.084732,5921,2021-06-26 18:04:44,52.166523,5
429,111,21.107388,5922,2021-06-26 07:42:12,52.233645, 
430,111,21.116245,5926,2021-06-26 00:24:55,52.234005,5
431,111,21.061026,5927,2021-06-26 18:04:46,52.232376,3
432,111,20.981951,5931,2021-06-26 18:04:45,52.245274,8
433,128,21.010752,5932,2021-06-26 18:04:47,52.231274,61
434,158,20.949316,5933,2021-06-26 18:04:49,52.2115924,1
435,158,21.1134242,5934,2021-06-26 18:04:48,52.2357377, 
436,503,21.115843,5935,2021-06-26 00:31:56,52.233995,013
437,116,21.08474,5936,2021-06-26 18:04:44,52.166695,4
438,503,21.049724,5937,2021-06-26 18:04:38,52.15476,1
439,175,21.009779,5939,2021-06-26 18:04:48,52.2444,56
440,116,21.0574,5940,2021-06-26 18:04:48,52.180443,3
441,175,21.115613,5941,2021-06-25 21:43:06,52.234041,63
442,116,21.008541,5942,2021-06-26 18:04:46,52.243725,7
443,503,21.034456,5943,2021-06-26 18:04:45,52.20298,9
444,158,21.022501,5946,2021-06-26 18:04:47,52.232292,2
445,175,20.978251,5947,2021-06-26 18:04:45,52.169395,54
446,116,21.031149,5948,2021-06-26 18:04:45,52.206329,56
447,518,20.995684,5950,2021-06-26 18:04:47,52.297482,2
448,518,21.00165,5952,2021-06-26 18:04:48,52.291904,2
449,503,21.050014,5954,2021-06-26 18:04:44,52.144611,2
450,503,21.013121,5956,2021-06-26 18:04:47,52.240208,8
451,E-9,21.045723,5962,2021-06-25 20:17:53,52.265643,06
452,180,20.925013,5964,2021-06-26 18:04:46,52.272396,10
453,723,21.047304,5966,2021-06-25 18:56:33,52.265156,07
454,180,21.083853,5967,2021-06-26 18:04:47,52.16824,4
455,180,20.99432,5968,2021-06-26 18:04:49,52.24881,1
456,116,20.9718,5969,2021-06-26 18:04:47,52.271755,8
457,518,20.972021,5976,2021-06-26 18:04:48,52.271675,6
458,518,20.995739,5978,2021-06-26 18:04:44,52.258457,3
459,518,21.011276,5979,2021-06-26 18:04:49,52.230335,5
460,518,20.937742,5980,2021-06-26 18:04:48,52.32468,7
461,518,21.022604,5981,2021-06-26 18:04:44,52.229324,4
462,503,21.00227,5983,2021-06-26 18:04:44,52.25465,6
463,111,21.078861,5984,2021-06-26 18:04:48,52.226089,5
464,111,21.008814,5985,2021-06-26 18:04:46,52.234543,7
465,111,21.009604,5986,2021-06-26 18:04:45,52.23362,2
466,180,20.96207,5987,2021-06-26 18:04:44,52.258728,9
467,180,21.037296,5988,2021-06-26 18:04:45,52.206646,6
468,180,21.022507,5990,2021-06-26 18:04:47,52.229465,2
469,180,21.000231,5991,2021-06-26 18:04:48,52.249424,58
470,518,20.942108,5994,2021-06-26 18:04:49,52.334568,1
471,116,21.022621,5995,2021-06-26 18:04:47,52.229393,2
472,116,21.010042,5996,2021-06-26 18:04:45,52.247093,1
473,116,20.965971,5997,2021-06-26 18:04:45,52.273823,11
474,116,20.923084,5998,2021-06-26 18:04:49,52.278091,10
475,111,20.991886,5999,2021-06-26 18:04:47,52.248295,1
476,167,21.0074939,6201,2021-06-26 18:04:48,52.2086912,2
477,713,20.74052,6203,2021-06-26 18:04:47,52.211807,1
478,713,20.9301624,6204,2021-06-26 18:04:48,52.2248264,2
479,112,21.032619,6207,2021-06-26 18:04:48,52.298721,6
480,112,20.93874,6208,2021-06-26 18:04:47,52.277283,1
481,112,20.888115,6210,2021-06-26 18:04:47,52.216602,M11
482,112,20.91486,6212,2021-06-26 18:04:49,52.234383,8
483,136,20.9933529,6213,2021-06-26 18:04:48,52.188758,10
484,187,20.8620289,6214,2021-06-26 18:04:48,52.1909482,3
485,210,20.927977,6220,2021-06-26 18:04:47,52.284164,1
486,187,20.8923651,6222,2021-06-26 18:04:48,52.1932812,4
487,189,20.916445,6223,2021-06-26 18:04:48,52.219753,10
488,187,21.027857,6226,2021-06-26 18:04:46,52.220062,8
489,191,20.8954325,6227,2021-06-26 18:04:48,52.1933982,6
490,136,21.0557,6236,2021-06-26 18:04:47,52.147396,7
491,716,20.877695,6239,2021-06-26 18:04:47,52.198009,3
492,184,20.9276367,6241,2021-06-26 18:04:48,52.2911054,4
493,703,20.807497,6242,2021-06-26 18:04:48,52.093899,74
494,706,20.944518,6243,2021-06-26 18:04:32,52.1754,1
495,L29,20.46257,65471,2021-06-26 18:04:41,52.267731,1
496,112,20.93751,7200,2021-06-26 18:04:47,52.274601,7
497,124,20.943285,7201,2021-06-26 18:04:48,52.175613,1
498,Z10,20.9248277,7202,2021-06-26 18:04:48,52.2607437,5
499,112,21.0823154,7206,2021-06-26 18:04:48,52.3044724,4
500,Z10,20.916372,7208,2021-06-26 18:04:48,52.224682,1
501,189,20.898159,7214,2021-06-26 18:04:47,52.2395296,7
502,728,20.9160849,7217,2021-06-26 18:04:48,52.1501644,72
503,728,20.862441,7218,2021-06-26 18:04:28,52.041493,71
504,517,21.010567,7224,2021-06-26 18:04:45,52.231731,4
505,112,21.0406855,7225,2021-06-26 18:04:48,52.2855007,2
506,112,20.9208932,7226,2021-06-26 13:08:33,52.1969334,4
507,184,20.960546,7227,2021-06-26 18:04:48,52.216583,2
508,Z10,20.9182952,7228,2021-06-26 18:04:48,52.2559619,6
509,716,20.930546,7229,2021-06-26 18:04:47,52.225033,2
510,Z10,20.9140456,7234,2021-06-26 18:04:47,52.2366032,7
511,124,20.921078,7240,2021-06-25 18:26:53,52.196911,03
512,187,21.04826,7241,2021-06-26 18:04:47,52.1781786,7
513,187,21.060719,7243,2021-06-26 18:04:49,52.189739,6
514,210,20.776436,7244,2021-06-26 18:04:45,52.303734,2
515,167,21.020832,7245,2021-06-26 18:04:47,52.209969,6
516,191,20.890347,7247,2021-06-26 18:04:47,52.190193,4
517,172,21.06908,7248,2021-06-26 18:04:47,52.181396,7
518,189,20.913954,7249,2021-06-26 18:04:48,52.208748,5
519,188,20.990871,7250,2021-06-26 18:04:48,52.216274,1
520,517,20.922861,7251,2021-06-26 18:04:43,52.197498,6
521,182,21.0287097,7252,2021-06-26 18:04:47,52.2200944,2
522,517,20.9574741,7254,2021-06-26 18:04:48,52.2152481,3
523,523,21.0392202,7255,2021-06-26 18:04:48,52.222924,7
524,191,20.870285,7256,2021-06-26 18:04:47,52.183552,5
525,188,21.1178187,7257,2021-06-26 18:04:47,52.2442801,5
526,182,21.0765872,7259,2021-06-26 18:04:47,52.2341996,4
527,138,21.100573,7301,2021-06-26 18:04:48,52.260616,6
528,141,21.106686,7303,2021-06-26 18:04:29,52.236809,4
529,148,21.0873814,7304,2021-06-26 18:04:48,52.2447864,9
530,151,21.0861685,7305,2021-06-26 18:04:47,52.2355671,2
531,182,20.964891,7306,2021-06-26 18:04:48,52.217987,3
532,162,21.0624635,7308,2021-06-26 18:04:47,52.1925647,3
533,507,21.005259,7310,2021-06-26 18:04:47,52.229584,2
534,125,21.1964695,7312,2021-06-26 18:04:48,52.2083166,2
535,E-1,21.1167422,7314,2021-06-25 19:42:06,52.2335197,01
536,520,21.15603,7315,2021-06-26 18:04:44,52.240406,5
537,143,21.1164757,7317,2021-06-25 19:35:11,52.2334452,3
538,162,21.0849876,7322,2021-06-26 18:04:48,52.1932881,4
539,523,20.936151,7324,2021-06-26 18:04:48,52.2397927,2
540,520,21.002132,7325,2021-06-26 18:04:47,52.243095,2
541,148,20.9797526,7326,2021-06-26 18:04:48,52.1726876,5
542,138,21.0937121,7327,2021-06-26 18:04:47,52.2647576,7
543,171,20.948164,7328,2021-06-26 18:04:48,52.238605,8
544,520,21.015343,7331,2021-06-26 18:04:47,52.219151,1
545,150,20.912033,753,2021-06-26 18:04:45,52.322647,3
546,750,20.89146,755,2021-06-26 18:04:48,52.339508,2
547,250,20.883194,757,2021-06-26 18:04:42,52.329777,1
548,750,20.714853,758,2021-06-26 18:04:47,52.39212,3
549,150,20.938852,761,2021-06-26 18:04:43,52.301067,1
550,250,20.901365,763,2021-06-26 18:04:45,52.297546,3
551,521,20.9638796,7701,2021-06-26 18:04:48,52.2078896,3
552,750,20.867836,773,2021-06-26 18:04:45,52.355354167,4
553,250,20.927662,775,2021-06-26 18:04:49,52.291176,2
554,750,20.928019,776,2021-06-26 18:04:49,52.290829,1
555,150,20.8472289,777,2021-06-26 18:04:49,52.3415977,2
556,138,21.008707,8120,2021-06-26 18:04:46,52.203116,1
557,185,20.9755671,8138,2021-06-26 18:04:45,52.2896385,7
558,172,21.049057,8139,2021-06-26 18:04:43,52.1884008,6
559,727,20.997388,8148,2021-06-25 21:39:43,52.187336,4
560,522,21.0031815,8154,2021-06-26 18:04:44,52.2295176,6
561,167,20.9606596,8166,2021-06-26 18:04:42,52.2172701,5
562,143,21.0479261,8167,2021-06-26 18:04:44,52.2251815,2
563,522,20.998243,8174,2021-06-25 20:09:50,52.1878,013
564,504,20.9896983,8178,2021-06-26 18:04:45,52.2227491,3
565,519,20.996546,8180,2021-06-25 22:35:23,52.187545,5
566,136,20.9879188,8181,2021-06-26 18:04:42,52.210332,4
567,138,20.995476,8183,2021-06-26 18:04:34,52.170208,2
568,172,21.0379783,8184,2021-06-26 18:04:42,52.1988933,8
569,504,21.0023706,8187,2021-06-26 18:04:42,52.1758995,2
570,519,21.10103,8188,2021-06-26 18:04:32,52.132474,2
571,504,21.0044543,8189,2021-06-26 18:04:46,52.1723113,5
572,198,21.1173818,8210,2021-06-25 18:57:27,52.2334423,04
573,151,21.1167196,8218,2021-06-25 19:22:39,52.2335221,04
574,514,21.226561,8222,2021-06-26 18:04:45,52.2503493,4
575,188,21.1161338,8225,2021-06-25 20:54:43,52.2335866,08
576,143,21.114924,8228,2021-06-25 23:38:50,52.234206,6
577,509,21.116793,8231,2021-06-25 20:04:19,52.233758,021
578,514,21.0607121,8300,2021-06-26 18:04:42,52.2281008,3
579,502,21.2179683,8301,2021-06-26 18:04:44,52.2141945,4
580,125,21.043985,8303,2021-06-26 18:04:48,52.2477486,5
581,125,21.1652088,8305,2021-06-26 18:04:44,52.2150121,3
582,509,20.942173,8310,2021-06-26 18:04:29,52.334493,3
583,502,21.072618,8313,2021-06-26 18:04:29,52.231306,6
584,182,21.11721,8315,2021-06-25 19:08:30,52.233705,013
585,145,21.108471,8317,2021-06-26 18:04:31,52.286443,1
586,188,21.0859441,8318,2021-06-26 18:04:39,52.2502713,6
587,168,21.11586,8320,2021-06-25 21:27:01,52.23366,07
588,514,21.0156091,8323,2021-06-26 18:04:45,52.219279,2
589,145,21.1016673,8324,2021-06-26 18:04:45,52.242421,2
590,720,21.3872998,8325,2021-06-26 18:04:50,52.1415405,1
591,125,21.117233,8327,2021-06-25 20:58:39,52.234053,3
592,145,21.0368935,8328,2021-06-26 18:04:51,52.288394,5
593,411,21.117353,8330,2021-06-25 20:35:38,52.233359,53
594,148,21.1011833,8331,2021-06-26 18:04:44,52.2426388,1
595,502,21.015188,8335,2021-06-26 18:04:29,52.218665,1
596,143,21.0116881,8339,2021-06-26 18:04:49,52.217094,1
597,704,21.3134513,8340,2021-06-26 18:04:47,52.2162723,1
598,171,21.0428817,8342,2021-06-26 18:04:39,52.2215633,6
599,151,21.0157733,8344,2021-06-26 18:04:36,52.2173517,3
600,185,21.0436933,8345,2021-06-26 18:04:41,52.2252183,1
601,145,21.116836,8346,2021-06-25 19:31:54,52.233566,016
602,145,21.116093,8347,2021-06-25 19:40:44,52.233476,012
603,523,20.9184167,8348,2021-06-26 18:04:42,52.2396117,9
604,507,21.102388,8349,2021-06-26 18:04:33,52.222016,5
605,411,21.116288,8350,2021-06-25 20:43:54,52.233658,061
606,125,21.0771717,8351,2021-06-26 18:04:43,52.2456467,4
607,125,21.1426033,8352,2021-06-26 18:04:35,52.2275233,1
608,151,21.1050067,8353,2021-06-26 18:04:37,52.2302017,1
609,521,21.084355,8355,2021-06-26 18:04:41,52.2444067,2
610,N03,21.117188,8357,2021-06-26 05:01:26,52.233246,254
611,502,21.13543,8358,2021-06-26 18:04:35,52.23075,3
612,507,21.1029017,8360,2021-06-26 18:04:37,52.2221333,4
613,704,21.112885,8362,2021-06-26 18:04:40,52.23997,2
614,521,21.204756,8363,2021-06-26 18:04:29,52.159415,5
615,507,21.031975,8366,2021-06-26 18:04:42,52.2340433,1
616,143,21.1543633,8367,2021-06-26 18:04:48,52.26001,6
617,502,21.222115,8368,2021-06-26 18:04:44,52.2237333,5
618,521,21.207795,8369,2021-06-26 18:04:34,52.1604183,1
619,141,21.117058,8397,2021-06-25 19:41:02,52.233698,012
620,502,21.1151075,8403,2021-06-25 23:03:57,52.2336293,064
621,411,21.1156411,8440,2021-06-25 20:20:48,52.2335555,062
622,511,20.94261,8443,2021-06-26 18:04:48,52.348587,3
623,112,20.880014,8445,2021-06-26 18:04:48,52.216198,10
624,169,21.041925,8447,2021-06-26 18:04:48,52.300125,2
625,509,21.0314332,8448,2021-06-26 18:04:47,52.2547071,1
626,160,21.05584,8450,2021-06-26 18:04:47,52.268951,6
627,409,20.9330147,8452,2021-06-26 18:04:48,52.2890397,58
628,735,21.011734,8454,2021-06-26 18:04:47,52.453793,61
629,112,21.052387,8455,2021-06-26 18:04:47,52.292988,5
630,731,20.947451,8457,2021-06-26 18:04:47,52.348217,4
631,185,21.0485019,8458,2021-06-26 11:00:08,52.2645874,6
632,169,21.05179,8459,2021-06-26 18:04:48,52.252876,4
633,409,20.8867,8460,2021-06-26 18:04:47,52.3047,51
634,169,21.042355,8461,2021-06-26 18:04:47,52.296547,1
635,141,20.94415,8500,2021-06-26 18:04:43,52.1754567,8
636,Z26,21.035361,8501,2021-06-26 18:04:49,52.255886,3
637,522,21.072775,8502,2021-06-26 18:04:45,52.16017,2
638,189,21.0688883,8504,2021-06-26 18:04:35,52.18127,1
639,N33,20.996476,8505,2021-06-26 05:42:44,52.187546,172
640,185,20.997366,8507,2021-06-25 23:56:14,52.186391,9
641,174,21.0060533,8508,2021-06-26 18:04:45,52.2146267,3
642,189,20.996501,8509,2021-06-26 00:35:47,52.18806,12
643,331,20.997095,8511,2021-06-25 18:21:40,52.187653,01
644,148,20.998374,8514,2021-06-26 00:52:13,52.188333,5
645,N37,20.998273,8516,2021-06-26 05:43:10,52.188213,246
646,136,20.9647083,8517,2021-06-26 18:04:34,52.2372133,3
647,165,21.002386,8520,2021-06-26 18:04:35,52.158361,3
648,185,21.0443683,8521,2021-06-26 18:04:46,52.17468,2
649,136,21.055976,8522,2021-06-26 18:04:39,52.147539,8
650,733,20.997863,8523,2021-06-25 20:19:16,52.187501,62
651,185,21.043071,8524,2021-06-26 18:04:30,52.148335,4
652,519,21.092755,8525,2021-06-26 18:04:43,52.1169333,4
653,136,21.028881,8528,2021-06-26 18:04:30,52.152548,6
654,143,21.1770817,8530,2021-06-26 18:04:35,52.2570067,5
655,308,20.997771,8531,2021-06-25 19:03:30,52.187649,02
656,136,20.997748,8533,2021-06-25 23:20:13,52.188256,10
657,N03,20.997894,8534,2021-06-26 05:57:03,52.18594,156
658,131,20.996449,8535,2021-06-25 22:36:53,52.186401,10
659,519,21.0051933,8536,2021-06-26 18:04:47,52.228865,7
660,N33,20.996953,8537,2021-06-26 05:04:45,52.186869,173
661,519,21.00203,8539,2021-06-26 18:04:41,52.1925483,8
662,217,21.02829,8540,2021-06-26 18:04:40,52.17839,2
663,N34,20.996438,8541,2021-06-26 05:33:51,52.187668,149
664,N37,20.99783,8545,2021-06-26 05:44:42,52.187465,132
665,167,20.939665,8547,2021-06-26 18:04:39,52.235505,3
666,733,20.9433467,8548,2021-06-26 18:04:35,52.1754317,1
667,504,21.0678967,8550,2021-06-26 18:04:40,52.1290983,6
668,519,21.087399,8551,2021-06-26 18:04:47,52.158823,5
669,522,21.035496,8552,2021-06-26 18:04:31,52.201676,1
670,Z26,21.0075517,8553,2021-06-26 18:04:34,52.2461533,2
671,148,21.0478383,8559,2021-06-26 18:04:43,52.192685,7
672,151,21.116914,8561,2021-06-25 23:54:17,52.233616,1
673,171,21.013185,8562,2021-06-26 18:04:37,52.23015,7
674,521,21.116369,8565,2021-06-25 20:39:03,52.233641,08
675,520,21.1562033,8566,2021-06-26 18:04:47,52.2404533,6
676,523,21.1054183,8567,2021-06-26 18:04:43,52.24629,6
677,509,21.06831,8569,2021-06-26 18:04:37,52.2256917,9
678,148,21.053911,8570,2021-06-26 18:04:41,52.159721,6
679,143,21.1697433,8573,2021-06-26 18:04:45,52.2642283,4
680,521,21.0822133,8574,2021-06-26 18:04:47,52.24443,4
681,523,20.9669317,8576,2021-06-26 18:04:36,52.2181167,8
682,141,21.0320217,8578,2021-06-26 18:04:40,52.2012017,1
683,190,21.046053,8582,2021-06-25 18:46:44,52.264343,021
684,523,21.0816817,8586,2021-06-26 18:04:43,52.2400517,4
685,520,21.1088817,8589,2021-06-26 18:04:35,52.23338,7
686,185,21.0558283,8592,2021-06-26 18:04:46,52.1933633,5
687,N13,21.114978,8593,2021-06-26 05:47:18,52.233611,247
688,145,21.0942,8594,2021-06-26 18:04:45,52.2441567,3
689,188,21.020385,8595,2021-06-26 18:04:41,52.2182,4
690,168,21.112725,8800,2021-06-26 18:04:42,52.236303,5
691,189,20.9152973,8802,2021-06-26 18:04:45,52.2284735,6
692,148,21.0499088,8804,2021-06-26 18:04:44,52.1546835,3
693,168,21.1032573,8805,2021-06-26 18:04:45,52.234034,6
694,136,20.9696431,8806,2021-06-26 18:04:44,52.2135288,1
695,189,21.0248114,8807,2021-06-26 18:04:45,52.1734601,3
696,138,21.0211108,8808,2021-06-26 18:04:42,52.218279,4
697,168,20.995409,8810,2021-06-26 18:04:40,52.1913606,2
698,167,21.083349,8812,2021-06-26 18:04:46,52.208273,1
699,136,20.9660466,8813,2021-06-26 18:04:47,52.2431816,2
700,504,21.0010506,8814,2021-06-26 18:04:46,52.2274498,4
701,217,21.0239375,8816,2021-06-26 18:04:44,52.179692,1
702,167,21.083008,8818,2021-06-26 18:04:47,52.208221,7
703,167,20.9257058,8819,2021-06-26 18:04:44,52.2340548,4
704,174,21.003522,8820,2021-06-26 18:04:48,52.1706595,371
705,N43,20.9959001,8821,2021-06-26 05:29:35,52.1875351,220
706,189,21.009624,8822,2021-06-26 18:04:17,52.175033,12
707,519,21.0156683,8823,2021-06-26 18:04:46,52.2234676,8
708,148,21.0507963,8825,2021-06-26 18:04:44,52.1866891,2
709,522,21.0623608,8826,2021-06-26 18:04:44,52.1754293,318
710,514,21.1333851,8828,2021-06-26 18:04:46,52.2398499,1
711,509,21.0858295,8829,2021-06-26 18:04:43,52.2258878,7
712,143,21.0855226,8832,2021-06-26 18:04:43,52.2445011,7
713,502,21.0152775,8833,2021-06-26 18:04:47,52.2185928,2
714,182,21.1170746,8834,2021-06-26 18:04:44,52.2334413,M5
715,N83,21.116546,8839,2021-06-26 05:25:32,52.233586,174
716,520,21.013053,8840,2021-06-26 18:04:47,52.2277355,3
717,138,21.1172336,8841,2021-06-25 22:19:45,52.2337476,1
718,521,21.1161941,8844,2021-06-25 20:59:15,52.2334716,09
719,138,21.0527098,8846,2021-06-26 18:04:43,52.2367938,8
720,143,21.118482,8850,2021-06-26 18:04:44,52.2380321,3
721,138,21.0465388,8852,2021-06-26 18:04:43,52.2548628,5
722,509,21.1023536,8853,2021-06-26 18:04:44,52.2218716,8
723,182,21.1128718,8854,2021-06-26 18:04:45,52.2363863,1
724,518,21.047239,8859,2021-06-25 21:49:41,52.2647968,9
725,412,21.047084,8862,2021-06-25 20:21:52,52.264918,05
726,509,21.043849,8863,2021-06-25 22:53:53,52.266028,14
727,723,21.047273,8864,2021-06-25 19:20:55,52.264625,08
728,269,21.043698,8866,2021-06-25 22:15:02,52.266003,04
729,738,21.046916,8868,2021-06-25 18:47:25,52.264738,05
730,340,21.046388,8870,2021-06-25 19:12:44,52.265081,03
731,511,21.046323,8874,2021-06-25 18:33:00,52.265079,05
732,340,21.048342,8876,2021-06-25 18:55:45,52.264397,06
733,723,20.9457631,8878,2021-06-26 18:04:44,52.3508281,1
734,511,21.0472221,8879,2021-06-25 19:11:55,52.2646076,07
735,709,20.996574,8880,2021-06-25 18:58:33,52.18762,016
736,136,21.0269246,8881,2021-06-26 18:04:43,52.1633721,9
737,174,21.0054535,8882,2021-06-26 18:04:44,52.1719301,1
738,165,21.002147,8883,2021-06-26 18:04:47,52.1751276,4
739,504,21.0613926,8885,2021-06-26 18:04:44,52.1312856,1
740,504,20.9985235,8886,2021-06-26 11:14:42,52.1878498,6
741,165,21.0015306,8888,2021-06-26 18:04:47,52.1749871,2
742,165,21.023978,8891,2021-06-26 18:04:44,52.179795,1
743,148,21.101793,8893,2021-06-26 18:04:34,52.242491,8
744,172,20.9842541,8895,2021-06-26 18:04:43,52.198549,5
745,522,21.0179578,8896,2021-06-26 18:04:45,52.2128533,5
746,138,21.0021921,8897,2021-06-26 18:04:42,52.176739,3
747,519,21.0562383,8899,2021-06-26 18:04:46,52.1815668,1
748,161,21.209211,9061,2021-06-26 18:04:46,52.154278,1
749,104,21.000265,9063,2021-06-26 18:04:48,52.291473,2
750,161,21.224737,9068,2021-06-26 18:04:45,52.186699,2
751,211,20.95504,9070,2021-06-26 18:04:43,52.329609,3
752,211,20.941456,9074,2021-06-26 18:04:45,52.355297,4
753,211,20.942556,9075,2021-06-26 18:04:49,52.342098,M5
754,234,21.050081,9076,2021-06-26 18:04:38,52.31905,1
755,234,21.050226,9079,2021-06-26 18:04:49,52.318642,2
756,800,20.746243,9082,2021-06-26 18:04:04,52.333027,M1
757,900,20.953634,9084,2021-06-26 18:04:48,52.358845,1
758,161,21.224651,9088,2021-06-26 18:04:44,52.186798,M3
759,104,21.032509,9091,2021-06-26 18:04:44,52.320053,1
760,211,20.991217,9092,2021-06-26 18:04:40,52.301384,2
761,211,20.973658,9093,2021-06-26 18:04:48,52.307606,1
762,219,21.102489,9201,2021-06-26 18:04:46,52.222752,1
763,107,21.016205,9204,2021-06-26 18:04:48,52.231266,1
764,107,20.97933,9205,2021-06-26 18:04:47,52.244492,2
765,121,20.969868,9206,2021-06-26 18:04:46,52.278836,M2
766,107,20.97925,9210,2021-06-26 18:04:44,52.244465,3
767,201,20.930464,9212,2021-06-26 18:04:41,52.256538,3
768,121,20.9681,9213,2021-06-26 18:04:41,52.272031,1
769,133,20.944525,9214,2021-06-26 18:04:47,52.322769,1
770,133,20.966213,9215,2021-06-26 18:04:41,52.338188,2
771,164,21.10738,9216,2021-06-26 18:04:46,52.162655,2
772,164,21.13821,9217,2021-06-26 18:04:47,52.145863,1
773,164,21.085236,9219,2021-06-26 18:04:41,52.193272,3
774,177,20.883612,9220,2021-06-26 18:04:47,52.205753,1
775,203,20.915871,9222,2021-06-26 18:04:47,52.273811,2
776,107,21.016243,9223,2021-06-26 18:04:41,52.230457,4
777,203,20.928379,9224,2021-06-26 18:04:42,52.291161,1
778,208,20.975555,9225,2021-06-26 18:04:47,52.21027,2
779,209,20.981085,9227,2021-06-26 18:04:48,52.132847,51
780,228,20.892994,9228,2021-06-26 18:04:43,52.200371,1
781,228,20.94499,9229,2021-06-26 18:04:43,52.200516,3
782,177,20.904799,9230,2021-06-26 18:04:45,52.186092,3
783,228,20.940657,9231,2021-06-26 18:04:32,52.204727,2
784,209,21.013081,9233,2021-06-26 18:04:44,52.122711,52
785,201,20.930483,9234,2021-06-26 18:04:47,52.259239,2
786,219,21.187622,9235,2021-06-26 18:04:41,52.183903,2
787,208,20.967777,9236,2021-06-26 18:04:49,52.202194,1
788,264,21.083881,9240,2021-06-26 18:04:43,52.167698,1
789,219,21.091129,9250,2021-06-26 18:04:47,52.222256,3
790,239,21.037859,9252,2021-06-26 18:04:44,52.153763,53
791,199,21.052959,9311,2021-06-26 18:04:47,52.276394,4
792,135,21.095247,9312,2021-06-26 18:04:45,52.231144,3
793,135,21.046927,9313,2021-06-26 18:04:48,52.260311,4
794,123,21.080767,9316,2021-06-26 18:04:48,52.25267,1
795,123,21.050226,9317,2021-06-26 18:04:45,52.253071,3
796,179,21.025045,9318,2021-06-26 18:04:39,52.143745,7
797,153,21.177057,9319,2021-06-26 18:04:44,52.256886,3
798,179,21.049408,9320,2021-06-26 18:04:41,52.154068,3
799,142,21.194561,9321,2021-06-26 18:04:48,52.171196,4
800,123,21.100773,9322,2021-06-26 18:04:45,52.222393,2
801,123,21.101448,9323,2021-06-26 18:04:46,52.223392,5
802,179,21.034775,9325,2021-06-26 18:04:43,52.155987,4
803,135,21.046839,9326,2021-06-26 18:04:48,52.259937,1
804,179,21.036869,9327,2021-06-26 18:04:42,52.162018,5
805,135,21.102406,9328,2021-06-26 18:04:43,52.242847,2
806,179,21.02124,9329,2021-06-26 18:04:41,52.159054,6
807,179,21.068007,9333,2021-06-26 18:04:44,52.129593,52
808,123,21.04932,9337,2021-06-26 18:04:46,52.243221,4
809,153,21.172577,9338,2021-06-26 18:04:46,52.285416,2
810,123,21.064987,9339,2021-06-26 18:04:49,52.251995,357
811,153,21.172251,9340,2021-06-26 18:04:46,52.256958,1
812,199,21.179726,9342,2021-06-26 18:04:45,52.269135,2
813,123,21.077581,9345,2021-06-25 21:25:22,52.268494,357
814,179,21.061687,9349,2021-06-26 18:04:46,52.140907,1
815,142,21.102316,9351,2021-06-26 18:04:45,52.242126,1
816,142,21.223232,9352,2021-06-26 18:04:44,52.168373,3
817,142,21.1347146,9354,2021-06-26 18:01:37,52.1996459,M5
818,199,21.1440509,9355,2021-06-26 18:04:47,52.2696932,1
819,142,21.088581,9357,2021-06-26 18:04:44,52.244888,2
820,103,20.947914,9411,2021-06-26 18:04:48,52.277645,4
821,157,20.995935,9412,2021-06-26 18:04:48,52.226429,3
822,117,21.05896,9413,2021-06-26 18:04:47,52.227161,3
823,516,20.9956,9414,2021-06-26 18:04:46,52.297169,4
824,157,20.983261,9416,2021-06-26 18:04:46,52.272522,6
825,117,21.063774,9417,2021-06-26 18:04:45,52.224659,1
826,103,20.967539,9418,2021-06-26 18:04:45,52.228306,2
827,134,21.060772,9419,2021-06-26 18:04:44,52.306061,1
828,134,20.96834,9420,2021-06-26 18:04:47,52.27182,2
829,134,21.058634,9423,2021-06-26 18:04:47,52.344002,3
830,117,21.102539,9424,2021-06-26 18:04:47,52.222088,4
831,117,21.005053,9425,2021-06-26 18:04:46,52.229366,2
832,103,20.926661,9427,2021-06-26 18:04:49,52.29036,5
833,157,20.976402,9428,2021-06-26 18:04:46,52.289902,1
834,157,20.985575,9429,2021-06-26 18:04:47,52.26989,2
835,245,21.089697,9431,2021-06-26 18:04:47,52.286434,1
836,516,20.943657,9432,2021-06-26 18:04:47,52.338383,1
837,516,20.936346,9434,2021-06-26 18:04:48,52.328777,2
838,516,21.000996,9436,2021-06-26 18:04:49,52.291191,3
839,176,20.982927,9438,2021-06-26 18:04:45,52.352196,1
840,157,20.995108,9439,2021-06-26 18:04:46,52.227905,5
841,712,20.930563,9441,2021-06-26 18:04:44,52.292358,M2
842,103,20.95042,9442,2021-06-26 18:04:49,52.280907,1
843,103,20.965433,9443,2021-06-26 18:04:48,52.242481,3
844,245,21.068396,9446,2021-06-26 18:04:46,52.27829,2
845,712,20.892401,9450,2021-06-26 18:04:46,52.285122,1
846,176,20.984945,9452,2021-06-26 18:04:45,52.343735,3
847,176,21.026777,9453,2021-06-26 18:04:48,52.281181,2
848,743,20.929874,9459,2021-06-26 18:04:46,52.22477,1
849,194,20.860171167,9501,2021-06-26 18:04:47,52.193800833,4
850,181,20.985966,9503,2021-06-26 18:04:45,52.269330833,2
851,717,20.955108167,9504,2021-06-26 18:04:45,52.213724667,3
852,139,21.113686833,9507,2021-06-26 18:04:45,52.105314167,2
853,149,20.905031167,9509,2021-06-26 18:04:41,52.239164167,2
854,729,20.9502945,9511,2021-06-26 18:04:45,52.238558167,1
855,149,20.9490205,9514,2021-06-26 18:04:46,52.240560667,4
856,159,21.049874833,9515,2021-06-26 18:04:46,52.2010975,1
857,159,21.0460325,9519,2021-06-26 18:04:49,52.2171,4
858,159,21.085059333,9520,2021-06-26 18:04:44,52.1932395,5
859,181,20.939951167,9521,2021-06-26 18:04:48,52.301077333,1
860,715,21.034414333,9522,2021-06-26 18:04:45,52.156141,55
861,181,20.899864,9524,2021-06-26 18:04:49,52.297128167,4
862,194,20.930408,9525,2021-06-26 18:04:48,52.224961167,1
863,181,20.950857333,9526,2021-06-26 18:04:48,52.289041,3
864,220,20.8982085,9529,2021-06-26 18:04:42,52.249476667,3
865,717,20.9518805,9530,2021-06-26 18:04:46,52.211927667,2
866,159,20.979458333,9531,2021-06-26 18:04:49,52.2221855,2
867,194,20.913600667,9532,2021-06-26 18:04:46,52.211391667,2
868,194,20.865593667,9533,2021-06-26 18:04:45,52.190987333,3
869,194,20.900246667,9534,2021-06-26 18:04:48,52.208304667,5
870,220,20.9016445,9535,2021-06-26 18:04:45,52.192042833,1
871,220,20.9250625,9537,2021-06-26 18:04:45,52.2607405,4
872,300,21.024133667,9538,2021-06-26 18:04:49,52.179805667,M1
873,149,20.940504833,9539,2021-06-26 18:04:45,52.2466715,3
874,707,20.967381667,9540,2021-06-26 18:04:47,52.081561833,1
875,715,20.943208167,9542,2021-06-26 18:04:43,52.175724333,53
876,737,20.967013167,9543,2021-06-26 18:04:49,52.078442667,54
877,717,20.828707,9544,2021-06-26 18:04:45,52.192929667,1
878,724,21.067994833,9546,2021-06-26 18:04:49,52.129118833,1
879,139,21.023974833,9548,2021-06-26 18:04:46,52.1795205,1
880,715,21.018095333,9554,2021-06-26 18:04:47,52.136482667,51
881,149,20.890324333,9555,2021-06-26 18:04:47,52.2503755,1
882,159,20.962804833,9556,2021-06-26 18:04:45,52.217106333,3
883,220,20.929216833,9557,2021-06-26 18:04:47,52.173051667,2
884,152,21.059685,9673,2021-06-26 18:04:46,52.316277,5
885,152,20.952435,9678,2021-06-26 18:04:43,52.317036,1
886,152,20.953068,9680,2021-06-26 18:04:45,52.31752,2
887,118,21.015965,9681,2021-06-26 18:04:43,52.221298,3
888,212,21.055286,9682,2021-06-26 18:04:46,52.279659,2
889,118,21.027744,9683,2021-06-26 18:04:45,52.22995,4
890,118,21.0084,9685,2021-06-26 18:04:45,52.259117,2
891,152,20.999584,9687,2021-06-26 18:04:45,52.338688,4
892,152,20.999611,9688,2021-06-26 18:04:44,52.340424,3
893,118,21.00009,9689,2021-06-26 18:04:46,52.2897,5
894,212,21.026993,9692,2021-06-26 18:04:43,52.259655,3
895,212,21.057247,9696,2021-06-26 18:04:43,52.301865,1
896,118,21.041336,9697,2021-06-26 18:04:46,52.300098,1
897,212,21.054932,9698,2021-06-26 18:04:42,52.274868,4
898,109,20.954332,9801,2021-06-26 18:04:46,52.22789,1
899,710,21.077953,9802,2021-06-26 18:04:42,52.130398,1
900,525,21.166393,9803,2021-06-26 18:04:41,52.212158,3
901,Z10,20.910862,9804,2021-06-26 18:04:45,52.248108,2
902,109,21.034847,9805,2021-06-26 18:04:43,52.224995,3
903,109,20.914827,9806,2021-06-26 18:04:45,52.239136,5
904,109,20.898823,9807,2021-06-26 18:04:42,52.238499,6
905,127,21.004989,9809,2021-06-26 18:04:47,52.228559,2
906,127,20.915543,9810,2021-06-26 18:04:44,52.207218,1
907,127,21.019022,9811,2021-06-26 18:04:46,52.246719,335
908,131,21.033241,9814,2021-06-26 18:04:43,52.206886,4
909,127,20.895453,9816,2021-06-26 18:04:46,52.208786,56
910,127,20.96636,9817,2021-06-26 18:04:44,52.217949,5
911,131,21.083845,9818,2021-06-26 18:04:47,52.16795,2
912,710,21.057022,9819,2021-06-26 18:04:40,52.077503,3
913,131,21.012463,9820,2021-06-26 18:04:48,52.228554,6
914,131,21.068682,9821,2021-06-26 18:04:46,52.181709,1
915,525,21.003597,9822,2021-06-26 18:04:44,52.229534,1
916,519,21.0441,9825,2021-06-26 18:03:34,52.19267,6
917,525,21.067265,9826,2021-06-26 18:04:47,52.229912,2
918,710,21.135831,9827,2021-06-26 18:04:45,52.096947,2
919,Z10,20.929634,9828,2021-06-26 18:04:46,52.223293,9
920,525,21.196577,9829,2021-06-26 18:04:46,52.208282,4
921,525,21.140442,9830,2021-06-26 18:04:48,52.228313,5
922,742,21.216909,9833,2021-06-26 18:04:42,51.981129,1
923,710,21.125465,9834,2021-06-26 18:04:47,52.101398,4
924,Z10,20.92317,9836,2021-06-26 18:04:48,52.221806,8
925,109,20.988204,9838,2021-06-26 18:04:47,52.231034,4
926,127,21.03714,9839,2021-06-26 18:04:49,52.232296,4
927,109,21.020937,9842,2021-06-26 18:04:48,52.231918,2
928,525,21.013626,9846,2021-06-26 18:04:48,52.226421,319
929,719,20.712881,9849,2021-06-26 18:04:41,52.257286,2
930,719,20.950081,9852,2021-06-26 18:04:48,52.238598,3
931,131,21.00391,9854,2021-06-26 18:04:37,52.22934,3
932,114,20.99699,9901,2021-06-26 18:04:44,52.272331,1
933,114,20.917152,9903,2021-06-26 18:04:45,52.312923,5
934,186,20.96081,9905,2021-06-26 18:04:48,52.217106,5
935,193,21.030636,9906,2021-06-26 18:04:46,52.173527,1
936,114,21.042154,9907,2021-06-26 18:04:46,52.300255,7
937,186,20.949467,9908,2021-06-26 18:04:48,52.31992,1
938,186,20.964241,9909,2021-06-26 18:04:47,52.318085,3
939,186,20.963793,9912,2021-06-26 18:04:44,52.20779,6
940,186,20.9993,9915,2021-06-26 18:04:46,52.293648,9
941,186,20.942183,9916,2021-06-26 18:04:42,52.334087,2
942,190,21.034309,9919,2021-06-26 18:04:49,52.254314,2
943,190,20.898842,9920,2021-06-26 18:04:48,52.238918,5
944,190,21.060743,9921,2021-06-26 18:04:44,52.269306,9
945,190,21.0854,9922,2021-06-26 18:04:48,52.305038,10
946,193,21.036856,9923,2021-06-26 18:04:44,52.161987,2
947,193,21.039793,9925,2021-06-26 18:04:48,52.172039,3
948,114,20.993303,9928,2021-06-26 18:04:47,52.278194,63
949,114,20.933075,9930,2021-06-26 18:04:48,52.271099,2
950,193,20.995361,9933,2021-06-26 18:04:46,52.170235,4
951,190,20.915037,9935,2021-06-26 18:04:45,52.233101,4
952,186,20.956371,9939,2021-06-26 18:04:47,52.230339,8
953,114,20.932222,9940,2021-06-26 18:04:45,52.271027,4
954,114,21.041868,9941,2021-06-26 18:04:48,52.300262,6
955,186,20.972923,9942,2021-06-26 18:04:47,52.276581,4
956,190,20.987934,9946,2021-06-26 18:04:48,52.240135,8
957,190,20.955942,9947,2021-06-26 18:04:44,52.237717,3
958,190,20.896915,9949,2021-06-26 18:04:44,52.232319,6
959,190,20.949013,9951,2021-06-26 18:04:44,52.238701,7
960,190,21.065338,9953,2021-06-26 18:04:49,52.274517,1
961,186,20.968088,9954,2021-06-26 18:04:44,52.207104,67
962,o43A,21.423235,9999,2021-06-25 14:26:34,50.302956,1
