,Lines,Lon,VehicleNumber,Time,Lat,Brigade
0,213,21.1152613,1000,2021-06-25 23:22:58,52.2346205,3
1,213,21.115043,1001,2021-06-25 23:56:49,52.23463,1
2,213,21.090628,1003,2021-06-26 17:49:41,52.2196215,1
3,311,21.115233,1004,2021-06-25 21:52:40,52.23458,2
4,196,21.11514,1005,2021-06-25 23:48:58,52.234611,1
5,130,21.11559,1008,2021-06-25 20:19:05,52.234613,04
6,213,21.0965221,1010,2021-06-26 17:49:40,52.2179746,2
7,213,21.2201451,1011,2021-06-26 17:49:34,52.1632173,4
8,311,21.1155166,1012,2021-06-25 21:16:38,52.2346153,1
9,213,21.2245418,1015,2021-06-26 17:49:43,52.1695913,3
10,108,21.023144,1020,2021-06-26 17:49:42,52.228756,3
11,218,21.024521,1021,2021-06-26 17:49:42,52.179157,4
12,218,20.998718,1024,2021-06-26 17:49:41,52.188923,2
13,192,21.068731,1025,2021-06-26 17:49:41,52.128895,3
14,195,20.9979977,1026,2021-06-25 21:14:18,52.1862374,2
15,163,21.079725,1027,2021-06-26 17:49:41,52.162952,1
16,218,21.010595,1028,2021-06-26 17:49:40,52.18898,3
17,163,21.0936862,1030,2021-06-26 17:49:41,52.1850706,2
18,163,21.0490184,1031,2021-06-26 17:49:42,52.1782512,3
19,108,21.087749,1038,2021-06-26 17:49:31,52.194571,4
20,192,21.0445039,1039,2021-06-26 17:49:42,52.1429474,2
21,204,21.0495483,1040,2021-06-26 17:49:37,52.3209217,1
22,736,21.0288967,1042,2021-06-26 17:49:42,52.3486983,1
23,204,21.043091,1043,2021-06-25 22:53:22,52.26632,05
24,204,21.0396067,1044,2021-06-26 17:49:41,52.2882083,3
25,107,21.046234,1045,2021-06-25 22:36:50,52.264653,4
26,204,21.042681,1046,2021-06-25 23:57:31,52.266098,1
27,204,21.023196,1047,2021-06-26 17:49:33,52.277279,2
28,228,20.921443,1050,2021-06-25 23:41:52,52.196853,2
29,328,20.921189,1051,2021-06-25 22:30:10,52.196913,01
30,129,20.938085,1052,2021-06-26 17:49:32,52.2355317,2
31,129,20.88248,1053,2021-06-26 17:49:28,52.1952017,3
32,129,20.9249717,1055,2021-06-26 17:49:32,52.2071017,4
33,129,20.9392717,1057,2021-06-26 17:49:35,52.2458983,1
34,119,21.205555,1061,2021-06-26 17:49:41,52.210045,4
35,119,21.12613,1062,2021-06-26 17:49:40,52.2009645,5
36,192,21.024296,1064,2021-06-26 17:49:43,52.179863,1
37,192,21.0212537,1069,2021-06-26 17:49:41,52.1771429,52
38,108,21.023931,1070,2021-06-26 17:49:42,52.179714,1
39,108,21.087925,1074,2021-06-26 17:49:41,52.194901,2
40,218,21.006792,1076,2021-06-26 17:49:42,52.177925,1
41,192,21.044817,1079,2021-06-26 17:49:41,52.142349,4
42,173,21.0426228,1101,2021-06-26 00:28:34,52.2664063,2
43,240,21.0008241,1109,2021-06-26 17:49:40,52.2913888,2
44,173,21.048266,1110,2021-06-25 19:53:25,52.264265,3
45,170,21.080667,1111,2021-06-26 17:49:37,52.2775216,2
46,110,20.9330236,1112,2021-06-26 17:49:41,52.2786698,51
47,126,21.046033,1113,2021-06-25 23:08:32,52.264159,4
48,338,21.046365,1116,2021-06-25 19:40:36,52.2645706,05
49,170,21.021954,1117,2021-06-26 17:49:27,52.262479,4
50,739,21.017609,1200,2021-06-26 17:49:41,52.140846,65
51,739,21.039671,1201,2021-06-26 17:49:41,52.08054,64
52,166,21.041203,1203,2021-06-26 17:49:42,52.169346,1
53,727,21.0280579,1205,2021-06-26 17:49:42,52.0678296,68
54,727,21.0240622,1208,2021-06-26 17:49:42,52.1799521,62
55,141,21.1128644,1211,2021-06-26 17:49:41,52.2362702,2
56,727,21.017815,1213,2021-06-26 17:49:41,52.149605,66
57,166,21.033747,1214,2021-06-26 17:49:38,52.259068,3
58,727,21.020287,1216,2021-06-26 17:49:38,52.065887,67
59,739,21.0275837,1218,2021-06-26 17:49:42,52.0981084,63
60,166,21.0750462,1219,2021-06-26 17:49:42,52.1334531,8
61,166,21.068174,1220,2021-06-26 17:49:41,52.131248,7
62,727,21.0226561,1223,2021-06-26 17:49:41,52.0822222,61
63,240,21.0483353,1400,2021-06-26 00:03:19,52.2641493,1
64,170,21.0527068,1401,2021-06-26 17:49:34,52.2595345,3
65,170,21.0454971,1403,2021-06-25 21:36:41,52.2652081,3
66,240,21.043604,1408,2021-06-25 23:31:26,52.266069,4
67,146,21.204657,1411,2021-06-26 17:49:32,52.159462,58
68,173,21.2309356,1412,2021-06-26 17:49:42,52.2165212,3
69,730,21.24197,1413,2021-06-26 17:49:41,52.22311,61
70,146,21.0947754,1417,2021-06-26 17:49:41,52.2186961,57
71,199,21.0800161,1418,2021-06-26 17:49:41,52.2924604,3
72,147,21.162205,1419,2021-06-26 17:49:42,52.203636,53
73,183,21.128382,1422,2021-06-26 17:49:40,52.234661,3
74,147,21.227978,1425,2021-06-26 17:49:41,52.216618,54
75,147,21.077505,1426,2021-06-26 17:49:41,52.226036,55
76,146,21.175611,1427,2021-06-26 17:49:36,52.157715,59
77,119,21.0211477,1429,2021-06-26 17:49:42,52.2108104,1
78,L11,20.772955,14422,2021-06-26 17:49:38,52.43832,2
79,L10,20.945208,14423,2021-06-26 14:34:04,52.437897,M4
80,L11,20.723183,14424,2021-06-25 20:30:06,52.424343,51
81,L-9,20.943829,14426,2021-06-26 17:49:39,52.399021,3
82,L11,20.889885,14427,2021-06-26 17:49:42,52.457451,1
83,L34,20.863611,14429,2021-06-26 17:49:36,52.441414,1
84,L10,20.945269,14430,2021-06-26 16:19:41,52.437912,M5
85,L34,20.945213,14431,2021-06-25 19:23:11,52.437866,2
86,L41,20.712929,14432,2021-06-26 17:49:41,52.430367,1
87,L33,20.945353,14434,2021-06-25 23:24:58,52.438198,1
88,L49,20.894281,14436,2021-06-26 17:49:40,52.417229,1
89,L-8,21.230701,14438,2021-06-26 17:49:41,52.435398,1
90,L-9,20.949566,14440,2021-06-25 23:13:11,52.471237,055
91,338,21.045604,1500,2021-06-25 19:27:18,52.264496,03
92,106,20.9891793,1508,2021-06-26 17:49:39,52.2344371,5
93,735,21.0104921,1509,2021-06-26 17:49:36,52.4424941,M4
94,240,21.1192431,1510,2021-06-26 17:49:40,52.3381925,4
95,110,20.8986608,1513,2021-06-26 17:49:41,52.284153,52
96,147,21.044424,1514,2021-06-25 19:54:57,52.2648745,06
97,115,21.2422717,1521,2021-06-26 17:49:32,52.16996,4
98,115,21.2241183,1523,2021-06-26 17:49:38,52.1692617,3
99,702,21.19044,1524,2021-06-26 17:49:32,52.1421733,2
100,183,21.115313,1526,2021-06-26 00:16:52,52.233074,4
101,N16,21.116845,1527,2021-06-26 05:37:31,52.233048,2
102,N44,21.117096,1528,2021-06-26 05:37:25,52.233049,207
103,702,21.2133833,1531,2021-06-26 17:49:28,52.1147833,1
104,202,21.1077117,1532,2021-06-26 17:49:30,52.2456633,2
105,141,20.9679967,1533,2021-06-26 17:49:36,52.1868867,6
106,119,21.100155,1535,2021-06-26 17:49:39,52.215955,3
107,156,20.9281983,1537,2021-06-26 17:49:27,52.29069,2
108,132,21.0567117,1538,2021-06-26 17:49:27,52.3055833,55
109,120,21.050773,1539,2021-06-26 17:49:36,52.269429,1
110,156,21.0521317,1540,2021-06-26 17:49:30,52.25301,5
111,166,21.0316067,1542,2021-06-26 17:49:29,52.26086,4
112,221,20.99386,1543,2021-06-26 17:49:39,52.259475,2
113,N03,21.044968,1545,2021-06-26 05:08:35,52.264589,2
114,156,21.0581133,1546,2021-06-26 17:49:42,52.26986,4
115,512,21.0717983,1548,2021-06-26 17:49:28,52.2829283,1
116,120,21.050789,1549,2021-06-26 17:49:40,52.252651,2
117,166,21.0470233,1550,2021-06-26 17:49:31,52.163695,6
118,120,21.0619067,1551,2021-06-26 17:49:41,52.3616883,6
119,156,20.9340233,1552,2021-06-26 17:49:41,52.28914,3
120,L35,21.332962,17455,2021-06-26 17:49:43,52.363674,51
121,L40,21.190741,17458,2021-06-26 17:49:40,52.352337,1
122,L43,21.077759,17461,2021-06-26 08:32:11,52.26762,51
123,L43,21.077217,17462,2021-06-26 17:49:36,52.268578,52
124,L45,21.175373,17464,2021-06-26 17:49:41,52.310867,1
125,L37,21.176323,17466,2021-06-25 22:21:40,52.312318,2
126,L38,21.244871,17467,2021-06-26 17:49:35,52.342129,51
127,240,21.0526838,1802,2021-06-26 17:49:35,52.2936208,3
128,N12,21.045453,1803,2021-06-26 04:33:33,52.264459,128
129,110,20.9686385,1804,2021-06-26 17:49:36,52.2722008,53
130,132,21.0792575,1805,2021-06-26 17:49:37,52.323877,54
131,122,20.8987323,1807,2021-06-26 17:49:40,52.2386265,6
132,106,21.0435196,1808,2021-06-26 06:30:45,52.2662013,4
133,N11,21.0454075,1809,2021-06-26 05:42:59,52.264945,122
134,106,21.0205676,1810,2021-06-26 17:49:39,52.2430583,2
135,106,21.020556,1811,2021-06-26 17:49:34,52.243121,1
136,106,20.9764706,1812,2021-06-26 17:49:37,52.2321513,3
137,170,21.063278,1814,2021-06-26 17:49:22,52.263669,1
138,122,20.9760631,1815,2021-06-26 17:49:40,52.2899233,3
139,N12,21.046083,1816,2021-06-26 05:05:03,52.264528,210
140,173,21.042571,1818,2021-06-25 23:48:59,52.2664061,10
141,173,21.2428555,1821,2021-06-26 17:49:34,52.2496038,2
142,115,21.15786,1826,2021-06-26 17:49:37,52.2402743,2
143,147,21.0614273,1828,2021-06-26 17:49:36,52.2313593,52
144,146,21.0430711,1829,2021-06-26 17:49:36,52.2450376,51
145,183,21.0883703,1830,2021-06-26 17:49:39,52.2450151,1
146,119,21.1165895,1832,2021-06-25 22:22:16,52.2331471,06
147,183,21.190951,1833,2021-06-26 17:49:38,52.2415886,2
148,173,21.1385985,1835,2021-06-26 17:49:39,52.2384408,4
149,115,21.1702936,1837,2021-06-26 17:49:37,52.277097,1
150,168,21.0023168,1838,2021-06-26 17:49:37,52.1956391,1
151,115,21.161388,1839,2021-06-26 17:49:36,52.2261513,5
152,147,21.1172291,1840,2021-06-25 21:35:22,52.2330755,09
153,142,21.1168673,1842,2021-06-25 20:08:52,52.2330963,08
154,168,21.051571,1843,2021-06-26 17:49:39,52.207471,3
155,173,21.1167918,1844,2021-06-25 23:53:58,52.233165,8
156,168,21.112671,1846,2021-06-26 17:49:27,52.236283,4
157,722,21.131669,1847,2021-06-26 17:49:36,52.231913,62
158,198,21.1158643,1848,2021-06-25 20:42:24,52.2333196,2
159,198,21.2228791,1849,2021-06-26 17:49:36,52.2443481,1
160,183,21.115764,1850,2021-06-25 21:22:25,52.233265,3
161,183,21.1154913,1851,2021-06-26 00:18:45,52.2331743,07
162,198,21.222548,1854,2021-06-26 17:49:26,52.217764,2
163,146,21.115132,1856,2021-06-26 00:38:41,52.233222,4
164,115,21.115681,1857,2021-06-26 00:02:26,52.2331425,5
165,146,21.1166211,1858,2021-06-25 20:46:49,52.2331278,07
166,198,21.1172503,1859,2021-06-25 19:30:46,52.2330405,05
167,115,21.1153055,1860,2021-06-26 00:28:39,52.2332403,6
168,173,21.052774,1866,2021-06-26 17:49:39,52.2503255,5
169,173,21.0846495,1867,2021-06-26 17:49:33,52.2459038,1
170,115,21.1165116,1869,2021-06-25 23:18:40,52.2330776,3
171,222,21.0109449,1901,2021-06-26 17:49:35,52.1926248,3
172,251,21.1024979,1909,2021-06-26 17:49:37,52.1308229,3
173,222,20.9955208,1910,2021-06-26 17:49:35,52.1905918,2
174,222,21.024343,1911,2021-06-26 17:49:42,52.217972,1
175,251,21.043348,1912,2021-06-26 17:49:40,52.175255,2
176,222,21.005308,1916,2021-06-26 17:49:41,52.244713,5
177,251,21.123217,1919,2021-06-26 17:49:42,52.089481,1
178,222,21.0178642,1920,2021-06-26 17:49:42,52.2310129,4
179,178,20.957935,1995,2021-06-26 17:49:41,52.226208,2
180,178,21.0040204,1996,2021-06-26 17:49:42,52.255362,1
181,178,21.005438,1997,2021-06-26 17:49:42,52.249001,5
182,178,20.882118,1998,2021-06-26 17:49:43,52.189133,3
183,178,20.945814,1999,2021-06-26 17:49:42,52.20784,4
184,171,20.925102,2009,2021-06-26 17:49:41,52.272442,1
185,189,20.916136,2015,2021-06-26 17:49:41,52.205166,9
186,187,21.047247,2016,2021-06-26 17:49:42,52.212315,5
187,709,21.0185656,2021,2021-06-26 17:49:42,52.1123317,5
188,Z26,20.973326,2022,2021-06-26 17:49:41,52.23526,4
189,172,20.9554457,2024,2021-06-26 17:49:42,52.211734,63
190,217,21.0246072,2026,2021-06-26 17:49:42,52.1791659,3
191,519,21.092724,2027,2021-06-26 17:49:42,52.116932,3
192,172,20.9665882,2028,2021-06-26 17:49:42,52.2180282,1
193,189,20.916636,2029,2021-06-26 17:49:42,52.224972,8
194,Z26,21.0020824,2030,2021-06-26 17:49:41,52.2448471,7
195,522,21.0630261,2032,2021-06-26 17:49:42,52.1747879,3
196,174,21.003197,2035,2021-06-26 17:49:40,52.226162,2
197,709,21.019068,2038,2021-06-26 17:49:41,52.074696,6
198,709,21.0267581,2039,2021-06-26 17:49:42,52.0756607,1
199,709,21.0181789,2040,2021-06-26 17:49:41,52.1178166,2
200,709,21.0225615,2041,2021-06-26 17:49:41,52.1793187,3
201,709,21.0200487,2042,2021-06-26 17:49:42,52.1729432,4
202,517,20.867865,2200,2021-06-26 17:49:41,52.191483,1
203,N35,20.921913,2206,2021-06-26 06:01:56,52.1961371,237
204,184,20.931252,2210,2021-06-26 17:49:41,52.289886,3
205,191,20.9838789,2213,2021-06-26 17:49:41,52.2181241,1
206,189,20.914549,2227,2021-06-26 17:49:41,52.214451,4
207,105,20.922151,2236,2021-06-26 00:04:20,52.196038,4
208,189,21.055075,2237,2021-06-26 17:49:42,52.181175,14
209,124,20.930431,2240,2021-06-26 17:49:41,52.163639,2
210,105,20.896471,2247,2021-06-26 17:49:41,52.216789,5
211,141,20.921326,2253,2021-06-25 18:30:50,52.197259,014
212,401,20.920378,2254,2021-06-25 19:44:39,52.196613,012
213,191,20.88677,2258,2021-06-26 17:49:42,52.189674,3
214,L20,21.471462,24511,2021-06-25 23:35:10,52.132233,1
215,L20,21.471769,24513,2021-06-26 15:05:20,52.132652,1
216,L20,21.259794,24515,2021-06-26 17:49:39,52.107761,1
217,162,21.0307893,3400,2021-06-26 17:49:37,52.2612641,5
218,185,20.9728031,3401,2021-06-26 17:49:37,52.2816108,6
219,723,20.9151905,3403,2021-06-26 17:49:39,52.4108455,3
220,735,20.9682233,3404,2021-06-26 17:49:36,52.2719161,63
221,731,21.000843,3405,2021-06-26 17:49:35,52.291228,3
222,414,21.047923,3406,2021-06-25 20:26:01,52.264541,07
223,731,20.9255376,3407,2021-06-26 17:49:34,52.4216495,1
224,738,21.0485045,3408,2021-06-26 01:02:31,52.264437,1
225,414,21.0468988,3409,2021-06-25 20:46:35,52.2649078,08
226,126,20.9418111,3410,2021-06-26 17:49:41,52.334137,2
227,169,21.04371,3411,2021-06-25 21:40:49,52.265391,1
228,140,21.075681,3413,2021-06-26 17:49:39,52.2870998,1
229,509,20.9421981,3414,2021-06-26 17:49:40,52.3345653,2
230,114,21.0478216,3415,2021-06-25 23:08:38,52.2646596,5
231,723,21.0454035,3417,2021-06-25 21:48:49,52.2654235,1
232,145,21.10561,3421,2021-06-26 17:49:39,52.2862626,7
233,509,21.0767406,3422,2021-06-26 17:49:39,52.225958,355
234,Z26,21.0358171,3423,2021-06-26 17:49:40,52.2556578,1
235,169,21.0477433,3429,2021-06-25 23:04:14,52.2646666,3
236,126,21.0572761,3430,2021-06-26 17:49:37,52.3017938,4
237,114,21.04857,3434,2021-06-26 00:33:00,52.264513,2
238,518,21.0478431,3437,2021-06-25 23:46:13,52.264609,6
239,705,21.1359495,3438,2021-06-26 17:49:33,52.482201,66
240,738,21.0527281,3440,2021-06-26 17:49:41,52.2766268,2
241,114,21.0428833,3441,2021-06-25 23:51:31,52.2659116,7
242,140,21.104004,3444,2021-06-26 17:49:40,52.3216563,2
243,509,21.0001891,3446,2021-06-26 17:49:39,52.2932885,4
244,731,20.934931,3447,2021-06-26 17:49:36,52.37039,2
245,126,21.012336,3448,2021-06-26 17:49:31,52.316906,1
246,518,21.043485,3449,2021-06-25 21:30:55,52.265478,7
247,126,20.998261,3450,2021-06-26 17:49:31,52.31897,3
248,126,21.0567743,3451,2021-06-26 17:49:40,52.3018728,M5
249,705,20.9905836,3454,2021-06-26 17:49:38,52.3023878,62
250,145,21.0132426,3455,2021-06-26 17:49:40,52.294704,6
251,Z26,20.9742748,3456,2021-06-26 17:49:36,52.2354203,5
252,169,21.043935,3457,2021-06-25 23:56:08,52.265611,5
253,509,21.0349826,3458,2021-06-26 17:49:40,52.2545505,5
254,Z26,20.9873491,3459,2021-06-26 17:49:37,52.2396208,6
255,738,21.1276586,3461,2021-06-26 17:49:40,52.350445,3
256,731,21.04776,3463,2021-06-26 00:40:56,52.264114,5
257,735,21.0444471,3464,2021-06-25 23:05:19,52.2656713,64
258,723,21.0441993,3466,2021-06-26 00:00:11,52.265954,2
259,738,21.156447,3469,2021-06-26 17:49:37,52.3848378,1
260,L19,21.034472,36443,2021-06-26 17:31:57,52.083504,51
261,L17,20.899836,36444,2021-06-26 13:08:02,51.912342,51
262,L25,21.205736,36448,2021-06-26 17:49:43,51.981995,1
263,L39,21.036341,38541,2021-06-26 17:49:41,52.101379,4
264,L39,21.023693,38545,2021-06-26 17:49:35,52.062111,3
265,L52,21.02952,38546,2021-06-26 17:49:36,52.074768,51
266,L39,20.989628,38547,2021-06-26 17:45:51,52.110771,1
267,L39,21.032953,38548,2021-06-26 17:49:39,52.07637,2
268,L23,21.037342,38549,2021-06-26 17:49:40,52.063572,51
269,L-5,21.024462,39551,2021-06-26 17:49:38,52.068794,62
270,L-2,21.034941,39552,2021-06-25 19:11:52,52.083633,063
271,L25,21.191267,39555,2021-06-25 23:37:02,51.987377,1
272,L13,21.040335,39556,2021-06-26 17:49:41,52.026642,63
273,L-5,21.011162,39558,2021-06-26 17:49:40,52.060505,61
274,L-2,20.935654,39559,2021-06-26 17:49:41,51.996559,1
275,L13,21.217253,39561,2021-06-25 20:05:15,51.98262,03
276,L12,21.029575,39562,2021-06-26 17:49:42,52.074581,1
277,L12,21.034851,39565,2021-06-26 12:57:20,52.083328,1
278,197,20.976547,4200,2021-06-26 17:49:42,52.287685,3
279,721,20.8919671,4201,2021-06-26 17:49:41,52.1166204,75
280,711,20.845215,4205,2021-06-26 17:49:38,52.109852,1
281,122,20.898127,4206,2021-06-26 17:49:41,52.25901,1
282,141,21.029783,4208,2021-06-26 17:49:41,52.200649,9
283,197,20.9511835,4213,2021-06-26 17:49:42,52.272163,4
284,154,20.8984184,4214,2021-06-26 17:49:42,52.2583199,6
285,141,21.0150717,4216,2021-06-26 17:49:42,52.1961885,5
286,154,20.977533,4217,2021-06-26 17:49:41,52.180134,2
287,154,20.971683,4218,2021-06-26 17:49:41,52.2195942,1
288,255,20.968788,4219,2021-06-26 17:49:41,52.228886,1
289,714,20.950064,4220,2021-06-26 17:49:42,52.238613,1
290,255,20.9294484,4224,2021-06-26 17:49:41,52.2249312,2
291,714,20.837515,4226,2021-06-26 17:49:41,52.257359,2
292,122,20.962784,4227,2021-06-26 17:49:42,52.259697,2
293,154,20.970396,4231,2021-06-26 17:49:41,52.219303,4
294,141,20.9442627,4232,2021-06-26 17:49:41,52.1755274,7
295,197,20.939844,4233,2021-06-26 17:49:41,52.236279,5
296,L-1,20.89243,42361,2021-06-26 14:43:02,52.090702,1
297,154,20.917951,4238,2021-06-26 17:49:42,52.2395556,5
298,141,21.1064725,4240,2021-06-26 17:49:42,52.2367131,3
299,122,20.985199,4241,2021-06-26 17:49:41,52.268463,4
300,122,20.932623,4242,2021-06-26 17:49:41,52.268337,5
301,197,20.932264,4243,2021-06-26 17:49:41,52.257397,2
302,901,21.022318,4244,2021-06-26 17:49:42,52.2286997,1
303,901,21.003296,4246,2021-06-26 17:49:41,52.229492,3
304,154,20.959881,4247,2021-06-26 17:49:41,52.184795,3
305,154,20.906708,4248,2021-06-26 17:49:42,52.23904,7
306,L-1,20.93656,42498,2021-06-23 19:45:16,52.08992,2
307,L-3,20.938379,42500,2021-06-26 17:49:40,52.087887,1
308,147,21.0522654,4305,2021-06-26 17:49:42,52.2502535,56
309,202,21.039588,4307,2021-06-26 17:49:43,52.2437255,1
310,119,21.007274,4311,2021-06-26 17:49:42,52.2102634,2
311,105,16.9750897,4332,2021-06-26 13:35:37,52.5472771,4
312,512,21.052223,4400,2021-06-26 17:49:41,52.252911,4
313,197,20.866821,4402,2021-06-26 17:49:38,52.191113,6
314,221,20.994102,4404,2021-06-26 17:49:42,52.259457,1
315,120,21.04735,4405,2021-06-26 17:49:40,52.284367,4
316,156,21.0430124,4406,2021-06-26 17:49:41,52.2756309,1
317,N02,21.044418,4407,2021-06-26 06:46:43,52.265051,3
318,240,21.04043,4408,2021-06-26 17:49:41,52.287807,1
319,197,20.8934167,4409,2021-06-26 17:49:41,52.2165495,1
320,197,20.862446,4410,2021-06-26 17:49:42,52.190231,7
321,120,21.065603,4411,2021-06-26 17:49:42,52.312477,7
322,106,20.966307,4412,2021-06-26 17:49:41,52.243359,4
323,152,21.04444,4413,2021-06-25 20:19:00,52.265066,06
324,N16,21.045311,4415,2021-06-26 05:39:26,52.264876,1
325,120,21.045601,4417,2021-06-26 13:08:26,52.264446,1
326,199,21.0444199,4418,2021-06-25 20:09:09,52.264953,2
327,901,21.0051767,4420,2021-06-26 17:49:43,52.2344649,2
328,166,21.0238396,4421,2021-06-26 17:49:41,52.2250609,5
329,N03,21.0459804,4422,2021-06-26 05:41:10,52.2641299,1
330,166,21.025164,4423,2021-06-26 17:49:38,52.218987,2
331,901,21.032593,4424,2021-06-26 17:49:41,52.228172,4
332,512,21.049643,4425,2021-06-26 17:49:39,52.285999,2
333,120,21.0354996,4428,2021-06-26 17:49:42,52.2537114,3
334,512,21.070772,4429,2021-06-26 17:49:42,52.281124,3
335,120,21.0521469,4431,2021-06-26 17:49:41,52.3398645,5
336,512,21.042828,4434,2021-06-26 17:49:41,52.249336,5
337,100,21.0106876,4617,2021-06-26 17:49:34,52.2319641,M1
338,184,20.96387,5205,2021-06-26 17:49:30,52.208521,6
339,189,21.0037936,5206,2021-06-26 17:49:39,52.1778685,2
340,105,20.9835085,5208,2021-06-26 17:49:38,52.230007,1
341,188,20.9857171,5209,2021-06-26 17:49:34,52.2048105,3
342,105,20.8986588,5210,2021-06-26 17:49:39,52.2164423,2
343,172,21.002904,5211,2021-06-26 17:49:34,52.195451,4
344,189,21.025521,5212,2021-06-26 17:49:37,52.1734785,11
345,105,20.8989252,5214,2021-06-26 17:49:42,52.2387756,3
346,189,21.068858,5215,2021-06-26 17:49:24,52.181278,13
347,716,20.9140644,5216,2021-06-26 17:49:33,52.2130616,1
348,172,20.9720775,5217,2021-06-26 17:49:34,52.2194966,2
349,523,21.0800112,5221,2021-06-26 17:49:37,52.2378126,3
350,517,20.940319,5222,2021-06-26 17:49:39,52.204136,2
351,523,20.9435861,5223,2021-06-26 17:49:35,52.2392797,1
352,171,20.9240456,5224,2021-06-26 17:49:40,52.2529607,3
353,105,20.8989646,5225,2021-06-26 17:49:34,52.2387793,4
354,210,20.9281915,5228,2021-06-26 17:49:33,52.2910302,3
355,187,20.9010571,5229,2021-06-26 17:49:42,52.1994887,1
356,171,20.9770899,5232,2021-06-26 17:49:34,52.2380697,4
357,136,21.026385,5234,2021-06-26 17:49:24,52.161988,5
358,184,20.9692356,5235,2021-06-26 17:49:42,52.2147813,1
359,517,20.9434901,5236,2021-06-26 17:49:36,52.2059355,5
360,Z10,20.924784,5237,2021-06-26 17:49:35,52.2606463,3
361,171,20.9270085,5238,2021-06-26 17:49:33,52.2720065,2
362,171,21.0366513,5240,2021-06-26 17:49:33,52.2219834,5
363,191,20.9471483,5241,2021-06-26 17:49:36,52.208396,2
364,148,20.978133,5242,2021-06-26 17:49:39,52.1694168,4
365,190,20.920664,5245,2021-06-25 20:12:48,52.196575,016
366,523,21.1074586,5253,2021-06-26 17:49:35,52.2485958,5
367,141,20.9224014,5255,2021-06-26 00:37:46,52.1970728,4
368,182,20.92243,5256,2021-06-25 19:09:29,52.1956758,011
369,188,20.977948,5257,2021-06-26 17:49:24,52.169588,52
370,187,20.8621054,5258,2021-06-26 17:49:42,52.1908881,2
371,184,20.9248032,5260,2021-06-26 17:49:12,52.2473956,5
372,N46,21.047172,5403,2021-06-26 06:04:29,52.2647932,150
373,500,21.041046,5404,2021-06-26 17:49:42,52.289707,52
374,169,21.04068,5406,2021-06-26 17:49:42,52.288437,5
375,705,21.0107422,5407,2021-06-26 17:49:41,52.3161661,65
376,160,21.040731,5410,2021-06-26 17:49:42,52.257393,M5
377,500,21.0127857,5412,2021-06-26 17:49:41,52.2617504,54
378,160,21.024065,5413,2021-06-26 17:49:42,52.250156,M2
379,500,21.041704,5419,2021-06-26 17:49:41,52.300354,M56
380,527,21.056671,5425,2021-06-26 17:49:42,52.324032,3
381,162,21.033672,5426,2021-06-26 17:49:36,52.250538,1
382,162,21.049694,5428,2021-06-26 17:49:41,52.203796,2
383,185,21.031496,5429,2021-06-26 17:49:34,52.240466,8
384,112,21.082266,5430,2021-06-26 17:49:42,52.304493,3
385,145,21.051542,5432,2021-06-26 17:49:42,52.291821,4
386,409,20.984402,5433,2021-06-26 17:49:42,52.254948,57
387,112,20.8827917,5434,2021-06-26 17:49:41,52.2147144,9
388,169,21.0518485,5435,2021-06-26 17:49:41,52.2529042,3
389,527,21.050781,5436,2021-06-26 17:49:42,52.269505,2
390,409,20.947441,5437,2021-06-26 17:49:41,52.267849,53
391,160,21.0683682,5438,2021-06-26 17:49:41,52.323583,7
392,112,20.964151,5439,2021-06-26 17:49:43,52.275322,12
393,500,21.042177,5441,2021-06-26 17:49:42,52.295319,55
394,160,21.00284,5443,2021-06-26 17:49:41,52.2291692,4
395,520,21.156063,5445,2021-06-26 17:49:35,52.240406,4
396,511,20.928057,5448,2021-06-26 17:49:41,52.291508,1
397,160,21.055252,5449,2021-06-26 17:49:42,52.274971,1
398,527,21.058001,5453,2021-06-26 17:49:42,52.319256,1
399,160,21.0027124,5454,2021-06-26 17:49:41,52.2297462,3
400,723,20.974283,5455,2021-06-26 17:49:42,52.317375,2
401,511,20.948238,5459,2021-06-26 17:49:41,52.347347,2
402,185,21.0255564,5460,2021-06-26 17:49:41,52.1425802,3
403,180,21.006462,5870,2021-06-26 17:49:41,52.248543,7
404,503,21.012913,5871,2021-06-26 17:49:39,52.229942,3
405,503,21.002281,5873,2021-06-26 17:49:39,52.254704,5
406,503,21.010111,5875,2021-06-26 17:49:40,52.232887,7
407,180,21.009192,5876,2021-06-26 17:49:41,52.24744,62
408,175,21.0081392,5880,2021-06-26 17:49:42,52.2354847,55
409,175,20.978231,5882,2021-06-26 17:49:40,52.169449,53
410,175,21.0129637,5884,2021-06-26 17:49:41,52.2430034,51
411,175,20.979651,5886,2021-06-26 17:49:40,52.174175,52
412,128,20.995531,5887,2021-06-26 17:49:42,52.226257,64
413,128,20.963451,5889,2021-06-26 17:49:41,52.207771,59
414,180,21.08391,5890,2021-06-26 17:49:41,52.16782,3
415,180,20.970438,5891,2021-06-26 17:49:42,52.255676,11
416,180,21.030014,5892,2021-06-26 17:49:38,52.207825,5
417,128,20.989878,5895,2021-06-26 17:49:37,52.223358,60
418,128,20.998121,5897,2021-06-25 23:36:40,52.187019,51
419,503,21.009693,5898,2021-06-26 17:49:38,52.247223,4
420,111,21.085669,5900,2021-06-26 17:49:38,52.228096,4
421,158,21.023495,5902,2021-06-26 17:49:40,52.232254,5
422,128,20.963669,5904,2021-06-26 17:49:38,52.207706,58
423,116,20.924749,5905,2021-06-26 17:49:42,52.272446,69
424,158,21.117008,5907,2021-06-25 21:44:36,52.233902,5
425,175,21.116972,5908,2021-06-25 19:38:19,52.233955,068
426,116,21.116823,5910,2021-06-26 00:07:33,52.233971,17
427,158,20.953213,5913,2021-06-26 17:49:38,52.212402,6
428,158,21.1176484,5915,2021-06-26 17:49:42,52.2337774, 
429,111,21.008068,5920,2021-06-26 17:49:38,52.235638,6
430,116,21.034824,5921,2021-06-26 17:49:42,52.202168,5
431,111,21.107388,5922,2021-06-26 07:42:12,52.233645, 
432,111,21.116245,5926,2021-06-26 00:24:55,52.234005,5
433,111,21.102476,5927,2021-06-26 17:49:41,52.222038,3
434,111,20.989534,5931,2021-06-26 17:49:42,52.247662,8
435,128,21.012974,5932,2021-06-26 17:49:39,52.243172,61
436,158,21.0060366,5933,2021-06-26 17:49:42,52.2287684,1
437,158,21.113445,5934,2021-06-26 17:49:42,52.235806,4
438,503,21.115843,5935,2021-06-26 00:31:56,52.233995,013
439,116,21.036097,5936,2021-06-26 17:49:38,52.200836,4
440,503,21.033449,5937,2021-06-26 17:49:42,52.166973,1
441,175,21.012737,5939,2021-06-26 17:49:42,52.243191,56
442,116,21.084829,5940,2021-06-26 17:49:38,52.167503,3
443,175,21.115613,5941,2021-06-25 21:43:06,52.234041,63
444,116,20.978916,5942,2021-06-26 17:49:39,52.27042,7
445,503,21.048872,5943,2021-06-26 17:49:42,52.152145,9
446,158,21.097601,5946,2021-06-26 17:49:38,52.235123,2
447,175,20.981853,5947,2021-06-26 17:49:42,52.193085,54
448,116,20.997776,5948,2021-06-26 17:49:40,52.234039,56
449,518,20.994455,5950,2021-06-26 17:49:38,52.260376,2
450,503,21.045113,5954,2021-06-26 17:49:38,52.182457,2
451,503,21.032064,5956,2021-06-26 17:49:43,52.205631,8
452,E-9,21.045723,5962,2021-06-25 20:17:53,52.265643,06
453,180,20.924797,5964,2021-06-26 17:49:42,52.272549,10
454,723,21.047304,5966,2021-06-25 18:56:33,52.265156,07
455,180,21.057264,5967,2021-06-26 17:49:42,52.19215,4
456,180,21.021101,5968,2021-06-26 17:49:39,52.231407,1
457,116,20.924934,5969,2021-06-26 17:49:38,52.272327,8
458,518,20.967131,5976,2021-06-26 17:49:41,52.319073,6
459,518,21.013689,5978,2021-06-26 17:49:42,52.230488,3
460,518,20.989809,5979,2021-06-26 17:49:38,52.264893,5
461,518,20.942127,5980,2021-06-26 17:49:39,52.334557,7
462,518,21.012625,5981,2021-06-26 17:49:42,52.229851,4
463,503,20.999384,5983,2021-06-26 17:49:40,52.254311,6
464,111,21.024422,5984,2021-06-26 17:49:37,52.232471,5
465,111,20.982441,5985,2021-06-26 17:49:40,52.245449,7
466,111,21.062923,5986,2021-06-26 17:49:42,52.228931,2
467,180,20.924957,5987,2021-06-26 17:49:41,52.272392,9
468,180,21.011225,5988,2021-06-26 17:49:36,52.230465,6
469,180,21.051435,5990,2021-06-26 17:49:41,52.199009,2
470,180,20.957607,5991,2021-06-26 17:49:38,52.260513,58
471,518,20.960482,5994,2021-06-26 17:49:40,52.314354,1
472,116,21.053242,5995,2021-06-26 17:49:42,52.184399,2
473,116,21.024729,5996,2021-06-26 17:49:38,52.221603,1
474,116,21.012213,5997,2021-06-26 17:49:42,52.246078,11
475,116,20.975014,5998,2021-06-26 17:49:38,52.271343,10
476,111,21.01684,5999,2021-06-26 17:49:39,52.231003,1
477,167,20.9596934,6201,2021-06-26 17:49:42,52.2198672,2
478,713,20.803976,6203,2021-06-26 17:49:42,52.210201,1
479,713,20.918493,6204,2021-06-26 17:49:41,52.220478,2
480,112,20.939146,6207,2021-06-26 17:49:40,52.277409,6
481,112,21.0331132,6208,2021-06-26 17:49:42,52.2970119,1
482,112,20.9124615,6210,2021-06-26 17:49:42,52.2414315,M11
483,112,20.883137,6212,2021-06-26 17:49:42,52.214664,8
484,136,20.9682649,6213,2021-06-26 17:49:41,52.2139362,10
485,187,20.881798,6214,2021-06-26 17:49:41,52.196255,3
486,210,20.817015,6220,2021-06-26 17:49:42,52.292141,1
487,187,20.9495856,6222,2021-06-26 17:49:42,52.2103737,4
488,189,20.972801,6223,2021-06-26 17:49:41,52.18544,10
489,187,20.9632847,6226,2021-06-26 17:49:41,52.2168242,8
490,191,20.9553672,6227,2021-06-26 17:49:42,52.2141409,6
491,136,21.045856,6236,2021-06-26 17:49:41,52.149857,7
492,716,20.8287272,6239,2021-06-26 17:49:42,52.192932,3
493,184,20.939207,6241,2021-06-26 17:49:42,52.277596,4
494,703,20.89016,6242,2021-06-26 17:49:42,52.132275,74
495,706,20.9400649,6243,2021-06-26 17:49:41,52.1725294,1
496,L29,20.474562,65471,2021-06-26 17:49:38,52.265926,1
497,112,20.914013,7200,2021-06-26 17:49:42,52.23666,7
498,124,20.9653077,7201,2021-06-26 17:49:41,52.1534364,1
499,Z10,20.914415,7202,2021-06-26 17:49:42,52.235744,5
500,112,21.045429,7206,2021-06-26 17:49:42,52.285992,4
501,Z10,20.9249992,7208,2021-06-26 17:49:42,52.2608149,1
502,189,20.89876,7214,2021-06-26 17:49:41,52.238647,7
503,728,20.9433562,7217,2021-06-26 17:49:42,52.1754986,72
504,728,20.896042,7218,2021-06-26 17:49:42,52.007736,71
505,517,21.00868,7224,2021-06-26 17:49:40,52.23399,4
506,112,21.091898,7225,2021-06-26 17:49:41,52.307003,2
507,112,20.9208932,7226,2021-06-26 13:08:33,52.1969334,4
508,184,20.924988,7227,2021-06-26 17:49:42,52.247135,2
509,Z10,20.921423,7228,2021-06-26 17:49:42,52.221416,6
510,716,20.930544,7229,2021-06-26 17:49:42,52.225033,2
511,Z10,20.9308192,7234,2021-06-26 17:49:41,52.2249584,7
512,124,20.921078,7240,2021-06-25 18:26:53,52.196911,03
513,187,21.047913,7241,2021-06-26 17:49:42,52.208893,7
514,187,21.048248,7243,2021-06-26 17:49:43,52.178192,6
515,210,20.8123321,7244,2021-06-26 17:49:42,52.3126137,2
516,167,21.083023,7245,2021-06-26 17:49:42,52.20829,6
517,191,20.8704001,7247,2021-06-26 17:49:42,52.1835862,4
518,172,21.029205,7248,2021-06-26 17:49:42,52.200462,7
519,189,20.8966917,7249,2021-06-26 17:49:42,52.231122,5
520,188,20.9752914,7250,2021-06-26 17:49:41,52.1680527,1
521,517,20.870558,7251,2021-06-26 17:49:34,52.198348,6
522,182,20.9617585,7252,2021-06-26 17:49:43,52.2166841,2
523,517,21.0105459,7254,2021-06-26 17:49:41,52.2316087,3
524,523,20.960161,7255,2021-06-26 17:49:41,52.217381,7
525,191,20.8952976,7256,2021-06-26 17:49:42,52.1932351,5
526,188,21.0985837,7257,2021-06-26 17:49:42,52.2479127,5
527,182,21.112982,7259,2021-06-26 17:49:42,52.236263,4
528,138,21.0884635,7301,2021-06-26 17:49:41,52.2623904,6
529,141,21.045471,7303,2021-06-26 17:49:21,52.22008,4
530,148,21.0871115,7304,2021-06-26 17:49:42,52.2447956,9
531,151,21.0149145,7305,2021-06-26 17:49:42,52.2229534,2
532,182,21.0285976,7306,2021-06-26 17:49:41,52.2202184,3
533,162,21.0850157,7308,2021-06-26 17:49:42,52.1932955,3
534,507,21.0498995,7310,2021-06-26 17:49:41,52.2379232,2
535,125,21.182932,7312,2021-06-26 17:49:42,52.206829,2
536,E-1,21.1167422,7314,2021-06-25 19:42:06,52.2335197,01
537,520,21.1562059,7315,2021-06-26 17:49:42,52.2404161,5
538,143,21.1164757,7317,2021-06-25 19:35:11,52.2334452,3
539,162,21.042093,7322,2021-06-26 17:49:42,52.216473,4
540,523,20.978725,7324,2021-06-26 17:49:41,52.217213,2
541,520,21.015837,7325,2021-06-26 17:49:42,52.221306,2
542,148,21.0415,7326,2021-06-26 17:49:42,52.147373,5
543,138,21.0415267,7327,2021-06-26 17:49:42,52.2501577,7
544,171,20.9142171,7328,2021-06-26 17:49:40,52.251985,8
545,520,21.00215,7331,2021-06-26 17:49:37,52.243069,1
546,150,20.928093,753,2021-06-26 17:49:42,52.290768,3
547,750,20.831167,755,2021-06-26 17:49:41,52.352699,2
548,250,20.903719,757,2021-06-26 17:49:41,52.28709,1
549,750,20.751743,758,2021-06-26 17:49:38,52.390648,3
550,150,20.88936,761,2021-06-26 17:49:39,52.340206,1
551,250,20.880562,763,2021-06-26 17:49:37,52.335533,3
552,521,20.9972781,7701,2021-06-26 17:49:42,52.2268617,3
553,750,20.911998333,773,2021-06-26 17:49:40,52.322787667,4
554,250,20.930836,775,2021-06-26 17:49:43,52.291454,2
555,750,20.9353357,776,2021-06-26 17:49:42,52.3044507,1
556,150,20.8597817,777,2021-06-26 17:49:42,52.3464212,2
557,138,20.9993961,8120,2021-06-26 17:49:36,52.169165,1
558,185,20.975708,8138,2021-06-26 17:49:37,52.2896723,7
559,172,21.0691203,8139,2021-06-26 17:49:39,52.1813733,6
560,727,20.997388,8148,2021-06-25 21:39:43,52.187336,4
561,522,21.0311366,8154,2021-06-26 17:49:33,52.2066295,6
562,167,21.0083646,8166,2021-06-26 17:49:35,52.2076196,5
563,143,21.118933,8167,2021-06-26 17:49:35,52.237935,2
564,522,20.998243,8174,2021-06-25 20:09:50,52.1878,013
565,504,21.004388,8178,2021-06-26 17:49:40,52.2299821,3
566,519,20.996546,8180,2021-06-25 22:35:23,52.187545,5
567,136,20.9980028,8181,2021-06-26 17:49:38,52.1832191,4
568,138,21.001048,8183,2021-06-26 17:49:33,52.169626,2
569,172,20.9838525,8184,2021-06-26 17:49:39,52.1988051,8
570,504,20.9898785,8187,2021-06-26 17:49:32,52.2235105,2
571,519,21.092853,8188,2021-06-26 17:49:31,52.117094,2
572,504,21.0505471,8189,2021-06-26 17:49:37,52.1363796,5
573,198,21.1173818,8210,2021-06-25 18:57:27,52.2334423,04
574,151,21.1167196,8218,2021-06-25 19:22:39,52.2335221,04
575,514,21.2168673,8222,2021-06-26 17:49:40,52.2465181,4
576,188,21.1161338,8225,2021-06-25 20:54:43,52.2335866,08
577,143,21.114924,8228,2021-06-25 23:38:50,52.234206,6
578,509,21.116793,8231,2021-06-25 20:04:19,52.233758,021
579,514,21.1358466,8300,2021-06-26 17:49:39,52.2421405,3
580,502,21.2371471,8301,2021-06-26 17:49:35,52.2161706,4
581,125,21.1142263,8303,2021-06-26 17:49:42,52.2398446,5
582,125,21.0902931,8305,2021-06-26 17:49:39,52.2448115,3
583,509,20.942,8310,2021-06-26 17:49:29,52.334291,3
584,502,21.015115,8313,2021-06-26 17:49:28,52.218899,6
585,182,21.11721,8315,2021-06-25 19:08:30,52.233705,013
586,145,21.127716,8317,2021-06-26 17:49:23,52.233575,1
587,188,21.0264068,8318,2021-06-26 17:49:33,52.2195028,6
588,168,21.11586,8320,2021-06-25 21:27:01,52.23366,07
589,514,21.0156108,8323,2021-06-26 17:49:44,52.2192633,2
590,145,21.0884165,8324,2021-06-26 17:49:42,52.244867,2
591,720,21.463821,8325,2021-06-26 17:49:45,52.133077,1
592,125,21.117233,8327,2021-06-25 20:58:39,52.234053,3
593,145,21.0002865,8328,2021-06-26 17:49:42,52.2913791,5
594,411,21.117353,8330,2021-06-25 20:35:38,52.233359,53
595,148,21.085669,8331,2021-06-26 17:49:39,52.2089423,1
596,502,21.0153208,8335,2021-06-26 17:44:02,52.2185746,1
597,143,21.0355385,8339,2021-06-26 17:49:38,52.2219511,1
598,704,21.3478441,8340,2021-06-26 17:49:41,52.222364,1
599,171,21.0165833,8342,2021-06-26 17:49:35,52.2307483,6
600,151,21.08676,8344,2021-06-26 17:49:28,52.2307983,3
601,185,21.053835,8345,2021-06-26 17:49:40,52.18048,1
602,145,21.116836,8346,2021-06-25 19:31:54,52.233566,016
603,145,21.116093,8347,2021-06-25 19:40:44,52.233476,012
604,523,20.8979617,8348,2021-06-26 17:49:39,52.2581667,9
605,507,21.045376,8349,2021-06-26 17:49:33,52.236811,5
606,411,21.116288,8350,2021-06-25 20:43:54,52.233658,061
607,125,21.041346,8351,2021-06-26 17:49:33,52.241541,4
608,125,21.1964767,8352,2021-06-26 17:49:40,52.2083967,1
609,151,21.0950383,8353,2021-06-26 17:49:34,52.23112,1
610,521,20.995775,8355,2021-06-26 17:49:35,52.2263483,2
611,N03,21.117188,8357,2021-06-26 05:01:26,52.233246,254
612,502,21.2415567,8358,2021-06-26 17:49:42,52.2163633,3
613,507,21.1023583,8360,2021-06-26 17:49:29,52.2219733,4
614,704,21.0885917,8362,2021-06-26 17:49:42,52.2449017,2
615,521,21.162721,8363,2021-06-26 17:49:28,52.209969,5
616,507,21.005385,8366,2021-06-26 17:49:39,52.2294917,1
617,143,21.0869383,8367,2021-06-26 17:49:35,52.2450233,6
618,502,21.0964483,8368,2021-06-26 17:49:36,52.2347867,5
619,521,21.1535417,8369,2021-06-26 17:49:42,52.2189333,1
620,141,21.117058,8397,2021-06-25 19:41:02,52.233698,012
621,502,21.1151075,8403,2021-06-25 23:03:57,52.2336293,064
622,411,21.1156411,8440,2021-06-25 20:20:48,52.2335555,062
623,511,20.974672,8443,2021-06-26 17:49:42,52.317768,3
624,112,20.914261,8445,2021-06-26 17:49:41,52.235283,10
625,169,21.0474562,8447,2021-06-26 17:49:42,52.284546,2
626,509,20.9780242,8448,2021-06-26 17:49:41,52.3123327,1
627,160,21.0571379,8450,2021-06-26 17:49:42,52.2989027,6
628,409,20.900455,8452,2021-06-26 17:49:42,52.296745,58
629,735,21.030481,8454,2021-06-26 17:49:42,52.42976,61
630,112,20.992134,8455,2021-06-26 17:49:42,52.285725,5
631,731,20.928534,8457,2021-06-26 17:49:41,52.388157,4
632,185,21.0485019,8458,2021-06-26 11:00:08,52.2645874,6
633,169,21.0515746,8459,2021-06-26 17:49:42,52.2528007,4
634,409,20.8868107,8460,2021-06-26 17:49:41,52.3046712,51
635,169,21.041914,8461,2021-06-26 17:49:41,52.300148,1
636,141,20.98066,8500,2021-06-26 17:49:41,52.1898817,8
637,Z26,20.9930717,8501,2021-06-26 17:49:30,52.2415483,3
638,522,21.0801067,8502,2021-06-26 17:49:33,52.1576467,2
639,189,21.040525,8504,2021-06-26 17:49:40,52.1707633,1
640,N33,20.996476,8505,2021-06-26 05:42:44,52.187546,172
641,185,20.997366,8507,2021-06-25 23:56:14,52.186391,9
642,174,21.0141267,8508,2021-06-26 17:49:37,52.179695,3
643,189,20.996501,8509,2021-06-26 00:35:47,52.18806,12
644,331,20.997095,8511,2021-06-25 18:21:40,52.187653,01
645,148,20.998374,8514,2021-06-26 00:52:13,52.188333,5
646,N37,20.998273,8516,2021-06-26 05:43:10,52.188213,246
647,136,20.9868033,8517,2021-06-26 17:49:29,52.210545,3
648,165,21.000988,8520,2021-06-26 17:49:34,52.175044,3
649,185,21.0390367,8521,2021-06-26 17:49:27,52.1409283,2
650,136,21.0209983,8522,2021-06-26 17:49:38,52.16078,8
651,733,20.997863,8523,2021-06-25 20:19:16,52.187501,62
652,185,21.060586,8524,2021-06-26 17:49:29,52.184658,4
653,519,21.0909433,8525,2021-06-26 17:49:39,52.153735,4
654,136,21.055591,8528,2021-06-26 17:49:29,52.147354,6
655,143,21.142851,8530,2021-06-26 17:49:29,52.260191,5
656,308,20.997771,8531,2021-06-25 19:03:30,52.187649,02
657,136,20.997748,8533,2021-06-25 23:20:13,52.188256,10
658,N03,20.997894,8534,2021-06-26 05:57:03,52.18594,156
659,131,20.996449,8535,2021-06-25 22:36:53,52.186401,10
660,519,21.0162517,8536,2021-06-26 17:49:28,52.2154117,7
661,N33,20.996953,8537,2021-06-26 05:04:45,52.186869,173
662,217,21.080286,8540,2021-06-26 17:49:34,52.158081,2
663,N34,20.996438,8541,2021-06-26 05:33:51,52.187668,149
664,N37,20.99783,8545,2021-06-26 05:44:42,52.187465,132
665,167,20.92576,8547,2021-06-26 17:49:41,52.2341167,3
666,733,20.942834,8548,2021-06-26 17:49:40,52.174799,1
667,504,21.0686633,8550,2021-06-26 17:49:39,52.129005,6
668,519,21.044646,8551,2021-06-26 17:49:26,52.192259,5
669,522,21.071721,8552,2021-06-26 17:49:29,52.161006,1
670,Z26,21.028975,8553,2021-06-26 17:49:42,52.25228,2
671,148,21.0949767,8559,2021-06-26 17:49:35,52.2302333,7
672,151,21.116914,8561,2021-06-25 23:54:17,52.233616,1
673,171,20.9718833,8562,2021-06-26 17:49:34,52.2370417,7
674,521,21.116369,8565,2021-06-25 20:39:03,52.233641,08
675,520,21.1050817,8566,2021-06-26 17:49:39,52.233805,6
676,523,21.0376467,8567,2021-06-26 17:49:31,52.2223417,6
677,509,21.0255383,8569,2021-06-26 17:49:31,52.25941,9
678,148,21.046878,8570,2021-06-26 17:49:35,52.190048,6
679,143,21.177236,8573,2021-06-26 17:49:40,52.257001,4
680,521,21.155169,8574,2021-06-26 17:49:29,52.217461,4
681,523,20.9170383,8576,2021-06-26 17:49:33,52.2394333,8
682,141,21.0609217,8578,2021-06-26 17:49:34,52.2281767,1
683,190,21.046053,8582,2021-06-25 18:46:44,52.264343,021
684,523,21.1067967,8586,2021-06-26 17:49:29,52.248005,4
685,520,21.01543,8589,2021-06-26 17:49:29,52.21958,7
686,185,21.0263083,8592,2021-06-26 17:49:15,52.2434183,5
687,N13,21.114978,8593,2021-06-26 05:47:18,52.233611,247
688,145,21.1268233,8594,2021-06-26 17:49:31,52.25912,3
689,188,21.087488,8595,2021-06-26 17:49:34,52.250258,4
690,168,21.112704,8800,2021-06-26 17:49:23,52.23617,5
691,189,20.8987995,8802,2021-06-26 17:49:38,52.2387415,6
692,148,21.0001328,8804,2021-06-26 17:49:39,52.156001,3
693,168,21.0598686,8805,2021-06-26 17:49:39,52.2079541,6
694,136,20.966059,8806,2021-06-26 17:49:40,52.2431871,1
695,189,20.9530805,8807,2021-06-26 17:49:38,52.1912288,3
696,138,21.0447055,8808,2021-06-26 17:49:37,52.2487271,4
697,168,21.0009525,8810,2021-06-26 17:49:39,52.1890188,2
698,167,21.026006,8812,2021-06-26 17:49:38,52.209318,1
699,136,20.964831,8813,2021-06-26 17:49:41,52.2372313,2
700,504,20.9839456,8814,2021-06-26 17:49:40,52.1823403,4
701,217,21.045288,8816,2021-06-26 17:49:38,52.1750391,1
702,167,21.083275,8818,2021-06-26 17:49:26,52.20828,7
703,167,20.9504675,8819,2021-06-26 17:49:34,52.2293213,4
704,174,20.9952923,8820,2021-06-26 17:49:40,52.17019,371
705,N43,20.9959001,8821,2021-06-26 05:29:35,52.1875351,220
706,189,21.056368,8822,2021-06-26 17:49:37,52.182046,12
707,519,21.0546938,8823,2021-06-26 17:49:36,52.1830846,8
708,148,21.0512585,8825,2021-06-26 17:49:39,52.1593846,2
709,522,21.0150463,8826,2021-06-26 17:49:36,52.2188623,318
710,514,21.0402861,8828,2021-06-26 17:49:34,52.2233608,1
711,509,21.1024225,8829,2021-06-26 17:49:38,52.2218435,7
712,143,21.0068308,8832,2021-06-26 17:49:35,52.217051,7
713,502,21.1044496,8833,2021-06-26 17:49:36,52.2341226,2
714,182,21.1170881,8834,2021-06-26 17:49:37,52.2350241,M5
715,N83,21.116546,8839,2021-06-26 05:25:32,52.233586,174
716,520,21.0879925,8840,2021-06-26 17:49:39,52.2361991,3
717,138,21.1172336,8841,2021-06-25 22:19:45,52.2337476,1
718,521,21.1161941,8844,2021-06-25 20:59:15,52.2334716,09
719,138,21.021703,8846,2021-06-26 17:49:38,52.208428,8
720,143,21.1697796,8850,2021-06-26 17:49:39,52.263745,3
721,138,21.1005575,8852,2021-06-26 17:49:38,52.2606466,5
722,509,21.0611368,8853,2021-06-26 17:49:40,52.2316723,8
723,182,21.0571516,8854,2021-06-26 17:49:35,52.2270195,1
724,518,21.047239,8859,2021-06-25 21:49:41,52.2647968,9
725,412,21.047084,8862,2021-06-25 20:21:52,52.264918,05
726,509,21.043849,8863,2021-06-25 22:53:53,52.266028,14
727,723,21.047273,8864,2021-06-25 19:20:55,52.264625,08
728,269,21.043698,8866,2021-06-25 22:15:02,52.266003,04
729,738,21.046916,8868,2021-06-25 18:47:25,52.264738,05
730,340,21.046388,8870,2021-06-25 19:12:44,52.265081,03
731,511,21.046323,8874,2021-06-25 18:33:00,52.265079,05
732,340,21.048342,8876,2021-06-25 18:55:45,52.264397,06
733,723,20.9898265,8878,2021-06-26 17:49:39,52.3032321,1
734,511,21.0472221,8879,2021-06-25 19:11:55,52.2646076,07
735,709,20.996574,8880,2021-06-25 18:58:33,52.18762,016
736,136,20.988608,8881,2021-06-26 17:49:38,52.1892738,9
737,174,21.0103155,8882,2021-06-26 17:49:35,52.202692,1
738,165,21.0242723,8883,2021-06-26 17:49:34,52.1797641,4
739,504,21.0108533,8885,2021-06-26 17:49:37,52.1690008,1
740,504,20.9985235,8886,2021-06-26 11:14:42,52.1878498,6
741,165,21.0024631,8888,2021-06-26 17:49:38,52.1582115,2
742,165,21.0015956,8891,2021-06-26 17:49:40,52.1750255,1
743,148,21.087031,8893,2021-06-26 17:49:33,52.245058,8
744,172,21.0399978,8895,2021-06-26 17:49:39,52.197001,5
745,522,21.0019711,8896,2021-06-26 17:49:40,52.2288703,5
746,138,21.0214065,8897,2021-06-26 17:49:37,52.2052793,3
747,519,21.100078,8899,2021-06-26 17:49:36,52.136216,1
748,161,21.171972,9061,2021-06-26 17:49:38,52.183842,1
749,104,21.02981,9063,2021-06-26 17:49:39,52.303543,2
750,161,21.224695,9068,2021-06-26 17:49:41,52.186665,2
751,211,20.941402,9070,2021-06-26 17:49:37,52.355408,3
752,211,20.941254,9074,2021-06-26 17:49:42,52.355797,4
753,211,20.961195,9075,2021-06-26 17:49:41,52.316422,M5
754,234,21.014093,9076,2021-06-26 17:42:18,52.310333,1
755,234,21.066837,9079,2021-06-26 17:49:42,52.339012,2
756,800,20.775009,9082,2021-06-26 17:49:39,52.365124,M1
757,900,20.954376,9084,2021-06-26 17:49:41,52.357014,1
758,161,21.181105,9088,2021-06-26 17:49:42,52.184177,M3
759,104,21.000338,9091,2021-06-26 17:49:37,52.291489,1
760,211,20.965124,9092,2021-06-26 17:49:37,52.322639,2
761,211,21.000954,9093,2021-06-26 17:49:38,52.291172,1
762,219,21.17045,9201,2021-06-26 17:49:38,52.195984,1
763,107,20.990635,9204,2021-06-26 17:49:36,52.244446,1
764,107,20.97937,9205,2021-06-26 17:49:40,52.244484,2
765,121,20.974205,9206,2021-06-26 17:49:41,52.271957,M2
766,209,21.018169,9209,2021-06-26 17:49:28,52.132916,54
767,107,21.008858,9210,2021-06-26 17:49:41,52.238907,3
768,201,20.926517,9212,2021-06-26 17:49:40,52.234028,3
769,121,20.967939,9213,2021-06-26 17:49:36,52.271982,1
770,133,20.975494,9214,2021-06-26 17:49:38,52.350834,1
771,133,20.952419,9215,2021-06-26 17:49:40,52.317009,2
772,164,21.062187,9216,2021-06-26 17:49:39,52.185818,2
773,164,21.081091,9219,2021-06-26 17:49:38,52.166927,3
774,177,20.886566,9221,2021-06-26 17:49:33,52.189606,2
775,203,20.928396,9222,2021-06-26 17:49:37,52.291199,2
776,107,21.049,9223,2021-06-26 17:49:38,52.206024,4
777,203,20.915604,9224,2021-06-26 17:49:36,52.27367,1
778,208,20.960451,9225,2021-06-26 17:49:40,52.201561,2
779,209,20.981102,9227,2021-06-26 17:49:40,52.132835,51
780,228,20.893049,9228,2021-06-26 17:49:34,52.200378,1
781,228,20.92203,9229,2021-06-26 17:49:41,52.212662,3
782,177,20.879667,9230,2021-06-26 17:49:38,52.198166,3
783,228,20.980328,9231,2021-06-26 17:49:37,52.187347,2
784,209,21.034962,9233,2021-06-26 17:49:41,52.15596,52
785,201,20.928242,9234,2021-06-26 17:49:38,52.263508,2
786,219,21.161316,9235,2021-06-26 17:49:38,52.193863,2
787,208,20.975624,9236,2021-06-26 17:49:40,52.210293,1
788,264,21.08675,9240,2021-06-26 17:49:41,52.160221,1
789,201,20.938297,9243,2021-06-26 17:49:34,52.250359,1
790,239,21.007521,9252,2021-06-26 17:49:36,52.14312,53
791,199,21.074982,9311,2021-06-26 17:49:39,52.286663,4
792,135,21.059694,9312,2021-06-26 17:49:39,52.246822,3
793,135,21.02696,9313,2021-06-26 17:49:39,52.259758,4
794,123,21.095242,9316,2021-06-26 17:49:36,52.227314,1
795,123,21.046505,9317,2021-06-26 17:49:40,52.251335,3
796,179,21.062655,9318,2021-06-26 17:49:37,52.141277,7
797,153,21.170424,9319,2021-06-26 17:49:32,52.276901,3
798,179,21.037996,9320,2021-06-26 17:49:42,52.153984,3
799,142,21.134119,9321,2021-06-26 17:49:42,52.203991,4
800,123,21.05127,9322,2021-06-26 17:49:38,52.239079,2
801,123,21.084772,9323,2021-06-26 17:49:38,52.251892,5
802,179,21.036816,9325,2021-06-26 17:49:43,52.162033,4
803,135,21.075403,9326,2021-06-26 17:49:38,52.244987,1
804,179,21.036739,9327,2021-06-26 17:49:37,52.163151,5
805,135,21.107122,9328,2021-06-26 17:49:38,52.248306,2
806,179,21.041416,9329,2021-06-26 17:49:38,52.147339,6
807,179,21.050861,9333,2021-06-26 17:49:42,52.154705,52
808,123,21.092413,9337,2021-06-26 17:49:36,52.221748,4
809,153,21.176821,9338,2021-06-26 17:49:39,52.256786,2
810,123,21.055498,9339,2021-06-26 17:49:36,52.250137,357
811,153,21.177225,9340,2021-06-26 17:49:40,52.25687,1
812,199,21.179741,9342,2021-06-26 17:49:41,52.269157,2
813,123,21.077581,9345,2021-06-25 21:25:22,52.268494,357
814,179,21.06654,9349,2021-06-26 17:49:40,52.130478,1
815,142,21.088959,9351,2021-06-26 17:49:42,52.244713,1
816,142,21.242006,9352,2021-06-26 17:49:38,52.169849,3
817,142,21.191296,9354,2021-06-26 17:46:59,52.171467,M5
818,199,21.1440509,9355,2021-06-26 17:49:36,52.2696932,1
819,142,21.095684,9357,2021-06-26 17:49:41,52.243824,2
820,103,20.926699,9411,2021-06-26 17:49:41,52.290348,4
821,157,20.964012,9412,2021-06-26 17:49:41,52.207928,3
822,117,21.102442,9413,2021-06-26 17:49:39,52.222168,3
823,516,20.936949,9414,2021-06-26 17:49:42,52.326607,4
824,157,20.976622,9416,2021-06-26 17:49:41,52.289906,6
825,117,21.00555,9417,2021-06-26 17:49:39,52.228539,1
826,103,20.967415,9418,2021-06-26 17:49:40,52.227924,2
827,134,20.968306,9419,2021-06-26 17:49:41,52.271851,1
828,134,21.019396,9420,2021-06-26 17:49:38,52.295963,2
829,134,21.054876,9423,2021-06-26 17:49:42,52.347591,3
830,117,21.09057,9424,2021-06-26 17:49:41,52.222065,4
831,103,20.946514,9427,2021-06-26 17:49:38,52.2938,5
832,157,20.971565,9428,2021-06-26 17:49:38,52.283657,1
833,157,20.986614,9429,2021-06-26 17:49:42,52.240398,2
834,245,21.131294,9431,2021-06-26 17:49:41,52.280376,1
835,516,20.941366,9432,2021-06-26 17:49:41,52.339493,1
836,516,20.989723,9434,2021-06-26 17:49:37,52.303341,2
837,516,20.999893,9436,2021-06-26 17:49:41,52.293209,3
838,176,21.015799,9438,2021-06-26 17:49:39,52.295116,1
839,157,20.996143,9439,2021-06-26 17:49:37,52.257515,5
840,712,20.878788,9441,2021-06-26 17:49:42,52.286915,M2
841,103,20.958315,9442,2021-06-26 17:49:39,52.237835,1
842,103,20.944277,9443,2021-06-26 17:49:39,52.271229,3
843,245,21.052986,9446,2021-06-26 17:49:42,52.27647,2
844,712,20.927935,9450,2021-06-26 17:49:41,52.290852,1
845,176,20.982258,9452,2021-06-26 17:49:39,52.355579,3
846,176,21.021704,9453,2021-06-26 17:49:39,52.286228,2
847,743,20.870302,9459,2021-06-26 17:49:39,52.228931,1
848,194,20.914407667,9501,2021-06-26 17:49:42,52.206338,4
849,181,20.951173833,9503,2021-06-26 17:49:40,52.280754333,2
850,717,20.870260333,9504,2021-06-26 17:49:40,52.17702,3
851,139,21.102867833,9507,2021-06-26 17:49:35,52.1186465,2
852,149,20.940443833,9509,2021-06-26 17:49:40,52.246677333,2
853,729,20.925807167,9511,2021-06-26 17:49:40,52.240711,1
854,149,20.896330333,9514,2021-06-26 17:49:41,52.239657833,4
855,159,20.991434,9515,2021-06-26 17:49:40,52.2237215,1
856,159,21.085095,9519,2021-06-26 17:49:39,52.193244833,4
857,159,21.052433833,9520,2021-06-26 17:49:39,52.1962985,5
858,181,20.983522,9521,2021-06-26 17:49:43,52.2725385,1
859,715,21.036826333,9522,2021-06-26 17:49:35,52.161967333,55
860,181,20.930335167,9524,2021-06-26 17:49:39,52.307400667,4
861,194,20.916479333,9525,2021-06-26 17:49:38,52.219454167,1
862,181,20.8998745,9526,2021-06-26 17:49:43,52.2971645,3
863,220,20.925088,9529,2021-06-26 17:49:42,52.2607335,3
864,717,20.964916833,9530,2021-06-26 17:49:41,52.218237833,2
865,159,20.960713167,9531,2021-06-26 17:49:39,52.216053833,2
866,194,20.866075333,9532,2021-06-26 17:49:41,52.1910595,2
867,194,20.8602845,9533,2021-06-26 17:49:40,52.192901667,3
868,194,20.930892667,9534,2021-06-26 17:49:43,52.225042833,5
869,220,20.9437675,9535,2021-06-26 17:49:40,52.175835833,1
870,220,20.896683167,9537,2021-06-26 17:49:40,52.238296667,4
871,300,21.017409333,9538,2021-06-26 17:49:39,52.157077667,M1
872,149,20.940272833,9539,2021-06-26 17:49:40,52.246707,3
873,707,20.886476167,9540,2021-06-26 17:49:42,52.1037265,1
874,715,20.939870833,9542,2021-06-26 17:49:38,52.148822,53
875,737,21.018194167,9543,2021-06-26 17:49:39,52.115814833,54
876,717,20.838337667,9544,2021-06-26 17:49:40,52.173405333,1
877,724,21.076080333,9546,2021-06-26 17:49:39,52.132583667,1
878,139,21.025566333,9548,2021-06-26 17:49:41,52.178772167,1
879,715,20.975916,9554,2021-06-26 17:49:42,52.134887167,51
880,149,20.897146,9555,2021-06-26 17:49:37,52.2427045,1
881,159,21.019699,9556,2021-06-26 17:49:40,52.223610167,3
882,220,20.893042,9557,2021-06-26 17:49:42,52.2087715,2
883,152,20.995501,9673,2021-06-26 17:49:41,52.344177,5
884,152,20.952572,9678,2021-06-26 17:49:35,52.31712,1
885,152,20.999739,9680,2021-06-26 17:49:34,52.339905,2
886,118,21.023767,9681,2021-06-26 17:49:38,52.223923,3
887,212,21.037189,9682,2021-06-26 17:49:39,52.268322,2
888,118,20.996941,9683,2021-06-26 17:49:40,52.270435,4
889,118,21.026482,9685,2021-06-26 17:49:41,52.229862,2
890,152,20.95228,9687,2021-06-26 17:49:36,52.316929,4
891,152,21.060383,9688,2021-06-26 17:49:39,52.315086,3
892,118,21.041336,9689,2021-06-26 17:49:38,52.300053,5
893,212,21.04282,9692,2021-06-26 17:49:37,52.273201,3
894,212,21.051689,9696,2021-06-26 17:49:37,52.291908,1
895,118,20.992105,9697,2021-06-26 17:49:37,52.28566,1
896,212,21.057201,9698,2021-06-26 17:49:38,52.301868,4
897,109,21.006134,9801,2021-06-26 17:49:32,52.228877,1
898,710,21.122276,9802,2021-06-26 17:49:40,52.095631,1
899,525,21.196606,9803,2021-06-26 17:49:39,52.208286,3
900,Z10,20.924809,9804,2021-06-26 17:49:39,52.260815,2
901,109,20.996996,9805,2021-06-26 17:49:41,52.232685,3
902,109,20.898766,9806,2021-06-26 17:49:41,52.238472,5
903,109,20.948116,9807,2021-06-26 17:49:41,52.23674,6
904,127,21.024309,9809,2021-06-26 17:49:39,52.242081,2
905,127,20.973417,9810,2021-06-26 17:49:36,52.220726,1
906,127,21.030107,9811,2021-06-26 17:49:39,52.239937,335
907,131,21.003906,9814,2021-06-26 17:49:38,52.229267,4
908,127,20.895469,9816,2021-06-26 17:49:41,52.208823,56
909,127,20.914904,9817,2021-06-26 17:49:37,52.206448,5
910,131,21.075562,9818,2021-06-26 17:49:38,52.176651,2
911,710,21.122208,9819,2021-06-26 17:49:39,52.090397,3
912,131,21.048693,9820,2021-06-26 17:49:41,52.206532,6
913,131,21.030243,9821,2021-06-26 17:49:39,52.20673,1
914,525,21.033817,9822,2021-06-26 17:49:34,52.221519,1
915,519,21.002763,9825,2021-06-26 17:47:19,52.229939,6
916,525,21.154922,9826,2021-06-26 17:49:40,52.226223,2
917,710,21.048437,9827,2021-06-26 17:49:43,52.076909,2
918,Z10,20.912172,9828,2021-06-26 17:49:38,52.251354,9
919,525,21.165173,9829,2021-06-26 17:49:37,52.215477,4
920,525,21.028801,9830,2021-06-26 17:49:41,52.220123,5
921,742,21.216883,9833,2021-06-26 17:49:40,51.98114,1
922,710,21.077879,9834,2021-06-26 17:49:40,52.130375,4
923,719,20.843214,9835,2021-06-26 17:49:42,52.250683,1
924,Z10,20.914846,9836,2021-06-26 17:49:38,52.231037,8
925,Z10,20.919519,9837,2021-06-26 17:49:35,52.256916,M4
926,109,20.937531,9838,2021-06-26 17:49:41,52.239639,4
927,127,20.98937,9839,2021-06-26 17:49:37,52.224529,4
928,109,21.043346,9842,2021-06-26 17:49:37,52.222977,2
929,525,21.003729,9846,2021-06-26 17:49:39,52.229431,319
930,719,20.586405,9849,2021-06-26 17:49:39,52.257565,2
931,719,20.956299,9852,2021-06-26 17:49:35,52.23793,3
932,131,21.013134,9854,2021-06-26 17:49:31,52.22773,3
933,114,20.941898,9901,2021-06-26 17:49:40,52.272911,1
934,114,20.924322,9903,2021-06-26 17:49:39,52.281242,5
935,186,20.963785,9905,2021-06-26 17:49:40,52.207783,5
936,193,21.035738,9906,2021-06-26 17:49:42,52.156933,1
937,114,21.018087,9907,2021-06-26 17:49:42,52.29134,7
938,186,20.942202,9908,2021-06-26 17:49:38,52.333984,1
939,186,20.977636,9909,2021-06-26 17:49:41,52.278835,3
940,186,20.976248,9912,2021-06-26 17:49:42,52.204826,6
941,186,20.940722,9915,2021-06-26 17:49:38,52.325306,9
942,186,20.972471,9916,2021-06-26 17:49:41,52.320618,2
943,190,20.972124,9919,2021-06-26 17:49:39,52.236973,2
944,190,20.896748,9920,2021-06-26 17:49:41,52.235085,5
945,190,21.085405,9921,2021-06-26 17:49:39,52.305046,9
946,190,21.075277,9922,2021-06-26 17:49:41,52.286652,10
947,193,21.044847,9923,2021-06-26 17:49:39,52.166725,2
948,193,20.995457,9925,2021-06-26 17:49:39,52.170181,3
949,114,21.04254,9928,2021-06-26 17:49:39,52.299168,63
950,114,20.926846,9930,2021-06-26 17:49:40,52.309158,2
951,193,21.012369,9933,2021-06-26 17:49:38,52.17437,4
952,190,20.898781,9935,2021-06-26 17:49:38,52.238922,4
953,186,20.986471,9939,2021-06-26 17:49:39,52.283443,8
954,114,20.984835,9940,2021-06-26 17:49:39,52.268566,4
955,114,21.042126,9941,2021-06-26 17:49:39,52.300255,6
956,186,20.960373,9942,2021-06-26 17:49:35,52.218945,4
957,190,21.059877,9946,2021-06-26 17:49:39,52.268391,8
958,190,20.915102,9947,2021-06-26 17:49:42,52.231861,3
959,190,20.93574,9949,2021-06-26 17:49:39,52.239899,6
960,190,21.014734,9951,2021-06-26 17:49:41,52.246731,7
961,190,21.000282,9953,2021-06-26 17:49:40,52.244019,1
962,186,20.956219,9954,2021-06-26 17:49:41,52.230549,67
963,o43A,21.423235,9999,2021-06-25 14:26:34,50.302956,1
