,Lines,Lon,VehicleNumber,Time,Lat,Brigade
0,213,21.1152613,1000,2021-06-25 23:22:58,52.2346205,3
1,213,21.115043,1001,2021-06-25 23:56:49,52.23463,1
2,213,21.096857,1003,2021-06-26 17:25:39,52.2270513,1
3,311,21.115233,1004,2021-06-25 21:52:40,52.23458,2
4,196,21.11514,1005,2021-06-25 23:48:58,52.234611,1
5,130,21.11559,1008,2021-06-25 20:19:05,52.234613,04
6,213,21.2205905,1010,2021-06-26 17:25:35,52.1822386,2
7,213,21.1063253,1011,2021-06-26 17:25:35,52.2121503,4
8,311,21.1155166,1012,2021-06-25 21:16:38,52.2346153,1
9,213,21.2090945,1015,2021-06-26 17:25:34,52.1605485,3
10,108,21.074602,1020,2021-06-26 17:25:40,52.207104,3
11,218,20.988922,1021,2021-06-26 17:25:39,52.183205,4
12,218,21.002562,1024,2021-06-26 17:25:39,52.17836,2
13,192,21.042578,1025,2021-06-26 17:25:39,52.147976,3
14,195,20.9979977,1026,2021-06-25 21:14:18,52.1862374,2
15,163,21.103695,1027,2021-06-26 17:25:39,52.178028,1
16,218,21.023958,1028,2021-06-26 17:25:40,52.179794,3
17,163,21.0489491,1030,2021-06-26 17:25:39,52.1782675,2
18,163,21.0987399,1031,2021-06-26 17:25:39,52.1846762,3
19,108,21.066601,1038,2021-06-26 16:54:28,52.184325,4
20,192,21.0686077,1039,2021-06-26 17:25:40,52.129078,2
21,204,21.0231267,1040,2021-06-26 17:25:19,52.277225,1
22,736,20.9388533,1042,2021-06-26 17:25:40,52.400105,1
23,204,21.043091,1043,2021-06-25 22:53:22,52.26632,05
24,204,21.0605767,1044,2021-06-26 17:25:40,52.3147833,3
25,107,21.046234,1045,2021-06-25 22:36:50,52.264653,4
26,204,21.042681,1046,2021-06-25 23:57:31,52.266098,1
27,204,21.027339,1047,2021-06-26 17:25:20,52.278576,2
28,228,20.921443,1050,2021-06-25 23:41:52,52.196853,2
29,328,20.921189,1051,2021-06-25 22:30:10,52.196913,01
30,129,20.9001267,1052,2021-06-26 17:25:38,52.194795,2
31,129,20.907055,1053,2021-06-26 17:25:38,52.1926083,3
32,129,20.93932,1055,2021-06-26 17:25:24,52.24593,4
33,129,20.9420467,1057,2021-06-26 17:25:30,52.2457333,1
34,119,21.1468919,1061,2021-06-26 17:25:40,52.214087,4
35,119,21.0314831,1062,2021-06-26 17:25:40,52.2059482,5
36,192,21.05508,1064,2021-06-26 17:25:41,52.139202,1
37,192,21.021599,1069,2021-06-26 17:25:40,52.177326,52
38,108,21.072336,1070,2021-06-26 17:25:40,52.179508,1
39,108,21.023113,1074,2021-06-26 17:25:40,52.228802,2
40,218,21.008806,1076,2021-06-26 17:25:40,52.188892,1
41,192,21.0242749,1079,2021-06-26 17:25:39,52.1798002,4
42,173,21.0426228,1101,2021-06-26 00:28:34,52.2664063,2
43,240,21.0409843,1109,2021-06-26 17:25:39,52.2851593,2
44,173,21.048266,1110,2021-06-25 19:53:25,52.264265,3
45,170,21.0407808,1111,2021-06-26 17:25:37,52.2533276,2
46,110,20.879388,1112,2021-06-26 17:25:36,52.2964481,51
47,126,21.046033,1113,2021-06-25 23:08:32,52.264159,4
48,338,21.046365,1116,2021-06-25 19:40:36,52.2645706,05
49,170,21.0817475,1117,2021-06-26 17:25:24,52.2757303,4
50,727,21.017641,1200,2021-06-26 17:25:39,52.160301,65
51,739,21.018284,1201,2021-06-26 17:25:39,52.113228,64
52,166,21.0328522,1203,2021-06-26 17:25:40,52.2301625,1
53,727,21.026991,1205,2021-06-26 17:25:40,52.072021,68
54,739,21.0185196,1208,2021-06-26 17:25:40,52.1139694,62
55,141,21.082985,1211,2021-06-26 17:25:40,52.241009,2
56,727,21.0273739,1213,2021-06-26 17:25:39,52.0757104,66
57,166,21.033787,1214,2021-06-26 17:25:39,52.258987,3
58,727,20.897974,1216,2021-06-26 17:25:39,52.056316,67
59,739,21.0396905,1218,2021-06-26 17:25:39,52.0805336,63
60,166,21.0442361,1219,2021-06-26 17:25:39,52.1777586,8
61,166,21.063267,1220,2021-06-26 17:25:40,52.145344,7
62,739,21.024555,1223,2021-06-26 17:25:40,52.179169,61
63,240,21.0483353,1400,2021-06-26 00:03:19,52.2641493,1
64,170,21.0212781,1401,2021-06-26 17:25:34,52.2633283,3
65,170,21.0454971,1403,2021-06-25 21:36:41,52.2652081,3
66,240,21.043604,1408,2021-06-25 23:31:26,52.266069,4
67,146,21.178442,1411,2021-06-26 17:25:34,52.156738,58
68,173,21.176355,1412,2021-06-26 17:25:40,52.244995,3
69,730,21.292227,1413,2021-06-26 17:25:40,52.171696,61
70,146,21.2047762,1417,2021-06-26 17:25:40,52.1595885,57
71,199,21.0529584,1418,2021-06-26 17:25:39,52.2763872,3
72,147,21.238265,1419,2021-06-26 17:25:40,52.2161066,53
73,183,21.0885777,1422,2021-06-26 17:25:39,52.2448809,3
74,147,21.102785,1425,2021-06-26 17:25:39,52.213554,54
75,147,21.052359,1426,2021-06-26 17:25:40,52.250252,55
76,146,21.051291,1427,2021-06-26 17:25:40,52.237782,59
77,119,21.000345,1429,2021-06-26 17:25:40,52.206081,1
78,L11,20.722702,14422,2021-06-26 17:25:38,52.424358,2
79,L10,20.945208,14423,2021-06-26 14:34:04,52.437897,M4
80,L11,20.723183,14424,2021-06-25 20:30:06,52.424343,51
81,L-9,20.961142,14426,2021-06-26 17:25:36,52.421997,3
82,L11,20.961727,14427,2021-06-26 17:25:35,52.421387,1
83,L34,20.866253,14429,2021-06-26 17:25:41,52.43745,1
84,L10,20.945269,14430,2021-06-26 16:19:41,52.437912,M5
85,L34,20.945213,14431,2021-06-25 19:23:11,52.437866,2
86,L41,20.919195,14432,2021-06-26 17:25:36,52.377151,1
87,L33,20.945353,14434,2021-06-25 23:24:58,52.438198,1
88,L49,20.894215,14436,2021-06-26 17:25:38,52.417194,1
89,L-8,21.087044,14438,2021-06-26 17:25:33,52.417027,1
90,L-9,20.949566,14440,2021-06-25 23:13:11,52.471237,055
91,338,21.045604,1500,2021-06-25 19:27:18,52.264496,03
92,106,21.0226971,1508,2021-06-26 17:25:36,52.24128,5
93,735,21.0117093,1509,2021-06-26 17:25:26,52.453798,M4
94,240,21.0514226,1510,2021-06-26 17:25:34,52.291617,4
95,110,20.968587,1513,2021-06-26 17:25:35,52.2721606,52
96,147,21.044424,1514,2021-06-25 19:54:57,52.2648745,06
97,115,21.17146,1521,2021-06-26 17:25:31,52.2098067,4
98,115,21.2423433,1523,2021-06-26 17:25:28,52.1699817,3
99,702,21.1399617,1524,2021-06-26 17:25:27,52.2282383,2
100,183,21.115313,1526,2021-06-26 00:16:52,52.233074,4
101,N16,21.116845,1527,2021-06-26 05:37:31,52.233048,2
102,N44,21.117096,1528,2021-06-26 05:37:25,52.233049,207
103,702,21.2628483,1531,2021-06-26 17:25:29,52.108115,1
104,202,21.05109,1532,2021-06-26 17:25:33,52.2473717,2
105,141,20.958995,1533,2021-06-26 17:25:34,52.1901017,6
106,119,21.2055667,1535,2021-06-26 17:25:27,52.21006,3
107,156,20.934056,1537,2021-06-26 17:25:26,52.288981,2
108,110,20.959575,1538,2021-06-26 17:25:36,52.2756983,55
109,120,21.0511883,1539,2021-06-26 17:25:35,52.2526133,1
110,156,21.0596967,1540,2021-06-26 17:25:27,52.2693133,5
111,166,21.026415,1542,2021-06-26 17:25:37,52.214193,4
112,221,20.9940667,1543,2021-06-26 17:25:41,52.259455,2
113,N03,21.044968,1545,2021-06-26 05:08:35,52.264589,2
114,156,21.0520967,1546,2021-06-26 17:25:33,52.2529983,4
115,512,21.063045,1548,2021-06-26 17:25:37,52.286005,1
116,120,21.0375233,1549,2021-06-26 17:25:37,52.2559933,2
117,166,21.0682117,1550,2021-06-26 17:25:31,52.1292833,6
118,120,21.0627433,1551,2021-06-26 17:25:34,52.310545,6
119,156,21.04646,1552,2021-06-26 17:25:26,52.2815117,3
120,L36,21.281668,17455,2021-06-26 17:25:39,52.365719,51
121,L40,21.099834,17458,2021-06-26 17:25:41,52.335331,1
122,L43,21.077759,17461,2021-06-26 08:32:11,52.26762,51
123,L43,21.160391,17462,2021-06-26 17:25:39,52.30368,52
124,L45,21.175325,17464,2021-06-26 17:25:38,52.310753,1
125,L37,21.176323,17466,2021-06-25 22:21:40,52.312318,2
126,L38,21.221689,17467,2021-06-26 17:12:13,52.345421,51
127,N11,21.0464135,1801,2021-06-26 05:25:16,52.2646905,1
128,240,21.1184171,1802,2021-06-26 17:25:37,52.3388973,3
129,N12,21.045453,1803,2021-06-26 04:33:33,52.264459,128
130,132,21.0493376,1804,2021-06-26 17:25:37,52.3222835,53
131,132,21.0501828,1805,2021-06-26 17:25:38,52.3187741,54
132,122,20.9144325,1807,2021-06-26 17:25:36,52.2519611,6
133,106,21.0435196,1808,2021-06-26 06:30:45,52.2662013,4
134,N11,21.0454075,1809,2021-06-26 05:42:59,52.264945,122
135,106,20.965416,1810,2021-06-26 17:25:33,52.2380568,2
136,106,21.0117946,1811,2021-06-26 17:25:40,52.2382343,1
137,106,20.9991695,1812,2021-06-26 17:25:38,52.2364975,3
138,170,21.093804,1814,2021-06-26 17:25:20,52.271056,1
139,122,20.9758795,1815,2021-06-26 17:25:39,52.2660126,3
140,N12,21.046083,1816,2021-06-26 05:05:03,52.264528,210
141,173,21.042571,1818,2021-06-25 23:48:59,52.2664061,10
142,173,21.217463,1821,2021-06-26 17:25:35,52.2143723,2
143,115,21.213366,1826,2021-06-26 17:25:38,52.161373,2
144,147,21.134316,1828,2021-06-26 17:25:37,52.202186,52
145,147,21.0433458,1829,2021-06-26 17:25:36,52.2460898,51
146,183,21.1631096,1830,2021-06-26 17:25:36,52.254446,1
147,119,21.1165895,1832,2021-06-25 22:22:16,52.2331471,06
148,183,21.1443105,1833,2021-06-26 17:25:31,52.2490528,2
149,173,21.0526905,1835,2021-06-26 17:25:34,52.2502735,4
150,115,21.1679321,1837,2021-06-26 17:25:32,52.252802,1
151,168,21.0005363,1838,2021-06-26 17:25:37,52.199569,1
152,115,21.170257,1839,2021-06-26 17:25:36,52.2771836,5
153,147,21.1172291,1840,2021-06-25 21:35:22,52.2330755,09
154,142,21.1168673,1842,2021-06-25 20:08:52,52.2330963,08
155,168,21.1127028,1843,2021-06-26 17:25:34,52.2363088,3
156,173,21.1167918,1844,2021-06-25 23:53:58,52.233165,8
157,168,21.097995,1846,2021-06-26 17:25:26,52.234709,4
158,722,21.0881531,1847,2021-06-26 17:25:30,52.2449585,62
159,198,21.1158643,1848,2021-06-25 20:42:24,52.2333196,2
160,198,21.2236678,1849,2021-06-26 17:25:36,52.2265575,1
161,183,21.115764,1850,2021-06-25 21:22:25,52.233265,3
162,183,21.1154913,1851,2021-06-26 00:18:45,52.2331743,07
163,198,21.223101,1854,2021-06-26 17:25:37,52.2244556,2
164,146,21.115132,1856,2021-06-26 00:38:41,52.233222,4
165,115,21.115681,1857,2021-06-26 00:02:26,52.2331425,5
166,146,21.1166211,1858,2021-06-25 20:46:49,52.2331278,07
167,198,21.1172503,1859,2021-06-25 19:30:46,52.2330405,05
168,115,21.1153055,1860,2021-06-26 00:28:39,52.2332403,6
169,173,21.052888,1866,2021-06-26 17:25:36,52.2503896,5
170,173,21.1997315,1867,2021-06-26 17:25:34,52.2477271,1
171,115,21.1165116,1869,2021-06-25 23:18:40,52.2330776,3
172,222,21.0111866,1901,2021-06-26 17:25:35,52.230563,3
173,251,21.1231053,1909,2021-06-26 17:25:37,52.0895258,3
174,222,20.9955121,1910,2021-06-26 17:25:35,52.190764,2
175,222,20.99579,1911,2021-06-26 17:25:39,52.193371,1
176,251,21.082731,1912,2021-06-26 17:25:36,52.166534,2
177,222,21.0239035,1916,2021-06-26 17:25:40,52.2171514,5
178,251,21.103838,1919,2021-06-26 17:25:40,52.129314,1
179,222,21.004976,1920,2021-06-26 17:25:40,52.244713,4
180,178,20.8977665,1995,2021-06-26 17:25:39,52.1839454,2
181,178,20.9834304,1996,2021-06-26 17:25:39,52.2298694,1
182,178,21.0039976,1997,2021-06-26 17:25:40,52.2553207,5
183,178,20.906475,1998,2021-06-26 17:25:39,52.190193,3
184,178,21.013729,1999,2021-06-26 17:25:39,52.240627,4
185,171,20.924971,2009,2021-06-26 17:25:39,52.272591,1
186,189,21.031889,2015,2021-06-26 17:25:39,52.17344,9
187,187,21.0482755,2016,2021-06-26 17:25:39,52.1781674,5
188,709,21.0175632,2021,2021-06-26 17:25:40,52.0670347,5
189,Z26,21.01418,2022,2021-06-26 17:25:39,52.2467089,4
190,172,20.9758757,2024,2021-06-26 17:25:40,52.2020422,63
191,217,21.070166,2026,2021-06-26 17:25:39,52.164444,3
192,519,21.05625,2027,2021-06-26 17:25:39,52.181095,3
193,172,20.9606157,2028,2021-06-26 17:25:40,52.211256,1
194,189,21.0010532,2029,2021-06-26 17:25:39,52.1784212,8
195,Z26,20.991892,2030,2021-06-26 17:25:39,52.243282,7
196,522,21.003012,2032,2021-06-26 17:25:40,52.229309,3
197,174,21.004658,2035,2021-06-26 17:25:39,52.171318,2
198,709,21.018814,2038,2021-06-26 17:25:39,52.089134,6
199,709,21.017374,2039,2021-06-26 17:25:40,52.153664,1
200,709,21.0243117,2040,2021-06-26 17:25:39,52.1799034,2
201,709,21.0178549,2041,2021-06-26 17:25:40,52.1442087,3
202,709,21.023684,2042,2021-06-26 17:25:39,52.081162,4
203,517,20.9635837,2200,2021-06-26 17:25:39,52.2172334,1
204,N35,20.921913,2206,2021-06-26 06:01:56,52.1961371,237
205,184,20.9380951,2210,2021-06-26 17:25:40,52.2749722,3
206,191,20.9099927,2213,2021-06-26 17:25:40,52.1946779,1
207,189,20.898754,2227,2021-06-26 17:25:40,52.238693,4
208,105,20.922151,2236,2021-06-26 00:04:20,52.196038,4
209,189,20.967861,2237,2021-06-26 17:25:40,52.186913,14
210,124,20.9649607,2240,2021-06-26 17:25:39,52.1517441,2
211,105,20.957495,2247,2021-06-26 17:25:34,52.227676,5
212,141,20.921326,2253,2021-06-25 18:30:50,52.197259,014
213,401,20.920378,2254,2021-06-25 19:44:39,52.196613,012
214,191,20.8834652,2258,2021-06-26 17:25:40,52.1892156,3
215,L20,21.471462,24511,2021-06-25 23:35:10,52.132233,1
216,L20,21.471769,24513,2021-06-26 15:05:20,52.132652,1
217,L20,21.302065,24515,2021-06-26 17:25:36,52.106178,1
218,162,21.0309568,3400,2021-06-26 17:25:37,52.2402666,5
219,185,20.9773248,3401,2021-06-26 17:25:37,52.2789575,6
220,723,20.9398738,3403,2021-06-26 17:25:29,52.357552,3
221,735,20.9839633,3404,2021-06-26 17:25:37,52.3072178,63
222,731,20.941661,3405,2021-06-26 17:25:22,52.356051,3
223,414,21.047923,3406,2021-06-25 20:26:01,52.264541,07
224,731,20.9345856,3407,2021-06-26 17:25:37,52.3928943,1
225,738,21.0485045,3408,2021-06-26 01:02:31,52.264437,1
226,414,21.0468988,3409,2021-06-25 20:46:35,52.2649078,08
227,126,20.9778793,3410,2021-06-26 17:25:38,52.3131626,2
228,169,21.04371,3411,2021-06-25 21:40:49,52.265391,1
229,140,21.1111838,3413,2021-06-26 17:25:39,52.3608923,1
230,509,20.9724523,3414,2021-06-26 17:25:35,52.3205153,2
231,114,21.0478216,3415,2021-06-25 23:08:38,52.2646596,5
232,723,21.0454035,3417,2021-06-25 21:48:49,52.2654235,1
233,145,21.1074373,3421,2021-06-26 17:25:34,52.2411858,7
234,509,21.0943535,3422,2021-06-26 17:25:39,52.2274066,355
235,Z26,20.9742456,3423,2021-06-26 17:25:35,52.2354788,1
236,169,21.0477433,3429,2021-06-25 23:04:14,52.2646666,3
237,126,21.0003503,3430,2021-06-26 17:25:39,52.3151626,4
238,114,21.04857,3434,2021-06-26 00:33:00,52.264513,2
239,518,21.0478431,3437,2021-06-25 23:46:13,52.264609,6
240,705,21.0504508,3438,2021-06-26 17:25:33,52.4410288,66
241,738,21.0890383,3440,2021-06-26 17:25:36,52.3036295,2
242,114,21.0428833,3441,2021-06-25 23:51:31,52.2659116,7
243,140,21.0527431,3444,2021-06-26 17:25:40,52.2768073,2
244,509,21.061812,3446,2021-06-26 17:25:40,52.2306131,4
245,731,21.00083,3447,2021-06-26 17:25:38,52.2912883,2
246,126,20.9406955,3448,2021-06-26 17:25:39,52.3270535,1
247,518,21.043485,3449,2021-06-25 21:30:55,52.265478,7
248,126,21.0503203,3450,2021-06-26 17:25:34,52.290838,3
249,126,21.0568398,3451,2021-06-26 17:25:34,52.3018108,M5
250,705,20.9680871,3454,2021-06-26 17:25:38,52.272012,62
251,145,21.1096351,3455,2021-06-26 17:25:38,52.2851171,6
252,Z26,21.0353891,3456,2021-06-26 17:25:37,52.255854,5
253,169,21.043935,3457,2021-06-25 23:56:08,52.265611,5
254,509,21.102335,3458,2021-06-26 17:25:39,52.221942,5
255,Z26,21.032753,3459,2021-06-26 17:25:31,52.253844,6
256,738,21.1814546,3461,2021-06-26 17:25:35,52.417225,3
257,731,21.04776,3463,2021-06-26 00:40:56,52.264114,5
258,735,21.0444471,3464,2021-06-25 23:05:19,52.2656713,64
259,723,21.0441993,3466,2021-06-26 00:00:11,52.265954,2
260,738,21.0905811,3469,2021-06-26 17:25:38,52.305343,1
261,L19,21.027222,36443,2021-06-26 17:25:36,52.075798,51
262,L17,20.899836,36444,2021-06-26 13:08:02,51.912342,51
263,L25,21.215805,36448,2021-06-26 17:25:39,51.981693,1
264,L39,20.992357,38541,2021-06-26 17:25:36,52.10981,4
265,L39,21.047626,38545,2021-06-26 17:25:34,52.100933,3
266,L52,21.001209,38546,2021-06-26 17:25:32,52.00853,51
267,L39,21.050013,38547,2021-06-26 17:25:38,52.090027,1
268,L39,21.024347,38548,2021-06-26 17:25:37,52.061993,2
269,L23,21.036398,38549,2021-06-26 17:25:38,52.063732,51
270,L-5,21.02952,39551,2021-06-26 17:15:01,52.074806,62
271,L-2,21.034941,39552,2021-06-25 19:11:52,52.083633,063
272,L25,21.191267,39555,2021-06-25 23:37:02,51.987377,1
273,L13,21.016571,39556,2021-06-26 17:25:34,52.035435,63
274,L-5,20.96192,39558,2021-06-26 17:25:35,52.066593,61
275,L-2,21.02762,39559,2021-06-26 17:25:37,52.077145,1
276,L13,21.217253,39561,2021-06-25 20:05:15,51.98262,03
277,L12,20.985937,39562,2021-06-26 17:25:37,52.048161,1
278,L12,21.034851,39565,2021-06-26 12:57:20,52.083328,1
279,197,20.9448144,4200,2021-06-26 17:25:39,52.2653126,3
280,721,20.8298077,4201,2021-06-26 17:25:40,52.0550232,75
281,711,20.800062,4205,2021-06-26 17:25:39,52.090893,1
282,122,20.969212,4206,2021-06-26 17:25:39,52.262337,1
283,141,21.101185,4208,2021-06-26 17:25:39,52.242619,9
284,197,20.929234,4213,2021-06-26 17:25:39,52.223057,4
285,154,20.931552,4214,2021-06-26 17:25:39,52.2402942,6
286,141,20.9441012,4216,2021-06-26 17:25:39,52.1757074,5
287,154,20.969501,4217,2021-06-26 17:25:40,52.194096,2
288,154,20.949589,4218,2021-06-26 17:25:40,52.1811901,1
289,255,20.931002,4219,2021-06-26 17:25:40,52.225319,1
290,714,20.949951,4220,2021-06-26 17:25:37,52.238472,1
291,255,20.983454,4224,2021-06-26 17:25:40,52.229939,2
292,714,20.8315324,4226,2021-06-26 17:25:39,52.261111,2
293,122,20.976358,4227,2021-06-26 17:25:39,52.289879,2
294,154,20.899477,4231,2021-06-26 17:25:40,52.2393,4
295,141,21.0140714,4232,2021-06-26 17:25:40,52.1960859,7
296,197,20.8624704,4233,2021-06-26 17:25:39,52.1902865,5
297,L-1,20.89243,42361,2021-06-26 14:43:02,52.090702,1
298,154,20.898462,4238,2021-06-26 17:25:40,52.2584,5
299,141,21.0421229,4240,2021-06-26 17:25:40,52.2021396,3
300,122,20.9237351,4241,2021-06-26 17:25:40,52.2513435,4
301,122,20.8987877,4242,2021-06-26 17:25:39,52.2385956,5
302,197,20.9758102,4243,2021-06-26 17:25:39,52.2896191,2
303,901,21.003801,4244,2021-06-26 17:25:40,52.229584,1
304,901,21.043354,4246,2021-06-26 17:25:40,52.222939,3
305,154,20.960367,4247,2021-06-26 17:25:40,52.216675,3
306,154,20.971922,4248,2021-06-26 17:25:40,52.217487,7
307,L-1,20.93656,42498,2021-06-23 19:45:16,52.08992,2
308,L-3,21.01774,42500,2021-06-26 17:25:34,52.067039,1
309,146,21.0772034,4305,2021-06-26 17:25:41,52.2215892,56
310,202,21.0856365,4307,2021-06-26 17:25:40,52.2502817,1
311,119,21.0977294,4311,2021-06-26 17:25:40,52.2183554,2
312,105,16.9750897,4332,2021-06-26 13:35:37,52.5472771,4
313,512,21.0474744,4400,2021-06-26 17:25:40,52.2603277,4
314,197,20.863844,4402,2021-06-26 17:25:40,52.190681,6
315,221,20.983099,4404,2021-06-26 17:25:40,52.259808,1
316,120,21.04217,4405,2021-06-26 17:25:39,52.34819,4
317,156,20.9426632,4406,2021-06-26 17:25:40,52.2846792,1
318,N02,21.044418,4407,2021-06-26 06:46:43,52.265051,3
319,240,21.000753,4408,2021-06-26 17:25:39,52.29134,1
320,197,20.936554,4409,2021-06-26 17:25:39,52.259338,1
321,197,20.910557,4410,2021-06-26 17:25:39,52.218803,7
322,120,21.0604977,4411,2021-06-26 17:25:40,52.2688099,7
323,106,21.0206104,4412,2021-06-26 17:25:40,52.2367285,4
324,152,21.04444,4413,2021-06-25 20:19:00,52.265066,06
325,N16,21.045311,4415,2021-06-26 05:39:26,52.264876,1
326,120,21.045601,4417,2021-06-26 13:08:26,52.264446,1
327,199,21.0444199,4418,2021-06-25 20:09:09,52.264953,2
328,901,21.0212635,4420,2021-06-26 17:25:40,52.2311582,2
329,166,21.0466064,4421,2021-06-26 17:25:40,52.1573501,5
330,N03,21.0459804,4422,2021-06-26 05:41:10,52.2641299,1
331,166,21.027058,4423,2021-06-26 17:25:39,52.259987,2
332,901,21.0107849,4424,2021-06-26 17:25:39,52.2311985,4
333,512,21.038256,4425,2021-06-26 17:25:40,52.251968,2
334,120,21.052147,4428,2021-06-26 17:25:40,52.2929,3
335,512,21.052197,4429,2021-06-26 17:25:39,52.252903,3
336,120,21.039961,4431,2021-06-26 17:25:39,52.35915,5
337,512,21.050915,4434,2021-06-26 17:25:40,52.284916,5
338,100,21.0105031,4617,2021-06-26 17:25:36,52.2320173,M1
339,184,20.9641134,5205,2021-06-26 17:25:36,52.2171988,6
340,189,20.9161583,5206,2021-06-26 17:25:39,52.2252626,2
341,105,20.8968036,5208,2021-06-26 17:25:38,52.2303661,1
342,188,21.099854,5209,2021-06-26 17:25:34,52.2476256,3
343,105,20.8988687,5210,2021-06-26 17:25:33,52.238832,2
344,172,21.069389,5211,2021-06-26 17:25:20,52.18135,4
345,189,21.068775,5212,2021-06-26 17:25:31,52.1813473,11
346,105,20.8975381,5214,2021-06-26 17:25:32,52.2214424,3
347,189,21.013551,5215,2021-06-26 17:25:22,52.174208,13
348,716,20.9304587,5216,2021-06-26 17:25:33,52.2250461,1
349,172,21.0310941,5217,2021-06-26 17:25:34,52.201005,2
350,523,21.1075528,5221,2021-06-26 17:25:36,52.2490298,3
351,517,21.010701,5222,2021-06-26 17:25:36,52.231658,2
352,523,21.0412693,5223,2021-06-26 17:25:35,52.2238354,1
353,171,20.9769897,5224,2021-06-26 17:25:30,52.2380669,3
354,105,20.9697558,5225,2021-06-26 17:25:34,52.2288875,4
355,210,20.8510492,5228,2021-06-26 17:25:33,52.2924249,3
356,187,20.8620428,5229,2021-06-26 17:25:32,52.1909545,1
357,171,21.0364179,5232,2021-06-26 17:25:34,52.2220157,4
358,136,21.055695,5234,2021-06-26 17:25:31,52.147359,5
359,184,20.9208796,5235,2021-06-26 17:25:32,52.2566448,1
360,517,20.8624537,5236,2021-06-26 17:25:36,52.1904363,5
361,Z10,20.9307007,5237,2021-06-26 17:25:00,52.2249571,3
362,171,20.931538,5238,2021-06-26 17:25:33,52.2402859,2
363,171,21.011235,5240,2021-06-26 17:25:33,52.2298844,5
364,191,20.8703354,5241,2021-06-26 17:25:36,52.1835501,2
365,148,21.0395509,5242,2021-06-26 17:25:39,52.1465288,4
366,190,20.920664,5245,2021-06-25 20:12:48,52.196575,016
367,523,21.00302,5253,2021-06-26 17:25:35,52.2170306,5
368,141,20.9224014,5255,2021-06-26 00:37:46,52.1970728,4
369,182,20.92243,5256,2021-06-25 19:09:29,52.1956758,011
370,188,21.019333,5257,2021-06-26 17:25:23,52.217676,52
371,187,20.8954597,5258,2021-06-26 17:25:32,52.1934851,2
372,184,20.964051,5260,2021-06-26 17:25:28,52.208066,5
373,N46,21.047172,5403,2021-06-26 06:04:29,52.2647932,150
374,500,20.984055,5404,2021-06-26 17:25:40,52.254845,52
375,169,21.0417645,5406,2021-06-26 17:25:40,52.3001127,5
376,705,21.033335,5407,2021-06-26 17:25:40,52.424927,65
377,160,21.059595,5410,2021-06-26 17:25:39,52.303989,M5
378,500,21.0417527,5412,2021-06-26 17:25:39,52.3002884,54
379,160,21.003157,5413,2021-06-26 17:25:40,52.229259,M2
380,409,21.0203006,5419,2021-06-26 17:25:40,52.2632722,M56
381,169,21.051966,5422,2021-06-26 17:25:37,52.253563,2
382,527,21.0605615,5425,2021-06-26 17:25:40,52.3105754,3
383,162,21.058533,5426,2021-06-26 17:25:40,52.193016,1
384,162,21.07259,5428,2021-06-26 17:25:37,52.191269,2
385,185,21.044413,5429,2021-06-26 17:25:39,52.174702,8
386,112,21.041635,5430,2021-06-26 17:25:39,52.2928776,3
387,145,21.000214,5432,2021-06-26 17:25:39,52.291359,4
388,409,20.933022,5433,2021-06-26 17:25:39,52.305706,57
389,112,20.897821,5434,2021-06-26 17:25:40,52.227684,9
390,169,21.036999,5435,2021-06-26 17:25:36,52.252316,3
391,527,21.068371,5436,2021-06-26 17:25:38,52.323566,2
392,409,21.047258,5437,2021-06-26 17:25:39,52.284149,53
393,160,21.0516,5438,2021-06-26 17:25:38,52.2765,7
394,112,21.0588042,5439,2021-06-26 17:25:39,52.3019962,12
395,500,21.0420201,5441,2021-06-26 17:25:40,52.3003487,55
396,160,21.0602867,5443,2021-06-26 17:25:39,52.2687036,4
397,520,21.1266,5445,2021-06-26 17:25:40,52.2332,4
398,511,20.9425365,5448,2021-06-26 17:25:39,52.3486006,1
399,160,20.9947784,5449,2021-06-26 17:25:39,52.2421224,1
400,527,21.0483452,5453,2021-06-26 17:25:39,52.2762934,1
401,160,20.998133,5454,2021-06-26 17:25:39,52.232754,3
402,723,20.929474,5455,2021-06-26 17:25:38,52.394333,2
403,511,20.937498,5459,2021-06-26 17:25:40,52.299931,2
404,185,21.063353,5460,2021-06-26 17:25:40,52.187058,3
405,180,20.928913,5870,2021-06-26 17:25:35,52.271282,7
406,503,21.002304,5871,2021-06-26 17:25:36,52.254711,3
407,503,21.006466,5873,2021-06-26 17:25:40,52.248585,5
408,503,21.039238,5875,2021-06-26 17:25:36,52.169067,7
409,180,21.045414,5876,2021-06-26 17:25:36,52.206844,62
410,128,21.009996,5880,2021-06-26 17:25:40,52.229424,55
411,175,20.978111,5881,2021-06-26 17:25:40,52.169476,52
412,175,20.983965,5882,2021-06-26 17:25:39,52.199467,53
413,175,20.981588,5884,2021-06-26 17:25:38,52.190876,51
414,128,20.963665,5887,2021-06-26 17:25:36,52.207699,64
415,128,21.010008,5889,2021-06-26 17:25:36,52.229599,59
416,180,21.056656,5890,2021-06-26 17:25:37,52.192684,3
417,180,21.007742,5891,2021-06-26 17:25:40,52.238476,11
418,180,21.012249,5892,2021-06-26 17:25:39,52.246288,5
419,175,21.010021,5895,2021-06-26 17:25:36,52.239178,60
420,128,20.998121,5897,2021-06-25 23:36:40,52.187019,51
421,503,21.002571,5898,2021-06-26 17:25:38,52.254803,4
422,111,21.011051,5900,2021-06-26 17:25:36,52.230907,4
423,158,20.949324,5902,2021-06-26 17:25:40,52.211594,5
424,128,20.963438,5904,2021-06-26 17:25:39,52.207748,58
425,116,20.998194,5905,2021-06-26 17:25:40,52.253857,69
426,158,21.117008,5907,2021-06-25 21:44:36,52.233902,5
427,175,21.116972,5908,2021-06-25 19:38:19,52.233955,068
428,116,21.116823,5910,2021-06-26 00:07:33,52.233971,17
429,158,21.017979,5913,2021-06-26 17:25:40,52.23135,6
430,158,21.017551,5915,2021-06-26 17:25:37,52.230919,3
431,111,20.979441,5920,2021-06-26 17:25:40,52.244385,6
432,116,21.010948,5921,2021-06-26 17:25:37,52.246796,5
433,111,21.107388,5922,2021-06-26 07:42:12,52.233645, 
434,111,21.116245,5926,2021-06-26 00:24:55,52.234005,5
435,111,21.067175,5927,2021-06-26 17:25:37,52.225983,3
436,111,21.053696,5931,2021-06-26 17:25:37,52.23856,8
437,175,21.009016,5932,2021-06-26 17:25:40,52.229183,61
438,158,21.1114915,5933,2021-06-26 17:25:40,52.2366299,1
439,158,21.013422,5934,2021-06-26 17:25:39,52.230083,4
440,503,21.115843,5935,2021-06-26 00:31:56,52.233995,013
441,116,21.01288,5936,2021-06-26 17:25:38,52.241989,4
442,503,21.0145592,5937,2021-06-26 17:25:38,52.2303412,1
443,128,20.987694,5939,2021-06-26 17:25:40,52.208942,56
444,116,21.018105,5940,2021-06-26 17:25:38,52.231102,3
445,175,21.115613,5941,2021-06-25 21:43:06,52.234041,63
446,116,20.924982,5942,2021-06-26 17:25:40,52.272301,7
447,503,21.045837,5943,2021-06-26 17:25:36,52.150024,9
448,158,21.1176705,5946,2021-06-26 17:25:41,52.233762, 
449,175,21.012484,5947,2021-06-26 17:25:37,52.241879,54
450,116,20.924765,5948,2021-06-26 17:25:38,52.272385,56
451,518,21.017855,5950,2021-06-26 17:25:38,52.230942,2
452,503,21.006683,5954,2021-06-26 17:25:40,52.238213,2
453,503,21.04998,5956,2021-06-26 17:25:39,52.144588,8
454,E-9,21.045723,5962,2021-06-25 20:17:53,52.265643,06
455,180,20.978027,5964,2021-06-26 17:25:41,52.244438,10
456,723,21.047304,5966,2021-06-25 18:56:33,52.265156,07
457,180,21.016054,5967,2021-06-26 17:25:39,52.230614,4
458,180,21.071602,5968,2021-06-26 17:25:39,52.179768,1
459,116,20.948156,5969,2021-06-26 17:25:39,52.276978,8
460,518,20.942108,5976,2021-06-26 17:25:40,52.334545,6
461,518,21.008177,5978,2021-06-26 17:25:38,52.235603,3
462,518,20.958271,5979,2021-06-26 17:25:36,52.313393,5
463,518,20.967207,5980,2021-06-26 17:25:39,52.273186,7
464,518,20.975542,5981,2021-06-26 17:25:36,52.271172,4
465,503,21.0299329,5983,2021-06-26 17:25:39,52.2081362,6
466,111,20.999084,5984,2021-06-26 17:25:39,52.247543,5
467,111,21.005537,5985,2021-06-26 17:25:38,52.243057,7
468,111,21.102482,5986,2021-06-26 17:25:37,52.222046,2
469,180,20.962135,5987,2021-06-26 17:25:37,52.258862,9
470,180,20.979399,5988,2021-06-26 17:25:37,52.253407,6
471,180,21.083885,5990,2021-06-26 17:25:40,52.167988,2
472,180,20.92503,5991,2021-06-26 17:25:38,52.2724,58
473,518,20.981823,5994,2021-06-26 17:25:36,52.269833,1
474,116,21.065973,5995,2021-06-26 17:25:36,52.171951,2
475,116,21.084152,5996,2021-06-26 17:25:36,52.16787,1
476,116,21.039671,5997,2021-06-26 17:25:40,52.19733,11
477,116,21.015224,5998,2021-06-26 17:25:38,52.230705,10
478,111,21.09429,5999,2021-06-26 17:25:40,52.227501,1
479,167,20.925749,6201,2021-06-26 17:25:40,52.234089,2
480,713,20.930246,6203,2021-06-26 17:25:37,52.224873,1
481,713,20.7566637,6204,2021-06-26 17:25:39,52.2113857,2
482,112,20.897535,6207,2021-06-26 17:25:40,52.221504,6
483,112,21.0861311,6208,2021-06-26 17:25:39,52.3033792,1
484,112,21.0034292,6210,2021-06-26 17:25:40,52.2908492,M11
485,112,20.882849,6212,2021-06-26 17:25:40,52.214645,8
486,136,20.966072,6213,2021-06-26 17:25:40,52.243156,10
487,187,20.971601,6214,2021-06-26 17:25:40,52.219627,3
488,210,20.76737,6220,2021-06-26 17:25:40,52.307777,1
489,187,21.052173,6222,2021-06-26 17:25:39,52.1977569,4
490,189,21.0640829,6223,2021-06-26 17:25:39,52.186561,10
491,187,20.881134,6226,2021-06-26 17:25:40,52.197536,8
492,191,20.972076,6227,2021-06-26 17:25:40,52.212502,6
493,136,21.001753,6236,2021-06-26 17:25:40,52.188576,7
494,716,20.8961627,6239,2021-06-26 17:25:40,52.2008542,3
495,184,20.9485639,6241,2021-06-26 17:25:39,52.2327915,4
496,703,20.943433,6242,2021-06-26 17:25:24,52.17452,74
497,706,20.902147,6243,2021-06-26 17:25:39,52.139637,1
498,L29,20.501759,65471,2021-06-26 17:25:34,52.26107,1
499,112,20.883085,7200,2021-06-26 17:25:39,52.214783,7
500,124,20.942442,7201,2021-06-26 17:25:39,52.174938,1
501,Z10,20.915024,7202,2021-06-26 17:25:39,52.229324,5
502,112,20.94632,7206,2021-06-26 17:25:39,52.277115,4
503,Z10,20.914532,7208,2021-06-26 17:25:38,52.252762,1
504,189,20.923492,7214,2021-06-26 17:25:39,52.19725,7
505,728,20.9067576,7217,2021-06-26 17:25:39,52.1427537,72
506,728,20.868362,7218,2021-06-26 17:25:39,52.057491,71
507,517,20.927231,7224,2021-06-26 17:25:39,52.195908,4
508,112,21.080545,7225,2021-06-26 17:25:40,52.305748,2
509,112,20.9208932,7226,2021-06-26 13:08:33,52.1969334,4
510,184,20.9276347,7227,2021-06-26 17:25:39,52.2908902,2
511,Z10,20.912548,7228,2021-06-26 17:25:40,52.251709,6
512,716,20.840733,7229,2021-06-26 17:25:40,52.191654,2
513,Z10,20.9249329,7234,2021-06-26 17:25:40,52.2607832,7
514,124,20.921078,7240,2021-06-25 18:26:53,52.196911,03
515,187,20.962378,7241,2021-06-26 17:25:39,52.216496,7
516,187,21.045635,7243,2021-06-26 17:25:40,52.218327,6
517,210,20.9270877,7244,2021-06-26 17:25:39,52.2837334,2
518,167,21.0748337,7245,2021-06-26 17:25:39,52.2111555,6
519,191,20.918007,7247,2021-06-26 17:25:40,52.205189,4
520,172,20.969109,7248,2021-06-26 17:25:39,52.213642,7
521,189,20.916494,7249,2021-06-26 17:25:40,52.219967,5
522,188,20.978374,7250,2021-06-26 17:25:40,52.178417,1
523,517,20.883596,7251,2021-06-26 17:25:35,52.190632,6
524,182,21.0690412,7252,2021-06-26 17:25:40,52.2303617,2
525,517,20.985277,7254,2021-06-26 17:25:40,52.2207779,3
526,523,20.898296,7255,2021-06-26 17:25:40,52.2584419,7
527,191,20.9833897,7256,2021-06-26 17:25:40,52.2191321,5
528,188,20.9897136,7257,2021-06-26 17:25:39,52.2157292,5
529,182,21.112951,7259,2021-06-26 17:25:40,52.236019,4
530,138,21.0521284,7301,2021-06-26 17:25:40,52.2306114,6
531,141,20.984094,7303,2021-06-26 17:25:36,52.198329,4
532,148,21.0530426,7304,2021-06-26 17:25:38,52.1981071,9
533,151,21.1074834,7305,2021-06-26 17:25:39,52.2295544,2
534,182,21.1128817,7306,2021-06-26 17:25:39,52.2362516,3
535,162,21.0280322,7308,2021-06-26 17:25:40,52.2390636,3
536,507,21.102152,7310,2021-06-26 17:25:39,52.222042,2
537,125,21.0625935,7312,2021-06-26 17:25:40,52.24648,2
538,E-1,21.1167422,7314,2021-06-25 19:42:06,52.2335197,01
539,520,21.039658,7315,2021-06-26 17:25:40,52.223103,5
540,143,21.1164757,7317,2021-06-25 19:35:11,52.2334452,3
541,162,21.027359,7322,2021-06-26 17:25:39,52.259655,4
542,523,21.1054042,7324,2021-06-26 17:25:39,52.2463404,2
543,520,21.136106,7325,2021-06-26 17:25:39,52.241352,2
544,148,21.046747,7326,2021-06-26 17:25:40,52.190079,5
545,138,21.0159172,7327,2021-06-26 17:25:40,52.2042862,7
546,171,20.9250994,7328,2021-06-26 17:25:40,52.2724619,8
547,520,21.050257,7331,2021-06-26 17:25:40,52.225662,1
548,150,20.902225,753,2021-06-26 17:25:40,52.331223,3
549,750,20.81757,755,2021-06-26 17:25:39,52.351784,2
550,250,20.927719,757,2021-06-26 17:25:39,52.291103,1
551,750,20.890787,758,2021-06-26 17:25:40,52.339779,3
552,150,20.84725,761,2021-06-26 17:25:34,52.341484,1
553,250,20.888309,763,2021-06-26 17:25:37,52.297314,3
554,521,21.1378629,7701,2021-06-26 17:25:41,52.2296074,3
555,750,20.928221333,773,2021-06-26 17:25:40,52.2908445,4
556,250,20.883783,775,2021-06-26 17:25:39,52.330402,2
557,750,20.855856,776,2021-06-26 17:25:40,52.3606005,1
558,150,20.9297687,777,2021-06-26 17:25:40,52.2905644,2
559,138,21.0025345,8120,2021-06-26 17:25:36,52.1749865,1
560,185,21.0371545,8138,2021-06-26 17:25:37,52.2360925,7
561,172,20.9997688,8139,2021-06-26 17:25:37,52.1957941,6
562,727,20.997388,8148,2021-06-25 21:39:43,52.187336,4
563,522,21.080183,8154,2021-06-26 17:25:32,52.1577513,6
564,167,21.0828171,8166,2021-06-26 17:25:33,52.2083018,5
565,143,21.1771166,8167,2021-06-26 17:25:36,52.2569821,2
566,522,20.998243,8174,2021-06-25 20:09:50,52.1878,013
567,504,21.000894,8178,2021-06-26 17:25:36,52.178523,3
568,519,20.996546,8180,2021-06-25 22:35:23,52.187545,5
569,136,21.0510913,8181,2021-06-26 17:25:33,52.1461078,4
570,138,21.0149156,8183,2021-06-26 17:25:36,52.217003,2
571,172,20.9551505,8184,2021-06-26 17:25:38,52.211963,8
572,504,20.995317,8187,2021-06-26 17:25:36,52.2261861,2
573,519,21.103795,8188,2021-06-26 17:25:30,52.129513,2
574,504,21.0687451,8189,2021-06-26 17:25:36,52.1289296,5
575,198,21.1173818,8210,2021-06-25 18:57:27,52.2334423,04
576,151,21.1167196,8218,2021-06-25 19:22:39,52.2335221,04
577,514,21.0787256,8222,2021-06-26 17:25:35,52.2350208,4
578,188,21.1161338,8225,2021-06-25 20:54:43,52.2335866,08
579,143,21.114924,8228,2021-06-25 23:38:50,52.234206,6
580,509,21.116793,8231,2021-06-25 20:04:19,52.233758,021
581,514,21.2438893,8300,2021-06-26 17:25:34,52.2485213,3
582,502,21.077468,8301,2021-06-26 17:25:34,52.2341808,4
583,125,21.1964316,8303,2021-06-26 17:25:31,52.2083621,5
584,125,21.042911,8305,2021-06-26 17:25:37,52.2446165,3
585,509,21.021693,8310,2021-06-26 17:25:27,52.263406,3
586,502,21.0196485,8313,2021-06-26 17:25:37,52.217997,6
587,182,21.11721,8315,2021-06-25 19:08:30,52.233705,013
588,145,21.085613,8317,2021-06-26 17:25:30,52.244635,1
589,188,20.9780355,8318,2021-06-26 17:25:33,52.1696241,6
590,168,21.11586,8320,2021-06-25 21:27:01,52.23366,07
591,514,21.1065058,8323,2021-06-26 17:25:34,52.2339506,2
592,145,21.1177141,8324,2021-06-26 17:25:36,52.2732826,2
593,720,21.3589821,8325,2021-06-26 17:25:37,52.149218,1
594,125,21.117233,8327,2021-06-25 20:58:39,52.234053,3
595,145,21.0348551,8328,2021-06-26 17:25:34,52.2885443,5
596,411,21.117353,8330,2021-06-25 20:35:38,52.233359,53
597,148,21.0515261,8331,2021-06-26 17:25:39,52.1556661,1
598,502,21.125437,8335,2021-06-26 17:25:39,52.233539,1
599,143,21.1424945,8339,2021-06-26 17:25:39,52.2598503,1
600,704,21.2648588,8340,2021-06-26 17:25:36,52.2222516,1
601,171,20.9487833,8342,2021-06-26 17:25:28,52.238545,6
602,151,21.0858833,8344,2021-06-26 17:25:38,52.23519,3
603,185,21.021953,8345,2021-06-26 17:25:39,52.142623,1
604,145,21.116836,8346,2021-06-25 19:31:54,52.233566,016
605,145,21.116093,8347,2021-06-25 19:40:44,52.233476,012
606,523,20.96019,8348,2021-06-26 17:25:37,52.2185317,9
607,507,21.017471,8349,2021-06-26 17:25:30,52.230946,5
608,411,21.116288,8350,2021-06-25 20:43:54,52.233658,061
609,125,21.127928,8351,2021-06-26 17:25:31,52.233701,4
610,125,21.1681467,8352,2021-06-26 17:25:40,52.2106617,1
611,151,21.01379,8353,2021-06-26 17:25:27,52.2172667,1
612,521,20.9879,8355,2021-06-26 17:25:30,52.224345,2
613,N03,21.117188,8357,2021-06-26 05:01:26,52.233246,254
614,502,21.2317567,8358,2021-06-26 17:25:34,52.2233667,3
615,507,21.005245,8360,2021-06-26 17:25:31,52.2295983,4
616,704,21.1548217,8362,2021-06-26 17:25:33,52.2262967,2
617,521,21.043561,8363,2021-06-26 17:25:39,52.237751,5
618,507,21.0767483,8366,2021-06-26 17:25:29,52.2260733,1
619,143,21.0058733,8367,2021-06-26 17:25:33,52.215255,6
620,502,21.0155733,8368,2021-06-26 17:25:32,52.2187983,5
621,521,21.0136333,8369,2021-06-26 17:25:34,52.230975,1
622,141,21.117058,8397,2021-06-25 19:41:02,52.233698,012
623,502,21.1151075,8403,2021-06-25 23:03:57,52.2336293,064
624,411,21.1156411,8440,2021-06-25 20:20:48,52.2335555,062
625,511,20.9281576,8443,2021-06-26 17:25:39,52.2912827,3
626,112,20.952749,8445,2021-06-26 17:25:39,52.276409,10
627,169,21.05158,8447,2021-06-26 17:25:38,52.252891,2
628,509,20.942251,8448,2021-06-26 17:25:40,52.3344407,1
629,160,21.0575662,8450,2021-06-26 17:25:39,52.3199601,6
630,409,20.8867901,8452,2021-06-26 17:25:40,52.3046452,58
631,735,21.0074029,8454,2021-06-26 17:25:40,52.31516,61
632,112,20.913317,8455,2021-06-26 17:25:40,52.251968,5
633,731,20.925508,8457,2021-06-26 17:18:15,52.421627,4
634,185,21.0485019,8458,2021-06-26 11:00:08,52.2645874,6
635,169,21.041409,8459,2021-06-26 17:25:40,52.291882,4
636,409,20.9286204,8460,2021-06-26 17:25:40,52.271431,51
637,169,21.0433341,8461,2021-06-26 17:25:39,52.2770844,1
638,141,21.0458183,8500,2021-06-26 17:25:38,52.2162667,8
639,Z26,20.9866883,8501,2021-06-26 17:25:31,52.23972,3
640,522,21.017646,8502,2021-06-26 17:25:39,52.213168,2
641,189,20.92983,8504,2021-06-26 17:25:36,52.19547,1
642,N33,20.996476,8505,2021-06-26 05:42:44,52.187546,172
643,185,20.997366,8507,2021-06-25 23:56:14,52.186391,9
644,174,20.9953717,8508,2021-06-26 17:25:38,52.1701917,3
645,189,20.996501,8509,2021-06-26 00:35:47,52.18806,12
646,331,20.997095,8511,2021-06-25 18:21:40,52.187653,01
647,148,20.998374,8514,2021-06-26 00:52:13,52.188333,5
648,N37,20.998273,8516,2021-06-26 05:43:10,52.188213,246
649,136,21.0173617,8517,2021-06-26 17:25:27,52.166585,3
650,165,21.011971,8520,2021-06-26 17:25:33,52.179519,3
651,185,21.0392617,8521,2021-06-26 17:25:39,52.1464933,2
652,136,20.987501,8522,2021-06-26 17:25:37,52.209666,8
653,733,20.997863,8523,2021-06-25 20:19:16,52.187501,62
654,185,21.011788,8524,2021-06-26 17:25:28,52.254693,4
655,519,21.0154617,8525,2021-06-26 17:25:25,52.2203617,4
656,136,21.031881,8528,2021-06-26 17:25:28,52.149708,6
657,143,21.0457267,8530,2021-06-26 17:25:36,52.22462,5
658,308,20.997771,8531,2021-06-25 19:03:30,52.187649,02
659,136,20.997748,8533,2021-06-25 23:20:13,52.188256,10
660,N03,20.997894,8534,2021-06-26 05:57:03,52.18594,156
661,131,20.996449,8535,2021-06-25 22:36:53,52.186401,10
662,519,21.0920467,8536,2021-06-26 17:25:32,52.151685,7
663,N33,20.996953,8537,2021-06-26 05:04:45,52.186869,173
664,217,21.0239733,8540,2021-06-26 17:25:30,52.1796933,2
665,N34,20.996438,8541,2021-06-26 05:33:51,52.187668,149
666,N37,20.99783,8545,2021-06-26 05:44:42,52.187465,132
667,167,20.9756083,8547,2021-06-26 17:25:38,52.2115967,3
668,733,20.811035,8548,2021-06-26 17:25:32,52.0929517,1
669,504,21.0017233,8550,2021-06-26 17:25:31,52.1779783,6
670,519,21.011911,8551,2021-06-26 17:25:24,52.230083,5
671,522,21.072395,8552,2021-06-26 17:25:26,52.16008,1
672,Z26,20.9745033,8553,2021-06-26 17:25:28,52.235575,2
673,148,21.08737,8559,2021-06-26 17:25:28,52.2447967,7
674,151,21.116914,8561,2021-06-25 23:54:17,52.233616,1
675,171,20.9233417,8562,2021-06-26 17:25:28,52.2555017,7
676,521,21.116369,8565,2021-06-25 20:39:03,52.233641,08
677,520,21.003769,8566,2021-06-26 17:25:33,52.242151,6
678,523,20.9440533,8567,2021-06-26 17:25:36,52.2389933,6
679,509,20.9405783,8569,2021-06-26 17:25:26,52.3271033,9
680,148,21.100368,8570,2021-06-26 17:25:35,52.239406,6
681,143,21.101735,8573,2021-06-26 17:25:36,52.24239,4
682,521,21.2047467,8574,2021-06-26 17:25:30,52.1593767,4
683,523,20.91417,8576,2021-06-26 17:25:29,52.2392133,8
684,141,21.1129267,8578,2021-06-26 17:25:27,52.2363233,1
685,190,21.046053,8582,2021-06-25 18:46:44,52.264343,021
686,523,21.0735983,8586,2021-06-26 17:25:34,52.2318733,4
687,520,21.0048,8589,2021-06-26 17:25:24,52.2403433,7
688,185,20.97569,8592,2021-06-26 17:25:29,52.2897117,5
689,N13,21.114978,8593,2021-06-26 05:47:18,52.233611,247
690,145,21.0405183,8594,2021-06-26 17:25:31,52.285625,3
691,188,21.08529,8595,2021-06-26 17:25:40,52.2446083,4
692,168,21.0480681,8800,2021-06-26 17:25:35,52.2067963,5
693,189,20.917215,8802,2021-06-26 17:25:39,52.222995,6
694,148,20.973504,8804,2021-06-26 17:25:34,52.1702356,3
695,168,20.9955193,8805,2021-06-26 17:25:37,52.1908945,6
696,136,20.960202,8806,2021-06-26 17:25:20,52.2181408,1
697,189,20.8971276,8807,2021-06-26 17:25:38,52.2396866,3
698,138,21.1004986,8808,2021-06-26 17:25:38,52.2605948,4
699,168,21.0686603,8810,2021-06-26 17:25:39,52.2034221,2
700,167,20.9424493,8812,2021-06-26 17:25:35,52.2267278,1
701,136,20.9843476,8813,2021-06-26 17:25:39,52.1931701,2
702,504,21.0661763,8814,2021-06-26 17:25:36,52.1310106,4
703,217,21.053975,8816,2021-06-26 17:25:38,52.1728718,1
704,167,21.007631,8818,2021-06-26 17:25:25,52.208728,7
705,167,21.0203505,8819,2021-06-26 17:25:34,52.2097315,4
706,174,21.007908,8820,2021-06-26 17:25:41,52.207946,371
707,N43,20.9959001,8821,2021-06-26 05:29:35,52.1875351,220
708,189,21.053664,8822,2021-06-26 17:25:35,52.180329,12
709,519,21.0929533,8823,2021-06-26 17:25:37,52.1168381,8
710,148,20.9772351,8825,2021-06-26 17:25:40,52.1682561,2
711,522,21.0157928,8826,2021-06-26 17:25:34,52.2162641,318
712,514,21.0156383,8828,2021-06-26 17:25:35,52.2191988,1
713,509,21.0478616,8829,2021-06-26 17:25:33,52.24599,7
714,143,21.0902751,8832,2021-06-26 17:25:37,52.2449153,7
715,502,21.2206858,8833,2021-06-26 17:25:39,52.2177481,2
716,182,21.0350365,8834,2021-06-26 17:25:39,52.2216809,M5
717,N83,21.116546,8839,2021-06-26 05:25:32,52.233586,174
718,520,21.1556928,8840,2021-06-26 17:25:38,52.2403153,3
719,138,21.1172336,8841,2021-06-25 22:19:45,52.2337476,1
720,521,21.1161941,8844,2021-06-25 20:59:15,52.2334716,09
721,138,20.9953506,8846,2021-06-26 17:25:39,52.1702993,8
722,143,21.1776483,8850,2021-06-26 17:25:40,52.2621066,3
723,138,21.094939,8852,2021-06-26 17:25:34,52.26527,5
724,509,21.0013286,8853,2021-06-26 17:25:39,52.2918066,8
725,182,20.9649368,8854,2021-06-26 17:25:35,52.2180355,1
726,518,21.047239,8859,2021-06-25 21:49:41,52.2647968,9
727,412,21.047084,8862,2021-06-25 20:21:52,52.264918,05
728,509,21.043849,8863,2021-06-25 22:53:53,52.266028,14
729,723,21.047273,8864,2021-06-25 19:20:55,52.264625,08
730,269,21.043698,8866,2021-06-25 22:15:02,52.266003,04
731,738,21.046916,8868,2021-06-25 18:47:25,52.264738,05
732,340,21.046388,8870,2021-06-25 19:12:44,52.265081,03
733,511,21.046323,8874,2021-06-25 18:33:00,52.265079,05
734,340,21.048342,8876,2021-06-25 18:55:45,52.264397,06
735,723,21.0009065,8878,2021-06-26 17:25:32,52.291324,1
736,511,21.0472221,8879,2021-06-25 19:11:55,52.2646076,07
737,709,20.996574,8880,2021-06-25 18:58:33,52.18762,016
738,136,20.9610458,8881,2021-06-26 17:25:39,52.2376621,9
739,174,21.0056623,8882,2021-06-26 17:25:35,52.2163533,1
740,165,21.0015455,8883,2021-06-26 17:25:34,52.1561421,4
741,504,21.0026168,8885,2021-06-26 17:25:37,52.2278453,1
742,504,20.9985235,8886,2021-06-26 11:14:42,52.1878498,6
743,165,21.024311,8888,2021-06-26 17:25:38,52.1797613,2
744,165,20.9922311,8891,2021-06-26 17:25:35,52.165941,1
745,148,21.086123,8893,2021-06-26 17:25:32,52.245196,8
746,172,21.0510283,8895,2021-06-26 17:25:38,52.1861693,5
747,522,21.0609741,8896,2021-06-26 17:25:35,52.1771105,5
748,138,21.0437095,8897,2021-06-26 17:25:37,52.2543173,3
749,519,21.092874,8899,2021-06-26 17:25:34,52.117021,1
750,161,21.224833,9061,2021-06-26 17:25:40,52.186634,1
751,104,21.025579,9063,2021-06-26 17:25:38,52.297432,2
752,161,21.224138,9068,2021-06-26 17:25:37,52.18232,2
753,211,20.943836,9070,2021-06-26 17:25:38,52.347202,3
754,211,20.964483,9074,2021-06-26 17:25:38,52.313248,4
755,211,21.00099,9075,2021-06-26 17:25:37,52.291199,M5
756,234,21.014072,9079,2021-06-26 17:25:40,52.31036,2
757,800,20.927876,9082,2021-06-26 17:25:39,52.291206,M1
758,900,20.953609,9084,2021-06-26 17:25:36,52.358883,1
759,161,21.176977,9088,2021-06-26 17:25:37,52.175571,M3
760,104,21.001589,9091,2021-06-26 17:25:37,52.290249,1
761,211,20.941473,9092,2021-06-26 17:25:37,52.355293,2
762,211,20.954988,9093,2021-06-26 17:25:36,52.329662,1
763,219,21.151991,9201,2021-06-26 17:25:34,52.186306,1
764,107,20.979366,9204,2021-06-26 17:25:35,52.24448,1
765,107,21.013674,9205,2021-06-26 17:25:38,52.235371,2
766,121,20.968077,9206,2021-06-26 17:25:33,52.272015,M2
767,209,20.981068,9209,2021-06-26 17:25:39,52.132851,54
768,107,21.046131,9210,2021-06-26 17:25:38,52.201675,3
769,201,20.932529,9212,2021-06-26 17:25:36,52.257561,3
770,121,20.971382,9213,2021-06-26 17:25:36,52.284045,1
771,133,20.944973,9214,2021-06-26 17:25:37,52.32209,1
772,133,20.9737,9215,2021-06-26 17:25:35,52.344376,2
773,164,21.062256,9216,2021-06-26 17:25:40,52.175968,2
774,164,21.138212,9219,2021-06-26 17:25:36,52.145863,3
775,177,20.878729,9220,2021-06-26 17:25:37,52.198978,1
776,177,20.886757,9221,2021-06-26 17:25:36,52.18959,2
777,203,20.902742,9222,2021-06-26 17:25:35,52.275234,2
778,107,21.017056,9223,2021-06-26 17:25:34,52.229542,4
779,203,20.928473,9224,2021-06-26 17:25:32,52.291088,1
780,208,20.949139,9225,2021-06-26 17:25:36,52.209663,2
781,209,21.019054,9227,2021-06-26 17:25:38,52.143513,51
782,228,20.965342,9228,2021-06-26 17:25:35,52.195099,1
783,228,20.892929,9229,2021-06-26 17:25:38,52.200336,3
784,177,20.883686,9230,2021-06-26 17:25:36,52.20565,3
785,228,20.920477,9231,2021-06-26 17:25:36,52.209572,2
786,239,21.014957,9233,2021-06-26 17:25:36,52.152699,52
787,201,20.926517,9234,2021-06-26 17:25:38,52.23402,2
788,219,21.102278,9235,2021-06-26 17:25:37,52.222797,2
789,208,20.975615,9236,2021-06-26 17:25:34,52.210255,1
790,264,21.152094,9240,2021-06-26 17:25:37,52.133331,1
791,107,20.980112,9241,2021-06-26 17:25:33,52.244854,M5
792,201,20.931437,9243,2021-06-26 17:25:39,52.259991,1
793,219,21.15658,9250,2021-06-26 17:25:32,52.214016,3
794,209,21.027145,9252,2021-06-26 17:25:36,52.151253,53
795,199,21.125921,9311,2021-06-26 17:25:38,52.288822,4
796,135,21.02742,9312,2021-06-26 17:25:35,52.259357,3
797,135,21.068707,9313,2021-06-26 17:25:41,52.24633,4
798,123,21.043486,9316,2021-06-26 17:25:37,52.250069,1
799,123,21.100876,9317,2021-06-26 17:25:40,52.225658,3
800,179,21.063065,9318,2021-06-26 17:25:40,52.145519,7
801,153,21.177021,9319,2021-06-26 17:25:32,52.256882,3
802,179,21.036907,9320,2021-06-26 17:25:38,52.162014,3
803,142,21.088737,9321,2021-06-26 17:25:39,52.244846,4
804,123,21.050999,9322,2021-06-26 17:25:35,52.252541,2
805,123,21.073263,9323,2021-06-26 17:25:30,52.251919,5
806,179,21.036049,9325,2021-06-26 17:25:37,52.151726,4
807,135,21.107132,9326,2021-06-26 17:25:30,52.248325,1
808,179,21.050186,9327,2021-06-26 17:25:39,52.155033,5
809,135,21.085249,9328,2021-06-26 17:25:39,52.238461,2
810,179,21.06846,9329,2021-06-26 17:25:37,52.128433,6
811,179,21.0350319,9333,2021-06-26 17:25:39,52.1622644,52
812,123,21.06731,9337,2021-06-26 17:25:36,52.250317,4
813,153,21.158375,9338,2021-06-26 17:25:38,52.27327,2
814,123,21.0879,9339,2021-06-26 17:25:35,52.222527,357
815,153,21.1553,9340,2021-06-26 17:25:36,52.265739,1
816,199,21.113997,9342,2021-06-26 17:25:39,52.293758,2
817,123,21.077581,9345,2021-06-25 21:25:22,52.268494,357
818,179,21.025835,9349,2021-06-26 17:25:39,52.142483,1
819,142,21.088352,9351,2021-06-26 17:25:34,52.244888,1
820,142,21.152264,9352,2021-06-26 17:25:36,52.177246,3
821,142,21.234922,9354,2021-06-26 17:17:05,52.170734,M5
822,199,21.179491,9355,2021-06-26 17:25:36,52.268745,1
823,142,21.148069,9357,2021-06-26 17:25:39,52.181202,2
824,103,20.950432,9411,2021-06-26 17:25:35,52.280945,4
825,157,20.991783,9412,2021-06-26 17:25:35,52.23307,3
826,117,21.019682,9413,2021-06-26 17:25:39,52.231312,3
827,516,20.936428,9414,2021-06-26 17:25:36,52.333363,4
828,157,20.989761,9416,2021-06-26 17:25:38,52.265224,6
829,117,21.058624,9417,2021-06-26 17:25:37,52.227581,1
830,103,20.949112,9418,2021-06-26 17:25:35,52.279533,2
831,134,20.976711,9419,2021-06-26 17:25:35,52.278847,1
832,134,21.061979,9420,2021-06-26 17:25:38,52.361683,2
833,134,20.985455,9423,2021-06-26 17:25:35,52.282646,3
834,117,21.005129,9424,2021-06-26 17:25:37,52.229633,4
835,117,21.102415,9425,2021-06-26 17:25:37,52.222141,2
836,103,20.966335,9427,2021-06-26 17:25:37,52.232845,5
837,157,20.992506,9428,2021-06-26 17:25:36,52.232086,1
838,157,20.963985,9429,2021-06-26 17:25:40,52.207996,2
839,245,21.053032,9431,2021-06-26 17:25:39,52.276463,1
840,516,21.000866,9432,2021-06-26 17:25:38,52.292652,1
841,516,21.000965,9434,2021-06-26 17:25:37,52.292126,2
842,516,20.942501,9436,2021-06-26 17:25:39,52.33707,3
843,176,21.026697,9438,2021-06-26 17:25:37,52.281162,1
844,157,20.976379,9439,2021-06-26 17:25:40,52.289734,5
845,712,20.852636,9441,2021-06-26 17:25:40,52.259472,M2
846,103,20.965178,9442,2021-06-26 17:25:39,52.236305,1
847,103,20.926811,9443,2021-06-26 17:25:34,52.290337,3
848,245,21.131002,9446,2021-06-26 17:25:40,52.280632,2
849,712,20.928049,9450,2021-06-26 17:25:35,52.291016,1
850,176,20.996143,9452,2021-06-26 17:25:37,52.32085,3
851,176,20.982208,9453,2021-06-26 17:25:35,52.355602,2
852,743,20.752544,9459,2021-06-26 17:25:37,52.230724,1
853,194,20.930353167,9501,2021-06-26 17:25:37,52.224977333,4
854,181,20.9000085,9503,2021-06-26 17:25:40,52.29719,2
855,717,20.840568167,9504,2021-06-26 17:25:40,52.18991,3
856,139,21.024093333,9507,2021-06-26 17:25:40,52.179531667,2
857,149,20.947831833,9509,2021-06-26 17:25:40,52.2440665,2
858,729,20.795368833,9511,2021-06-26 17:25:40,52.255563667,1
859,149,20.900287333,9514,2021-06-26 17:25:36,52.239502,4
860,159,20.9606695,9515,2021-06-26 17:25:40,52.2160905,1
861,159,21.0455245,9519,2021-06-26 17:25:40,52.219020667,4
862,159,20.978363167,9520,2021-06-26 17:25:39,52.221929,5
863,181,20.951976833,9521,2021-06-26 17:25:38,52.287760833,1
864,737,21.006629,9522,2021-06-26 17:25:40,52.110349833,55
865,181,20.986270167,9524,2021-06-26 17:25:39,52.269410667,4
866,194,20.8648545,9525,2021-06-26 17:25:38,52.207877333,1
867,181,20.940331167,9526,2021-06-26 17:25:38,52.300513,3
868,220,20.897326,9529,2021-06-26 17:25:37,52.2437965,3
869,717,20.914486167,9530,2021-06-26 17:25:36,52.188443,2
870,159,21.045851333,9531,2021-06-26 17:25:39,52.218870833,2
871,194,20.896132833,9532,2021-06-26 17:25:41,52.201385167,2
872,194,20.930830833,9533,2021-06-26 17:25:40,52.225063833,3
873,194,20.8938845,9534,2021-06-26 17:25:38,52.209399667,5
874,220,20.903931833,9535,2021-06-26 17:25:40,52.189208333,1
875,220,20.923745,9537,2021-06-26 17:25:40,52.1743515,4
876,300,21.022853,9538,2021-06-26 17:25:39,52.179903167,M1
877,149,20.895447167,9539,2021-06-26 17:25:40,52.249706167,3
878,707,20.943608333,9540,2021-06-26 17:25:37,52.175835,1
879,715,20.983913167,9542,2021-06-26 17:25:38,52.111466833,53
880,737,21.03704,9543,2021-06-26 17:25:39,52.161995667,54
881,717,20.9645645,9544,2021-06-26 17:25:40,52.218272,1
882,724,21.075480333,9546,2021-06-26 17:25:39,52.084901167,1
883,139,21.113566333,9548,2021-06-26 17:25:36,52.106023167,1
884,715,20.921498833,9554,2021-06-26 17:25:40,52.155328333,51
885,149,20.940371833,9555,2021-06-26 17:25:37,52.246696333,1
886,159,21.085055167,9556,2021-06-26 17:25:40,52.193287,3
887,220,20.9235565,9557,2021-06-26 17:25:37,52.260510667,2
888,152,21.048872,9678,2021-06-26 17:25:36,52.325287,1
889,152,20.972155,9680,2021-06-26 17:25:39,52.321396,2
890,118,20.998028,9681,2021-06-26 17:25:35,52.288734,3
891,212,21.054071,9682,2021-06-26 17:25:39,52.273079,2
892,118,21.037479,9683,2021-06-26 17:25:33,52.296291,4
893,118,21.036201,9685,2021-06-26 17:25:36,52.231716,2
894,152,20.966501,9687,2021-06-26 17:25:34,52.331764,4
895,152,21.026888,9688,2021-06-26 17:25:39,52.33036,3
896,118,21.006313,9689,2021-06-26 17:25:37,52.261745,5
897,212,21.05686,9692,2021-06-26 17:25:36,52.301907,3
898,212,21.027225,9696,2021-06-26 17:25:37,52.259583,1
899,118,21.019945,9697,2021-06-26 17:25:34,52.223564,1
900,212,21.055864,9698,2021-06-26 17:25:40,52.297352,4
901,109,21.01725,9801,2021-06-26 17:25:35,52.230877,1
902,710,21.026541,9802,2021-06-26 17:25:35,52.075558,1
903,525,21.129688,9803,2021-06-26 17:25:34,52.232582,3
904,Z10,20.914471,9804,2021-06-26 17:25:34,52.235653,2
905,109,20.918007,9805,2021-06-26 17:25:31,52.239544,3
906,109,20.949518,9806,2021-06-26 17:25:32,52.230652,5
907,109,21.021208,9807,2021-06-26 17:25:40,52.231335,6
908,127,21.022194,9809,2021-06-26 17:25:30,52.236557,2
909,127,21.021683,9810,2021-06-26 17:25:31,52.244022,1
910,127,20.970932,9811,2021-06-26 17:25:38,52.219582,335
911,131,21.035801,9814,2021-06-26 17:25:34,52.206921,4
912,127,20.987419,9816,2021-06-26 17:25:38,52.22467,56
913,127,20.922522,9817,2021-06-26 17:25:35,52.208801,5
914,131,21.014492,9818,2021-06-26 17:25:40,52.224968,2
915,710,21.0676,9819,2021-06-26 17:25:34,52.129345,3
916,131,21.049612,9820,2021-06-26 17:25:33,52.202309,6
917,131,21.00387,9821,2021-06-26 17:25:34,52.229393,1
918,525,21.16452,9822,2021-06-26 17:25:40,52.217316,1
919,519,21.032951,9825,2021-06-26 17:25:19,52.204462,6
920,525,21.196644,9826,2021-06-26 17:25:40,52.208241,2
921,710,21.023959,9827,2021-06-26 17:25:39,52.075159,2
922,Z10,20.92458,9828,2021-06-26 17:25:31,52.26049,9
923,525,21.015402,9829,2021-06-26 17:25:38,52.219196,4
924,525,21.003639,9830,2021-06-26 17:25:36,52.229744,5
925,742,21.121355,9833,2021-06-26 17:25:36,52.090618,1
926,710,21.0665,9834,2021-06-26 17:25:37,52.131283,4
927,719,20.950157,9835,2021-06-26 17:25:38,52.238579,1
928,Z10,20.924728,9836,2021-06-26 17:25:39,52.260628,8
929,Z10,20.921669,9837,2021-06-26 17:25:33,52.221294,M4
930,109,20.89875,9838,2021-06-26 17:25:33,52.238503,4
931,127,20.895443,9839,2021-06-26 17:25:35,52.208775,4
932,525,21.066696,9846,2021-06-26 17:25:36,52.229759,319
933,719,20.58643,9849,2021-06-26 17:25:37,52.257549,2
934,719,20.844986,9852,2021-06-26 17:25:32,52.250324,3
935,131,21.066711,9854,2021-06-26 17:25:38,52.184307,3
936,114,20.917046,9901,2021-06-26 17:25:37,52.312885,1
937,114,20.993122,9903,2021-06-26 17:25:37,52.278633,5
938,186,20.966045,9905,2021-06-26 17:25:39,52.214725,5
939,193,21.040491,9906,2021-06-26 17:25:38,52.170731,1
940,114,20.934925,9907,2021-06-26 17:25:39,52.272671,7
941,186,21.004309,9908,2021-06-26 17:25:38,52.290756,1
942,186,20.971075,9909,2021-06-26 17:25:40,52.206032,3
943,186,20.97056,9912,2021-06-26 17:25:39,52.275547,6
944,186,20.943733,9915,2021-06-26 17:25:37,52.3228,9
945,186,20.956032,9916,2021-06-26 17:25:39,52.235352,2
946,190,20.896784,9919,2021-06-26 17:25:35,52.230438,2
947,190,20.966194,9920,2021-06-26 17:25:39,52.237164,5
948,190,21.03474,9921,2021-06-26 17:25:38,52.254528,9
949,190,20.979614,9922,2021-06-26 17:25:40,52.237354,10
950,193,20.995287,9923,2021-06-26 17:25:36,52.170219,2
951,193,21.01992,9925,2021-06-26 17:25:36,52.173351,3
952,114,21.042027,9928,2021-06-26 17:25:36,52.300274,63
953,114,20.928043,9930,2021-06-26 17:25:39,52.27166,2
954,193,21.036924,9933,2021-06-26 17:25:36,52.161961,4
955,190,20.921925,9935,2021-06-26 17:25:38,52.240231,4
956,186,20.942238,9939,2021-06-26 17:25:38,52.334118,8
957,114,21.041746,9940,2021-06-26 17:25:37,52.300198,4
958,114,20.997349,9941,2021-06-26 17:25:35,52.271778,6
959,186,20.963804,9942,2021-06-26 17:25:39,52.207829,4
960,190,21.085403,9946,2021-06-26 17:25:40,52.304993,8
961,190,20.898829,9947,2021-06-26 17:25:36,52.238903,3
962,190,21.033239,9949,2021-06-26 17:25:37,52.254135,6
963,190,21.081841,9951,2021-06-26 17:25:37,52.295136,7
964,190,20.914959,9953,2021-06-26 17:25:37,52.239166,1
965,186,20.972202,9954,2021-06-26 17:25:40,52.320526,67
966,o43A,21.423235,9999,2021-06-25 14:26:34,50.302956,1
