,Lines,Lon,VehicleNumber,Time,Lat,Brigade
0,213,21.1152613,1000,2021-06-25 23:22:58,52.2346205,3
1,213,21.115043,1001,2021-06-25 23:56:49,52.23463,1
2,213,21.1029673,1003,2021-06-26 17:27:59,52.2223605,1
3,311,21.115233,1004,2021-06-25 21:52:40,52.23458,2
4,196,21.11514,1005,2021-06-25 23:48:58,52.234611,1
5,130,21.11559,1008,2021-06-25 20:19:05,52.234613,04
6,213,21.2026543,1010,2021-06-26 17:28:00,52.1829725,2
7,213,21.1271511,1011,2021-06-26 17:27:55,52.21493,4
8,311,21.1155166,1012,2021-06-25 21:16:38,52.2346153,1
9,213,21.1974355,1015,2021-06-26 17:27:59,52.1584766,3
10,108,21.070858,1020,2021-06-26 17:28:01,52.212479,3
11,218,21.001993,1021,2021-06-26 17:28:01,52.178757,4
12,218,21.000021,1024,2021-06-26 17:28:02,52.183342,2
13,192,21.044804,1025,2021-06-26 17:28:02,52.142372,3
14,195,20.9979977,1026,2021-06-25 21:14:18,52.1862374,2
15,163,21.107422,1027,2021-06-26 17:28:02,52.168053,1
16,218,21.0242506,1028,2021-06-26 17:28:01,52.1797349,3
17,163,21.0489724,1030,2021-06-26 17:28:01,52.1782577,2
18,163,21.0898769,1031,2021-06-26 17:28:02,52.1816406,3
19,108,21.066601,1038,2021-06-26 16:54:28,52.184325,4
20,192,21.0685819,1039,2021-06-26 17:28:01,52.1290802,2
21,204,21.024083,1040,2021-06-26 17:27:49,52.277445,1
22,736,20.936815,1042,2021-06-26 17:27:49,52.39679,1
23,204,21.043091,1043,2021-06-25 22:53:22,52.26632,05
24,204,21.06038,1044,2021-06-26 17:28:02,52.3151317,3
25,107,21.046234,1045,2021-06-25 22:36:50,52.264653,4
26,204,21.042681,1046,2021-06-25 23:57:31,52.266098,1
27,204,21.023241,1047,2021-06-26 17:27:41,52.277259,2
28,228,20.921443,1050,2021-06-25 23:41:52,52.196853,2
29,328,20.921189,1051,2021-06-25 22:30:10,52.196913,01
30,129,20.90828,1052,2021-06-26 17:28:02,52.1923683,2
31,129,20.896835,1053,2021-06-26 17:28:00,52.1960917,3
32,129,20.9439767,1055,2021-06-26 17:27:47,52.24686,4
33,129,20.9392717,1057,2021-06-26 17:27:53,52.2458983,1
34,119,21.1612069,1061,2021-06-26 17:28:01,52.2098596,4
35,119,21.0350409,1062,2021-06-26 17:28:01,52.2021065,5
36,192,21.048454,1064,2021-06-26 17:28:02,52.138615,1
37,192,21.0237789,1069,2021-06-26 17:28:02,52.1799334,52
38,108,21.068579,1070,2021-06-26 17:28:01,52.182621,1
39,108,21.022778,1074,2021-06-26 17:28:02,52.229584,2
40,218,21.01829,1076,2021-06-26 17:28:01,52.189167,1
41,192,21.024319,1079,2021-06-26 17:28:02,52.179813,4
42,173,21.0426228,1101,2021-06-26 00:28:34,52.2664063,2
43,240,21.0417576,1109,2021-06-26 17:27:59,52.2926031,2
44,173,21.048266,1110,2021-06-25 19:53:25,52.264265,3
45,170,21.0491528,1111,2021-06-26 17:27:57,52.2551615,2
46,110,20.8844385,1112,2021-06-26 17:28:01,52.3053948,51
47,126,21.046033,1113,2021-06-25 23:08:32,52.264159,4
48,338,21.046365,1116,2021-06-25 19:40:36,52.2645706,05
49,170,21.0773876,1117,2021-06-26 17:28:03,52.2696223,4
50,727,21.020323,1200,2021-06-26 17:28:02,52.17395,65
51,739,21.0184026,1201,2021-06-26 17:28:01,52.1059639,64
52,166,21.022623,1203,2021-06-26 17:28:02,52.229828,1
53,727,21.028112,1205,2021-06-26 17:28:01,52.067883,68
54,739,21.0183184,1208,2021-06-26 17:28:00,52.1236006,62
55,141,21.0879041,1211,2021-06-26 17:28:02,52.2449237,2
56,727,21.022032,1213,2021-06-26 17:28:01,52.077251,66
57,166,21.026886,1214,2021-06-26 17:27:59,52.259834,3
58,727,20.9067789,1216,2021-06-26 17:28:02,52.059275,67
59,739,21.0396911,1218,2021-06-26 17:28:01,52.0805131,63
60,166,21.040712,1219,2021-06-26 17:28:02,52.1702762,8
61,166,21.060423,1220,2021-06-26 17:28:01,52.140728,7
62,727,21.0212469,1223,2021-06-26 17:28:01,52.1792226,61
63,240,21.0483353,1400,2021-06-26 00:03:19,52.2641493,1
64,170,21.0218555,1401,2021-06-26 17:27:54,52.2624485,3
65,170,21.0454971,1403,2021-06-25 21:36:41,52.2652081,3
66,240,21.043604,1408,2021-06-25 23:31:26,52.266069,4
67,146,21.194624,1411,2021-06-26 17:27:52,52.157871,58
68,173,21.190546,1412,2021-06-26 17:28:01,52.247478,3
69,730,21.29147,1413,2021-06-26 17:28:02,52.177563,61
70,146,21.1840577,1417,2021-06-26 17:28:02,52.1557915,57
71,199,21.052967,1418,2021-06-26 17:28:01,52.276394,3
72,147,21.243214,1419,2021-06-26 17:28:02,52.221695,53
73,183,21.0885472,1422,2021-06-26 17:28:02,52.2449015,3
74,147,21.114302,1425,2021-06-26 17:28:01,52.20356,54
75,147,21.0523517,1426,2021-06-26 17:28:01,52.2502359,55
76,146,21.055618,1427,2021-06-26 17:28:01,52.231972,59
77,119,21.00037,1429,2021-06-26 17:28:01,52.206036,1
78,L11,20.722721,14422,2021-06-26 17:27:57,52.424374,2
79,L10,20.945208,14423,2021-06-26 14:34:04,52.437897,M4
80,L11,20.723183,14424,2021-06-25 20:30:06,52.424343,51
81,L-9,20.965769,14426,2021-06-26 17:27:58,52.417072,3
82,L11,20.95467,14427,2021-06-26 17:28:02,52.428303,1
83,L34,20.863581,14429,2021-06-26 17:28:00,52.441437,1
84,L10,20.945269,14430,2021-06-26 16:19:41,52.437912,M5
85,L34,20.945213,14431,2021-06-25 19:23:11,52.437866,2
86,L41,20.907572,14432,2021-06-26 17:28:02,52.381756,1
87,L33,20.945353,14434,2021-06-25 23:24:58,52.438198,1
88,L49,20.894224,14436,2021-06-26 17:27:56,52.417194,1
89,L-8,21.113482,14438,2021-06-26 17:28:00,52.407688,1
90,L-9,20.949566,14440,2021-06-25 23:13:11,52.471237,055
91,338,21.045604,1500,2021-06-25 19:27:18,52.264496,03
92,106,21.020476,1508,2021-06-26 17:27:55,52.2431938,5
93,735,21.0118126,1509,2021-06-26 17:27:55,52.4538038,M4
94,240,21.0551648,1510,2021-06-26 17:27:59,52.2966518,4
95,110,20.9686571,1513,2021-06-26 17:28:00,52.272058,52
96,147,21.044424,1514,2021-06-25 19:54:57,52.2648745,06
97,115,21.17197,1521,2021-06-26 17:27:53,52.2057433,4
98,115,21.2423433,1523,2021-06-26 17:27:50,52.1699817,3
99,702,21.1350683,1524,2021-06-26 17:27:50,52.2190367,2
100,183,21.115313,1526,2021-06-26 00:16:52,52.233074,4
101,N16,21.116845,1527,2021-06-26 05:37:31,52.233048,2
102,N44,21.117096,1528,2021-06-26 05:37:25,52.233049,207
103,702,21.2628483,1531,2021-06-26 17:27:54,52.108115,1
104,202,21.056175,1532,2021-06-26 17:27:53,52.249775,2
105,141,20.95436,1533,2021-06-26 17:27:55,52.1862983,6
106,119,21.1925,1535,2021-06-26 17:27:33,52.2074583,3
107,156,20.930626,1537,2021-06-26 17:27:46,52.291631,2
108,110,20.9697933,1538,2021-06-26 17:27:55,52.2721933,55
109,120,21.05103,1539,2021-06-26 17:27:56,52.252634,1
110,156,21.066475,1540,2021-06-26 17:27:48,52.2743,5
111,166,21.02502,1542,2021-06-26 17:27:57,52.220186,4
112,221,20.9940667,1543,2021-06-26 17:27:50,52.259455,2
113,N03,21.044968,1545,2021-06-26 05:08:35,52.264589,2
114,156,21.0520967,1546,2021-06-26 17:27:55,52.2529983,4
115,512,21.0523717,1548,2021-06-26 17:28:01,52.2837917,1
116,120,21.03555,1549,2021-06-26 17:27:48,52.25365,2
117,166,21.0682117,1550,2021-06-26 17:27:52,52.1292833,6
118,120,21.0670917,1551,2021-06-26 17:27:58,52.3179817,6
119,156,21.041464,1552,2021-06-26 17:27:51,52.284981,3
120,L36,21.281702,17455,2021-06-26 17:27:57,52.365784,51
121,L40,21.097389,17458,2021-06-26 17:28:01,52.343941,1
122,L43,21.077759,17461,2021-06-26 08:32:11,52.26762,51
123,L43,21.161287,17462,2021-06-26 17:27:58,52.298813,52
124,L45,21.175379,17464,2021-06-26 17:27:58,52.31078,1
125,L37,21.176323,17466,2021-06-25 22:21:40,52.312318,2
126,L38,21.221689,17467,2021-06-26 17:12:13,52.345421,51
127,N11,21.0464135,1801,2021-06-26 05:25:16,52.2646905,1
128,240,21.114499,1802,2021-06-26 17:27:57,52.3346873,3
129,N12,21.045453,1803,2021-06-26 04:33:33,52.264459,128
130,132,21.0514571,1804,2021-06-26 17:28:02,52.3136523,53
131,132,21.0547205,1805,2021-06-26 17:27:58,52.3247433,54
132,122,20.9048363,1807,2021-06-26 17:28:01,52.2556031,6
133,106,21.0435196,1808,2021-06-26 06:30:45,52.2662013,4
134,N11,21.0454075,1809,2021-06-26 05:42:59,52.264945,122
135,106,20.9684853,1810,2021-06-26 17:27:48,52.2329858,2
136,106,21.0140225,1811,2021-06-26 17:27:57,52.2364451,1
137,106,20.9911286,1812,2021-06-26 17:27:58,52.2347518,3
138,170,21.093808,1814,2021-06-26 17:27:40,52.271058,1
139,122,20.9859855,1815,2021-06-26 17:27:59,52.2684273,3
140,N12,21.046083,1816,2021-06-26 05:05:03,52.264528,210
141,173,21.042571,1818,2021-06-25 23:48:59,52.2664061,10
142,173,21.2175723,1821,2021-06-26 17:27:54,52.2144153,2
143,115,21.2063076,1826,2021-06-26 17:27:57,52.1670083,2
144,147,21.1185546,1828,2021-06-26 17:27:57,52.1995163,52
145,147,21.0449761,1829,2021-06-26 17:27:56,52.2484445,51
146,183,21.1569365,1830,2021-06-26 17:27:59,52.2561815,1
147,119,21.1165895,1832,2021-06-25 22:22:16,52.2331471,06
148,183,21.158131,1833,2021-06-26 17:27:41,52.255421,2
149,173,21.053251,1835,2021-06-26 17:27:59,52.2500228,4
150,115,21.1567676,1837,2021-06-26 17:27:57,52.2558956,1
151,168,21.001526,1838,2021-06-26 17:27:44,52.193816,1
152,115,21.1709215,1839,2021-06-26 17:27:56,52.2745415,5
153,147,21.1172291,1840,2021-06-25 21:35:22,52.2330755,09
154,142,21.1168673,1842,2021-06-25 20:08:52,52.2330963,08
155,168,21.1126811,1843,2021-06-26 17:27:52,52.236323,3
156,173,21.1167918,1844,2021-06-25 23:53:58,52.233165,8
157,168,21.112774,1846,2021-06-26 17:27:46,52.233096,4
158,722,21.0881755,1847,2021-06-26 17:27:54,52.2449201,62
159,198,21.1158643,1848,2021-06-25 20:42:24,52.2333196,2
160,198,21.2227828,1849,2021-06-26 17:27:56,52.220904,1
161,183,21.115764,1850,2021-06-25 21:22:25,52.233265,3
162,183,21.1154913,1851,2021-06-26 00:18:45,52.2331743,07
163,198,21.2243291,1854,2021-06-26 17:27:11,52.234067,2
164,146,21.115132,1856,2021-06-26 00:38:41,52.233222,4
165,115,21.115681,1857,2021-06-26 00:02:26,52.2331425,5
166,146,21.1166211,1858,2021-06-25 20:46:49,52.2331278,07
167,198,21.1172503,1859,2021-06-25 19:30:46,52.2330405,05
168,115,21.1153055,1860,2021-06-26 00:28:39,52.2332403,6
169,173,21.052745,1866,2021-06-26 17:27:56,52.250298,5
170,173,21.1842201,1867,2021-06-26 17:27:58,52.246327,1
171,115,21.1165116,1869,2021-06-25 23:18:40,52.2330776,3
172,222,21.0131656,1901,2021-06-26 17:27:55,52.2300849,3
173,251,21.1231032,1909,2021-06-26 17:27:57,52.0895251,3
174,222,20.9957797,1910,2021-06-26 17:27:55,52.1930169,2
175,222,20.9958072,1911,2021-06-26 17:28:01,52.1930069,1
176,251,21.073515,1912,2021-06-26 17:27:56,52.168602,2
177,222,21.024527,1916,2021-06-26 17:28:02,52.222355,5
178,251,21.102907,1919,2021-06-26 17:28:01,52.11882,1
179,222,21.0049712,1920,2021-06-26 17:28:01,52.2447527,4
180,178,20.8984377,1995,2021-06-26 17:28:02,52.1889744,2
181,178,20.9954574,1996,2021-06-26 17:28:02,52.2323694,1
182,178,21.0040184,1997,2021-06-26 17:28:02,52.2553046,5
183,178,20.899216,1998,2021-06-26 17:28:02,52.189713,3
184,178,21.0110739,1999,2021-06-26 17:27:59,52.2379851,4
185,171,20.924978,2009,2021-06-26 17:28:02,52.27256,1
186,189,21.0244801,2015,2021-06-26 17:28:02,52.1733642,9
187,187,21.048285,2016,2021-06-26 17:28:02,52.1781625,5
188,709,21.0175602,2021,2021-06-26 17:28:01,52.0670137,5
189,Z26,21.001495,2022,2021-06-26 17:28:02,52.24464,4
190,172,20.9800735,2024,2021-06-26 17:28:02,52.2091647,63
191,217,21.068325,2026,2021-06-26 17:28:02,52.169113,3
192,519,21.064444,2027,2021-06-26 17:28:01,52.173347,3
193,172,20.9556264,2028,2021-06-26 17:28:02,52.2118879,1
194,189,20.986825,2029,2021-06-26 17:28:02,52.1816904,8
195,Z26,20.999117,2030,2021-06-26 17:28:02,52.244347,7
196,522,21.005159,2032,2021-06-26 17:28:01,52.228939,3
197,174,21.01141,2035,2021-06-26 17:28:02,52.172241,2
198,709,21.0225592,2038,2021-06-26 17:28:02,52.0822056,6
199,709,21.017502,2039,2021-06-26 17:28:01,52.146118,1
200,709,21.0243612,2040,2021-06-26 17:28:00,52.1799316,2
201,709,21.0178117,2041,2021-06-26 17:28:01,52.1521415,3
202,709,21.01935,2042,2021-06-26 17:28:02,52.088017,4
203,517,20.9467374,2200,2021-06-26 17:28:01,52.2084864,1
204,N35,20.921913,2206,2021-06-26 06:01:56,52.1961371,237
205,184,20.939526,2210,2021-06-26 17:28:01,52.278561,3
206,191,20.9147344,2213,2021-06-26 17:28:02,52.2011474,1
207,189,20.898746,2227,2021-06-26 17:28:02,52.238705,4
208,105,20.922151,2236,2021-06-26 00:04:20,52.196038,4
209,189,20.978212,2237,2021-06-26 17:28:01,52.183548,14
210,124,20.964937,2240,2021-06-26 17:28:01,52.151764,2
211,105,20.970623,2247,2021-06-26 17:28:01,52.228661,5
212,141,20.921326,2253,2021-06-25 18:30:50,52.197259,014
213,401,20.920378,2254,2021-06-25 19:44:39,52.196613,012
214,191,20.8701994,2258,2021-06-26 17:28:01,52.1838584,3
215,L20,21.471462,24511,2021-06-25 23:35:10,52.132233,1
216,L20,21.471769,24513,2021-06-26 15:05:20,52.132652,1
217,L20,21.287815,24515,2021-06-26 17:28:01,52.096928,1
218,162,21.0290723,3400,2021-06-26 17:27:57,52.2483996,5
219,185,20.9719503,3401,2021-06-26 17:27:57,52.282852,6
220,723,20.9337806,3403,2021-06-26 17:27:58,52.3645591,3
221,735,20.994715,3404,2021-06-26 17:28:02,52.2980436,63
222,731,20.945868,3405,2021-06-26 17:27:43,52.350213,3
223,414,21.047923,3406,2021-06-25 20:26:01,52.264541,07
224,731,20.938063,3407,2021-06-26 17:27:57,52.3951716,1
225,738,21.0485045,3408,2021-06-26 01:02:31,52.264437,1
226,414,21.0468988,3409,2021-06-25 20:46:35,52.2649078,08
227,126,20.9758911,3410,2021-06-26 17:28:01,52.3159718,2
228,169,21.04371,3411,2021-06-25 21:40:49,52.265391,1
229,140,21.1246716,3413,2021-06-26 17:27:59,52.3614946,1
230,509,20.9661921,3414,2021-06-26 17:28:00,52.3187755,2
231,114,21.0478216,3415,2021-06-25 23:08:38,52.2646596,5
232,723,21.0454035,3417,2021-06-25 21:48:49,52.2654235,1
233,145,21.1166436,3421,2021-06-26 17:27:59,52.2388136,7
234,509,21.1017056,3422,2021-06-26 17:27:59,52.2236393,355
235,Z26,20.9751951,3423,2021-06-26 17:28:00,52.2375973,1
236,169,21.0477433,3429,2021-06-25 23:04:14,52.2646666,3
237,126,21.0091281,3430,2021-06-26 17:28:01,52.3035841,4
238,114,21.04857,3434,2021-06-26 00:33:00,52.264513,2
239,518,21.0478431,3437,2021-06-25 23:46:13,52.264609,6
240,705,21.053817,3438,2021-06-26 17:27:57,52.4424295,66
241,738,21.0837348,3440,2021-06-26 17:28:01,52.2971658,2
242,114,21.0428833,3441,2021-06-25 23:51:31,52.2659116,7
243,140,21.0526578,3444,2021-06-26 17:27:57,52.2768439,2
244,509,21.0555638,3446,2021-06-26 17:28:00,52.2385788,4
245,731,20.9969066,3447,2021-06-26 17:27:58,52.2962266,2
246,126,20.947037,3448,2021-06-26 17:27:59,52.324653,1
247,518,21.043485,3449,2021-06-25 21:30:55,52.265478,7
248,126,21.043211,3450,2021-06-26 17:27:52,52.2853898,3
249,126,21.0567533,3451,2021-06-26 17:28:00,52.3017878,M5
250,705,20.9681236,3454,2021-06-26 17:27:58,52.2719471,62
251,145,21.1028796,3455,2021-06-26 17:28:01,52.2859375,6
252,Z26,21.0340066,3456,2021-06-26 17:28:00,52.25455,5
253,169,21.043935,3457,2021-06-25 23:56:08,52.265611,5
254,509,21.1014573,3458,2021-06-26 17:27:59,52.2230578,5
255,Z26,21.036629,3459,2021-06-26 17:27:52,52.256603,6
256,738,21.1815093,3461,2021-06-26 17:28:00,52.4174085,3
257,731,21.04776,3463,2021-06-26 00:40:56,52.264114,5
258,735,21.0444471,3464,2021-06-25 23:05:19,52.2656713,64
259,723,21.0441993,3466,2021-06-26 00:00:11,52.265954,2
260,738,21.0964701,3469,2021-06-26 17:27:58,52.312498,1
261,L19,21.021482,36443,2021-06-26 17:27:57,52.080326,51
262,L17,20.899836,36444,2021-06-26 13:08:02,51.912342,51
263,L25,21.217579,36448,2021-06-26 17:28:00,51.981613,1
264,L39,20.992424,38541,2021-06-26 17:25:52,52.109779,4
265,L39,21.052494,38545,2021-06-26 17:28:00,52.095421,3
266,L52,21.004282,38546,2021-06-26 17:28:01,52.021763,51
267,L39,21.052904,38547,2021-06-26 17:27:59,52.096199,1
268,L39,21.024368,38548,2021-06-26 17:28:00,52.061993,2
269,L23,21.047108,38549,2021-06-26 17:27:15,52.058147,51
270,L-5,21.02952,39551,2021-06-26 17:15:01,52.074806,62
271,L-2,21.034941,39552,2021-06-25 19:11:52,52.083633,063
272,L25,21.191267,39555,2021-06-25 23:37:02,51.987377,1
273,L13,21.032413,39556,2021-06-26 17:28:02,52.027695,63
274,L-5,20.961887,39558,2021-06-26 17:28:03,52.066593,61
275,L-2,21.025713,39559,2021-06-26 17:28:01,52.077671,1
276,L13,21.217253,39561,2021-06-25 20:05:15,51.98262,03
277,L12,20.999542,39562,2021-06-26 17:27:59,52.052025,1
278,L12,21.034851,39565,2021-06-26 12:57:20,52.083328,1
279,197,20.950254,4200,2021-06-26 17:28:02,52.270908,3
280,721,20.829788,4201,2021-06-26 17:28:01,52.055016,75
281,711,20.8001,4205,2021-06-26 17:28:02,52.090931,1
282,122,20.956907,4206,2021-06-26 17:28:01,52.26091,1
283,141,21.083693,4208,2021-06-26 17:28:02,52.245193,9
284,197,20.942213,4213,2021-06-26 17:28:02,52.226093,4
285,154,20.9217131,4214,2021-06-26 17:28:01,52.2402169,6
286,141,20.9440407,4216,2021-06-26 17:28:02,52.1755162,5
287,154,20.980785,4217,2021-06-26 17:28:02,52.191475,2
288,154,20.9635214,4218,2021-06-26 17:28:02,52.1836394,1
289,255,20.931,4219,2021-06-26 17:28:01,52.225307,1
290,714,20.9530586,4220,2021-06-26 17:28:03,52.2383151,1
291,255,20.982246,4224,2021-06-26 17:28:02,52.230141,2
292,714,20.8162475,4226,2021-06-26 17:28:02,52.2682421,2
293,122,20.976349,4227,2021-06-26 17:28:03,52.289879,2
294,154,20.911706,4231,2021-06-26 17:28:03,52.238836,4
295,141,21.0031209,4232,2021-06-26 17:28:01,52.1953817,7
296,197,20.86247,4233,2021-06-26 17:28:01,52.1902812,5
297,L-1,20.89243,42361,2021-06-26 14:43:02,52.090702,1
298,154,20.898449,4238,2021-06-26 17:28:02,52.258427,5
299,141,21.049692,4240,2021-06-26 17:28:01,52.203743,3
300,122,20.920174,4241,2021-06-26 17:28:02,52.257114,4
301,122,20.898769,4242,2021-06-26 17:28:02,52.238605,5
302,197,20.9758069,4243,2021-06-26 17:28:01,52.2896414,2
303,901,21.003807,4244,2021-06-26 17:28:01,52.229523,1
304,901,21.043363,4246,2021-06-26 17:28:01,52.2229504,3
305,154,20.970222,4247,2021-06-26 17:28:01,52.219334,3
306,154,20.9660492,4248,2021-06-26 17:28:02,52.2181274,7
307,L-1,20.93656,42498,2021-06-23 19:45:16,52.08992,2
308,L-3,21.017721,42500,2021-06-26 17:28:00,52.067055,1
309,146,21.0600954,4305,2021-06-26 17:28:02,52.2232875,56
310,202,21.0746834,4307,2021-06-26 17:28:02,52.2501104,1
311,119,21.0805259,4311,2021-06-26 17:28:02,52.2052777,2
312,105,16.9750897,4332,2021-06-26 13:35:37,52.5472771,4
313,512,21.036371,4400,2021-06-26 17:28:02,52.255463,4
314,197,20.8625485,4402,2021-06-26 17:28:02,52.1901896,6
315,221,20.993671,4404,2021-06-26 17:28:01,52.259464,1
316,120,21.047749,4405,2021-06-26 17:28:02,52.3400812,4
317,156,20.951212,4406,2021-06-26 17:28:01,52.2807406,1
318,N02,21.044418,4407,2021-06-26 06:46:43,52.265051,3
319,240,21.000727,4408,2021-06-26 17:28:01,52.291348,1
320,197,20.9325049,4409,2021-06-26 17:28:01,52.2532296,1
321,197,20.894701,4410,2021-06-26 17:28:02,52.216511,7
322,120,21.0558884,4411,2021-06-26 17:28:02,52.2690285,7
323,106,21.014414,4412,2021-06-26 17:28:01,52.23634,4
324,152,21.04444,4413,2021-06-25 20:19:00,52.265066,06
325,N16,21.045311,4415,2021-06-26 05:39:26,52.264876,1
326,120,21.045601,4417,2021-06-26 13:08:26,52.264446,1
327,199,21.0444199,4418,2021-06-25 20:09:09,52.264953,2
328,901,21.0133092,4420,2021-06-26 17:28:01,52.2301836,2
329,166,21.047703,4421,2021-06-26 17:28:01,52.16288,5
330,N03,21.0459804,4422,2021-06-26 05:41:10,52.2641299,1
331,166,21.030167,4423,2021-06-26 17:28:02,52.260693,2
332,901,21.011091,4424,2021-06-26 17:28:01,52.230526,4
333,512,21.040161,4425,2021-06-26 17:27:59,52.256855,2
334,120,21.048996,4428,2021-06-26 17:28:02,52.289795,3
335,512,21.052198,4429,2021-06-26 17:28:02,52.252918,3
336,120,21.055584,4431,2021-06-26 17:28:03,52.36142,5
337,512,21.063164,4434,2021-06-26 17:27:59,52.286041,5
338,100,21.010465,4617,2021-06-26 17:27:56,52.2320145,M1
339,184,20.9726685,5205,2021-06-26 17:27:56,52.2190693,6
340,189,20.9160001,5206,2021-06-26 17:27:59,52.2193847,2
341,105,20.8968835,5208,2021-06-26 17:27:58,52.2270748,1
342,188,21.0876195,5209,2021-06-26 17:27:54,52.2502664,3
343,105,20.8988686,5210,2021-06-26 17:27:53,52.2388315,2
344,172,21.064084,5211,2021-06-26 17:27:41,52.186551,4
345,189,21.0687762,5212,2021-06-26 17:28:01,52.1813443,11
346,105,20.8970864,5214,2021-06-26 17:28:02,52.2287144,3
347,189,21.021601,5215,2021-06-26 17:27:42,52.173141,13
348,716,20.9306703,5216,2021-06-26 17:27:53,52.2250659,1
349,172,21.0238148,5217,2021-06-26 17:27:54,52.197663,2
350,523,21.106991,5221,2021-06-26 17:27:52,52.248019,3
351,517,21.010708,5222,2021-06-26 17:27:56,52.231655,2
352,523,21.0260225,5223,2021-06-26 17:27:55,52.2196431,1
353,171,20.9641327,5224,2021-06-26 17:28:00,52.2373939,3
354,105,20.9542922,5225,2021-06-26 17:27:54,52.2278901,4
355,210,20.8651223,5228,2021-06-26 17:27:53,52.2887335,3
356,187,20.8620684,5229,2021-06-26 17:28:02,52.1908806,1
357,171,21.032539,5232,2021-06-26 17:27:54,52.2283137,4
358,136,21.055723,5234,2021-06-26 17:27:52,52.147334,5
359,184,20.9212399,5235,2021-06-26 17:28:02,52.2492089,1
360,517,20.8679622,5236,2021-06-26 17:27:57,52.1940192,5
361,Z10,20.925008,5237,2021-06-26 17:27:59,52.22222,3
362,171,20.9217415,5238,2021-06-26 17:27:53,52.2402089,2
363,171,21.0134962,5240,2021-06-26 17:27:53,52.2300789,5
364,191,20.8703347,5241,2021-06-26 17:27:56,52.1835504,2
365,148,21.0337428,5242,2021-06-26 17:27:59,52.1490708,4
366,190,20.920664,5245,2021-06-25 20:12:48,52.196575,016
367,523,21.0144467,5253,2021-06-26 17:27:55,52.2168756,5
368,141,20.9224014,5255,2021-06-26 00:37:46,52.1970728,4
369,182,20.92243,5256,2021-06-25 19:09:29,52.1956758,011
370,188,21.014079,5257,2021-06-26 17:27:43,52.21708,52
371,187,20.886533,5258,2021-06-26 17:28:02,52.1953221,2
372,184,20.964054,5260,2021-06-26 17:27:49,52.208061,5
373,N46,21.047172,5403,2021-06-26 06:04:29,52.2647932,150
374,500,20.9821899,5404,2021-06-26 17:28:01,52.253214,52
375,169,21.0417589,5406,2021-06-26 17:28:01,52.3000916,5
376,705,21.0378215,5407,2021-06-26 17:28:02,52.4162667,65
377,160,21.0554582,5410,2021-06-26 17:28:01,52.2970707,M5
378,500,21.0417612,5412,2021-06-26 17:28:02,52.3003115,54
379,160,21.003147,5413,2021-06-26 17:28:01,52.229244,M2
380,409,21.037153,5419,2021-06-26 17:28:02,52.268345,M56
381,169,21.049931,5422,2021-06-26 17:28:01,52.252998,2
382,527,21.0596355,5425,2021-06-26 17:28:01,52.3164029,3
383,162,21.0521137,5426,2021-06-26 17:28:02,52.1978976,1
384,162,21.085041,5428,2021-06-26 17:28:02,52.193413,2
385,185,21.05184,5429,2021-06-26 17:28:02,52.17915,8
386,112,21.0402827,5430,2021-06-26 17:28:00,52.2864391,3
387,145,21.000217,5432,2021-06-26 17:28:02,52.29134,4
388,409,20.93173,5433,2021-06-26 17:28:01,52.294022,57
389,112,20.8970087,5434,2021-06-26 17:28:02,52.2201736,9
390,169,21.041174,5435,2021-06-26 17:27:59,52.24995,3
391,527,21.0638461,5436,2021-06-26 17:28:02,52.3252462,2
392,409,21.042505,5437,2021-06-26 17:28:02,52.272366,53
393,160,21.0448347,5438,2021-06-26 17:28:02,52.2787817,7
394,112,21.055735,5439,2021-06-26 17:28:02,52.2973687,12
395,500,21.042032,5441,2021-06-26 17:28:02,52.300327,55
396,160,21.0522384,5443,2021-06-26 17:28:01,52.2623626,4
397,520,21.1337,5445,2021-06-26 17:27:58,52.2402,4
398,511,20.942547,5448,2021-06-26 17:28:01,52.348572,1
399,160,21.000683,5449,2021-06-26 17:28:01,52.244087,1
400,527,21.055033,5453,2021-06-26 17:28:02,52.272835,1
401,160,21.002625,5454,2021-06-26 17:28:01,52.229317,3
402,723,20.926891,5455,2021-06-26 17:28:00,52.38929,2
403,511,20.9632004,5459,2021-06-26 17:28:01,52.3117447,2
404,185,21.058798,5460,2021-06-26 17:28:01,52.183605,3
405,180,20.940559,5870,2021-06-26 17:27:58,52.269772,7
406,503,21.002298,5871,2021-06-26 17:28:01,52.254704,3
407,503,21.000259,5873,2021-06-26 17:27:58,52.253517,5
408,503,21.044567,5875,2021-06-26 17:28:00,52.175461,7
409,180,21.031111,5876,2021-06-26 17:28:02,52.207073,62
410,128,21.010435,5880,2021-06-26 17:27:57,52.229481,55
411,175,20.978056,5881,2021-06-26 17:28:01,52.16954,52
412,175,20.982006,5882,2021-06-26 17:28:03,52.193825,53
413,175,20.984335,5884,2021-06-26 17:27:58,52.199196,51
414,128,20.963694,5887,2021-06-26 17:28:03,52.207714,64
415,128,20.995907,5889,2021-06-26 17:27:59,52.226608,59
416,180,21.064312,5890,2021-06-26 17:27:58,52.186157,3
417,180,21.013433,5891,2021-06-26 17:28:00,52.24189,11
418,180,21.012341,5892,2021-06-26 17:28:02,52.241905,5
419,175,21.012909,5895,2021-06-26 17:28:02,52.243217,60
420,128,20.998121,5897,2021-06-25 23:36:40,52.187019,51
421,503,21.002558,5898,2021-06-26 17:28:00,52.25481,4
422,111,21.011265,5900,2021-06-26 17:27:58,52.230209,4
423,158,20.949306,5902,2021-06-26 17:27:59,52.211582,5
424,128,20.963413,5904,2021-06-26 17:27:59,52.207767,58
425,116,20.992207,5905,2021-06-26 17:28:02,52.262535,69
426,158,21.117008,5907,2021-06-25 21:44:36,52.233902,5
427,175,21.116972,5908,2021-06-25 19:38:19,52.233955,068
428,116,21.116823,5910,2021-06-26 00:07:33,52.233971,17
429,158,21.005558,5913,2021-06-26 17:27:58,52.228661,6
430,158,21.023539,5915,2021-06-26 17:27:58,52.232212,3
431,111,20.979416,5920,2021-06-26 17:27:59,52.244423,6
432,116,21.011536,5921,2021-06-26 17:28:03,52.242107,5
433,111,21.107388,5922,2021-06-26 07:42:12,52.233645, 
434,111,21.116245,5926,2021-06-26 00:24:55,52.234005,5
435,111,21.079222,5927,2021-06-26 17:27:59,52.226131,3
436,111,21.04406,5931,2021-06-26 17:28:00,52.236645,8
437,175,21.011702,5932,2021-06-26 17:27:59,52.229572,61
438,158,21.1000485,5933,2021-06-26 17:28:02,52.238212,1
439,158,21.015928,5934,2021-06-26 17:28:00,52.230579,4
440,503,21.115843,5935,2021-06-26 00:31:56,52.233995,013
441,116,21.007801,5936,2021-06-26 17:27:58,52.238564,4
442,503,21.0175161,5937,2021-06-26 17:28:02,52.2309692,1
443,128,20.990326,5939,2021-06-26 17:28:01,52.216606,56
444,116,21.023544,5940,2021-06-26 17:28:02,52.225811,3
445,175,21.115613,5941,2021-06-25 21:43:06,52.234041,63
446,116,20.92499,5942,2021-06-26 17:27:59,52.272282,7
447,503,21.050552,5943,2021-06-26 17:27:57,52.144901,9
448,158,21.1176959,5946,2021-06-26 17:28:02,52.2337702, 
449,175,21.009861,5947,2021-06-26 17:28:00,52.239201,54
450,116,20.9247569,5948,2021-06-26 17:28:01,52.2724145,56
451,518,21.022541,5950,2021-06-26 17:28:02,52.228176,2
452,503,21.010857,5954,2021-06-26 17:27:58,52.231186,2
453,503,21.049311,5956,2021-06-26 17:28:01,52.144257,8
454,E-9,21.045723,5962,2021-06-25 20:17:53,52.265643,06
455,180,20.978231,5964,2021-06-26 17:27:59,52.246986,10
456,723,21.047304,5966,2021-06-25 18:56:33,52.265156,07
457,180,21.018215,5967,2021-06-26 17:28:02,52.231136,4
458,180,21.065302,5968,2021-06-26 17:27:58,52.185646,1
459,116,20.936958,5969,2021-06-26 17:27:59,52.27821,8
460,518,20.942125,5976,2021-06-26 17:27:59,52.334557,6
461,518,21.011019,5978,2021-06-26 17:28:01,52.230938,3
462,518,20.961662,5979,2021-06-26 17:27:58,52.315804,5
463,518,20.9824,5980,2021-06-26 17:28:01,52.2814,7
464,518,20.984808,5981,2021-06-26 17:28:01,52.269112,4
465,503,21.025545,5983,2021-06-26 17:28:02,52.218502,6
466,111,21.001484,5984,2021-06-26 17:28:00,52.243717,5
467,111,21.000183,5985,2021-06-26 17:28:01,52.245541,7
468,111,21.102489,5986,2021-06-26 17:28:00,52.222042,2
469,180,20.95116,5987,2021-06-26 17:28:02,52.263329,9
470,180,20.977695,5988,2021-06-26 17:28:00,52.246803,6
471,180,21.083855,5990,2021-06-26 17:28:02,52.16798,2
472,180,20.92503,5991,2021-06-26 17:27:59,52.272423,58
473,518,20.970858,5994,2021-06-26 17:28:01,52.27214,1
474,116,21.071493,5995,2021-06-26 17:28:02,52.168922,2
475,116,21.084112,5996,2021-06-26 17:28:02,52.166378,1
476,116,21.031563,5997,2021-06-26 17:28:02,52.206234,11
477,116,21.009119,5998,2021-06-26 17:28:00,52.234497,10
478,111,21.08803,5999,2021-06-26 17:28:00,52.228039,1
479,167,20.9258,6201,2021-06-26 17:28:02,52.234066,2
480,713,20.930252,6203,2021-06-26 17:28:00,52.224884,1
481,713,20.7715809,6204,2021-06-26 17:28:02,52.2134987,2
482,112,20.899237,6207,2021-06-26 17:28:02,52.227688,6
483,112,21.0912054,6208,2021-06-26 17:28:02,52.3061489,1
484,112,20.9802479,6210,2021-06-26 17:28:02,52.280493,M11
485,112,20.882833,6212,2021-06-26 17:28:01,52.214668,8
486,136,20.9660774,6213,2021-06-26 17:28:01,52.2431452,10
487,187,20.9612052,6214,2021-06-26 17:28:01,52.2166715,3
488,210,20.7673,6220,2021-06-26 17:28:02,52.307789,1
489,187,21.048775,6222,2021-06-26 17:28:02,52.206734,4
490,189,21.0602636,6223,2021-06-26 17:28:02,52.1845674,10
491,187,20.8860705,6226,2021-06-26 17:28:01,52.1954565,8
492,191,20.9769192,6227,2021-06-26 17:28:01,52.2112264,6
493,136,21.001942,6236,2021-06-26 17:28:02,52.182671,7
494,716,20.8801409,6239,2021-06-26 17:28:02,52.1974621,3
495,184,20.9482875,6241,2021-06-26 17:28:02,52.2387265,4
496,703,20.943515,6242,2021-06-26 17:27:44,52.175153,74
497,706,20.896944,6243,2021-06-26 17:28:01,52.13258,1
498,L29,20.525444,65471,2021-06-26 17:27:52,52.259026,1
499,112,20.8830637,7200,2021-06-26 17:28:01,52.2147447,7
500,124,20.9355799,7201,2021-06-26 17:28:02,52.1686115,1
501,Z10,20.916552,7202,2021-06-26 17:28:00,52.22401,5
502,112,20.9592774,7206,2021-06-26 17:28:02,52.2756777,4
503,Z10,20.921839,7208,2021-06-26 17:28:02,52.258831,1
504,189,20.91534,7214,2021-06-26 17:28:02,52.203846,7
505,728,20.9172604,7217,2021-06-26 17:28:01,52.1509281,72
506,728,20.863852,7218,2021-06-26 17:28:01,52.045837,71
507,517,20.935785,7224,2021-06-26 17:28:02,52.200882,4
508,112,21.08235,7225,2021-06-26 17:28:01,52.304489,2
509,112,20.9208932,7226,2021-06-26 13:08:33,52.1969334,4
510,184,20.927626,7227,2021-06-26 17:28:01,52.290867,2
511,Z10,20.912271,7228,2021-06-26 17:28:02,52.242695,6
512,716,20.841589,7229,2021-06-26 17:28:01,52.185242,2
513,Z10,20.9249029,7234,2021-06-26 17:28:02,52.2607762,7
514,124,20.921078,7240,2021-06-25 18:26:53,52.196911,03
515,187,20.9671804,7241,2021-06-26 17:28:02,52.2181879,7
516,187,21.047197,7243,2021-06-26 17:28:02,52.211231,6
517,210,20.920204,7244,2021-06-26 17:28:00,52.282154,2
518,167,21.0833862,7245,2021-06-26 17:28:01,52.2082119,6
519,191,20.914396,7247,2021-06-26 17:28:02,52.200287,4
520,172,20.9775167,7248,2021-06-26 17:28:01,52.2106386,7
521,189,20.9165494,7249,2021-06-26 17:28:02,52.2256057,5
522,188,20.9734611,7250,2021-06-26 17:28:01,52.1721616,1
523,517,20.882246,7251,2021-06-26 17:27:55,52.197918,6
524,182,21.0553339,7252,2021-06-26 17:28:02,52.2266645,2
525,517,20.9923281,7254,2021-06-26 17:28:02,52.2254827,3
526,523,20.9085164,7255,2021-06-26 17:28:02,52.2544099,7
527,191,20.976757,7256,2021-06-26 17:28:01,52.211491,5
528,188,21.0064319,7257,2021-06-26 17:28:01,52.2171862,5
529,182,21.1129292,7259,2021-06-26 17:28:02,52.2360642,4
530,138,21.0540726,7301,2021-06-26 17:28:01,52.2342924,6
531,141,20.992509,7303,2021-06-26 17:27:56,52.19675,4
532,148,21.0751361,7304,2021-06-26 17:28:02,52.2037472,9
533,151,21.0940729,7305,2021-06-26 17:28:02,52.2312175,2
534,182,21.1128671,7306,2021-06-26 17:28:02,52.2362519,3
535,162,21.0302522,7308,2021-06-26 17:28:02,52.23414,3
536,507,21.102394,7310,2021-06-26 17:28:02,52.221943,2
537,125,21.074425,7312,2021-06-26 17:28:02,52.24572,2
538,E-1,21.1167422,7314,2021-06-25 19:42:06,52.2335197,01
539,520,21.0635405,7315,2021-06-26 17:28:02,52.2286214,5
540,143,21.1164757,7317,2021-06-25 19:35:11,52.2334452,3
541,162,21.0273224,7322,2021-06-26 17:28:02,52.25966,4
542,523,21.0913209,7324,2021-06-26 17:28:01,52.2499541,2
543,520,21.127726,7325,2021-06-26 17:28:02,52.234718,2
544,148,21.052391,7326,2021-06-26 17:28:01,52.184708,5
545,138,21.0223171,7327,2021-06-26 17:28:01,52.2073961,7
546,171,20.9250835,7328,2021-06-26 17:28:01,52.2724667,8
547,520,21.027842,7331,2021-06-26 17:28:02,52.220028,1
548,150,20.903866,753,2021-06-26 17:28:02,52.327362,3
549,750,20.817486,755,2021-06-26 17:28:00,52.351818,2
550,250,20.927704,757,2021-06-26 17:27:56,52.291035,1
551,750,20.882038,758,2021-06-26 17:28:01,52.342545,3
552,150,20.847229,761,2021-06-26 17:27:55,52.34148,1
553,250,20.883413,763,2021-06-26 17:27:59,52.303394,3
554,521,21.1259494,7701,2021-06-26 17:28:02,52.2348857,3
555,750,20.928380667,773,2021-06-26 17:28:00,52.2907665,4
556,250,20.884125,775,2021-06-26 17:28:01,52.321213,2
557,750,20.8694681,776,2021-06-26 17:28:02,52.3549611,1
558,150,20.9354016,777,2021-06-26 17:28:02,52.2985426,2
559,138,21.0004596,8120,2021-06-26 17:27:56,52.1695261,1
560,185,21.0242453,8138,2021-06-26 17:27:59,52.2448605,7
561,172,21.0083283,8139,2021-06-26 17:27:57,52.195319,6
562,727,20.997388,8148,2021-06-25 21:39:43,52.187336,4
563,522,21.0802845,8154,2021-06-26 17:28:02,52.1577806,6
564,167,21.0826545,8166,2021-06-26 17:27:53,52.2082585,5
565,143,21.1771281,8167,2021-06-26 17:27:56,52.2569885,2
566,522,20.998243,8174,2021-06-25 20:09:50,52.1878,013
567,504,20.9858401,8178,2021-06-26 17:27:58,52.1818906,3
568,519,20.996546,8180,2021-06-25 22:35:23,52.187545,5
569,136,21.0457145,8181,2021-06-26 17:27:58,52.1496018,4
570,138,21.0200221,8183,2021-06-26 17:27:56,52.2116311,2
571,172,20.9551531,8184,2021-06-26 17:27:58,52.2119686,8
572,504,21.0017973,8187,2021-06-26 17:27:56,52.2287923,2
573,519,21.097966,8188,2021-06-26 17:27:50,52.122871,2
574,504,21.0686953,8189,2021-06-26 17:27:56,52.128924,5
575,198,21.1173818,8210,2021-06-25 18:57:27,52.2334423,04
576,151,21.1167196,8218,2021-06-25 19:22:39,52.2335221,04
577,514,21.096096,8222,2021-06-26 17:27:59,52.234856,4
578,188,21.1161338,8225,2021-06-25 20:54:43,52.2335866,08
579,143,21.114924,8228,2021-06-25 23:38:50,52.234206,6
580,509,21.116793,8231,2021-06-25 20:04:19,52.233758,021
581,514,21.2438016,8300,2021-06-26 17:27:59,52.2485715,3
582,502,21.0929608,8301,2021-06-26 17:27:54,52.2351863,4
583,125,21.1964503,8303,2021-06-26 17:28:00,52.2083561,5
584,125,21.0411565,8305,2021-06-26 17:27:56,52.2414375,3
585,509,21.019296,8310,2021-06-26 17:27:47,52.268931,3
586,502,21.0153051,8313,2021-06-26 17:27:57,52.2185436,6
587,182,21.11721,8315,2021-06-25 19:08:30,52.233705,013
588,145,21.088186,8317,2021-06-26 17:27:51,52.244819,1
589,188,20.9738601,8318,2021-06-26 17:27:51,52.1703823,6
590,168,21.11586,8320,2021-06-25 21:27:01,52.23366,07
591,514,21.098334,8323,2021-06-26 17:27:59,52.2348325,2
592,145,21.1262435,8324,2021-06-26 17:27:55,52.2605945,2
593,720,21.3799208,8325,2021-06-26 17:27:57,52.1483666,1
594,125,21.117233,8327,2021-06-25 20:58:39,52.234053,3
595,145,21.0228056,8328,2021-06-26 17:27:59,52.2861488,5
596,411,21.117353,8330,2021-06-25 20:35:38,52.233359,53
597,148,21.0513443,8331,2021-06-26 17:27:59,52.159376,1
598,502,21.1140376,8335,2021-06-26 17:28:01,52.2330228,1
599,143,21.138128,8339,2021-06-26 17:27:59,52.2443985,1
600,704,21.2850711,8340,2021-06-26 17:28:01,52.2215091,1
601,171,20.96196,8342,2021-06-26 17:27:51,52.2374633,6
602,151,21.08604,8344,2021-06-26 17:28:01,52.2306833,3
603,185,21.025875,8345,2021-06-26 17:27:56,52.1424833,1
604,145,21.116836,8346,2021-06-25 19:31:54,52.233566,016
605,145,21.116093,8347,2021-06-25 19:40:44,52.233476,012
606,523,20.95726,8348,2021-06-26 17:27:54,52.22884,9
607,507,21.005534,8349,2021-06-26 17:27:50,52.228758,5
608,411,21.116288,8350,2021-06-25 20:43:54,52.233658,061
609,125,21.120329,8351,2021-06-26 17:27:52,52.237274,4
610,125,21.177375,8352,2021-06-26 17:27:47,52.206355,1
611,151,21.005013,8353,2021-06-26 17:27:48,52.218903,1
612,521,20.9832617,8355,2021-06-26 17:27:55,52.2189867,2
613,N03,21.117188,8357,2021-06-26 05:01:26,52.233246,254
614,502,21.2431017,8358,2021-06-26 17:28:01,52.2208033,3
615,507,21.004175,8360,2021-06-26 17:27:52,52.2308367,4
616,704,21.1378217,8362,2021-06-26 17:27:57,52.2296917,2
617,521,21.046111,8363,2021-06-26 17:27:47,52.236845,5
618,507,21.063041,8366,2021-06-26 17:28:01,52.228568,1
619,143,21.0067567,8367,2021-06-26 17:27:56,52.2171383,6
620,502,21.0155733,8368,2021-06-26 17:27:55,52.2187983,5
621,521,21.017485,8369,2021-06-26 17:27:57,52.231236,1
622,141,21.117058,8397,2021-06-25 19:41:02,52.233698,012
623,502,21.1151075,8403,2021-06-25 23:03:57,52.2336293,064
624,411,21.1156411,8440,2021-06-25 20:20:48,52.2335555,062
625,511,20.928146,8443,2021-06-26 17:28:01,52.291271,3
626,112,20.9395,8445,2021-06-26 17:28:01,52.2779,10
627,169,21.0517117,8447,2021-06-26 17:28:02,52.2528465,2
628,509,20.9422404,8448,2021-06-26 17:28:01,52.3344741,1
629,160,21.063868,8450,2021-06-26 17:28:01,52.32505,6
630,409,20.886766,8452,2021-06-26 17:28:02,52.304653,58
631,735,21.021654,8454,2021-06-26 17:28:02,52.319408,61
632,112,20.9180104,8455,2021-06-26 17:28:01,52.2557872,5
633,731,20.925508,8457,2021-06-26 17:18:15,52.421627,4
634,185,21.0485019,8458,2021-06-26 11:00:08,52.2645874,6
635,169,21.040773,8459,2021-06-26 17:28:01,52.285122,4
636,409,20.9232375,8460,2021-06-26 17:28:01,52.2765751,51
637,169,21.048134,8461,2021-06-26 17:28:02,52.286613,1
638,141,21.0471517,8500,2021-06-26 17:27:31,52.2117083,8
639,Z26,20.974885,8501,2021-06-26 17:27:54,52.2356317,3
640,522,21.0304283,8502,2021-06-26 17:28:01,52.2066333,2
641,189,20.9456683,8504,2021-06-26 17:28:02,52.1926267,1
642,N33,20.996476,8505,2021-06-26 05:42:44,52.187546,172
643,185,20.997366,8507,2021-06-25 23:56:14,52.186391,9
644,174,20.9953717,8508,2021-06-26 17:28:01,52.1701917,3
645,189,20.996501,8509,2021-06-26 00:35:47,52.18806,12
646,331,20.997095,8511,2021-06-25 18:21:40,52.187653,01
647,148,20.998374,8514,2021-06-26 00:52:13,52.188333,5
648,N37,20.998273,8516,2021-06-26 05:43:10,52.188213,246
649,136,21.0062183,8517,2021-06-26 17:28:03,52.17133,3
650,165,21.021519,8520,2021-06-26 17:27:53,52.179303,3
651,185,21.0374767,8521,2021-06-26 17:28:01,52.1408533,2
652,136,20.9846067,8522,2021-06-26 17:27:56,52.2014133,8
653,733,20.997863,8523,2021-06-25 20:19:16,52.187501,62
654,185,21.01914,8524,2021-06-26 17:27:48,52.247925,4
655,519,21.0205283,8525,2021-06-26 17:27:50,52.2109367,4
656,136,21.038329,8528,2021-06-26 17:27:48,52.149945,6
657,143,21.0638617,8530,2021-06-26 17:28:01,52.2287483,5
658,308,20.997771,8531,2021-06-25 19:03:30,52.187649,02
659,136,20.997748,8533,2021-06-25 23:20:13,52.188256,10
660,N03,20.997894,8534,2021-06-26 05:57:03,52.18594,156
661,131,20.996449,8535,2021-06-25 22:36:53,52.186401,10
662,519,21.0864467,8536,2021-06-26 17:27:56,52.16053,7
663,N33,20.996953,8537,2021-06-26 05:04:45,52.186869,173
664,217,21.0239733,8540,2021-06-26 17:27:53,52.1796933,2
665,N34,20.996438,8541,2021-06-26 05:33:51,52.187668,149
666,N37,20.99783,8545,2021-06-26 05:44:42,52.187465,132
667,167,20.966275,8547,2021-06-26 17:28:02,52.2148033,3
668,733,20.831085,8548,2021-06-26 17:27:57,52.103625,1
669,504,21.004639,8550,2021-06-26 17:27:57,52.171863,6
670,519,21.00262,8551,2021-06-26 17:27:45,52.227609,5
671,522,21.079895,8552,2021-06-26 17:27:46,52.157683,1
672,Z26,20.9742883,8553,2021-06-26 17:27:51,52.2355183,2
673,148,21.08737,8559,2021-06-26 17:27:51,52.2447967,7
674,151,21.116914,8561,2021-06-25 23:54:17,52.233616,1
675,171,20.92039,8562,2021-06-26 17:27:49,52.2491583,7
676,521,21.116369,8565,2021-06-25 20:39:03,52.233641,08
677,520,21.0080117,8566,2021-06-26 17:27:57,52.23575,6
678,523,20.9531667,8567,2021-06-26 17:27:59,52.2381033,6
679,509,20.94656,8569,2021-06-26 17:27:51,52.321365,9
680,148,21.09703,8570,2021-06-26 17:27:55,52.233728,6
681,143,21.1158667,8573,2021-06-26 17:27:58,52.2391017,4
682,521,21.204626,8574,2021-06-26 17:27:48,52.159496,4
683,523,20.9123117,8576,2021-06-26 17:27:51,52.2440667,8
684,141,21.1129267,8578,2021-06-26 17:27:49,52.2363233,1
685,190,21.046053,8582,2021-06-25 18:46:44,52.264343,021
686,523,21.08219,8586,2021-06-26 17:27:53,52.2401367,4
687,520,21.004821,8589,2021-06-26 17:27:54,52.245596,7
688,185,20.9759383,8592,2021-06-26 17:27:51,52.2871017,5
689,N13,21.114978,8593,2021-06-26 05:47:18,52.233611,247
690,145,21.04841,8594,2021-06-26 17:27:54,52.2887133,3
691,188,21.0845917,8595,2021-06-26 17:27:48,52.2459367,4
692,168,21.0603528,8800,2021-06-26 17:27:55,52.2077395,5
693,189,20.9144421,8802,2021-06-26 17:27:59,52.229079,6
694,148,20.9781325,8804,2021-06-26 17:27:59,52.1695198,3
695,168,21.0013093,8805,2021-06-26 17:27:56,52.1889163,6
696,136,20.957192,8806,2021-06-26 17:28:00,52.2285373,1
697,189,20.8966135,8807,2021-06-26 17:27:58,52.2319461,3
698,138,21.1005031,8808,2021-06-26 17:27:58,52.2606263,4
699,168,21.0605601,8810,2021-06-26 17:27:58,52.2076873,2
700,167,20.9568791,8812,2021-06-26 17:27:55,52.2276716,1
701,136,20.9832713,8813,2021-06-26 17:27:59,52.1960625,2
702,504,21.0576728,8814,2021-06-26 17:27:57,52.131267,4
703,217,21.067958,8816,2021-06-26 17:27:57,52.16961,1
704,167,21.013239,8818,2021-06-26 17:27:45,52.208474,7
705,167,21.0100588,8819,2021-06-26 17:27:59,52.2079336,4
706,174,21.0110828,8820,2021-06-26 17:28:00,52.2010135,371
707,N43,20.9959001,8821,2021-06-26 05:29:35,52.1875351,220
708,189,21.060786,8822,2021-06-26 17:27:56,52.184896,12
709,519,21.092861,8823,2021-06-26 17:28:01,52.1205541,8
710,148,20.9861565,8825,2021-06-26 17:28:00,52.1612523,2
711,522,21.0165236,8826,2021-06-26 17:27:59,52.222544,318
712,514,21.0156158,8828,2021-06-26 17:27:59,52.219248,1
713,509,21.0531473,8829,2021-06-26 17:27:58,52.2382405,7
714,143,21.0829801,8832,2021-06-26 17:27:57,52.2417871,7
715,502,21.23417,8833,2021-06-26 17:28:01,52.2163463,2
716,182,21.0480636,8834,2021-06-26 17:27:59,52.2250895,M5
717,N83,21.116546,8839,2021-06-26 05:25:32,52.233586,174
718,520,21.155829,8840,2021-06-26 17:27:57,52.2403575,3
719,138,21.1172336,8841,2021-06-25 22:19:45,52.2337476,1
720,521,21.1161941,8844,2021-06-25 20:59:15,52.2334716,09
721,138,20.99916,8846,2021-06-26 17:27:59,52.1692548,8
722,143,21.1773548,8850,2021-06-26 17:28:00,52.256984,3
723,138,21.0949783,8852,2021-06-26 17:27:59,52.2603965,5
724,509,21.0102715,8853,2021-06-26 17:27:59,52.2810433,8
725,182,20.9647975,8854,2021-06-26 17:27:58,52.2180143,1
726,518,21.047239,8859,2021-06-25 21:49:41,52.2647968,9
727,412,21.047084,8862,2021-06-25 20:21:52,52.264918,05
728,509,21.043849,8863,2021-06-25 22:53:53,52.266028,14
729,723,21.047273,8864,2021-06-25 19:20:55,52.264625,08
730,269,21.043698,8866,2021-06-25 22:15:02,52.266003,04
731,738,21.046916,8868,2021-06-25 18:47:25,52.264738,05
732,340,21.046388,8870,2021-06-25 19:12:44,52.265081,03
733,511,21.046323,8874,2021-06-25 18:33:00,52.265079,05
734,340,21.048342,8876,2021-06-25 18:55:45,52.264397,06
735,723,21.0009473,8878,2021-06-26 17:27:57,52.2912753,1
736,511,21.0472221,8879,2021-06-25 19:11:55,52.2646076,07
737,709,20.996574,8880,2021-06-25 18:58:33,52.18762,016
738,136,20.9557066,8881,2021-06-26 17:27:59,52.2352156,9
739,174,21.0050408,8882,2021-06-26 17:27:55,52.2211325,1
740,165,20.9936245,8883,2021-06-26 17:27:54,52.1546475,4
741,504,20.9950138,8885,2021-06-26 17:27:56,52.2262458,1
742,504,20.9985235,8886,2021-06-26 11:14:42,52.1878498,6
743,165,21.0226528,8888,2021-06-26 17:27:58,52.1793801,2
744,165,20.9913028,8891,2021-06-26 17:28:00,52.1575413,1
745,148,21.087038,8893,2021-06-26 17:27:52,52.244876,8
746,172,21.0583941,8895,2021-06-26 17:27:58,52.1832345,5
747,522,21.0523898,8896,2021-06-26 17:28:00,52.185274,5
748,138,21.0385091,8897,2021-06-26 17:27:57,52.25136,3
749,519,21.092883,8899,2021-06-26 17:27:54,52.117021,1
750,161,21.224844,9061,2021-06-26 17:28:00,52.186623,1
751,104,21.029001,9063,2021-06-26 17:27:59,52.30024,2
752,161,21.227825,9068,2021-06-26 17:28:01,52.181625,2
753,211,20.945585,9070,2021-06-26 17:27:59,52.349773,3
754,211,20.961901,9074,2021-06-26 17:28:00,52.317101,4
755,211,21.000971,9075,2021-06-26 17:27:58,52.291206,M5
756,234,21.051186,9076,2021-06-26 17:28:02,52.339947,1
757,234,21.0159444,9079,2021-06-26 17:28:01,52.3099235,2
758,800,20.930559,9082,2021-06-26 17:27:58,52.291054,M1
759,900,20.953632,9084,2021-06-26 17:28:01,52.358864,1
760,161,21.188591,9088,2021-06-26 17:27:59,52.171879,M3
761,104,21.000298,9091,2021-06-26 17:27:57,52.291473,1
762,211,20.94146,9092,2021-06-26 17:27:57,52.35527,2
763,211,20.96191,9093,2021-06-26 17:27:59,52.323257,1
764,219,21.170227,9201,2021-06-26 17:27:58,52.184208,1
765,107,20.979349,9204,2021-06-26 17:27:56,52.244503,1
766,107,21.012381,9205,2021-06-26 17:27:57,52.239639,2
767,121,20.968069,9206,2021-06-26 17:28:00,52.272011,M2
768,209,20.981066,9209,2021-06-26 17:27:59,52.132847,54
769,107,21.049368,9210,2021-06-26 17:27:56,52.204826,3
770,201,20.934143,9212,2021-06-26 17:27:56,52.252754,3
771,121,20.976844,9213,2021-06-26 17:27:56,52.287241,1
772,133,20.952476,9214,2021-06-26 17:27:58,52.317001,1
773,133,20.982002,9215,2021-06-26 17:27:59,52.351803,2
774,164,21.056131,9216,2021-06-26 17:27:58,52.181732,2
775,164,21.069616,9217,2021-06-26 17:27:57,52.169304,1
776,164,21.138074,9219,2021-06-26 17:28:01,52.145875,3
777,177,20.867737,9220,2021-06-26 17:28:00,52.197411,1
778,177,20.886007,9221,2021-06-26 17:27:58,52.181362,2
779,203,20.907406,9222,2021-06-26 17:27:58,52.274036,2
780,107,21.019978,9223,2021-06-26 17:27:58,52.223888,4
781,203,20.928373,9224,2021-06-26 17:27:55,52.29108,1
782,208,20.957003,9225,2021-06-26 17:27:57,52.214756,2
783,209,21.017441,9227,2021-06-26 17:27:59,52.138626,51
784,228,20.89292,9229,2021-06-26 17:27:59,52.200344,3
785,228,20.923393,9231,2021-06-26 17:27:55,52.204311,2
786,239,21.017975,9233,2021-06-26 17:27:58,52.154514,52
787,201,20.926525,9234,2021-06-26 17:27:57,52.234028,2
788,219,21.102308,9235,2021-06-26 17:28:01,52.222805,2
789,208,20.975603,9236,2021-06-26 17:27:52,52.21027,1
790,264,21.153046,9240,2021-06-26 17:27:53,52.135059,1
791,107,20.988165,9241,2021-06-26 17:27:56,52.243629,M5
792,201,20.927927,9243,2021-06-26 17:27:53,52.263523,1
793,219,21.140183,9250,2021-06-26 17:27:53,52.214214,3
794,209,21.034325,9252,2021-06-26 17:27:51,52.155941,53
795,199,21.130495,9311,2021-06-26 17:27:59,52.283642,4
796,135,21.032225,9312,2021-06-26 17:27:59,52.261944,3
797,135,21.055428,9313,2021-06-26 17:28:01,52.247215,4
798,123,21.045298,9316,2021-06-26 17:28:01,52.248302,1
799,123,21.100416,9317,2021-06-26 17:28:01,52.222168,3
800,179,21.061268,9318,2021-06-26 17:27:58,52.140923,7
801,153,21.177042,9319,2021-06-26 17:27:53,52.256886,3
802,179,21.03693,9320,2021-06-26 17:27:59,52.16201,3
803,142,21.088736,9321,2021-06-26 17:28:02,52.244869,4
804,123,21.050917,9322,2021-06-26 17:27:56,52.25259,2
805,123,21.063719,9323,2021-06-26 17:28:03,52.251686,5
806,179,21.035166,9325,2021-06-26 17:28:03,52.155777,4
807,135,21.107115,9326,2021-06-26 17:28:00,52.248337,1
808,179,21.044697,9327,2021-06-26 17:27:56,52.149456,5
809,135,21.085987,9328,2021-06-26 17:27:53,52.235256,2
810,179,21.064898,9329,2021-06-26 17:27:58,52.131275,6
811,179,21.020992,9333,2021-06-26 17:28:00,52.160881,52
812,123,21.077976,9337,2021-06-26 17:27:58,52.252636,4
813,153,21.153145,9338,2021-06-26 17:27:58,52.267906,2
814,123,21.101751,9339,2021-06-26 17:27:54,52.223408,357
815,153,21.156256,9340,2021-06-26 17:28:01,52.272606,1
816,199,21.1106,9342,2021-06-26 17:28:02,52.289612,2
817,123,21.077581,9345,2021-06-25 21:25:22,52.268494,357
818,179,21.032148,9349,2021-06-26 17:28:03,52.14246,1
819,142,21.088415,9351,2021-06-26 17:28:00,52.244976,1
820,142,21.155241,9352,2021-06-26 17:27:57,52.17149,3
821,142,21.234922,9354,2021-06-26 17:17:05,52.170734,M5
822,199,21.179451,9355,2021-06-26 17:27:55,52.268757,1
823,142,21.141663,9357,2021-06-26 17:27:51,52.188358,2
824,103,20.952885,9411,2021-06-26 17:27:57,52.28706,4
825,157,20.995747,9412,2021-06-26 17:28:02,52.226597,3
826,117,21.025818,9413,2021-06-26 17:27:56,52.232689,3
827,516,20.940582,9414,2021-06-26 17:28:00,52.33968,4
828,157,20.987091,9416,2021-06-26 17:28:02,52.268105,6
829,117,21.05538,9417,2021-06-26 17:27:59,52.232288,1
830,103,20.945045,9418,2021-06-26 17:27:59,52.271896,2
831,134,20.967489,9419,2021-06-26 17:27:59,52.272968,1
832,134,21.061907,9420,2021-06-26 17:28:01,52.361694,2
833,134,21.008617,9423,2021-06-26 17:28:00,52.292068,3
834,117,21.003719,9424,2021-06-26 17:27:57,52.231758,4
835,117,21.102381,9425,2021-06-26 17:28:00,52.222134,2
836,103,20.963182,9427,2021-06-26 17:27:58,52.237461,5
837,157,20.990288,9428,2021-06-26 17:28:01,52.23518,1
838,157,20.963987,9429,2021-06-26 17:27:57,52.207985,2
839,245,21.052952,9431,2021-06-26 17:27:59,52.276485,1
840,516,20.990541,9432,2021-06-26 17:27:58,52.30246,1
841,516,21.000813,9434,2021-06-26 17:28:00,52.291069,2
842,516,20.939003,9436,2021-06-26 17:27:59,52.340031,3
843,176,21.026701,9438,2021-06-26 17:28:00,52.281158,1
844,157,20.976448,9439,2021-06-26 17:28:00,52.2897,5
845,712,20.845678,9441,2021-06-26 17:27:59,52.249729,M2
846,103,20.967213,9442,2021-06-26 17:28:00,52.228977,1
847,103,20.926788,9443,2021-06-26 17:27:56,52.290321,3
848,245,21.122004,9446,2021-06-26 17:28:00,52.279037,2
849,712,20.927925,9450,2021-06-26 17:28:01,52.290668,1
850,176,20.988071,9452,2021-06-26 17:28:00,52.330727,3
851,176,20.982204,9453,2021-06-26 17:28:01,52.355606,2
852,743,20.771948,9459,2021-06-26 17:28:01,52.231083,1
853,194,20.930527833,9501,2021-06-26 17:27:57,52.224978833,4
854,181,20.900056,9503,2021-06-26 17:28:00,52.297201833,2
855,717,20.831893833,9504,2021-06-26 17:28:00,52.193106167,3
856,139,21.025491,9507,2021-06-26 17:28:00,52.178737833,2
857,149,20.946603333,9509,2021-06-26 17:28:00,52.247132167,2
858,729,20.816356667,9511,2021-06-26 17:28:00,52.252413833,1
859,149,20.897745833,9514,2021-06-26 17:28:01,52.246171333,4
860,159,20.955475333,9515,2021-06-26 17:28:01,52.211901833,1
861,159,21.0472055,9519,2021-06-26 17:28:00,52.2115905,4
862,159,20.986875333,9520,2021-06-26 17:27:59,52.222208833,5
863,181,20.951048,9521,2021-06-26 17:27:58,52.281466667,1
864,737,21.018538667,9522,2021-06-26 17:28:00,52.1113155,55
865,181,20.986328,9524,2021-06-26 17:27:59,52.269429833,4
866,194,20.868522833,9525,2021-06-26 17:27:58,52.202096,1
867,181,20.930744,9526,2021-06-26 17:27:58,52.307248,3
868,220,20.898397167,9529,2021-06-26 17:27:57,52.2499955,3
869,717,20.932994667,9530,2021-06-26 17:28:01,52.198923333,2
870,159,21.033471167,9531,2021-06-26 17:27:59,52.222035,2
871,194,20.8846025,9532,2021-06-26 17:28:01,52.196533833,2
872,194,20.928546333,9533,2021-06-26 17:28:00,52.223148667,3
873,194,20.907493,9534,2021-06-26 17:27:58,52.207118833,5
874,220,20.9049195,9535,2021-06-26 17:28:00,52.186152667,1
875,220,20.908799,9537,2021-06-26 17:27:59,52.177973667,4
876,300,21.024125333,9538,2021-06-26 17:27:59,52.179888333,M1
877,149,20.897099333,9539,2021-06-26 17:28:00,52.2433635,3
878,707,20.943025833,9540,2021-06-26 17:27:57,52.17587,1
879,715,20.979209333,9542,2021-06-26 17:27:53,52.1157325,53
880,737,21.036888,9543,2021-06-26 17:27:59,52.161998667,54
881,717,20.963144667,9544,2021-06-26 17:27:55,52.217297167,1
882,724,21.0900725,9546,2021-06-26 17:27:59,52.084996,1
883,139,21.109901833,9548,2021-06-26 17:28:01,52.113167333,1
884,715,20.925536667,9554,2021-06-26 17:27:57,52.151433167,51
885,149,20.9403565,9555,2021-06-26 17:27:57,52.246691,1
886,159,21.085038,9556,2021-06-26 17:28:00,52.193286833,3
887,220,20.9135725,9557,2021-06-26 17:27:57,52.252537167,2
888,152,21.037382,9678,2021-06-26 17:28:00,52.326344,1
889,152,20.966702,9680,2021-06-26 17:27:59,52.331749,2
890,118,20.994427,9681,2021-06-26 17:28:01,52.275906,3
891,212,21.050848,9682,2021-06-26 17:28:01,52.269508,2
892,118,21.041496,9683,2021-06-26 17:27:59,52.300396,4
893,118,21.023117,9685,2021-06-26 17:28:00,52.229828,2
894,152,20.97048,9687,2021-06-26 17:28:01,52.322838,4
895,152,21.032297,9688,2021-06-26 17:28:00,52.326042,3
896,118,20.995562,9689,2021-06-26 17:27:57,52.274464,5
897,212,21.056829,9692,2021-06-26 17:27:59,52.301929,3
898,212,21.033072,9696,2021-06-26 17:27:56,52.264107,1
899,118,21.022797,9697,2021-06-26 17:28:02,52.229313,1
900,212,21.057301,9698,2021-06-26 17:28:01,52.301826,4
901,109,21.020256,9801,2021-06-26 17:27:55,52.229912,1
902,710,21.035398,9802,2021-06-26 17:27:56,52.076408,1
903,525,21.152081,9803,2021-06-26 17:27:54,52.226151,3
904,Z10,20.912548,9804,2021-06-26 17:27:57,52.241211,2
905,109,20.925913,9805,2021-06-26 17:27:54,52.240692,3
906,109,20.948465,9806,2021-06-26 17:27:54,52.238461,5
907,109,21.012781,9807,2021-06-26 17:27:56,52.230171,6
908,127,21.029564,9809,2021-06-26 17:27:57,52.238911,2
909,127,21.020647,9810,2021-06-26 17:27:57,52.246784,1
910,127,20.98238,9811,2021-06-26 17:27:59,52.221523,335
911,131,21.020798,9814,2021-06-26 17:27:57,52.21125,4
912,127,20.972,9816,2021-06-26 17:27:55,52.220352,56
913,127,20.913565,9817,2021-06-26 17:27:58,52.209248,5
914,131,21.015528,9818,2021-06-26 17:27:57,52.220539,2
915,131,21.055513,9820,2021-06-26 17:27:52,52.193623,6
916,131,21.004091,9821,2021-06-26 17:27:56,52.229771,1
917,525,21.161516,9822,2021-06-26 17:27:58,52.225529,1
918,519,21.020537,9825,2021-06-26 17:27:54,52.211686,6
919,525,21.196615,9826,2021-06-26 17:27:57,52.208248,2
920,710,21.020262,9827,2021-06-26 17:27:58,52.074864,2
921,Z10,20.924576,9828,2021-06-26 17:27:53,52.260502,9
922,525,21.021118,9829,2021-06-26 17:27:56,52.218159,4
923,525,21.003649,9830,2021-06-26 17:27:58,52.229618,5
924,742,21.131613,9833,2021-06-26 17:27:53,52.080479,1
925,710,21.068855,9834,2021-06-26 17:28:00,52.128914,4
926,719,20.950115,9835,2021-06-26 17:27:53,52.238613,1
927,Z10,20.924768,9836,2021-06-26 17:27:57,52.260635,8
928,Z10,20.930817,9837,2021-06-26 17:27:46,52.224995,M4
929,109,20.898722,9838,2021-06-26 17:27:54,52.238483,4
930,127,20.904642,9839,2021-06-26 17:27:57,52.207596,4
931,109,20.992205,9842,2021-06-26 17:27:58,52.231731,2
932,525,21.046165,9846,2021-06-26 17:27:57,52.224846,319
933,719,20.58642,9849,2021-06-26 17:27:54,52.257549,2
934,719,20.855062,9852,2021-06-26 17:27:56,52.245609,3
935,131,21.058823,9854,2021-06-26 17:27:56,52.19125,3
936,114,20.917103,9901,2021-06-26 17:27:57,52.312897,1
937,114,20.990396,9903,2021-06-26 17:27:59,52.270088,5
938,186,20.975964,9905,2021-06-26 17:28:00,52.211163,5
939,193,21.043884,9906,2021-06-26 17:27:59,52.167576,1
940,114,20.938114,9907,2021-06-26 17:28:00,52.275013,7
941,186,20.989832,9908,2021-06-26 17:28:00,52.303192,1
942,186,20.980373,9909,2021-06-26 17:28:02,52.210007,3
943,186,20.959354,9912,2021-06-26 17:28:01,52.268269,6
944,186,20.941668,9915,2021-06-26 17:27:59,52.333126,9
945,186,20.956562,9916,2021-06-26 17:27:57,52.23856,2
946,190,20.901863,9919,2021-06-26 17:28:02,52.227901,2
947,190,20.957588,9920,2021-06-26 17:28:00,52.2379,5
948,190,21.044611,9921,2021-06-26 17:28:02,52.258869,9
949,190,20.988449,9922,2021-06-26 17:27:59,52.240059,10
950,193,20.995209,9923,2021-06-26 17:28:02,52.17025,2
951,193,21.011271,9925,2021-06-26 17:27:56,52.172279,3
952,114,21.042017,9928,2021-06-26 17:28:01,52.300304,63
953,114,20.923197,9930,2021-06-26 17:28:00,52.276909,2
954,193,21.036486,9933,2021-06-26 17:28:00,52.162262,4
955,190,20.914282,9935,2021-06-26 17:27:57,52.239143,4
956,186,20.942261,9939,2021-06-26 17:28:01,52.334118,8
957,114,21.041759,9940,2021-06-26 17:27:58,52.30022,4
958,114,20.990547,9941,2021-06-26 17:27:58,52.284939,6
959,186,20.963814,9942,2021-06-26 17:27:59,52.207832,4
960,190,21.085398,9946,2021-06-26 17:28:02,52.305,8
961,190,20.898844,9947,2021-06-26 17:28:01,52.238907,3
962,190,21.027559,9949,2021-06-26 17:27:59,52.251686,6
963,190,21.075531,9951,2021-06-26 17:27:58,52.287525,7
964,190,20.921728,9953,2021-06-26 17:27:58,52.240059,1
965,186,20.976648,9954,2021-06-26 17:28:00,52.314209,67
966,o43A,21.423235,9999,2021-06-25 14:26:34,50.302956,1
