,Lines,Lon,VehicleNumber,Time,Lat,Brigade
0,213,21.1156153,1000,2021-06-27 23:51:33,52.2346001,2
1,213,21.115168,1001,2021-06-28 00:30:59,52.2346,3
2,213,21.114898,1003,2021-06-27 00:02:20,52.234726,1
3,213,21.115269,1005,2021-06-27 23:19:40,52.234594,4
4,130,21.11559,1008,2021-06-25 20:19:05,52.234613,04
5,213,21.115836,1011,2021-06-26 23:19:34,52.234556,4
6,213,21.115273,1012,2021-06-28 00:03:19,52.234531,1
7,213,21.11717,1015,2021-06-27 00:33:47,52.234364,3
8,218,20.9951614,1024,2021-06-27 00:14:14,52.1884331,2
9,195,20.9979977,1026,2021-06-25 21:14:18,52.1862374,2
10,218,20.9955881,1028,2021-06-27 21:11:51,52.1881482,1
11,119,20.9954506,1030,2021-06-28 00:48:14,52.1883117,5
12,204,21.045024,1040,2021-06-28 00:28:37,52.264606,2
13,204,21.043091,1043,2021-06-25 22:53:22,52.26632,05
14,736,21.044733,1044,2021-06-27 22:29:48,52.264839,1
15,107,21.046234,1045,2021-06-25 22:36:50,52.264653,4
16,204,21.045126,1047,2021-06-27 23:55:01,52.264583,3
17,228,20.921443,1050,2021-06-25 23:41:52,52.196853,2
18,328,20.921189,1051,2021-06-25 22:30:10,52.196913,01
19,129,20.920185,1052,2021-06-27 22:12:06,52.197498,4
20,129,20.918558,1054,2021-06-27 21:07:59,52.19689,1
21,129,20.920094,1055,2021-06-27 21:22:25,52.19691,2
22,163,20.997769,1064,2021-06-27 21:40:47,52.186283,1
23,N01,20.930696,1065,2021-06-28 00:48:15,52.265678,3
24,108,21.035011,1068,2021-06-28 00:48:15,52.177147,2
25,163,20.9979959,1070,2021-06-28 00:05:15,52.1863212,2
26,192,20.995859,1074,2021-06-27 21:29:59,52.188507,2
27,192,20.995113,1077,2021-06-27 23:36:32,52.188301,4
28,108,20.995413,1079,2021-06-28 00:48:14,52.188309,1
29,173,21.0426228,1101,2021-06-26 00:28:34,52.2664063,2
30,106,21.044663,1109,2021-06-27 19:28:31,52.264944,1
31,173,21.048266,1110,2021-06-25 19:53:25,52.264265,3
32,338,21.046365,1116,2021-06-25 19:40:36,52.2645706,05
33,170,21.043285,1117,2021-06-26 21:42:24,52.266156,4
34,739,21.017954,1202,2021-06-28 00:48:15,52.144184,68
35,N83,21.0176644,1212,2021-06-28 00:48:15,52.0670442,171
36,178,20.9956167,1213,2021-06-28 00:48:14,52.1885186,5
37,739,20.995823,1219,2021-06-28 00:48:14,52.185688,63
38,727,21.002295,1220,2021-06-28 00:48:14,52.183064,67
39,739,21.018124,1223,2021-06-28 00:48:14,52.180096,64
40,240,21.0483353,1400,2021-06-26 00:03:19,52.2641493,1
41,170,21.0454971,1403,2021-06-25 21:36:41,52.2652081,3
42,170,21.044389,1408,2021-06-27 21:33:10,52.265006,4
43,720,21.1936896,1413,2021-06-28 00:48:15,52.2248596,62
44,N33,20.997211,1417,2021-06-28 00:48:09,52.188833,174
45,199,21.1171192,1418,2021-06-27 22:58:58,52.2330777,3
46,115,21.1168584,1419,2021-06-28 00:02:47,52.2330682,5
47,N72,21.136019,1425,2021-06-28 00:48:14,52.19659,215
48,N13,21.003138,1427,2021-06-28 00:48:15,52.233116,252
49,N16,21.0807472,1428,2021-06-28 00:48:15,52.2775596,2
50,119,21.116635,1429,2021-06-28 00:48:15,52.2350721,3
51,L11,20.722971,14421,2021-06-27 20:16:03,52.424442,2
52,L11,20.723246,14422,2021-06-28 00:34:33,52.424309,1
53,L41,20.723427,14424,2021-06-27 22:02:14,52.424496,1
54,L-9,20.945257,14426,2021-06-27 22:57:45,52.437935,3
55,L10,20.945227,14431,2021-06-27 16:05:07,52.43792,M5
56,L41,20.723482,14432,2021-06-26 22:27:44,52.42445,1
57,L33,20.945353,14434,2021-06-25 23:24:58,52.438198,1
58,L-9,20.949566,14440,2021-06-25 23:13:11,52.471237,055
59,338,21.045604,1500,2021-06-25 19:27:18,52.264496,03
60,240,21.042525,1505,2021-06-28 00:20:53,52.266098,4
61,735,21.045591,1509,2021-06-26 19:04:04,52.264248,M4
62,147,21.044424,1514,2021-06-25 19:54:57,52.2648745,06
63,N03,21.0372817,1522,2021-06-28 00:48:02,52.2520683,254
64,202,21.116929,1523,2021-06-28 00:17:00,52.234171,1
65,202,21.1176567,1524,2021-06-28 00:07:52,52.23323,2
66,183,21.115313,1526,2021-06-26 00:16:52,52.233074,4
67,N03,20.9420483,1527,2021-06-28 00:48:09,52.3341067,5
68,119,21.117833,1528,2021-06-28 00:38:22,52.234111,2
69,147,21.117398,1531,2021-06-28 00:23:38,52.233176,57
70,730,21.115746,1535,2021-06-27 23:33:17,52.233098,61
71,120,21.042011,1537,2021-06-28 00:35:30,52.266473,3
72,132,21.041998,1538,2021-06-28 00:39:53,52.266423,52
73,120,21.044238,1539,2021-06-28 00:00:22,52.265128,5
74,197,21.043855,1540,2021-06-28 00:14:25,52.265433,7
75,197,21.042998,1541,2021-06-27 23:35:57,52.266188,6
76,N03,21.1011567,1543,2021-06-28 00:48:07,52.2426517,1
77,512,21.041608,1546,2021-06-28 00:47:52,52.266478,3
78,N03,21.09423,1548,2021-06-28 00:48:10,52.2156617,3
79,166,21.042721,1549,2021-06-27 21:32:12,52.265936,6
80,122,21.042556,1550,2021-06-28 00:02:30,52.266134,3
81,156,21.0447833,1551,2021-06-27 22:34:53,52.26479,4
82,L36,21.176296,17454,2021-06-27 20:50:40,52.31171,51
83,L36,21.175861,17455,2021-06-26 20:50:16,52.311588,51
84,L45,21.176176,17456,2021-06-27 14:40:33,52.311996,1
85,L43,21.077951,17462,2021-06-26 17:54:57,52.267616,52
86,L45,21.175381,17463,2021-06-26 23:19:19,52.311066,1
87,L40,21.090044,17466,2021-06-27 08:56:36,52.332727,1
88,L38,21.176586,17467,2021-06-27 21:00:45,52.312031,51
89,N61,21.1083326,1800,2021-06-28 00:48:15,52.3268943,121
90,132,21.044006,1801,2021-06-28 00:10:12,52.265527,55
91,132,21.0427045,1802,2021-06-28 00:18:06,52.2663896,51
92,N12,21.0111696,1803,2021-06-28 00:48:13,52.2612838,129
93,N44,20.9342055,1804,2021-06-28 00:48:13,52.2888823,2
94,240,21.0454795,1805,2021-06-27 23:22:26,52.2650035,2
95,735,21.0452813,1806,2021-06-27 19:20:31,52.2650043,M4
96,N62,21.2543323,1808,2021-06-28 00:48:11,52.3554145,128
97,122,21.044341,1810,2021-06-27 23:06:00,52.265016,6
98,N11,21.004979,1811,2021-06-28 00:48:00,52.234543,1
99,106,21.0422238,1812,2021-06-28 00:17:26,52.2659586,4
100,N12,21.0527233,1815,2021-06-28 00:48:10,52.2765211,123
101,N11,21.03648,1816,2021-06-28 00:48:13,52.2555656,122
102,173,21.042571,1818,2021-06-25 23:48:59,52.2664061,10
103,198,21.1160316,1821,2021-06-27 23:54:54,52.2331243,2
104,146,21.1174703,1823,2021-06-28 00:48:12,52.2331565,54
105,147,21.11823,1826,2021-06-28 00:32:11,52.234196,55
106,115,21.1151736,1828,2021-06-28 00:11:48,52.2332565,2
107,146,21.1166453,1829,2021-06-28 00:14:25,52.2330833,59
108,146,21.101548,1830,2021-06-28 00:47:53,52.2413015,52
109,119,21.1165895,1832,2021-06-25 22:22:16,52.2331471,06
110,183,21.1170406,1835,2021-06-28 00:13:37,52.2330455,1
111,173,21.117708,1838,2021-06-28 00:25:09,52.233229,4
112,146,21.1156791,1839,2021-06-28 00:47:42,52.2332068,51
113,147,21.1172291,1840,2021-06-25 21:35:22,52.2330755,09
114,142,21.1168673,1842,2021-06-25 20:08:52,52.2330963,08
115,115,21.115328,1843,2021-06-28 00:03:59,52.233193,4
116,N24,21.154509,1844,2021-06-28 00:48:10,52.259926,2
117,183,21.114653,1846,2021-06-28 00:38:57,52.233773,3
118,147,21.1177058,1847,2021-06-28 00:48:13,52.2329343,56
119,115,21.115349,1848,2021-06-28 00:35:55,52.2331218,1
120,147,21.1154836,1849,2021-06-28 00:48:13,52.2331886,58
121,173,21.1163558,1850,2021-06-28 00:21:51,52.2332871,3
122,198,21.115126,1856,2021-06-28 00:38:39,52.233188,1
123,N24,21.0860905,1857,2021-06-28 00:48:08,52.2452316,1
124,198,21.1172503,1859,2021-06-25 19:30:46,52.2330405,05
125,183,21.115083,1860,2021-06-28 00:29:03,52.234376,2
126,173,21.1149545,1862,2021-06-28 00:35:23,52.2331525,5
127,173,21.115836,1866,2021-06-27 23:57:05,52.233236,2
128,N62,21.002368,1867,2021-06-28 00:48:14,52.233623,227
129,146,21.1152796,1869,2021-06-28 00:45:13,52.2331561,53
130,251,20.99534,1914,2021-06-28 00:48:15,52.186043,1
131,148,20.9951952,2024,2021-06-28 00:48:14,52.1873162,2
132,N31,21.003317,2029,2021-06-28 00:48:14,52.231983,133
133,148,21.0106979,2030,2021-06-28 00:48:15,52.189035,3
134,191,20.92181,2202,2021-06-28 00:48:15,52.196815,3
135,182,20.922299,2225,2021-06-28 00:21:09,52.196016,4
136,105,20.922151,2236,2021-06-26 00:04:20,52.196038,4
137,184,20.920468,2247,2021-06-27 23:41:19,52.196455,5
138,N45,21.005159,2253,2021-06-28 00:48:15,52.228848,225
139,401,20.920378,2254,2021-06-25 19:44:39,52.196613,012
140,L20,21.471909,24511,2021-06-27 22:16:21,52.132736,1
141,140,21.044219,3400,2021-06-28 00:19:57,52.265676,2
142,509,21.0430625,3401,2021-06-27 23:06:55,52.26561,4
143,738,21.0465928,3404,2021-06-28 00:48:12,52.2643855,1
144,738,21.101845,3405,2021-06-28 00:47:57,52.319175,2
145,731,21.0478935,3406,2021-06-27 22:54:56,52.264711,2
146,145,21.043561,3410,2021-06-27 23:37:52,52.265594,7
147,723,21.04764,3411,2021-06-27 17:05:14,52.264718,3
148,169,21.043984,3413,2021-06-27 22:09:31,52.265203,4
149,140,21.0471218,3414,2021-06-28 00:48:14,52.2637575,1
150,731,21.0460303,3415,2021-06-28 00:01:59,52.2648785,1
151,723,21.042844,3416,2021-06-28 00:25:07,52.2659073,2
152,509,21.0441991,3418,2021-06-27 21:21:50,52.2660585,5
153,126,21.0466381,3422,2021-06-27 22:48:08,52.265021,2
154,Z26,21.04362,3423,2021-06-27 00:02:07,52.2658193,1
155,Z26,21.043489,3427,2021-06-28 00:06:12,52.265848,1
156,169,21.0477433,3429,2021-06-25 23:04:14,52.2646666,3
157,738,21.0446641,3430,2021-06-28 00:48:12,52.2658936,3
158,N13,21.0228775,3432,2021-06-28 00:48:11,52.2640686,355
159,723,21.041528,3433,2021-06-28 00:30:34,52.266409,3
160,509,21.041769,3434,2021-06-28 00:30:45,52.266258,2
161,518,21.0478431,3437,2021-06-25 23:46:13,52.264609,6
162,160,21.0476823,3438,2021-06-27 23:44:26,52.2647705,6
163,114,21.0428833,3441,2021-06-25 23:51:31,52.2659116,7
164,509,21.043896,3446,2021-06-26 23:11:54,52.266018,4
165,731,21.046601,3447,2021-06-26 22:49:18,52.265018,2
166,705,21.0097565,3448,2021-06-28 00:48:11,52.3030495,62
167,Z26,21.046518,3449,2021-06-27 19:16:32,52.265046,5
168,511,21.0467696,3453,2021-06-28 00:07:19,52.2650108,3
169,705,21.0414411,3454,2021-06-27 01:20:22,52.2664536,62
170,145,21.0417155,3455,2021-06-27 00:17:41,52.2664505,6
171,509,21.0428183,3458,2021-06-26 21:14:52,52.2655735,5
172,Z26,21.045695,3459,2021-06-26 23:39:50,52.2652251,6
173,731,21.045288,3463,2021-06-27 23:15:23,52.265399,4
174,735,21.0444471,3464,2021-06-25 23:05:19,52.2656713,64
175,723,21.0441993,3466,2021-06-26 00:00:11,52.265954,2
176,705,21.0471951,3467,2021-06-28 00:31:16,52.2646198,65
177,735,21.047339,3468,2021-06-27 21:06:07,52.264843,66
178,L19,21.033712,36443,2021-06-27 23:01:22,51.959717,51
179,L25,21.158295,36446,2021-06-27 13:52:50,51.951775,1
180,L25,21.217237,36448,2021-06-27 21:52:11,51.982876,1
181,L39,21.035152,38545,2021-06-28 00:18:06,52.083546,3
182,L52,21.035194,38546,2021-06-26 20:54:00,52.083279,51
183,L39,21.00725,38547,2021-06-27 09:40:17,52.11039,1
184,L39,21.035353,38548,2021-06-27 23:31:57,52.083324,2
185,L23,21.035196,38549,2021-06-27 22:20:31,52.083355,51
186,L25,21.191267,39555,2021-06-25 23:37:02,51.987377,1
187,L-2,21.035383,39559,2021-06-28 00:16:47,52.083263,1
188,L13,21.217253,39561,2021-06-25 20:05:15,51.98262,03
189,L12,21.028034,39565,2021-06-27 22:26:28,52.08424,1
190,714,20.921375,4200,2021-06-27 23:48:30,52.196636,1
191,N44,21.00214,4201,2021-06-28 00:48:13,52.251778,1
192,711,20.920477,4203,2021-06-27 22:47:30,52.196857,1
193,N01,20.940529,4204,2021-06-28 00:48:12,52.326241,2
194,711,20.92021,4205,2021-06-28 00:48:15,52.196899,75
195,N01,20.9594354,4207,2021-06-28 00:48:15,52.2161491,4
196,129,20.9211546,4210,2021-06-27 22:08:41,52.1967029,3
197,122,20.9220732,4214,2021-06-28 00:48:15,52.1964872,2
198,122,20.9203307,4217,2021-06-28 00:16:29,52.1969084,1
199,N88,20.8950934,4224,2021-06-28 00:48:14,52.1325792,276
200,154,20.9219627,4227,2021-06-28 00:19:09,52.1965014,4
201,N46,21.003315,4228,2021-06-28 00:48:15,52.233158,2
202,N46,20.930946,4231,2021-06-28 00:48:14,52.291992,1
203,N81,21.0497397,4232,2021-06-28 00:48:14,52.2024752,251
204,154,20.92153,4233,2021-06-28 00:20:08,52.196636,7
205,N88,20.9935877,4234,2021-06-28 00:48:14,52.2260955,209
206,141,20.920507,4235,2021-06-27 23:06:58,52.196888,7
207,L-1,21.035166,42361,2021-06-27 19:52:55,52.083635,1
208,141,20.9221466,4237,2021-06-28 00:34:38,52.1964925,3
209,154,20.921698,4238,2021-06-27 21:42:39,52.196575,1
210,255,20.9213877,4239,2021-06-28 00:02:51,52.1966482,2
211,714,20.9218871,4242,2021-06-28 00:48:15,52.1965446,2
212,255,20.922317,4243,2021-06-27 22:50:28,52.1964102,1
213,901,20.9206971,4244,2021-06-27 19:05:06,52.1968404,1
214,901,20.922436,4246,2021-06-27 19:36:00,52.196426,3
215,154,20.921087,4249,2021-06-27 21:58:14,52.196709,6
216,105,16.9750897,4332,2021-06-26 13:35:37,52.5472771,4
217,156,21.0450647,4401,2021-06-27 23:15:56,52.2646435,1
218,106,21.042501,4402,2021-06-28 00:10:54,52.266415,5
219,N13,20.983162,4403,2021-06-28 00:48:15,52.281952,148
220,197,21.041938,4404,2021-06-28 00:41:37,52.266383,1
221,N16,21.046749,4405,2021-06-28 00:48:14,52.254887,1
222,166,21.042976,4406,2021-06-27 23:25:06,52.266201,4
223,120,21.04241,4407,2021-06-27 23:58:23,52.266041,2
224,N03,21.0368392,4409,2021-06-28 00:48:15,52.1620464,2
225,512,21.0417671,4411,2021-06-28 00:26:16,52.2665452,2
226,120,21.045496,4413,2021-06-27 21:42:05,52.264486,1
227,N45,20.970886,4415,2021-06-28 00:48:15,52.228695,1
228,N02,21.042774,4416,2021-06-27 01:56:37,52.26638,3
229,N11,21.045283,4417,2021-06-27 05:22:25,52.264831,122
230,512,21.043184,4418,2021-06-27 22:25:11,52.266243,4
231,N16,21.003208,4419,2021-06-28 00:48:14,52.234104,298
232,901,21.044569,4420,2021-06-27 19:03:51,52.264874,2
233,N25,21.0129952,4421,2021-06-28 00:48:14,52.2274445,191
234,N02,21.057188,4423,2021-06-28 00:48:11,52.237247,3
235,901,21.0427637,4424,2021-06-27 19:32:32,52.2659732,4
236,170,21.042887,4425,2021-06-28 00:16:01,52.266308,1
237,132,21.0426309,4427,2021-06-27 23:35:50,52.2661002,54
238,120,21.0439757,4428,2021-06-27 23:20:00,52.265513,4
239,N02,21.126799,4431,2021-06-28 00:48:15,52.234222,2
240,120,21.044178,4434,2021-06-28 00:08:18,52.26516,7
241,100,21.0480441,4617,2021-06-27 19:25:04,52.2640606,M1
242,124,20.921309,5204,2021-06-27 21:22:35,52.196301,1
243,184,20.921459,5211,2021-06-27 21:11:06,52.196251,3
244,187,20.922403,5213,2021-06-28 00:25:14,52.195786,8
245,184,20.9224375,5214,2021-06-28 00:48:12,52.196173,4
246,187,20.9213735,5216,2021-06-28 00:20:22,52.196108,6
247,523,20.9217142,5224,2021-06-28 00:48:08,52.1959379,7
248,189,20.9196949,5225,2021-06-28 00:48:05,52.1974532,7
249,105,20.920065,5232,2021-06-28 00:35:09,52.196678,3
250,716,20.9207,5234,2021-06-27 23:23:27,52.196418,3
251,189,20.920663,5236,2021-06-28 00:48:12,52.196081,10
252,Z10,20.921746,5245,2021-06-28 00:15:41,52.195793,7
253,716,20.920493,5247,2021-06-27 23:47:24,52.196486,1
254,191,20.921099,5255,2021-06-27 22:29:36,52.19633,6
255,517,20.920816,5257,2021-06-27 23:17:35,52.196406,5
256,511,21.0470735,5406,2021-06-28 00:48:15,52.263816,1
257,126,21.044666,5407,2021-06-27 23:12:33,52.265869,1
258,N46,20.9688334,5420,2021-06-28 00:48:15,52.2843954,150
259,705,21.047152,5425,2021-06-28 00:48:15,52.263649,61
260,N63,20.927013,5426,2021-06-28 00:48:14,52.39291,245
261,N37,21.021715,5432,2021-06-28 00:48:14,52.177467,243
262,527,21.0435305,5435,2021-06-27 23:58:44,52.2657872,1
263,500,21.0414439,5441,2021-06-28 00:48:15,52.2664597,53
264,160,21.0458051,5443,2021-06-27 19:33:58,52.2651977,7
265,511,21.048386,5445,2021-06-27 15:59:18,52.264588,3
266,185,21.0444712,5453,2021-06-28 00:48:15,52.2658755,3
267,503,20.998083,5873,2021-06-27 23:58:53,52.187069,5
268,175,20.998053,5877,2021-06-27 23:57:00,52.187168,53
269,175,20.998072,5879,2021-06-27 22:57:44,52.186546,64
270,175,20.998077,5882,2021-06-27 21:15:41,52.187119,51
271,128,20.998075,5886,2021-06-26 23:35:01,52.186886,52
272,175,20.998104,5887,2021-06-26 22:58:28,52.186646,64
273,503,20.995213,5888,2021-06-27 23:41:18,52.186916,4
274,128,20.99806,5890,2021-06-27 23:29:32,52.187286,52
275,175,21.116972,5908,2021-06-25 19:38:19,52.233955,068
276,503,21.1166832,5915,2021-06-28 00:06:16,52.2339119,1
277,116,21.116496,5918,2021-06-28 00:41:19,52.234078,56
278,116,21.1164741,5921,2021-06-28 00:48:14,52.2339524,7
279,111,21.115931,5934,2021-06-27 23:37:19,52.234062,3
280,503,21.115843,5935,2021-06-26 00:31:56,52.233995,013
281,116,21.115849,5936,2021-06-27 00:16:08,52.234085,4
282,503,21.115828,5937,2021-06-26 23:54:48,52.234032,1
283,111,21.115558,5941,2021-06-27 21:19:48,52.234081,8
284,503,21.115629,5944,2021-06-28 00:48:13,52.234043,9
285,158,21.115456,5946,2021-06-27 21:39:19,52.234108,4
286,158,21.115419,5947,2021-06-27 23:31:58,52.234077,3
287,518,21.046402,5956,2021-06-27 23:20:44,52.265423,7
288,518,21.046759,5958,2021-06-27 22:45:43,52.265289,3
289,180,21.045889,5959,2021-06-27 22:33:28,52.265518,2
290,111,21.044813,5960,2021-06-27 23:31:01,52.265789,5
291,180,21.045801,5962,2021-06-28 00:42:15,52.265574,1
292,180,21.046205,5963,2021-06-27 22:58:26,52.265385,4
293,180,21.047281,5964,2021-06-27 23:43:56,52.265152,58
294,116,21.048107,5966,2021-06-28 00:48:12,52.264908,2
295,111,21.047058,5975,2021-06-27 23:59:00,52.265228,1
296,116,21.048245,5978,2021-06-28 00:36:03,52.264901,1
297,180,21.046836,5990,2021-06-26 22:32:14,52.265324,2
298,189,20.922119,6203,2021-06-28 00:48:13,52.195881,13
299,713,20.929619,6207,2021-06-28 00:48:14,52.224041,1
300,N35,20.8808956,6221,2021-06-28 00:48:15,52.1943576,238
301,N85,20.7927774,6243,2021-06-28 00:48:14,52.1540309,236
302,706,20.92017,7200,2021-06-27 23:55:54,52.196136,71
303,517,20.9209672,7201,2021-06-27 20:15:02,52.1974254,6
304,706,20.919962,7202,2021-06-28 00:25:33,52.196259,74
305,187,20.921303,7210,2021-06-27 23:29:51,52.195869,1
306,N43,20.993801,7213,2021-06-28 00:48:15,52.226177,4
307,124,20.920946,7224,2021-06-27 21:44:44,52.197357,2
308,112,20.920452,7226,2021-06-27 23:59:01,52.19614,7
309,210,20.920031,7231,2021-06-28 00:48:14,52.196182,2
310,112,20.921396,7233,2021-06-27 20:49:18,52.195854,6
311,N85,21.000455,7235,2021-06-28 00:48:15,52.2275455,237
312,187,20.9202094,7238,2021-06-27 22:14:38,52.1961625,2
313,N25,21.078865,7239,2021-06-28 00:48:14,52.235443,193
314,172,20.920568,7240,2021-06-27 21:23:36,52.197441,7
315,713,20.9198414,7242,2021-06-28 00:28:24,52.1962539,2
316,136,20.919701,7243,2021-06-28 00:48:14,52.196236,10
317,191,20.919783,7244,2021-06-28 00:43:29,52.196213,1
318,517,20.920116,7245,2021-06-28 00:05:37,52.196121,1
319,105,20.9205067,7247,2021-06-27 20:34:01,52.1970015,1
320,148,20.921148,7249,2021-06-27 21:27:58,52.195885,4
321,N25,21.0033321,7259,2021-06-28 00:48:14,52.23209,194
322,125,21.1176646,7304,2021-06-27 23:57:50,52.2332989,2
323,E-1,21.1167422,7314,2021-06-25 19:42:06,52.2335197,01
324,523,21.1180429,7315,2021-06-28 00:48:15,52.2333989,4
325,150,20.864538,776,2021-06-28 00:48:15,52.359985, 
326,N34,21.0024435,8124,2021-06-28 00:48:10,52.227957,162
327,N86,20.9953393,8139,2021-06-28 00:48:13,52.1563135,213
328,N34,21.0384781,8143,2021-06-28 00:48:09,52.1430173,206
329,727,20.997388,8148,2021-06-25 21:39:43,52.187336,4
330,N33,21.002508,8154,2021-06-28 00:48:09,52.179295,173
331,N32,20.9942406,8158,2021-06-28 00:48:14,52.2263298,2
332,N83,21.0168948,8165,2021-06-28 00:48:08,52.2308646,172
333,165,20.9963621,8167,2021-06-28 00:48:10,52.1881753,3
334,522,20.998243,8174,2021-06-25 20:09:50,52.1878,013
335,N35,20.9272678,8193,2021-06-28 00:48:13,52.195885,139
336,198,21.1173818,8210,2021-06-25 18:57:27,52.2334423,04
337,151,21.1167196,8218,2021-06-25 19:22:39,52.2335221,04
338,188,21.1161338,8225,2021-06-25 20:54:43,52.2335866,08
339,509,21.116793,8231,2021-06-25 20:04:19,52.233758,021
340,509,21.117754,8302,2021-06-28 00:20:05,52.233908,7
341,188,21.118026,8303,2021-06-28 00:27:52,52.233856,6
342,143,21.117864,8306,2021-06-28 00:19:53,52.233939,7
343,520,21.114796,8313,2021-06-28 00:19:11,52.234311,5
344,182,21.11721,8315,2021-06-25 19:08:30,52.233705,013
345,168,21.1175248,8316,2021-06-27 23:39:39,52.2341981,3
346,N34,21.029896,8317,2021-06-27 02:44:42,52.153153,247
347,N21,21.1211081,8318,2021-06-28 00:48:06,52.2367406,2
348,168,21.11586,8320,2021-06-25 21:27:01,52.23366,07
349,143,21.1170055,8324,2021-06-27 23:08:38,52.2331795,1
350,704,21.117788,8325,2021-06-28 00:39:06,52.234481,2
351,145,21.1145298,8326,2021-06-28 00:48:12,52.2336825,5
352,125,21.117168,8327,2021-06-27 21:23:48,52.23328,3
353,N44,21.0028013,8329,2021-06-28 00:48:14,52.2335791,207
354,N24,21.117556,8330,2021-06-27 05:19:58,52.233278,2
355,141,21.1154848,8331,2021-06-28 00:18:46,52.2338078,1
356,521,21.117225,8333,2021-06-27 23:53:02,52.234425,5
357,138,21.1156041,8334,2021-06-28 00:48:12,52.2344463,8
358,138,21.114138,8335,2021-06-28 00:09:02,52.233814,5
359,143,21.116403,8339,2021-06-26 23:11:32,52.233603,1
360,N95,20.880923,8340,2021-06-28 00:48:08,52.251206,192
361,148,21.11768,8344,2021-06-28 00:36:00,52.234475,1
362,151,21.115316,8345,2021-06-27 23:50:29,52.233469,3
363,145,21.116093,8347,2021-06-25 19:40:44,52.233476,012
364,145,21.115493,8348,2021-06-27 20:49:27,52.233924,3
365,514,21.117861,8349,2021-06-28 00:22:42,52.233595,1
366,411,21.116288,8350,2021-06-25 20:43:54,52.233658,061
367,125,21.11713,8351,2021-06-27 23:55:37,52.2336283,5
368,523,21.11513,8352,2021-06-27 23:39:22,52.233964,8
369,185,21.117905,8353,2021-06-28 00:45:45,52.234136,1
370,185,21.115713,8355,2021-06-28 00:44:22,52.234461,5
371,502,21.116288,8357,2021-06-27 19:54:32,52.233496,6
372,514,21.117236,8358,2021-06-28 00:15:18,52.23416,3
373,145,21.117891,8359,2021-06-28 00:47:09,52.234146,2
374,151,21.114374,8362,2021-06-27 23:20:47,52.233701,1
375,N72,21.262828,8363,2021-06-28 00:48:02,52.107951,219
376,514,21.116313,8364,2021-06-27 23:40:29,52.234351,2
377,521,21.116514,8365,2021-06-27 22:52:52,52.233298,3
378,N81,21.013125,8366,2021-06-28 00:48:14,52.22719,247
379,N21,21.0377483,8368,2021-06-28 00:48:14,52.2522533,1
380,520,21.114853,8369,2021-06-28 00:03:26,52.23431,1
381,520,21.114736,8397,2021-06-27 23:47:27,52.233681,7
382,143,21.116494,8414,2021-06-28 00:48:07,52.2343793,3
383,411,21.1156411,8440,2021-06-25 20:20:48,52.2335555,062
384,169,21.043079,8447,2021-06-27 23:51:08,52.265833,5
385,500,21.0460544,8452,2021-06-27 19:03:59,52.2641602,M56
386,189,20.99698,8500,2021-06-27 21:12:11,52.187784,3
387,189,20.9970933,8501,2021-06-28 00:48:08,52.1859533,12
388,189,20.995908,8502,2021-06-28 00:48:07,52.186543,1
389,189,20.997388,8503,2021-06-27 21:54:27,52.18762,6
390,217,20.997395,8504,2021-06-27 22:01:30,52.186435,2
391,217,20.997176,8507,2021-06-28 00:25:05,52.185744,3
392,217,20.9958033,8508,2021-06-28 00:48:05,52.186645,1
393,519,20.997318,8509,2021-06-27 22:10:14,52.187653,1
394,519,20.996514,8511,2021-06-28 00:26:57,52.187486,5
395,519,20.996018,8515,2021-06-27 21:34:44,52.187726,8
396,136,20.9951733,8516,2021-06-27 23:06:14,52.1876167,6
397,522,20.998255,8517,2021-06-27 23:50:28,52.187829,2
398,N63,20.9640017,8522,2021-06-28 00:48:11,52.32298,246
399,N37,21.00148,8523,2021-06-28 00:48:07,52.19636,318
400,522,20.996998,8524,2021-06-27 21:20:53,52.18665,5
401,308,20.997771,8531,2021-06-25 19:03:30,52.187649,02
402,166,20.997666,8532,2021-06-27 20:52:37,52.187673,7
403,141,20.995719,8533,2021-06-27 22:47:04,52.187735,8
404,N01,20.928365,8534,2021-06-28 00:48:12,52.2911517,156
405,Z26,20.995606,8535,2021-06-28 00:14:41,52.187561,4
406,N37,21.0052017,8536,2021-06-28 00:48:13,52.228835,142
407,N34,21.00575,8538,2021-06-28 00:48:12,52.1715167,149
408,165,20.99718,8539,2021-06-28 00:39:36,52.187666,2
409,504,20.997021,8540,2021-06-27 20:12:34,52.187713,5
410,709,20.995875,8544,2021-06-28 00:48:05,52.1864233,2
411,180,20.997223,8547,2021-06-27 23:19:29,52.186848,62
412,733,20.996501,8548,2021-06-27 23:58:34,52.187071,1
413,166,20.995861,8551,2021-06-28 00:20:23,52.185681,1
414,709,21.0024883,8552,2021-06-28 00:48:04,52.177825,4
415,N36,21.00501,8553,2021-06-28 00:48:12,52.2292417,1
416,N37,21.03833,8556,2021-06-28 00:48:00,52.1538833,261
417,N32,20.973471,8559,2021-06-28 00:48:10,52.1709,1
418,N38,20.9441533,8560,2021-06-28 00:48:04,52.1754667,1
419,502,21.114989,8561,2021-06-27 22:04:34,52.23357,5
420,N25,21.1583683,8562,2021-06-28 00:48:09,52.2344167,1
421,148,21.1161083,8563,2021-06-28 00:02:15,52.2343533,9
422,151,21.116576,8564,2021-06-27 22:46:31,52.234258,2
423,521,21.116369,8565,2021-06-25 20:39:03,52.233641,08
424,N24,21.0133867,8566,2021-06-28 00:48:05,52.2300433,211
425,523,21.115255,8567,2021-06-27 21:38:56,52.233971,9
426,509,21.116991,8568,2021-06-27 22:36:42,52.233556,8
427,N22,21.2140733,8569,2021-06-28 00:48:06,52.1617133,203
428,509,21.117176,8570,2021-06-27 23:51:33,52.233604,3
429,502,21.117656,8573,2021-06-28 00:20:53,52.233595,1
430,720,21.116071,8574,2021-06-27 22:05:44,52.234288,1
431,502,21.11727,8575,2021-06-28 00:31:20,52.233849,4
432,521,21.117898,8576,2021-06-28 00:22:04,52.233818,2
433,188,21.117233,8577,2021-06-27 23:57:48,52.234001,4
434,N22,21.115496,8579,2021-06-26 23:16:54,52.234,204
435,190,21.046053,8582,2021-06-25 18:46:44,52.264343,021
436,704,21.117051,8586,2021-06-27 21:00:32,52.233371,1
437,523,21.114813,8590,2021-06-27 23:03:17,52.233986,6
438,N22,21.013096,8591,2021-06-28 00:48:10,52.230139,204
439,N72,21.0613283,8592,2021-06-28 00:48:11,52.2315167,214
440,522,20.99727,8800,2021-06-27 21:39:00,52.187616,1
441,167,20.9964981,8803,2021-06-28 00:48:00,52.1860288,5
442,504,20.996343,8806,2021-06-27 22:38:25,52.186896,4
443,N43,20.958916,8809,2021-06-28 00:48:10,52.2214948,220
444,167,20.996629,8818,2021-06-28 00:26:31,52.186324,4
445,N34,20.9984878,8821,2021-06-27 06:06:35,52.1878993,206
446,N31,21.0773841,8826,2021-06-28 00:48:14,52.1675881,132
447,182,21.117218,8829,2021-06-27 22:52:47,52.2331803,3
448,514,21.1148806,8837,2021-06-28 00:48:11,52.2337133,4
449,502,21.1179615,8838,2021-06-28 00:39:39,52.2346571,2
450,N83,21.116546,8839,2021-06-26 05:25:32,52.233586,174
451,138,21.1172336,8841,2021-06-25 22:19:45,52.2337476,1
452,521,21.1161941,8844,2021-06-25 20:59:15,52.2334716,09
453,143,21.1150181,8849,2021-06-27 22:49:02,52.234273,6
454,509,21.1170963,8853,2021-06-26 22:35:14,52.2332446,8
455,518,21.047239,8859,2021-06-25 21:49:41,52.2647968,9
456,412,21.047084,8862,2021-06-25 20:21:52,52.264918,05
457,509,21.043849,8863,2021-06-25 22:53:53,52.266028,14
458,723,21.047273,8864,2021-06-25 19:20:55,52.264625,08
459,738,21.046916,8868,2021-06-25 18:47:25,52.264738,05
460,340,21.046388,8870,2021-06-25 19:12:44,52.265081,03
461,511,21.046323,8874,2021-06-25 18:33:00,52.265079,05
462,340,21.048342,8876,2021-06-25 18:55:45,52.264397,06
463,511,21.0472221,8879,2021-06-25 19:11:55,52.2646076,07
464,709,20.996574,8880,2021-06-25 18:58:33,52.18762,016
465,167,20.9972725,8882,2021-06-27 21:58:36,52.1877723,3
466,174,20.997632,8885,2021-06-28 00:35:04,52.188054,2
467,N86,20.9978745,8891,2021-06-28 00:48:09,52.1832728,1
468,138,20.997013,8892,2021-06-27 20:44:11,52.187773,1
469,174,20.997965,8893,2021-06-27 22:02:43,52.187395,3
470,N36,20.9978025,8897,2021-06-28 00:48:11,52.1878366,371
471,136,20.995581,8899,2021-06-28 00:48:11,52.185785,3
472,N02,20.926498,9065,2021-06-28 00:48:13,52.290413,5
473,N02,20.961658,9092,2021-06-28 00:48:08,52.275627,6
474,N50,21.103485,9241,2021-06-28 00:48:11,52.121204,1
475,N71,21.195841,9305,2021-06-28 00:48:12,52.248032,284
476,153,21.17038,9319,2021-06-27 07:23:25,52.276905,3
477,N01,20.914625,9323,2021-06-28 00:48:07,52.234142,159
478,N71,21.005964,9344,2021-06-28 00:48:11,52.234661,185
479,N03,21.0077,9345,2021-06-28 00:47:57,52.285839,357
480,N01,21.001591,9346,2021-06-28 00:48:14,52.193394,6
481,N01,21.0371,9350,2021-06-28 00:48:07,52.161972,5
482,N41,21.00292,9429,2021-06-28 00:48:15,52.234058,183
483,N64,21.005751,9436,2021-06-28 00:48:14,52.234604,1
484,N41,20.967798,9437,2021-06-28 00:48:10,52.261562,182
485,N64,20.988449,9439,2021-06-28 00:48:15,52.330013,2
486,712,20.84273,9443,2021-06-28 00:48:10,52.276791,1
487,N91,20.911793,9445,2021-06-28 00:48:12,52.2836,181
488,N14,21.027485,9687,2021-06-28 00:48:14,52.278984,124
489,152,20.960365,9689,2021-06-28 00:48:14,52.316616,4
490,N14,21.034456,9694,2021-06-28 00:48:13,52.254799,1
491,N35,20.976318,9806,2021-06-28 00:48:14,52.21806,335
492,N42,20.944,9808,2021-06-28 00:48:11,52.238995,2
493,102,20.883499,9839,2021-06-28 00:48:09,52.205997,1
494,N42,20.899643,9908,2021-06-28 00:48:12,52.238724,1
495,N42,21.012037,9926,2021-06-28 00:48:11,52.229656,218
496,N42,20.897322,9928,2021-06-28 00:48:14,52.224384,216
497,N43,20.919167,9929,2021-06-28 00:48:11,52.256725,3
498,o43A,21.423235,9999,2021-06-25 14:26:34,50.302956,1
