,Lines,Lon,VehicleNumber,Time,Lat,Brigade
0,213,21.18879,1001,2021-06-28 18:25:03,52.149871,1
1,213,21.220901,1003,2021-06-28 18:25:08,52.1625695,05
2,213,21.092946,1004,2021-06-28 18:25:09,52.2255368,3
3,196,21.1781548,1005,2021-06-28 18:25:01,52.2581726,2
4,196,21.176224,1008,2021-06-28 18:25:01,52.256738,03
5,213,21.2206458,1009,2021-06-28 18:25:08,52.1662151,4
6,213,21.11751,1010,2021-06-28 18:25:05,52.2145193,2
7,311,21.0850016,1012,2021-06-28 18:25:05,52.2343478,1
8,196,21.178296,1014,2021-06-28 18:24:52,52.261119,1
9,311,21.084004,1015,2021-06-28 18:25:03,52.2239248,2
10,365,21.023447,1021,2021-06-28 18:25:10,52.179977,01
11,107,21.0175711,1023,2021-06-28 18:25:09,52.2283985,3
12,163,21.1011007,1025,2021-06-28 18:25:11,52.1613389,2
13,107,21.0487792,1026,2021-06-28 18:25:08,52.2053979,5
14,108,21.076466,1027,2021-06-28 18:25:11,52.182171,1
15,108,21.048637,1028,2021-06-28 18:25:08,52.177761,5
16,108,21.023565,1029,2021-06-28 18:25:07,52.179821,6
17,365,20.9966447,1031,2021-06-28 18:25:11,52.1697845,02
18,108,21.076511,1033,2021-06-28 18:25:11,52.201416,4
19,163,21.0490472,1034,2021-06-28 18:25:10,52.1783209,1
20,192,21.0237156,1037,2021-06-28 18:25:10,52.1800085,7
21,108,21.022466,1038,2021-06-28 18:24:55,52.229799,3
22,365,21.0216774,1039,2021-06-28 18:25:11,52.1799144,03
23,107,21.016131,1040,2021-06-28 18:24:54,52.231475,6
24,107,20.996334,1042,2021-06-28 18:24:55,52.246393,2
25,107,20.9863517,1043,2021-06-28 18:24:59,52.2446317,07
26,107,21.048839,1045,2021-06-28 18:25:02,52.20627,4
27,204,21.023066,1046,2021-06-28 18:25:02,52.277291,05
28,204,21.060346,1047,2021-06-28 18:24:52,52.314996,1
29,204,21.0503617,1048,2021-06-28 18:25:04,52.318435,04
30,228,20.9753167,1050,2021-06-28 18:25:07,52.1928133,1
31,228,20.914793,1051,2021-06-28 18:24:51,52.209994,2
32,328,20.983573,1052,2021-06-28 18:24:56,52.167589,01
33,129,20.9159417,1053,2021-06-28 18:25:04,52.2055,4
34,228,20.896284,1054,2021-06-28 18:25:10,52.202661,3
35,129,20.896439,1055,2021-06-28 18:25:11,52.195754,3
36,328,20.99471,1058,2021-06-28 18:24:58,52.1508867,02
37,129,20.939193,1059,2021-06-28 18:20:41,52.246011,1
38,328,20.9631944,1061,2021-06-28 18:25:11,52.1971249,03
39,192,21.039675,1062,2021-06-28 18:25:08,52.1541977,51
40,192,21.057877,1064,2021-06-28 18:25:11,52.139679,2
41,163,21.072216,1065,2021-06-28 18:25:11,52.179314,04
42,107,20.979387,1066,2021-06-28 18:25:09,52.244617,1
43,163,21.093067,1068,2021-06-28 18:25:07,52.184704,3
44,192,21.0616017,1069,2021-06-28 18:25:11,52.1366704,4
45,163,21.083912,1070,2021-06-28 18:25:08,52.167683,05
46,192,21.0243547,1074,2021-06-28 18:25:10,52.179941,6
47,108,21.040442,1076,2021-06-28 18:25:09,52.216743,2
48,192,21.0685151,1077,2021-06-28 18:25:10,52.129121,3
49,192,21.0472774,1079,2021-06-28 18:25:10,52.1508975,1
50,736,20.9502103,1101,2021-06-28 18:25:04,52.4043278,02
51,132,21.056323,1109,2021-06-28 18:25:08,52.324334,2
52,303,20.9861755,1112,2021-06-28 18:25:09,52.2694445,3
53,147,21.2067865,1113,2021-06-28 18:25:06,52.2101698,06
54,152,20.965621,1114,2021-06-28 18:24:57,52.318505,06
55,166,21.0591346,1115,2021-06-28 18:25:05,52.138139,09
56,132,20.9687706,1116,2021-06-28 18:24:44,52.2720195,3
57,122,20.9698033,1117,2021-06-28 18:25:09,52.2628288,09
58,197,20.8692363,1118,2021-06-28 18:25:08,52.2069883,7
59,126,20.9522533,1119,2021-06-28 18:25:03,52.3280903,3
60,168,21.021126,1200,2021-06-28 18:25:10,52.210659,2
61,119,21.143724,1202,2021-06-28 18:25:11,52.214104,1
62,178,20.883427,1203,2021-06-28 18:25:11,52.195374,2
63,178,21.005232,1204,2021-06-28 18:25:09,52.256065,5
64,168,21.11265,1205,2021-06-28 18:25:07,52.236256,6
65,166,21.02315,1206,2021-06-28 18:25:07,52.226889,1
66,166,21.0315396,1208,2021-06-28 18:25:10,52.2062615,5
67,222,21.019993,1211,2021-06-28 18:25:11,52.232342,4
68,174,21.0050132,1212,2021-06-28 18:25:11,52.2212004,371
69,174,20.9951952,1213,2021-06-28 18:25:11,52.1702882,3
70,218,21.000969,1214,2021-06-28 18:25:12,52.18895,5
71,166,21.0681969,1216,2021-06-28 18:25:09,52.1294224,7
72,168,21.0906762,1218,2021-06-28 18:25:11,52.2217011,5
73,119,21.133472,1220,2021-06-28 18:25:10,52.209557,5
74,122,20.8983171,1400,2021-06-28 18:25:04,52.2496788,012
75,121,21.0470735,1401,2021-06-28 18:25:01,52.263836,04
76,134,21.0206396,1403,2021-06-28 18:25:00,52.2958768,1
77,110,20.8995223,1407,2021-06-28 18:25:08,52.3259361,05
78,240,21.000528,1408,2021-06-28 18:25:00,52.291211,4
79,173,21.141575,1411,2021-06-28 18:25:11,52.237087,5
80,117,21.0967332,1412,2021-06-28 18:25:09,52.2211276,1
81,702,21.132738,1413,2021-06-28 18:25:08,52.231926,2
82,168,21.068623,1415,2021-06-28 18:25:11,52.202797,1
83,202,21.128765,1416,2021-06-28 18:25:09,52.240261,04
84,183,21.1384124,1418,2021-06-28 18:25:10,52.2436519,6
85,147,21.2429724,1419,2021-06-28 18:25:11,52.217791,2
86,199,21.116646,1422,2021-06-28 18:25:10,52.291744,4
87,198,21.2176707,1423,2021-06-28 18:25:10,52.2537934,05
88,173,21.094675,1424,2021-06-28 18:25:09,52.243843,6
89,115,21.1874901,1425,2021-06-28 18:25:11,52.2469419,4
90,173,21.05294,1426,2021-06-28 18:25:10,52.250378,8
91,147,21.052322,1427,2021-06-28 18:25:10,52.250252,4
92,146,21.0784819,1428,2021-06-28 18:25:11,52.2214167,2
93,142,21.153549,1430,2021-06-28 18:25:09,52.173309,06
94,L41,20.709705,14422,2021-06-28 18:25:11,52.43055,1
95,L11,20.713524,14424,2021-06-28 18:25:09,52.430347,1
96,L10,20.943542,14425,2021-06-28 18:25:06,52.476158,50
97,L-8,20.945215,14426,2021-06-28 14:51:54,52.437912,1
98,L41,20.941465,14427,2021-06-28 18:25:10,52.400784,02
99,L11,20.962965,14429,2021-06-28 18:25:06,52.420105,57
100,L34,20.898985,14430,2021-06-28 18:25:07,52.410633,2
101,L34,20.913061,14431,2021-06-28 18:25:05,52.410416,1
102,L11,20.963667,14432,2021-06-28 18:25:09,52.419258,51
103,L-8,21.058758,14434,2021-06-28 18:25:10,52.405743,02
104,L-8,20.959394,14435,2021-06-28 18:25:13,52.412045,1
105,L49,20.94245,14436,2021-06-28 18:25:11,52.348583,1
106,L31,21.100117,14438,2021-06-28 18:25:05,52.441883,1
107,L-9,20.9219,14439,2021-06-28 18:25:12,52.453381,054
108,L-9,20.939957,14440,2021-06-28 18:25:08,52.400684,055
109,134,20.98638,1500,2021-06-28 18:25:02,52.283358,04
110,134,21.058628,1501,2021-06-28 18:24:46,52.344036,3
111,110,20.9700765,1502,2021-06-28 18:25:04,52.2718978,2
112,240,21.058352,1505,2021-06-28 18:25:01,52.3010123,06
113,132,21.0682968,1506,2021-06-28 18:25:08,52.3233916,07
114,134,20.9682913,1507,2021-06-28 18:24:59,52.2718878,2
115,126,21.022301,1508,2021-06-28 18:25:00,52.286132,5
116,132,21.068188,1509,2021-06-28 18:24:53,52.323756,05
117,166,21.0457781,1510,2021-06-28 18:25:01,52.1563118,6
118,126,20.9623408,1513,2021-06-28 18:25:03,52.3343016,4
119,197,20.9417235,1514,2021-06-28 18:25:07,52.2260983,6
120,197,20.8625095,1515,2021-06-28 18:25:05,52.1902646,8
121,121,20.9453191,1516,2021-06-28 18:25:05,52.2949131,1
122,173,21.127186,1519,2021-06-28 18:25:02,52.234288,10
123,202,21.044438,1521,2021-06-28 18:25:08,52.247754,07
124,202,21.041891,1522,2021-06-28 18:24:59,52.241961,3
125,146,21.0517917,1523,2021-06-28 18:25:00,52.238525,08
126,730,21.126281,1524,2021-06-28 18:24:54,52.234463,052
127,119,20.999356,1525,2021-06-28 18:24:52,52.20626,06
128,147,21.086276,1526,2021-06-28 18:24:59,52.225864,09
129,198,21.223593,1528,2021-06-28 18:24:58,52.253768,3
130,702,21.174891,1530,2021-06-28 18:24:54,52.157916,03
131,198,21.239039,1531,2021-06-28 18:25:03,52.216113,2
132,115,21.158313,1533,2021-06-28 18:24:59,52.257353,2
133,142,21.08651,1534,2021-06-28 18:25:01,52.2448233,07
134,198,21.2420333,1535,2021-06-28 18:25:05,52.2167,1
135,106,20.967929,1537,2021-06-28 18:24:41,52.228793,4
136,170,21.033719,1538,2021-06-28 18:24:50,52.258678,4
137,120,21.051231,1539,2021-06-28 18:25:02,52.29151,1
138,199,21.13911,1540,2021-06-28 18:25:05,52.291135,1
139,156,21.048101,1541,2021-06-28 18:25:01,52.286321,1
140,170,21.081078,1542,2021-06-28 18:24:49,52.277189,1
141,156,21.0622683,1543,2021-06-28 18:25:08,52.27082,3
142,338,21.100771,1544,2021-06-28 18:24:51,52.260556,01
143,122,20.914103,1546,2021-06-28 18:25:02,52.252086,013
144,338,21.054895,1548,2021-06-28 18:24:57,52.2625017,04
145,199,21.139103,1549,2021-06-28 18:25:00,52.280608,2
146,170,21.02185,1550,2021-06-28 18:25:06,52.262473,3
147,240,21.0252,1551,2021-06-28 18:25:00,52.297491,3
148,221,20.9899933,1552,2021-06-28 18:25:09,52.26041,2
149,106,20.9955917,1554,2021-06-28 18:25:02,52.2357567,06
150,L-4,21.011425,17451,2021-06-28 18:25:09,52.096474,1
151,L26,21.176752,17452,2021-06-28 18:25:08,52.312229,02
152,L37,21.217834,17453,2021-06-28 17:30:49,52.31118,1
153,L40,21.224304,17454,2021-06-28 18:25:08,52.34333,1
154,L36,21.288591,17456,2021-06-28 18:25:10,52.373421,1
155,L35,21.221722,17458,2021-06-28 18:25:08,52.345387,1
156,L26,21.166733,17460,2021-06-28 18:25:10,52.318317,1
157,L46,21.101242,17461,2021-06-28 18:24:57,52.31818,1
158,L43,21.139416,17462,2021-06-28 18:25:03,52.311153,1
159,L45,21.143574,17464,2021-06-28 18:25:09,52.316811,02
160,L45,21.100891,17465,2021-06-28 18:25:07,52.333702,1
161,L38,21.242264,17466,2021-06-28 18:25:08,52.34008,1
162,L37,21.217785,17467,2021-06-28 18:23:56,52.311073,2
163,L40,21.190901,17468,2021-06-28 18:25:09,52.352123,02
164,197,20.9763943,1800,2021-06-28 18:25:05,52.2879816,4
165,110,20.9212191,1801,2021-06-28 18:25:03,52.2818355,4
166,132,21.006907,1802,2021-06-28 18:25:07,52.291972,1
167,166,21.043771,1803,2021-06-28 18:24:53,52.17443,8
168,122,20.8987873,1804,2021-06-28 18:25:04,52.238587,5
169,173,21.2389711,1805,2021-06-28 18:25:04,52.2498451,4
170,204,21.033051,1806,2021-06-28 18:25:05,52.2970173,3
171,122,20.9411638,1807,2021-06-28 18:25:01,52.269589,4
172,303,20.941943,1808,2021-06-28 18:25:05,52.2982701,1
173,147,21.134756,1809,2021-06-28 18:25:06,52.1995935,1
174,166,21.0268721,1810,2021-06-28 18:25:04,52.2600666,2
175,152,21.043346,1811,2021-06-28 10:10:53,52.266126,06
176,204,21.0314815,1812,2021-06-28 18:25:06,52.2884906,2
177,736,21.000864,1813,2021-06-28 18:25:04,52.2913668,1
178,147,21.165395,1814,2021-06-28 18:24:50,52.204286,07
179,240,21.064058,1815,2021-06-28 18:25:08,52.3114103,2
180,197,20.8681495,1817,2021-06-28 18:25:07,52.1975723,9
181,240,21.1188573,1818,2021-06-28 18:25:03,52.3382856,05
182,221,20.994056,1819,2021-06-28 18:25:03,52.2594965,1
183,117,21.0554755,1823,2021-06-28 18:25:07,52.2322626,05
184,146,21.1187358,1826,2021-06-28 18:25:05,52.1989793,4
185,183,21.124123,1828,2021-06-28 18:25:07,52.2355855,3
186,147,21.0427286,1829,2021-06-28 18:24:54,52.2442581,5
187,722,21.086553,1830,2021-06-28 18:25:10,52.2447693,1
188,147,21.1169918,1832,2021-06-28 09:25:20,52.2330478,09
189,146,21.2046753,1833,2021-06-28 18:25:02,52.1594565,5
190,202,21.116848,1834,2021-06-28 09:35:30,52.233074,04
191,115,21.1703203,1835,2021-06-28 18:25:07,52.2771165,3
192,168,20.9954381,1837,2021-06-28 18:25:06,52.191627,07
193,183,21.0872401,1839,2021-06-28 18:25:06,52.2447926,1
194,202,21.1214508,1840,2021-06-28 18:25:06,52.2434935,05
195,146,21.043163,1842,2021-06-28 18:25:10,52.247079,07
196,183,21.0875345,1843,2021-06-28 18:25:05,52.2446801,2
197,119,20.9990968,1844,2021-06-28 18:25:04,52.2068505,3
198,115,21.195491,1846,2021-06-28 18:25:09,52.177875,5
199,730,21.3620901,1847,2021-06-28 18:25:03,52.1926323,61
200,119,21.0521091,1848,2021-06-28 18:25:03,52.1984518,4
201,173,21.084096,1849,2021-06-28 18:24:56,52.247898,9
202,183,21.1722241,1850,2021-06-28 18:25:01,52.2511545,4
203,173,21.2317418,1851,2021-06-28 18:24:59,52.2501285,1
204,722,21.2629268,1854,2021-06-28 18:25:08,52.1080015,53
205,147,21.0968468,1855,2021-06-28 18:25:02,52.2175938,3
206,146,21.1547208,1856,2021-06-28 18:25:06,52.1720358,1
207,117,21.0038981,1857,2021-06-28 18:24:58,52.231361,2
208,115,21.172091,1858,2021-06-28 18:24:59,52.205696,1
209,146,21.160274,1859,2021-06-28 18:25:10,52.165273,09
210,115,21.2419281,1860,2021-06-28 18:25:05,52.16986,6
211,119,21.04717,1862,2021-06-28 18:25:01,52.195743,2
212,173,21.2431205,1863,2021-06-28 18:25:06,52.2208141,3
213,146,21.0526455,1866,2021-06-28 18:24:59,52.2503778,3
214,183,21.1917258,1867,2021-06-28 18:25:02,52.2387843,5
215,147,21.0523411,1869,2021-06-28 18:25:03,52.2502858,08
216,139,21.0239554,1903,2021-06-28 18:25:03,52.1795445,53
217,168,21.0976916,1904,2021-06-28 18:25:07,52.2344368,09
218,739,21.0181687,1905,2021-06-28 18:25:02,52.131802,07
219,251,21.1341311,1907,2021-06-28 18:25:06,52.0981761,54
220,178,20.9953009,1908,2021-06-28 18:25:04,52.1870416,012
221,222,20.9960083,1909,2021-06-28 18:25:00,52.1934177,2
222,222,21.0050094,1910,2021-06-28 18:25:08,52.2447033,5
223,139,21.054655,1911,2021-06-28 18:25:10,52.172962,56
224,222,21.009674,1912,2021-06-28 18:25:11,52.244431,6
225,251,21.113581,1914,2021-06-28 18:25:11,52.105991,51
226,222,21.015318,1916,2021-06-28 18:25:11,52.193394,3
227,139,21.096565,1917,2021-06-28 18:25:09,52.142277,52
228,739,21.03978,1918,2021-06-28 18:25:10,52.080666,08
229,251,21.040684,1919,2021-06-28 18:25:10,52.175972,55
230,222,21.0224,1920,2021-06-28 18:25:10,52.207382,1
231,178,20.9519694,1991,2021-06-28 18:25:11,52.2120824,010
232,178,20.8957171,1993,2021-06-28 18:25:11,52.1858262,1
233,168,21.0014487,1994,2021-06-28 18:25:11,52.1949335,08
234,178,20.930058,1995,2021-06-28 18:25:11,52.202705,3
235,178,20.9717766,1996,2021-06-28 18:25:10,52.2288074,6
236,178,21.004717,1998,2021-06-28 18:25:10,52.249592,4
237,178,20.928925,1999,2021-06-28 18:25:11,52.195583,013
238,105,20.8991047,2001,2021-06-28 18:25:11,52.2388247,1
239,136,20.9574292,2003,2021-06-28 18:25:10,52.2255635,6
240,Z10,20.924978,2006,2021-06-28 18:25:10,52.260887,3
241,188,20.97867,2007,2021-06-28 18:25:10,52.171902,09
242,517,20.901649,2008,2021-06-28 18:25:11,52.194271,07
243,191,20.8703672,2009,2021-06-28 18:25:11,52.1835909,3
244,184,20.9637147,2010,2021-06-28 18:25:10,52.2081827,4
245,124,20.9212254,2011,2021-06-28 18:25:11,52.1970607,03
246,401,20.9135427,2013,2021-06-28 18:25:11,52.1991874,1
247,182,21.1128361,2014,2021-06-28 18:25:11,52.2361902,012
248,171,20.9129067,2015,2021-06-28 18:25:11,52.2393907,1
249,401,20.909943,2016,2021-06-28 18:25:11,52.19463,011
250,190,20.935171,2019,2021-06-28 18:25:10,52.240063,014
251,191,20.9841755,2020,2021-06-28 18:25:11,52.2184294,7
252,401,20.977312,2021,2021-06-28 18:25:11,52.183891,5
253,522,21.068739,2022,2021-06-28 18:25:11,52.168507,013
254,193,20.995384,2023,2021-06-28 18:25:10,52.170246,06
255,189,20.896736,2024,2021-06-28 18:25:07,52.236862,14
256,401,20.878916,2026,2021-06-28 18:25:10,52.197727,8
257,522,21.080286,2027,2021-06-28 18:25:09,52.157806,318
258,519,21.0346167,2028,2021-06-28 18:25:11,52.2024782,3
259,501,21.048288,2029,2021-06-28 18:25:11,52.178085,3
260,189,20.980959,2030,2021-06-28 18:25:10,52.182766,9
261,131,21.051397,2032,2021-06-28 18:25:10,52.19912,10
262,522,21.002871,2033,2021-06-28 18:25:01,52.229603,07
263,189,20.8962254,2035,2021-06-28 18:25:11,52.2389566,12
264,519,21.008171,2036,2021-06-28 18:25:10,52.229042,5
265,501,21.015581,2037,2021-06-28 18:25:10,52.220833,5
266,138,21.042589,2038,2021-06-28 18:25:11,52.254032,010
267,501,21.0553877,2040,2021-06-28 18:25:10,52.1815446,2
268,189,21.0043769,2041,2021-06-28 18:25:11,52.1780307,8
269,138,21.037344,2042,2021-06-28 18:25:10,52.222485,012
270,401,21.0275716,2044,2021-06-28 18:25:11,52.16347,012
271,172,21.024092,2045,2021-06-28 18:25:10,52.1991202,010
272,172,20.984123,2200,2021-06-28 18:25:11,52.199783,4
273,523,21.038935,2201,2021-06-28 18:25:07,52.22303,14
274,187,21.051481,2202,2021-06-28 18:25:07,52.198936,3
275,136,21.055626,2203,2021-06-28 18:25:09,52.147408,1
276,Z10,20.9128129,2204,2021-06-28 18:25:11,52.2402059,010
277,171,20.9832249,2205,2021-06-28 18:25:10,52.2382671,011
278,189,20.9150741,2207,2021-06-28 18:25:11,52.207736,10
279,190,21.0155491,2209,2021-06-28 18:25:11,52.2468527,8
280,172,21.0689147,2210,2021-06-28 18:25:11,52.1815194,2
281,122,20.940075,2212,2021-06-28 18:25:10,52.269959,6
282,122,20.924038,2213,2021-06-28 18:25:09,52.252724,07
283,136,21.043316,2215,2021-06-28 18:25:04,52.148575,11
284,190,20.9213387,2216,2021-06-28 18:11:23,52.197379,018
285,401,20.884516,2217,2021-06-28 18:25:11,52.194828,09
286,Z10,20.9131429,2218,2021-06-28 18:25:08,52.2384577,5
287,148,20.97817,2221,2021-06-28 18:25:10,52.169498,8
288,523,21.082369,2222,2021-06-28 18:25:10,52.240921,1
289,191,20.9623707,2223,2021-06-28 18:25:11,52.2157232,9
290,189,21.018917,2224,2021-06-28 18:25:09,52.173576,2
291,191,20.918121,2225,2021-06-28 18:25:10,52.205261,5
292,517,21.0105602,2226,2021-06-28 18:25:10,52.2316677,3
293,136,21.01918,2231,2021-06-28 18:25:10,52.166447,013
294,189,20.9152815,2232,2021-06-28 18:25:10,52.2288071,11
295,317,20.9722117,2233,2021-06-28 18:25:10,52.1822739,08
296,Z10,20.9293475,2235,2021-06-28 18:25:11,52.2232734,011
297,317,21.0117029,2236,2021-06-28 18:25:08,52.1745155,4
298,187,21.0075302,2240,2021-06-28 18:25:11,52.2174262,2
299,136,20.964439,2241,2021-06-28 18:25:11,52.215492,9
300,191,20.927967,2243,2021-06-28 18:25:10,52.203056,1
301,171,20.912909,2244,2021-06-28 18:25:11,52.239464,4
302,Z10,20.91501,2245,2021-06-28 18:25:10,52.229557,9
303,717,20.9649494,2247,2021-06-28 18:25:12,52.2182589,3
304,317,21.066456,2249,2021-06-28 18:25:11,52.170166,06
305,189,21.0689259,2252,2021-06-28 18:25:10,52.1813364,4
306,112,20.8962067,2253,2021-06-28 18:25:11,52.2184507,2
307,191,20.8918754,2254,2021-06-28 18:25:10,52.190675,010
308,141,21.086855,2256,2021-06-28 18:25:10,52.245041,013
309,172,20.977781,2257,2021-06-28 18:25:10,52.210884,7
310,317,21.0405477,2258,2021-06-28 18:25:12,52.1708149,1
311,187,21.0573224,2259,2021-06-28 18:25:11,52.1827082,4
312,L48,21.303106,23481,2021-06-28 04:38:21,52.203297,1
313,L47,21.302303,23482,2021-06-28 18:25:11,52.247929,02
314,L47,21.314754,23483,2021-06-28 18:25:11,52.241512,1
315,L20,21.463814,24511,2021-06-28 18:25:08,52.133034,1
316,L20,21.471601,24512,2021-06-28 13:52:17,52.132278,1
317,L20,21.259722,24513,2021-06-28 18:25:12,52.107697,03
318,L20,21.471657,24515,2021-06-28 17:31:13,52.132061,2
319,245,21.130068,3400,2021-06-28 18:24:54,52.279764,2
320,112,20.961075,3401,2021-06-28 18:25:01,52.275651,018
321,412,21.0683123,3403,2021-06-28 18:25:10,52.3233855,01
322,112,21.092225,3404,2021-06-28 18:25:07,52.307366,7
323,412,21.064631,3405,2021-06-28 18:24:59,52.306878,05
324,500,20.9821498,3406,2021-06-28 18:25:04,52.2532588,08
325,500,21.0048393,3408,2021-06-28 18:24:59,52.2594708,2
326,160,21.0428546,3409,2021-06-28 18:24:53,52.2581751,013
327,245,21.094819,3410,2021-06-28 18:25:03,52.286176,05
328,114,20.985365,3411,2021-06-28 18:25:03,52.268573,011
329,500,20.9817115,3413,2021-06-28 18:25:01,52.2537573,1
330,190,21.045312,3414,2021-06-28 18:25:04,52.2617325,027
331,114,20.9453501,3415,2021-06-28 18:25:00,52.2717015,09
332,114,21.0424151,3416,2021-06-28 18:25:08,52.2989753,010
333,738,21.129303,3417,2021-06-28 18:25:04,52.3523131,3
334,738,21.070123,3418,2021-06-28 18:25:08,52.280433,4
335,190,21.0755815,3421,2021-06-28 18:25:08,52.2873968,021
336,500,21.0417563,3422,2021-06-28 18:25:07,52.3003041,4
337,185,21.0220033,3423,2021-06-28 18:25:08,52.142635,10
338,512,21.0522766,3424,2021-06-28 18:25:07,52.2530105,2
339,512,21.0519638,3426,2021-06-28 18:25:07,52.2528621,3
340,169,21.051651,3427,2021-06-28 18:25:10,52.252886,2
341,185,21.0616313,3428,2021-06-28 18:25:10,52.1889573,7
342,500,21.0419616,3429,2021-06-28 18:25:12,52.293135,6
343,169,21.0342206,3430,2021-06-28 18:25:09,52.2549946,3
344,112,20.896216,3431,2021-06-28 18:25:09,52.2180253,3
345,Z26,20.9745388,3432,2021-06-28 18:25:10,52.2354841,1
346,Z26,20.979653,3434,2021-06-28 18:24:54,52.237355,6
347,175,20.9877928,3435,2021-06-28 18:25:05,52.2095008,55
348,509,20.9422396,3437,2021-06-28 18:25:10,52.3341438,5
349,132,21.0574766,3438,2021-06-28 18:25:07,52.3057845,06
350,738,21.102206,3439,2021-06-28 18:25:03,52.319728,1
351,414,20.955633,3440,2021-06-28 18:24:58,52.237664,07
352,512,21.049685,3441,2021-06-28 18:24:57,52.286009,5
353,500,21.0288371,3442,2021-06-28 18:25:06,52.2661828,7
354,509,21.0718756,3443,2021-06-28 18:25:09,52.2250081,11
355,245,21.0701798,3444,2021-06-28 18:25:05,52.2808303,04
356,145,21.086015,3445,2021-06-28 18:24:57,52.2448116,8
357,509,21.0661765,3446,2021-06-28 18:24:55,52.2262595,14
358,162,21.0282143,3447,2021-06-28 18:25:02,52.2488475,6
359,190,20.8990966,3448,2021-06-28 18:25:02,52.2388315,2
360,112,21.0589978,3449,2021-06-28 18:25:04,52.302052,9
361,112,20.912534,3450,2021-06-28 18:25:03,52.240941,12
362,114,21.043474,3451,2021-06-28 09:14:51,52.2654126,09
363,145,21.0224176,3452,2021-06-28 18:25:03,52.2860376,015
364,527,21.05919,3453,2021-06-28 18:25:06,52.3027983,2
365,190,20.8988745,3454,2021-06-28 18:25:10,52.2388476,1
366,145,21.1268913,3455,2021-06-28 18:25:07,52.2581311,5
367,509,20.9419841,3458,2021-06-28 18:25:09,52.333938,355
368,245,21.106266,3459,2021-06-28 18:25:06,52.2864861,1
369,190,21.0767765,3460,2021-06-28 18:24:58,52.288585,022
370,114,20.917045,3462,2021-06-28 18:25:01,52.312914,2
371,190,21.071873,3463,2021-06-28 18:25:04,52.2828718,6
372,500,21.0421303,3464,2021-06-28 18:25:08,52.3003391,5
373,114,21.0418493,3465,2021-06-28 18:25:08,52.3001643,6
374,112,20.9150315,3466,2021-06-28 18:25:04,52.2290325,1
375,509,21.0470196,3467,2021-06-28 18:25:08,52.2636908,022
376,245,21.0528666,3468,2021-06-28 18:25:06,52.2765098,03
377,114,21.019348,3469,2021-06-28 18:24:53,52.289695,7
378,L17,20.947783,36442,2021-06-28 18:25:08,51.98315,02
379,L19,21.026619,36443,2021-06-28 18:25:13,52.070927,1
380,L17,21.029472,36444,2021-06-28 18:25:10,52.074596,1
381,L19,21.006142,36445,2021-06-28 18:25:10,52.018475,02
382,L30,21.217012,36446,2021-06-28 18:25:10,51.981628,1
383,L28,21.124556,36447,2021-06-28 18:25:08,52.025051,1
384,L30,21.130491,36448,2021-06-28 18:18:01,51.968395,02
385,L42,21.116163,37531,2021-06-28 18:25:10,52.102612,52
386,L21,21.217512,37533,2021-06-28 18:25:10,51.981045,1
387,L16,21.080685,37534,2021-06-28 18:25:08,52.089188,1
388,L14,21.118532,37535,2021-06-28 18:25:11,52.102394,1
389,L15,21.114929,37536,2021-06-28 18:25:11,52.063778,51
390,L39,21.024252,38541,2021-06-28 18:21:26,52.061977,4
391,L39,21.026863,38545,2021-06-28 18:25:05,52.07563,3
392,L32,20.967453,38546,2021-06-28 18:25:11,52.009548,1
393,L39,21.004555,38547,2021-06-28 05:46:58,52.110222,1
394,L39,20.992405,38548,2021-06-28 18:25:09,52.10989,2
395,L23,21.075354,38549,2021-06-28 18:25:13,52.078114,51
396,L52,21.084576,38550,2021-06-28 18:25:07,52.078091,1
397,L12,21.029436,39551,2021-06-28 18:12:23,52.075226,062
398,L-2,20.898272,39552,2021-06-28 18:25:08,52.008076,063
399,L25,21.218802,39554,2021-06-28 18:25:11,51.981628,02
400,L25,21.029507,39555,2021-06-28 18:25:08,52.074898,1
401,L12,20.954319,39556,2021-06-28 18:25:08,52.03101,061
402,L-2,21.027081,39557,2021-06-28 18:25:11,52.078506,64
403,L12,21.00827,39558,2021-06-28 18:25:07,52.05687,65
404,L13,21.040592,39560,2021-06-28 18:25:08,52.026684,1
405,L13,21.024971,39561,2021-06-28 18:25:01,52.029541,03
406,L13,21.010887,39562,2021-06-28 18:25:10,52.060356,2
407,L-5,21.029476,39565,2021-06-28 18:25:09,52.075386,1
408,255,20.952696,4200,2021-06-28 18:25:07,52.22773,2
409,703,20.9430354,4202,2021-06-28 18:25:10,52.1743182,52
410,197,20.9502627,4205,2021-06-28 18:25:10,52.2710765,2
411,902,20.9223249,4206,2021-06-28 16:30:27,52.1964574,M1
412,255,20.9657692,4207,2021-06-28 18:25:10,52.2283667,03
413,154,20.897158,4209,2021-06-28 18:25:11,52.242832,4
414,178,20.938673,4210,2021-06-28 18:25:11,52.202702,011
415,154,20.936783,4211,2021-06-28 18:25:10,52.239716,010
416,711,20.872803,4212,2021-06-28 18:25:11,52.123093,063
417,154,20.959009,4213,2021-06-28 18:25:10,52.221375,1
418,154,20.951548,4214,2021-06-28 18:25:10,52.183491,8
419,711,20.859329,4215,2021-06-28 18:25:11,52.1154352,061
420,122,20.9623796,4216,2021-06-28 18:25:08,52.2593542,3
421,197,20.975737,4217,2021-06-28 18:25:12,52.289707,3
422,197,20.944607,4218,2021-06-28 18:25:08,52.242901,1
423,255,20.9310721,4219,2021-06-28 18:25:11,52.2251774,1
424,197,20.9015424,4221,2021-06-28 18:25:08,52.2171014,10
425,129,20.944157,4224,2021-06-28 18:25:11,52.239029,2
426,121,20.9251494,4225,2021-06-28 18:25:10,52.2725389,03
427,197,20.930085,4227,2021-06-28 18:25:11,52.2557954,5
428,154,20.963955,4228,2021-06-28 18:25:09,52.195431,6
429,902,21.043324,4229,2021-06-28 18:25:11,52.246243,M2
430,154,20.913216,4230,2021-06-28 18:25:10,52.141754,7
431,178,20.895872,4231,2021-06-28 18:25:11,52.185669,9
432,178,20.896383,4232,2021-06-28 18:25:11,52.186722,7
433,714,20.914906,4233,2021-06-28 18:25:10,52.239159,3
434,729,20.713961,4234,2021-06-28 18:25:10,52.278942,02
435,714,20.9185064,4235,2021-06-28 18:25:11,52.2397792,2
436,L-3,20.903009,42362,2021-06-28 18:25:08,52.089039,02
437,154,20.970276,4237,2021-06-28 18:25:11,52.219719,5
438,154,20.8981512,4238,2021-06-28 18:25:11,52.253991,3
439,178,20.978981,4239,2021-06-28 18:25:10,52.229687,8
440,154,20.967251,4240,2021-06-28 18:25:08,52.194748,011
441,714,20.9504707,4241,2021-06-28 18:25:11,52.2385626,04
442,154,20.932018,4242,2021-06-28 18:25:07,52.240314,2
443,154,20.898348,4243,2021-06-28 18:25:11,52.258278,09
444,901,21.0026892,4244,2021-06-28 18:25:11,52.2280839,1
445,901,21.043388,4246,2021-06-28 18:25:10,52.222969,3
446,714,20.804501,4247,2021-06-28 18:25:02,52.253288,1
447,729,20.9508774,4248,2021-06-28 18:25:11,52.2385492,1
448,121,20.969929,4249,2021-06-28 18:25:11,52.272247,2
449,L-1,20.903509,42494,2021-06-28 18:25:08,52.089497,1
450,L-4,21.0165,42495,2021-06-28 06:12:56,52.098907,2
451,L-3,20.905718,42500,2021-06-28 18:24:14,52.091763,1
452,146,21.2045025,4303,2021-06-28 18:25:09,52.1594623,06
453,119,21.2056156,4304,2021-06-28 18:25:11,52.2100572,07
454,117,21.1024957,4305,2021-06-28 18:25:12,52.2221362,4
455,147,21.0497897,4307,2021-06-28 18:25:11,52.2375996,010
456,142,21.0990536,4308,2021-06-28 18:25:11,52.2431025,08
457,702,21.2627961,4312,2021-06-28 18:25:11,52.1080845,1
458,105,16.9750897,4332,2021-06-26 13:35:37,52.5472771,4
459,N72,16.9763326,4333,2021-06-28 15:21:54,52.5456077,215
460,240,21.1074667,4400,2021-06-28 18:25:11,52.3261327,1
461,132,20.9680902,4401,2021-06-28 18:25:09,52.2718652,09
462,126,21.000872,4402,2021-06-28 18:25:10,52.314583,2
463,120,21.056187,4403,2021-06-28 18:25:11,52.264084,5
464,166,21.027153,4404,2021-06-28 18:25:10,52.25996,3
465,156,21.052107,4406,2021-06-28 18:25:09,52.252995,2
466,122,20.976679,4407,2021-06-28 18:25:10,52.28997,010
467,134,21.055387,4408,2021-06-28 18:25:11,52.346626,05
468,106,21.020557,4409,2021-06-28 18:25:10,52.243259,1
469,199,21.074717,4411,2021-06-28 18:25:11,52.28595,3
470,173,21.2290644,4413,2021-06-28 18:25:08,52.2166047,2
471,106,21.015356,4415,2021-06-28 18:25:10,52.240704,2
472,106,21.020863,4416,2021-06-28 18:25:07,52.242645,07
473,170,21.0551327,4417,2021-06-28 18:25:11,52.2631336,2
474,106,20.989773,4418,2021-06-28 18:25:10,52.234512,3
475,120,21.060114,4419,2021-06-28 18:25:07,52.269207,7
476,901,21.018078,4420,2021-06-28 18:25:11,52.23111,4
477,126,21.0568487,4421,2021-06-28 18:25:09,52.3019201,1
478,338,21.0890409,4422,2021-06-28 18:25:11,52.2606814,02
479,106,21.02326,4423,2021-06-28 18:25:08,52.236774,5
480,901,21.0184291,4424,2021-06-28 18:25:11,52.2358844,2
481,156,20.930222,4425,2021-06-28 18:25:08,52.292557,5
482,166,21.037191,4427,2021-06-28 18:25:10,52.234974,4
483,156,20.9428626,4428,2021-06-28 18:25:08,52.2846492,4
484,303,20.940924,4429,2021-06-28 18:25:09,52.285244,2
485,106,20.9663166,4430,2021-06-28 18:25:10,52.2434111,08
486,338,21.0346644,4434,2021-06-28 18:25:11,52.2557472,03
487,122,20.8963104,5200,2021-06-28 18:25:06,52.2398648,08
488,171,21.0101343,5201,2021-06-28 18:25:08,52.2323323,8
489,517,20.9517013,5202,2021-06-28 18:25:07,52.2118485,09
490,523,20.941498,5203,2021-06-28 18:24:59,52.239415,020
491,401,20.873806,5204,2021-06-28 18:24:55,52.195275,013
492,105,20.9373264,5205,2021-06-28 18:25:09,52.2252984,5
493,131,21.0689459,5206,2021-06-28 18:25:03,52.1813322,2
494,182,20.9818178,5207,2021-06-28 18:25:04,52.2162034,011
495,517,20.9812323,5208,2021-06-28 18:25:02,52.2167386,2
496,184,20.943038,5210,2021-06-28 18:24:54,52.245711,2
497,105,20.897546,5211,2021-06-28 18:24:58,52.221436,09
498,523,21.0975871,5212,2021-06-28 18:25:08,52.2482408,015
499,Z10,20.9127871,5213,2021-06-28 18:25:10,52.2393333,1
500,184,20.9218637,5214,2021-06-28 18:25:10,52.2588462,1
501,523,21.0006001,5215,2021-06-28 18:25:06,52.2168536,7
502,131,21.003431,5216,2021-06-28 18:25:01,52.2293923,8
503,189,20.9220571,5217,2021-06-28 16:49:01,52.1957361,11
504,122,20.98467,5218,2021-06-28 18:25:07,52.270846,011
505,401,20.8620667,5219,2021-06-28 18:25:04,52.1903377,6
506,124,20.965104,5222,2021-06-28 18:24:52,52.1516502,1
507,190,21.0768099,5223,2021-06-28 18:25:04,52.2885154,7
508,517,20.9534758,5224,2021-06-28 18:25:02,52.2125283,4
509,523,21.0124473,5225,2021-06-28 18:25:02,52.2169953,6
510,401,21.0193173,5226,2021-06-28 18:25:09,52.173316,4
511,189,21.0644012,5227,2021-06-28 18:25:02,52.1863363,024
512,124,20.9435877,5228,2021-06-28 18:25:10,52.1759949,2
513,131,21.035003,5229,2021-06-28 18:25:00,52.2068,5
514,523,21.0846744,5230,2021-06-28 18:25:02,52.2433673,016
515,189,21.040346,5232,2021-06-28 18:25:03,52.1710963,7
516,148,21.0451823,5233,2021-06-28 18:25:06,52.1655214,011
517,105,20.962035,5234,2021-06-28 18:24:53,52.228281,011
518,105,20.9374543,5235,2021-06-28 18:25:02,52.2256204,3
519,517,20.908433,5236,2021-06-28 18:25:07,52.192486,1
520,171,21.043343,5237,2021-06-28 18:25:01,52.2229,6
521,401,20.8617842,5238,2021-06-28 18:25:00,52.1904534,7
522,182,21.0870951,5239,2021-06-28 18:25:01,52.2362493,9
523,184,20.9639483,5240,2021-06-28 18:25:05,52.2080702,3
524,187,20.9440013,5241,2021-06-28 18:25:10,52.2063053,8
525,190,20.921814,5243,2021-06-28 18:25:06,52.1969283,011
526,189,21.0452404,5244,2021-06-28 18:25:08,52.1773413,018
527,105,20.896501,5245,2021-06-28 18:25:07,52.23543,6
528,148,21.0872243,5246,2021-06-28 18:25:08,52.2447918,012
529,716,20.8403275,5247,2021-06-28 18:25:02,52.1894094,1
530,141,21.038035,5248,2021-06-28 18:25:03,52.2019778,7
531,317,20.9444804,5249,2021-06-28 18:25:02,52.1755795,2
532,188,21.0846028,5250,2021-06-28 18:25:10,52.2501146,3
533,187,20.9499467,5251,2021-06-28 18:25:06,52.2106425,1
534,189,20.8988771,5253,2021-06-28 18:25:08,52.2386532,020
535,401,20.963123,5254,2021-06-28 18:25:07,52.1887165,010
536,190,21.0757458,5255,2021-06-28 18:25:08,52.2876385,016
537,148,21.0411519,5256,2021-06-28 18:25:07,52.1694197,1
538,716,20.896176,5257,2021-06-28 18:24:55,52.201059,2
539,188,21.0190471,5258,2021-06-28 18:25:01,52.2177136,4
540,105,20.898841,5260,2021-06-28 18:25:02,52.238771,08
541,723,20.953733,5401,2021-06-28 18:25:10,52.34145,3
542,185,20.987068,5403,2021-06-28 18:25:10,52.26862,3
543,145,21.1264,5404,2021-06-28 18:25:10,52.260296,4
544,269,21.0416961,5405,2021-06-28 18:25:11,52.3004234,05
545,509,21.093775,5406,2021-06-28 18:25:11,52.227303,13
546,120,21.038801,5407,2021-06-28 18:25:10,52.351944,2
547,527,21.06699,5408,2021-06-28 18:25:10,52.324223,054
548,E-9,21.065882,5409,2021-06-28 18:25:11,52.32452,01
549,731,20.975964,5410,2021-06-28 18:25:10,52.31612,1
550,723,20.9152827,5412,2021-06-28 18:25:11,52.4108525,4
551,705,21.050001,5413,2021-06-28 18:25:11,52.44064,66
552,511,20.9722116,5414,2021-06-28 18:25:10,52.3205286,1
553,723,20.934406,5416,2021-06-28 18:25:10,52.364056,1
554,E-9,20.969616,5417,2021-06-28 18:25:12,52.27475,02
555,511,20.9424074,5418,2021-06-28 18:25:10,52.3485514,2
556,120,21.038773,5419,2021-06-28 18:25:10,52.3522,3
557,160,21.046394,5420,2021-06-28 18:25:11,52.2735565,5
558,511,20.94651,5421,2021-06-28 18:25:10,52.34972,3
559,160,20.994356,5423,2021-06-28 18:25:11,52.242241,012
560,511,20.9640906,5424,2021-06-28 18:25:08,52.3121224,06
561,116,20.98127,5425,2021-06-28 18:25:11,52.269955,4
562,116,20.924952,5426,2021-06-28 18:25:11,52.272377,11
563,527,21.068264,5428,2021-06-28 18:25:11,52.32373,1
564,731,20.9944532,5429,2021-06-28 18:25:10,52.2982637,2
565,145,21.0577807,5430,2021-06-28 18:25:11,52.2922819,11
566,160,21.068478,5432,2021-06-28 18:25:10,52.323296,7
567,414,21.0218644,5434,2021-06-28 18:25:10,52.286722,08
568,527,21.0554049,5436,2021-06-28 18:25:08,52.27534,3
569,705,21.027842,5437,2021-06-28 18:25:11,52.363174,1
570,731,20.9255012,5438,2021-06-28 18:25:11,52.4216619,4
571,738,21.1782336,5439,2021-06-28 18:25:10,52.3997407,2
572,735,21.011715,5441,2021-06-28 18:25:11,52.4538676,64
573,160,21.033953,5443,2021-06-28 18:25:09,52.254269,2
574,E-9,20.970276,5444,2021-06-28 18:25:10,52.275402,04
575,705,21.048461,5445,2021-06-28 03:52:31,52.264575,65
576,735,20.983927,5446,2021-06-28 18:25:10,52.307247,62
577,114,20.9345,5447,2021-06-28 18:25:11,52.2982,08
578,735,21.0013777,5448,2021-06-28 18:25:10,52.313516,63
579,160,21.0029045,5449,2021-06-28 18:25:11,52.2293561,3
580,511,20.9280527,5453,2021-06-28 18:25:11,52.2912429,4
581,160,21.0517452,5454,2021-06-28 18:25:11,52.2694367,09
582,169,21.0413547,5455,2021-06-28 18:25:10,52.2999152,4
583,269,21.0411782,5457,2021-06-28 18:25:10,52.2903524,04
584,180,20.938852,5459,2021-06-28 18:25:11,52.300468,016
585,705,21.033695,5460,2021-06-28 18:25:11,52.393803,65
586,128,21.013,5870,2021-06-28 18:25:09,52.243015,53
587,175,20.9893902,5871,2021-06-28 18:25:10,52.224075,59
588,503,21.0022,5873,2021-06-28 18:25:11,52.2547,1
589,175,20.975746,5874,2021-06-28 18:25:07,52.172363,58
590,138,20.998095,5875,2021-06-28 18:25:08,52.18676,011
591,180,20.9247817,5877,2021-06-28 18:25:08,52.2725547,017
592,709,20.998106,5878,2021-06-28 18:25:09,52.187275,013
593,175,20.983795,5880,2021-06-28 18:25:09,52.198902,070
594,503,21.032179,5881,2021-06-28 18:25:06,52.205498,5
595,175,20.978178,5882,2021-06-28 18:25:11,52.180611,56
596,180,20.924561,5883,2021-06-28 18:25:09,52.272839,10
597,503,20.998091,5885,2021-06-28 18:03:22,52.18679,5
598,180,21.015896,5886,2021-06-28 18:25:05,52.241325,13
599,128,20.976196,5887,2021-06-28 18:25:03,52.200928,074
600,175,20.978291,5888,2021-06-28 18:25:07,52.169456,069
601,180,20.955784,5889,2021-06-28 18:25:11,52.261242,8
602,128,21.003857,5890,2021-06-28 18:25:10,52.227959,62
603,180,20.977135,5891,2021-06-28 18:25:08,52.244442,7
604,504,20.99218,5892,2021-06-28 18:25:11,52.18327, 
605,503,21.002853,5893,2021-06-28 18:25:07,52.254913,3
606,128,20.99568,5894,2021-06-28 18:25:08,52.226543,066
607,503,21.016321,5895,2021-06-28 18:25:07,52.240635,12
608,503,21.002541,5897,2021-06-28 18:25:09,52.254818,2
609,175,21.012762,5898,2021-06-28 18:25:06,52.243187,071
610,128,20.988243,5899,2021-06-28 18:25:07,52.215286,51
611,158,21.071806,5900,2021-06-28 18:25:10,52.241852,5
612,128,21.013889,5902,2021-06-28 18:24:56,52.245296,52
613,158,21.084461,5903,2021-06-28 18:25:11,52.23901,8
614,503,21.049957,5905,2021-06-28 18:25:08,52.144596,8
615,128,20.963743,5906,2021-06-28 18:25:07,52.207706,63
616,503,21.04464,5907,2021-06-28 18:25:07,52.142761,7
617,175,20.990648,5908,2021-06-28 18:25:07,52.225029,068
618,128,21.012909,5909,2021-06-28 18:25:08,52.243176,067
619,128,20.988377,5910,2021-06-28 18:25:11,52.210861,073
620,111,21.067587,5911,2021-06-28 18:25:07,52.225945,4
621,116,20.924736,5913,2021-06-28 18:25:10,52.272438,12
622,175,21.019604,5915,2021-06-28 18:25:09,52.233078,54
623,175,21.012865,5918,2021-06-28 18:25:07,52.243034,60
624,158,20.949295,5920,2021-06-28 18:25:09,52.211563,1
625,116,21.003796,5921,2021-06-28 18:25:07,52.250366,15
626,175,21.1163987,5923,2021-06-28 10:17:16,52.2339737,072
627,116,21.031221,5924,2021-06-28 18:25:08,52.206631,17
628,116,21.084127,5926,2021-06-28 18:25:10,52.168041,3
629,158,21.117683,5927,2021-06-28 18:25:10,52.233795, 
630,116,21.0315137,5928,2021-06-28 18:25:05,52.2059476,5
631,175,20.978218,5929,2021-06-28 18:25:10,52.169437,57
632,158,21.017864,5930,2021-06-28 18:25:10,52.231045,9
633,158,21.009993,5931,2021-06-28 18:25:10,52.229599,3
634,116,21.023205,5932,2021-06-28 18:25:08,52.227058,6
635,111,20.9791236,5933,2021-06-28 18:25:10,52.2443396,2
636,158,20.959457,5934,2021-06-28 18:25:10,52.216179,4
637,503,21.026533,5935,2021-06-28 18:24:59,52.214302,11
638,503,21.042017,5936,2021-06-28 18:25:09,52.171684,10
639,111,21.000065,5937,2021-06-28 18:25:11,52.245441,10
640,158,20.984413,5939,2021-06-28 18:25:11,52.221241,2
641,175,21.019905,5942,2021-06-28 18:25:07,52.231659,072
642,111,21.1015,5943,2021-06-28 18:25:07,52.2233,7
643,158,21.112831,5945,2021-06-28 18:25:07,52.236336,6
644,111,21.063641,5946,2021-06-28 18:25:09,52.230946,8
645,111,21.102467,5947,2021-06-28 18:25:07,52.22208,5
646,503,21.037972,5948,2021-06-28 18:25:09,52.162689,013
647,503,21.0180364,5950,2021-06-28 18:25:07,52.2367832,4
648,180,21.083843,5951,2021-06-28 18:25:08,52.168114,2
649,518,20.937128,5952,2021-06-28 18:25:07,52.332718,7
650,160,20.993917,5954,2021-06-28 18:25:09,52.241898,010
651,111,21.024855,5958,2021-06-28 18:25:10,52.232716,011
652,160,21.058506,5959,2021-06-28 18:25:09,52.318256,08
653,111,20.9939,5960,2021-06-28 18:25:11,52.24868,3
654,190,21.046652,5961,2021-06-28 18:25:11,52.265327,024
655,116,20.937962,5962,2021-06-28 18:25:07,52.278168,13
656,111,20.979444,5963,2021-06-28 18:25:08,52.244434,1
657,518,21.023581,5964,2021-06-28 18:25:06,52.228317,3
658,518,20.942114,5965,2021-06-28 18:25:08,52.334576,08
659,518,20.98715,5966,2021-06-28 18:25:10,52.268024,2
660,160,21.002699,5967,2021-06-28 18:25:07,52.229187,011
661,180,20.974516,5970,2021-06-28 18:25:11,52.254166,11
662,518,20.9727,5972,2021-06-28 18:25:09,52.320278,1
663,E-9,20.968035,5973,2021-06-28 18:25:07,52.272011,03
664,518,21.019367,5975,2021-06-28 18:25:04,52.233509,4
665,180,21.0265857,5976,2021-06-28 18:25:10,52.2139075,6
666,503,21.048296,5978,2021-06-28 18:25:05,52.147953,9
667,503,21.044182,5979,2021-06-28 18:25:08,52.174038,6
668,111,21.102192,5980,2021-06-28 18:25:08,52.222145,6
669,705,20.9694942,5981,2021-06-28 18:25:11,52.269859, 
670,111,21.020697,5982,2021-06-28 18:25:07,52.231663,9
671,128,20.970329,5983,2021-06-28 18:25:09,52.206314,65
672,180,21.077894,5984,2021-06-28 18:25:11,52.174881,4
673,180,21.0265267,5985,2021-06-28 18:25:11,52.2144629,14
674,180,20.983181,5986,2021-06-28 18:25:09,52.245655,12
675,180,20.924961,5987,2021-06-28 18:25:10,52.272415,9
676,180,21.053993,5988,2021-06-28 18:25:09,52.195351,1
677,116,21.053167,5989,2021-06-28 18:25:06,52.184479,1
678,705,21.063187,5990,2021-06-28 18:25:11,52.449417,08
679,116,21.083012,5991,2021-06-28 18:25:10,52.166531,2
680,518,20.956768,5994,2021-06-28 18:25:08,52.313606,6
681,116,21.013695,5995,2021-06-28 18:25:08,52.245659,7
682,116,21.023066,5996,2021-06-28 18:25:11,52.228298,16
683,116,20.924921,5997,2021-06-28 18:25:11,52.272301,10
684,518,20.976572,5998,2021-06-28 18:25:10,52.278824,5
685,116,20.940372,5999,2021-06-28 18:25:11,52.277782,8
686,184,20.9290091,6200,2021-06-28 18:25:10,52.2909707,7
687,112,20.9387846,6201,2021-06-28 18:25:10,52.2761632,11
688,187,20.882483,6203,2021-06-28 18:25:08,52.19772,9
689,167,21.0477216,6204,2021-06-28 18:25:11,52.2116022,013
690,728,20.933512,6207,2021-06-28 18:25:10,52.166065,02
691,Z10,20.91497,6208,2021-06-28 18:25:10,52.233795,7
692,703,20.829821,6209,2021-06-28 18:25:10,52.055027,91
693,414,20.9639097,6210,2021-06-28 18:25:10,52.2078059,04
694,713,20.8488662,6212,2021-06-28 18:25:09,52.215388,3
695,414,20.94935,6213,2021-06-28 18:25:09,52.257828,03
696,184,20.9601259,6214,2021-06-28 18:24:56,52.2194277,5
697,191,20.959213,6215,2021-06-28 18:25:10,52.216084,6
698,105,20.8990946,6216,2021-06-28 18:25:10,52.2387451,7
699,167,21.082943,6217,2021-06-28 18:25:11,52.208321,1
700,105,20.8975054,6218,2021-06-28 18:25:10,52.2163865,010
701,136,21.00878,6220,2021-06-28 18:25:11,52.169941,4
702,189,20.8988022,6221,2021-06-28 18:25:11,52.2387647,13
703,187,21.012026,6222,2021-06-28 18:25:11,52.217068,5
704,105,20.9503982,6223,2021-06-28 18:25:10,52.2272862,4
705,517,20.8688489,6224,2021-06-28 18:25:07,52.1979572,6
706,717,20.840967,6225,2021-06-28 18:25:11,52.192173,2
707,716,20.930569,6226,2021-06-28 18:25:11,52.225052,3
708,188,20.9908517,6227,2021-06-28 18:25:09,52.2165599,1
709,190,20.906353,6228,2021-06-28 18:25:11,52.228497,3
710,187,21.0110662,6229,2021-06-28 18:25:11,52.2171747,6
711,706,20.9118019,6231,2021-06-28 18:25:11,52.1424532,03
712,190,20.923407,6232,2021-06-28 18:25:09,52.240395,9
713,191,20.8938617,6233,2021-06-28 18:25:11,52.1918122,4
714,414,21.02821,6234,2021-06-28 18:25:11,52.287735,02
715,112,20.9811372,6236,2021-06-28 18:25:10,52.2807227,10
716,114,20.9862366,6237,2021-06-28 18:25:10,52.2693954,4
717,728,20.86389,6239,2021-06-28 18:25:10,52.037643,1
718,414,21.0419427,6240,2021-06-28 18:25:11,52.3001285,01
719,517,20.861912,6241,2021-06-28 18:25:10,52.190922,5
720,182,20.965244,6242,2021-06-28 18:25:11,52.218193,7
721,706,20.925133,6243,2021-06-28 18:25:11,52.1588199,2
722,L29,20.492483,65471,2021-06-28 18:25:06,52.262562,1
723,L-6,20.898077,66524,2021-06-28 18:25:06,52.25802,02
724,L-6,20.691999,66525,2021-06-28 18:25:08,52.240444,1
725,190,20.898996,7200,2021-06-28 18:25:10,52.227749,10
726,189,21.065674,7201,2021-06-28 18:25:10,52.185051,6
727,112,21.042174,7202,2021-06-28 18:25:08,52.2955296,019
728,141,21.0436439,7203,2021-06-28 18:25:09,52.2243724,4
729,317,20.9298646,7204,2021-06-28 18:25:11,52.1959245,07
730,131,21.0039182,7205,2021-06-28 18:25:10,52.2295064,011
731,523,20.8982841,7206,2021-06-28 18:25:10,52.2585349,10
732,189,20.939543,7207,2021-06-28 18:25:10,52.193851,019
733,414,20.966253,7208,2021-06-28 18:25:10,52.207729,06
734,721,20.894703,7212,2021-06-28 18:25:11,52.124165,02
735,112,20.9265464,7213,2021-06-28 18:25:11,52.262963,5
736,191,20.908171,7214,2021-06-28 18:25:10,52.192303,2
737,112,21.079296,7215,2021-06-28 18:25:10,52.307068,8
738,713,20.866306,7216,2021-06-28 18:25:08,52.216221,2
739,189,20.896902,7219,2021-06-28 18:25:11,52.232346,022
740,517,20.9874644,7220,2021-06-28 18:25:11,52.2233061,09
741,187,20.910189,7222,2021-06-28 18:25:11,52.1953057,12
742,122,20.976395,7223,2021-06-28 18:25:12,52.289795,2
743,721,20.883228,7225,2021-06-28 18:25:09,52.094692,1
744,706,20.942751,7226,2021-06-28 18:25:11,52.175468,1
745,114,20.930834,7227,2021-06-28 18:25:10,52.290623,3
746,114,20.923012,7228,2021-06-28 18:25:10,52.279224,1
747,112,20.8957797,7229,2021-06-28 18:25:10,52.2025037,014
748,517,20.8618109,7230,2021-06-28 18:25:11,52.190563,08
749,713,20.760628,7231,2021-06-28 18:25:10,52.211349,04
750,717,20.9182867,7232,2021-06-28 18:25:08,52.1894722,1
751,189,21.0425587,7233,2021-06-28 18:25:11,52.1721442,3
752,713,20.9302347,7234,2021-06-28 18:25:10,52.2248684,1
753,187,20.862017,7235,2021-06-28 18:25:12,52.191017,10
754,184,20.920238,7237,2021-06-28 18:25:11,52.257664,6
755,141,21.0920799,7238,2021-06-28 18:25:10,52.2445447,5
756,189,20.914263,7239,2021-06-28 18:25:10,52.208672,16
757,184,20.927382,7240,2021-06-28 18:25:12,52.29113,8
758,317,21.084368,7241,2021-06-28 18:25:11,52.167908,5
759,141,20.943827,7242,2021-06-28 18:25:11,52.175587,1
760,523,20.919273,7243,2021-06-28 18:25:10,52.239738,9
761,401,21.0265942,7244,2021-06-28 18:25:11,52.1703624,3
762,187,20.9632035,7245,2021-06-28 18:25:11,52.2168257,7
763,190,20.9689925,7247,2021-06-28 18:25:11,52.2367905,017
764,188,20.9780997,7248,2021-06-28 18:25:09,52.1695019,5
765,171,20.925116,7249,2021-06-28 18:25:08,52.272491,3
766,317,20.9634159,7250,2021-06-28 18:25:09,52.1838489,3
767,105,20.896736,7251,2021-06-28 18:25:04,52.237133,2
768,167,20.995642,7252,2021-06-28 18:25:09,52.216633,4
769,122,20.9819494,7254,2021-06-28 18:25:10,52.2741362,1
770,191,20.9823991,7256,2021-06-28 18:25:09,52.2176139,8
771,190,20.896715,7257,2021-06-28 18:25:11,52.236965,012
772,187,20.860167,7258,2021-06-28 18:25:07,52.192978,11
773,189,20.916545,7259,2021-06-28 18:25:11,52.2257142,15
774,125,21.164646,7301,2021-06-28 18:25:11,52.217167,08
775,507,21.078682,7303,2021-06-28 18:25:11,52.225975,5
776,188,20.9884207,7304,2021-06-28 18:25:10,52.2110654,07
777,138,20.9953826,7305,2021-06-28 18:25:11,52.1702774,4
778,151,21.0407767,7306,2021-06-28 18:25:10,52.2237342,04
779,509,20.9723761,7307,2021-06-28 18:25:10,52.3207571,7
780,138,21.087067,7308,2021-06-28 18:25:11,52.260773,1
781,188,21.0840782,7310,2021-06-28 18:25:10,52.2433754,2
782,182,20.9860762,7312,2021-06-28 18:25:10,52.2162166,5
783,E-1,21.0464767,7314,2021-06-28 18:25:10,52.2352212,01
784,143,21.0941746,7315,2021-06-28 18:25:11,52.2441374,7
785,188,21.1266351,7316,2021-06-28 18:25:10,52.2410454,08
786,402,20.992569,7317,2021-06-28 18:25:12,52.180256,3
787,182,21.0199317,7318,2021-06-28 18:25:09,52.2180242,4
788,182,21.0688291,7319,2021-06-28 18:25:11,52.2300497,3
789,411,21.10252,7320,2021-06-28 18:25:09,52.2221077,01
790,182,20.9649287,7322,2021-06-28 18:25:10,52.2180712,8
791,E-1,21.102465,7323,2021-06-28 18:25:07,52.222057,02
792,138,21.0094431,7325,2021-06-28 18:25:11,52.2032295,3
793,141,21.059034,7326,2021-06-28 18:25:10,52.227581,6
794,E-1,21.098404,7327,2021-06-28 18:25:11,52.22369,03
795,182,21.1128344,7328,2021-06-28 18:25:09,52.2362884,1
796,523,20.9604597,7329,2021-06-28 18:25:11,52.2169885,017
797,171,20.9630874,7330,2021-06-28 18:25:10,52.2375232,5
798,162,21.0308369,7331,2021-06-28 18:25:10,52.2332344,013
799,141,21.010672,7333,2021-06-28 18:25:11,52.195786,8
800,116,20.986809,7334,2021-06-28 18:25:10,52.268288,69
801,110,20.87697,742,2021-06-28 18:25:03,52.29155,1
802,750,20.741047,745,2021-06-28 18:25:09,52.39106,07
803,250,20.896353,746,2021-06-28 18:25:10,52.29541,1
804,850,20.630489,749,2021-06-28 18:25:04,52.380142,2
805,150,20.931147,750,2021-06-28 18:25:11,52.293137,1
806,750,20.876862,755,2021-06-28 18:25:12,52.351509,2
807,110,20.968563,757,2021-06-28 18:25:09,52.272163,3
808,150,20.847082,758,2021-06-28 18:25:12,52.341396,2
809,750,20.901693,761,2021-06-28 18:25:08,52.328236,4
810,750,20.736536,762,2021-06-28 18:25:09,52.390404,1
811,850,20.882517,763,2021-06-28 18:25:09,52.342426,1
812,151,21.0149902,7701,2021-06-28 18:25:11,52.2168592,1
813,411,21.0683035,7702,2021-06-28 18:25:11,52.2302152,04
814,402,21.1386214,7703,2021-06-28 18:25:11,52.2384535,7
815,151,21.1066756,7704,2021-06-28 18:25:11,52.2296862,05
816,110,16.9776224,7715,2021-06-28 18:25:11,52.5461189,3
817,150,20.867760833,773,2021-06-28 18:25:12,52.351089667,05
818,150,20.898933,774,2021-06-28 18:25:10,52.334435,3
819,250,20.868563,775,2021-06-28 18:25:09,52.332806,3
820,250,20.932043,776,2021-06-28 18:25:11,52.287674,2
821,750,20.9285632,777,2021-06-28 18:25:10,52.2908582,3
822,143,21.1677343,8103,2021-06-28 18:25:02,52.2634858,011
823,167,20.9559796,8108,2021-06-28 18:25:05,52.228029,8
824,217,21.0423408,8109,2021-06-28 18:25:09,52.1755085,2
825,174,21.015989,8110,2021-06-28 18:25:07,52.1910005,010
826,136,20.9787858,8112,2021-06-28 18:24:56,52.210515,014
827,709,21.012818,8115,2021-06-28 18:25:04,52.0732931,8
828,174,21.0049323,8119,2021-06-28 18:25:03,52.2183703,6
829,136,20.966008,8120,2021-06-28 18:25:05,52.2431601,7
830,143,20.99604,8121,2021-06-28 18:25:09,52.186293,09
831,504,21.0057531,8123,2021-06-28 18:25:05,52.171484,3
832,165,21.00151,8124,2021-06-28 18:25:04,52.1562295,4
833,727,20.9648481,8125,2021-06-28 18:25:03,52.0363461,3
834,709,21.0023311,8126,2021-06-28 18:25:08,52.1830095,014
835,402,21.1429975,8130,2021-06-28 18:25:02,52.237417,5
836,136,21.0262845,8131,2021-06-28 18:25:06,52.1560308,012
837,148,21.0941581,8133,2021-06-28 18:25:03,52.227986,5
838,402,21.0126808,8134,2021-06-28 18:25:07,52.1743193,9
839,167,21.0264125,8135,2021-06-28 18:25:07,52.2089983,9
840,162,21.030393,8136,2021-06-28 18:25:05,52.2394916,08
841,162,21.041541,8137,2021-06-28 18:24:53,52.195619,011
842,162,21.0272938,8138,2021-06-28 18:25:10,52.2596076,7
843,136,21.0479798,8139,2021-06-28 18:25:06,52.1509446,016
844,168,21.0268746,8140,2021-06-28 18:25:05,52.2085918,4
845,504,21.019268,8143,2021-06-28 18:25:01,52.1527746,011
846,504,21.0503373,8144,2021-06-28 18:25:06,52.136626,4
847,709,21.0220301,8145,2021-06-28 18:25:08,52.075025,011
848,727,21.0181946,8146,2021-06-28 18:25:06,52.1403741,2
849,148,21.051691,8148,2021-06-28 18:25:02,52.185853,6
850,709,21.0175553,8152,2021-06-28 18:25:04,52.1430598,1
851,217,21.0781585,8153,2021-06-28 18:25:03,52.1570323,1
852,136,20.9564321,8154,2021-06-28 18:24:59,52.2377336,8
853,131,21.019124,8155,2021-06-28 18:25:08,52.2123298,9
854,709,21.0190096,8156,2021-06-28 18:25:07,52.1027755,6
855,308,20.9955673,8158,2021-06-28 18:25:02,52.1887503,01
856,136,20.9936486,8160,2021-06-28 18:24:57,52.1888256,5
857,504,21.0041401,8162,2021-06-28 18:25:03,52.2295598,1
858,709,21.0177385,8164,2021-06-28 18:25:10,52.135442,9
859,331,20.9963226,8165,2021-06-28 18:25:03,52.1879121,03
860,148,21.086228,8167,2021-06-28 18:25:07,52.2447726,4
861,218,21.001978,8168,2021-06-28 18:25:04,52.182781,3
862,504,21.0687813,8169,2021-06-28 18:25:09,52.1289131,5
863,131,21.0121838,8170,2021-06-28 18:25:02,52.2291565,1
864,167,20.9798278,8172,2021-06-28 18:25:06,52.215075,010
865,143,21.052111,8173,2021-06-28 18:24:56,52.226008,010
866,218,21.0049075,8174,2021-06-28 18:25:06,52.1780331,1
867,727,20.9795926,8175,2021-06-28 18:25:06,52.0469906,4
868,709,21.0238728,8176,2021-06-28 18:25:04,52.1800791,3
869,143,21.0065871,8177,2021-06-28 18:25:08,52.2169045,5
870,138,21.040338,8178,2021-06-28 18:25:04,52.2505425,7
871,709,21.012939,8181,2021-06-28 18:24:52,52.0722988,7
872,136,21.0557836,8182,2021-06-28 18:25:07,52.1474688,2
873,218,21.022031,8183,2021-06-28 18:25:09,52.194361,4
874,131,21.0154175,8184,2021-06-28 18:25:08,52.2159361,6
875,143,21.1327681,8185,2021-06-28 18:25:06,52.2399973,8
876,217,21.0285716,8187,2021-06-28 18:24:55,52.1783146,4
877,185,21.040153,8188,2021-06-28 18:24:59,52.146648,9
878,504,21.0140008,8189,2021-06-28 18:25:02,52.1674946,7
879,709,21.0182005,8190,2021-06-28 18:25:02,52.1320653,5
880,131,21.070852,8192,2021-06-28 18:25:05,52.180396,4
881,504,20.9838213,8195,2021-06-28 18:25:10,52.197939,2
882,504,20.991563,8196,2021-06-28 18:25:05,52.2256198,013
883,218,21.0238376,8197,2021-06-28 18:25:00,52.1798683,2
884,331,20.9969023,8198,2021-06-28 18:25:09,52.1875313,02
885,174,20.9953481,8199,2021-06-28 18:25:02,52.1701016,4
886,402,21.0495535,8201,2021-06-28 18:24:58,52.1954991,4
887,151,21.115749,8202,2021-06-28 10:44:07,52.233741,05
888,151,21.1175305,8204,2021-06-28 10:20:01,52.2338373,06
889,151,21.0623161,8208,2021-06-28 18:24:57,52.2285813,2
890,521,20.963815,8214,2021-06-28 18:24:58,52.207889,1
891,125,21.1934321,8216,2021-06-28 18:25:09,52.2073496,2
892,182,21.0114855,8218,2021-06-28 18:25:02,52.2170761,013
893,509,21.1022835,8220,2021-06-28 18:25:01,52.2218876,023
894,182,21.0981153,8222,2021-06-28 18:25:08,52.2357323,2
895,509,21.0359925,8223,2021-06-28 18:25:07,52.2534213,024
896,151,21.086245,8225,2021-06-28 18:25:02,52.235599,06
897,509,21.051549,8228,2021-06-28 18:25:03,52.238855,10
898,521,20.983423,8229,2021-06-28 18:25:06,52.2191635,2
899,523,20.912356,8231,2021-06-28 18:24:57,52.241638,021
900,162,21.0342195,8233,2021-06-28 18:25:03,52.2555773,014
901,145,21.0356633,8300,2021-06-28 18:25:01,52.2884673,2
902,145,21.126819,8301,2021-06-28 18:25:01,52.259458,9
903,509,20.9732533,8303,2021-06-28 18:25:07,52.3191038,3
904,171,21.011451,8304,2021-06-28 18:24:57,52.230498,010
905,509,21.116975,8305,2021-06-28 09:25:27,52.233583,022
906,117,21.011164,8306,2021-06-28 18:24:57,52.2299611,3
907,116,21.0564406,8309,2021-06-28 18:25:00,52.1810715,4
908,141,20.97147,8310,2021-06-28 18:25:09,52.185806,2
909,168,20.995648,8311,2021-06-28 18:25:06,52.192861,3
910,151,21.026611,8312,2021-06-28 18:25:00,52.219619,3
911,720,21.2755711,8313,2021-06-28 18:25:10,52.1994883,02
912,162,21.048826,8314,2021-06-28 18:25:09,52.2067338,2
913,117,21.0657356,8315,2021-06-28 18:25:11,52.2243325,06
914,521,21.2047856,8318,2021-06-28 18:25:07,52.159356,4
915,185,21.0219696,8319,2021-06-28 18:25:08,52.1425115,11
916,151,21.116836,8320,2021-06-28 09:58:49,52.233566,04
917,162,21.0483993,8322,2021-06-28 18:24:56,52.2061395,5
918,509,21.0295735,8323,2021-06-28 18:25:07,52.256181,9
919,148,21.0170388,8324,2021-06-28 18:25:03,52.1529535,7
920,143,21.1767948,8326,2021-06-28 18:25:05,52.2620301,1
921,145,21.0001553,8328,2021-06-28 18:25:09,52.2913336,1
922,507,21.0053446,8329,2021-06-28 18:24:57,52.229584,08
923,148,21.049549,8330,2021-06-28 18:24:55,52.195328,2
924,145,21.0882788,8332,2021-06-28 18:25:09,52.2447695,7
925,523,20.9563896,8333,2021-06-28 18:25:00,52.2380675,12
926,148,21.0934075,8334,2021-06-28 18:25:05,52.2269936,3
927,145,21.1263056,8335,2021-06-28 18:25:05,52.2602928,014
928,143,21.1252785,8337,2021-06-28 18:25:08,52.2350561,2
929,125,21.0453298,8340,2021-06-28 18:25:07,52.2483283,4
930,523,21.0202525,8341,2021-06-28 18:24:54,52.2181573,5
931,507,21.052371,8342,2021-06-28 18:25:03,52.238456,1
932,171,20.932486,8343,2021-06-28 18:24:57,52.268165,09
933,502,21.133534,8344,2021-06-28 18:24:55,52.23129,1
934,507,21.102213,8345,2021-06-28 18:25:04,52.222029,3
935,145,21.038934,8348,2021-06-28 18:25:02,52.288201,3
936,507,21.026315,8349,2021-06-28 18:24:57,52.232956,6
937,145,21.0249267,8350,2021-06-28 18:25:11,52.2867317,012
938,507,21.102213,8351,2021-06-28 18:24:54,52.222098,4
939,502,21.091188,8352,2021-06-28 18:25:01,52.235593,4
940,523,21.084413,8353,2021-06-28 18:24:58,52.244326,2
941,502,21.023675,8354,2021-06-28 18:25:01,52.219014,011
942,523,20.95241,8356,2021-06-28 18:25:09,52.238256,8
943,514,21.0156233,8358,2021-06-28 18:24:57,52.2192567,3
944,523,21.1067317,8359,2021-06-28 18:25:12,52.24794,3
945,507,21.00402,8360,2021-06-28 18:25:01,52.2308217,7
946,202,21.083626,8361,2021-06-28 18:25:10,52.250301,1
947,502,21.016071,8362,2021-06-28 18:24:53,52.221583,2
948,188,20.9786367,8363,2021-06-28 18:24:58,52.1772183,6
949,138,21.010805,8364,2021-06-28 18:24:54,52.203446,6
950,514,21.2373017,8365,2021-06-28 18:25:02,52.2498817,1
951,523,21.101324,8366,2021-06-28 18:24:51,52.247286,4
952,502,21.217929,8368,2021-06-28 18:25:07,52.216143,5
953,145,21.118211,8398,2021-06-28 18:24:52,52.234315,013
954,402,21.043479,8403,2021-06-28 18:25:10,52.172701,011
955,521,21.1093625,8408,2021-06-28 18:25:05,52.2407031,07
956,143,21.1086848,8410,2021-06-28 18:25:06,52.2408668,012
957,523,20.9733043,8414,2021-06-28 18:25:07,52.2190476,13
958,148,21.04185,8417,2021-06-28 18:25:01,52.147514,9
959,148,20.973481,8430,2021-06-28 18:25:04,52.1721176,010
960,162,21.036123,8437,2021-06-28 18:25:06,52.2211355,012
961,125,21.1964806,8438,2021-06-28 18:25:02,52.2083363,1
962,162,21.034563,8440,2021-06-28 18:25:02,52.255243,015
963,145,21.125702,8441,2021-06-28 18:25:10,52.234833,6
964,269,21.042324,8442,2021-06-28 18:25:10,52.295708,01
965,723,21.0008607,8443,2021-06-28 18:25:10,52.2913147,2
966,114,21.034451,8445,2021-06-28 18:25:10,52.288605,5
967,120,21.0509775,8446,2021-06-28 18:25:10,52.2525597,6
968,731,20.925072,8447,2021-06-28 18:25:11,52.390606,3
969,160,21.0509611,8448,2021-06-28 18:25:09,52.2912431,1
970,132,21.0485724,8449,2021-06-28 18:25:10,52.3250212,04
971,412,21.090773,8450,2021-06-28 18:25:10,52.305611,052
972,112,21.040731,8451,2021-06-28 18:25:11,52.287991,6
973,527,21.0590392,8452,2021-06-28 18:25:10,52.3027274,06
974,160,21.050861,8453,2021-06-28 18:25:11,52.291237,014
975,160,21.0023742,8454,2021-06-28 18:25:10,52.2292617,4
976,160,21.0582667,8455,2021-06-28 18:25:11,52.3187122,6
977,132,20.977318,8457,2021-06-28 18:25:10,52.278736,08
978,527,21.055305,8458,2021-06-28 18:25:09,52.275032,055
979,Z26,21.0017322,8459,2021-06-28 18:25:10,52.2447807,3
980,412,21.043627,8460,2021-06-28 18:25:11,52.25024,053
981,120,21.053885,8461,2021-06-28 18:25:11,52.295189,4
982,414,20.9634886,8462,2021-06-28 18:25:11,52.2157642,05
983,511,20.942631,8463,2021-06-28 18:25:08,52.348644,05
984,509,21.0116265,8465,2021-06-28 18:25:10,52.2788397,2
985,136,21.02707,8500,2021-06-28 18:25:06,52.1514267,3
986,501,21.0179917,8501,2021-06-28 18:25:03,52.2129367,06
987,138,21.100563,8502,2021-06-28 18:25:08,52.260623,9
988,189,21.0687133,8503,2021-06-28 18:25:00,52.1814417,5
989,522,21.0798767,8504,2021-06-28 18:25:00,52.1575633,4
990,401,21.017858,8505,2021-06-28 18:24:59,52.173586,2
991,131,21.069369,8506,2021-06-28 18:25:05,52.181519,7
992,501,21.0487567,8507,2021-06-28 18:25:01,52.18829,4
993,138,21.0184617,8508,2021-06-28 18:24:57,52.2176567,2
994,189,20.957161,8509,2021-06-28 18:24:54,52.190555,1
995,501,21.0026933,8510,2021-06-28 18:24:59,52.2292483,1
996,189,20.9864167,8511,2021-06-28 18:25:11,52.1818267,027
997,Z26,21.0286683,8512,2021-06-28 18:25:04,52.2521567,4
998,186,20.958298,8513,2021-06-28 18:25:01,52.266463,013
999,733,20.792338,8514,2021-06-28 18:25:02,52.025509,01
1000,Z26,20.974303,8515,2021-06-28 18:25:05,52.235374,7
1001,522,21.05243,8516,2021-06-28 18:25:09,52.185175,2
1002,141,20.9441967,8517,2021-06-28 18:24:59,52.1754433,10
1003,519,21.076503,8519,2021-06-28 18:25:03,52.167794,7
1004,519,21.084444,8520,2021-06-28 18:25:09,52.164291,1
1005,186,20.965653,8522,2021-06-28 18:24:59,52.272778,10
1006,733,20.925003,8523,2021-06-28 18:24:59,52.169595,62
1007,522,21.015906,8525,2021-06-28 18:24:52,52.222648,011
1008,172,21.056795,8526,2021-06-28 18:25:03,52.1822933,63
1009,172,20.964424,8528,2021-06-28 18:25:05,52.217378,5
1010,308,21.003053,8530,2021-06-28 18:25:03,52.188903,02
1011,172,21.069076,8532,2021-06-28 18:25:04,52.181506,1
1012,Z26,20.979794,8533,2021-06-28 18:25:10,52.236916,2
1013,138,20.9956733,8534,2021-06-28 18:25:01,52.170195,5
1014,522,21.015526,8535,2021-06-28 18:25:02,52.217219,1
1015,172,20.955625,8536,2021-06-28 18:25:02,52.2120233,6
1016,522,21.062168,8537,2021-06-28 18:25:02,52.175613,5
1017,709,21.02007,8539,2021-06-28 18:24:56,52.173056,4
1018,172,20.9872967,8540,2021-06-28 18:24:57,52.1979583,8
1019,185,21.011524,8541,2021-06-28 18:25:07,52.255346,6
1020,172,21.03502,8543,2021-06-28 18:25:02,52.2018933,9
1021,519,21.010108,8544,2021-06-28 18:25:00,52.229678,4
1022,522,21.031199,8546,2021-06-28 18:25:06,52.206335,012
1023,522,21.02193,8547,2021-06-28 18:25:05,52.211033,6
1024,402,21.083655,8548,2021-06-28 18:25:03,52.206866,010
1025,186,20.94112,8549,2021-06-28 18:25:05,52.330425,015
1026,186,20.963801,8550,2021-06-28 18:24:55,52.20781,016
1027,709,21.018273,8551,2021-06-28 18:24:54,52.115013,10
1028,136,20.997845,8552,2021-06-28 18:25:01,52.1833283,10
1029,Z26,20.999794,8555,2021-06-28 18:25:04,52.24407,5
1030,519,21.034179,8556,2021-06-28 18:24:59,52.202981,6
1031,Z26,21.0370167,8558,2021-06-28 18:25:05,52.2569083,08
1032,217,21.072875,8559,2021-06-28 18:25:02,52.1600283,06
1033,519,21.0928467,8560,2021-06-28 18:24:56,52.1167633,2
1034,411,21.091975,8561,2021-06-28 18:25:09,52.225041,02
1035,521,21.204454,8562,2021-06-28 18:25:07,52.159343,09
1036,402,20.99324,8563,2021-06-28 18:25:03,52.178711,2
1037,521,21.198473,8564,2021-06-28 18:24:58,52.173968,08
1038,502,21.216971,8565,2021-06-28 18:25:09,52.223963,014
1039,502,21.239583,8566,2021-06-28 18:25:05,52.216093,6
1040,402,21.02101,8567,2021-06-28 18:25:10,52.1732083,014
1041,509,20.9421483,8568,2021-06-28 18:25:06,52.3338083,021
1042,171,20.9267233,8569,2021-06-28 18:24:57,52.2637667,2
1043,411,21.015046,8571,2021-06-28 18:24:59,52.217028,03
1044,E-1,21.0433717,8572,2021-06-28 18:24:58,52.2478083,04
1045,202,21.07823,8573,2021-06-28 18:25:00,52.2503767,2
1046,411,21.115896,8574,2021-06-28 10:20:57,52.233514,01
1047,720,21.25427,8576,2021-06-28 18:25:09,52.2197233,1
1048,162,21.08502,8578,2021-06-28 18:25:06,52.193518,4
1049,125,21.057378,8579,2021-06-28 18:25:00,52.247006,09
1050,731,20.924209,8583,2021-06-28 18:24:53,52.391111,5
1051,269,21.05358,8584,2021-06-28 18:24:57,52.2759717,02
1052,269,21.048829,8585,2021-06-28 18:25:03,52.274498,03
1053,514,21.07891,8586,2021-06-28 18:25:09,52.2350817,2
1054,523,21.115558,8587,2021-06-28 08:55:25,52.233753,3
1055,145,21.0525617,8588,2021-06-28 18:24:59,52.2922867,016
1056,514,21.1357317,8589,2021-06-28 18:25:00,52.242125,4
1057,502,21.0256533,8590,2021-06-28 18:24:53,52.2195333,3
1058,507,21.09301,8592,2021-06-28 18:25:03,52.2250117,2
1059,145,21.108208,8593,2021-06-28 18:24:55,52.286843,10
1060,138,21.0932967,8595,2021-06-28 18:25:10,52.26464,8
1061,186,20.98376,8801,2021-06-28 18:25:09,52.307348,11
1062,185,21.0635228,8802,2021-06-28 18:25:07,52.186637,1
1063,727,21.0171656,8803,2021-06-28 18:25:05,52.1644965,1
1064,217,21.0239785,8804,2021-06-28 18:25:05,52.1796775,3
1065,185,20.976026,8805,2021-06-28 18:25:07,52.289713,4
1066,402,21.056421,8806,2021-06-28 18:25:02,52.200381,8
1067,131,21.0688081,8808,2021-06-28 18:25:08,52.1814653,3
1068,709,21.0241958,8809,2021-06-28 18:25:07,52.179961,2
1069,174,20.998968,8810,2021-06-28 18:25:06,52.232358,1
1070,165,21.0158216,8811,2021-06-28 18:25:10,52.1799466,3
1071,167,21.009061,8812,2021-06-28 18:25:08,52.207821,011
1072,402,20.9935911,8813,2021-06-28 18:25:08,52.1790363,1
1073,167,21.083246,8814,2021-06-28 18:25:04,52.208329,2
1074,167,21.0293841,8816,2021-06-28 18:25:03,52.2068928,3
1075,308,21.012241,8817,2021-06-28 18:24:19,52.189013,03
1076,504,20.984763,8818,2021-06-28 18:24:55,52.201541,9
1077,331,20.9970221,8819,2021-06-28 18:25:08,52.1877465,04
1078,522,21.078396,8820,2021-06-28 18:25:00,52.157153,014
1079,174,20.9959935,8821,2021-06-28 18:25:06,52.1860451,08
1080,174,21.0043845,8822,2021-06-28 18:25:10,52.171222,5
1081,522,21.0461576,8823,2021-06-28 18:25:02,52.1907271,015
1082,167,20.9604293,8824,2021-06-28 18:25:07,52.2175425,6
1083,709,21.0186611,8825,2021-06-28 18:25:02,52.099947,012
1084,504,21.0000771,8826,2021-06-28 18:25:08,52.1785038,8
1085,143,21.0144776,8828,2021-06-28 18:25:04,52.2168955,4
1086,509,20.9405826,8829,2021-06-28 18:25:02,52.3269111,4
1087,523,20.8981826,8830,2021-06-28 18:25:12,52.2584045,11
1088,125,21.0412256,8831,2021-06-28 18:25:04,52.2414555,5
1089,171,21.0432943,8832,2021-06-28 18:25:01,52.2228186,7
1090,141,20.956879,8833,2021-06-28 18:25:01,52.1885198,9
1091,704,21.1269771,8834,2021-06-28 18:25:07,52.2334158,2
1092,521,21.173041,8835,2021-06-28 18:25:07,52.1994293,5
1093,182,20.9608568,8837,2021-06-28 18:25:08,52.216065,6
1094,182,21.026044,8838,2021-06-28 18:25:10,52.219586,010
1095,704,21.282226,8839,2021-06-28 18:24:51,52.221641,1
1096,185,20.975411,8840,2021-06-28 18:25:08,52.2892,5
1097,125,21.1151751,8841,2021-06-28 18:25:05,52.2395705,6
1098,521,21.1306861,8843,2021-06-28 18:25:07,52.2326698,3
1099,185,21.037178,8844,2021-06-28 18:24:59,52.233756,2
1100,402,21.09386,8845,2021-06-28 18:25:11,52.2154013,013
1101,143,21.0789048,8846,2021-06-28 18:25:07,52.2355485,3
1102,143,21.0059423,8847,2021-06-28 18:25:02,52.2145306,6
1103,125,21.1082301,8849,2021-06-28 18:24:55,52.2410023,3
1104,521,21.0106961,8850,2021-06-28 18:25:04,52.2295236,6
1105,523,20.9058345,8851,2021-06-28 18:25:03,52.2550503,019
1106,141,21.0222596,8852,2021-06-28 18:25:08,52.1970893,3
1107,125,21.1714073,8853,2021-06-28 18:25:00,52.2099061,7
1108,509,20.991634,8854,2021-06-28 18:25:10,52.301271,8
1109,402,21.155917,8855,2021-06-28 18:25:04,52.2403191,6
1110,512,21.0351681,8856,2021-06-28 18:25:05,52.2547223,1
1111,509,21.102039,8857,2021-06-28 18:25:09,52.221994,12
1112,169,21.0445655,8858,2021-06-28 18:25:04,52.2785231,1
1113,112,20.912769,8859,2021-06-28 18:25:02,52.239608,4
1114,512,21.055904,8861,2021-06-28 18:24:58,52.264149,4
1115,412,21.03562,8862,2021-06-28 18:24:57,52.254733,04
1116,738,21.0526711,8864,2021-06-28 18:25:02,52.2766728,05
1117,500,21.0459893,8865,2021-06-28 10:43:17,52.2651186,08
1118,169,21.0418581,8866,2021-06-28 18:25:03,52.3001723,5
1119,162,21.0272913,8867,2021-06-28 18:25:02,52.2597515,1
1120,190,20.9951676,8868,2021-06-28 18:25:05,52.2424886,5
1121,190,21.0344073,8869,2021-06-28 18:25:04,52.2543636,023
1122,190,20.9914088,8871,2021-06-28 18:25:04,52.2440871,025
1123,190,21.035617,8872,2021-06-28 18:25:03,52.254973,026
1124,738,21.1813276,8873,2021-06-28 18:25:05,52.4182145,06
1125,500,21.0409228,8874,2021-06-28 18:24:54,52.2849706,3
1126,190,20.9806601,8875,2021-06-28 18:25:03,52.2384288,4
1127,162,21.0849651,8876,2021-06-28 18:25:02,52.193276,3
1128,512,21.0750148,8878,2021-06-28 18:25:07,52.2864606,06
1129,509,21.0283616,8879,2021-06-28 18:24:57,52.2570828,1
1130,709,20.996574,8880,2021-06-25 18:58:33,52.18762,016
1131,186,20.9597146,8881,2021-06-28 18:25:02,52.2201613,014
1132,165,20.9922276,8882,2021-06-28 18:25:01,52.1661653,2
1133,128,20.9635901,8883,2021-06-28 18:24:55,52.2077203,64
1134,180,21.039173,8885,2021-06-28 18:24:58,52.206653,5
1135,167,20.956888,8886,2021-06-28 18:25:07,52.227393,5
1136,189,20.8990708,8887,2021-06-28 18:25:06,52.2387051,021
1137,128,21.0163713,8888,2021-06-28 18:25:04,52.2404455,61
1138,504,21.043719,8891,2021-06-28 18:25:03,52.1441978,012
1139,165,21.024286,8892,2021-06-28 18:24:55,52.179769,1
1140,116,21.083791,8893,2021-06-28 18:25:03,52.168226,53
1141,217,21.023961,8894,2021-06-28 18:24:55,52.179724,05
1142,136,20.9582476,8895,2021-06-28 18:24:58,52.224161,015
1143,174,21.0173203,8896,2021-06-28 18:25:02,52.1888601,07
1144,180,21.0839013,8897,2021-06-28 18:25:09,52.1679273,015
1145,167,20.9394303,8898,2021-06-28 18:25:02,52.2357786,7
1146,504,21.068492,8899,2021-06-28 18:24:53,52.1291863,6
1147,161,21.188345,9061,2021-06-28 18:25:11,52.183956,2
1148,161,21.188335,9063,2021-06-28 18:25:08,52.171947,3
1149,262,21.063587,9064,2021-06-28 18:25:09,52.272839,03
1150,314,20.9748,9065,2021-06-28 18:25:10,52.316616,04
1151,314,21.022232,9066,2021-06-28 18:25:10,52.311798,02
1152,104,21.024252,9068,2021-06-28 18:25:10,52.297062,2
1153,161,21.224813,9070,2021-06-28 18:25:07,52.186687,1
1154,225,21.127586,9071,2021-06-28 18:25:07,52.255764,2
1155,225,21.128466,9074,2021-06-28 18:25:09,52.252663,4
1156,225,21.102514,9075,2021-06-28 18:25:11,52.222782,3
1157,211,20.96615,9077,2021-06-28 18:25:10,52.312332,08
1158,314,20.951384,9078,2021-06-28 18:25:08,52.316845,01
1159,104,21.000025,9081,2021-06-28 18:25:10,52.291821,1
1160,314,21.045095,9082,2021-06-28 18:25:07,52.345165,03
1161,262,21.067276,9083,2021-06-28 18:25:06,52.277309,2
1162,225,21.168051,9088,2021-06-28 18:25:11,52.276527,1
1163,211,20.996071,9090,2021-06-28 18:25:10,52.297112,2
1164,211,20.985149,9091,2021-06-28 18:25:07,52.303738,07
1165,262,21.087872,9092,2021-06-28 18:25:11,52.286572,1
1166,305,21.168474,9093,2021-06-28 18:25:09,52.225643,1
1167,900,20.946924,9094,2021-06-28 18:25:08,52.34885,1
1168,207,20.905546,9202,2021-06-28 18:25:03,52.188713,03
1169,164,21.132993,9203,2021-06-28 18:25:03,52.150943,05
1170,133,20.944403,9204,2021-06-28 18:25:06,52.322411,1
1171,239,21.037767,9205,2021-06-28 18:25:12,52.153965,51
1172,209,20.985123,9208,2021-06-28 18:25:08,52.130585,54
1173,211,20.94306,9209,2021-06-28 18:25:05,52.332241,4
1174,177,20.891926,9210,2021-06-28 18:25:10,52.193459,3
1175,809,21.034813,9212,2021-06-28 18:25:09,52.156029,53
1176,211,20.942038,9213,2021-06-28 18:25:08,52.348414,6
1177,219,21.142506,9215,2021-06-28 18:25:08,52.190338,3
1178,208,20.975641,9216,2021-06-28 18:25:12,52.210286,1
1179,234,21.014097,9219,2021-06-28 18:25:10,52.310341,2
1180,203,20.930706,9220,2021-06-28 18:25:09,52.291565,1
1181,249,20.898788,9221,2021-06-28 18:25:10,52.238628,1
1182,201,20.939117,9224,2021-06-28 18:25:06,52.248108,3
1183,208,20.975555,9225,2021-06-28 18:25:10,52.210232,04
1184,208,20.945242,9226,2021-06-28 18:25:06,52.203327,05
1185,208,20.958299,9227,2021-06-28 18:25:10,52.215214,2
1186,219,21.162355,9228,2021-06-28 18:25:10,52.194065,2
1187,219,21.102322,9229,2021-06-28 18:25:05,52.222813,1
1188,201,20.926472,9230,2021-06-28 18:25:08,52.234093,2
1189,809,20.979036,9232,2021-06-28 18:25:04,52.113552,056
1190,264,21.085279,9233,2021-06-28 18:25:08,52.162052,1
1191,203,20.923027,9234,2021-06-28 18:25:04,52.277378,2
1192,201,20.925182,9235,2021-06-28 18:25:05,52.260696,5
1193,201,20.92494,9236,2021-06-28 18:25:10,52.260506,4
1194,239,21.027136,9237,2021-06-28 18:25:05,52.151474,055
1195,208,20.969091,9238,2021-06-28 18:25:09,52.202839,03
1196,207,20.870487,9239,2021-06-28 18:25:07,52.183323,02
1197,177,20.886721,9240,2021-06-28 18:25:11,52.189682,1
1198,133,20.952351,9241,2021-06-28 18:25:09,52.316925,3
1199,211,20.942345,9243,2021-06-28 18:25:06,52.348564,5
1200,207,20.883389,9244,2021-06-28 18:25:09,52.191319,01
1201,211,20.962395,9245,2021-06-28 18:25:06,52.317394,3
1202,164,21.120491,9246,2021-06-28 18:25:10,52.158146,04
1203,201,20.944248,9247,2021-06-28 18:25:06,52.243969,1
1204,177,20.883728,9248,2021-06-28 18:25:04,52.205673,2
1205,164,21.058426,9250,2021-06-28 18:25:10,52.179565,3
1206,164,21.067596,9251,2021-06-28 18:25:06,52.17038,2
1207,164,21.138153,9252,2021-06-28 18:25:08,52.145851,1
1208,211,20.941473,9254,2021-06-28 18:25:06,52.355373,09
1209,199,21.052891,9301,2021-06-28 18:25:11,52.276516,06
1210,739,21.023968,9302,2021-06-28 18:25:09,52.17992,2
1211,739,21.048738,9304,2021-06-28 18:25:07,52.101585,3
1212,179,21.049675,9311,2021-06-28 17:25:07,52.136951,10
1213,123,21.097822,9312,2021-06-28 18:25:07,52.235443,08
1214,179,21.060974,9313,2021-06-28 18:25:10,52.148071,11
1215,153,21.1726,9314,2021-06-28 18:25:10,52.28553,2
1216,179,21.03487,9315,2021-06-28 18:25:10,52.155972,2
1217,135,21.094898,9316,2021-06-28 18:25:06,52.231255,3
1218,135,21.027004,9317,2021-06-28 18:25:07,52.259727,6
1219,135,21.057875,9318,2021-06-28 18:25:06,52.247147,2
1220,135,21.046118,9319,2021-06-28 18:25:09,52.26123,1
1221,179,21.037172,9320,2021-06-28 18:25:11,52.162098,4
1222,179,21.033136,9321,2021-06-28 18:25:12,52.155354,5
1223,123,21.09742,9322,2021-06-28 18:25:10,52.234325,5
1224,135,21.107122,9323,2021-06-28 18:25:11,52.248371,07
1225,179,21.068579,9324,2021-06-28 18:25:10,52.128899,9
1226,179,21.030863,9325,2021-06-28 18:25:10,52.142105,51
1227,256,21.066603,9326,2021-06-28 18:25:04,52.32032,2
1228,142,21.210407,9327,2021-06-28 18:25:03,52.161926,3
1229,179,21.050064,9328,2021-06-28 18:25:09,52.136986,8
1230,153,21.150332,9329,2021-06-28 18:25:09,52.270508,04
1231,123,21.0773959,9331,2021-06-28 09:44:24,52.2687066,07
1232,123,21.077486,9332,2021-06-28 15:39:21,52.268074,08
1233,142,21.086554,9333,2021-06-28 18:25:10,52.244778,5
1234,739,21.01741,9334,2021-06-28 18:25:02,52.15202,1
1235,153,21.161512,9335,2021-06-28 18:25:04,52.259274,3
1236,135,21.075262,9336,2021-06-28 18:25:03,52.243492,5
1237,739,21.0771987,9337,2021-06-28 16:56:14,52.2682345,2
1238,179,21.024971,9338,2021-06-28 18:25:07,52.143585,6
1239,256,21.063076,9339,2021-06-28 18:25:09,52.272953,1
1240,153,21.177032,9340,2021-06-28 18:25:08,52.256874,1
1241,142,21.140596,9341,2021-06-28 18:25:06,52.224995,4
1242,739,21.053511,9342,2021-06-28 18:25:11,52.100334,4
1243,256,21.057491,9343,2021-06-28 18:25:10,52.274815,4
1244,135,21.035799,9344,2021-06-28 18:25:05,52.255234,08
1245,739,21.018396,9345,2021-06-28 18:25:07,52.105125,05
1246,179,21.049154,9346,2021-06-28 18:25:04,52.154293,7
1247,135,21.097546,9347,2021-06-28 18:25:09,52.234478,4
1248,123,21.068094,9348,2021-06-28 18:25:06,52.250538,09
1249,179,21.036921,9349,2021-06-28 18:25:05,52.162041,3
1250,123,21.044224,9350,2021-06-28 18:25:04,52.250092,357
1251,142,21.132793,9351,2021-06-28 18:25:04,52.214832,1
1252,123,21.074671,9352,2021-06-28 18:25:08,52.225655,6
1253,739,21.024158,9353,2021-06-28 18:25:09,52.179932,06
1254,123,21.044525,9354,2021-06-28 18:25:11,52.248653,07
1255,199,21.179916,9355,2021-06-28 18:25:03,52.269127,05
1256,256,21.067076,9356,2021-06-28 18:25:10,52.322971,3
1257,142,21.224989,9357,2021-06-28 18:25:04,52.170048,2
1258,142,21.077633,9358,2021-06-28 16:02:28,52.267822,4
1259,256,21.081064,9359,2021-06-28 18:25:11,52.277245,5
1260,176,20.999107,9403,2021-06-28 18:25:10,52.316948,1
1261,176,20.98222,9405,2021-06-28 18:25:09,52.355679,05
1262,176,20.982273,9412,2021-06-28 18:25:07,52.35556,3
1263,197,20.929642,9413,2021-06-28 18:25:09,52.224014,012
1264,197,20.949999,9414,2021-06-28 18:25:09,52.280708,014
1265,102,21.062111,9416,2021-06-28 18:25:11,52.240295,3
1266,157,20.989105,9417,2021-06-28 18:25:07,52.224457,7
1267,712,20.923237,9418,2021-06-28 18:25:07,52.281479,02
1268,516,21.00099,9420,2021-06-28 18:25:10,52.291161,5
1269,157,20.993704,9423,2021-06-28 18:25:10,52.229816,1
1270,103,20.965511,9424,2021-06-28 18:25:10,52.248108,4
1271,123,21.050663,9425,2021-06-28 18:25:10,52.252438,1
1272,157,20.976358,9426,2021-06-28 18:25:06,52.289936,3
1273,157,20.976606,9427,2021-06-28 18:25:10,52.287174,4
1274,157,20.963957,9428,2021-06-28 18:25:10,52.207954,9
1275,103,20.927032,9429,2021-06-28 18:25:09,52.290138,6
1276,157,20.969793,9432,2021-06-28 18:25:07,52.210548,10
1277,743,20.694492,9433,2021-06-28 18:25:10,52.232529,02
1278,176,21.026691,9434,2021-06-28 18:25:08,52.281193,04
1279,516,20.992657,9435,2021-06-28 18:25:09,52.300156,1
1280,157,20.977346,9436,2021-06-28 18:25:09,52.278767,2
1281,157,20.985601,9437,2021-06-28 18:25:11,52.245827,6
1282,197,20.930986,9438,2021-06-28 18:25:09,52.225323,011
1283,197,20.944311,9439,2021-06-28 18:25:10,52.243851,016
1284,516,20.942612,9440,2021-06-28 18:25:03,52.337601,3
1285,123,21.076473,9441,2021-06-28 18:25:11,52.225986,3
1286,103,20.946802,9442,2021-06-28 18:25:11,52.268238,5
1287,102,21.074417,9443,2021-06-28 18:25:07,52.249031,1
1288,103,20.930523,9445,2021-06-28 18:25:07,52.292423,7
1289,103,20.968479,9446,2021-06-28 18:25:08,52.222065,1
1290,123,21.070869,9447,2021-06-28 18:25:07,52.251274,4
1291,157,20.986374,9448,2021-06-28 18:25:08,52.251335,011
1292,516,20.961767,9449,2021-06-28 18:25:08,52.32333,4
1293,102,21.002523,9450,2021-06-28 18:25:06,52.233875,2
1294,157,20.986656,9451,2021-06-28 18:25:09,52.269264,5
1295,157,20.974051,9452,2021-06-28 18:25:08,52.213982,8
1296,176,20.991199,9453,2021-06-28 18:25:10,52.32719,2
1297,197,20.951464,9454,2021-06-28 18:25:10,52.272617,015
1298,712,20.864616,9455,2021-06-28 18:25:06,52.276978,1
1299,743,20.886171,9456,2021-06-28 18:25:08,52.22744,1
1300,197,20.931107,9457,2021-06-28 18:25:11,52.254738,013
1301,103,20.957317,9458,2021-06-28 18:25:11,52.247665,8
1302,194,20.930278,9501,2021-06-28 18:25:10,52.224963833,5
1303,707,20.962809667,9502,2021-06-28 18:23:27,52.171943,1
1304,159,21.034753,9503,2021-06-28 18:25:12,52.221910333,1
1305,103,20.951182,9505,2021-06-28 18:25:11,52.288651333,09
1306,103,20.951381333,9506,2021-06-28 18:25:10,52.2816445,011
1307,220,20.897505833,9509,2021-06-28 18:25:10,52.2220095,3
1308,194,20.87967,9510,2021-06-28 18:25:09,52.195974833,06
1309,737,21.037081333,9511,2021-06-28 18:25:12,52.162037167,56
1310,220,20.9382895,9513,2021-06-28 18:25:07,52.1714745,5
1311,715,21.036868333,9514,2021-06-28 18:25:10,52.161915667,53
1312,181,20.916343167,9515,2021-06-28 18:25:03,52.310928,2
1313,737,21.019751667,9516,2021-06-28 18:25:09,52.143295,54
1314,149,20.903124833,9519,2021-06-28 18:25:10,52.239028,2
1315,159,21.048953333,9520,2021-06-28 18:25:11,52.2044955,8
1316,715,20.9438825,9521,2021-06-28 18:25:08,52.175170333,1
1317,220,20.944045167,9522,2021-06-28 18:25:11,52.175871167,4
1318,220,20.900456,9523,2021-06-28 18:25:10,52.190127,07
1319,220,20.898311,9524,2021-06-28 18:25:11,52.249817333,2
1320,194,20.862628,9525,2021-06-28 18:25:10,52.203083833,3
1321,181,20.899961667,9526,2021-06-28 18:25:12,52.2971545,1
1322,715,21.027986833,9528,2021-06-28 18:25:11,52.1618825,058
1323,715,20.979323833,9529,2021-06-28 18:25:10,52.119501,52
1324,707,21.011154333,9530,2021-06-28 18:25:10,52.074099667,03
1325,159,20.954916667,9531,2021-06-28 18:25:11,52.212012167,4
1326,194,20.894321,9532,2021-06-28 18:25:09,52.2093175,1
1327,181,20.950686833,9533,2021-06-28 18:25:11,52.280979167,4
1328,181,20.9859175,9534,2021-06-28 18:25:09,52.269518833,3
1329,159,21.0717095,9535,2021-06-28 18:25:08,52.191454833,7
1330,159,21.0442945,9537,2021-06-28 18:25:07,52.221497667,6
1331,737,20.8976585,9539,2021-06-28 18:25:10,52.056405333,059
1332,220,20.924268167,9540,2021-06-28 18:25:11,52.261101,1
1333,220,20.896179,9542,2021-06-28 18:25:06,52.239621,6
1334,737,20.996725,9544,2021-06-28 18:25:09,52.109720833,07
1335,220,20.8998895,9545,2021-06-28 18:25:12,52.1990905,08
1336,149,20.940841833,9546,2021-06-28 18:25:09,52.246694,5
1337,220,20.920798,9548,2021-06-28 18:25:09,52.257948667,09
1338,149,20.947759167,9550,2021-06-28 18:25:11,52.244839167,1
1339,715,20.964968667,9551,2021-06-28 18:25:10,52.129145167,55
1340,149,20.873206333,9552,2021-06-28 18:25:10,52.249164667,3
1341,194,20.9160195,9554,2021-06-28 18:25:09,52.219438167,07
1342,194,20.881390833,9555,2021-06-28 18:25:07,52.196177167,2
1343,159,20.9546085,9556,2021-06-28 18:25:09,52.211837833,3
1344,149,20.8998665,9557,2021-06-28 18:25:09,52.2395395,4
1345,194,20.930790167,9558,2021-06-28 18:25:04,52.225043,4
1346,159,20.996385833,9560,2021-06-28 18:25:11,52.2256305,5
1347,159,20.984794167,9561,2021-06-28 18:25:08,52.221458167,2
1348,118,21.022408,9671,2021-06-28 18:25:10,52.228447,2
1349,118,21.041279,9672,2021-06-28 18:25:08,52.300083,5
1350,326,21.000425,9673,2021-06-28 18:25:08,52.312965,04
1351,118,21.022974,9674,2021-06-28 18:25:10,52.228592,8
1352,152,20.967604,9676,2021-06-28 18:25:08,52.319233,5
1353,118,21.018265,9678,2021-06-28 18:25:05,52.248997,7
1354,118,21.015503,9679,2021-06-28 18:25:10,52.219013,1
1355,326,21.061853,9680,2021-06-28 18:25:10,52.361694,02
1356,152,20.952412,9681,2021-06-28 18:25:05,52.317093,2
1357,212,21.066872,9682,2021-06-28 18:25:09,52.277061,5
1358,152,20.983658,9683,2021-06-28 18:24:56,52.333946,4
1359,212,21.051794,9684,2021-06-28 18:25:10,52.269379,1
1360,212,21.027149,9685,2021-06-28 18:25:09,52.259586,2
1361,326,20.968573,9686,2021-06-28 18:25:10,52.272053,05
1362,326,21.06171,9688,2021-06-28 18:25:09,52.361805,03
1363,118,21.032814,9689,2021-06-28 18:25:04,52.299137,4
1364,212,21.037889,9690,2021-06-28 18:25:03,52.266403,3
1365,326,21.010265,9692,2021-06-28 18:25:10,52.316113,01
1366,212,21.057131,9693,2021-06-28 18:25:10,52.301876,4
1367,152,21.014956,9695,2021-06-28 18:25:08,52.334232,1
1368,118,21.036392,9696,2021-06-28 18:25:06,52.296436,6
1369,118,21.014473,9697,2021-06-28 18:25:11,52.252041,3
1370,152,21.056896,9698,2021-06-28 18:25:03,52.323711,3
1371,710,21.084139,9801,2021-06-28 18:25:09,52.130524,4
1372,525,21.155123,9802,2021-06-28 18:25:08,52.22607,1
1373,127,20.90209,9804,2021-06-28 18:25:09,52.208042,56
1374,710,21.011209,9805,2021-06-28 18:25:07,52.074211,2
1375,525,21.196911,9807,2021-06-28 18:24:51,52.208374,319
1376,127,21.019436,9808,2021-06-28 18:25:11,52.246281,2
1377,109,21.013443,9809,2021-06-28 18:25:10,52.230103,07
1378,710,21.09717,9810,2021-06-28 18:25:06,52.130932,5
1379,719,20.861992,9812,2021-06-28 18:25:10,52.244183,3
1380,109,20.941743,9813,2021-06-28 18:08:00,52.239395,08
1381,Z10,20.91893,9814,2021-06-28 18:25:10,52.256672,2
1382,525,21.003803,9815,2021-06-28 18:25:09,52.229469,09
1383,719,20.807846,9818,2021-06-28 18:25:04,52.252956,04
1384,719,20.955225,9819,2021-06-28 18:25:08,52.237949,1
1385,710,21.062174,9821,2021-06-28 18:25:07,52.078323,1
1386,525,21.100996,9822,2021-06-28 18:25:06,52.234272,010
1387,184,20.923903,9823,2021-06-28 18:25:05,52.253044,010
1388,525,21.085449,9825,2021-06-28 18:24:36,52.236231,5
1389,525,21.196596,9826,2021-06-28 18:25:10,52.208317,7
1390,185,21.04197,9827,2021-06-28 18:25:12,52.17114,8
1391,127,20.950546,9828,2021-06-28 18:25:10,52.210598,4
1392,525,21.157303,9829,2021-06-28 18:25:03,52.226128,6
1393,Z10,20.929371,9830,2021-06-28 18:25:08,52.224117,8
1394,710,21.113758,9831,2021-06-28 18:25:05,52.080231,3
1395,127,21.030437,9833,2021-06-28 18:25:11,52.236694,1
1396,525,21.015703,9834,2021-06-28 18:25:07,52.219746,4
1397,742,21.118296,9835,2021-06-28 18:25:04,52.092712,02
1398,525,21.009069,9836,2021-06-28 18:25:04,52.229214,3
1399,185,21.043821,9837,2021-06-28 18:25:10,52.156655,12
1400,525,21.016912,9838,2021-06-28 18:25:04,52.217471,2
1401,724,21.068466,9839,2021-06-28 18:25:04,52.128483,1
1402,127,20.895468,9840,2021-06-28 18:25:07,52.208782,6
1403,724,21.027575,9841,2021-06-28 18:25:06,52.067345,02
1404,127,20.938522,9843,2021-06-28 18:25:05,52.20303,7
1405,127,21.003624,9844,2021-06-28 18:25:11,52.227863,09
1406,Z10,20.914495,9846,2021-06-28 18:25:12,52.235542,6
1407,109,20.926922,9849,2021-06-28 18:25:05,52.240772,6
1408,109,21.043194,9852,2021-06-28 18:25:08,52.223061,4
1409,109,20.941822,9853,2021-06-28 18:25:02,52.239426,1
1410,127,20.995113,9854,2021-06-28 18:25:07,52.226421,335
1411,186,20.940948,9901,2021-06-28 18:25:10,52.32832,1
1412,210,20.813141,9902,2021-06-28 18:25:07,52.293121,5
1413,140,21.091606,9903,2021-06-28 18:25:07,52.30653,04
1414,520,21.015001,9905,2021-06-28 18:25:11,52.217503,011
1415,520,21.002176,9906,2021-06-28 18:25:07,52.24313,3
1416,140,21.117281,9907,2021-06-28 18:25:09,52.338154,08
1417,140,21.111195,9908,2021-06-28 18:25:07,52.360924,09
1418,140,21.119091,9909,2021-06-28 18:25:10,52.339867,2
1419,719,20.604479,9912,2021-06-28 18:25:07,52.259537,05
1420,520,21.115347,9913,2021-06-28 18:25:10,52.232693,08
1421,520,21.11709,9914,2021-06-28 18:25:08,52.232773,09
1422,520,21.089434,9915,2021-06-28 18:25:07,52.235977,6
1423,520,21.001976,9916,2021-06-28 18:25:09,52.243225,4
1424,193,21.044977,9918,2021-06-28 18:25:09,52.166092,2
1425,193,21.036936,9919,2021-06-28 18:25:10,52.161961,3
1426,140,21.052809,9920,2021-06-28 18:25:10,52.276791,05
1427,140,21.05489,9921,2021-06-28 18:25:11,52.275646,06
1428,520,21.009466,9922,2021-06-28 18:25:09,52.234009,5
1429,193,21.039875,9923,2021-06-28 18:25:10,52.154575,4
1430,140,21.095192,9924,2021-06-28 18:25:07,52.311153,07
1431,193,20.996647,9926,2021-06-28 18:25:09,52.16983,1
1432,520,21.015459,9927,2021-06-28 18:25:09,52.218258,010
1433,140,21.053022,9928,2021-06-28 18:25:07,52.276707,3
1434,186,20.942205,9929,2021-06-28 18:25:09,52.334183,12
1435,193,21.025839,9930,2021-06-28 18:25:11,52.173382,5
1436,186,20.95653,9932,2021-06-28 18:25:11,52.238476,4
1437,520,21.020992,9933,2021-06-28 18:25:11,52.218277,2
1438,186,20.972513,9934,2021-06-28 18:25:08,52.32058,2
1439,520,21.149145,9935,2021-06-28 18:25:07,52.238548,1
1440,186,20.963684,9936,2021-06-28 18:25:07,52.207836,6
1441,520,21.152906,9937,2021-06-28 18:25:08,52.239285,7
1442,186,20.99243,9940,2021-06-28 18:25:06,52.30056,3
1443,186,20.963453,9941,2021-06-28 18:25:10,52.207886,8
1444,210,20.76753,9942,2021-06-28 18:25:07,52.307461,4
1445,109,20.991579,9943,2021-06-28 18:25:10,52.23185,2
1446,186,20.972654,9945,2021-06-28 18:25:10,52.205597,9
1447,210,20.840044,9946,2021-06-28 18:25:09,52.291328,3
1448,109,21.03443,9948,2021-06-28 18:25:07,52.225403,3
1449,210,20.932739,9949,2021-06-28 18:25:06,52.288269,1
1450,210,20.931023,9950,2021-06-28 18:25:11,52.292107,2
1451,186,20.96525,9951,2021-06-28 18:25:09,52.215271,5
1452,186,20.957493,9953,2021-06-28 18:25:07,52.246555,67
1453,140,21.134563,9954,2021-06-28 18:25:11,52.358696,1
1454,o97B,21.423098,9999,2021-06-28 14:27:55,50.302967,7
