,Lines,Lon,VehicleNumber,Time,Lat,Brigade
0,213,21.1011081,1001,2021-06-28 16:59:20,52.22561,1
1,213,21.1934663,1003,2021-06-28 16:59:12,52.1835523,05
2,213,21.2073896,1004,2021-06-28 16:59:17,52.160236,3
3,196,21.1761366,1005,2021-06-28 16:59:17,52.256769,2
4,196,21.166088,1008,2021-06-28 16:59:17,52.262406,03
5,213,21.1533293,1009,2021-06-28 16:59:18,52.214023,4
6,213,21.188768,1010,2021-06-28 16:59:13,52.149831,2
7,311,21.094381,1012,2021-06-28 16:59:17,52.2282095,1
8,196,21.160481,1014,2021-06-28 16:59:02,52.25735,1
9,311,21.0879013,1015,2021-06-28 16:59:18,52.2308533,2
10,365,21.024029,1021,2021-06-28 16:59:21,52.17981,01
11,107,20.978716,1023,2021-06-28 16:59:21,52.242741,3
12,163,21.08391,1025,2021-06-28 16:59:23,52.167706,2
13,107,21.046146,1026,2021-06-28 16:59:23,52.215988,5
14,108,21.030964,1027,2021-06-28 16:59:23,52.177723,1
15,108,21.047417,1028,2021-06-28 16:59:22,52.211834,5
16,108,21.070208,1029,2021-06-28 16:59:20,52.180813,6
17,365,20.9967186,1031,2021-06-28 16:59:22,52.1757485,02
18,108,21.0313437,1033,2021-06-28 16:59:23,52.2293402,4
19,163,21.056019,1034,2021-06-28 16:59:22,52.181534,1
20,192,21.020533,1037,2021-06-28 16:59:23,52.175076,7
21,108,21.07732,1038,2021-06-28 16:59:09,52.208821,3
22,365,21.0092737,1039,2021-06-28 16:59:23,52.178604,03
23,107,21.047328,1040,2021-06-28 16:59:08,52.211064,6
24,107,20.979341,1042,2021-06-28 16:59:08,52.244516,2
25,107,21.015583,1043,2021-06-28 16:59:07,52.232133,07
26,107,21.0174683,1045,2021-06-28 16:58:58,52.22863,4
27,204,21.02312,1046,2021-06-28 16:59:14,52.2772617,05
28,204,21.029731,1047,2021-06-28 16:59:04,52.316073,1
29,204,21.0603667,1048,2021-06-28 16:59:17,52.3150967,04
30,228,20.963638,1050,2021-06-28 16:59:16,52.196171,1
31,228,20.923463,1051,2021-06-28 16:59:06,52.204271,2
32,328,20.98544,1052,2021-06-28 16:59:18,52.166668,01
33,129,20.907659,1053,2021-06-28 16:59:15,52.192383,4
34,228,20.893035,1054,2021-06-28 16:59:05,52.200336,3
35,129,20.936023,1055,2021-06-28 16:59:09,52.234581,3
36,328,20.994714,1058,2021-06-28 16:59:21,52.150846,02
37,129,20.915514,1059,2021-06-28 16:59:16,52.205226,1
38,328,20.954927,1061,2021-06-28 16:59:23,52.199036,03
39,192,21.069052,1062,2021-06-28 16:59:22,52.139156,51
40,192,21.017956,1064,2021-06-28 16:59:24,52.153255,2
41,163,21.1073249,1065,2021-06-28 16:59:23,52.1685652,04
42,107,21.000582,1066,2021-06-28 16:59:23,52.244839,1
43,163,21.052143,1068,2021-06-28 16:59:20,52.179329,3
44,192,21.0687531,1069,2021-06-28 16:59:22,52.1288969,4
45,163,21.108818,1070,2021-06-28 16:59:22,52.165722,05
46,192,21.0337522,1074,2021-06-28 16:59:23,52.1501407,6
47,108,21.05607,1076,2021-06-28 16:59:19,52.181988,2
48,192,21.056585,1077,2021-06-28 16:59:22,52.139652,3
49,192,21.024075,1079,2021-06-28 16:59:22,52.179932,1
50,736,21.0214941,1101,2021-06-28 16:59:15,52.3812196,02
51,132,21.0670491,1109,2021-06-28 16:59:18,52.3229731,2
52,303,20.9861236,1112,2021-06-28 16:59:21,52.2694226,3
53,147,21.0523411,1113,2021-06-28 16:59:11,52.2502026,06
54,152,20.952474,1114,2021-06-28 16:59:11,52.317036,06
55,166,21.032951,1115,2021-06-28 16:59:17,52.256678,09
56,132,20.9687961,1116,2021-06-28 16:59:20,52.2720191,3
57,122,20.8976765,1117,2021-06-28 16:59:24,52.239657,09
58,197,20.9656848,1118,2021-06-28 16:59:17,52.2836448,7
59,126,21.056796,1119,2021-06-28 16:59:19,52.3018541,3
60,168,21.113235,1200,2021-06-28 16:59:22,52.233414,2
61,119,21.084082,1202,2021-06-28 16:59:24,52.207539,1
62,178,21.0039782,1203,2021-06-28 16:59:22,52.2553589,2
63,178,20.884407,1204,2021-06-28 16:59:21,52.187481,5
64,168,20.995676,1205,2021-06-28 16:59:20,52.192699,6
65,166,21.044806,1206,2021-06-28 16:59:01,52.17792,1
66,166,21.032316,1208,2021-06-28 16:59:22,52.205112,5
67,222,20.9957504,1211,2021-06-28 16:59:23,52.1928445,4
68,174,21.002567,1212,2021-06-28 16:59:22,52.227383,371
69,174,21.0168702,1213,2021-06-28 16:59:23,52.1896696,3
70,218,21.002983,1214,2021-06-28 16:59:20,52.178265,5
71,166,21.027124,1216,2021-06-28 16:59:22,52.260017,7
72,168,20.995777,1218,2021-06-28 16:59:21,52.192963,5
73,119,21.000322,1220,2021-06-28 16:59:22,52.2061,5
74,122,20.979185,1400,2021-06-28 16:59:12,52.2849478,012
75,121,20.9238351,1401,2021-06-28 16:59:21,52.2740001,04
76,134,21.048341,1403,2021-06-28 16:59:20,52.326644,1
77,110,20.8814488,1407,2021-06-28 16:59:04,52.3000806,05
78,240,21.05047,1408,2021-06-28 16:59:14,52.290896,4
79,173,21.1789,1411,2021-06-28 16:59:22,52.2453,5
80,117,21.102497,1412,2021-06-28 16:59:22,52.222141,1
81,702,21.262886,1413,2021-06-28 16:59:23,52.108078,2
82,168,21.085892,1415,2021-06-28 16:59:23,52.209549,1
83,202,21.089233,1416,2021-06-28 16:59:23,52.250099,04
84,183,21.156994,1418,2021-06-28 16:59:21,52.255737,6
85,147,21.050859,1419,2021-06-28 16:59:22,52.24736,2
86,199,21.064098,1422,2021-06-28 16:59:23,52.273022,4
87,198,21.231647,1423,2021-06-28 16:59:22,52.216476,05
88,173,21.2572927,1424,2021-06-28 16:59:21,52.2382552,6
89,115,21.1756782,1425,2021-06-28 16:59:23,52.1977326,4
90,173,21.2341335,1426,2021-06-28 16:59:23,52.2500579,8
91,147,21.2429,1427,2021-06-28 16:59:23,52.2191,4
92,146,21.204672,1428,2021-06-28 16:59:23,52.159489,2
93,142,21.13958,1430,2021-06-28 16:59:20,52.178967,06
94,L41,20.921741,14422,2021-06-28 16:59:18,52.37635,1
95,L10,20.923714,14423,2021-06-28 16:57:22,52.391487,1
96,L11,20.943518,14424,2021-06-28 16:59:22,52.399101,1
97,L10,20.948069,14425,2021-06-28 16:59:18,52.471634,50
98,L-8,20.945215,14426,2021-06-28 14:51:54,52.437912,1
99,L41,20.909048,14427,2021-06-28 16:59:20,52.381145,02
100,L11,20.858519,14429,2021-06-28 16:59:18,52.447845,57
101,L34,20.847054,14430,2021-06-28 16:59:23,52.443043,2
102,L34,20.941261,14431,2021-06-28 16:59:25,52.400795,1
103,L11,20.813717,14432,2021-06-28 16:59:23,52.44313,51
104,L-8,21.083561,14434,2021-06-28 16:59:24,52.423332,02
105,L-8,21.005779,14435,2021-06-28 16:59:24,52.393478,1
106,L49,20.884817,14436,2021-06-28 16:59:17,52.41135,1
107,L31,21.160486,14438,2021-06-28 16:59:18,52.42717,1
108,L-9,20.959755,14439,2021-06-28 16:59:26,52.423962,054
109,L-9,20.963327,14440,2021-06-28 16:59:18,52.419666,055
110,134,20.968148,1500,2021-06-28 16:59:12,52.271799,04
111,134,21.0475016,1501,2021-06-28 16:59:19,52.3036246,3
112,110,20.9228643,1502,2021-06-28 16:59:18,52.2815966,2
113,240,21.0008211,1505,2021-06-28 16:59:17,52.2913451,06
114,132,21.0682196,1506,2021-06-28 16:59:18,52.3238808,07
115,134,20.979145,1507,2021-06-28 16:59:20,52.2795488,2
116,126,20.9612555,1508,2021-06-28 16:59:15,52.3346241,5
117,132,21.07964,1509,2021-06-28 16:59:08,52.322596,05
118,166,21.0488205,1510,2021-06-28 16:59:12,52.2440211,6
119,126,21.029331,1513,2021-06-28 16:59:16,52.288004,4
120,197,20.9432518,1514,2021-06-28 16:59:07,52.2625293,6
121,197,20.9513931,1515,2021-06-28 16:59:14,52.2816301,8
122,121,20.9500905,1516,2021-06-28 16:59:20,52.2899825,1
123,173,21.115783,1519,2021-06-28 16:59:17,52.239198,10
124,202,21.1057633,1521,2021-06-28 16:59:11,52.2461233,07
125,202,21.0589833,1522,2021-06-28 16:59:14,52.2505667,3
126,146,21.10022,1523,2021-06-28 16:59:13,52.215719,08
127,730,21.3778233,1524,2021-06-28 16:59:14,52.1994017,052
128,119,21.103628,1525,2021-06-28 16:59:06,52.212916,06
129,147,21.059913,1526,2021-06-28 16:59:13,52.232321,09
130,198,21.243251,1528,2021-06-28 16:59:12,52.221456,3
131,702,21.189068,1530,2021-06-28 16:59:08,52.148043,03
132,198,21.239281,1531,2021-06-28 16:59:17,52.216033,2
133,115,21.1744867,1533,2021-06-28 16:59:19,52.1989983,2
134,142,21.098784,1534,2021-06-28 16:59:09,52.243036,07
135,198,21.2239133,1535,2021-06-28 16:59:13,52.253265,1
136,106,21.00215,1537,2021-06-28 16:59:16,52.237155,4
137,170,21.0410983,1538,2021-06-28 16:59:18,52.2535933,4
138,120,21.0387417,1539,2021-06-28 16:59:21,52.251745,1
139,199,21.078073,1540,2021-06-28 16:59:07,52.290349,1
140,156,20.95831,1541,2021-06-28 16:59:15,52.277511,1
141,170,21.093685,1542,2021-06-28 16:59:04,52.271165,1
142,156,21.023745,1543,2021-06-28 16:59:03,52.286248,3
143,338,21.10084,1544,2021-06-28 16:59:07,52.260566,01
144,122,20.920558,1546,2021-06-28 16:59:17,52.256903,013
145,338,21.073548,1548,2021-06-28 16:59:13,52.2672,04
146,199,21.154415,1549,2021-06-28 16:59:13,52.266663,2
147,170,21.021948,1550,2021-06-28 16:59:14,52.262536,3
148,240,21.108341,1551,2021-06-28 16:59:13,52.327049,3
149,221,20.971021,1552,2021-06-28 16:59:04,52.258364,2
150,106,21.021365,1554,2021-06-28 16:59:16,52.2365033,06
151,L-4,21.00193,17451,2021-06-28 16:59:23,52.091061,1
152,L26,21.181713,17452,2021-06-28 16:59:16,52.337891,02
153,L37,21.230034,17453,2021-06-28 16:59:22,52.345394,1
154,L40,21.120148,17454,2021-06-28 16:59:18,52.341187,1
155,L36,21.283665,17456,2021-06-28 16:59:19,52.366447,1
156,L35,21.227453,17458,2021-06-28 16:59:22,52.347416,1
157,L26,21.167969,17460,2021-06-28 16:59:17,52.32531,1
158,L46,21.117266,17461,2021-06-28 16:59:09,52.321045,1
159,L43,21.162151,17462,2021-06-28 16:59:16,52.296242,1
160,L45,21.084866,17464,2021-06-28 16:59:24,52.30257,02
161,L45,21.099224,17465,2021-06-28 16:59:21,52.409534,1
162,L38,21.249146,17466,2021-06-28 16:59:23,52.334029,1
163,L37,21.218784,17467,2021-06-28 16:39:44,52.310253,2
164,L40,21.213596,17468,2021-06-28 16:59:20,52.341705,02
165,197,20.8852965,1800,2021-06-28 16:59:16,52.216551,4
166,110,20.9414666,1801,2021-06-28 16:59:12,52.2777803,4
167,132,20.973105,1802,2021-06-28 16:59:07,52.2768493,1
168,166,21.036691,1803,2021-06-28 16:59:15,52.234701,8
169,122,20.9708133,1804,2021-06-28 16:59:17,52.2636678,5
170,173,21.1611973,1805,2021-06-28 16:59:18,52.241038,4
171,204,21.0230636,1806,2021-06-28 16:59:15,52.2773575,3
172,122,20.9762948,1807,2021-06-28 16:49:35,52.2898141,4
173,303,20.9338581,1808,2021-06-28 16:59:21,52.2891013,1
174,147,21.0488893,1809,2021-06-28 16:59:17,52.2475568,1
175,166,21.0637126,1810,2021-06-28 16:59:18,52.1416416,2
176,152,21.043346,1811,2021-06-28 10:10:53,52.266126,06
177,204,21.0299333,1812,2021-06-28 16:59:14,52.3136671,2
178,736,20.9577103,1813,2021-06-28 16:59:10,52.395831,1
179,147,21.065609,1814,2021-06-28 16:59:05,52.226455,07
180,240,21.118921,1815,2021-06-28 16:59:03,52.33825,2
181,197,20.935333,1817,2021-06-28 16:59:04,52.252464,9
182,240,21.0666125,1818,2021-06-28 16:59:17,52.3137383,05
183,221,20.9942091,1819,2021-06-28 16:59:18,52.2595913,1
184,117,21.0582505,1823,2021-06-28 16:59:21,52.2279613,05
185,146,21.0385993,1826,2021-06-28 16:59:14,52.243234,4
186,183,21.1081208,1828,2021-06-28 16:59:16,52.2412131,3
187,147,21.1076961,1829,2021-06-28 16:59:21,52.2095093,5
188,722,21.2635635,1830,2021-06-28 16:59:18,52.1073051,1
189,147,21.1169918,1832,2021-06-28 09:25:20,52.2330478,09
190,146,21.0441458,1833,2021-06-28 16:59:20,52.2372438,5
191,202,21.116848,1834,2021-06-28 09:35:30,52.233074,04
192,115,21.2421265,1835,2021-06-28 16:59:14,52.1698746,3
193,168,21.1127076,1837,2021-06-28 16:59:17,52.2361216,07
194,183,21.1053611,1839,2021-06-28 16:59:17,52.2416311,1
195,202,21.0511271,1840,2021-06-28 16:59:16,52.2473453,05
196,146,21.203681,1842,2021-06-28 16:59:04,52.153731,07
197,183,21.0872215,1843,2021-06-28 16:59:12,52.2446863,2
198,119,21.1946361,1844,2021-06-28 16:59:15,52.207538,3
199,115,21.158156,1846,2021-06-28 16:59:04,52.257386,5
200,730,21.1056246,1847,2021-06-28 16:59:09,52.2416678,61
201,119,21.0349885,1848,2021-06-28 16:59:14,52.2022445,4
202,173,21.1568853,1849,2021-06-28 16:59:19,52.2400411,9
203,183,21.1566003,1850,2021-06-28 16:59:17,52.2559633,4
204,173,21.0627061,1851,2021-06-28 16:59:20,52.2513036,1
205,722,21.1313343,1854,2021-06-28 16:59:13,52.2324491,53
206,147,21.1266616,1855,2021-06-28 16:59:18,52.2010466,3
207,117,21.0135535,1857,2021-06-28 16:59:10,52.230147,2
208,115,21.1699385,1858,2021-06-28 16:59:16,52.2518981,1
209,146,21.052771,1859,2021-06-28 16:59:19,52.250406,09
210,115,21.1703548,1860,2021-06-28 16:59:17,52.2771076,6
211,119,21.165794,1862,2021-06-28 16:59:10,52.204156,2
212,173,21.0843413,1863,2021-06-28 16:59:19,52.2478715,3
213,146,21.1519338,1866,2021-06-28 16:59:12,52.1737565,3
214,183,21.1918066,1867,2021-06-28 16:59:20,52.2387165,5
215,147,21.1543291,1869,2021-06-28 16:59:12,52.2021163,08
216,251,21.1106534,1903,2021-06-28 16:59:13,52.1121465,53
217,168,21.0202249,1904,2021-06-28 16:59:17,52.209677,09
218,739,21.0242927,1905,2021-06-28 16:59:12,52.1798355,07
219,251,21.1176346,1906,2021-06-28 16:59:14,52.0942742,52
220,139,21.0829315,1907,2021-06-28 16:59:21,52.1665618,54
221,178,20.9808128,1908,2021-06-28 16:59:18,52.2294674,012
222,222,21.0194673,1909,2021-06-28 16:59:20,52.2333541,2
223,222,21.0234311,1910,2021-06-28 16:59:18,52.2012027,5
224,251,21.022671,1911,2021-06-28 16:59:22,52.179409,56
225,222,21.014086,1912,2021-06-28 16:59:23,52.244732,6
226,251,21.0333864,1914,2021-06-28 16:59:23,52.1772247,51
227,222,21.0244732,1916,2021-06-28 16:59:22,52.1949352,3
228,222,20.995932,1917,2021-06-28 16:59:22,52.193428,4
229,739,21.0180517,1918,2021-06-28 16:59:22,52.1364256,08
230,139,21.069599,1919,2021-06-28 16:59:23,52.169338,55
231,222,21.005026,1920,2021-06-28 16:59:23,52.244801,1
232,178,20.908911,1991,2021-06-28 16:59:19,52.193188,010
233,178,21.0071242,1993,2021-06-28 16:59:22,52.2350602,1
234,168,21.030005,1994,2021-06-28 16:59:19,52.206795,08
235,178,20.958267,1995,2021-06-28 16:59:22,52.224201,3
236,178,20.915205,1996,2021-06-28 16:59:22,52.203621,6
237,178,20.903929,1998,2021-06-28 16:59:22,52.189182,4
238,178,20.9260199,1999,2021-06-28 16:59:23,52.2034757,013
239,105,20.896753,2001,2021-06-28 16:59:21,52.235138,1
240,136,21.0512817,2003,2021-06-28 16:59:22,52.1459634,6
241,Z10,20.9146654,2006,2021-06-28 16:59:23,52.2348937,3
242,188,21.06889,2007,2021-06-28 16:59:24,52.230011,09
243,517,21.010588,2008,2021-06-28 16:59:19,52.2316315,07
244,191,20.89612,2009,2021-06-28 16:59:20,52.194138,3
245,184,20.9273634,2010,2021-06-28 16:59:22,52.2471224,4
246,124,20.93564,2011,2021-06-28 16:59:23,52.161079,03
247,401,20.866444,2013,2021-06-28 16:59:15,52.191109,1
248,182,21.100475,2014,2021-06-28 16:59:20,52.238136,012
249,171,21.001465,2015,2021-06-28 16:59:21,52.244015,1
250,401,21.026442,2016,2021-06-28 16:59:21,52.171223,011
251,190,20.9646317,2019,2021-06-28 16:59:23,52.2371962,014
252,191,20.9544917,2020,2021-06-28 16:59:22,52.2135572,7
253,401,20.995556,2021,2021-06-28 16:59:21,52.179771,5
254,522,21.079788,2022,2021-06-28 16:59:22,52.157539,013
255,193,20.9953974,2023,2021-06-28 16:59:22,52.1702042,06
256,189,21.040581,2024,2021-06-28 16:59:23,52.170795,14
257,401,20.8940762,2026,2021-06-28 16:59:21,52.1924859,8
258,522,21.048668,2027,2021-06-28 16:59:18,52.188759,318
259,519,21.092695,2028,2021-06-28 16:59:19,52.120647,3
260,501,21.0482732,2029,2021-06-28 16:59:22,52.1780932,3
261,189,20.938971,2030,2021-06-28 16:59:22,52.194206,9
262,131,21.003168,2032,2021-06-28 16:59:23,52.23008,10
263,522,21.030874,2033,2021-06-28 16:59:20,52.206646,07
264,189,21.0514302,2035,2021-06-28 16:59:21,52.1789645,12
265,519,21.0155107,2036,2021-06-28 16:59:22,52.2202131,5
266,501,21.021225,2037,2021-06-28 16:59:23,52.210823,5
267,138,21.0004516,2038,2021-06-28 16:59:23,52.20086,010
268,501,21.0517126,2040,2021-06-28 16:59:22,52.1859431,2
269,189,20.923388,2041,2021-06-28 16:59:23,52.197365,8
270,138,21.044044,2042,2021-06-28 16:59:23,52.22427,012
271,401,20.916208,2044,2021-06-28 16:59:23,52.199238,012
272,172,21.0237322,2045,2021-06-28 16:59:24,52.1990347,010
273,172,21.057861,2200,2021-06-28 16:59:22,52.183025,4
274,523,20.910992,2201,2021-06-28 16:59:19,52.249847,14
275,187,20.901777,2202,2021-06-28 16:59:21,52.199188,3
276,136,20.965157,2203,2021-06-28 16:59:22,52.240135,1
277,Z10,20.9170877,2204,2021-06-28 16:59:23,52.2215351,010
278,171,20.953909,2205,2021-06-28 16:59:23,52.238308,011
279,Z10,20.9147907,2206,2021-06-28 16:59:23,52.2318379,7
280,189,21.003071,2207,2021-06-28 16:59:21,52.178249,10
281,190,20.9013777,2209,2021-06-28 16:59:23,52.2280095,8
282,172,20.968204,2210,2021-06-28 16:59:23,52.218899,2
283,122,20.898083,2212,2021-06-28 16:59:22,52.254696,6
284,122,20.9763504,2213,2021-06-28 16:59:23,52.2898616,07
285,136,20.969229,2215,2021-06-28 16:59:23,52.213627,11
286,190,20.9444404,2216,2021-06-28 16:59:20,52.2391981,018
287,401,21.027151,2217,2021-06-28 16:59:23,52.163425,09
288,Z10,20.929592,2218,2021-06-28 16:59:23,52.223293,5
289,148,21.0925904,2221,2021-06-28 16:59:22,52.2442854,8
290,523,20.91263,2222,2021-06-28 16:59:22,52.251797,1
291,191,20.983921,2223,2021-06-28 16:59:23,52.218151,9
292,189,20.9156795,2224,2021-06-28 16:59:23,52.2053357,2
293,191,20.9147641,2225,2021-06-28 16:59:23,52.2016174,5
294,517,20.9151429,2226,2021-06-28 16:59:21,52.1995501,3
295,136,20.985784,2231,2021-06-28 16:59:23,52.2103487,013
296,189,21.033007,2232,2021-06-28 16:59:21,52.173462,11
297,317,21.0698112,2233,2021-06-28 16:59:22,52.1692354,08
298,Z10,20.9238832,2235,2021-06-28 16:59:20,52.2608024,011
299,317,20.943666,2236,2021-06-28 16:59:22,52.175945,4
300,187,20.9468197,2240,2021-06-28 16:59:23,52.2082037,2
301,136,20.9937052,2241,2021-06-28 16:59:20,52.1887952,9
302,191,20.950664,2243,2021-06-28 16:59:23,52.2102226,1
303,171,21.0009797,2244,2021-06-28 16:59:23,52.2441869,4
304,Z10,20.9249347,2245,2021-06-28 16:59:23,52.2608349,9
305,717,20.9649029,2247,2021-06-28 16:59:22,52.2182601,3
306,317,20.9741799,2249,2021-06-28 16:59:23,52.1815609,06
307,189,20.8987814,2252,2021-06-28 16:59:21,52.2386879,4
308,112,21.0625602,2253,2021-06-28 16:59:23,52.3067855,2
309,191,20.8934889,2254,2021-06-28 16:59:23,52.1915252,010
310,141,20.9544049,2256,2021-06-28 16:59:23,52.1862947,013
311,172,21.01483,2257,2021-06-28 16:59:20,52.196144,7
312,317,21.0489407,2258,2021-06-28 16:59:22,52.1741769,1
313,187,20.861414,2259,2021-06-28 16:59:23,52.191654,4
314,L48,21.303106,23481,2021-06-28 04:38:21,52.203297,1
315,L47,21.298674,23482,2021-06-28 16:59:23,52.253075,02
316,L47,21.297903,23483,2021-06-28 16:59:22,52.2416,1
317,L20,21.273605,24511,2021-06-28 16:59:19,52.098961,1
318,L20,21.471601,24512,2021-06-28 13:52:17,52.132278,1
319,L20,21.463884,24513,2021-06-28 16:59:20,52.133038,03
320,L20,21.395128,24515,2021-06-28 16:59:20,52.129406,2
321,245,21.0961065,3400,2021-06-28 16:59:13,52.2861773,2
322,112,20.933428,3401,2021-06-28 16:59:15,52.269891,018
323,412,21.0665005,3403,2021-06-28 16:59:19,52.3208206,01
324,112,20.9148916,3404,2021-06-28 16:59:10,52.2330313,7
325,412,21.055911,3405,2021-06-28 16:59:03,52.264054,05
326,500,20.9817808,3406,2021-06-28 16:59:19,52.254515,08
327,500,21.0384841,3408,2021-06-28 16:59:18,52.2692676,2
328,245,21.051992,3410,2021-06-28 16:59:17,52.2764116,05
329,114,21.032264,3411,2021-06-28 16:59:11,52.288795,011
330,500,20.982241,3413,2021-06-28 16:59:21,52.253223,1
331,190,21.086472,3414,2021-06-28 16:59:14,52.303545,027
332,114,20.9271431,3415,2021-06-28 16:59:20,52.2837115,09
333,114,20.955375,3416,2021-06-28 16:59:13,52.268954,010
334,738,21.1917396,3417,2021-06-28 16:59:16,52.4141995,3
335,738,21.204878,3418,2021-06-28 16:59:17,52.408625,4
336,190,21.069222,3421,2021-06-28 16:59:13,52.279387,021
337,500,21.0417291,3422,2021-06-28 16:59:19,52.3002951,4
338,185,20.9765766,3423,2021-06-28 16:59:00,52.2876316,10
339,512,21.052509,3424,2021-06-28 16:59:17,52.252691,2
340,512,21.0519855,3426,2021-06-28 16:59:17,52.2528385,3
341,169,21.0383921,3427,2021-06-28 16:59:22,52.2640516,2
342,185,21.0498151,3428,2021-06-28 16:59:22,52.2014171,7
343,500,21.0448483,3429,2021-06-28 16:59:19,52.2788283,6
344,169,21.051793,3430,2021-06-28 16:59:21,52.2529091,3
345,112,21.0537761,3431,2021-06-28 16:59:12,52.2951298,3
346,Z26,20.9793278,3432,2021-06-28 16:59:19,52.2377266,1
347,Z26,21.026451,3434,2021-06-28 16:59:13,52.251218,6
348,175,21.012955,3435,2021-06-28 16:59:18,52.2429851,55
349,509,21.0630313,3437,2021-06-28 16:59:21,52.2284266,5
350,132,21.0609815,3438,2021-06-28 16:59:21,52.3051801,06
351,738,21.0645045,3439,2021-06-28 16:59:20,52.2735433,1
352,414,20.9640088,3440,2021-06-28 16:59:21,52.208029,07
353,512,21.064918,3441,2021-06-28 16:59:20,52.287801,5
354,500,20.9998608,3442,2021-06-28 16:59:19,52.2586205,7
355,509,20.982616,3443,2021-06-28 16:59:14,52.308913,11
356,245,21.10191,3444,2021-06-28 16:59:22,52.285951,04
357,145,21.023115,3445,2021-06-28 16:59:17,52.2861745,8
358,509,21.023775,3446,2021-06-28 16:58:55,52.260916,14
359,162,21.0643126,3447,2021-06-28 16:59:03,52.1924228,6
360,190,21.069314,3448,2021-06-28 16:59:09,52.279441,2
361,112,20.883024,3449,2021-06-28 16:59:17,52.214816,9
362,112,20.951556,3450,2021-06-28 16:59:20,52.276553,12
363,114,21.043474,3451,2021-06-28 09:14:51,52.2654126,09
364,145,21.0879825,3452,2021-06-28 16:59:18,52.2447623,015
365,527,21.0504255,3453,2021-06-28 16:59:21,52.2907728,2
366,190,21.081848,3454,2021-06-28 16:59:18,52.295063,1
367,145,21.0470601,3455,2021-06-28 16:59:17,52.2864726,5
368,509,21.0546955,3458,2021-06-28 16:59:19,52.2385851,355
369,245,21.1307303,3459,2021-06-28 16:59:01,52.2827628,1
370,190,21.0411145,3460,2021-06-28 16:59:20,52.2573205,022
371,114,20.9972865,3462,2021-06-28 16:59:12,52.2718423,2
372,190,20.8970056,3463,2021-06-28 16:59:18,52.228168,6
373,500,21.0420213,3464,2021-06-28 16:59:18,52.3002033,5
374,114,20.9243923,3465,2021-06-28 16:59:18,52.2813413,6
375,112,21.027674,3466,2021-06-28 16:59:07,52.298613,1
376,509,20.940636,3467,2021-06-28 16:59:08,52.327076,022
377,245,21.0528766,3468,2021-06-28 16:59:20,52.2764893,03
378,114,20.9874586,3469,2021-06-28 16:59:19,52.269221,7
379,L17,21.02953,36442,2021-06-28 16:59:22,52.07476,02
380,L19,21.038322,36443,2021-06-28 16:59:21,51.983692,1
381,L17,21.005432,36444,2021-06-28 16:59:19,52.004822,1
382,L19,21.029455,36445,2021-06-28 16:59:20,52.074997,02
383,L30,21.136404,36446,2021-06-28 16:59:25,51.96019,1
384,L28,21.127995,36447,2021-06-28 16:59:21,52.02174,1
385,L30,21.199551,36448,2021-06-28 16:59:22,51.939182,02
386,L42,21.11615,37531,2021-06-28 16:59:23,52.102646,52
387,L21,21.199841,37533,2021-06-28 16:59:23,52.040237,1
388,L16,21.114443,37534,2021-06-28 16:59:22,52.102192,1
389,L14,21.173746,37535,2021-06-28 16:59:20,52.093655,1
390,L15,21.115381,37536,2021-06-28 16:59:23,52.065063,51
391,L39,21.043083,38541,2021-06-28 16:59:25,52.084045,4
392,L23,21.029503,38543,2021-06-28 16:59:19,52.074894,M53
393,L23,21.01528,38544,2021-06-28 16:59:24,52.074364,052
394,L39,20.992462,38545,2021-06-28 16:59:16,52.109776,3
395,L32,20.970083,38546,2021-06-28 16:59:16,52.018745,1
396,L39,21.004555,38547,2021-06-28 05:46:58,52.110222,1
397,L39,21.05234,38548,2021-06-28 16:59:23,52.095142,2
398,L23,21.032532,38549,2021-06-28 16:59:25,52.065514,51
399,L52,21.016453,38550,2021-06-28 16:59:19,52.063522,1
400,L-2,21.029436,39551,2021-06-28 16:37:26,52.075169,062
401,L12,20.936138,39552,2021-06-28 16:59:22,52.036983,063
402,L25,21.110361,39554,2021-06-28 16:59:07,52.002316,02
403,L25,21.079388,39555,2021-06-28 16:59:16,52.044094,1
404,L-2,20.924879,39556,2021-06-28 16:59:20,51.997341,061
405,L12,21.008804,39557,2021-06-28 16:59:17,52.057945,64
406,L12,21.02947,39558,2021-06-28 16:59:25,52.075119,65
407,L13,21.057505,39560,2021-06-28 16:59:20,52.028004,1
408,L13,21.027056,39561,2021-06-28 16:59:21,52.071499,03
409,L13,21.039879,39562,2021-06-28 16:59:24,52.027134,2
410,L-5,21.020109,39565,2021-06-28 16:59:19,52.065983,1
411,255,20.945753,4200,2021-06-28 16:59:21,52.224972,2
412,703,20.8563627,4202,2021-06-28 16:59:23,52.1142204,52
413,197,20.868414,4205,2021-06-28 16:59:22,52.192703,2
414,902,20.9223249,4206,2021-06-28 16:30:27,52.1964574,M1
415,255,20.9837609,4207,2021-06-28 16:59:22,52.2299487,03
416,154,20.970198,4209,2021-06-28 16:59:22,52.203873,4
417,178,20.970371,4210,2021-06-28 16:59:22,52.228916,011
418,154,20.958242,4211,2021-06-28 16:59:23,52.222939,010
419,711,20.943711,4212,2021-06-28 16:59:21,52.175193,063
420,154,20.962978,4213,2021-06-28 16:59:21,52.217247,1
421,154,20.896805,4214,2021-06-28 16:59:21,52.240734,8
422,711,20.800026,4215,2021-06-28 16:59:22,52.091022,061
423,122,20.9775036,4216,2021-06-28 16:59:22,52.2667144,3
424,197,20.862556,4217,2021-06-28 16:59:19,52.190258,3
425,197,20.892275,4218,2021-06-28 16:59:23,52.21637,1
426,255,20.9308644,4219,2021-06-28 16:59:20,52.2254235,1
427,197,20.943031,4221,2021-06-28 16:59:19,52.238476,10
428,129,20.948067,4224,2021-06-28 16:59:22,52.242908,2
429,121,20.9251799,4225,2021-06-28 16:59:23,52.2725247,03
430,197,20.942425,4227,2021-06-28 16:59:22,52.237427,5
431,154,20.896929,4228,2021-06-28 16:59:23,52.244457,6
432,902,21.0439432,4229,2021-06-28 16:59:22,52.248669,M2
433,154,20.8977792,4230,2021-06-28 16:59:22,52.2575795,7
434,178,20.960385,4231,2021-06-28 16:59:23,52.2158522,9
435,178,20.895964,4232,2021-06-28 16:59:21,52.185627,7
436,714,20.95014,4233,2021-06-28 16:59:23,52.238625,3
437,729,20.8451242,4234,2021-06-28 16:59:23,52.2502997,02
438,714,20.811033,4235,2021-06-28 16:59:22,52.263355,2
439,L-3,21.013439,42362,2021-06-28 16:59:23,52.070843,02
440,154,20.9031872,4237,2021-06-28 16:59:18,52.2390564,5
441,154,20.964115,4238,2021-06-28 16:59:22,52.183517,3
442,178,20.938046,4239,2021-06-28 16:59:23,52.202702,8
443,154,20.9516379,4240,2021-06-28 16:59:23,52.2278649,011
444,714,20.904753,4241,2021-06-28 16:59:19,52.239185,04
445,154,20.9652344,4242,2021-06-28 16:59:23,52.1977562,2
446,154,20.944124,4243,2021-06-28 16:59:22,52.175461,09
447,901,21.036889,4244,2021-06-28 16:59:10,52.221763,1
448,901,21.0043771,4246,2021-06-28 16:59:23,52.2307157,3
449,714,20.914831,4247,2021-06-28 16:59:23,52.239201,1
450,729,20.787926,4248,2021-06-28 16:59:23,52.264702,1
451,121,20.973366,4249,2021-06-28 16:59:23,52.274544,2
452,L-1,20.896582,42494,2021-06-28 16:59:24,52.06213,1
453,L-4,21.0165,42495,2021-06-28 06:12:56,52.098907,2
454,L-3,20.833767,42500,2021-06-28 16:57:21,52.031147,1
455,146,21.0986246,4303,2021-06-28 16:59:19,52.2169265,06
456,119,21.0192399,4304,2021-06-28 16:59:23,52.2095589,07
457,117,21.0988939,4305,2021-06-28 16:59:23,52.2214872,4
458,147,21.1818921,4307,2021-06-28 16:59:23,52.2069576,010
459,142,21.1011429,4308,2021-06-28 16:59:23,52.2426525,08
460,198,21.2173963,4309,2021-06-28 16:59:23,52.2511656,04
461,702,21.1201714,4312,2021-06-28 16:59:23,52.2371907,1
462,105,16.9750897,4332,2021-06-26 13:35:37,52.5472771,4
463,N72,16.9763326,4333,2021-06-28 15:21:54,52.5456077,215
464,240,21.0322592,4400,2021-06-28 16:59:23,52.2999667,1
465,132,20.96851,4401,2021-06-28 16:59:23,52.271938,09
466,126,21.006495,4402,2021-06-28 16:59:23,52.3074,2
467,120,21.0555932,4403,2021-06-28 16:59:22,52.3614851,5
468,166,21.073069,4404,2021-06-28 16:59:21,52.135807,3
469,156,20.93045,4406,2021-06-28 16:59:19,52.290783,2
470,122,20.923916,4407,2021-06-28 16:59:22,52.253609,010
471,134,21.061823,4408,2021-06-28 16:59:23,52.361706,05
472,106,21.0205537,4409,2021-06-28 16:59:20,52.2430669,1
473,199,21.165014,4411,2021-06-28 16:59:23,52.261551,3
474,173,21.066168,4413,2021-06-28 16:59:23,52.251469,2
475,106,21.008486,4415,2021-06-28 16:59:20,52.238693,2
476,106,21.023563,4416,2021-06-28 16:59:20,52.236916,07
477,170,21.037182,4417,2021-06-28 16:59:23,52.252354,2
478,106,20.975149,4418,2021-06-28 16:59:19,52.232086,3
479,120,21.0462235,4419,2021-06-28 16:59:22,52.2761792,7
480,901,21.008017,4420,2021-06-28 16:59:21,52.2351846,4
481,126,20.9623507,4421,2021-06-28 16:59:22,52.3343579,1
482,338,21.059565,4422,2021-06-28 16:59:22,52.262733,02
483,106,21.020468,4423,2021-06-28 16:59:20,52.243153,5
484,901,21.020205,4424,2021-06-28 16:59:22,52.229992,2
485,156,21.061577,4425,2021-06-28 16:59:22,52.270054,5
486,166,21.057444,4427,2021-06-28 16:59:23,52.151699,4
487,156,21.0520911,4428,2021-06-28 16:59:21,52.2529957,4
488,303,20.944195,4429,2021-06-28 16:59:22,52.294704,2
489,106,20.96554,4430,2021-06-28 16:59:22,52.238018,08
490,338,21.026878,4434,2021-06-28 16:59:22,52.26004,03
491,122,20.9472889,5200,2021-06-28 16:59:14,52.2679956,08
492,171,20.9129376,5201,2021-06-28 16:59:18,52.2395849,8
493,517,20.9517286,5202,2021-06-28 16:59:17,52.2118623,09
494,523,20.99256,5203,2021-06-28 16:59:11,52.216486,020
495,401,20.925821,5204,2021-06-28 16:59:10,52.196266,013
496,105,20.9235519,5205,2021-06-28 16:59:19,52.2217069,5
497,131,21.0481654,5206,2021-06-28 16:59:13,52.2071893,2
498,182,20.9651943,5207,2021-06-28 16:59:15,52.218119,011
499,517,20.8899524,5208,2021-06-28 16:59:12,52.1901183,2
500,184,20.937091,5210,2021-06-28 16:59:09,52.287611,2
501,105,20.9553592,5211,2021-06-28 16:59:17,52.2279852,09
502,523,20.9125946,5212,2021-06-28 16:59:18,52.2413555,015
503,Z10,20.9131277,5213,2021-06-28 16:59:19,52.2516951,1
504,184,20.9386928,5214,2021-06-28 16:59:20,52.277359,1
505,523,20.9962979,5215,2021-06-28 16:59:19,52.2168383,7
506,131,21.0301913,5216,2021-06-28 16:59:21,52.2067325,8
507,189,20.9220571,5217,2021-06-28 16:49:01,52.1957361,11
508,122,20.9493644,5218,2021-06-28 16:59:17,52.2640382,011
509,401,21.0060008,5219,2021-06-28 16:59:14,52.1779207,6
510,124,20.950266,5222,2021-06-28 16:59:05,52.156703,1
511,190,20.8990192,5223,2021-06-28 16:59:14,52.2389257,7
512,517,20.9760366,5224,2021-06-28 16:59:18,52.2181516,4
513,523,20.9720172,5225,2021-06-28 16:59:22,52.2195141,6
514,401,20.951064,5226,2021-06-28 16:59:19,52.1916999,4
515,189,20.896728,5227,2021-06-28 16:59:22,52.2307432,024
516,124,20.9436795,5228,2021-06-28 16:59:20,52.1761718,2
517,131,21.06879,5229,2021-06-28 16:59:18,52.1815209,5
518,523,20.9569996,5230,2021-06-28 16:59:22,52.2305273,016
519,189,20.9165012,5232,2021-06-28 16:59:18,52.2197638,7
520,148,21.046818,5233,2021-06-28 16:59:16,52.1900645,011
521,105,20.984371,5234,2021-06-28 16:59:06,52.230811,011
522,105,20.9560789,5235,2021-06-28 16:59:12,52.228116,3
523,517,20.8682105,5236,2021-06-28 16:59:17,52.1934563,1
524,171,20.9250169,5237,2021-06-28 16:59:20,52.2724999,6
525,401,20.9724,5238,2021-06-28 16:59:20,52.185445,7
526,182,21.010068,5239,2021-06-28 16:59:08,52.217296,9
527,184,20.9209017,5240,2021-06-28 16:59:15,52.2580779,3
528,187,20.9783232,5241,2021-06-28 16:59:20,52.2173572,8
529,190,21.0871925,5243,2021-06-28 16:59:16,52.3036768,011
530,189,20.916518,5244,2021-06-28 16:59:12,52.2255197,018
531,105,20.898498,5245,2021-06-28 16:59:07,52.239454,6
532,148,20.9864031,5246,2021-06-28 16:59:18,52.1595987,012
533,716,20.8450115,5247,2021-06-28 16:59:22,52.1867922,1
534,141,21.0236729,5248,2021-06-28 16:59:13,52.1992151,7
535,317,21.0399278,5249,2021-06-28 16:59:22,52.1717536,2
536,188,20.985732,5250,2021-06-28 16:59:20,52.2047832,3
537,187,20.9865044,5251,2021-06-28 16:59:16,52.2161577,1
538,189,21.0641711,5253,2021-06-28 16:59:18,52.1865338,020
539,401,20.8620651,5254,2021-06-28 16:59:16,52.1903538,010
540,190,20.898945,5255,2021-06-28 16:59:16,52.238869,016
541,148,21.0486672,5256,2021-06-28 16:59:17,52.1777358,1
542,716,20.89161,5257,2021-06-28 16:59:10,52.198713,2
543,188,21.061813,5258,2021-06-28 16:59:21,52.2284682,4
544,105,20.898811,5260,2021-06-28 16:59:21,52.238818,08
545,723,21.000813,5401,2021-06-28 16:59:23,52.291317,3
546,185,21.0439899,5403,2021-06-28 16:59:22,52.1571337,3
547,145,21.089212,5404,2021-06-28 16:59:22,52.286407,4
548,269,21.044123,5405,2021-06-28 16:59:23,52.285618,05
549,509,21.0210949,5406,2021-06-28 16:59:23,52.2651037,13
550,120,21.0508966,5407,2021-06-28 16:59:23,52.2525762,2
551,527,21.056631,5408,2021-06-28 16:59:23,52.272335,054
552,E-9,20.967843,5409,2021-06-28 16:59:22,52.272015,01
553,731,20.9392354,5410,2021-06-28 16:59:23,52.4211727,1
554,723,20.9658197,5412,2021-06-28 16:59:22,52.3307705,4
555,705,21.000501,5413,2021-06-28 16:59:21,52.2931614,66
556,511,20.9452219,5414,2021-06-28 16:59:22,52.3496929,1
557,723,20.916004,5416,2021-06-28 16:59:21,52.403519,1
558,E-9,20.967545,5417,2021-06-28 16:59:20,52.271881,02
559,511,20.928989,5418,2021-06-28 16:59:23,52.292984,2
560,120,21.0542402,5419,2021-06-28 16:59:22,52.2692755,3
561,160,21.002986,5420,2021-06-28 16:59:23,52.2332991,5
562,511,20.9360215,5421,2021-06-28 16:59:23,52.2992675,3
563,160,21.0506331,5423,2021-06-28 16:59:21,52.2615012,012
564,511,20.9611004,5424,2021-06-28 16:59:23,52.3351809,06
565,116,21.023203,5425,2021-06-28 16:59:23,52.226994,14
566,116,21.084148,5426,2021-06-28 16:59:23,52.167877,11
567,527,21.045603,5428,2021-06-28 16:59:23,52.279873,1
568,731,20.931824,5429,2021-06-28 16:59:19,52.394169,2
569,145,21.135485,5430,2021-06-28 16:59:22,52.241428,11
570,160,21.0002562,5432,2021-06-28 16:59:21,52.2304904,7
571,414,20.971334,5434,2021-06-28 16:59:20,52.206039,08
572,527,21.068367,5436,2021-06-28 16:59:22,52.323578,3
573,705,21.028543,5437,2021-06-28 16:59:22,52.366711,1
574,731,21.0008929,5438,2021-06-28 16:59:23,52.2912486,4
575,738,21.061735,5439,2021-06-28 16:59:23,52.273426,2
576,735,20.9681402,5441,2021-06-28 16:59:22,52.2719477,64
577,160,21.061832,5443,2021-06-28 16:59:20,52.30949,2
578,E-9,21.018158,5444,2021-06-28 16:59:22,52.29512,04
579,705,21.048461,5445,2021-06-28 03:52:31,52.264575,65
580,735,21.024351,5446,2021-06-28 16:59:23,52.43475,62
581,114,21.036394,5447,2021-06-28 16:59:20,52.288399,08
582,705,21.057623,5448,2021-06-28 16:59:23,52.4473789,63
583,160,21.0571534,5449,2021-06-28 16:59:23,52.3206444,3
584,511,20.94261,5453,2021-06-28 16:59:22,52.348644,4
585,160,21.045628,5454,2021-06-28 16:59:23,52.279949,09
586,169,21.0342164,5455,2021-06-28 16:59:22,52.2589895,4
587,269,21.0558961,5457,2021-06-28 16:59:22,52.2690471,04
588,180,20.990049,5459,2021-06-28 16:59:23,52.247795,016
589,735,21.0331612,5460,2021-06-28 16:59:23,52.3925754,65
590,175,20.989046,5870,2021-06-28 16:59:22,52.218437,53
591,128,20.9637,5871,2021-06-28 16:59:22,52.2077,59
592,503,21.045637,5873,2021-06-28 16:59:21,52.149948,1
593,128,20.984865,5874,2021-06-28 16:59:19,52.200665,58
594,138,21.070522,5875,2021-06-28 16:59:17,52.260597,011
595,331,21.002117,5876,2021-06-28 16:59:23,52.158588,01
596,180,21.083841,5877,2021-06-28 16:59:23,52.1679329,017
597,709,21.017588,5878,2021-06-28 16:59:22,52.14529,013
598,128,20.968271,5880,2021-06-28 16:59:21,52.207001,070
599,128,21.016008,5882,2021-06-28 16:59:18,52.240772,56
600,180,21.083868,5883,2021-06-28 16:59:22,52.168106,10
601,503,21.002293,5885,2021-06-28 16:59:23,52.254719,5
602,180,21.024807,5886,2021-06-28 16:59:14,52.220703,13
603,175,21.017918,5887,2021-06-28 16:59:23,52.237148,074
604,128,21.018026,5888,2021-06-28 16:59:21,52.23103,069
605,180,21.038851,5889,2021-06-28 16:59:23,52.206738,8
606,128,21.01292,5890,2021-06-28 16:59:19,52.243221,62
607,180,21.018259,5891,2021-06-28 16:59:19,52.236073,7
608,504,20.980959,5892,2021-06-28 16:59:22,52.190723,010
609,503,21.026461,5893,2021-06-28 16:59:20,52.214508,3
610,175,20.978193,5894,2021-06-28 16:59:19,52.16943,066
611,503,21.04995,5895,2021-06-28 16:59:21,52.144611,12
612,503,21.045267,5897,2021-06-28 16:59:23,52.182976,2
613,128,20.984634,5898,2021-06-28 16:59:20,52.201412,071
614,175,20.97365,5899,2021-06-28 16:59:19,52.170696,51
615,158,20.949356,5900,2021-06-28 16:59:20,52.211605,5
616,175,20.974192,5902,2021-06-28 16:59:21,52.16946,52
617,158,21.06148,5903,2021-06-28 16:59:21,52.240158,8
618,503,21.024591,5905,2021-06-28 16:59:23,52.222206,8
619,175,21.001867,5906,2021-06-28 16:59:24,52.227371,63
620,503,21.016211,5907,2021-06-28 16:59:21,52.240879,7
621,175,21.014738,5908,2021-06-28 16:59:22,52.24297,068
622,175,20.980188,5909,2021-06-28 16:59:20,52.188526,067
623,128,21.012871,5910,2021-06-28 16:59:09,52.242975,073
624,111,20.979429,5911,2021-06-28 16:59:21,52.244396,4
625,116,21.075037,5913,2021-06-28 16:59:22,52.168137,12
626,175,21.003479,5915,2021-06-28 16:59:20,52.228237,54
627,128,20.993959,5918,2021-06-28 16:59:24,52.226196,60
628,158,21.1176612,5920,2021-06-28 16:59:24,52.2337639, 
629,116,21.013803,5921,2021-06-28 16:59:21,52.245388,15
630,175,21.1163987,5923,2021-06-28 10:17:16,52.2339737,072
631,116,20.951801,5924,2021-06-28 16:59:19,52.276466,17
632,116,20.924747,5926,2021-06-28 16:59:19,52.272442,3
633,158,20.99349,5927,2021-06-28 16:59:23,52.226116,7
634,116,20.981365,5928,2021-06-28 16:59:22,52.269951,5
635,128,20.989815,5929,2021-06-28 16:59:17,52.22438,57
636,158,21.112814,5930,2021-06-28 16:59:19,52.236279,9
637,158,21.050579,5931,2021-06-28 16:59:21,52.237705,3
638,116,20.99827,5932,2021-06-28 16:59:20,52.253853,6
639,111,21.0311049,5933,2021-06-28 16:59:23,52.2338344,2
640,158,20.989834,5934,2021-06-28 16:59:21,52.22472,4
641,503,21.045155,5935,2021-06-28 16:59:20,52.149456,11
642,503,21.036329,5936,2021-06-28 16:59:22,52.167786,10
643,111,21.102217,5937,2021-06-28 16:59:22,52.222157,10
644,158,21.105148,5939,2021-06-28 16:59:20,52.236923,2
645,128,20.963455,5942,2021-06-28 16:59:22,52.207787,072
646,111,21.0498,5943,2021-06-28 16:59:23,52.2379,7
647,111,21.090607,5944,2021-06-28 16:59:23,52.228153,013
648,158,20.959345,5945,2021-06-28 16:59:23,52.216122,6
649,111,21.064877,5946,2021-06-28 16:59:15,52.226734,8
650,111,20.989405,5947,2021-06-28 16:59:19,52.24762,5
651,503,21.002783,5948,2021-06-28 16:59:21,52.254929,013
652,503,21.01622,5950,2021-06-28 16:59:21,52.240803,4
653,180,20.944696,5951,2021-06-28 16:59:18,52.268784,2
654,518,20.997675,5952,2021-06-28 16:59:19,52.253799,7
655,160,21.064096,5954,2021-06-28 16:59:19,52.324905,010
656,160,21.002697,5956,2021-06-28 16:59:22,52.244762,013
657,111,20.987503,5958,2021-06-28 16:59:23,52.246963,011
658,160,21.029779,5959,2021-06-28 16:59:19,52.252655,08
659,111,21.013702,5960,2021-06-28 16:59:19,52.241001,3
660,190,21.029379,5961,2021-06-28 16:59:22,52.252441,024
661,116,21.055441,5962,2021-06-28 16:59:22,52.181953,13
662,111,21.062399,5963,2021-06-28 16:59:22,52.230732,1
663,518,20.942097,5964,2021-06-28 16:59:19,52.334377,3
664,518,21.023434,5965,2021-06-28 16:59:19,52.228256,08
665,518,20.93767,5966,2021-06-28 16:59:21,52.32476,2
666,160,21.049053,5967,2021-06-28 16:59:17,52.289783,011
667,180,21.071854,5970,2021-06-28 16:59:17,52.179211,11
668,518,20.993727,5972,2021-06-28 16:59:23,52.299007,1
669,E-9,21.057907,5973,2021-06-28 16:59:22,52.31942,03
670,518,20.948254,5975,2021-06-28 16:59:21,52.317719,4
671,180,20.981421,5976,2021-06-28 16:59:23,52.253136,6
672,503,21.046812,5978,2021-06-28 16:59:18,52.190468,9
673,503,21.002546,5979,2021-06-28 16:59:23,52.254818,6
674,111,21.010485,5980,2021-06-28 16:59:21,52.244732,6
675,705,21.069805,5981,2021-06-28 16:59:19,52.474007,07
676,111,21.10247,5982,2021-06-28 16:59:23,52.222065,9
677,175,20.983545,5983,2021-06-28 16:59:20,52.196873,65
678,180,20.924959,5984,2021-06-28 16:59:22,52.272411,4
679,180,21.017912,5985,2021-06-28 16:59:19,52.236923,14
680,180,21.057177,5986,2021-06-28 16:59:19,52.192207,12
681,180,21.059164,5987,2021-06-28 16:59:20,52.191063,9
682,180,21.005789,5988,2021-06-28 16:59:20,52.248833,1
683,116,20.923252,5989,2021-06-28 16:59:23,52.275673,1
684,705,20.997694,5990,2021-06-28 16:59:19,52.312054,08
685,116,20.924973,5991,2021-06-28 16:59:21,52.272308,2
686,518,21.004505,5994,2021-06-28 16:59:18,52.249809,6
687,116,21.01808,5995,2021-06-28 16:59:19,52.236748,7
688,116,20.9725,5996,2021-06-28 16:59:19,52.2716,16
689,116,21.074568,5997,2021-06-28 16:59:22,52.168415,10
690,518,20.977758,5998,2021-06-28 16:59:20,52.278954,5
691,116,21.043089,5999,2021-06-28 16:59:22,52.194057,8
692,184,20.967117,6200,2021-06-28 16:59:23,52.218239,7
693,112,20.92539,6201,2021-06-28 16:59:23,52.261986,11
694,187,21.0485,6203,2021-06-28 16:59:23,52.207989,9
695,167,20.9813102,6204,2021-06-28 16:59:21,52.2163162,013
696,728,20.916571,6207,2021-06-28 16:59:23,52.150642,02
697,Z10,20.929016,6208,2021-06-28 16:59:22,52.223137,7
698,703,20.899597,6209,2021-06-28 16:59:20,52.137306,91
699,414,20.956234,6210,2021-06-28 16:59:21,52.23724,04
700,713,20.857328,6212,2021-06-28 16:59:23,52.215847,3
701,414,21.040997,6213,2021-06-28 16:59:22,52.289494,03
702,184,20.9640426,6214,2021-06-28 16:59:22,52.2175647,5
703,191,20.945576,6215,2021-06-28 16:59:22,52.20763,6
704,105,20.898756,6216,2021-06-28 16:59:23,52.238777,7
705,167,20.9627895,6217,2021-06-28 16:59:23,52.2159904,1
706,105,20.897274,6218,2021-06-28 16:59:20,52.221432,010
707,136,20.988935,6220,2021-06-28 16:59:23,52.189339,4
708,189,21.0688884,6221,2021-06-28 16:59:22,52.1812994,13
709,187,20.9017615,6222,2021-06-28 16:59:20,52.1993477,5
710,105,20.958939,6223,2021-06-28 16:59:22,52.227978,4
711,517,20.90959,6224,2021-06-28 16:59:22,52.194134,6
712,717,20.840677,6225,2021-06-28 16:59:23,52.190617,2
713,716,20.9303401,6226,2021-06-28 16:59:20,52.2250197,3
714,188,20.9809069,6227,2021-06-28 16:59:23,52.1889402,1
715,190,20.985104,6228,2021-06-28 16:59:23,52.238964,3
716,187,20.9463579,6229,2021-06-28 16:59:23,52.2082219,6
717,706,20.943193,6231,2021-06-28 16:59:22,52.175434,03
718,190,20.988081,6232,2021-06-28 16:59:19,52.2402,9
719,191,20.902355,6233,2021-06-28 16:59:23,52.194088,4
720,414,20.990028,6234,2021-06-28 16:59:19,52.285103,02
721,112,20.913127,6236,2021-06-28 16:59:21,52.2383374,10
722,114,20.933783,6237,2021-06-28 16:59:16,52.305334,4
723,728,20.8696121,6239,2021-06-28 16:59:23,52.0597544,1
724,414,20.957947,6240,2021-06-28 16:59:19,52.243599,01
725,517,20.949234,6241,2021-06-28 16:59:21,52.209919,5
726,182,20.964941,6242,2021-06-28 16:59:23,52.218033,7
727,706,20.943075,6243,2021-06-28 16:59:19,52.175468,2
728,L29,20.46262,65471,2021-06-28 16:59:21,52.267754,1
729,L-7,20.809143,66523,2021-06-28 16:59:21,52.293743,2
730,L-6,20.824826,66524,2021-06-28 16:59:16,52.250914,02
731,L-6,20.825272,66525,2021-06-28 16:59:22,52.250809,1
732,190,21.0412366,7200,2021-06-28 16:59:23,52.2576461,10
733,189,20.8987997,7201,2021-06-28 16:59:21,52.2387417,6
734,112,20.9018624,7202,2021-06-28 16:59:22,52.2280594,019
735,141,20.977757,7203,2021-06-28 16:59:22,52.183716,4
736,317,21.003906,7204,2021-06-28 16:59:23,52.177883,07
737,131,21.0485034,7205,2021-06-28 16:59:23,52.2061034,011
738,523,21.0849536,7206,2021-06-28 16:59:23,52.2444167,10
739,189,20.957239,7207,2021-06-28 16:59:23,52.190643,019
740,414,20.963976,7208,2021-06-28 16:59:22,52.215595,06
741,721,20.8297977,7212,2021-06-28 16:59:20,52.0550152,02
742,112,20.9548896,7213,2021-06-28 16:59:21,52.2761817,5
743,191,20.897102,7214,2021-06-28 16:59:23,52.195946,2
744,112,20.897043,7215,2021-06-28 16:59:23,52.21973,8
745,713,20.8514046,7216,2021-06-28 16:59:22,52.2152992,2
746,189,21.018602,7219,2021-06-28 16:59:23,52.173504,022
747,187,21.0451387,7222,2021-06-28 16:59:21,52.2200594,12
748,122,20.912453,7223,2021-06-28 16:59:24,52.252785,2
749,721,20.942709,7225,2021-06-28 16:59:23,52.175491,1
750,706,20.8956397,7226,2021-06-28 16:59:23,52.1352074,1
751,114,20.974871,7227,2021-06-28 16:59:22,52.265762,3
752,114,21.041702,7228,2021-06-28 16:59:22,52.300262,1
753,112,21.091557,7229,2021-06-28 16:59:22,52.307758,014
754,517,21.004408,7230,2021-06-28 16:59:23,52.228188,08
755,713,20.752464,7231,2021-06-28 16:59:22,52.211567,04
756,717,20.936066,7232,2021-06-28 16:59:19,52.200829,1
757,189,20.916641,7233,2021-06-28 16:59:23,52.22123,3
758,713,20.9293449,7234,2021-06-28 16:59:22,52.2231952,1
759,187,21.048269,7235,2021-06-28 16:59:22,52.178219,10
760,184,20.9640329,7237,2021-06-28 16:59:23,52.2080997,6
761,141,20.944178,7238,2021-06-28 16:59:23,52.175476,5
762,189,20.98074,7239,2021-06-28 16:59:23,52.18285,16
763,184,20.9251249,7240,2021-06-28 16:59:23,52.2617461,8
764,317,21.002161,7241,2021-06-28 16:59:18,52.176681,5
765,141,21.073725,7242,2021-06-28 16:59:23,52.231983,1
766,523,21.107218,7243,2021-06-28 16:59:23,52.248417,9
767,401,20.8979399,7244,2021-06-28 16:59:22,52.19566,3
768,187,20.9615104,7245,2021-06-28 16:59:23,52.2167719,7
769,190,20.9225494,7247,2021-06-28 16:59:23,52.2403302,017
770,188,21.091599,7248,2021-06-28 16:59:22,52.249866,5
771,171,21.043688,7249,2021-06-28 16:59:21,52.222858,3
772,317,20.950079,7250,2021-06-28 16:59:23,52.181702,3
773,105,20.896362,7251,2021-06-28 16:59:22,52.217621,2
774,167,21.047514,7252,2021-06-28 16:59:24,52.210327,4
775,122,20.8981667,7254,2021-06-28 16:59:24,52.2494136,1
776,191,20.9801269,7256,2021-06-28 16:59:21,52.2152281,8
777,190,21.0343104,7257,2021-06-28 16:59:19,52.2543591,012
778,187,21.0563749,7258,2021-06-28 16:59:23,52.1821789,11
779,189,21.010113,7259,2021-06-28 16:59:23,52.174839,15
780,125,21.196493,7301,2021-06-28 16:59:22,52.208412,08
781,507,21.059982,7303,2021-06-28 16:59:22,52.234074,5
782,188,21.1108739,7304,2021-06-28 16:59:22,52.2450402,07
783,138,21.1005491,7305,2021-06-28 16:59:23,52.2606337,4
784,151,21.0909889,7306,2021-06-28 16:59:21,52.2311691,04
785,509,21.0287379,7307,2021-06-28 16:59:23,52.2568861,7
786,138,20.999809,7308,2021-06-28 16:59:21,52.169174,1
787,188,20.9782899,7310,2021-06-28 16:59:23,52.1694961,2
788,182,21.0278252,7312,2021-06-28 16:59:22,52.2199202,5
789,E-1,21.102322,7314,2021-06-28 16:59:21,52.22205,01
790,143,21.0068442,7315,2021-06-28 16:59:20,52.2170522,7
791,188,20.9736187,7316,2021-06-28 16:59:23,52.1730147,08
792,402,21.045301,7317,2021-06-28 16:59:23,52.181114,3
793,182,21.1003379,7318,2021-06-28 16:59:22,52.2381422,4
794,182,21.1129509,7319,2021-06-28 16:59:18,52.2360821,3
795,411,21.0430742,7320,2021-06-28 16:59:23,52.224053,01
796,182,20.9813359,7322,2021-06-28 16:59:21,52.2161347,8
797,E-1,21.0438537,7323,2021-06-28 16:59:21,52.2372937,02
798,138,21.050053,7325,2021-06-28 16:59:21,52.241535,3
799,141,20.979397,7326,2021-06-28 16:59:21,52.186043,6
800,E-1,21.043173,7327,2021-06-28 16:59:23,52.2449,03
801,182,21.0569136,7328,2021-06-28 16:59:22,52.2270624,1
802,523,21.051451,7329,2021-06-28 16:59:21,52.225922,017
803,171,20.942595,7330,2021-06-28 16:59:24,52.23917,5
804,162,21.0366674,7331,2021-06-28 16:59:22,52.2524347,013
805,141,21.047705,7333,2021-06-28 16:59:22,52.209599,8
806,116,21.026564,7334,2021-06-28 16:59:23,52.214512,69
807,110,20.89949,742,2021-06-28 16:59:18,52.325775,1
808,750,20.90188,744,2021-06-28 16:59:25,52.331707,05
809,750,20.84079,745,2021-06-28 16:59:23,52.367207,07
810,250,20.898983,746,2021-06-28 16:59:22,52.29554,1
811,850,20.894005,749,2021-06-28 16:59:22,52.33857,2
812,150,20.927925,750,2021-06-28 16:59:21,52.308834,1
813,750,20.817438,755,2021-06-28 16:59:24,52.351921,2
814,110,20.968561,757,2021-06-28 16:59:18,52.272156,3
815,150,20.865477,758,2021-06-28 16:59:23,52.347851,2
816,750,20.928045,761,2021-06-28 16:59:20,52.291077,4
817,750,20.908373,762,2021-06-28 16:59:15,52.325565,1
818,850,20.801985,763,2021-06-28 16:59:21,52.368195,1
819,151,21.0835801,7701,2021-06-28 16:59:23,52.2326807,1
820,411,21.1019502,7702,2021-06-28 16:59:23,52.2223169,04
821,402,21.0489191,7703,2021-06-28 16:59:23,52.1944245,7
822,151,21.0152722,7704,2021-06-28 16:59:23,52.2183109,05
823,150,20.920013,772,2021-06-28 16:59:21,52.315185167,04
824,150,20.847228167,773,2021-06-28 16:59:22,52.341583833,05
825,150,20.882418,774,2021-06-28 16:59:22,52.342434,3
826,250,20.868603,775,2021-06-28 16:59:23,52.332844,3
827,250,20.9036,776,2021-06-28 16:59:21,52.2898,2
828,750,20.8159407,777,2021-06-28 16:59:22,52.3735414,3
829,167,21.079339,8100,2021-06-28 16:59:12,52.2085288,6
830,143,21.0534121,8103,2021-06-28 16:59:17,52.2263025,011
831,167,21.0061313,8108,2021-06-28 16:59:18,52.2126293,8
832,217,21.0266188,8109,2021-06-28 16:59:17,52.1786755,2
833,174,21.0200233,8110,2021-06-28 16:59:17,52.183777,010
834,136,21.0235218,8112,2021-06-28 16:59:15,52.1559018,014
835,709,21.0222866,8115,2021-06-28 16:59:18,52.0760701,8
836,174,21.0053845,8119,2021-06-28 16:59:13,52.215017,6
837,136,21.055862,8120,2021-06-28 16:59:15,52.147543,7
838,143,21.13303,8121,2021-06-28 16:59:04,52.239621,09
839,504,20.9907291,8123,2021-06-28 16:59:17,52.2253971,3
840,165,21.0239526,8124,2021-06-28 16:59:19,52.1791338,4
841,727,21.0209681,8125,2021-06-28 16:59:10,52.1762413,3
842,709,21.022761,8126,2021-06-28 16:59:19,52.1798865,014
843,402,20.994058,8130,2021-06-28 16:59:13,52.176341,5
844,136,20.9602458,8131,2021-06-28 16:59:12,52.2376888,012
845,148,21.0316898,8133,2021-06-28 16:59:23,52.1500136,5
846,402,21.1558876,8134,2021-06-28 16:59:17,52.24022,9
847,167,20.926366,8135,2021-06-28 16:59:18,52.2340561,9
848,162,21.0308401,8136,2021-06-28 16:59:14,52.2609158,08
849,162,21.0338713,8137,2021-06-28 16:59:20,52.2267193,011
850,162,21.04727,8138,2021-06-28 16:59:12,52.21103,7
851,136,20.9650673,8139,2021-06-28 16:59:15,52.2152348,016
852,168,21.000778,8140,2021-06-28 16:59:19,52.201425,4
853,504,20.9903325,8143,2021-06-28 16:59:16,52.216972,011
854,504,21.0045695,8144,2021-06-28 16:59:20,52.229959,4
855,709,21.0182303,8145,2021-06-28 16:59:17,52.127139,011
856,727,21.0188466,8146,2021-06-28 16:59:21,52.065074,2
857,148,21.051043,8148,2021-06-28 16:59:17,52.159466,6
858,709,21.0224375,8152,2021-06-28 16:59:17,52.0825706,1
859,217,21.0249891,8153,2021-06-28 16:59:18,52.1788316,1
860,136,21.0339571,8154,2021-06-28 16:59:13,52.1502676,8
861,131,21.0040451,8155,2021-06-28 16:59:19,52.2299361,9
862,709,21.0176716,8156,2021-06-28 16:59:17,52.1603951,6
863,308,21.0073036,8158,2021-06-28 16:59:20,52.1889125,01
864,136,21.006469,8160,2021-06-28 16:59:18,52.1711878,5
865,504,21.0170706,8162,2021-06-28 16:59:09,52.1654278,1
866,331,20.9781073,8164,2021-06-28 16:59:16,52.1696338,05
867,331,21.0205228,8165,2021-06-28 16:59:13,52.1743283,03
868,709,21.0157876,8166,2021-06-28 16:59:19,52.072049,9
869,148,20.9764253,8167,2021-06-28 16:59:14,52.1721585,4
870,218,21.0078493,8168,2021-06-28 16:59:15,52.189046,3
871,504,20.990613,8169,2021-06-28 16:59:01,52.2250711,5
872,131,21.0138575,8170,2021-06-28 16:59:18,52.2262695,1
873,167,20.9800255,8172,2021-06-28 16:59:21,52.2146846,010
874,143,21.014256,8173,2021-06-28 16:59:11,52.216883,010
875,218,21.02426,8174,2021-06-28 16:59:16,52.179761,1
876,727,21.0182863,8175,2021-06-28 16:59:17,52.1244773,4
877,709,21.0173426,8176,2021-06-28 16:59:16,52.153382,3
878,143,21.098814,8177,2021-06-28 16:59:03,52.243031,5
879,138,21.0212495,8178,2021-06-28 16:59:14,52.2102695,7
880,709,21.018639,8181,2021-06-28 16:59:18,52.1108811,7
881,136,20.962117,8182,2021-06-28 16:59:12,52.2161261,2
882,218,21.024695,8183,2021-06-28 16:59:04,52.190818,4
883,131,21.0719401,8184,2021-06-28 16:59:13,52.179137,6
884,143,21.0065805,8185,2021-06-28 16:59:12,52.2170616,8
885,217,21.0465333,8187,2021-06-28 16:59:05,52.174573,4
886,185,21.010038,8188,2021-06-28 16:59:14,52.256578,9
887,504,21.0444618,8189,2021-06-28 16:59:21,52.1430743,7
888,709,21.0240236,8190,2021-06-28 16:59:19,52.180014,5
889,131,21.01356,8192,2021-06-28 16:59:16,52.227031,4
890,504,20.9864505,8195,2021-06-28 16:59:13,52.18133,2
891,504,21.0345035,8196,2021-06-28 16:59:20,52.1506428,013
892,218,21.0019821,8197,2021-06-28 16:59:13,52.178523,2
893,331,21.0238338,8198,2021-06-28 16:59:19,52.1791153,02
894,174,20.9953106,8199,2021-06-28 16:59:21,52.1701985,4
895,402,20.9938298,8201,2021-06-28 16:59:19,52.1796155,4
896,151,21.115749,8202,2021-06-28 10:44:07,52.233741,05
897,151,21.1175305,8204,2021-06-28 10:20:01,52.2338373,06
898,151,21.083234,8208,2021-06-28 16:59:19,52.232441,2
899,521,21.2048761,8214,2021-06-28 16:59:19,52.1593541,1
900,125,21.1645611,8216,2021-06-28 16:59:01,52.2172871,2
901,182,21.0717945,8218,2021-06-28 16:59:12,52.2307526,013
902,509,20.988925,8220,2021-06-28 16:59:20,52.303988,023
903,182,21.1129753,8222,2021-06-28 16:59:19,52.2362596,2
904,509,21.043579,8223,2021-06-28 16:59:18,52.2493296,024
905,151,21.0051256,8225,2021-06-28 16:59:17,52.2189691,06
906,509,20.942135,8228,2021-06-28 16:59:19,52.334454,10
907,521,21.1812751,8229,2021-06-28 16:59:17,52.1910141,2
908,523,21.038128,8231,2021-06-28 16:59:11,52.222554,021
909,162,21.0367301,8233,2021-06-28 16:59:14,52.253127,014
910,145,21.0942743,8300,2021-06-28 16:59:11,52.244092,2
911,145,21.054959,8301,2021-06-28 16:59:16,52.2923191,9
912,509,21.1016823,8303,2021-06-28 16:59:14,52.2230008,3
913,171,20.9239833,8304,2021-06-28 16:59:22,52.2537241,010
914,509,21.116975,8305,2021-06-28 09:25:27,52.233583,022
915,117,21.005184,8306,2021-06-28 16:59:12,52.2296381,3
916,116,20.942264,8309,2021-06-28 16:59:22,52.277594,4
917,141,21.032064,8310,2021-06-28 16:59:04,52.201036,2
918,168,21.0914778,8311,2021-06-28 16:59:14,52.2225553,3
919,151,21.0434883,8312,2021-06-28 16:59:20,52.2243115,3
920,720,21.2531318,8313,2021-06-28 16:59:21,52.2216675,02
921,162,21.0328006,8314,2021-06-28 16:59:17,52.2569203,2
922,117,21.053096,8315,2021-06-28 16:59:20,52.2359683,06
923,521,20.9638951,8318,2021-06-28 16:59:09,52.2078411,4
924,185,21.003486,8319,2021-06-28 16:59:12,52.265763,11
925,151,21.116836,8320,2021-06-28 09:58:49,52.233566,04
926,162,21.085053,8322,2021-06-28 16:59:16,52.193319,5
927,509,20.9880471,8323,2021-06-28 16:59:16,52.3041961,9
928,148,21.0926585,8324,2021-06-28 16:59:17,52.2251685,7
929,143,21.0841371,8326,2021-06-28 16:59:20,52.2453793,1
930,145,21.088261,8328,2021-06-28 16:59:06,52.244796,1
931,507,21.037378,8329,2021-06-28 16:59:10,52.235199,08
932,148,21.053979,8330,2021-06-28 16:59:10,52.156068,2
933,145,21.000306,8332,2021-06-28 16:59:21,52.291393,7
934,523,20.975145,8333,2021-06-28 16:59:21,52.2182303,12
935,148,21.0338421,8334,2021-06-28 16:59:13,52.1485265,3
936,145,21.1022403,8335,2021-06-28 16:59:13,52.2859536,014
937,143,21.130916,8337,2021-06-28 16:59:20,52.237823,2
938,125,21.1540786,8340,2021-06-28 16:59:20,52.2260721,4
939,523,20.9636943,8341,2021-06-28 16:59:19,52.2173855,5
940,507,21.069175,8342,2021-06-28 16:59:18,52.225413,1
941,171,21.011411,8343,2021-06-28 16:59:12,52.230326,09
942,502,21.2425417,8344,2021-06-28 16:59:11,52.216995,1
943,507,21.1016733,8345,2021-06-28 16:59:14,52.2222933,3
944,145,21.130991,8348,2021-06-28 16:59:18,52.250396,3
945,507,21.010978,8349,2021-06-28 16:59:11,52.229406,6
946,145,21.1149667,8350,2021-06-28 16:59:17,52.2394333,012
947,507,21.0933933,8351,2021-06-28 16:59:08,52.2247017,4
948,502,21.015743,8352,2021-06-28 16:59:15,52.221836,4
949,523,20.898176,8353,2021-06-28 16:59:22,52.258499,2
950,502,21.217503,8354,2021-06-28 16:59:17,52.214584,011
951,523,21.084673,8356,2021-06-28 16:59:03,52.248158,8
952,514,21.1197617,8358,2021-06-28 16:59:11,52.232495,3
953,523,20.92503,8359,2021-06-28 16:59:12,52.2406717,3
954,507,21.005283,8360,2021-06-28 16:59:16,52.229521,7
955,202,21.128675,8361,2021-06-28 16:59:12,52.24025,1
956,502,21.2000233,8362,2021-06-28 16:59:14,52.2244733,2
957,188,20.99016,8363,2021-06-28 16:59:14,52.2160433,6
958,138,21.038246,8364,2021-06-28 16:59:08,52.251868,6
959,514,21.109356,8365,2021-06-28 16:59:09,52.233584,1
960,523,20.951363,8366,2021-06-28 16:59:14,52.238435,4
961,502,21.0855967,8368,2021-06-28 16:59:21,52.2362733,5
962,145,21.000488,8398,2021-06-28 16:59:06,52.291485,013
963,402,21.1559365,8403,2021-06-28 16:59:18,52.2402886,011
964,521,21.1226365,8408,2021-06-28 16:59:20,52.2361101,07
965,143,21.1571251,8410,2021-06-28 16:59:17,52.25888,012
966,523,20.9463965,8414,2021-06-28 16:59:12,52.2387785,13
967,148,21.1046666,8417,2021-06-28 16:59:21,52.2217811,9
968,148,21.087426,8430,2021-06-28 16:59:20,52.244856,010
969,162,21.0485988,8437,2021-06-28 16:59:18,52.202173,012
970,125,21.128203,8438,2021-06-28 16:59:17,52.233613,1
971,162,21.030253,8440,2021-06-28 16:59:17,52.234558,015
972,145,21.01862,8441,2021-06-28 16:59:23,52.29055,6
973,269,21.041676,8442,2021-06-28 16:59:23,52.3004329,01
974,723,20.941528,8443,2021-06-28 16:59:23,52.355835,2
975,114,20.9293016,8445,2021-06-28 16:59:21,52.2852379,5
976,120,21.0588027,8446,2021-06-28 16:59:23,52.3293022,6
977,731,20.971222,8447,2021-06-28 16:59:20,52.322655,3
978,160,21.0528239,8448,2021-06-28 16:59:23,52.2693487,1
979,132,21.0505671,8449,2021-06-28 16:59:23,52.3045415,04
980,412,21.077419,8450,2021-06-28 16:59:19,52.322353,052
981,112,20.9143287,8451,2021-06-28 16:59:20,52.2360826,6
982,527,21.0598714,8452,2021-06-28 16:59:22,52.304049,06
983,160,21.0028354,8453,2021-06-28 16:59:22,52.2294461,014
984,160,21.055143,8454,2021-06-28 16:59:21,52.275528,4
985,160,21.002186,8455,2021-06-28 16:59:22,52.229664,6
986,132,21.011658,8457,2021-06-28 16:59:20,52.293095,08
987,527,21.0569437,8458,2021-06-28 16:59:23,52.3217709,055
988,Z26,20.97924,8459,2021-06-28 16:59:21,52.236847,3
989,412,21.077726,8460,2021-06-28 16:59:21,52.289703,053
990,120,21.0618209,8461,2021-06-28 16:59:24,52.3096341,4
991,414,20.967594,8462,2021-06-28 16:59:23,52.273418,05
992,511,20.97253,8463,2021-06-28 16:59:23,52.320744,05
993,509,21.0750592,8465,2021-06-28 16:59:23,52.2257599,2
994,136,20.984828,8500,2021-06-28 16:59:08,52.200908,3
995,501,21.014295,8501,2021-06-28 16:59:17,52.2257917,06
996,138,20.9954083,8502,2021-06-28 16:59:22,52.1702433,9
997,189,20.8990383,8503,2021-06-28 16:58:55,52.238685,5
998,522,21.0762083,8504,2021-06-28 16:59:06,52.1574583,4
999,401,20.861923,8505,2021-06-28 16:59:02,52.190519,2
1000,131,21.069048,8506,2021-06-28 16:59:05,52.181371,7
1001,501,21.0554633,8507,2021-06-28 16:59:01,52.1819033,4
1002,138,21.0269133,8508,2021-06-28 16:59:22,52.21986,2
1003,189,20.970268,8509,2021-06-28 16:59:07,52.186169,1
1004,501,21.002908,8510,2021-06-28 16:59:17,52.229136,1
1005,189,20.929801,8511,2021-06-28 16:59:22,52.195578,027
1006,Z26,21.0300417,8512,2021-06-28 16:59:10,52.2527717,4
1007,186,20.963386,8513,2021-06-28 16:59:16,52.317704,013
1008,733,20.869469,8514,2021-06-28 16:59:17,52.119958,01
1009,Z26,21.000545,8515,2021-06-28 16:59:09,52.244085,7
1010,522,21.012173,8516,2021-06-28 16:59:03,52.228855,2
1011,141,21.110736,8517,2021-06-28 16:59:13,52.236633,10
1012,519,21.0847267,8519,2021-06-28 16:59:16,52.1666717,7
1013,519,21.0122483,8520,2021-06-28 16:59:12,52.229135,1
1014,186,20.96776,8522,2021-06-28 16:59:13,52.214305,10
1015,733,20.7513267,8523,2021-06-28 16:59:10,52.0677917,62
1016,522,21.018378,8525,2021-06-28 16:59:04,52.212541,011
1017,172,20.9842633,8526,2021-06-28 16:59:15,52.19889,63
1018,172,21.069141,8528,2021-06-28 16:59:19,52.181411,5
1019,308,21.002124,8530,2021-06-28 16:59:18,52.184711,02
1020,172,20.955455,8532,2021-06-28 16:59:09,52.2120433,1
1021,Z26,20.9742267,8533,2021-06-28 16:59:18,52.2354817,2
1022,138,21.100819,8534,2021-06-28 16:59:13,52.260616,5
1023,522,21.011978,8535,2021-06-28 16:59:18,52.228813,1
1024,172,21.063971,8536,2021-06-28 16:59:06,52.186541,6
1025,522,21.079986,8537,2021-06-28 16:59:17,52.157666,5
1026,709,21.024035,8539,2021-06-28 16:59:08,52.1799933,4
1027,172,20.98438,8540,2021-06-28 16:59:21,52.2008067,8
1028,185,21.045773,8541,2021-06-28 16:59:20,52.149971,6
1029,172,20.968959,8543,2021-06-28 16:59:17,52.214183,9
1030,519,21.043671,8544,2021-06-28 16:59:13,52.193201,4
1031,522,21.056218,8546,2021-06-28 16:59:21,52.181506,012
1032,522,21.0692483,8547,2021-06-28 16:59:20,52.165835,6
1033,402,21.060526,8548,2021-06-28 16:59:17,52.201913,010
1034,186,20.963785,8549,2021-06-28 16:59:20,52.2077683,015
1035,186,20.9572817,8550,2021-06-28 16:59:17,52.316485,016
1036,709,21.022988,8551,2021-06-28 16:59:09,52.075024,10
1037,136,20.994109,8552,2021-06-28 16:59:11,52.188809,10
1038,Z26,21.034246,8555,2021-06-28 16:59:18,52.257846,5
1039,519,21.018944,8556,2021-06-28 16:59:14,52.212384,6
1040,Z26,20.994733,8558,2021-06-28 16:59:07,52.242173,08
1041,217,21.03596,8559,2021-06-28 16:59:08,52.17695,06
1042,519,21.075006,8560,2021-06-28 16:59:18,52.168255,2
1043,411,21.024008,8561,2021-06-28 16:59:08,52.219008,02
1044,521,21.20444,8562,2021-06-28 16:59:21,52.159345,09
1045,402,21.04515,8563,2021-06-28 16:59:15,52.1802283,2
1046,521,21.1749433,8564,2021-06-28 16:59:16,52.1974383,08
1047,502,21.0155467,8565,2021-06-28 16:59:20,52.2188567,014
1048,502,21.142656,8566,2021-06-28 16:59:18,52.227445,6
1049,402,21.01892,8567,2021-06-28 16:59:19,52.1734183,014
1050,509,21.030823,8568,2021-06-28 16:59:22,52.255183,021
1051,171,21.030811,8569,2021-06-28 16:59:11,52.229873,2
1052,411,21.100206,8571,2021-06-28 16:59:22,52.223419,03
1053,E-1,21.093003,8572,2021-06-28 16:59:07,52.224918,04
1054,202,21.040483,8573,2021-06-28 16:59:20,52.241008,2
1055,411,21.115896,8574,2021-06-28 10:20:57,52.233514,01
1056,720,21.292204,8576,2021-06-28 16:59:20,52.176909,1
1057,162,21.047473,8578,2021-06-28 16:59:16,52.211341,4
1058,125,21.0438583,8579,2021-06-28 16:59:10,52.248535,09
1059,731,20.931631,8583,2021-06-28 16:59:07,52.374254,5
1060,269,21.041925,8584,2021-06-28 16:59:19,52.3004867,02
1061,269,21.047476,8585,2021-06-28 16:59:19,52.286613,03
1062,514,21.2437817,8586,2021-06-28 16:59:21,52.2486267,2
1063,523,21.115558,8587,2021-06-28 08:55:25,52.233753,3
1064,145,21.1265183,8588,2021-06-28 16:59:18,52.2597067,016
1065,514,21.015591,8589,2021-06-28 16:59:16,52.219223,4
1066,502,21.0881033,8590,2021-06-28 16:59:18,52.2360117,3
1067,507,21.102381,8592,2021-06-28 16:59:11,52.221926,2
1068,145,21.1207033,8593,2021-06-28 16:59:21,52.26761,10
1069,138,21.0025283,8595,2021-06-28 16:59:10,52.1782867,8
1070,186,20.9802596,8801,2021-06-28 16:59:18,52.2105513,11
1071,185,21.0462995,8802,2021-06-28 16:59:18,52.2153521,1
1072,727,20.9437668,8803,2021-06-28 16:59:21,52.0368063,1
1073,217,21.079912,8804,2021-06-28 16:59:18,52.157861,3
1074,185,21.0219743,8805,2021-06-28 16:59:19,52.1426968,4
1075,402,21.1281495,8806,2021-06-28 16:59:15,52.2350921,8
1076,131,21.0601386,8808,2021-06-28 16:59:19,52.1902788,3
1077,709,21.0174108,8809,2021-06-28 16:59:11,52.140115,2
1078,174,20.9983016,8810,2021-06-28 16:59:22,52.2327941,1
1079,165,20.9923101,8811,2021-06-28 16:58:56,52.1628301,3
1080,167,20.9434433,8812,2021-06-28 16:59:08,52.2262693,011
1081,402,21.1375848,8813,2021-06-28 16:59:12,52.2404336,1
1082,167,20.9629768,8814,2021-06-28 16:59:24,52.2159345,2
1083,167,21.0199728,8816,2021-06-28 16:59:22,52.2096693,3
1084,308,21.020479,8817,2021-06-28 16:59:15,52.189635,03
1085,504,21.045604,8818,2021-06-28 16:59:10,52.141561,9
1086,331,21.0017803,8819,2021-06-28 16:59:20,52.1567686,04
1087,522,21.049838,8820,2021-06-28 16:59:15,52.187283,014
1088,174,21.003958,8821,2021-06-28 16:59:16,52.1708286,08
1089,174,20.9964693,8822,2021-06-28 16:59:21,52.1699325,5
1090,522,21.0152896,8823,2021-06-28 16:59:15,52.2174455,015
1091,709,21.0150785,8825,2021-06-28 16:59:13,52.0743278,012
1092,504,21.0687498,8826,2021-06-28 16:59:15,52.1289576,8
1093,143,21.1695168,8828,2021-06-28 16:59:20,52.2642803,4
1094,509,21.093813,8829,2021-06-28 16:59:18,52.22733,4
1095,523,21.0820465,8830,2021-06-28 16:59:15,52.2398543,11
1096,125,21.0914623,8831,2021-06-28 16:59:11,52.2445175,5
1097,171,20.9199056,8832,2021-06-28 16:59:18,52.2645403,7
1098,141,21.0842925,8833,2021-06-28 16:59:18,52.2430958,9
1099,704,21.3479376,8834,2021-06-28 16:59:20,52.2223328,2
1100,521,20.980037,8835,2021-06-28 16:59:18,52.214924,5
1101,182,21.002121,8837,2021-06-28 16:59:19,52.2169591,6
1102,182,20.977039,8838,2021-06-28 16:59:22,52.217721,010
1103,704,21.118958,8839,2021-06-28 16:59:06,52.237928,1
1104,185,21.0219406,8840,2021-06-28 16:59:16,52.1425453,5
1105,125,21.0525203,8841,2021-06-28 16:59:15,52.2473648,6
1106,521,21.0256245,8843,2021-06-28 16:59:14,52.2327866,3
1107,185,21.0536725,8844,2021-06-28 16:59:14,52.1801851,2
1108,402,20.9934881,8845,2021-06-28 16:59:13,52.1787845,013
1109,143,21.1771338,8846,2021-06-28 16:59:13,52.2569743,3
1110,143,21.0639451,8847,2021-06-28 16:59:19,52.2287628,6
1111,125,21.174478,8849,2021-06-28 16:59:16,52.206263,3
1112,521,21.1191973,8850,2021-06-28 16:59:18,52.237797,6
1113,523,21.1066956,8851,2021-06-28 16:59:14,52.2477418,019
1114,141,21.0041345,8852,2021-06-28 16:59:19,52.1952418,3
1115,125,21.0826143,8853,2021-06-28 16:59:17,52.245483,7
1116,509,21.0174135,8854,2021-06-28 16:59:18,52.2701831,8
1117,402,21.0222338,8855,2021-06-28 16:59:13,52.1731815,6
1118,512,21.0363281,8856,2021-06-28 16:59:15,52.2551543,1
1119,509,21.0126248,8857,2021-06-28 16:59:15,52.2778516,12
1120,169,21.0419248,8858,2021-06-28 16:59:09,52.3001413,1
1121,112,21.013716,8859,2021-06-28 16:59:16,52.293733,4
1122,512,21.0404916,8861,2021-06-28 16:59:18,52.2573128,4
1123,412,21.0516808,8862,2021-06-28 16:59:14,52.252746,04
1124,738,21.110591,8864,2021-06-28 16:59:21,52.329675,05
1125,500,21.0459893,8865,2021-06-28 10:43:17,52.2651186,08
1126,169,21.0414565,8866,2021-06-28 16:59:22,52.2961455,5
1127,162,21.02768,8867,2021-06-28 16:59:19,52.2391113,1
1128,190,20.9149728,8868,2021-06-28 16:59:25,52.2335926,5
1129,190,20.9917603,8869,2021-06-28 16:59:23,52.2448626,023
1130,190,21.0580913,8871,2021-06-28 16:59:09,52.2660461,025
1131,190,21.085491,8872,2021-06-28 16:59:14,52.299374,026
1132,738,21.1176458,8873,2021-06-28 16:59:18,52.3386026,06
1133,500,21.0421861,8874,2021-06-28 16:59:21,52.2954776,3
1134,190,20.9146218,8875,2021-06-28 16:59:19,52.2352411,4
1135,162,21.0321045,8876,2021-06-28 16:59:18,52.240859,3
1136,512,21.07476,8878,2021-06-28 16:59:18,52.2874223,06
1137,509,21.0524488,8879,2021-06-28 16:59:12,52.23851,1
1138,709,20.996574,8880,2021-06-25 18:58:33,52.18762,016
1139,186,20.957373,8881,2021-06-28 16:59:06,52.241161,014
1140,165,21.0233501,8882,2021-06-28 16:59:19,52.1800485,2
1141,175,20.9883895,8883,2021-06-28 16:59:16,52.2110456,64
1142,180,20.9453085,8885,2021-06-28 16:59:13,52.2655758,5
1143,167,21.083016,8886,2021-06-28 16:59:06,52.208286,5
1144,189,21.068656,8887,2021-06-28 16:59:18,52.181596,021
1145,128,21.0198568,8888,2021-06-28 16:59:19,52.2326483,61
1146,504,21.018043,8891,2021-06-28 16:59:18,52.1532228,012
1147,165,20.992293,8892,2021-06-28 16:59:10,52.159925,1
1148,180,20.925031,8893,2021-06-28 16:58:55,52.272426,53
1149,217,21.0683536,8894,2021-06-28 16:59:05,52.1691016,05
1150,136,21.023096,8895,2021-06-28 16:59:11,52.161796,015
1151,174,21.0073935,8896,2021-06-28 16:59:14,52.2103188,07
1152,180,20.978917,8897,2021-06-28 16:59:17,52.2445596,015
1153,167,21.0449858,8898,2021-06-28 16:59:15,52.2067066,7
1154,504,20.9812486,8899,2021-06-28 16:59:14,52.190004,6
1155,161,21.20093,9061,2021-06-28 16:59:20,52.183056,2
1156,161,21.189446,9063,2021-06-28 16:59:21,52.171803,3
1157,262,21.07938,9064,2021-06-28 16:59:21,52.279289,03
1158,314,21.049362,9065,2021-06-28 16:59:18,52.361423,04
1159,314,20.952808,9066,2021-06-28 16:59:21,52.317326,02
1160,104,21.000185,9068,2021-06-28 16:59:23,52.291473,2
1161,161,21.224783,9070,2021-06-28 16:59:20,52.186661,1
1162,225,21.150883,9071,2021-06-28 16:59:20,52.26989,2
1163,225,21.102596,9074,2021-06-28 16:59:17,52.222744,4
1164,225,21.145054,9075,2021-06-28 16:59:23,52.260384,3
1165,211,20.961113,9077,2021-06-28 16:59:19,52.316456,08
1166,314,20.983877,9078,2021-06-28 16:59:22,52.308041,01
1167,262,21.087883,9080,2021-06-28 16:59:22,52.286537,1
1168,104,21.029394,9081,2021-06-28 16:59:22,52.301403,1
1169,314,21.014887,9082,2021-06-28 16:59:20,52.304977,03
1170,262,21.053698,9083,2021-06-28 16:59:23,52.276363,2
1171,225,21.09277,9088,2021-06-28 16:59:21,52.225521,1
1172,211,20.981785,9090,2021-06-28 16:59:23,52.302185,2
1173,211,21.00062,9091,2021-06-28 16:59:18,52.29253,07
1174,305,21.134359,9093,2021-06-28 16:59:22,52.218216,1
1175,900,20.955627,9094,2021-06-28 16:59:18,52.34597,1
1176,133,20.952341,9201,2021-06-28 16:59:15,52.316887,2
1177,207,20.902147,9202,2021-06-28 16:59:23,52.19413,03
1178,164,21.097658,9203,2021-06-28 16:59:23,52.16132,05
1179,133,20.960518,9204,2021-06-28 16:59:15,52.334114,1
1180,809,21.037916,9205,2021-06-28 16:59:22,52.154202,51
1181,809,20.992826,9206,2021-06-28 16:59:22,52.109798,52
1182,239,21.037956,9208,2021-06-28 16:59:16,52.153896,54
1183,211,20.957535,9209,2021-06-28 16:59:20,52.326227,4
1184,177,20.897156,9210,2021-06-28 16:59:19,52.184757,3
1185,209,21.018324,9212,2021-06-28 16:59:16,52.125019,53
1186,211,20.945627,9213,2021-06-28 16:59:24,52.3498,6
1187,219,21.172947,9215,2021-06-28 16:59:18,52.184288,3
1188,208,20.97552,9216,2021-06-28 16:59:23,52.210174,1
1189,234,21.022694,9217,2021-06-28 16:59:14,52.311874,1
1190,239,21.014898,9218,2021-06-28 16:59:20,52.15316,057
1191,234,21.053915,9219,2021-06-28 16:59:15,52.335136,2
1192,203,20.92786,9220,2021-06-28 16:59:23,52.292023,1
1193,249,20.898777,9221,2021-06-28 16:59:21,52.238586,1
1194,211,20.941687,9223,2021-06-28 16:59:19,52.333233,1
1195,201,20.924416,9224,2021-06-28 16:59:18,52.260258,3
1196,208,20.971534,9225,2021-06-28 16:59:21,52.20546,04
1197,208,20.950993,9226,2021-06-28 16:59:16,52.210938,05
1198,208,20.975922,9227,2021-06-28 16:59:22,52.211155,2
1199,219,21.162361,9228,2021-06-28 16:59:20,52.194054,2
1200,219,21.093361,9229,2021-06-28 16:59:21,52.224857,1
1201,201,20.925066,9230,2021-06-28 16:59:17,52.260578,2
1202,239,21.037201,9232,2021-06-28 16:59:16,52.154572,056
1203,264,21.13768,9233,2021-06-28 16:59:21,52.130203,1
1204,203,20.90444,9234,2021-06-28 16:59:17,52.274776,2
1205,201,20.937099,9235,2021-06-28 16:59:16,52.234966,5
1206,201,20.935619,9236,2021-06-28 16:59:20,52.252415,4
1207,209,21.017956,9237,2021-06-28 16:59:16,52.125919,055
1208,208,20.955956,9238,2021-06-28 16:59:06,52.202103,03
1209,207,20.870495,9239,2021-06-28 16:59:19,52.183311,02
1210,177,20.885803,9240,2021-06-28 16:59:21,52.182133,1
1211,133,20.964201,9241,2021-06-28 16:59:16,52.336784,3
1212,201,20.943092,9242,2021-06-28 16:59:24,52.23925,06
1213,211,20.941076,9243,2021-06-28 16:59:18,52.339592,5
1214,207,20.890682,9244,2021-06-28 16:59:22,52.196972,01
1215,211,20.974367,9245,2021-06-28 16:59:22,52.306725,3
1216,164,21.138208,9246,2021-06-28 16:59:07,52.145947,04
1217,201,20.937181,9247,2021-06-28 16:59:17,52.252026,1
1218,177,20.883673,9248,2021-06-28 16:59:20,52.205719,2
1219,164,21.058987,9250,2021-06-28 16:59:18,52.17897,3
1220,164,21.076567,9251,2021-06-28 16:59:23,52.16774,2
1221,164,21.138185,9252,2021-06-28 16:59:20,52.145878,1
1222,211,20.941446,9254,2021-06-28 16:59:18,52.355404,09
1223,199,21.110016,9301,2021-06-28 16:59:18,52.284283,06
1224,739,21.017487,9302,2021-06-28 16:59:21,52.148998,2
1225,739,21.020721,9304,2021-06-28 16:59:21,52.174808,3
1226,179,21.066023,9311,2021-06-28 15:59:22,52.142254,10
1227,123,21.051235,9312,2021-06-28 16:59:23,52.252636,08
1228,179,21.066216,9313,2021-06-28 16:59:18,52.130985,11
1229,153,21.169592,9314,2021-06-28 16:59:20,52.276878,2
1230,179,21.062235,9315,2021-06-28 16:59:17,52.146507,2
1231,135,21.038256,9316,2021-06-28 16:59:22,52.263775,3
1232,135,21.059654,9317,2021-06-28 16:59:22,52.246746,6
1233,135,21.032463,9318,2021-06-28 16:59:18,52.264572,2
1234,135,21.038616,9319,2021-06-28 16:59:22,52.248878,1
1235,179,21.032995,9320,2021-06-28 16:59:19,52.149834,4
1236,179,21.022835,9321,2021-06-28 16:59:22,52.161869,5
1237,123,21.094013,9322,2021-06-28 16:59:18,52.227993,5
1238,135,21.051918,9323,2021-06-28 16:59:15,52.247467,07
1239,179,21.04558,9324,2021-06-28 16:59:19,52.150009,9
1240,179,21.068317,9325,2021-06-28 16:59:22,52.129181,51
1241,256,21.047731,9326,2021-06-28 16:59:23,52.285397,2
1242,142,21.138073,9327,2021-06-28 16:59:18,52.222168,3
1243,179,21.025118,9328,2021-06-28 16:59:17,52.143997,8
1244,153,21.161598,9329,2021-06-28 16:59:18,52.257332,04
1245,123,21.0773959,9331,2021-06-28 09:44:24,52.2687066,07
1246,123,21.077486,9332,2021-06-28 15:39:21,52.268074,08
1247,142,21.214399,9333,2021-06-28 16:59:18,52.161697,5
1248,739,21.05085,9334,2021-06-28 16:59:21,52.09182,1
1249,153,21.170301,9335,2021-06-28 16:59:17,52.277054,3
1250,135,21.107105,9336,2021-06-28 16:59:21,52.248367,5
1251,739,21.0771987,9337,2021-06-28 16:56:14,52.2682345,2
1252,179,21.036983,9338,2021-06-28 16:59:19,52.162071,6
1253,256,21.080933,9339,2021-06-28 16:59:21,52.27739,1
1254,153,21.176985,9340,2021-06-28 16:59:20,52.256908,1
1255,142,21.21486,9341,2021-06-28 16:59:23,52.161206,4
1256,739,21.02948,9342,2021-06-28 16:59:19,52.096996,4
1257,256,21.059305,9343,2021-06-28 16:59:15,52.302769,4
1258,135,21.0951262,9344,2021-06-28 16:59:23,52.2311401,08
1259,739,21.039722,9345,2021-06-28 16:59:20,52.080524,05
1260,179,21.021334,9346,2021-06-28 16:59:21,52.158966,7
1261,135,21.086765,9347,2021-06-28 16:59:17,52.230785,4
1262,123,21.070772,9348,2021-06-28 16:59:22,52.225063,09
1263,179,21.04166,9349,2021-06-28 16:59:20,52.147339,3
1264,123,21.079054,9350,2021-06-28 16:59:20,52.226143,357
1265,142,21.133987,9351,2021-06-28 16:59:20,52.217999,1
1266,123,21.066185,9352,2021-06-28 16:59:19,52.251202,6
1267,739,21.018303,9353,2021-06-28 16:59:23,52.111309,06
1268,123,21.052376,9354,2021-06-28 16:59:23,52.250206,07
1269,199,21.117207,9355,2021-06-28 16:59:21,52.278389,05
1270,256,21.071449,9356,2021-06-28 16:59:16,52.324371,3
1271,142,21.088173,9357,2021-06-28 16:59:18,52.244663,2
1272,142,21.077633,9358,2021-06-28 16:02:28,52.267822,4
1273,256,21.072283,9359,2021-06-28 16:59:18,52.268463,5
1274,176,21.03429,9403,2021-06-28 16:59:22,52.283058,1
1275,176,20.982229,9405,2021-06-28 16:59:22,52.355576,05
1276,176,20.986124,9412,2021-06-28 16:59:21,52.334732,3
1277,197,20.931866,9413,2021-06-28 16:59:22,52.224037,012
1278,197,20.948452,9414,2021-06-28 16:59:22,52.276901,014
1279,103,20.947853,9415,2021-06-28 16:59:21,52.277214,2
1280,102,21.05382,9416,2021-06-28 16:59:23,52.238583,3
1281,157,20.976706,9417,2021-06-28 16:59:22,52.289928,7
1282,712,20.927956,9418,2021-06-28 16:59:18,52.290798,02
1283,516,21.000458,9420,2021-06-28 16:59:22,52.291035,5
1284,157,20.993811,9423,2021-06-28 16:59:21,52.225918,1
1285,103,20.969191,9424,2021-06-28 16:59:21,52.225307,4
1286,123,21.097513,9425,2021-06-28 16:59:18,52.234432,1
1287,157,20.983305,9426,2021-06-28 16:59:16,52.218967,3
1288,157,20.987577,9427,2021-06-28 16:59:15,52.239109,4
1289,157,20.996618,9428,2021-06-28 16:59:23,52.253407,9
1290,103,20.969696,9429,2021-06-28 16:59:19,52.255836,6
1291,157,20.987379,9432,2021-06-28 16:59:21,52.239513,10
1292,743,20.770884,9433,2021-06-28 16:59:22,52.231159,02
1293,176,20.999887,9434,2021-06-28 16:59:17,52.315731,04
1294,516,20.951918,9435,2021-06-28 16:59:23,52.318256,1
1295,157,20.968601,9436,2021-06-28 16:59:20,52.210396,2
1296,157,20.973681,9437,2021-06-28 16:59:21,52.279572,6
1297,197,20.934132,9438,2021-06-28 16:59:19,52.224468,011
1298,197,20.940931,9439,2021-06-28 16:59:19,52.245472,016
1299,516,20.959007,9440,2021-06-28 16:59:14,52.323696,3
1300,123,21.050606,9441,2021-06-28 16:59:19,52.240425,3
1301,103,20.968458,9442,2021-06-28 16:59:20,52.222057,5
1302,102,21.088993,9443,2021-06-28 16:59:21,52.250168,1
1303,103,20.95397,9444,2021-06-28 16:59:19,52.254059,3
1304,103,20.943466,9445,2021-06-28 16:59:19,52.270439,7
1305,103,20.937956,9446,2021-06-28 16:59:19,52.292202,1
1306,123,21.050602,9447,2021-06-28 16:59:19,52.252434,4
1307,157,20.968328,9448,2021-06-28 16:59:23,52.207428,011
1308,516,20.999292,9449,2021-06-28 16:59:21,52.294136,4
1309,102,21.008118,9450,2021-06-28 16:59:21,52.238609,2
1310,157,20.996231,9451,2021-06-28 16:59:23,52.253662,5
1311,157,20.980984,9452,2021-06-28 16:59:22,52.275696,8
1312,176,20.980949,9453,2021-06-28 16:59:18,52.355556,2
1313,197,20.953566,9454,2021-06-28 16:59:20,52.275963,015
1314,712,20.852064,9455,2021-06-28 16:59:22,52.27486,1
1315,743,20.887066,9456,2021-06-28 16:59:19,52.227364,1
1316,197,20.938946,9457,2021-06-28 16:59:21,52.247063,013
1317,103,20.927008,9458,2021-06-28 16:59:20,52.290173,8
1318,194,20.930601833,9501,2021-06-28 16:59:20,52.225028833,5
1319,707,20.925052333,9502,2021-06-28 16:59:22,52.095289667,1
1320,159,21.0547375,9503,2021-06-28 16:59:22,52.1947925,1
1321,103,20.968620833,9505,2021-06-28 16:59:20,52.222108333,09
1322,103,20.932026833,9506,2021-06-28 16:59:20,52.2895195,011
1323,220,20.905972833,9509,2021-06-28 16:59:20,52.255196167,3
1324,194,20.8935165,9510,2021-06-28 16:59:24,52.209389333,06
1325,737,20.925756333,9511,2021-06-28 16:59:17,52.065076,56
1326,220,20.8971605,9513,2021-06-28 16:59:22,52.228328,5
1327,715,20.957326167,9514,2021-06-28 16:59:20,52.144309833,53
1328,181,20.959674,9515,2021-06-28 16:59:18,52.281391,2
1329,737,20.968340667,9516,2021-06-28 16:59:24,52.082828,54
1330,149,20.940411333,9518,2021-06-28 16:59:20,52.246659,06
1331,149,20.911651667,9519,2021-06-28 16:59:20,52.238853667,2
1332,159,21.019616167,9520,2021-06-28 16:59:21,52.223618167,8
1333,715,21.036846667,9521,2021-06-28 16:59:23,52.161990333,1
1334,220,20.8983485,9522,2021-06-28 16:59:21,52.252774,4
1335,220,20.925078333,9523,2021-06-28 16:59:20,52.260652333,07
1336,220,20.896782333,9524,2021-06-28 16:59:21,52.230527167,2
1337,194,20.867919833,9525,2021-06-28 16:59:20,52.191475333,3
1338,181,20.899956667,9526,2021-06-28 16:59:22,52.297164833,1
1339,715,20.943755,9528,2021-06-28 16:59:21,52.175483167,058
1340,715,21.018241,9529,2021-06-28 16:59:20,52.143510833,52
1341,707,20.886962333,9530,2021-06-28 16:59:20,52.103462167,03
1342,159,21.001019,9531,2021-06-28 16:59:21,52.223190167,4
1343,194,20.894463167,9532,2021-06-28 16:59:24,52.2092715,1
1344,181,20.940931167,9533,2021-06-28 16:59:21,52.299319333,4
1345,181,20.984593833,9534,2021-06-28 16:59:24,52.2708155,3
1346,159,20.9783105,9535,2021-06-28 16:59:23,52.2220535,7
1347,159,20.961459667,9537,2021-06-28 16:59:22,52.2158345,6
1348,737,21.037085,9539,2021-06-28 16:59:20,52.162034,059
1349,220,20.938425333,9540,2021-06-28 16:59:21,52.171393167,1
1350,220,20.937462833,9542,2021-06-28 16:59:21,52.171688833,6
1351,737,21.029224333,9544,2021-06-28 16:59:24,52.1504305,07
1352,220,20.897377833,9545,2021-06-28 16:59:17,52.195884333,08
1353,149,20.943759,9546,2021-06-28 16:59:22,52.239194,5
1354,220,20.9019435,9548,2021-06-28 16:59:19,52.194122833,09
1355,149,20.942998667,9550,2021-06-28 16:59:23,52.245865833,1
1356,715,20.9929435,9551,2021-06-28 16:59:20,52.110412833,55
1357,149,20.878955,9552,2021-06-28 16:59:15,52.248167167,3
1358,194,20.916778167,9554,2021-06-28 16:59:19,52.220247333,07
1359,194,20.859759333,9555,2021-06-28 16:59:22,52.193682333,2
1360,159,21.04587,9556,2021-06-28 16:59:19,52.215312167,3
1361,149,20.898172,9557,2021-06-28 16:59:19,52.248973167,4
1362,194,20.930778333,9558,2021-06-28 16:59:24,52.224949333,4
1363,159,20.954895,9560,2021-06-28 16:59:21,52.212027167,5
1364,159,21.0658255,9561,2021-06-28 16:59:23,52.192140667,2
1365,118,21.03154,9671,2021-06-28 16:59:21,52.236008,2
1366,118,21.021936,9672,2021-06-28 16:59:19,52.245975,5
1367,326,21.048395,9673,2021-06-28 16:59:19,52.36174,04
1368,118,21.037457,9674,2021-06-28 16:59:21,52.296356,8
1369,152,21.018137,9676,2021-06-28 16:59:18,52.333744,5
1370,212,21.060116,9677,2021-06-28 16:59:17,52.273907,06
1371,118,21.041368,9678,2021-06-28 16:59:16,52.300114,7
1372,118,21.016285,9679,2021-06-28 16:59:19,52.250832,1
1373,326,21.028883,9680,2021-06-28 16:59:19,52.338619,02
1374,152,20.952591,9681,2021-06-28 16:59:18,52.317158,2
1375,212,21.051847,9682,2021-06-28 16:59:15,52.284214,5
1376,152,21.009167,9683,2021-06-28 16:59:18,52.335869,4
1377,212,21.053843,9684,2021-06-28 16:59:21,52.274021,1
1378,212,21.027142,9685,2021-06-28 16:59:19,52.259624,2
1379,326,20.99296,9686,2021-06-28 16:59:18,52.300106,05
1380,326,21.061922,9688,2021-06-28 16:59:17,52.361725,03
1381,118,21.023602,9689,2021-06-28 16:59:18,52.229923,4
1382,212,21.029694,9690,2021-06-28 16:59:19,52.261517,3
1383,326,20.968632,9692,2021-06-28 16:59:21,52.272038,01
1384,212,21.057165,9693,2021-06-28 16:59:21,52.301865,4
1385,152,20.967216,9695,2021-06-28 16:59:17,52.328381,1
1386,118,21.002998,9696,2021-06-28 16:59:21,52.290798,6
1387,118,21.015587,9697,2021-06-28 16:59:21,52.219002,3
1388,152,20.990681,9698,2021-06-28 16:59:16,52.337349,3
1389,525,21.140196,9802,2021-06-28 16:59:17,52.228619,1
1390,184,20.947971,9803,2021-06-28 16:59:19,52.234486,069
1391,127,21.024822,9804,2021-06-28 16:59:22,52.241711,56
1392,710,21.091539,9805,2021-06-28 16:59:21,52.131088,2
1393,525,21.082098,9807,2021-06-28 16:59:21,52.235863,319
1394,127,20.950029,9808,2021-06-28 16:59:23,52.210693,2
1395,109,21.012121,9809,2021-06-28 16:59:12,52.230156,07
1396,710,21.088087,9810,2021-06-28 16:59:18,52.078125,5
1397,719,20.594137,9812,2021-06-28 16:59:15,52.257912,3
1398,109,20.93158,9813,2021-06-28 16:39:15,52.240247,08
1399,Z10,20.914036,9814,2021-06-28 16:59:21,52.236961,2
1400,525,21.089411,9815,2021-06-28 16:59:22,52.23579,09
1401,742,21.06805,9816,2021-06-28 16:59:19,52.129009,1
1402,719,20.932163,9818,2021-06-28 16:59:21,52.240311,04
1403,719,20.586454,9819,2021-06-28 16:59:21,52.257591,1
1404,719,20.947662,9820,2021-06-28 16:59:21,52.23872,2
1405,710,21.097719,9821,2021-06-28 16:59:16,52.130753,1
1406,525,21.185055,9822,2021-06-28 16:59:18,52.20686,010
1407,184,20.963797,9823,2021-06-28 16:59:17,52.208168,010
1408,525,21.164489,9825,2021-06-28 16:06:46,52.217367,5
1409,525,21.037047,9826,2021-06-28 16:59:23,52.222378,7
1410,185,21.04611,9827,2021-06-28 16:59:24,52.214634,8
1411,127,21.019445,9828,2021-06-28 16:59:18,52.246231,4
1412,525,21.004274,9829,2021-06-28 16:59:22,52.228405,6
1413,Z10,20.911221,9830,2021-06-28 16:59:23,52.247131,8
1414,710,21.089981,9831,2021-06-28 16:59:22,52.078197,3
1415,127,20.923691,9833,2021-06-28 16:59:16,52.208302,1
1416,525,21.030157,9834,2021-06-28 16:59:20,52.220474,4
1417,742,21.216932,9835,2021-06-28 16:59:19,51.981125,02
1418,525,21.16291,9836,2021-06-28 16:59:20,52.221607,3
1419,185,21.034006,9837,2021-06-28 16:59:14,52.238537,12
1420,525,21.196623,9838,2021-06-28 16:59:17,52.208317,2
1421,724,21.104277,9839,2021-06-28 16:59:22,52.088619,1
1422,127,21.017761,9840,2021-06-28 16:59:23,52.230988,6
1423,724,21.089172,9841,2021-06-28 16:59:19,52.084839,02
1424,127,20.948437,9843,2021-06-28 16:59:24,52.20927,7
1425,127,21.028534,9844,2021-06-28 16:59:21,52.229969,09
1426,127,20.990612,9845,2021-06-28 16:59:18,52.225479,3
1427,Z10,20.917051,9846,2021-06-28 16:59:21,52.22253,6
1428,Z10,20.915063,9847,2021-06-28 16:59:22,52.232557,4
1429,109,21.019054,9849,2021-06-28 16:59:22,52.230885,6
1430,109,21.043289,9851,2021-06-28 16:59:11,52.222984,5
1431,109,20.967903,9852,2021-06-28 16:59:17,52.228794,4
1432,109,20.946726,9853,2021-06-28 16:59:18,52.238739,1
1433,127,20.920492,9854,2021-06-28 16:59:19,52.20961,335
1434,186,20.975031,9901,2021-06-28 16:59:21,52.204781,1
1435,210,20.767387,9902,2021-06-28 16:59:23,52.307789,5
1436,140,21.101339,9903,2021-06-28 16:59:19,52.318348,04
1437,520,21.126764,9905,2021-06-28 16:59:19,52.233364,011
1438,520,21.079826,9906,2021-06-28 16:59:23,52.23542,3
1439,140,21.111824,9907,2021-06-28 16:59:20,52.331413,08
1440,140,21.130646,9908,2021-06-28 16:59:20,52.359814,09
1441,140,21.111242,9909,2021-06-28 16:59:21,52.330345,2
1442,719,20.840578,9912,2021-06-28 16:59:22,52.248329,05
1443,520,21.142462,9913,2021-06-28 16:59:21,52.23727,08
1444,520,21.009741,9914,2021-06-28 16:59:19,52.234364,09
1445,520,21.00194,9915,2021-06-28 16:59:22,52.243214,6
1446,520,21.023684,9916,2021-06-28 16:59:20,52.218842,4
1447,193,21.036011,9918,2021-06-28 16:59:19,52.173496,2
1448,193,21.03619,9919,2021-06-28 16:59:21,52.161366,3
1449,140,21.075289,9920,2021-06-28 16:59:22,52.286652,05
1450,140,21.053038,9921,2021-06-28 16:59:20,52.276707,06
1451,520,21.010553,9922,2021-06-28 16:59:22,52.231651,5
1452,193,21.034927,9923,2021-06-28 16:59:19,52.156082,4
1453,140,21.075512,9924,2021-06-28 16:59:19,52.287342,07
1454,193,20.995659,9926,2021-06-28 16:59:23,52.170147,1
1455,520,21.002155,9927,2021-06-28 16:59:18,52.243145,010
1456,140,21.052811,9928,2021-06-28 16:59:22,52.276775,3
1457,186,20.967842,9929,2021-06-28 16:59:20,52.207134,12
1458,193,21.039179,9930,2021-06-28 16:59:20,52.172466,5
1459,186,20.942293,9932,2021-06-28 16:59:22,52.335144,4
1460,520,21.146021,9933,2021-06-28 16:59:23,52.237968,2
1461,186,20.955891,9934,2021-06-28 16:59:20,52.238361,2
1462,520,21.106226,9935,2021-06-28 16:59:20,52.233921,1
1463,186,20.976074,9936,2021-06-28 16:59:22,52.316021,6
1464,520,21.081503,9937,2021-06-28 16:59:20,52.235775,7
1465,186,20.988224,9940,2021-06-28 16:59:23,52.304085,3
1466,186,20.990871,9941,2021-06-28 16:59:19,52.285164,8
1467,210,20.801338,9942,2021-06-28 16:59:22,52.295528,4
1468,109,20.898743,9943,2021-06-28 16:59:18,52.238483,2
1469,186,20.95413,9945,2021-06-28 16:59:21,52.262352,9
1470,210,20.914448,9946,2021-06-28 16:59:22,52.283298,3
1471,109,20.927637,9948,2021-06-28 16:59:21,52.240749,3
1472,210,20.845812,9949,2021-06-28 16:59:19,52.292782,1
1473,210,20.931059,9950,2021-06-28 16:53:54,52.290459,2
1474,186,20.941389,9951,2021-06-28 16:59:19,52.33189,5
1475,186,20.956795,9953,2021-06-28 16:59:21,52.2309,67
1476,140,21.117195,9954,2021-06-28 16:59:21,52.360931,1
1477,o97B,21.423098,9999,2021-06-28 14:27:55,50.302967,7
