,Lines,Lon,VehicleNumber,Time,Lat,Brigade
0,213,21.188776,1001,2021-06-28 18:30:26,52.149875,1
1,213,21.2122731,1003,2021-06-28 18:30:33,52.1609043,05
2,213,21.1023846,1004,2021-06-28 18:30:34,52.2224678,3
3,196,21.160873,1005,2021-06-28 18:30:32,52.258741,2
4,196,21.161641,1008,2021-06-28 18:30:21,52.259153,03
5,213,21.2126916,1009,2021-06-28 18:30:33,52.1826006,4
6,213,21.1580865,1010,2021-06-28 18:30:34,52.2130453,2
7,311,21.0948225,1012,2021-06-28 18:30:33,52.2299466,1
8,196,21.1761976,1014,2021-06-28 18:30:40,52.2567921,1
9,311,21.0955145,1015,2021-06-28 18:30:33,52.2308316,2
10,365,21.023874,1021,2021-06-28 18:30:38,52.179836,01
11,107,21.0111912,1023,2021-06-28 18:30:37,52.239715,3
12,163,21.1044194,1025,2021-06-28 18:30:37,52.1774702,2
13,107,21.0471731,1026,2021-06-28 18:30:38,52.1969012,5
14,108,21.061171,1027,2021-06-28 18:30:36,52.185455,1
15,108,21.064518,1028,2021-06-28 18:30:37,52.186035,5
16,108,21.02383,1029,2021-06-28 18:30:36,52.179813,6
17,365,21.0003251,1031,2021-06-28 18:30:36,52.1751232,02
18,108,21.058748,1033,2021-06-28 18:30:37,52.212955,4
19,163,21.055412,1034,2021-06-28 18:30:38,52.181419,1
20,192,21.023857,1037,2021-06-28 18:30:38,52.179966,7
21,108,21.023219,1038,2021-06-28 18:30:35,52.22885,3
22,365,21.002174,1039,2021-06-28 18:30:38,52.175152,03
23,107,21.0230567,1040,2021-06-28 18:30:27,52.223845,6
24,107,20.9792217,1042,2021-06-28 18:30:37,52.2444633,2
25,107,21.002061,1043,2021-06-28 18:30:33,52.243221,07
26,107,21.044821,1045,2021-06-28 18:30:22,52.221396,4
27,204,21.0231267,1046,2021-06-28 18:30:38,52.27726,05
28,204,21.057488,1047,2021-06-28 18:30:35,52.3198,1
29,204,21.0583133,1048,2021-06-28 18:30:23,52.3186767,04
30,228,20.9664183,1050,2021-06-28 18:30:33,52.19937,1
31,228,20.931944,1051,2021-06-28 18:30:32,52.202163,2
32,328,20.968548,1052,2021-06-28 18:30:35,52.183565,01
33,129,20.908481,1053,2021-06-28 18:30:20,52.192561,4
34,228,20.89292,1054,2021-06-28 18:30:30,52.200311,3
35,129,20.9144733,1055,2021-06-28 18:30:32,52.2001267,3
36,328,20.99474,1058,2021-06-28 18:30:28,52.150863,02
37,129,20.948341,1059,2021-06-28 18:30:32,52.238781,1
38,328,20.95434,1061,2021-06-28 18:30:36,52.185841,03
39,192,21.0428869,1062,2021-06-28 18:30:34,52.1471327,51
40,192,21.045191,1064,2021-06-28 18:30:37,52.142166,2
41,163,21.0547306,1065,2021-06-28 18:30:37,52.1811386,04
42,107,20.9793942,1066,2021-06-28 18:30:38,52.2445729,1
43,163,21.106316,1068,2021-06-28 18:30:38,52.170582,3
44,192,21.07374,1069,2021-06-28 18:30:37,52.132748,4
45,163,21.083916,1070,2021-06-28 18:30:37,52.167675,05
46,192,21.0194159,1074,2021-06-28 18:30:37,52.1720802,6
47,108,21.059383,1076,2021-06-28 18:30:35,52.212864,2
48,192,21.068544,1077,2021-06-28 18:30:38,52.129139,3
49,192,21.032452,1079,2021-06-28 18:30:36,52.149738,1
50,736,20.9408866,1101,2021-06-28 18:30:34,52.4009126,02
51,132,21.0756138,1109,2021-06-28 18:30:29,52.3243053,2
52,303,20.9861575,1112,2021-06-28 18:30:34,52.269322,3
53,147,21.1720756,1113,2021-06-28 18:30:29,52.2056988,06
54,152,20.952511,1114,2021-06-28 18:30:17,52.317041,06
55,166,21.0739813,1115,2021-06-28 18:30:32,52.1346333,09
56,132,20.9687595,1116,2021-06-28 18:30:29,52.27204,3
57,122,20.945366,1117,2021-06-28 18:30:30,52.2657898,09
58,197,20.8976226,1118,2021-06-28 18:30:31,52.2162766,7
59,126,20.9690648,1119,2021-06-28 18:30:33,52.3251135,3
60,168,21.0426024,1200,2021-06-28 18:30:37,52.2067439,2
61,119,21.167076,1202,2021-06-28 18:30:35,52.204597,1
62,178,20.8834397,1203,2021-06-28 18:30:38,52.1954257,2
63,178,21.0042987,1204,2021-06-28 18:30:38,52.2554404,5
64,168,21.106499,1205,2021-06-28 18:30:33,52.234024,6
65,166,21.026624,1206,2021-06-28 18:30:27,52.211856,1
66,166,21.025017,1208,2021-06-28 18:30:37,52.220638,5
67,222,21.0248034,1211,2021-06-28 18:30:37,52.219865,4
68,174,20.99985,1212,2021-06-28 18:30:38,52.2313052,371
69,174,21.011452,1213,2021-06-28 18:30:37,52.1723212,3
70,218,21.021029,1214,2021-06-28 18:30:34,52.189705,5
71,166,21.0703734,1216,2021-06-28 18:30:36,52.1318819,7
72,168,21.069031,1218,2021-06-28 18:30:37,52.203487,5
73,119,21.118101,1220,2021-06-28 18:30:35,52.199799,5
74,122,20.9060516,1400,2021-06-28 18:30:37,52.2549535,012
75,121,21.0465066,1401,2021-06-28 18:30:30,52.2642218,04
76,134,21.0606745,1403,2021-06-28 18:30:35,52.3064328,1
77,110,20.8828313,1407,2021-06-28 18:30:33,52.3117213,05
78,240,21.000506,1408,2021-06-28 18:30:22,52.291216,4
79,173,21.1628,1411,2021-06-28 18:30:38,52.2412,5
80,117,21.1025849,1412,2021-06-28 18:30:38,52.2221314,1
81,702,21.117189,1413,2021-06-28 18:30:38,52.238743,2
82,168,21.090866,1415,2021-06-28 18:30:35,52.221645,1
83,202,21.1067324,1416,2021-06-28 18:30:38,52.2459434,04
84,183,21.163792,1418,2021-06-28 18:30:37,52.25423,6
85,147,21.2430432,1419,2021-06-28 18:30:37,52.2192591,2
86,199,21.0914382,1422,2021-06-28 18:30:38,52.2951312,4
87,198,21.2237184,1423,2021-06-28 18:30:36,52.2537944,05
88,173,21.119865,1424,2021-06-28 18:30:37,52.237312,6
89,115,21.157202,1425,2021-06-28 18:30:32,52.256363,4
90,173,21.052855,1426,2021-06-28 18:30:37,52.25034,8
91,147,21.044611,1427,2021-06-28 18:30:36,52.247772,4
92,146,21.108889,1428,2021-06-28 18:30:36,52.208527,2
93,142,21.134814,1430,2021-06-28 18:30:17,52.184339,06
94,L41,20.709723,14422,2021-06-28 18:30:31,52.430588,1
95,L11,20.723122,14424,2021-06-28 18:30:17,52.424423,1
96,L10,20.944683,14425,2021-06-28 18:30:33,52.463112,50
97,L-8,20.945215,14426,2021-06-28 14:51:54,52.437912,1
98,L41,20.941509,14427,2021-06-28 18:30:32,52.400806,02
99,L11,20.965145,14429,2021-06-28 18:30:33,52.444752,57
100,L34,20.915298,14430,2021-06-28 18:30:39,52.401093,2
101,L34,20.890162,14431,2021-06-28 18:30:36,52.417286,1
102,L11,20.93948,14432,2021-06-28 18:30:35,52.396317,51
103,L-8,21.078793,14434,2021-06-28 18:30:40,52.412445,02
104,L-8,20.941536,14435,2021-06-28 18:30:35,52.399426,1
105,L49,20.940113,14436,2021-06-28 18:30:36,52.358326,1
106,L31,21.050528,14438,2021-06-28 18:30:37,52.44104,1
107,L-9,20.927572,14439,2021-06-28 18:30:38,52.451637,054
108,L-9,20.941261,14440,2021-06-28 18:30:36,52.400738,055
109,134,20.967996,1500,2021-06-28 18:30:23,52.271753,04
110,134,21.0484393,1501,2021-06-28 18:30:33,52.3262335,3
111,110,20.952905,1502,2021-06-28 18:30:27,52.276375,2
112,240,21.048194,1505,2021-06-28 18:30:36,52.2876158,06
113,132,21.0681523,1506,2021-06-28 18:30:28,52.3237891,07
114,134,20.9682628,1507,2021-06-28 18:30:34,52.2718975,2
115,126,21.0043081,1508,2021-06-28 18:30:30,52.3102573,5
116,132,21.076063,1509,2021-06-28 18:30:34,52.324201,05
117,166,21.0410281,1510,2021-06-28 18:30:36,52.1701228,6
118,126,20.9444636,1513,2021-06-28 18:30:33,52.3228323,4
119,197,20.940568,1514,2021-06-28 18:30:35,52.236668,6
120,197,20.8623806,1515,2021-06-28 18:30:35,52.190232,8
121,121,20.92719,1516,2021-06-28 18:30:35,52.2837493,1
122,173,21.102319,1519,2021-06-28 18:30:22,52.242331,10
123,202,21.041848,1521,2021-06-28 18:30:36,52.241936,07
124,202,21.043271,1522,2021-06-28 18:30:19,52.246033,3
125,146,21.041965,1523,2021-06-28 18:30:31,52.2419533,08
126,730,21.1559683,1524,2021-06-28 18:30:25,52.2260467,052
127,119,21.000355,1525,2021-06-28 18:30:26,52.2061133,06
128,147,21.062761,1526,2021-06-28 18:30:19,52.229073,09
129,198,21.223211,1528,2021-06-28 18:30:34,52.246079,3
130,702,21.191756,1530,2021-06-28 18:30:35,52.137234,03
131,198,21.243185,1531,2021-06-28 18:30:23,52.221686,2
132,115,21.166405,1533,2021-06-28 18:30:20,52.253399,2
133,142,21.105661,1534,2021-06-28 18:30:34,52.241594,07
134,198,21.223015,1535,2021-06-28 18:30:37,52.2226817,1
135,106,20.9664,1537,2021-06-28 18:30:22,52.244013,4
136,170,21.0218683,1538,2021-06-28 18:30:25,52.2631533,4
137,120,21.04493,1539,2021-06-28 18:30:32,52.276035,1
138,199,21.1306,1540,2021-06-28 18:30:34,52.2854,1
139,156,21.029509,1541,2021-06-28 18:30:31,52.287914,1
140,170,21.064411,1542,2021-06-28 18:30:30,52.264153,1
141,156,21.0604017,1543,2021-06-28 18:30:36,52.2625483,3
142,338,21.09909,1544,2021-06-28 18:30:32,52.260276,01
143,122,20.89842,1546,2021-06-28 18:30:16,52.251465,013
144,338,21.038068,1548,2021-06-28 18:30:28,52.25236,04
145,199,21.157241,1549,2021-06-28 18:30:20,52.263281,2
146,170,21.028688,1550,2021-06-28 18:30:33,52.259986,3
147,240,21.042103,1551,2021-06-28 18:30:21,52.294623,3
148,221,20.9674967,1552,2021-06-28 18:30:27,52.2568133,2
149,106,20.978506,1554,2021-06-28 18:30:23,52.232648,06
150,L-4,21.016485,17451,2021-06-28 18:30:37,52.098797,1
151,L26,21.175972,17452,2021-06-28 18:30:34,52.311447,02
152,L37,21.219625,17453,2021-06-28 18:30:36,52.32233,1
153,L40,21.209377,17454,2021-06-28 18:30:39,52.337605,1
154,L36,21.281418,17456,2021-06-28 18:30:38,52.365608,1
155,L35,21.238848,17458,2021-06-28 18:30:37,52.342354,1
156,L26,21.191771,17460,2021-06-28 18:30:38,52.339039,1
157,L46,21.126478,17461,2021-06-28 18:30:18,52.31633,1
158,L43,21.112362,17462,2021-06-28 18:30:00,52.31831,1
159,L45,21.16198,17464,2021-06-28 18:30:34,52.303894,02
160,L45,21.110405,17465,2021-06-28 18:29:57,52.341057,1
161,L38,21.259348,17466,2021-06-28 18:30:35,52.348267,1
162,L37,21.217886,17467,2021-06-28 18:26:51,52.31123,2
163,L40,21.203875,17468,2021-06-28 18:30:36,52.339066,02
164,197,20.9759288,1800,2021-06-28 18:30:35,52.289627,4
165,110,20.9417126,1801,2021-06-28 18:30:26,52.277618,4
166,132,20.9666768,1802,2021-06-28 18:30:30,52.2734853,1
167,166,21.0491588,1803,2021-06-28 18:30:33,52.1612885,8
168,122,20.8968516,1804,2021-06-28 18:30:34,52.2413413,5
169,173,21.2646193,1805,2021-06-28 18:30:14,52.2475583,4
170,204,21.039376,1806,2021-06-28 18:30:31,52.288143,3
171,122,20.9570248,1807,2021-06-28 18:30:31,52.2607621,4
172,303,20.9359606,1808,2021-06-28 18:30:31,52.2877551,1
173,147,21.1162065,1809,2021-06-28 18:30:26,52.2016698,1
174,166,21.0370031,1810,2021-06-28 18:30:34,52.2567418,2
175,152,21.043346,1811,2021-06-28 10:10:53,52.266126,06
176,204,21.0415223,1812,2021-06-28 18:30:35,52.2961118,2
177,736,21.0008111,1813,2021-06-28 18:30:34,52.2913466,1
178,147,21.185296,1814,2021-06-28 18:30:30,52.206848,07
179,240,21.0759023,1815,2021-06-28 18:30:28,52.3222855,2
180,197,20.862518,1817,2021-06-28 18:30:29,52.1902246,9
181,240,21.1187691,1818,2021-06-28 18:30:23,52.338264,05
182,221,20.9940765,1819,2021-06-28 18:30:28,52.2594993,1
183,117,21.067306,1823,2021-06-28 18:30:22,52.225341,05
184,146,21.1019021,1826,2021-06-28 18:30:35,52.2143451,4
185,183,21.0941901,1828,2021-06-28 18:30:33,52.2441306,3
186,147,21.0517248,1829,2021-06-28 18:30:34,52.2473255,5
187,722,21.0882055,1830,2021-06-28 18:30:35,52.2445983,1
188,147,21.1169918,1832,2021-06-28 09:25:20,52.2330478,09
189,146,21.2046788,1833,2021-06-28 18:30:32,52.15949,5
190,202,21.116848,1834,2021-06-28 09:35:30,52.233074,04
191,115,21.170296,1835,2021-06-28 18:30:32,52.27711,3
192,168,21.00165,1837,2021-06-28 18:30:26,52.197648,07
193,183,21.1088831,1839,2021-06-28 18:30:31,52.240792,1
194,202,21.1286733,1840,2021-06-28 18:30:30,52.2402096,05
195,146,21.0481,1842,2021-06-28 18:30:30,52.237311,07
196,183,21.087109,1843,2021-06-28 18:30:36,52.244785,2
197,119,21.015411,1844,2021-06-28 18:30:20,52.208861,3
198,115,21.171453,1846,2021-06-28 18:30:29,52.201908,5
199,730,21.312634,1847,2021-06-28 18:30:22,52.1867163,61
200,119,21.045431,1848,2021-06-28 18:30:28,52.201884,4
201,173,21.066466,1849,2021-06-28 18:30:28,52.2504235,9
202,183,21.1564151,1850,2021-06-28 18:30:21,52.2558341,4
203,173,21.1953821,1851,2021-06-28 18:30:34,52.2479978,1
204,722,21.2629843,1854,2021-06-28 18:30:32,52.1080066,53
205,147,21.118973,1855,2021-06-28 18:30:35,52.199458,3
206,146,21.173526,1856,2021-06-28 18:30:31,52.1583121,1
207,117,21.0174273,1857,2021-06-28 18:30:27,52.2313148,2
208,115,21.1861605,1858,2021-06-28 18:30:32,52.1872888,1
209,146,21.146361,1859,2021-06-28 18:30:30,52.175735,09
210,115,21.2420278,1860,2021-06-28 18:30:35,52.169875,6
211,119,21.0657163,1862,2021-06-28 18:30:38,52.2024481,2
212,173,21.2175393,1863,2021-06-28 18:30:35,52.21443,3
213,146,21.0524973,1866,2021-06-28 18:30:33,52.2503343,3
214,183,21.1917953,1867,2021-06-28 18:30:27,52.2388258,5
215,147,21.0523103,1869,2021-06-28 18:30:33,52.2502893,08
216,139,21.0082949,1901,2021-06-28 18:30:34,52.1889568,53
217,251,21.0239598,1903,2021-06-28 18:30:33,52.1795445,53
218,168,21.1127027,1904,2021-06-28 18:30:27,52.2363108,09
219,739,21.018015,1905,2021-06-28 18:30:32,52.153992,07
220,251,21.1231238,1907,2021-06-28 18:30:36,52.0895268,54
221,178,20.9953052,1908,2021-06-28 18:30:34,52.1870422,012
222,222,20.9954834,1909,2021-06-28 18:30:30,52.1888751,2
223,222,21.0049905,1910,2021-06-28 18:30:28,52.2447373,5
224,139,21.031435,1911,2021-06-28 18:30:34,52.177795,56
225,222,21.004845,1912,2021-06-28 18:30:36,52.244755,6
226,251,21.103412,1914,2021-06-28 18:30:38,52.1269282,51
227,222,20.9959484,1916,2021-06-28 18:30:38,52.1889535,3
228,139,21.110853,1917,2021-06-28 18:30:37,52.111969,52
229,739,21.0397869,1918,2021-06-28 18:30:37,52.0806324,08
230,251,21.043545,1919,2021-06-28 18:30:37,52.175213,55
231,222,21.023912,1920,2021-06-28 18:30:34,52.217514,1
232,178,20.9245807,1991,2021-06-28 18:30:37,52.2038972,010
233,178,20.90958,1993,2021-06-28 18:30:37,52.194157,1
234,168,20.9955107,1994,2021-06-28 18:30:37,52.1912609,08
235,178,20.9126837,1995,2021-06-28 18:30:36,52.1982834,3
236,178,20.9922664,1996,2021-06-28 18:30:35,52.2317644,6
237,178,21.017616,1998,2021-06-28 18:30:37,52.238491,4
238,178,20.986776,1999,2021-06-28 18:30:38,52.181461,013
239,105,20.8990855,2001,2021-06-28 18:30:37,52.2387915,1
240,136,20.9756462,2003,2021-06-28 18:30:36,52.2112714,6
241,Z10,20.9196602,2006,2021-06-28 18:30:37,52.2572291,3
242,188,20.9738552,2007,2021-06-28 18:30:38,52.1851032,09
243,517,20.9154054,2008,2021-06-28 18:30:37,52.1994949,07
244,191,20.894199,2009,2021-06-28 18:30:36,52.192131,3
245,184,20.964001,2010,2021-06-28 18:30:36,52.208088,4
246,124,20.920479,2011,2021-06-28 18:30:37,52.196644,03
247,401,20.8970512,2013,2021-06-28 18:30:38,52.1960119,1
248,182,21.11289,2014,2021-06-28 18:30:37,52.236328,012
249,171,20.937717,2015,2021-06-28 18:30:35,52.239639,1
250,401,20.9272554,2016,2021-06-28 18:30:35,52.1958764,011
251,190,20.912985,2019,2021-06-28 18:30:37,52.238705,014
252,191,20.9767145,2020,2021-06-28 18:30:33,52.2115276,7
253,401,20.9989976,2021,2021-06-28 18:30:38,52.1787889,5
254,522,21.0553439,2022,2021-06-28 18:30:37,52.1824407,013
255,193,20.995365,2023,2021-06-28 18:30:37,52.170044,06
256,189,20.8990561,2024,2021-06-28 18:30:37,52.2387632,14
257,401,20.8628941,2026,2021-06-28 18:30:38,52.1905252,8
258,522,21.070806,2027,2021-06-28 18:30:36,52.162487,318
259,519,21.05073,2028,2021-06-28 18:30:38,52.18644,3
260,501,21.0482992,2029,2021-06-28 18:30:37,52.1781007,3
261,189,21.000391,2030,2021-06-28 18:30:33,52.178204,9
262,131,21.038628,2032,2021-06-28 18:30:38,52.206726,10
263,522,21.014019,2033,2021-06-28 18:30:33,52.225777,07
264,189,20.899511,2035,2021-06-28 18:30:36,52.227787,12
265,519,21.0158015,2036,2021-06-28 18:30:38,52.2222072,5
266,501,21.020393,2037,2021-06-28 18:30:36,52.211205,5
267,138,21.064945,2038,2021-06-28 18:30:34,52.261921,010
268,501,21.045433,2040,2021-06-28 18:30:38,52.191822,2
269,189,21.02459,2041,2021-06-28 18:30:36,52.173405,8
270,138,21.018993,2042,2021-06-28 18:30:37,52.212257,012
271,401,21.0266367,2044,2021-06-28 18:30:36,52.1704344,012
272,172,21.034502,2045,2021-06-28 18:30:35,52.201759,010
273,172,21.002995,2200,2021-06-28 18:30:37,52.195351,4
274,523,21.014118,2201,2021-06-28 18:30:38,52.217304,14
275,187,21.0464077,2202,2021-06-28 18:30:36,52.2148335,3
276,136,21.055624,2203,2021-06-28 18:30:37,52.147411,1
277,Z10,20.9177479,2204,2021-06-28 18:30:38,52.2555622,010
278,171,21.002709,2205,2021-06-28 18:30:37,52.2428366,011
279,189,20.9254834,2207,2021-06-28 18:30:37,52.1963056,10
280,190,21.038332,2209,2021-06-28 18:30:38,52.256153,8
281,172,21.069105,2210,2021-06-28 18:30:37,52.181328,2
282,122,20.926733,2212,2021-06-28 18:30:37,52.263744,6
283,122,20.9271355,2213,2021-06-28 18:30:34,52.2635672,07
284,136,21.029797,2215,2021-06-28 18:30:37,52.154667,11
285,190,20.9213387,2216,2021-06-28 18:11:23,52.197379,018
286,401,20.8979472,2217,2021-06-28 18:30:35,52.1956357,09
287,Z10,20.912539,2218,2021-06-28 18:30:35,52.241245,5
288,148,20.9781415,2221,2021-06-28 18:30:38,52.1694961,8
289,523,21.054707,2222,2021-06-28 18:30:38,52.226582,1
290,191,20.9810324,2223,2021-06-28 18:30:37,52.2159899,9
291,189,21.0007299,2224,2021-06-28 18:30:37,52.1785659,2
292,191,20.9083411,2225,2021-06-28 18:30:38,52.1926395,5
293,517,21.0110945,2226,2021-06-28 18:30:38,52.2305422,3
294,136,21.002689,2231,2021-06-28 18:30:38,52.177757,013
295,189,20.914028,2232,2021-06-28 18:30:38,52.208702,11
296,317,20.997107,2233,2021-06-28 18:30:38,52.175732,08
297,Z10,20.929638,2235,2021-06-28 18:30:36,52.225163,011
298,317,21.0018047,2236,2021-06-28 18:30:38,52.1782376,4
299,187,20.981438,2240,2021-06-28 18:30:38,52.216351,2
300,136,20.9606827,2241,2021-06-28 18:30:38,52.2172359,9
301,191,20.9488694,2243,2021-06-28 18:30:37,52.2095354,1
302,171,20.913343,2244,2021-06-28 18:30:34,52.251934,4
303,Z10,20.921265,2245,2021-06-28 18:30:36,52.22123,9
304,717,20.96121,2247,2021-06-28 18:30:25,52.216686,3
305,317,21.0454561,2249,2021-06-28 18:30:37,52.174952,06
306,189,21.0690771,2252,2021-06-28 18:30:37,52.1821381,4
307,112,20.881725,2253,2021-06-28 18:30:35,52.215542,2
308,191,20.8704864,2254,2021-06-28 18:30:38,52.1843017,010
309,141,21.1004307,2256,2021-06-28 18:30:37,52.2381706,013
310,172,20.965755,2257,2021-06-28 18:30:36,52.218052,7
311,317,21.0435131,2258,2021-06-28 18:30:37,52.1726437,1
312,187,21.0482764,2259,2021-06-28 18:30:37,52.1782055,4
313,L48,21.303106,23481,2021-06-28 04:38:21,52.203297,1
314,L47,21.302879,23482,2021-06-28 18:30:35,52.252174,02
315,L47,21.297907,23483,2021-06-28 18:30:40,52.241592,1
316,L20,21.445856,24511,2021-06-28 18:30:35,52.134949,1
317,L20,21.471601,24512,2021-06-28 13:52:17,52.132278,1
318,L20,21.259737,24513,2021-06-28 18:30:39,52.107735,03
319,L20,21.471657,24515,2021-06-28 17:31:13,52.132061,2
320,245,21.130765,3400,2021-06-28 18:30:34,52.282415,2
321,112,20.939646,3401,2021-06-28 18:30:21,52.277871,018
322,412,21.0682043,3403,2021-06-28 18:30:35,52.3235948,01
323,112,21.060042,3404,2021-06-28 18:30:34,52.3051008,7
324,412,21.091183,3405,2021-06-28 18:30:19,52.30713,05
325,500,20.9821628,3406,2021-06-28 18:30:34,52.2532281,08
326,500,20.9817546,3408,2021-06-28 18:30:34,52.2544433,2
327,160,21.0149255,3409,2021-06-28 18:30:33,52.2467141,013
328,245,21.100196,3410,2021-06-28 18:30:23,52.286058,05
329,114,20.992716,3411,2021-06-28 18:30:25,52.279876,011
330,500,21.0023563,3413,2021-06-28 18:30:33,52.2584533,1
331,190,21.0470178,3414,2021-06-28 18:30:29,52.2637151,027
332,114,20.9334616,3415,2021-06-28 18:30:32,52.2711895,09
333,114,21.041826,3416,2021-06-28 18:30:31,52.30024,010
334,738,21.1565401,3417,2021-06-28 18:30:34,52.384906,3
335,738,21.086946,3418,2021-06-28 18:30:29,52.30086,4
336,190,21.0584056,3421,2021-06-28 18:30:33,52.2664681,021
337,500,21.0420745,3422,2021-06-28 18:30:32,52.2945363,4
338,185,21.0218983,3423,2021-06-28 18:30:38,52.1426683,10
339,512,21.0522453,3424,2021-06-28 18:30:36,52.2530011,2
340,512,21.051952,3426,2021-06-28 18:30:37,52.252903,3
341,169,21.043518,3427,2021-06-28 18:30:30,52.250136,2
342,185,21.0487876,3428,2021-06-28 18:30:34,52.2062023,7
343,500,21.041965,3429,2021-06-28 18:30:36,52.3004116,6
344,169,21.0437168,3430,2021-06-28 18:30:28,52.2497903,3
345,112,20.883038,3431,2021-06-28 18:30:29,52.214823,3
346,Z26,20.9742845,3432,2021-06-28 18:30:31,52.2354341,1
347,Z26,20.994698,3434,2021-06-28 18:30:35,52.242163,6
348,175,20.9899103,3435,2021-06-28 18:30:30,52.223774,55
349,509,20.941755,3437,2021-06-28 18:30:36,52.3349665,5
350,132,21.0553408,3438,2021-06-28 18:30:36,52.305701,06
351,738,21.089571,3439,2021-06-28 18:30:26,52.304369,1
352,414,20.957616,3440,2021-06-28 18:30:18,52.224769,07
353,512,21.0671283,3441,2021-06-28 18:30:30,52.2901078,5
354,500,21.0449166,3442,2021-06-28 18:30:36,52.278937,7
355,509,21.055432,3443,2021-06-28 18:30:29,52.2387363,11
356,245,21.053464,3444,2021-06-28 18:30:35,52.2762046,04
357,145,21.0881166,3445,2021-06-28 18:30:31,52.2447283,8
358,509,21.0925131,3446,2021-06-28 18:30:25,52.225013,14
359,162,21.02579,3447,2021-06-28 18:30:32,52.237506,6
360,190,20.8990011,3448,2021-06-28 18:30:37,52.238823,2
361,112,21.0823103,3449,2021-06-28 18:30:34,52.3044236,9
362,112,20.9184893,3450,2021-06-28 18:30:34,52.2561908,12
363,114,21.043474,3451,2021-06-28 09:14:51,52.2654126,09
364,145,21.0004996,3452,2021-06-28 18:30:33,52.2915336,015
365,527,21.0575938,3453,2021-06-28 18:30:36,52.3197118,2
366,190,20.8988183,3454,2021-06-28 18:30:30,52.2388525,1
367,145,21.1155645,3455,2021-06-28 18:30:32,52.2772618,5
368,509,20.9422086,3458,2021-06-28 18:30:34,52.3345703,355
369,245,21.0974135,3459,2021-06-28 18:30:36,52.2861025,1
370,190,21.0853185,3460,2021-06-28 18:30:35,52.30506,022
371,114,20.917028,3462,2021-06-28 18:30:24,52.312894,2
372,190,21.058728,3463,2021-06-28 18:30:29,52.266838,6
373,500,21.0417838,3464,2021-06-28 18:30:28,52.3003173,5
374,114,21.042251,3465,2021-06-28 18:30:33,52.294988,6
375,112,20.9142493,3466,2021-06-28 18:30:34,52.2360003,1
376,509,21.0465,3467,2021-06-28 18:30:21,52.264414,022
377,245,21.052855,3468,2021-06-28 18:30:31,52.276465,03
378,114,21.0386473,3469,2021-06-28 18:30:25,52.2881981,7
379,L17,20.982971,36442,2021-06-28 18:30:30,52.031898,02
380,L19,21.008675,36443,2021-06-28 18:30:37,52.057804,1
381,L17,21.02762,36444,2021-06-28 18:30:34,52.077141,1
382,L19,21.001398,36445,2021-06-28 18:30:35,52.04097,02
383,L30,21.21714,36446,2021-06-28 18:30:36,51.981113,1
384,L28,21.124552,36447,2021-06-28 18:30:38,52.025059,1
385,L30,21.130491,36448,2021-06-28 18:18:01,51.968395,02
386,L42,21.11618,37531,2021-06-28 18:30:36,52.102638,52
387,L21,21.217564,37533,2021-06-28 18:30:35,51.981113,1
388,L16,21.095026,37534,2021-06-28 18:30:35,52.083111,1
389,L14,21.141609,37535,2021-06-28 18:30:37,52.108887,1
390,L15,21.119745,37536,2021-06-28 18:30:37,52.091686,51
391,L39,21.024252,38541,2021-06-28 18:21:26,52.061977,4
392,L39,21.030682,38545,2021-06-28 18:30:33,52.082867,3
393,L32,20.9851,38546,2021-06-28 18:30:36,52.003952,1
394,L39,21.004555,38547,2021-06-28 05:46:58,52.110222,1
395,L39,20.992386,38548,2021-06-28 18:30:35,52.10989,2
396,L23,21.056976,38549,2021-06-28 18:29:37,52.07328,51
397,L52,21.07526,38550,2021-06-28 18:30:30,52.078156,1
398,L12,21.029436,39551,2021-06-28 18:12:23,52.075226,062
399,L-2,20.929056,39552,2021-06-28 18:30:31,51.995689,063
400,L25,21.218805,39554,2021-06-28 18:30:41,51.981659,02
401,L25,21.029493,39555,2021-06-28 18:30:37,52.07486,1
402,L12,20.91662,39556,2021-06-28 18:30:35,52.030605,061
403,L-2,21.025124,39557,2021-06-28 18:30:34,52.069157,64
404,L12,21.024075,39558,2021-06-28 18:30:38,52.068512,65
405,L13,21.040512,39560,2021-06-28 18:30:33,52.026646,1
406,L13,20.9953,39561,2021-06-28 18:30:33,52.040779,03
407,L13,20.988899,39562,2021-06-28 18:30:35,52.048996,2
408,L-5,21.029581,39565,2021-06-28 18:30:36,52.075146,1
409,255,20.933752,4200,2021-06-28 18:30:34,52.22179,2
410,703,20.9433971,4202,2021-06-28 18:30:37,52.174547,52
411,197,20.9363024,4205,2021-06-28 18:30:36,52.2592285,2
412,902,20.9223249,4206,2021-06-28 16:30:27,52.1964574,M1
413,255,20.9823919,4207,2021-06-28 18:30:36,52.2301759,03
414,154,20.897829,4209,2021-06-28 18:30:36,52.256832,4
415,178,20.959198,4210,2021-06-28 18:30:37,52.215523,011
416,154,20.913145,4211,2021-06-28 18:30:34,52.239056,010
417,711,20.899426,4212,2021-06-28 18:30:37,52.13726,063
418,154,20.9729684,4213,2021-06-28 18:30:36,52.2186221,1
419,154,20.943855,4214,2021-06-28 18:30:35,52.175518,8
420,711,20.834538,4215,2021-06-28 18:30:38,52.109207,061
421,122,20.985124,4216,2021-06-28 18:30:37,52.2684891,3
422,197,20.96204,4217,2021-06-28 18:30:35,52.282257,3
423,197,20.9392269,4218,2021-06-28 18:30:37,52.2359152,1
424,255,20.931026,4219,2021-06-28 18:30:37,52.225346,1
425,197,20.874048,4221,2021-06-28 18:30:38,52.216556,10
426,129,20.942352,4224,2021-06-28 18:30:38,52.245811,2
427,121,20.925117,4225,2021-06-28 18:30:37,52.272533,03
428,197,20.9447636,4227,2021-06-28 18:30:38,52.2653374,5
429,154,20.9763307,4228,2021-06-28 18:30:37,52.2107204,6
430,902,21.044521,4229,2021-06-28 18:30:37,52.248589,M2
431,154,20.944706,4230,2021-06-28 18:30:36,52.176209,7
432,178,20.895912,4231,2021-06-28 18:30:38,52.1856769,9
433,178,20.8957294,4232,2021-06-28 18:30:36,52.1856967,7
434,714,20.933558,4233,2021-06-28 18:30:35,52.240177,3
435,729,20.7017885,4234,2021-06-28 18:30:35,52.2591771,02
436,714,20.8950864,4235,2021-06-28 18:30:37,52.2398327,2
437,L-3,20.924591,42362,2021-06-28 18:30:35,52.095478,02
438,154,20.9620716,4237,2021-06-28 18:30:35,52.2170009,5
439,154,20.901264,4238,2021-06-28 18:30:37,52.239174,3
440,178,20.9580792,4239,2021-06-28 18:30:36,52.2228811,8
441,154,20.980207,4240,2021-06-28 18:30:36,52.188541,011
442,714,20.9504809,4241,2021-06-28 18:30:36,52.2385772,04
443,154,20.9396854,4242,2021-06-28 18:30:37,52.2354827,2
444,154,20.89843,4243,2021-06-28 18:30:36,52.258358,09
445,901,20.971758,4244,2021-06-28 18:30:36,52.220184,1
446,901,21.03372,4246,2021-06-28 18:30:37,52.227203,3
447,714,20.806971,4247,2021-06-28 18:30:37,52.272331,1
448,729,20.927636,4248,2021-06-28 18:30:35,52.2407659,1
449,121,20.9699782,4249,2021-06-28 18:30:38,52.2787797,2
450,L-1,20.929998,42494,2021-06-28 18:30:39,52.092846,1
451,L-4,21.0165,42495,2021-06-28 06:12:56,52.098907,2
452,L-3,20.874153,42500,2021-06-28 18:30:34,52.072014,1
453,146,21.204451,4303,2021-06-28 18:30:18,52.159509,06
454,119,21.203573,4304,2021-06-28 18:30:38,52.2094889,07
455,117,21.0927747,4305,2021-06-28 18:30:38,52.2217232,4
456,147,21.0611684,4307,2021-06-28 18:30:37,52.2316149,010
457,142,21.0877812,4308,2021-06-28 18:30:38,52.244656,08
458,702,21.2628602,4312,2021-06-28 18:30:37,52.1080832,1
459,105,16.9750897,4332,2021-06-26 13:35:37,52.5472771,4
460,N72,16.9763326,4333,2021-06-28 15:21:54,52.5456077,215
461,240,21.0934794,4400,2021-06-28 18:30:38,52.3205656,1
462,132,20.968103,4401,2021-06-28 18:30:38,52.271877,09
463,126,21.0185424,4402,2021-06-28 18:30:35,52.2906097,2
464,120,21.053532,4403,2021-06-28 18:30:34,52.269398,5
465,166,21.026979,4404,2021-06-28 18:30:37,52.260059,3
466,156,21.0521217,4406,2021-06-28 18:30:36,52.2530032,2
467,122,20.976353,4407,2021-06-28 18:30:36,52.289867,010
468,134,21.061724,4408,2021-06-28 18:30:38,52.361794,05
469,106,21.020548,4409,2021-06-28 18:30:36,52.24387,1
470,199,21.097059,4411,2021-06-28 18:30:35,52.294563,3
471,173,21.243399,4413,2021-06-28 18:30:38,52.222321,2
472,106,21.023485,4415,2021-06-28 18:30:34,52.236801,2
473,106,21.020542,4416,2021-06-28 18:30:34,52.243099,07
474,170,21.077143,4417,2021-06-28 18:30:35,52.269501,2
475,106,21.007866,4418,2021-06-28 18:30:37,52.238575,3
476,120,21.0462741,4419,2021-06-28 18:30:37,52.2598529,7
477,901,21.0314414,4420,2021-06-28 18:30:38,52.2293169,4
478,126,21.056803,4421,2021-06-28 18:30:34,52.301914,1
479,338,21.1006994,4422,2021-06-28 18:30:37,52.2605915,02
480,106,21.008236,4423,2021-06-28 18:30:34,52.238781,5
481,901,21.009014,4424,2021-06-28 18:30:36,52.235386,2
482,156,20.927961,4425,2021-06-28 18:30:35,52.290859,5
483,166,21.047421,4427,2021-06-28 18:30:35,52.248005,4
484,156,20.9591317,4428,2021-06-28 18:30:38,52.2764307,4
485,303,20.944727,4429,2021-06-28 18:30:35,52.295773,2
486,106,20.96773,4430,2021-06-28 18:30:37,52.233753,08
487,338,21.0372867,4434,2021-06-28 18:30:35,52.2523164,03
488,122,20.8988942,5200,2021-06-28 18:30:36,52.2386108,08
489,171,21.0134366,5201,2021-06-28 18:30:28,52.2300457,8
490,517,20.9517071,5202,2021-06-28 18:30:37,52.211848,09
491,523,20.918751,5203,2021-06-28 18:30:22,52.23982,020
492,401,20.905746,5204,2021-06-28 18:30:18,52.197111,013
493,105,20.9705452,5205,2021-06-28 18:30:29,52.2286315,5
494,131,21.0689459,5206,2021-06-28 18:30:33,52.1813333,2
495,182,20.9653831,5207,2021-06-28 18:30:34,52.2182055,011
496,517,20.952363,5208,2021-06-28 18:30:32,52.2121913,2
497,184,20.921526,5210,2021-06-28 18:30:34,52.249323,2
498,105,20.896881,5211,2021-06-28 18:30:21,52.232306,09
499,523,21.0840808,5212,2021-06-28 18:30:28,52.2470987,015
500,Z10,20.9148251,5213,2021-06-28 18:30:30,52.2306146,1
501,184,20.9351674,5214,2021-06-28 18:30:30,52.2728923,1
502,523,21.0116455,5215,2021-06-28 18:30:36,52.217026,7
503,131,21.0039838,5216,2021-06-28 18:30:31,52.2294178,8
504,189,20.9220571,5217,2021-06-28 16:49:01,52.1957361,11
505,122,20.97865,5218,2021-06-28 18:30:33,52.285563,011
506,401,20.8706312,5219,2021-06-28 18:30:34,52.198251,6
507,124,20.941693,5222,2021-06-28 18:30:30,52.158976,1
508,190,21.0854224,5223,2021-06-28 18:30:34,52.3047909,7
509,517,20.9772459,5224,2021-06-28 18:30:32,52.2174988,4
510,523,21.0165169,5225,2021-06-28 18:30:32,52.2170666,6
511,401,21.0270491,5226,2021-06-28 18:30:29,52.1634159,4
512,189,21.0525659,5227,2021-06-28 18:30:32,52.1797308,024
513,124,20.9377567,5228,2021-06-28 18:30:30,52.1708082,2
514,131,21.049828,5229,2021-06-28 18:30:20,52.201219,5
515,523,21.085356,5230,2021-06-28 18:30:32,52.2502176,016
516,189,21.0443289,5232,2021-06-28 18:30:33,52.1743808,7
517,148,21.0439178,5233,2021-06-28 18:30:36,52.1733792,011
518,105,20.937239,5234,2021-06-28 18:30:36,52.225468,011
519,105,20.9124973,5235,2021-06-28 18:30:32,52.2192755,3
520,517,20.894573,5236,2021-06-28 18:30:27,52.1925434,1
521,171,21.0434444,5237,2021-06-28 18:30:29,52.2228665,6
522,401,20.8620761,5238,2021-06-28 18:30:29,52.1903725,7
523,182,21.0430123,5239,2021-06-28 18:30:31,52.2241891,9
524,184,20.9726496,5240,2021-06-28 18:30:35,52.2181433,3
525,187,20.9607778,5241,2021-06-28 18:30:30,52.2159371,8
526,190,20.922115,5243,2021-06-28 18:30:19,52.197033,011
527,189,21.058455,5244,2021-06-28 18:30:28,52.1833363,018
528,105,20.8970977,5245,2021-06-28 18:30:37,52.2235556,6
529,148,21.0959729,5246,2021-06-28 18:30:28,52.2434767,012
530,716,20.8582032,5247,2021-06-28 18:30:32,52.1929501,1
531,141,21.0488318,5248,2021-06-28 18:30:33,52.2066266,7
532,317,20.9444692,5249,2021-06-28 18:30:32,52.1755734,2
533,188,21.1076711,5250,2021-06-28 18:30:20,52.2455944,3
534,187,20.9347596,5251,2021-06-28 18:30:36,52.2005275,1
535,189,20.8988587,5253,2021-06-28 18:30:28,52.2386445,020
536,401,20.9298641,5254,2021-06-28 18:30:37,52.1958888,010
537,190,21.0631552,5255,2021-06-28 18:30:28,52.2723743,016
538,148,21.0513088,5256,2021-06-28 18:30:37,52.1592321,1
539,716,20.868778,5257,2021-06-28 18:30:35,52.197846,2
540,188,21.0468849,5258,2021-06-28 18:30:31,52.2247906,4
541,105,20.898839,5260,2021-06-28 18:30:25,52.238761,08
542,723,20.969154,5401,2021-06-28 18:30:37,52.325062,3
543,185,21.0083401,5403,2021-06-28 18:30:37,52.2587107,3
544,145,21.1150256,5404,2021-06-28 18:30:37,52.2779725,4
545,269,21.0416312,5405,2021-06-28 18:30:37,52.3004269,05
546,509,21.102047,5406,2021-06-28 18:30:36,52.22205,13
547,120,21.054449,5407,2021-06-28 18:30:36,52.333862,2
548,527,21.06851,5408,2021-06-28 18:30:37,52.323303,054
549,E-9,21.060652,5409,2021-06-28 18:30:33,52.310345,01
550,731,20.9634,5410,2021-06-28 18:30:37,52.3335,1
551,723,20.9156272,5412,2021-06-28 18:30:38,52.4032076,4
552,705,21.0309219,5413,2021-06-28 18:30:36,52.4322914,66
553,511,20.9310292,5414,2021-06-28 18:30:36,52.2929639,1
554,723,20.9210417,5416,2021-06-28 18:30:37,52.3808361,1
555,E-9,21.046881,5417,2021-06-28 18:30:37,52.303238,02
556,511,20.9426,5418,2021-06-28 18:30:37,52.3486,2
557,120,21.061388,5419,2021-06-28 18:30:37,52.36195,3
558,160,21.0575271,5420,2021-06-28 18:30:38,52.2654444,5
559,511,20.942377,5421,2021-06-28 18:30:38,52.348507,3
560,160,20.999039,5423,2021-06-28 18:30:37,52.231716,012
561,511,20.9671917,5424,2021-06-28 18:30:37,52.3292279,06
562,116,20.95413,5425,2021-06-28 18:30:38,52.276348,4
563,116,20.924916,5426,2021-06-28 18:30:35,52.2723474,11
564,527,21.0599416,5428,2021-06-28 18:30:36,52.3157457,1
565,731,21.000847,5429,2021-06-28 18:30:35,52.291233,2
566,145,21.0849039,5430,2021-06-28 18:30:38,52.286516,11
567,160,21.068396,5432,2021-06-28 18:30:38,52.323513,7
568,414,20.994017,5434,2021-06-28 18:30:36,52.286884,08
569,527,21.0484867,5436,2021-06-28 18:30:38,52.2700334,3
570,705,21.0275157,5437,2021-06-28 18:30:37,52.3249454,1
571,731,20.9254915,5438,2021-06-28 18:30:37,52.4216552,4
572,738,21.1461844,5439,2021-06-28 18:30:36,52.3728539,2
573,735,21.011784,5441,2021-06-28 18:30:36,52.453895,64
574,160,21.0495726,5443,2021-06-28 18:30:36,52.2611065,2
575,E-9,20.9675532,5444,2021-06-28 18:30:37,52.2718037,04
576,705,21.048461,5445,2021-06-28 03:52:31,52.264575,65
577,735,20.976694,5446,2021-06-28 18:30:37,52.278912,62
578,114,20.933014,5447,2021-06-28 18:30:38,52.289104,08
579,735,21.030054,5448,2021-06-28 18:30:35,52.333164,63
580,160,20.9985934,5449,2021-06-28 18:30:38,52.2335172,3
581,511,20.930826,5453,2021-06-28 18:30:36,52.291512,4
582,160,21.05657,5454,2021-06-28 18:30:37,52.274979,09
583,169,21.0474735,5455,2021-06-28 18:30:37,52.2865381,4
584,269,21.0430917,5457,2021-06-28 18:30:36,52.2766734,04
585,180,20.999544,5459,2021-06-28 18:30:37,52.268959,016
586,705,21.037889,5460,2021-06-28 18:30:37,52.416031,65
587,128,21.01302,5870,2021-06-28 18:30:35,52.243027,53
588,175,20.9874661,5871,2021-06-28 18:30:38,52.2097236,59
589,503,21.000332,5873,2021-06-28 18:30:33,52.253254,1
590,175,20.978035,5874,2021-06-28 18:30:36,52.169556,58
591,138,20.99811,5875,2021-06-28 18:30:34,52.18676,011
592,180,20.9249919,5877,2021-06-28 18:30:36,52.2723939,017
593,709,20.998087,5878,2021-06-28 18:30:34,52.187267,013
594,175,20.978914,5880,2021-06-28 18:30:35,52.184589,070
595,503,21.02371,5881,2021-06-28 18:30:35,52.225391,5
596,175,20.983194,5882,2021-06-28 18:30:35,52.195827,56
597,180,20.924795,5883,2021-06-28 18:30:37,52.272545,10
598,503,20.998091,5885,2021-06-28 18:03:22,52.18679,5
599,180,20.999037,5886,2021-06-28 18:30:35,52.249374,13
600,128,20.986353,5887,2021-06-28 18:30:38,52.204838,074
601,175,20.977182,5888,2021-06-28 18:30:36,52.17223,069
602,180,20.974077,5889,2021-06-28 18:30:34,52.254192,8
603,128,21.019854,5890,2021-06-28 18:30:38,52.231544,62
604,180,20.998083,5891,2021-06-28 18:30:35,52.24921,7
605,503,21.002855,5893,2021-06-28 18:30:35,52.254902,3
606,128,20.988791,5894,2021-06-28 18:30:34,52.217892,066
607,503,21.022049,5895,2021-06-28 18:30:37,52.230053,12
608,503,21.002295,5897,2021-06-28 18:30:34,52.254719,2
609,175,21.016336,5898,2021-06-28 18:30:34,52.240612,071
610,128,20.982512,5899,2021-06-28 18:30:38,52.201595,51
611,158,21.0464,5900,2021-06-28 18:30:36,52.237125,5
612,128,21.019024,5902,2021-06-28 18:30:35,52.234089,52
613,158,21.099344,5903,2021-06-28 18:30:37,52.237858,8
614,503,21.049942,5905,2021-06-28 18:30:37,52.144596,8
615,128,20.970943,5906,2021-06-28 18:30:36,52.206047,63
616,503,21.049437,5907,2021-06-28 18:30:34,52.154293,7
617,175,21.010403,5908,2021-06-28 18:30:35,52.229469,068
618,128,21.012913,5909,2021-06-28 18:30:38,52.243202,067
619,128,20.989698,5910,2021-06-28 18:30:38,52.22435,073
620,111,21.06035,5911,2021-06-28 18:30:36,52.233643,4
621,116,20.924984,5913,2021-06-28 18:30:35,52.27227,12
622,175,21.01302,5915,2021-06-28 18:30:35,52.242867,54
623,175,21.012772,5918,2021-06-28 18:30:36,52.24321,60
624,158,20.948847,5920,2021-06-28 18:30:34,52.211128,1
625,116,20.992798,5921,2021-06-28 18:30:37,52.262016,15
626,175,21.1163987,5923,2021-06-28 10:17:16,52.2339737,072
627,116,21.024029,5924,2021-06-28 18:30:38,52.224258,17
628,116,21.0841517,5926,2021-06-28 18:30:38,52.1678497,3
629,158,21.1176465,5927,2021-06-28 18:30:37,52.2337792, 
630,116,21.0457415,5928,2021-06-28 18:30:38,52.191131,5
631,175,20.97823,5929,2021-06-28 18:30:38,52.16946,57
632,158,21.050308,5930,2021-06-28 18:30:36,52.237671,9
633,158,20.990637,5931,2021-06-28 18:30:36,52.225494,3
634,116,21.026606,5932,2021-06-28 18:30:34,52.212372,6
635,111,20.9791184,5933,2021-06-28 18:30:38,52.2443575,2
636,158,20.950073,5934,2021-06-28 18:30:35,52.211643,4
637,503,21.042728,5935,2021-06-28 18:30:36,52.193985,11
638,503,21.046837,5936,2021-06-28 18:30:37,52.155701,10
639,111,21.015457,5937,2021-06-28 18:30:30,52.240696,10
640,158,20.994673,5939,2021-06-28 18:30:36,52.226063,2
641,175,21.003866,5942,2021-06-28 18:30:34,52.228344,072
642,111,21.1028,5943,2021-06-28 18:30:35,52.2221,7
643,158,21.111168,5945,2021-06-28 18:30:37,52.236656,6
644,111,21.078884,5946,2021-06-28 18:30:36,52.226116,8
645,111,21.097834,5947,2021-06-28 18:30:36,52.22683,5
646,503,21.040558,5948,2021-06-28 18:30:34,52.169994,013
647,503,21.004242,5950,2021-06-28 18:30:34,52.25005,4
648,180,21.083883,5951,2021-06-28 18:30:36,52.168003,2
649,518,20.941986,5952,2021-06-28 18:30:38,52.334045,7
650,160,21.0074,5954,2021-06-28 18:30:37,52.246,010
651,111,21.016756,5958,2021-06-28 18:30:37,52.239998,011
652,160,21.067019,5959,2021-06-28 18:30:37,52.323338,08
653,111,20.978331,5960,2021-06-28 18:30:37,52.244308,3
654,190,21.0466689,5961,2021-06-28 18:30:35,52.2653162,024
655,116,20.923115,5962,2021-06-28 18:30:36,52.277084,13
656,111,20.989798,5963,2021-06-28 18:30:32,52.247669,1
657,518,21.01956,5964,2021-06-28 18:30:38,52.233261,3
658,518,20.942085,5965,2021-06-28 18:30:38,52.334549,08
659,518,20.967379,5966,2021-06-28 18:30:34,52.273289,2
660,160,21.00293,5967,2021-06-28 18:30:37,52.229324,011
661,180,20.953167,5970,2021-06-28 18:30:36,52.262688,11
662,518,20.960777,5972,2021-06-28 18:30:36,52.316635,1
663,E-9,20.968029,5973,2021-06-28 18:30:36,52.272007,03
664,518,21.023535,5975,2021-06-28 18:30:34,52.228306,4
665,180,21.044949,5976,2021-06-28 18:30:37,52.206665,6
666,503,21.050215,5978,2021-06-28 18:30:37,52.144714,9
667,503,21.044609,5979,2021-06-28 18:30:33,52.192646,6
668,111,21.10244,5980,2021-06-28 18:30:35,52.222027,6
669,705,20.969509,5981,2021-06-28 18:30:35,52.269875, 
670,111,21.050591,5982,2021-06-28 18:30:37,52.237717,9
671,128,20.963701,5983,2021-06-28 18:30:35,52.207706,65
672,180,21.083805,5984,2021-06-28 18:30:34,52.16814,4
673,180,21.022568,5985,2021-06-28 18:30:36,52.229408,14
674,180,20.981321,5986,2021-06-28 18:30:32,52.252914,12
675,180,20.93358,5987,2021-06-28 18:30:36,52.271156,9
676,180,21.048731,5988,2021-06-28 18:30:37,52.206425,1
677,116,21.037128,5989,2021-06-28 18:30:35,52.200241,1
678,705,21.092424,5990,2021-06-28 18:30:36,52.47847,08
679,116,21.060638,5991,2021-06-28 18:30:35,52.17741,2
680,518,20.970331,5994,2021-06-28 18:30:37,52.32029,6
681,116,21.01844,5995,2021-06-28 18:30:33,52.235283,7
682,116,21.01827,5996,2021-06-28 18:30:37,52.235847,16
683,116,20.923218,5997,2021-06-28 18:30:35,52.276546,10
684,518,20.979467,5998,2021-06-28 18:30:38,52.270355,5
685,116,20.966732,5999,2021-06-28 18:30:37,52.273273,8
686,184,20.94055,6200,2021-06-28 18:30:37,52.28466,7
687,112,20.962559,6201,2021-06-28 18:30:38,52.275364,11
688,187,20.89629,6203,2021-06-28 18:30:34,52.194981,9
689,167,21.077385,6204,2021-06-28 18:30:36,52.20882,013
690,728,20.943993,6207,2021-06-28 18:30:36,52.17527,02
691,Z10,20.9141099,6208,2021-06-28 18:30:37,52.2367827,7
692,703,20.8432081,6209,2021-06-28 18:30:38,52.0683617,91
693,414,20.964512,6210,2021-06-28 18:30:36,52.208134,04
694,713,20.8132002,6212,2021-06-28 18:30:35,52.2105259,3
695,414,20.970749,6213,2021-06-28 18:30:37,52.275337,03
696,184,20.9726994,6214,2021-06-28 18:30:36,52.2184764,5
697,191,20.936485,6215,2021-06-28 18:30:34,52.201691,6
698,105,20.896254,6216,2021-06-28 18:30:37,52.238892,7
699,167,21.057726,6217,2021-06-28 18:30:36,52.213146,1
700,105,20.918131,6218,2021-06-28 18:30:37,52.220444,010
701,136,21.02103,6220,2021-06-28 18:30:37,52.161003,4
702,189,20.898773,6221,2021-06-28 18:30:36,52.23875,13
703,187,21.0158607,6222,2021-06-28 18:30:36,52.2169977,5
704,105,20.984718,6223,2021-06-28 18:30:37,52.230476,4
705,517,20.8618635,6224,2021-06-28 18:30:35,52.1908475,6
706,717,20.8288252,6225,2021-06-28 18:30:38,52.1930326,2
707,716,20.930536,6226,2021-06-28 18:30:37,52.225052,3
708,188,20.984716,6227,2021-06-28 18:30:34,52.201611,1
709,190,20.896635,6228,2021-06-28 18:30:37,52.238155,3
710,187,21.013985,6229,2021-06-28 18:30:36,52.216957,6
711,706,20.9296454,6231,2021-06-28 18:30:38,52.1628845,03
712,190,20.945147,6232,2021-06-28 18:30:34,52.238895,9
713,191,20.872728,6233,2021-06-28 18:30:35,52.187233,4
714,414,21.0418537,6234,2021-06-28 18:30:37,52.2931917,02
715,112,21.030943,6236,2021-06-28 18:30:36,52.299065,10
716,114,20.9705982,6237,2021-06-28 18:30:37,52.2647875,4
717,728,20.8906532,6239,2021-06-28 18:30:36,52.0117819,1
718,414,21.042168,6240,2021-06-28 18:30:37,52.299843,01
719,517,20.861774,6241,2021-06-28 18:30:36,52.191101,5
720,182,20.96497,6242,2021-06-28 18:30:37,52.218105,7
721,706,20.908278,6243,2021-06-28 18:30:36,52.144249,2
722,L29,20.549669,65471,2021-06-28 18:30:36,52.257717,1
723,L-6,20.898072,66524,2021-06-28 18:30:34,52.25801,02
724,L-6,20.692448,66525,2021-06-28 18:30:39,52.237583,1
725,190,20.914879,7200,2021-06-28 18:30:35,52.234413,10
726,189,21.06892,7201,2021-06-28 18:30:36,52.181381,6
727,112,21.0485714,7202,2021-06-28 18:30:36,52.2891661,019
728,141,21.046124,7203,2021-06-28 18:30:37,52.214706,4
729,317,20.9198,7204,2021-06-28 18:30:37,52.197388,07
730,131,21.0140161,7205,2021-06-28 18:30:37,52.2255557,011
731,523,20.8999924,7206,2021-06-28 18:30:37,52.2579735,10
732,189,20.975004,7207,2021-06-28 18:30:38,52.184574,019
733,414,20.963623,7208,2021-06-28 18:30:37,52.208,06
734,721,20.883747,7212,2021-06-28 18:30:36,52.101826,02
735,112,20.910797,7213,2021-06-28 18:30:37,52.248291,5
736,191,20.9163059,7214,2021-06-28 18:30:37,52.2054211,2
737,112,21.085659,7215,2021-06-28 18:30:35,52.303562,8
738,713,20.897348,7216,2021-06-28 18:30:38,52.216316,2
739,189,20.899601,7219,2021-06-28 18:30:35,52.238689,022
740,517,21.0049206,7220,2021-06-28 18:30:37,52.2283217,09
741,187,20.89613,7222,2021-06-28 18:30:37,52.194412,12
742,122,20.979971,7223,2021-06-28 18:30:38,52.28413,2
743,721,20.889849,7225,2021-06-28 18:30:37,52.111141,1
744,706,20.942749,7226,2021-06-28 18:30:37,52.175076,1
745,114,20.938671,7227,2021-06-28 18:30:37,52.302425,3
746,114,20.938597,7228,2021-06-28 18:30:37,52.275238,1
747,112,20.9198164,7229,2021-06-28 18:30:37,52.1982589,014
748,517,20.8760794,7230,2021-06-28 18:30:35,52.1984646,08
749,713,20.796457,7231,2021-06-28 18:30:38,52.210335,04
750,717,20.947269,7232,2021-06-28 18:30:38,52.208447,1
751,189,21.0207052,7233,2021-06-28 18:30:37,52.1732494,3
752,713,20.9302297,7234,2021-06-28 18:30:37,52.2248465,1
753,187,20.862056,7235,2021-06-28 18:30:38,52.1910394,10
754,184,20.921499,7237,2021-06-28 18:30:37,52.248394,6
755,141,21.0784132,7238,2021-06-28 18:30:38,52.23562,5
756,189,20.916996,7239,2021-06-28 18:30:36,52.22382,16
757,184,20.927641,7240,2021-06-28 18:30:33,52.291016,8
758,317,21.084385,7241,2021-06-28 18:30:37,52.167896,5
759,141,20.943806,7242,2021-06-28 18:30:37,52.175583,1
760,523,20.944014,7243,2021-06-28 18:30:34,52.238995,9
761,401,21.026196,7244,2021-06-28 18:30:37,52.173164,3
762,187,20.980961,7245,2021-06-28 18:30:36,52.216286,7
763,190,20.98099,7247,2021-06-28 18:30:37,52.2371692,017
764,188,20.979794,7248,2021-06-28 18:30:36,52.172665,5
765,171,20.925098,7249,2021-06-28 18:30:35,52.272469,3
766,317,20.943874,7250,2021-06-28 18:30:37,52.175823,3
767,105,20.898823,7251,2021-06-28 18:30:34,52.238815,2
768,167,21.007908,7252,2021-06-28 18:30:35,52.207962,4
769,122,20.9757184,7254,2021-06-28 18:30:36,52.2662139,1
770,191,20.9838811,7256,2021-06-28 18:30:37,52.2182284,8
771,190,20.898689,7257,2021-06-28 18:30:37,52.239426,012
772,187,20.8621354,7258,2021-06-28 18:30:37,52.1908622,11
773,189,20.900335,7259,2021-06-28 18:30:11,52.227978,15
774,125,21.1859285,7301,2021-06-28 18:30:38,52.2068641,08
775,507,21.100033,7303,2021-06-28 18:30:37,52.223286,5
776,188,21.0026489,7304,2021-06-28 18:30:38,52.2170387,07
777,138,21.004427,7305,2021-06-28 18:30:37,52.171219,4
778,151,21.015017,7306,2021-06-28 18:30:36,52.217342,04
779,509,20.951271,7307,2021-06-28 18:30:38,52.3191505,7
780,138,21.100811,7308,2021-06-28 18:30:38,52.260658,1
781,188,21.056723,7310,2021-06-28 18:30:38,52.227058,2
782,182,21.0035229,7312,2021-06-28 18:30:37,52.2171169,5
783,E-1,21.0446391,7314,2021-06-28 18:30:38,52.2467821,01
784,143,21.0788956,7315,2021-06-28 18:30:37,52.2361887,7
785,188,21.10569,7316,2021-06-28 18:30:38,52.246235,08
786,402,20.993444,7317,2021-06-28 18:30:36,52.178886,3
787,182,21.0528761,7318,2021-06-28 18:30:36,52.2260707,4
788,182,21.0968959,7319,2021-06-28 18:30:38,52.2348962,3
789,411,21.093832,7320,2021-06-28 18:30:38,52.22485,01
790,182,20.963226,7322,2021-06-28 18:30:37,52.217361,8
791,E-1,21.0916495,7323,2021-06-28 18:30:36,52.2253019,02
792,138,21.021154,7325,2021-06-28 18:30:36,52.210461,3
793,141,21.0846557,7326,2021-06-28 18:30:37,52.2435322,6
794,E-1,21.1024307,7327,2021-06-28 18:30:38,52.2220081,03
795,182,21.097488,7328,2021-06-28 18:30:38,52.235096,1
796,523,20.9818019,7329,2021-06-28 18:30:37,52.2161184,017
797,171,20.945986,7330,2021-06-28 18:30:38,52.239037,5
798,162,21.0444985,7331,2021-06-28 18:30:34,52.2161219,013
799,141,21.0242406,7333,2021-06-28 18:30:38,52.1981287,8
800,116,20.997774,7334,2021-06-28 18:30:36,52.253666,69
801,110,20.884577,742,2021-06-28 18:30:31,52.305401,1
802,750,20.719419,745,2021-06-28 18:30:33,52.392399,07
803,250,20.903818,746,2021-06-28 18:30:38,52.286781,1
804,850,20.632734,749,2021-06-28 18:30:38,52.360596,2
805,150,20.928196,750,2021-06-28 18:30:33,52.290974,1
806,750,20.852276,755,2021-06-28 18:30:38,52.362183,2
807,110,20.968561,757,2021-06-28 18:30:37,52.272175,3
808,150,20.8631,758,2021-06-28 18:30:35,52.348579,2
809,750,20.920143,761,2021-06-28 18:30:34,52.315044,4
810,750,20.782904,762,2021-06-28 18:30:34,52.380627,1
811,850,20.871422,763,2021-06-28 18:30:33,52.354286,1
812,151,21.0202592,7701,2021-06-28 18:30:38,52.2180819,1
813,411,21.0260304,7702,2021-06-28 18:30:34,52.219646,04
814,402,21.1559446,7703,2021-06-28 18:30:37,52.239883,7
815,151,21.0884212,7704,2021-06-28 18:30:38,52.2309384,05
816,110,16.9775624,7715,2021-06-28 18:30:38,52.5461006,3
817,150,20.863946833,773,2021-06-28 18:30:27,52.359688167,05
818,150,20.882458,774,2021-06-28 18:30:39,52.342434,3
819,250,20.868591,775,2021-06-28 18:30:37,52.332855,3
820,250,20.904867,776,2021-06-28 18:30:37,52.286686,2
821,750,20.939335,777,2021-06-28 18:30:37,52.301704,3
822,143,21.1417201,8103,2021-06-28 18:30:27,52.2596161,011
823,167,20.9409265,8108,2021-06-28 18:30:27,52.2340115,8
824,217,21.0618955,8109,2021-06-28 18:30:29,52.1710533,2
825,174,21.014,8110,2021-06-28 18:30:26,52.180168,010
826,136,20.984185,8112,2021-06-28 18:30:37,52.199721,014
827,709,21.0127688,8115,2021-06-28 18:30:34,52.073208,8
828,174,21.0087526,8119,2021-06-28 18:30:33,52.2062653,6
829,136,20.9556718,8120,2021-06-28 18:30:35,52.2338238,7
830,143,20.996996,8121,2021-06-28 18:30:29,52.187763,09
831,504,20.9868988,8123,2021-06-28 18:30:35,52.1816936,3
832,165,20.992313,8124,2021-06-28 18:30:33,52.1610331,4
833,727,20.999564,8125,2021-06-28 18:30:23,52.051966,3
834,709,20.9953138,8126,2021-06-28 18:30:33,52.1888246,014
835,402,21.1283851,8130,2021-06-28 18:30:32,52.235445,5
836,136,21.0274235,8131,2021-06-28 18:30:26,52.1669633,012
837,148,21.0994903,8133,2021-06-28 18:30:38,52.2381206,5
838,402,21.0270605,8134,2021-06-28 18:30:27,52.1733723,9
839,167,21.008073,8135,2021-06-28 18:30:28,52.208371,9
840,162,21.0329023,8136,2021-06-28 18:30:25,52.250135,08
841,162,21.0218253,8137,2021-06-28 18:30:34,52.1971431,011
842,162,21.0312186,8138,2021-06-28 18:30:30,52.261117,7
843,136,21.0559798,8139,2021-06-28 18:30:31,52.1475246,016
844,168,21.008992,8140,2021-06-28 18:30:20,52.2077263,4
845,504,21.0023141,8143,2021-06-28 18:30:31,52.1828746,011
846,504,21.0418133,8144,2021-06-28 18:30:34,52.1482661,4
847,709,21.0200353,8145,2021-06-28 18:30:38,52.0869291,011
848,727,21.0179936,8146,2021-06-28 18:30:34,52.1541973,2
849,148,21.061853,8148,2021-06-28 18:30:22,52.201941,6
850,709,21.0181608,8152,2021-06-28 18:30:31,52.118622,1
851,217,21.071801,8153,2021-06-28 18:30:24,52.160994,1
852,136,20.9661215,8154,2021-06-28 18:30:23,52.2432491,8
853,131,21.0151638,8155,2021-06-28 18:30:33,52.2241986,9
854,709,21.0184013,8156,2021-06-28 18:30:32,52.1237395,6
855,308,21.0163193,8158,2021-06-28 18:30:32,52.1890373,01
856,136,21.001983,8160,2021-06-28 18:30:32,52.1819003,5
857,504,21.0040436,8162,2021-06-28 18:30:32,52.229447,1
858,709,21.0185756,8164,2021-06-28 18:30:32,52.1031228,9
859,331,20.9965803,8165,2021-06-28 18:30:28,52.1859615,03
860,148,21.0871431,8167,2021-06-28 18:30:27,52.244824,4
861,218,21.0165818,8168,2021-06-28 18:30:18,52.179925,3
862,504,21.068766,8169,2021-06-28 18:30:29,52.1289076,5
863,131,21.0039305,8170,2021-06-28 18:30:23,52.2299331,1
864,167,20.9631118,8172,2021-06-28 18:30:12,52.2159131,010
865,143,21.015643,8173,2021-06-28 18:30:36,52.217246,010
866,218,20.9934106,8174,2021-06-28 18:30:31,52.1831856,1
867,727,20.9405015,8175,2021-06-28 18:30:31,52.0488836,4
868,709,21.0245625,8176,2021-06-28 18:30:34,52.1792638,3
869,143,21.0113336,8177,2021-06-28 18:30:33,52.2170593,5
870,138,21.0518563,8178,2021-06-28 18:30:29,52.2377046,7
871,709,21.012923,8181,2021-06-28 18:30:32,52.0722841,7
872,136,21.0557586,8182,2021-06-28 18:30:31,52.1474603,2
873,218,21.005693,8183,2021-06-28 18:30:30,52.188986,4
874,131,21.0323068,8184,2021-06-28 18:30:22,52.2069085,6
875,143,21.1112158,8185,2021-06-28 18:30:31,52.2405301,8
876,217,21.0235323,8187,2021-06-28 18:30:30,52.1798005,4
877,185,21.049548,8188,2021-06-28 18:30:19,52.154604,9
878,504,21.0286061,8189,2021-06-28 18:30:32,52.1506223,7
879,709,21.0179843,8190,2021-06-28 18:30:37,52.1538136,5
880,131,21.0575608,8192,2021-06-28 18:30:30,52.1921938,4
881,504,20.9903365,8195,2021-06-28 18:30:35,52.2167661,2
882,504,20.9881986,8196,2021-06-28 18:30:34,52.215456,013
883,218,21.0242993,8197,2021-06-28 18:30:30,52.1797643,2
884,331,20.9969231,8198,2021-06-28 18:30:29,52.1875048,02
885,174,20.9952496,8199,2021-06-28 18:30:22,52.1701561,4
886,402,21.043742,8201,2021-06-28 18:30:28,52.174444,4
887,151,21.115749,8202,2021-06-28 10:44:07,52.233741,05
888,151,21.1175305,8204,2021-06-28 10:20:01,52.2338373,06
889,151,21.0230476,8208,2021-06-28 18:30:28,52.2188508,2
890,521,20.9646868,8214,2021-06-28 18:30:30,52.2081763,1
891,125,21.1967146,8216,2021-06-28 18:30:34,52.2083978,2
892,182,21.0139416,8218,2021-06-28 18:30:29,52.2168751,013
893,509,21.0940343,8220,2021-06-28 18:30:32,52.2275423,023
894,182,21.1129341,8222,2021-06-28 18:30:33,52.2360763,2
895,509,21.0507288,8223,2021-06-28 18:30:31,52.2402641,024
896,151,21.096405,8225,2021-06-28 18:30:22,52.231033,06
897,509,21.037915,8228,2021-06-28 18:30:24,52.252013,10
898,521,20.9728128,8229,2021-06-28 18:30:26,52.2124341,2
899,523,20.899068,8231,2021-06-28 18:30:18,52.258429,021
900,162,21.028063,8233,2021-06-28 18:30:33,52.248831,014
901,145,21.0191908,8300,2021-06-28 18:30:31,52.2902468,2
902,145,21.1347181,8301,2021-06-28 18:30:21,52.2414191,9
903,509,21.0014776,8303,2021-06-28 18:30:26,52.2916215,3
904,171,21.0035918,8304,2021-06-28 18:30:30,52.242272,010
905,509,21.116975,8305,2021-06-28 09:25:27,52.233583,022
906,117,21.005143,8306,2021-06-28 18:30:32,52.2295948,3
907,116,21.076548,8309,2021-06-28 18:30:29,52.167746,4
908,141,20.952503,8310,2021-06-28 18:30:29,52.184283,2
909,168,20.9956885,8311,2021-06-28 18:30:33,52.1928518,3
910,151,21.057951,8312,2021-06-28 18:30:30,52.227254,3
911,720,21.2530283,8313,2021-06-28 18:30:35,52.2222395,02
912,162,21.0376476,8314,2021-06-28 18:30:34,52.2171503,2
913,117,21.053111,8315,2021-06-28 18:30:15,52.2359241,06
914,521,21.204628,8318,2021-06-28 18:30:37,52.159381,4
915,185,21.02193,8319,2021-06-28 18:30:18,52.142449,11
916,151,21.116836,8320,2021-06-28 09:58:49,52.233566,04
917,162,21.057733,8322,2021-06-28 18:30:21,52.193003,5
918,509,21.0170093,8323,2021-06-28 18:30:33,52.2709665,9
919,148,21.041766,8324,2021-06-28 18:30:28,52.1474113,7
920,143,21.1769078,8326,2021-06-28 18:30:35,52.2567478,1
921,145,21.0000741,8328,2021-06-28 18:30:34,52.2912823,1
922,507,21.0053525,8329,2021-06-28 18:30:32,52.2295853,08
923,148,21.052548,8330,2021-06-28 18:30:36,52.184663,2
924,145,21.0882703,8332,2021-06-28 18:30:29,52.24472,7
925,523,20.9331211,8333,2021-06-28 18:30:30,52.2402261,12
926,148,21.0988461,8334,2021-06-28 18:30:34,52.2186768,3
927,145,21.1288008,8335,2021-06-28 18:30:35,52.2517866,014
928,143,21.136506,8337,2021-06-28 18:30:36,52.242278,2
929,125,21.0752468,8340,2021-06-28 18:30:37,52.2457536,4
930,523,21.0619291,8341,2021-06-28 18:30:32,52.2282235,5
931,507,21.0121533,8342,2021-06-28 18:30:25,52.2301833,1
932,171,20.92488,8343,2021-06-28 18:30:17,52.272566,09
933,502,21.1791,8344,2021-06-28 18:30:28,52.2252467,1
934,507,21.102268,8345,2021-06-28 18:30:25,52.222021,3
935,145,21.022868,8348,2021-06-28 18:30:23,52.286108,3
936,507,21.059913,8349,2021-06-28 18:30:17,52.234826,6
937,145,21.0453167,8350,2021-06-28 18:30:37,52.2859583,012
938,507,21.102203,8351,2021-06-28 18:30:34,52.222104,4
939,502,21.061056,8352,2021-06-28 18:30:22,52.228123,4
940,523,21.067263,8353,2021-06-28 18:30:18,52.229853,2
941,502,21.06256,8354,2021-06-28 18:30:31,52.2283767,011
942,523,20.957328,8356,2021-06-28 18:30:29,52.226273,8
943,514,21.015393,8358,2021-06-28 18:30:34,52.219091,3
944,523,21.105375,8359,2021-06-28 18:30:20,52.2463833,3
945,507,21.01704,8360,2021-06-28 18:30:21,52.231008,7
946,202,21.055591,8361,2021-06-28 18:30:30,52.250059,1
947,502,21.015135,8362,2021-06-28 18:30:34,52.217053,2
948,188,20.9781917,8363,2021-06-28 18:30:34,52.1692033,6
949,138,21.00139,8364,2021-06-28 18:30:34,52.197563,6
950,514,21.243755,8365,2021-06-28 18:30:28,52.2485817,1
951,523,21.107273,8366,2021-06-28 18:30:32,52.248381,4
952,502,21.243285,8368,2021-06-28 18:30:33,52.2212783,5
953,145,21.118268,8398,2021-06-28 18:30:32,52.234391,013
954,402,21.0462456,8403,2021-06-28 18:30:31,52.1875713,011
955,521,21.1342171,8408,2021-06-28 18:30:30,52.2309485,07
956,143,21.1284363,8410,2021-06-28 18:30:33,52.2347043,012
957,523,20.9598385,8414,2021-06-28 18:30:32,52.22083,13
958,148,21.0263136,8417,2021-06-28 18:30:29,52.1512775,9
959,148,20.978081,8430,2021-06-28 18:30:34,52.169255,010
960,162,21.028691,8437,2021-06-28 18:30:34,52.235463,012
961,125,21.1965065,8438,2021-06-28 18:30:22,52.2083426,1
962,162,21.035373,8440,2021-06-28 18:30:22,52.253851,015
963,145,21.135422,8441,2021-06-28 18:30:36,52.241394,6
964,269,21.041376,8442,2021-06-28 18:30:36,52.291271,01
965,723,21.0010429,8443,2021-06-28 18:30:38,52.2917011,2
966,114,21.0190007,8445,2021-06-28 18:30:38,52.2906441,5
967,120,21.0511952,8446,2021-06-28 18:30:37,52.2526067,6
968,731,20.9329194,8447,2021-06-28 18:30:38,52.3742432,3
969,160,21.0598147,8448,2021-06-28 18:30:34,52.3040874,1
970,132,21.050261,8449,2021-06-28 18:30:35,52.304462,04
971,412,21.0917777,8450,2021-06-28 18:30:36,52.3068305,052
972,112,21.0321769,8451,2021-06-28 18:30:37,52.2999944,6
973,527,21.0481569,8452,2021-06-28 18:30:31,52.287544,06
974,160,21.04302,8453,2021-06-28 18:30:34,52.276215,014
975,160,21.0027931,8454,2021-06-28 18:30:38,52.2292469,4
976,160,21.058994,8455,2021-06-28 18:30:35,52.30257,6
977,132,21.025303,8457,2021-06-28 18:30:38,52.297363,08
978,527,21.048454,8458,2021-06-28 18:30:38,52.28878,055
979,Z26,20.9806696,8459,2021-06-28 18:30:33,52.2374451,3
980,412,21.048136,8460,2021-06-28 18:30:37,52.260429,053
981,120,21.0622267,8461,2021-06-28 18:30:35,52.3102031,4
982,414,20.9588169,8462,2021-06-28 18:30:35,52.2222354,05
983,511,20.9687772,8463,2021-06-28 18:30:37,52.3256287,05
984,509,21.0218222,8465,2021-06-28 18:30:34,52.2625357,2
985,136,21.04175,8500,2021-06-28 18:30:34,52.1482,3
986,501,21.01338,8501,2021-06-28 18:30:25,52.226423,06
987,138,21.100629,8502,2021-06-28 18:30:28,52.260575,9
988,189,21.068913,8503,2021-06-28 18:30:19,52.18133,5
989,522,21.0801483,8504,2021-06-28 18:30:23,52.1576217,4
990,401,20.9903433,8505,2021-06-28 18:30:24,52.1809083,2
991,131,21.0840017,8506,2021-06-28 18:30:35,52.168815,7
992,501,21.05255,8507,2021-06-28 18:30:32,52.17974,4
993,138,21.044103,8508,2021-06-28 18:30:19,52.224273,2
994,189,20.9253317,8509,2021-06-28 18:30:27,52.196475,1
995,501,21.0028767,8510,2021-06-28 18:30:36,52.229425,1
996,189,20.958893,8511,2021-06-28 18:30:29,52.190106,027
997,Z26,21.035554,8512,2021-06-28 18:30:33,52.25592,4
998,186,20.977786,8513,2021-06-28 18:30:38,52.279073,013
999,733,20.8231417,8514,2021-06-28 18:30:21,52.0357917,01
1000,Z26,20.979801,8515,2021-06-28 18:30:33,52.237241,7
1001,522,21.035765,8516,2021-06-28 18:30:34,52.2016333,2
1002,141,20.944233,8517,2021-06-28 18:30:35,52.175609,10
1003,519,21.084766,8519,2021-06-28 18:30:24,52.167623,7
1004,519,21.063101,8520,2021-06-28 18:30:29,52.174869,1
1005,186,20.952005,8522,2021-06-28 18:30:34,52.254835,10
1006,733,20.881031,8523,2021-06-28 18:30:19,52.137095,62
1007,522,21.020518,8525,2021-06-28 18:30:32,52.211521,011
1008,172,21.068889,8526,2021-06-28 18:30:33,52.181645,63
1009,172,20.973383,8528,2021-06-28 18:30:26,52.212285,5
1010,308,21.001315,8530,2021-06-28 18:30:23,52.183445,02
1011,172,21.061173,8532,2021-06-28 18:30:24,52.184991,1
1012,Z26,20.9744667,8533,2021-06-28 18:30:31,52.2355783,2
1013,138,20.9953983,8534,2021-06-28 18:30:28,52.1702417,5
1014,522,21.013318,8535,2021-06-28 18:30:22,52.226476,1
1015,172,20.955631,8536,2021-06-28 18:30:31,52.211841,6
1016,522,21.070575,8537,2021-06-28 18:30:23,52.162556,5
1017,709,21.024321,8539,2021-06-28 18:30:36,52.179954,4
1018,172,20.982095,8540,2021-06-28 18:30:26,52.2016833,8
1019,185,20.987594,8541,2021-06-28 18:30:28,52.269243,6
1020,172,21.023868,8543,2021-06-28 18:30:29,52.197384,9
1021,519,21.0026417,8544,2021-06-28 18:30:26,52.22929,4
1022,522,21.0157583,8546,2021-06-28 18:30:30,52.2166967,012
1023,522,21.036083,8547,2021-06-28 18:30:26,52.200915,6
1024,402,21.125676,8548,2021-06-28 18:30:23,52.232536,010
1025,186,20.96177,8549,2021-06-28 18:30:34,52.3170683,015
1026,186,20.9715433,8550,2021-06-28 18:30:25,52.205905,016
1027,709,21.018753,8551,2021-06-28 18:30:34,52.099685,10
1028,136,20.992466,8552,2021-06-28 18:30:21,52.188728,10
1029,Z26,21.0320717,8555,2021-06-28 18:30:21,52.253555,5
1030,519,21.01871,8556,2021-06-28 18:30:26,52.2126183,6
1031,Z26,21.019105,8558,2021-06-28 18:30:28,52.2481117,08
1032,217,21.0683867,8559,2021-06-28 18:30:16,52.1691283,06
1033,519,21.092473,8560,2021-06-28 18:30:36,52.116689,2
1034,411,21.102386,8561,2021-06-28 18:30:29,52.222088,02
1035,521,21.204473,8562,2021-06-28 18:30:30,52.159376,09
1036,402,20.993535,8563,2021-06-28 18:30:26,52.178971,2
1037,521,21.1796283,8564,2021-06-28 18:30:37,52.1927567,08
1038,502,21.155245,8565,2021-06-28 18:30:36,52.226161,014
1039,502,21.2174017,8566,2021-06-28 18:30:28,52.2144017,6
1040,402,21.002141,8567,2021-06-28 18:30:26,52.178311,014
1041,509,20.94218,8568,2021-06-28 18:30:36,52.334115,021
1042,171,20.922738,8569,2021-06-28 18:30:22,52.255793,2
1043,411,21.0191167,8571,2021-06-28 18:30:29,52.2177817,03
1044,E-1,21.0563267,8572,2021-06-28 18:30:25,52.225725,04
1045,202,21.100636,8573,2021-06-28 18:30:32,52.247413,2
1046,411,21.115896,8574,2021-06-28 10:20:57,52.233514,01
1047,720,21.2769733,8576,2021-06-28 18:30:34,52.197615,1
1048,162,21.085045,8578,2021-06-28 18:30:27,52.193455,4
1049,125,21.042884,8579,2021-06-28 18:30:20,52.244436,09
1050,731,20.934574,8583,2021-06-28 18:30:33,52.392825,5
1051,269,21.047081,8584,2021-06-28 18:30:35,52.286518,02
1052,269,21.055521,8585,2021-06-28 18:30:24,52.272649,03
1053,514,21.1120933,8586,2021-06-28 18:30:32,52.2330217,2
1054,523,21.115558,8587,2021-06-28 08:55:25,52.233753,3
1055,145,21.0397533,8588,2021-06-28 18:30:38,52.2881883,016
1056,514,21.116053,8589,2021-06-28 18:30:27,52.232736,4
1057,502,21.015519,8590,2021-06-28 18:30:33,52.218748,3
1058,507,21.0675417,8592,2021-06-28 18:30:28,52.2259767,2
1059,145,21.1201917,8593,2021-06-28 18:30:36,52.2685467,10
1060,138,21.0665867,8595,2021-06-28 18:30:23,52.2614067,8
1061,186,20.9822801,8801,2021-06-28 18:30:29,52.2815965,11
1062,185,21.0457878,8802,2021-06-28 18:30:32,52.177461,1
1063,727,21.0174283,8803,2021-06-28 18:30:25,52.1392983,1
1064,217,21.0242375,8804,2021-06-28 18:30:35,52.1796291,3
1065,185,20.975365,8805,2021-06-28 18:30:30,52.289443,4
1066,402,21.1043993,8806,2021-06-28 18:30:34,52.2215763,8
1067,131,21.0688311,8808,2021-06-28 18:30:36,52.1814313,3
1068,709,21.0171856,8809,2021-06-28 18:30:33,52.161533,2
1069,174,21.0012616,8810,2021-06-28 18:30:34,52.2280808,1
1070,165,21.023779,8811,2021-06-28 18:30:34,52.1798538,3
1071,167,21.0136583,8812,2021-06-28 18:30:35,52.1890988,011
1072,402,20.9974138,8813,2021-06-28 18:30:33,52.1791038,1
1073,167,21.0829481,8814,2021-06-28 18:30:27,52.2083933,2
1074,167,21.0477641,8816,2021-06-28 18:30:33,52.2070058,3
1075,308,20.996001,8817,2021-06-28 18:30:19,52.188071,03
1076,504,20.978848,8818,2021-06-28 18:30:36,52.183936,9
1077,331,20.9969856,8819,2021-06-28 18:30:28,52.1877146,04
1078,522,21.0701791,8820,2021-06-28 18:30:35,52.164488,014
1079,174,20.9967378,8821,2021-06-28 18:30:38,52.1874891,08
1080,174,20.9956126,8822,2021-06-28 18:30:33,52.1701388,5
1081,522,21.059508,8823,2021-06-28 18:30:35,52.178073,015
1082,167,20.958297,8824,2021-06-28 18:30:37,52.2243346,6
1083,709,21.0193891,8825,2021-06-28 18:30:27,52.0872711,012
1084,504,21.0075973,8826,2021-06-28 18:30:32,52.1704401,8
1085,143,21.0191,8828,2021-06-28 18:30:34,52.2179231,4
1086,509,20.962038,8829,2021-06-28 18:30:30,52.3171708,4
1087,523,20.8983656,8830,2021-06-28 18:30:33,52.2585305,11
1088,125,21.0405425,8831,2021-06-28 18:30:24,52.2410311,5
1089,171,21.0431553,8832,2021-06-28 18:30:37,52.2228181,7
1090,141,20.9783026,8833,2021-06-28 18:30:26,52.183618,9
1091,704,21.1604851,8834,2021-06-28 18:30:36,52.2258318,2
1092,521,21.1968435,8835,2021-06-28 18:30:32,52.1754446,5
1093,182,20.9801433,8837,2021-06-28 18:30:31,52.2165635,6
1094,182,20.994411,8838,2021-06-28 18:30:30,52.216749,010
1095,704,21.24236,8839,2021-06-28 18:30:31,52.223078,1
1096,185,20.975684,8840,2021-06-28 18:30:30,52.2895733,5
1097,125,21.0874,8841,2021-06-28 18:30:30,52.2452728,6
1098,521,21.1172486,8843,2021-06-28 18:30:37,52.238652,3
1099,185,21.0458093,8844,2021-06-28 18:30:23,52.216757,2
1100,402,21.05207,8845,2021-06-28 18:30:24,52.1983293,013
1101,143,21.092402,8846,2021-06-28 18:30:29,52.2443693,3
1102,143,21.0064608,8847,2021-06-28 18:30:32,52.216847,6
1103,125,21.130656,8849,2021-06-28 18:30:36,52.232169,3
1104,521,21.0462435,8850,2021-06-28 18:30:29,52.2369321,6
1105,523,20.912476,8851,2021-06-28 18:30:26,52.242609,019
1106,141,21.0006618,8852,2021-06-28 18:30:32,52.195829,3
1107,125,21.1613716,8853,2021-06-28 18:30:31,52.225909,7
1108,509,20.9732023,8854,2021-06-28 18:30:32,52.3195876,8
1109,402,21.1557253,8855,2021-06-28 18:30:33,52.240224,6
1110,512,21.058846,8856,2021-06-28 18:30:22,52.266638,1
1111,509,21.10235,8857,2021-06-28 18:30:32,52.221883,12
1112,169,21.0409793,8858,2021-06-28 18:30:34,52.289525,1
1113,112,20.9148398,8859,2021-06-28 18:30:33,52.2305641,4
1114,512,21.0393791,8861,2021-06-28 18:30:33,52.251066,4
1115,412,21.0505908,8862,2021-06-28 18:30:36,52.2524705,04
1116,738,21.0590468,8864,2021-06-28 18:30:33,52.2672611,05
1117,500,21.0459893,8865,2021-06-28 10:43:17,52.2651186,08
1118,169,21.0419026,8866,2021-06-28 18:30:34,52.3001393,5
1119,162,21.0274061,8867,2021-06-28 18:30:32,52.2596118,1
1120,190,20.9807218,8868,2021-06-28 18:30:30,52.2384105,5
1121,190,21.0588396,8869,2021-06-28 18:30:34,52.2665938,023
1122,190,20.993272,8871,2021-06-28 18:30:35,52.242104,025
1123,190,21.0021583,8872,2021-06-28 18:30:32,52.2448603,026
1124,738,21.181423,8873,2021-06-28 18:30:31,52.4171906,06
1125,500,21.0417718,8874,2021-06-28 18:30:20,52.270941,3
1126,190,20.9566098,8875,2021-06-28 18:30:33,52.238019,4
1127,162,21.0849446,8876,2021-06-28 18:30:27,52.1931713,3
1128,512,21.063,8878,2021-06-28 18:30:27,52.285918,06
1129,509,21.0401253,8879,2021-06-28 18:30:27,52.2506571,1
1130,709,20.996574,8880,2021-06-25 18:58:33,52.18762,016
1131,186,20.9775178,8881,2021-06-28 18:30:27,52.2105721,014
1132,165,20.9963348,8882,2021-06-28 18:30:31,52.1562711,2
1133,128,20.9635766,8883,2021-06-28 18:30:35,52.2077583,64
1134,180,21.0511115,8885,2021-06-28 18:30:24,52.1976705,5
1135,167,20.9771606,8886,2021-06-28 18:30:38,52.211415,5
1136,189,20.8990866,8887,2021-06-28 18:30:26,52.2387496,021
1137,175,21.0127921,8888,2021-06-28 18:30:33,52.2430028,61
1138,504,21.056816,8891,2021-06-28 18:30:25,52.131141,012
1139,165,21.012943,8892,2021-06-28 18:30:36,52.179731,1
1140,116,21.084113,8893,2021-06-28 18:30:23,52.168056,53
1141,217,21.0361973,8894,2021-06-28 18:30:29,52.1769868,05
1142,136,20.957361,8895,2021-06-28 18:30:20,52.237731,015
1143,174,21.0095698,8896,2021-06-28 18:30:27,52.2042236,07
1144,180,21.0754188,8897,2021-06-28 18:30:33,52.1769596,015
1145,167,20.925714,8898,2021-06-28 18:30:32,52.2340785,7
1146,504,21.068548,8899,2021-06-28 18:30:33,52.129195,6
1147,161,21.214239,9061,2021-06-28 18:30:37,52.182606,2
1148,161,21.206991,9063,2021-06-28 18:30:35,52.16534,3
1149,262,21.082945,9064,2021-06-28 18:30:35,52.284767,03
1150,314,20.989906,9065,2021-06-28 18:30:35,52.309967,04
1151,314,21.007212,9066,2021-06-28 18:30:36,52.306423,02
1152,104,21.035137,9068,2021-06-28 18:30:38,52.307606,2
1153,161,21.224785,9070,2021-06-28 18:30:38,52.186665,1
1154,225,21.155733,9071,2021-06-28 18:30:35,52.259132,2
1155,225,21.125458,9074,2021-06-28 18:30:37,52.23354,4
1156,225,21.102198,9075,2021-06-28 18:30:37,52.222813,3
1157,211,20.966835,9077,2021-06-28 18:30:36,52.318943,08
1158,314,20.952852,9078,2021-06-28 18:30:37,52.317341,01
1159,104,21.000257,9081,2021-06-28 18:30:34,52.291492,1
1160,314,21.052486,9082,2021-06-28 18:30:34,52.361168,03
1161,262,21.053661,9083,2021-06-28 18:30:36,52.276394,2
1162,225,21.158102,9088,2021-06-28 18:30:34,52.262291,1
1163,211,20.97645,9090,2021-06-28 18:30:35,52.304424,2
1164,211,21.000748,9091,2021-06-28 18:30:33,52.291126,07
1165,262,21.087833,9092,2021-06-28 18:30:37,52.286594,1
1166,305,21.163151,9093,2021-06-28 18:30:34,52.221214,1
1167,900,20.956415,9094,2021-06-28 18:30:35,52.352718,1
1168,133,20.982405,9201,2021-06-28 18:30:35,52.35545,2
1169,207,20.890242,9202,2021-06-28 18:30:33,52.19799,03
1170,164,21.138256,9203,2021-06-28 18:30:33,52.14596,05
1171,133,20.952269,9204,2021-06-28 18:30:36,52.316929,1
1172,239,21.037878,9205,2021-06-28 18:30:37,52.154003,51
1173,209,21.037704,9206,2021-06-28 18:30:38,52.153866,52
1174,209,20.981045,9208,2021-06-28 18:30:33,52.132809,54
1175,211,20.959274,9209,2021-06-28 18:30:31,52.324844,4
1176,177,20.869099,9210,2021-06-28 18:30:37,52.198044,3
1177,809,21.031588,9212,2021-06-28 18:30:33,52.14893,53
1178,211,20.941367,9213,2021-06-28 18:30:33,52.355422,6
1179,219,21.167576,9215,2021-06-28 18:30:33,52.184441,3
1180,208,20.975546,9216,2021-06-28 18:30:38,52.210214,1
1181,234,21.062742,9217,2021-06-28 18:30:38,52.325172,1
1182,209,21.032634,9218,2021-06-28 18:30:35,52.149417,057
1183,234,21.029867,9219,2021-06-28 18:30:38,52.312496,2
1184,203,20.928368,9220,2021-06-28 18:30:35,52.291134,1
1185,249,20.898502,9221,2021-06-28 18:30:31,52.238918,1
1186,201,20.945351,9224,2021-06-28 18:30:30,52.239021,3
1187,208,20.951546,9226,2021-06-28 18:30:31,52.211334,05
1188,208,20.975546,9227,2021-06-28 18:30:38,52.210297,2
1189,219,21.164316,9228,2021-06-28 18:30:37,52.206985,2
1190,219,21.09233,9229,2021-06-28 18:30:31,52.224821,1
1191,201,20.924925,9230,2021-06-28 18:30:38,52.232548,2
1192,264,21.083895,9233,2021-06-28 18:30:36,52.167847,1
1193,203,20.904991,9234,2021-06-28 18:30:31,52.274693,2
1194,201,20.925129,9235,2021-06-28 18:30:32,52.260677,5
1195,201,20.925011,9236,2021-06-28 18:30:37,52.26115,4
1196,239,21.012011,9237,2021-06-28 18:30:34,52.144539,055
1197,208,20.9433,9238,2021-06-28 18:30:31,52.205368,03
1198,207,20.870483,9239,2021-06-28 18:30:30,52.183334,02
1199,177,20.896626,9240,2021-06-28 18:30:34,52.186989,1
1200,133,20.950582,9241,2021-06-28 18:30:38,52.317024,3
1201,211,20.94272,9243,2021-06-28 18:30:36,52.337738,5
1202,207,20.896208,9244,2021-06-28 18:30:31,52.196289,01
1203,211,20.970354,9245,2021-06-28 18:30:37,52.310574,3
1204,164,21.084629,9246,2021-06-28 18:30:35,52.164093,04
1205,201,20.932375,9247,2021-06-28 18:30:30,52.257492,1
1206,177,20.883707,9248,2021-06-28 18:30:37,52.205696,2
1207,164,21.057026,9250,2021-06-28 18:30:36,52.192741,3
1208,164,21.087984,9251,2021-06-28 18:30:35,52.15979,2
1209,164,21.138142,9252,2021-06-28 18:30:31,52.14584,1
1210,211,20.941473,9254,2021-06-28 18:30:35,52.355366,09
1211,199,21.052887,9301,2021-06-28 18:30:35,52.276505,06
1212,739,21.023989,9302,2021-06-28 18:30:32,52.179832,2
1213,739,21.031668,9304,2021-06-28 18:30:34,52.095531,3
1214,179,21.06773,9311,2021-06-28 17:30:33,52.129848,10
1215,123,21.094519,9312,2021-06-28 18:30:35,52.227337,08
1216,179,21.058037,9313,2021-06-28 18:30:31,52.14006,11
1217,153,21.1514,9314,2021-06-28 18:30:36,52.271019,2
1218,179,21.025053,9315,2021-06-28 18:30:38,52.144291,2
1219,135,21.0863,9316,2021-06-28 18:30:39,52.235355,3
1220,135,21.031288,9317,2021-06-28 18:30:35,52.265835,6
1221,135,21.036507,9318,2021-06-28 18:30:33,52.250668,2
1222,135,21.0343989,9319,2021-06-28 18:30:37,52.2629659,1
1223,179,21.036892,9320,2021-06-28 18:30:35,52.162064,4
1224,179,21.029104,9321,2021-06-28 18:30:37,52.162006,5
1225,123,21.100183,9322,2021-06-28 18:30:39,52.242889,5
1226,135,21.107189,9323,2021-06-28 18:30:32,52.248386,07
1227,179,21.064875,9324,2021-06-28 18:30:28,52.131283,9
1228,179,21.045118,9325,2021-06-28 18:30:32,52.149498,51
1229,256,21.060083,9326,2021-06-28 18:30:36,52.305229,2
1230,142,21.224371,9327,2021-06-28 18:30:34,52.159115,3
1231,179,21.06575,9328,2021-06-28 18:30:34,52.142208,8
1232,153,21.170359,9329,2021-06-28 18:30:36,52.276901,04
1233,123,21.0773959,9331,2021-06-28 09:44:24,52.2687066,07
1234,123,21.077486,9332,2021-06-28 15:39:21,52.268074,08
1235,142,21.087948,9333,2021-06-28 18:30:33,52.244713,5
1236,739,21.017778,9334,2021-06-28 18:30:35,52.13266,1
1237,153,21.177139,9335,2021-06-28 18:30:32,52.256901,3
1238,135,21.086664,9336,2021-06-28 18:30:32,52.236599,5
1239,739,21.0771987,9337,2021-06-28 16:56:14,52.2682345,2
1240,179,21.038506,9338,2021-06-28 18:30:36,52.153484,6
1241,256,21.085695,9339,2021-06-28 18:30:36,52.273136,1
1242,153,21.161774,9340,2021-06-28 18:30:34,52.260029,1
1243,142,21.133484,9341,2021-06-28 18:30:38,52.209217,4
1244,739,21.043966,9342,2021-06-28 18:30:34,52.084335,4
1245,256,21.048065,9343,2021-06-28 18:30:33,52.286377,4
1246,135,21.042856,9344,2021-06-28 18:30:31,52.247841,08
1247,739,21.027794,9345,2021-06-28 18:30:37,52.098034,05
1248,179,21.037767,9346,2021-06-28 18:30:34,52.146263,7
1249,135,21.104673,9347,2021-06-28 18:30:38,52.245457,4
1250,123,21.052433,9348,2021-06-28 18:30:38,52.250237,09
1251,179,21.021036,9349,2021-06-28 18:30:36,52.160587,3
1252,123,21.050694,9350,2021-06-28 18:30:35,52.25251,357
1253,142,21.140209,9351,2021-06-28 18:30:36,52.228649,1
1254,123,21.092308,9352,2021-06-28 18:30:38,52.221741,6
1255,739,21.024296,9353,2021-06-28 18:30:35,52.179901,06
1256,123,21.056118,9354,2021-06-28 18:30:04,52.238209,07
1257,199,21.179716,9355,2021-06-28 18:30:35,52.269073,05
1258,256,21.066256,9356,2021-06-28 18:30:37,52.324917,3
1259,142,21.216621,9357,2021-06-28 18:30:31,52.15947,2
1260,142,21.077633,9358,2021-06-28 16:02:28,52.267822,4
1261,256,21.080877,9359,2021-06-28 18:30:34,52.277367,5
1262,176,20.989794,9403,2021-06-28 18:30:36,52.336727,1
1263,176,20.980885,9405,2021-06-28 18:30:35,52.35561,05
1264,176,20.982231,9412,2021-06-28 18:30:37,52.355652,3
1265,197,20.931095,9413,2021-06-28 18:30:36,52.225201,012
1266,197,20.948294,9414,2021-06-28 18:30:35,52.276936,014
1267,102,21.041592,9416,2021-06-28 18:30:38,52.23991,3
1268,157,20.990873,9417,2021-06-28 18:30:38,52.234386,7
1269,712,20.884834,9418,2021-06-28 18:30:35,52.286217,02
1270,516,20.991516,9420,2021-06-28 18:30:33,52.301441,5
1271,157,20.98637,9423,2021-06-28 18:30:38,52.222462,1
1272,103,20.965239,9424,2021-06-28 18:30:32,52.237198,4
1273,123,21.050888,9425,2021-06-28 18:30:37,52.252594,1
1274,157,20.976334,9426,2021-06-28 18:30:37,52.289902,3
1275,157,20.976576,9427,2021-06-28 18:30:36,52.289917,4
1276,157,20.963953,9428,2021-06-28 18:30:37,52.207958,9
1277,103,20.927046,9429,2021-06-28 18:30:34,52.290195,6
1278,157,20.963736,9432,2021-06-28 18:30:37,52.208031,10
1279,743,20.696095,9433,2021-06-28 18:30:38,52.203541,02
1280,176,21.033739,9434,2021-06-28 18:30:37,52.284019,04
1281,516,21.000931,9435,2021-06-28 18:30:37,52.291183,1
1282,157,20.986643,9436,2021-06-28 18:30:36,52.268295,2
1283,157,20.994465,9437,2021-06-28 18:30:38,52.253639,6
1284,197,20.942328,9438,2021-06-28 18:30:35,52.226219,011
1285,197,20.930172,9439,2021-06-28 18:30:37,52.255718,016
1286,516,20.942038,9440,2021-06-28 18:30:34,52.334179,3
1287,123,21.066048,9441,2021-06-28 18:30:35,52.233475,3
1288,103,20.963562,9442,2021-06-28 18:30:33,52.258156,5
1289,102,21.093086,9443,2021-06-28 18:30:34,52.249424,1
1290,103,20.926756,9445,2021-06-28 18:30:35,52.290321,7
1291,103,20.968756,9446,2021-06-28 18:30:35,52.227348,1
1292,123,21.084127,9447,2021-06-28 18:30:36,52.244488,4
1293,157,20.987045,9448,2021-06-28 18:30:37,52.239796,011
1294,516,20.942713,9449,2021-06-28 18:30:35,52.320438,4
1295,102,21.016632,9450,2021-06-28 18:30:38,52.240078,2
1296,157,20.980022,9451,2021-06-28 18:30:37,52.276855,5
1297,157,20.984808,9452,2021-06-28 18:30:37,52.219513,8
1298,176,21.010334,9453,2021-06-28 18:30:33,52.302254,2
1299,197,20.955212,9454,2021-06-28 18:30:34,52.27895,015
1300,712,20.882315,9455,2021-06-28 18:30:36,52.286438,1
1301,743,20.898901,9456,2021-06-28 18:30:34,52.216499,1
1302,197,20.943922,9457,2021-06-28 18:30:37,52.244373,013
1303,103,20.946781,9458,2021-06-28 18:30:37,52.265041,8
1304,194,20.930248333,9501,2021-06-28 18:30:35,52.224980167,5
1305,159,21.0471185,9503,2021-06-28 18:30:38,52.211626333,1
1306,103,20.948711167,9505,2021-06-28 18:30:35,52.278984667,09
1307,103,20.943650667,9506,2021-06-28 18:30:35,52.294520833,011
1308,220,20.896727,9509,2021-06-28 18:30:35,52.2354355,3
1309,194,20.861438667,9510,2021-06-28 18:30:39,52.191621333,06
1310,737,21.036843333,9511,2021-06-28 18:30:38,52.161987333,56
1311,220,20.943918167,9513,2021-06-28 18:30:37,52.175894833,5
1312,715,21.036385,9514,2021-06-28 18:30:35,52.1622385,53
1313,181,20.899923,9515,2021-06-28 18:30:38,52.297158667,2
1314,737,21.017912667,9516,2021-06-28 18:30:39,52.1280755,54
1315,149,20.919333167,9519,2021-06-28 18:30:35,52.239747333,2
1316,159,21.059030167,9520,2021-06-28 18:30:36,52.192935833,8
1317,715,20.9436445,9521,2021-06-28 18:30:38,52.175031,1
1318,220,20.922653333,9522,2021-06-28 18:30:36,52.1745375,4
1319,220,20.900945,9523,2021-06-28 18:30:38,52.199916833,07
1320,220,20.912100167,9524,2021-06-28 18:30:36,52.252788333,2
1321,194,20.868418667,9525,2021-06-28 18:30:35,52.202042167,3
1322,181,20.907127333,9526,2021-06-28 18:30:37,52.3043055,1
1323,715,21.0371955,9528,2021-06-28 18:30:36,52.162002167,058
1324,715,20.965368833,9529,2021-06-28 18:30:35,52.129342167,52
1325,707,21.021978,9530,2021-06-28 18:30:35,52.077438833,03
1326,159,20.954777,9531,2021-06-28 18:30:36,52.2120615,4
1327,194,20.9133235,9532,2021-06-28 18:30:39,52.210460833,1
1328,181,20.966338833,9533,2021-06-28 18:30:36,52.283666,4
1329,181,20.972852833,9534,2021-06-28 18:30:39,52.281426333,3
1330,159,21.051473167,9535,2021-06-28 18:30:38,52.199004,7
1331,159,21.017756167,9537,2021-06-28 18:30:37,52.223391167,6
1332,737,20.897678667,9539,2021-06-28 18:30:35,52.056450667,059
1333,220,20.905906667,9540,2021-06-28 18:30:36,52.255189333,1
1334,220,20.896848,9542,2021-06-28 18:30:36,52.227833333,6
1335,737,21.018431,9544,2021-06-28 18:30:39,52.120054333,07
1336,220,20.905190333,9545,2021-06-28 18:30:37,52.1888335,08
1337,149,20.946830833,9546,2021-06-28 18:30:37,52.238925833,5
1338,220,20.9251325,9548,2021-06-28 18:30:39,52.260709333,09
1339,149,20.940291,9550,2021-06-28 18:30:35,52.246624,1
1340,715,20.948320667,9551,2021-06-28 18:30:35,52.122282333,55
1341,149,20.880213333,9552,2021-06-28 18:30:35,52.249334333,3
1342,194,20.904920333,9554,2021-06-28 18:30:36,52.2075685,07
1343,194,20.895385,9555,2021-06-28 18:30:37,52.209090667,2
1344,159,20.954203667,9556,2021-06-28 18:30:34,52.212002667,3
1345,149,20.897168167,9557,2021-06-28 18:30:34,52.249407,4
1346,194,20.930780167,9558,2021-06-28 18:30:39,52.2250765,4
1347,159,20.983196833,9560,2021-06-28 18:30:31,52.223397833,5
1348,159,20.999508833,9561,2021-06-28 18:30:38,52.223288,2
1349,118,21.01564,9671,2021-06-28 18:30:37,52.221558,2
1350,118,21.041285,9672,2021-06-28 18:30:31,52.300087,5
1351,326,21.030281,9673,2021-06-28 18:30:35,52.33226,04
1352,118,21.034214,9674,2021-06-28 18:30:34,52.234631,8
1353,152,20.968595,9676,2021-06-28 18:30:37,52.332577,5
1354,212,21.061783,9677,2021-06-28 18:30:31,52.273434,06
1355,118,20.994051,9678,2021-06-28 18:30:38,52.277412,7
1356,118,21.015581,9679,2021-06-28 18:30:33,52.219051,1
1357,326,21.05291,9680,2021-06-28 18:30:30,52.361305,02
1358,152,20.952431,9681,2021-06-28 18:30:36,52.317062,2
1359,212,21.049196,9682,2021-06-28 18:30:30,52.289886,5
1360,152,20.968449,9683,2021-06-28 18:30:13,52.32618,4
1361,212,21.06282,9684,2021-06-28 18:30:37,52.273014,1
1362,212,21.027161,9685,2021-06-28 18:30:37,52.259567,2
1363,326,20.968557,9686,2021-06-28 18:30:37,52.272045,05
1364,326,21.061892,9688,2021-06-28 18:30:31,52.361713,03
1365,118,20.9998,9689,2021-06-28 18:30:38,52.2895,4
1366,212,21.027061,9690,2021-06-28 18:30:35,52.259697,3
1367,326,21.00444,9692,2021-06-28 18:30:37,52.314362,01
1368,212,21.057091,9693,2021-06-28 18:30:36,52.301868,4
1369,152,21.041498,9695,2021-06-28 18:30:34,52.326595,1
1370,118,21.041367,9696,2021-06-28 18:30:38,52.300198,6
1371,118,21.024303,9697,2021-06-28 18:30:35,52.242104,3
1372,152,21.029511,9698,2021-06-28 18:30:32,52.328056,3
1373,710,21.106604,9801,2021-06-28 18:30:35,52.11636,4
1374,525,21.172674,9802,2021-06-28 18:30:38,52.208401,1
1375,127,20.924953,9804,2021-06-28 18:30:36,52.207127,56
1376,710,21.01123,9805,2021-06-28 18:30:31,52.074211,2
1377,525,21.196907,9807,2021-06-28 18:30:38,52.208355,319
1378,127,21.019419,9808,2021-06-28 18:30:29,52.246258,2
1379,109,21.029575,9809,2021-06-28 18:30:31,52.230114,07
1380,710,21.075073,9810,2021-06-28 18:30:37,52.133141,5
1381,719,20.840364,9812,2021-06-28 18:30:34,52.247925,3
1382,109,20.941743,9813,2021-06-28 18:08:00,52.239395,08
1383,Z10,20.912252,9814,2021-06-28 18:30:38,52.242851,2
1384,525,21.003834,9815,2021-06-28 18:30:31,52.229519,09
1385,742,21.120165,9816,2021-06-28 18:30:37,52.091393,1
1386,719,20.840555,9818,2021-06-28 18:30:36,52.248241,04
1387,719,20.602934,9820,2021-06-28 18:30:34,52.259373,2
1388,710,21.092754,9821,2021-06-28 18:30:36,52.078201,1
1389,525,21.155144,9822,2021-06-28 18:30:35,52.226025,010
1390,184,20.94029,9823,2021-06-28 18:30:35,52.246689,010
1391,525,21.085449,9825,2021-06-28 18:24:36,52.236231,5
1392,185,21.049167,9827,2021-06-28 18:30:38,52.17785,8
1393,127,20.969316,9828,2021-06-28 18:30:34,52.218994,4
1394,525,21.127798,9829,2021-06-28 18:30:32,52.233795,6
1395,Z10,20.916101,9830,2021-06-28 18:30:37,52.226871,8
1396,710,21.097801,9831,2021-06-28 18:30:31,52.078297,3
1397,127,21.030025,9833,2021-06-28 18:30:37,52.230247,1
1398,525,21.009987,9834,2021-06-28 18:30:32,52.229595,4
1399,742,21.150215,9835,2021-06-28 18:30:35,52.063778,02
1400,525,21.015354,9836,2021-06-28 18:30:37,52.219128,3
1401,185,21.042471,9837,2021-06-28 18:30:34,52.148071,12
1402,525,21.04088,9838,2021-06-28 18:30:32,52.223576,2
1403,724,21.067976,9839,2021-06-28 18:30:31,52.128998,1
1404,127,20.895466,9840,2021-06-28 18:30:37,52.208767,6
1405,724,21.027546,9841,2021-06-28 18:30:37,52.067352,02
1406,127,20.922743,9843,2021-06-28 18:30:37,52.208664,7
1407,127,21.017658,9844,2021-06-28 18:30:36,52.231026,09
1408,127,21.030306,9845,2021-06-28 18:30:37,52.239826,3
1409,Z10,20.91354,9846,2021-06-28 18:30:37,52.237572,6
1410,Z10,20.92494,9847,2021-06-28 18:30:31,52.260811,4
1411,109,20.944622,9849,2021-06-28 18:30:29,52.238976,6
1412,109,21.001722,9851,2021-06-28 18:30:37,52.227551,5
1413,109,21.043196,9852,2021-06-28 18:30:35,52.223084,4
1414,109,20.918951,9853,2021-06-28 18:30:38,52.23988,1
1415,127,20.975899,9854,2021-06-28 18:30:38,52.221135,335
1416,210,20.812471,9902,2021-06-28 18:30:37,52.312763,5
1417,140,21.108238,9903,2021-06-28 18:30:38,52.326706,04
1418,520,21.01779,9905,2021-06-28 18:30:37,52.217556,011
1419,520,21.013182,9906,2021-06-28 18:30:34,52.227158,3
1420,140,21.102394,9907,2021-06-28 18:30:33,52.320034,08
1421,140,21.133883,9908,2021-06-28 18:30:33,52.358105,09
1422,140,21.133087,9909,2021-06-28 18:30:38,52.359257,2
1423,719,20.586414,9912,2021-06-28 18:30:35,52.257572,05
1424,520,21.136305,9913,2021-06-28 18:30:34,52.24123,08
1425,520,21.087235,9914,2021-06-28 18:30:32,52.236263,09
1426,520,21.061222,9915,2021-06-28 18:30:34,52.228275,6
1427,520,21.00215,9916,2021-06-28 18:30:35,52.243111,4
1428,193,21.025263,9918,2021-06-28 18:30:34,52.173508,2
1429,193,21.034954,9919,2021-06-28 18:30:36,52.156467,3
1430,140,21.051943,9920,2021-06-28 18:30:36,52.276447,05
1431,520,21.003458,9922,2021-06-28 18:30:37,52.245365,5
1432,193,21.036949,9923,2021-06-28 18:30:36,52.161953,4
1433,140,21.081963,9924,2021-06-28 18:30:34,52.295143,07
1434,193,20.995384,9926,2021-06-28 18:30:33,52.170216,1
1435,520,21.012253,9927,2021-06-28 18:30:35,52.229477,010
1436,140,21.052839,9928,2021-06-28 18:30:37,52.276775,3
1437,186,20.942186,9929,2021-06-28 18:30:34,52.334179,12
1438,193,21.040648,9930,2021-06-28 18:30:35,52.170422,5
1439,186,20.95722,9932,2021-06-28 18:30:37,52.26543,4
1440,520,21.06188,9933,2021-06-28 18:30:38,52.22821,2
1441,186,20.951593,9934,2021-06-28 18:30:36,52.319012,2
1442,520,21.155888,9935,2021-06-28 18:30:38,52.240383,1
1443,186,20.96376,9936,2021-06-28 18:30:34,52.207817,6
1444,520,21.142418,9937,2021-06-28 18:30:38,52.23727,7
1445,186,20.975231,9940,2021-06-28 18:30:35,52.317184,3
1446,186,20.96347,9941,2021-06-28 18:30:36,52.207912,8
1447,210,20.804483,9942,2021-06-28 18:30:36,52.296268,4
1448,109,20.963806,9943,2021-06-28 18:30:34,52.228489,2
1449,186,20.963779,9945,2021-06-28 18:30:35,52.207874,9
1450,210,20.87483,9946,2021-06-28 18:30:36,52.287506,3
1451,109,21.021112,9948,2021-06-28 18:30:37,52.231415,3
1452,210,20.909216,9949,2021-06-28 18:30:33,52.283752,1
1453,210,20.928392,9950,2021-06-28 18:30:37,52.291019,2
1454,186,20.961317,9951,2021-06-28 18:30:38,52.216537,5
1455,186,20.956802,9953,2021-06-28 18:30:37,52.228401,67
1456,140,21.111206,9954,2021-06-28 18:30:36,52.360928,1
1457,o97B,21.423098,9999,2021-06-28 14:27:55,50.302967,7
