,Lines,Lon,VehicleNumber,Time,Lat,Brigade
0,213,21.1042695,1001,2021-06-28 17:22:16,52.2124528,1
1,213,21.1025313,1003,2021-06-28 17:22:11,52.2139698,05
2,213,21.1887996,1004,2021-06-28 17:22:08,52.1498033,3
3,196,21.176169,1005,2021-06-28 17:22:07,52.2567588,2
4,196,21.177263,1008,2021-06-28 17:21:58,52.256883,03
5,213,21.219634,1009,2021-06-28 17:22:07,52.163931,4
6,213,21.2269555,1010,2021-06-28 17:22:10,52.1822073,2
7,311,21.0755653,1012,2021-06-28 17:22:09,52.2430428,1
8,196,21.168986,1014,2021-06-28 17:22:03,52.264116,1
9,311,21.097329,1015,2021-06-28 17:22:10,52.221184,2
10,365,20.99675,1021,2021-06-28 17:22:13,52.169716,01
11,107,20.9794237,1023,2021-06-28 17:22:14,52.2445964,3
12,163,21.0795267,1025,2021-06-28 17:22:14,52.1838664,2
13,107,20.9995534,1026,2021-06-28 17:22:14,52.2464717,5
14,108,21.071621,1027,2021-06-28 17:22:12,52.179626,1
15,108,21.0343602,1028,2021-06-28 17:22:11,52.2257034,5
16,108,21.030752,1029,2021-06-28 17:22:09,52.23016,6
17,365,21.0243206,1031,2021-06-28 17:22:13,52.1798034,02
18,108,21.08395,1033,2021-06-28 17:22:14,52.193119,4
19,163,21.0803872,1034,2021-06-28 17:22:12,52.1843877,1
20,192,21.0502134,1037,2021-06-28 17:22:13,52.13762,7
21,108,21.035471,1038,2021-06-28 17:21:51,52.177096,3
22,365,21.0159687,1039,2021-06-28 17:22:13,52.1800217,03
23,107,21.0434767,1040,2021-06-28 17:22:11,52.2215767,6
24,107,21.010776,1042,2021-06-28 17:22:12,52.235921,2
25,107,21.046359,1043,2021-06-28 17:22:10,52.198876,07
26,107,20.979195,1045,2021-06-28 17:22:10,52.2444833,4
27,204,21.029861,1046,2021-06-28 17:21:55,52.314418,05
28,204,21.023051,1047,2021-06-28 17:21:57,52.277201,1
29,204,21.029741,1048,2021-06-28 17:21:53,52.315846,04
30,228,20.921528,1050,2021-06-28 17:21:59,52.212028,1
31,228,20.979176,1051,2021-06-28 17:22:07,52.184158,2
32,328,20.937449,1052,2021-06-28 17:22:01,52.20223,01
33,129,20.9206567,1053,2021-06-28 17:22:11,52.2320433,4
34,228,20.908331,1054,2021-06-28 17:22:07,52.204288,3
35,129,20.93918,1055,2021-06-28 17:22:12,52.245773,3
36,328,20.9855117,1058,2021-06-28 17:22:11,52.1663167,02
37,129,20.885895,1059,2021-06-28 17:22:05,52.195439,1
38,328,20.9946452,1061,2021-06-28 17:22:13,52.1537017,03
39,192,21.0733512,1062,2021-06-28 17:22:13,52.1356802,51
40,192,21.024351,1064,2021-06-28 17:22:14,52.179859,2
41,163,21.0489479,1065,2021-06-28 17:22:12,52.1782491,04
42,107,21.045885,1066,2021-06-28 17:22:12,52.215256,1
43,163,21.0917557,1068,2021-06-28 17:22:12,52.1604697,3
44,192,21.0470722,1069,2021-06-28 17:22:12,52.1515771,4
45,163,21.085436,1070,2021-06-28 17:22:12,52.161537,05
46,192,21.067026,1074,2021-06-28 17:22:12,52.130024,6
47,108,21.0364026,1076,2021-06-28 17:22:13,52.1769904,2
48,192,21.0218757,1077,2021-06-28 17:22:12,52.1782504,3
49,192,21.031776,1079,2021-06-28 17:22:14,52.148991,1
50,736,20.998315,1101,2021-06-28 17:22:05,52.29467,02
51,132,21.0593723,1109,2021-06-28 17:22:03,52.324708,2
52,303,20.939465,1112,2021-06-28 17:22:07,52.2785251,3
53,147,21.0418706,1113,2021-06-28 17:22:07,52.2394353,06
54,152,21.001656,1114,2021-06-28 17:22:12,52.336528,06
55,166,21.0269945,1115,2021-06-28 17:22:07,52.2599968,09
56,132,21.051112,1116,2021-06-28 17:22:03,52.3144473,3
57,122,20.9187625,1117,2021-06-28 17:22:00,52.262717,09
58,197,20.9445215,1118,2021-06-28 17:22:08,52.2431675,7
59,126,21.0264193,1119,2021-06-28 17:22:03,52.2871513,3
60,168,21.0206737,1200,2021-06-28 17:22:11,52.2106674,2
61,119,20.9988042,1202,2021-06-28 17:22:12,52.2080374,1
62,178,21.01499,1203,2021-06-28 17:22:12,52.242382,2
63,178,20.885971,1204,2021-06-28 17:22:13,52.181835,5
64,168,20.9955862,1205,2021-06-28 17:22:13,52.1911362,6
65,166,21.037266,1206,2021-06-28 17:22:02,52.23463,1
66,166,21.0576734,1208,2021-06-28 17:22:13,52.1514939,5
67,222,21.0243049,1211,2021-06-28 17:22:13,52.1977962,4
68,174,21.006374,1212,2021-06-28 17:22:12,52.212078,371
69,174,20.9998296,1213,2021-06-28 17:22:11,52.2313404,3
70,218,21.024755,1214,2021-06-28 17:22:13,52.190872,5
71,166,21.0420715,1216,2021-06-28 17:22:14,52.2362954,7
72,168,21.018373,1218,2021-06-28 17:22:11,52.209343,5
73,119,21.045343,1220,2021-06-28 17:22:12,52.202351,5
74,122,20.9828661,1400,2021-06-28 17:22:09,52.2760026,012
75,121,20.9699731,1401,2021-06-28 17:22:01,52.2774458,04
76,134,21.053363,1403,2021-06-28 17:22:01,52.359401,1
77,110,20.9698316,1407,2021-06-28 17:22:09,52.2722063,05
78,240,21.106191,1408,2021-06-28 17:22:06,52.324373,4
79,173,21.08448,1411,2021-06-28 17:22:11,52.249577,5
80,117,21.075495,1412,2021-06-28 17:22:13,52.225845,1
81,702,21.262846,1413,2021-06-28 17:22:09,52.10799,2
82,168,21.0045517,1415,2021-06-28 17:22:11,52.2023499,1
83,202,21.0913965,1416,2021-06-28 17:22:13,52.2499622,04
84,183,21.184273,1418,2021-06-28 17:22:10,52.247307,6
85,147,21.0523749,1419,2021-06-28 17:22:14,52.2503509,2
86,199,21.110071,1422,2021-06-28 17:22:13,52.284199,4
87,198,21.2231279,1423,2021-06-28 17:22:11,52.2246064,05
88,173,21.138088,1424,2021-06-28 17:22:12,52.239574,6
89,115,21.2421305,1425,2021-06-28 17:22:14,52.1698974,4
90,173,21.234215,1426,2021-06-28 17:22:11,52.216404,8
91,147,21.149624,1427,2021-06-28 17:22:12,52.2009342,4
92,146,21.118023,1428,2021-06-28 17:22:11,52.199879,2
93,142,21.114585,1430,2021-06-28 17:22:01,52.239786,06
94,L41,20.941614,14422,2021-06-28 17:22:08,52.400658,1
95,L10,20.947506,14423,2021-06-28 17:21:09,52.452568,1
96,L11,20.950552,14424,2021-06-28 17:22:11,52.405033,1
97,L10,20.915407,14425,2021-06-28 17:22:12,52.410419,50
98,L-8,20.945215,14426,2021-06-28 14:51:54,52.437912,1
99,L41,20.71891,14427,2021-06-28 17:22:08,52.428219,02
100,L11,20.955475,14429,2021-06-28 17:22:11,52.452335,57
101,L34,20.847353,14430,2021-06-28 17:01:01,52.441017,2
102,L34,20.885351,14431,2021-06-28 17:22:15,52.411396,1
103,L11,20.722549,14432,2021-06-28 17:22:07,52.424736,51
104,L-8,21.002722,14434,2021-06-28 17:22:10,52.383965,02
105,L-8,21.102455,14435,2021-06-28 17:22:16,52.409824,1
106,L49,20.941397,14436,2021-06-28 17:22:13,52.356277,1
107,L31,21.109516,14438,2021-06-28 17:22:07,52.442413,1
108,L-9,20.941412,14439,2021-06-28 17:22:13,52.400883,054
109,L-9,20.946692,14440,2021-06-28 17:16:21,52.471832,055
110,134,21.002369,1500,2021-06-28 17:21:54,52.290136,04
111,134,20.9682815,1501,2021-06-28 17:22:04,52.2718885,3
112,110,20.899523,1502,2021-06-28 17:21:59,52.3258781,2
113,240,21.05977,1505,2021-06-28 17:22:07,52.3037901,06
114,132,21.0511,1506,2021-06-28 17:22:08,52.3046191,07
115,134,21.047575,1507,2021-06-28 17:22:10,52.3390076,2
116,126,20.9973088,1508,2021-06-28 17:22:06,52.3198021,5
117,132,20.978265,1509,2021-06-28 17:22:10,52.279499,05
118,166,21.0443551,1510,2021-06-28 17:22:10,52.192432,6
119,126,21.0568141,1513,2021-06-28 17:22:04,52.3018478,4
120,197,20.9262273,1514,2021-06-28 17:22:07,52.2225405,6
121,197,20.9506201,1515,2021-06-28 17:22:09,52.2765826,8
122,121,20.9252626,1516,2021-06-28 17:22:10,52.272422,1
123,173,21.190641,1519,2021-06-28 17:21:58,52.247509,10
124,202,21.042004,1521,2021-06-28 17:22:12,52.241835,07
125,202,21.043871,1522,2021-06-28 17:21:56,52.248696,3
126,146,21.187056,1523,2021-06-28 17:22:12,52.15641,08
127,730,21.262078,1524,2021-06-28 17:22:09,52.209731,052
128,119,21.199691,1525,2021-06-28 17:22:07,52.208643,06
129,147,21.136743,1526,2021-06-28 17:22:08,52.196783,09
130,198,21.2176867,1528,2021-06-28 17:21:54,52.2540783,3
131,702,21.1331467,1530,2021-06-28 17:22:11,52.2120433,03
132,198,21.2236067,1531,2021-06-28 17:22:12,52.25078,2
133,115,21.16566,1533,2021-06-28 17:22:10,52.2418467,2
134,142,21.141166,1534,2021-06-28 17:22:11,52.189206,07
135,198,21.243198,1535,2021-06-28 17:22:05,52.221706,1
136,106,20.966981,1537,2021-06-28 17:21:58,52.233769,4
137,170,21.0218033,1538,2021-06-28 17:22:02,52.26248,4
138,120,21.0466267,1539,2021-06-28 17:22:14,52.2819117,1
139,199,21.065796,1540,2021-06-28 17:22:08,52.275145,1
140,156,21.0461983,1541,2021-06-28 17:21:56,52.2811517,1
141,170,21.033191,1542,2021-06-28 17:22:06,52.258474,1
142,156,20.927883,1543,2021-06-28 17:22:04,52.290806,3
143,338,21.063266,1544,2021-06-28 17:22:08,52.263656,01
144,122,20.985029,1546,2021-06-28 17:21:59,52.268453,013
145,338,21.032666,1548,2021-06-28 17:21:54,52.259974,04
146,199,21.110293,1549,2021-06-28 17:21:55,52.283568,2
147,170,21.042378,1550,2021-06-28 17:22:10,52.253945,3
148,240,21.1183683,1551,2021-06-28 17:22:06,52.3391983,3
149,221,20.9941,1552,2021-06-28 17:21:59,52.2594733,2
150,106,20.965136,1554,2021-06-28 17:22:00,52.236161,06
151,L-4,20.91931,17451,2021-06-28 17:21:43,52.096683,1
152,L26,21.182776,17452,2021-06-28 17:22:15,52.338024,02
153,L37,21.27186,17453,2021-06-28 17:22:14,52.334438,1
154,L40,21.207191,17454,2021-06-28 17:22:08,52.337566,1
155,L36,21.281242,17456,2021-06-28 17:22:10,52.369335,1
156,L35,21.320488,17458,2021-06-28 17:22:08,52.35294,1
157,L26,21.152317,17460,2021-06-28 17:22:13,52.311169,1
158,L46,21.154928,17461,2021-06-28 17:22:08,52.296986,1
159,L43,21.144991,17462,2021-06-28 17:22:02,52.314232,1
160,L45,21.099804,17464,2021-06-28 17:22:12,52.316463,02
161,L45,21.157005,17465,2021-06-28 17:22:09,52.383896,1
162,L38,21.244387,17466,2021-06-28 17:22:08,52.333917,1
163,L37,21.218784,17467,2021-06-28 16:39:44,52.310253,2
164,L40,21.123796,17468,2021-06-28 17:22:10,52.345955,02
165,197,20.8624965,1800,2021-06-28 17:22:11,52.1902736,4
166,110,20.968571,1801,2021-06-28 17:22:07,52.2721605,4
167,132,20.9674123,1802,2021-06-28 17:21:59,52.2732226,1
168,166,21.0272376,1803,2021-06-28 17:22:09,52.259891,8
169,122,20.9764806,1804,2021-06-28 17:22:07,52.2897961,5
170,173,21.074069,1805,2021-06-28 17:22:05,52.2520708,4
171,204,21.0268525,1806,2021-06-28 17:22:05,52.2797663,3
172,122,20.9457106,1807,2021-06-28 17:22:11,52.2654926,4
173,303,20.9863363,1808,2021-06-28 17:22:10,52.2692995,1
174,147,21.0906873,1809,2021-06-28 17:22:07,52.221772,1
175,166,21.0459253,1810,2021-06-28 17:22:09,52.1913095,2
176,152,21.043346,1811,2021-06-28 10:10:53,52.266126,06
177,204,21.060319,1812,2021-06-28 17:22:04,52.3150891,2
178,736,20.9233661,1813,2021-06-28 17:22:10,52.3981245,1
179,147,21.05282,1814,2021-06-28 17:22:07,52.250446,07
180,240,21.0590473,1815,2021-06-28 17:22:06,52.3029126,2
181,197,20.9757801,1817,2021-06-28 17:22:11,52.2896475,9
182,240,21.0084728,1818,2021-06-28 17:22:02,52.2924701,05
183,221,20.9780643,1819,2021-06-28 17:22:02,52.2609611,1
184,117,21.1024385,1823,2021-06-28 17:22:12,52.2222698,05
185,146,21.1210283,1826,2021-06-28 17:22:12,52.1948596,4
186,183,21.0871003,1828,2021-06-28 17:22:06,52.24469,3
187,147,21.2179845,1829,2021-06-28 17:22:11,52.2159155,5
188,722,21.2617261,1830,2021-06-28 17:22:06,52.1079463,1
189,147,21.1169918,1832,2021-06-28 09:25:20,52.2330478,09
190,146,21.0484986,1833,2021-06-28 17:22:08,52.2476791,5
191,202,21.116848,1834,2021-06-28 09:35:30,52.233074,04
192,115,21.1977281,1835,2021-06-28 17:22:03,52.1756841,3
193,168,21.0949663,1837,2021-06-28 17:22:09,52.2300221,07
194,183,21.1893038,1839,2021-06-28 17:22:12,52.2458068,1
195,202,21.1294826,1840,2021-06-28 17:21:56,52.2397883,05
196,146,21.181206,1842,2021-06-28 17:22:05,52.15579,07
197,183,21.129345,1843,2021-06-28 17:22:03,52.235683,2
198,119,21.151018,1844,2021-06-28 17:22:11,52.214044,3
199,115,21.161273,1846,2021-06-28 17:22:05,52.226521,5
200,730,21.2557358,1847,2021-06-28 17:22:09,52.2167235,61
201,119,21.133889,1848,2021-06-28 17:22:09,52.2065383,4
202,173,21.2446063,1849,2021-06-28 17:22:09,52.226894,9
203,183,21.0869911,1850,2021-06-28 17:22:06,52.2446198,4
204,173,21.1351353,1851,2021-06-28 17:21:59,52.2412558,1
205,722,21.0949176,1854,2021-06-28 17:22:08,52.2437911,53
206,147,21.0530486,1855,2021-06-28 17:22:08,52.2361151,3
207,146,21.0573216,1856,2021-06-28 17:22:07,52.2294893,1
208,117,21.0943246,1857,2021-06-28 17:22:08,52.2215786,2
209,115,21.1702606,1858,2021-06-28 17:22:10,52.2770796,1
210,146,21.0595685,1859,2021-06-28 17:22:04,52.225882,09
211,115,21.1593208,1860,2021-06-28 17:21:57,52.2578535,6
212,119,21.08305,1862,2021-06-28 17:22:12,52.206606,2
213,173,21.0526858,1863,2021-06-28 17:22:09,52.250339,3
214,146,21.2046848,1866,2021-06-28 17:22:07,52.1594918,3
215,183,21.1290176,1867,2021-06-28 17:22:09,52.2358741,5
216,147,21.2431623,1869,2021-06-28 17:22:08,52.2203098,08
217,251,21.1231248,1903,2021-06-28 17:21:53,52.0895143,53
218,168,20.9958745,1904,2021-06-28 17:22:07,52.1929164,09
219,739,21.0179824,1905,2021-06-28 17:22:12,52.1222493,07
220,251,21.0712324,1906,2021-06-28 17:22:04,52.1691811,52
221,251,21.0240049,1907,2021-06-28 17:22:11,52.1795686,54
222,178,20.9593199,1908,2021-06-28 17:22:08,52.2161251,012
223,222,21.0048973,1909,2021-06-28 17:22:10,52.2448704,2
224,222,20.9958963,1910,2021-06-28 17:22:08,52.1934016,5
225,139,21.037937,1911,2021-06-28 17:22:14,52.17662,56
226,222,21.023712,1912,2021-06-28 17:22:13,52.199665,6
227,251,21.067186,1914,2021-06-28 17:22:12,52.169853,51
228,222,21.017293,1916,2021-06-28 17:22:11,52.2392741,3
229,222,21.016083,1917,2021-06-28 17:22:12,52.189163,4
230,739,21.0237812,1918,2021-06-28 17:22:13,52.1799994,08
231,139,21.103771,1919,2021-06-28 17:22:12,52.105892,55
232,222,21.01782,1920,2021-06-28 17:22:13,52.237484,1
233,178,20.9098392,1991,2021-06-28 17:22:13,52.1945277,010
234,178,20.9371054,1993,2021-06-28 17:22:11,52.202147,1
235,168,21.093855,1994,2021-06-28 17:22:13,52.227257,08
236,178,21.01005,1995,2021-06-28 17:22:14,52.235775,3
237,178,20.883484,1996,2021-06-28 17:22:13,52.195305,6
238,178,20.961021,1998,2021-06-28 17:22:14,52.216759,4
239,178,20.969723,1999,2021-06-28 17:22:12,52.228619,013
240,105,20.896242,2001,2021-06-28 17:22:12,52.239288,1
241,136,21.002966,2003,2021-06-28 17:22:13,52.174473,6
242,Z10,20.9249731,2006,2021-06-28 17:22:12,52.2608442,3
243,188,21.129061,2007,2021-06-28 17:22:14,52.240093,09
244,517,20.9350966,2008,2021-06-28 17:22:12,52.2007644,07
245,191,20.962021,2009,2021-06-28 17:22:12,52.215748,3
246,184,20.9282459,2010,2021-06-28 17:22:13,52.2923542,4
247,124,20.9430855,2011,2021-06-28 17:22:11,52.1752955,03
248,401,20.927383,2013,2021-06-28 17:22:14,52.1958024,1
249,182,20.966999,2014,2021-06-28 17:22:10,52.218712,012
250,171,20.921976,2015,2021-06-28 17:22:13,52.240269,1
251,401,20.931801,2016,2021-06-28 17:22:13,52.195457,011
252,190,21.058819,2019,2021-06-28 17:22:13,52.266541,014
253,191,20.8894264,2020,2021-06-28 17:22:07,52.1900124,7
254,401,20.9071436,2021,2021-06-28 17:22:13,52.1925741,5
255,522,21.035709,2022,2021-06-28 17:22:12,52.201633,013
256,193,21.041641,2023,2021-06-28 17:22:13,52.155521,06
257,189,21.064257,2024,2021-06-28 17:22:10,52.186527,14
258,401,20.98708,2026,2021-06-28 17:22:13,52.18124,8
259,522,21.0029584,2027,2021-06-28 17:22:11,52.2294282,318
260,519,21.088217,2028,2021-06-28 17:22:12,52.158203,3
261,501,21.031282,2029,2021-06-28 17:22:14,52.20647,3
262,189,20.896795,2030,2021-06-28 17:22:12,52.232853,9
263,131,21.0150332,2032,2021-06-28 17:22:10,52.2169127,10
264,522,21.079828,2033,2021-06-28 17:22:12,52.157581,07
265,189,20.9629294,2035,2021-06-28 17:22:14,52.188801,12
266,519,21.06599,2036,2021-06-28 17:22:12,52.171989,5
267,501,21.048708,2037,2021-06-28 17:22:13,52.178112,5
268,138,20.995506,2038,2021-06-28 17:22:12,52.170277,010
269,501,21.0028312,2040,2021-06-28 17:22:14,52.2281194,2
270,189,20.896713,2041,2021-06-28 17:22:13,52.237209,8
271,138,21.053419,2042,2021-06-28 17:22:13,52.260399,012
272,401,20.861841,2044,2021-06-28 17:22:12,52.190525,012
273,172,20.975533,2045,2021-06-28 17:22:09,52.211617,010
274,172,20.989244,2200,2021-06-28 17:22:12,52.197578,4
275,523,20.963682,2201,2021-06-28 17:22:10,52.217121,14
276,187,20.976128,2202,2021-06-28 17:22:12,52.217949,3
277,136,20.9835002,2203,2021-06-28 17:22:13,52.1979922,1
278,Z10,20.9141407,2204,2021-06-28 17:22:13,52.2367669,010
279,171,20.9240797,2205,2021-06-28 17:22:10,52.2527309,011
280,Z10,20.917254,2206,2021-06-28 17:22:14,52.2204167,7
281,189,20.9153256,2207,2021-06-28 17:22:12,52.2037814,10
282,190,20.8988169,2209,2021-06-28 17:22:12,52.2389332,8
283,172,20.9535335,2210,2021-06-28 17:22:12,52.2126081,2
284,122,20.935524,2212,2021-06-28 17:22:11,52.271084,6
285,122,20.9752634,2213,2021-06-28 17:22:13,52.265983,07
286,136,21.00256,2215,2021-06-28 17:22:11,52.174465,11
287,190,20.899292,2216,2021-06-28 17:22:10,52.239033,018
288,401,20.9796557,2217,2021-06-28 17:22:14,52.1834951,09
289,Z10,20.9149612,2218,2021-06-28 17:22:13,52.2336116,5
290,148,21.0486832,2221,2021-06-28 17:22:11,52.1940934,8
291,523,20.960432,2222,2021-06-28 17:22:13,52.216869,1
292,191,20.949594,2223,2021-06-28 17:22:10,52.210396,9
293,189,20.9964651,2224,2021-06-28 17:22:12,52.1793712,2
294,191,20.8903204,2225,2021-06-28 17:22:13,52.1902165,5
295,517,20.8625702,2226,2021-06-28 17:22:12,52.1902011,3
296,136,21.022118,2231,2021-06-28 17:22:13,52.16618,013
297,189,20.936508,2232,2021-06-28 17:22:12,52.194477,11
298,317,21.0437164,2233,2021-06-28 17:22:13,52.1738581,08
299,Z10,20.930773,2235,2021-06-28 17:22:13,52.225014,011
300,317,20.9769444,2236,2021-06-28 17:22:13,52.1803419,4
301,187,21.01053,2240,2021-06-28 17:22:12,52.217186,2
302,136,21.0316179,2241,2021-06-28 17:22:13,52.14978,9
303,191,20.969481,2243,2021-06-28 17:22:12,52.213924,1
304,171,21.0314521,2244,2021-06-28 17:22:13,52.2293164,4
305,Z10,20.9164129,2245,2021-06-28 17:22:13,52.2247327,9
306,717,20.873264,2247,2021-06-28 17:22:04,52.178242,3
307,317,20.9440244,2249,2021-06-28 17:22:12,52.1754311,06
308,189,20.913953,2252,2021-06-28 17:22:13,52.2087287,4
309,112,21.056339,2253,2021-06-28 17:22:12,52.298035,2
310,191,20.9133242,2254,2021-06-28 17:22:13,52.1988714,010
311,141,20.9471287,2256,2021-06-28 17:22:13,52.1788852,013
312,172,21.064547,2257,2021-06-28 17:22:13,52.186005,7
313,317,20.986061,2258,2021-06-28 17:22:13,52.1775555,1
314,187,20.9126647,2259,2021-06-28 17:22:14,52.1981047,4
315,L48,21.303106,23481,2021-06-28 04:38:21,52.203297,1
316,L47,21.297918,23482,2021-06-28 17:22:13,52.241585,02
317,L47,21.314619,23483,2021-06-28 17:22:15,52.245945,1
318,L20,21.259697,24511,2021-06-28 17:22:11,52.107807,1
319,L20,21.471601,24512,2021-06-28 13:52:17,52.132278,1
320,L20,21.463705,24513,2021-06-28 17:22:09,52.133011,03
321,L20,21.469845,24515,2021-06-28 17:22:11,52.131859,2
322,245,21.1121281,3400,2021-06-28 17:22:08,52.2812888,2
323,112,21.040841,3401,2021-06-28 17:21:56,52.285163,018
324,412,21.0474433,3403,2021-06-28 17:22:10,52.2602791,01
325,112,20.9129448,3404,2021-06-28 17:21:55,52.2391988,7
326,412,21.054501,3405,2021-06-28 17:22:08,52.254156,05
327,500,21.0182505,3406,2021-06-28 17:22:09,52.2630653,08
328,500,20.9821368,3408,2021-06-28 17:22:04,52.2532151,2
329,245,21.1256753,3410,2021-06-28 17:22:07,52.2792243,05
330,114,20.945666,3411,2021-06-28 17:22:13,52.271711,011
331,500,21.0480756,3413,2021-06-28 17:22:08,52.2864198,1
332,190,21.048074,3414,2021-06-28 17:22:10,52.2604516,027
333,114,20.9800011,3415,2021-06-28 17:22:07,52.2671428,09
334,114,20.9392341,3416,2021-06-28 17:22:01,52.3017918,010
335,738,21.1075778,3417,2021-06-28 17:22:11,52.3261008,3
336,738,21.2038993,3418,2021-06-28 17:22:02,52.4092231,4
337,190,21.0747395,3421,2021-06-28 17:22:08,52.2862421,021
338,500,21.0372505,3422,2021-06-28 17:22:11,52.268959,4
339,185,21.0258135,3423,2021-06-28 17:22:06,52.2421456,10
340,512,21.072753,3424,2021-06-28 17:22:13,52.2835756,2
341,512,21.050358,3426,2021-06-28 17:22:12,52.2530823,3
342,169,21.041938,3427,2021-06-28 17:22:06,52.300188,2
343,185,21.0460098,3428,2021-06-28 17:22:13,52.1501248,7
344,500,21.0417328,3429,2021-06-28 17:22:12,52.300302,6
345,169,21.0430781,3430,2021-06-28 17:22:09,52.2746136,3
346,112,21.079441,3431,2021-06-28 17:22:06,52.307696,3
347,Z26,21.0259615,3432,2021-06-28 17:22:07,52.2509524,1
348,Z26,20.985828,3434,2021-06-28 17:22:02,52.239305,6
349,175,20.9920968,3435,2021-06-28 17:22:11,52.2257256,55
350,509,21.0917486,3437,2021-06-28 17:22:11,52.2251681,5
351,132,21.0680343,3438,2021-06-28 17:22:12,52.3238045,06
352,738,21.12738,3439,2021-06-28 17:22:06,52.3501795,1
353,414,20.9566598,3440,2021-06-28 17:22:10,52.230749,07
354,512,21.050444,3441,2021-06-28 17:22:11,52.252388,5
355,500,21.0418013,3442,2021-06-28 17:22:00,52.3003568,7
356,509,20.9426965,3443,2021-06-28 17:22:04,52.3232396,11
357,245,21.052872,3444,2021-06-28 17:22:07,52.276474,04
358,145,21.0003153,3445,2021-06-28 17:21:42,52.2912463,8
359,509,20.9628553,3446,2021-06-28 17:22:10,52.3174253,14
360,162,21.0569658,3447,2021-06-28 17:22:00,52.1929613,6
361,190,21.0665673,3448,2021-06-28 17:22:12,52.2763168,2
362,112,20.9151086,3449,2021-06-28 17:22:11,52.2318886,9
363,112,20.915016,3450,2021-06-28 17:22:12,52.229421,12
364,114,21.043474,3451,2021-06-28 09:14:51,52.2654126,09
365,145,21.1253655,3452,2021-06-28 17:22:13,52.2351,015
366,527,21.0541663,3453,2021-06-28 17:22:07,52.2961158,2
367,190,21.0044166,3454,2021-06-28 17:22:10,52.2457678,1
368,145,21.124239,3455,2021-06-28 17:22:13,52.2622911,5
369,509,21.1019148,3458,2021-06-28 17:22:09,52.2250146,355
370,245,21.0616741,3459,2021-06-28 17:22:00,52.2734021,1
371,190,21.0853428,3460,2021-06-28 17:22:09,52.3050473,022
372,114,21.0418193,3462,2021-06-28 17:22:03,52.3002365,2
373,190,20.9141308,3463,2021-06-28 17:22:08,52.2363066,6
374,500,21.0412991,3464,2021-06-28 17:22:08,52.290648,5
375,114,20.934599,3465,2021-06-28 17:22:07,52.3049991,6
376,112,20.924093,3466,2021-06-28 17:21:59,52.260914,1
377,509,21.021274,3467,2021-06-28 17:22:08,52.2641116,022
378,245,21.0770485,3468,2021-06-28 17:22:08,52.286721,03
379,114,20.925911,3469,2021-06-28 17:22:10,52.2826636,7
380,L17,21.029587,36442,2021-06-28 17:22:11,52.074608,02
381,L19,21.0375,36443,2021-06-28 17:22:12,51.985748,1
382,L17,20.948771,36444,2021-06-28 17:22:13,51.961292,1
383,L19,21.025747,36445,2021-06-28 17:22:10,52.077667,02
384,L30,21.105663,36446,2021-06-28 17:22:13,51.97451,1
385,L28,21.128014,36447,2021-06-28 17:22:13,52.021744,1
386,L30,21.217022,36448,2021-06-28 17:22:10,51.981617,02
387,L42,21.175175,37531,2021-06-28 17:22:13,52.060364,52
388,L21,21.114786,37533,2021-06-28 17:22:13,52.102718,1
389,L16,21.096989,37534,2021-06-28 17:22:13,52.055325,1
390,L14,21.141626,37535,2021-06-28 17:22:10,52.108871,1
391,L15,21.1371,37536,2021-06-28 17:22:10,52.047691,51
392,L39,21.010138,38541,2021-06-28 17:22:07,52.110474,4
393,L23,21.017782,38543,2021-06-28 17:22:14,52.074604,M53
394,L23,21.05266,38544,2021-06-28 17:21:56,52.068169,052
395,L39,21.040474,38545,2021-06-28 17:22:12,52.103374,3
396,L32,21.035267,38546,2021-06-28 17:22:12,52.076424,1
397,L39,21.004555,38547,2021-06-28 05:46:58,52.110222,1
398,L39,21.022272,38548,2021-06-28 17:22:14,52.067261,2
399,L23,21.029448,38549,2021-06-28 17:14:37,52.075069,51
400,L52,20.985172,38550,2021-06-28 17:22:10,52.004059,1
401,L-2,20.979282,39551,2021-06-28 17:22:08,52.046757,062
402,L-2,21.029457,39552,2021-06-28 17:22:08,52.074875,063
403,L25,21.029455,39554,2021-06-28 17:22:15,52.075134,02
404,L25,21.203274,39555,2021-06-28 17:22:12,51.98222,1
405,L-2,20.990059,39556,2021-06-28 17:22:13,52.049355,061
406,L12,20.896322,39557,2021-06-28 17:22:14,52.007759,64
407,L-2,21.028904,39558,2021-06-28 17:22:14,52.073975,65
408,L13,21.023237,39560,2021-06-28 17:22:16,52.072395,1
409,L13,21.062296,39561,2021-06-28 17:22:09,52.028587,03
410,L13,21.039885,39562,2021-06-28 17:22:10,52.027111,2
411,L-5,21.025013,39565,2021-06-28 17:22:14,52.068542,1
412,255,20.951851,4200,2021-06-28 17:22:12,52.226891,2
413,703,20.8298207,4202,2021-06-28 17:22:13,52.0550602,52
414,197,20.935873,4205,2021-06-28 17:22:09,52.224979,2
415,902,20.9223249,4206,2021-06-28 16:30:27,52.1964574,M1
416,255,20.9310886,4207,2021-06-28 17:22:12,52.2251494,03
417,154,20.944029,4209,2021-06-28 17:22:13,52.175602,4
418,178,20.910242,4210,2021-06-28 17:22:13,52.195309,011
419,154,20.9783314,4211,2021-06-28 17:22:14,52.1827954,010
420,711,20.884684,4212,2021-06-28 17:22:13,52.129078,063
421,154,20.918698,4213,2021-06-28 17:22:11,52.239836,1
422,154,20.8985862,4214,2021-06-28 17:22:10,52.2584554,8
423,711,20.864313,4215,2021-06-28 17:22:09,52.116936,061
424,122,20.9239519,4216,2021-06-28 17:22:12,52.2536409,3
425,197,20.8683102,4217,2021-06-28 17:22:13,52.2088667,3
426,197,20.944405,4218,2021-06-28 17:22:13,52.243671,1
427,255,20.959213,4219,2021-06-28 17:22:12,52.228245,1
428,197,20.9513427,4221,2021-06-28 17:22:12,52.2815772,10
429,129,20.914377,4224,2021-06-28 17:22:12,52.214283,2
430,121,20.924089,4225,2021-06-28 17:22:13,52.281052,03
431,197,20.8818326,4227,2021-06-28 17:22:12,52.1981119,5
432,154,20.9511124,4228,2021-06-28 17:22:11,52.2274176,6
433,902,21.0430007,4229,2021-06-28 17:22:13,52.2435942,M2
434,154,20.9115945,4230,2021-06-28 17:22:12,52.2388916,7
435,178,20.981064,4231,2021-06-28 17:22:13,52.22953,9
436,178,20.924515,4232,2021-06-28 17:22:13,52.203808,7
437,714,20.925016,4233,2021-06-28 17:22:12,52.240665,3
438,729,20.9437352,4234,2021-06-28 17:22:13,52.2390546,02
439,714,20.8874546,4235,2021-06-28 17:22:13,52.240212,2
440,L-3,20.985115,42362,2021-06-28 17:22:10,52.081528,02
441,154,20.960024,4237,2021-06-28 17:22:13,52.217785,5
442,154,20.969587,4238,2021-06-28 17:22:08,52.215023,3
443,178,20.895962,4239,2021-06-28 17:22:12,52.185619,8
444,154,20.898064,4240,2021-06-28 17:22:09,52.247925,011
445,714,20.805193,4241,2021-06-28 17:22:12,52.276272,04
446,154,20.96147,4242,2021-06-28 17:22:12,52.216885,2
447,154,20.967094,4243,2021-06-28 17:22:12,52.194706,09
448,901,21.003408,4244,2021-06-28 17:22:12,52.22946,1
449,901,21.0312654,4246,2021-06-28 17:22:12,52.2294412,3
450,714,20.949947,4247,2021-06-28 17:22:14,52.238644,1
451,729,20.729155,4248,2021-06-28 17:22:12,52.283455,1
452,121,20.9641259,4249,2021-06-28 17:22:13,52.2752374,2
453,L-1,21.015268,42494,2021-06-28 17:22:10,52.074345,1
454,L-4,21.0165,42495,2021-06-28 06:12:56,52.098907,2
455,L-3,20.878046,42500,2021-06-28 17:20:42,52.081291,1
456,146,21.0438918,4303,2021-06-28 17:22:10,52.2485121,06
457,119,21.0049694,4304,2021-06-28 17:22:13,52.2026402,07
458,117,21.0215017,4305,2021-06-28 17:22:14,52.2320751,4
459,147,21.0925762,4307,2021-06-28 17:22:09,52.2193884,010
460,142,21.08818,4308,2021-06-28 17:22:04,52.24474,08
461,198,21.2383976,4309,2021-06-28 17:22:13,52.2161206,04
462,702,21.1571327,4312,2021-06-28 17:22:13,52.168293,1
463,105,16.9750897,4332,2021-06-26 13:35:37,52.5472771,4
464,N72,16.9763326,4333,2021-06-28 15:21:54,52.5456077,215
465,240,21.0011585,4400,2021-06-28 17:22:12,52.2894629,1
466,132,21.031744,4401,2021-06-28 17:22:12,52.299229,09
467,126,20.969439,4402,2021-06-28 17:22:14,52.325348,2
468,120,21.058704,4403,2021-06-28 17:22:12,52.301804,5
469,166,21.0635167,4404,2021-06-28 17:22:11,52.1453657,3
470,156,20.934105,4406,2021-06-28 17:22:13,52.28862,2
471,122,20.8987657,4407,2021-06-28 17:22:12,52.2386471,010
472,134,21.0228941,4408,2021-06-28 17:22:13,52.2971425,05
473,106,20.997726,4409,2021-06-28 17:22:13,52.236111,1
474,199,21.150078,4411,2021-06-28 17:22:12,52.270538,3
475,173,21.0842044,4413,2021-06-28 17:22:12,52.2483124,2
476,106,21.020525,4415,2021-06-28 17:22:13,52.243179,2
477,106,21.024385,4416,2021-06-28 17:22:08,52.242386,07
478,170,21.080715,4417,2021-06-28 17:22:13,52.277569,2
479,106,21.024107,4418,2021-06-28 17:22:08,52.241791,3
480,120,21.0539201,4419,2021-06-28 17:22:12,52.3376825,7
481,901,21.0111519,4420,2021-06-28 17:22:12,52.230551,4
482,126,20.9406384,4421,2021-06-28 17:22:13,52.3258822,1
483,338,21.100698,4422,2021-06-28 17:22:12,52.260624,02
484,106,20.978546,4423,2021-06-28 17:22:09,52.232754,5
485,901,21.017942,4424,2021-06-28 17:22:11,52.236759,2
486,156,21.052124,4425,2021-06-28 17:22:10,52.253017,5
487,166,21.068243,4427,2021-06-28 17:22:10,52.129345,4
488,156,21.04323,4428,2021-06-28 17:22:13,52.273926,4
489,303,20.9337147,4429,2021-06-28 17:22:12,52.3053659,2
490,106,21.005446,4430,2021-06-28 17:22:13,52.2379406,08
491,338,21.0776555,4434,2021-06-28 17:22:12,52.2606612,03
492,122,20.9757215,5200,2021-06-28 17:22:03,52.2904645,08
493,171,20.9315846,5201,2021-06-28 17:22:08,52.2709472,8
494,517,20.9516898,5202,2021-06-28 17:22:07,52.2118751,09
495,523,21.084581,5203,2021-06-28 17:22:05,52.249915,020
496,401,21.019474,5204,2021-06-28 17:22:03,52.173364,013
497,105,20.9558365,5205,2021-06-28 17:22:09,52.2279553,5
498,131,21.0029506,5206,2021-06-28 17:22:03,52.2281131,2
499,182,21.0064788,5207,2021-06-28 17:22:05,52.2171039,011
500,517,20.8830924,5208,2021-06-28 17:22:12,52.1924273,2
501,184,20.922631,5210,2021-06-28 17:22:10,52.259569,2
502,105,20.8988747,5211,2021-06-28 17:22:06,52.2387968,09
503,523,20.9401588,5212,2021-06-28 17:22:08,52.2393709,015
504,Z10,20.9147663,5213,2021-06-28 17:22:08,52.2310964,1
505,184,20.9488506,5214,2021-06-28 17:22:10,52.2317817,1
506,523,20.9475681,5215,2021-06-28 17:22:09,52.2388678,7
507,131,21.068841,5216,2021-06-28 17:22:11,52.181579,8
508,189,20.9220571,5217,2021-06-28 16:49:01,52.1957361,11
509,122,20.9073455,5218,2021-06-28 17:22:07,52.2549079,011
510,401,21.0195409,5219,2021-06-28 17:22:04,52.1734084,6
511,124,20.94338,5222,2021-06-28 17:22:06,52.175143,1
512,190,20.8976668,5223,2021-06-28 17:22:04,52.2275163,7
513,517,20.913576,5224,2021-06-28 17:22:01,52.199269,4
514,523,20.921728,5225,2021-06-28 17:22:12,52.2402253,6
515,401,20.8797586,5226,2021-06-28 17:22:09,52.1975303,4
516,189,20.9330795,5227,2021-06-28 17:22:12,52.1949677,024
517,124,20.9650514,5228,2021-06-28 17:22:10,52.1517202,2
518,131,21.0567226,5229,2021-06-28 17:22:12,52.1929532,5
519,523,20.898361,5230,2021-06-28 17:22:12,52.2588672,016
520,189,20.8988508,5232,2021-06-28 17:22:08,52.2386862,7
521,148,21.04482,5233,2021-06-28 17:22:06,52.1495614,011
522,105,20.897521,5234,2021-06-28 17:21:59,52.222073,011
523,105,20.8984314,5235,2021-06-28 17:22:12,52.2393776,3
524,517,20.9197969,5236,2021-06-28 17:22:07,52.198232,1
525,171,20.9119587,5237,2021-06-28 17:22:00,52.2441907,6
526,401,21.0265437,5238,2021-06-28 17:22:10,52.1704966,7
527,182,20.964896,5239,2021-06-28 17:22:01,52.218004,9
528,184,20.9274019,5240,2021-06-28 17:22:05,52.2909921,3
529,187,20.9127179,5241,2021-06-28 17:22:10,52.198203,8
530,190,21.0399052,5243,2021-06-28 17:22:06,52.2570403,011
531,189,20.8988615,5244,2021-06-28 17:22:11,52.2387232,018
532,105,20.968869,5245,2021-06-28 17:22:00,52.228551,6
533,148,21.0550248,5246,2021-06-28 17:22:08,52.1562468,012
534,716,20.9296672,5247,2021-06-28 17:22:12,52.223941,1
535,141,20.9529435,5248,2021-06-28 17:22:03,52.1847947,7
536,317,21.0736194,5249,2021-06-28 17:22:12,52.1686139,2
537,188,20.9781132,5250,2021-06-28 17:22:10,52.1694227,3
538,187,21.0487706,5251,2021-06-28 17:22:06,52.2051791,1
539,189,21.0062548,5253,2021-06-28 17:22:08,52.1780632,020
540,401,20.8997293,5254,2021-06-28 17:22:07,52.194886,010
541,190,20.9149802,5255,2021-06-28 17:22:03,52.2340599,016
542,148,21.0954142,5256,2021-06-28 17:22:07,52.2302428,1
543,716,20.828863,5257,2021-06-28 17:22:11,52.192943,2
544,188,20.9789803,5258,2021-06-28 17:22:11,52.1848453,4
545,105,20.897091,5260,2021-06-28 17:22:07,52.224341,08
546,723,20.9499564,5401,2021-06-28 17:22:13,52.3459026,3
547,185,21.0561442,5403,2021-06-28 17:22:13,52.1934614,3
548,145,21.134821,5404,2021-06-28 17:22:12,52.241501,4
549,269,21.048038,5405,2021-06-28 17:22:13,52.286652,05
550,509,20.9418734,5406,2021-06-28 17:22:09,52.3239309,13
551,120,21.0392892,5407,2021-06-28 17:22:13,52.2565507,2
552,527,21.060556,5408,2021-06-28 17:22:12,52.313446,054
553,E-9,21.067377,5409,2021-06-28 17:22:10,52.316849,01
554,731,20.928642,5410,2021-06-28 17:22:13,52.388134,1
555,723,21.000805,5412,2021-06-28 17:22:13,52.291348,4
556,705,21.0289342,5413,2021-06-28 17:22:12,52.3742967,66
557,511,20.9622467,5414,2021-06-28 17:22:13,52.3341175,1
558,723,20.9509677,5416,2021-06-28 17:22:13,52.344105,1
559,E-9,20.965296,5417,2021-06-28 17:22:12,52.271618,02
560,511,20.942249,5418,2021-06-28 17:22:12,52.348557,2
561,120,21.0512954,5419,2021-06-28 17:22:10,52.2525472,3
562,160,21.0589557,5420,2021-06-28 17:22:12,52.2667216,5
563,511,20.968538,5421,2021-06-28 17:22:12,52.326839,3
564,160,21.058764,5423,2021-06-28 17:22:12,52.301319,012
565,511,20.932863,5424,2021-06-28 17:22:11,52.29509,06
566,116,21.073483,5425,2021-06-28 17:22:12,52.168488,14
567,116,21.031401,5426,2021-06-28 17:22:11,52.206413,11
568,527,21.068388,5428,2021-06-28 17:22:12,52.323624,1
569,731,20.925528,5429,2021-06-28 17:22:12,52.4216399,2
570,145,21.081671,5430,2021-06-28 17:22:11,52.286728,11
571,160,21.0029259,5432,2021-06-28 17:22:13,52.2295862,7
572,414,20.976219,5434,2021-06-28 17:22:13,52.210606,08
573,527,21.0479409,5436,2021-06-28 17:22:12,52.2860164,3
574,705,21.0607956,5437,2021-06-28 17:22:11,52.4489007,1
575,731,20.9805619,5438,2021-06-28 17:22:12,52.3103972,4
576,738,21.0696746,5439,2021-06-28 17:22:12,52.2798951,2
577,735,20.98592,5441,2021-06-28 17:22:13,52.306328,64
578,160,21.058588,5443,2021-06-28 17:22:12,52.266735,2
579,E-9,21.0243172,5444,2021-06-28 17:22:12,52.2975954,04
580,705,21.048461,5445,2021-06-28 03:52:31,52.264575,65
581,735,21.011793,5446,2021-06-28 17:22:13,52.453911,62
582,114,21.0350047,5447,2021-06-28 17:22:12,52.28857,08
583,705,21.028661,5448,2021-06-28 17:22:12,52.3675839,63
584,160,21.056046,5449,2021-06-28 17:22:09,52.297741,3
585,511,20.931683,5453,2021-06-28 17:22:13,52.294163,4
586,160,21.00976,5454,2021-06-28 17:22:12,52.246387,09
587,169,21.0518604,5455,2021-06-28 17:22:12,52.2529016,4
588,269,21.0416742,5457,2021-06-28 17:22:13,52.3004582,04
589,180,20.9418701,5459,2021-06-28 17:22:13,52.2694682,016
590,735,20.9896417,5460,2021-06-28 17:22:13,52.3029774,65
591,175,20.978062,5870,2021-06-28 17:22:13,52.16954,53
592,128,20.988013,5871,2021-06-28 17:22:13,52.2098552,59
593,503,21.049711,5873,2021-06-28 17:22:11,52.154682,1
594,128,21.021162,5874,2021-06-28 17:22:09,52.23177,58
595,138,21.0488,5875,2021-06-28 17:22:12,52.225395,011
596,331,20.984844,5876,2021-06-28 17:22:08,52.167278,01
597,180,21.0487099,5877,2021-06-28 17:22:13,52.2066201,017
598,709,21.026791,5878,2021-06-28 17:22:12,52.076038,013
599,128,21.003878,5880,2021-06-28 17:22:11,52.227985,070
600,175,21.017786,5882,2021-06-28 17:22:13,52.237286,56
601,180,21.06428,5883,2021-06-28 17:22:10,52.186573,10
602,503,21.007652,5885,2021-06-28 17:22:13,52.210758,5
603,180,21.068672,5886,2021-06-28 17:22:13,52.182186,13
604,128,21.010969,5887,2021-06-28 17:22:12,52.244831,074
605,175,21.012842,5888,2021-06-28 17:22:11,52.24316,069
606,180,21.004025,5889,2021-06-28 17:22:09,52.250149,8
607,128,20.989025,5890,2021-06-28 17:22:11,52.224365,62
608,180,20.978514,5891,2021-06-28 17:22:07,52.253517,7
609,504,21.025967,5892,2021-06-28 17:22:11,52.151192,010
610,503,21.050993,5893,2021-06-28 17:22:11,52.14603,3
611,175,20.984854,5894,2021-06-28 17:22:11,52.200691,066
612,503,21.041842,5895,2021-06-28 17:22:10,52.171013,12
613,503,21.049982,5897,2021-06-28 17:22:10,52.144611,2
614,128,20.963699,5898,2021-06-28 17:22:10,52.207706,071
615,175,20.990036,5899,2021-06-28 17:22:10,52.223793,51
616,158,21.016922,5900,2021-06-28 17:22:11,52.230843,5
617,175,20.979124,5902,2021-06-28 17:22:12,52.169739,52
618,158,20.975372,5903,2021-06-28 17:22:08,52.221245,8
619,503,21.002543,5905,2021-06-28 17:22:13,52.254833,8
620,128,21.012903,5906,2021-06-28 17:22:13,52.243172,63
621,503,21.002304,5907,2021-06-28 17:22:10,52.254757,7
622,175,20.985769,5908,2021-06-28 17:22:06,52.204739,068
623,175,20.97821,5909,2021-06-28 17:22:10,52.169403,067
624,128,21.020132,5910,2021-06-28 17:22:09,52.232231,073
625,111,21.017279,5911,2021-06-28 17:22:09,52.239155,4
626,116,21.056118,5913,2021-06-28 17:22:13,52.181683,12
627,175,20.978275,5915,2021-06-28 17:22:11,52.182659,54
628,128,20.963417,5918,2021-06-28 17:22:11,52.20779,60
629,158,21.112747,5920,2021-06-28 17:22:09,52.236279,1
630,116,21.047079,5921,2021-06-28 17:22:11,52.189877,15
631,175,21.1163987,5923,2021-06-28 10:17:16,52.2339737,072
632,116,21.016636,5924,2021-06-28 17:22:11,52.240108,17
633,116,20.934036,5926,2021-06-28 17:22:08,52.278522,3
634,158,20.949287,5927,2021-06-28 17:22:12,52.21162,7
635,116,20.924929,5928,2021-06-28 17:22:10,52.272339,5
636,175,21.012859,5929,2021-06-28 17:22:10,52.243023,57
637,158,21.018066,5930,2021-06-28 17:22:12,52.231369,9
638,158,21.117659,5931,2021-06-28 17:22:14,52.233776, 
639,116,20.923393,5932,2021-06-28 17:22:11,52.280602,6
640,111,21.1012271,5933,2021-06-28 17:22:13,52.2229894,2
641,158,21.083307,5934,2021-06-28 17:22:12,52.239758,4
642,503,21.034363,5935,2021-06-28 17:22:12,52.203056,11
643,503,21.024767,5936,2021-06-28 17:22:08,52.221478,10
644,111,21.076889,5937,2021-06-28 17:22:13,52.226055,10
645,158,21.077383,5939,2021-06-28 17:22:09,52.235497,2
646,128,20.972172,5942,2021-06-28 17:22:09,52.205727,072
647,111,20.9792,5943,2021-06-28 17:22:13,52.2443,7
648,111,21.117779,5944,2021-06-28 17:22:10,52.232967,013
649,158,20.969095,5945,2021-06-28 17:22:10,52.218922,6
650,111,21.012955,5946,2021-06-28 17:22:13,52.242756,8
651,111,20.9979,5947,2021-06-28 17:22:10,52.249203,5
652,503,21.004845,5948,2021-06-28 17:22:12,52.249592,013
653,503,21.04435,5950,2021-06-28 17:22:10,52.178738,4
654,180,21.00762,5951,2021-06-28 17:22:13,52.248058,2
655,518,21.023596,5952,2021-06-28 17:22:13,52.228291,7
656,160,21.044401,5954,2021-06-28 17:22:08,52.278461,010
657,160,21.04303,5956,2021-06-28 17:22:13,52.276127,013
658,111,21.050615,5958,2021-06-28 17:22:09,52.237743,011
659,160,21.002876,5959,2021-06-28 17:22:13,52.229237,08
660,111,21.06719,5960,2021-06-28 17:22:11,52.225994,3
661,190,21.047041,5961,2021-06-28 17:22:09,52.259922,024
662,116,21.084156,5962,2021-06-28 17:22:06,52.167877,13
663,111,21.102491,5963,2021-06-28 17:22:12,52.222088,1
664,518,20.937746,5964,2021-06-28 17:22:10,52.324665,3
665,518,20.99769,5965,2021-06-28 17:22:09,52.253918,08
666,518,20.998116,5966,2021-06-28 17:22:12,52.294819,2
667,160,21.061764,5967,2021-06-28 17:22:09,52.325138,011
668,180,21.083921,5970,2021-06-28 17:22:13,52.167706,11
669,518,21.015884,5972,2021-06-28 17:22:12,52.24131,1
670,E-9,20.968054,5973,2021-06-28 17:22:11,52.272015,03
671,518,20.942102,5975,2021-06-28 17:22:11,52.334564,4
672,180,20.924974,5976,2021-06-28 17:22:12,52.272438,6
673,503,21.013149,5978,2021-06-28 17:22:09,52.24612,9
674,503,21.020258,5979,2021-06-28 17:22:13,52.232124,6
675,111,20.979441,5980,2021-06-28 17:22:10,52.244404,6
676,705,21.052446,5981,2021-06-28 17:22:13,52.441704,07
677,111,21.055729,5982,2021-06-28 17:22:08,52.238556,9
678,175,21.019979,5983,2021-06-28 17:22:09,52.231575,65
679,180,20.947241,5984,2021-06-28 17:22:11,52.267796,4
680,180,21.058525,5985,2021-06-28 17:22:13,52.1912,14
681,180,21.08386,5986,2021-06-28 17:21:52,52.16808,12
682,180,21.018602,5987,2021-06-28 17:22:12,52.235035,9
683,180,21.046309,5988,2021-06-28 17:22:09,52.206764,1
684,116,20.999384,5989,2021-06-28 17:22:12,52.253708,1
685,705,20.968996,5990,2021-06-28 17:22:10,52.269787,08
686,116,20.98629,5991,2021-06-28 17:22:09,52.268375,2
687,518,20.989868,5994,2021-06-28 17:22:12,52.303169,6
688,116,20.957695,5995,2021-06-28 17:22:13,52.275909,7
689,116,21.020077,5996,2021-06-28 17:22:13,52.232395,16
690,116,21.024286,5997,2021-06-28 17:22:11,52.22337,10
691,518,20.938469,5998,2021-06-28 17:22:10,52.323711,5
692,116,21.008938,5999,2021-06-28 17:22:08,52.247524,8
693,184,20.9640007,6200,2021-06-28 17:22:11,52.2080754,7
694,112,20.8927107,6201,2021-06-28 17:22:11,52.2166284,11
695,187,20.961233,6203,2021-06-28 17:22:10,52.216709,9
696,167,20.951015,6204,2021-06-28 17:22:12,52.228943,013
697,728,20.866201,6207,2021-06-28 17:22:14,52.051723,02
698,Z10,20.915762,6208,2021-06-28 17:22:12,52.228043,7
699,703,20.9436905,6209,2021-06-28 17:22:14,52.1757981,91
700,414,21.034287,6210,2021-06-28 17:22:13,52.288631,04
701,713,20.741253,6212,2021-06-28 17:22:13,52.2118,3
702,414,20.990974,6213,2021-06-28 17:22:10,52.285545,03
703,184,20.9250259,6214,2021-06-28 17:22:12,52.2474416,5
704,191,20.882055,6215,2021-06-28 17:22:12,52.189159,6
705,105,20.910383,6216,2021-06-28 17:22:13,52.218609,7
706,167,20.9396709,6217,2021-06-28 17:22:12,52.2355259,1
707,105,20.9848104,6218,2021-06-28 17:22:11,52.2302772,010
708,136,20.962015,6220,2021-06-28 17:22:12,52.216236,4
709,189,21.018852,6221,2021-06-28 17:22:12,52.173595,13
710,187,20.8621906,6222,2021-06-28 17:22:13,52.191083,5
711,105,20.919445,6223,2021-06-28 17:22:13,52.220978,4
712,517,20.9939671,6224,2021-06-28 17:22:12,52.2259096,6
713,717,20.8834991,6225,2021-06-28 17:22:13,52.1806452,2
714,716,20.9151822,6226,2021-06-28 17:22:11,52.2075576,3
715,188,21.0139834,6227,2021-06-28 17:22:12,52.2169982,1
716,190,21.070587,6228,2021-06-28 17:22:10,52.280876,3
717,187,20.882483,6229,2021-06-28 17:22:12,52.197994,6
718,706,20.917992,6231,2021-06-28 17:22:12,52.133507,03
719,190,20.914373,6232,2021-06-28 17:22:09,52.239204,9
720,191,20.912445,6233,2021-06-28 17:22:12,52.1978842,4
721,414,20.974639,6234,2021-06-28 17:22:14,52.2091017,02
722,112,20.882914,6236,2021-06-28 17:22:11,52.214813,10
723,114,20.9381435,6237,2021-06-28 17:22:13,52.2750502,4
724,728,20.927595,6239,2021-06-28 17:22:14,52.160839,1
725,414,20.9639167,6240,2021-06-28 17:22:13,52.2079524,01
726,517,21.006977,6241,2021-06-28 17:22:12,52.234928,5
727,182,21.020189,6242,2021-06-28 17:22:13,52.2180571,7
728,706,20.935503,6243,2021-06-28 17:22:13,52.168552,2
729,L29,20.528854,65471,2021-06-28 17:22:11,52.258808,1
730,L-7,20.888739,66523,2021-06-28 17:22:14,52.335442,2
731,L-6,20.716395,66524,2021-06-28 17:22:11,52.249453,02
732,L-6,20.898113,66525,2021-06-28 17:22:12,52.258053,1
733,190,20.9538914,7200,2021-06-28 17:22:13,52.2383122,10
734,189,20.896664,7201,2021-06-28 17:22:12,52.231106,6
735,112,20.8975377,7202,2021-06-28 17:22:12,52.2219177,019
736,141,21.0258417,7203,2021-06-28 17:22:12,52.1997307,4
737,317,21.0766301,7204,2021-06-28 17:22:13,52.1677419,07
738,131,21.0689277,7205,2021-06-28 17:22:13,52.1813867,011
739,523,21.0839244,7206,2021-06-28 17:22:11,52.2462295,10
740,189,20.9156,7207,2021-06-28 17:22:13,52.228481,019
741,414,20.960545,7208,2021-06-28 17:22:13,52.268314,06
742,721,20.8671569,7212,2021-06-28 17:22:13,52.0579854,02
743,112,21.051979,7213,2021-06-28 17:22:13,52.292366,5
744,191,20.9680892,7214,2021-06-28 17:22:11,52.2142254,2
745,112,20.914716,7215,2021-06-28 17:22:14,52.2349146,8
746,713,20.930048,7216,2021-06-28 17:22:13,52.224857,2
747,189,21.068951,7219,2021-06-28 17:22:13,52.1812604,022
748,517,20.9164435,7220,2021-06-28 17:22:10,52.1992287,09
749,187,21.0482399,7222,2021-06-28 17:22:11,52.1781759,12
750,122,20.897051,7223,2021-06-28 17:22:14,52.242744,2
751,721,20.911005,7225,2021-06-28 17:22:13,52.14632,1
752,706,20.942722,7226,2021-06-28 17:22:10,52.176132,1
753,114,21.04092,7227,2021-06-28 17:22:13,52.288887,3
754,114,20.9876162,7228,2021-06-28 17:22:13,52.2826924,1
755,112,21.0332156,7229,2021-06-28 17:22:11,52.2973715,014
756,517,20.9899,7230,2021-06-28 17:22:13,52.2252724,08
757,713,20.858868,7231,2021-06-28 17:22:14,52.215801,04
758,717,20.964851,7232,2021-06-28 17:22:12,52.218243,1
759,189,20.9867674,7233,2021-06-28 17:22:12,52.1812622,3
760,713,20.8525592,7234,2021-06-28 17:22:10,52.2155509,1
761,187,21.047247,7235,2021-06-28 17:22:08,52.212429,10
762,184,20.957556,7237,2021-06-28 17:22:13,52.227272,6
763,141,20.9839721,7238,2021-06-28 17:22:12,52.1980004,5
764,189,21.0444176,7239,2021-06-28 17:22:12,52.1749112,16
765,184,20.95929,7240,2021-06-28 17:22:13,52.221115,8
766,317,20.944099,7241,2021-06-28 17:22:13,52.175701,5
767,141,21.1014024,7242,2021-06-28 17:22:13,52.241023,1
768,523,21.0187,7243,2021-06-28 17:22:13,52.217545,9
769,401,20.862085,7244,2021-06-28 17:22:09,52.190338,3
770,187,20.900692,7245,2021-06-28 17:22:13,52.199459,7
771,190,20.898849,7247,2021-06-28 17:22:13,52.238892,017
772,188,21.0841575,7248,2021-06-28 17:22:12,52.2475607,5
773,171,21.01104,7249,2021-06-28 17:22:13,52.231464,3
774,317,21.0256962,7250,2021-06-28 17:22:13,52.1733939,3
775,105,20.898787,7251,2021-06-28 17:21:53,52.238861,2
776,167,20.9812477,7252,2021-06-28 17:22:10,52.2162852,4
777,122,20.899893,7254,2021-06-28 17:22:12,52.258003,1
778,191,20.9154,7256,2021-06-28 17:22:12,52.204224,8
779,190,21.0850619,7257,2021-06-28 17:22:13,52.3046494,012
780,187,21.0622894,7258,2021-06-28 17:22:12,52.1883999,11
781,189,21.0689124,7259,2021-06-28 17:22:12,52.1813306,15
782,125,21.1282067,7301,2021-06-28 17:22:12,52.2336832,08
783,507,21.102459,7303,2021-06-28 17:22:12,52.221939,5
784,188,21.0158416,7304,2021-06-28 17:22:12,52.2173924,07
785,138,21.0456054,7305,2021-06-28 17:22:14,52.2546516,4
786,151,21.0424172,7306,2021-06-28 17:22:13,52.2241199,04
787,509,21.081619,7307,2021-06-28 17:22:13,52.226078,7
788,138,20.9963685,7308,2021-06-28 17:22:13,52.1698234,1
789,188,20.986315,7310,2021-06-28 17:22:13,52.204746,2
790,182,21.1129277,7312,2021-06-28 17:22:12,52.236025,5
791,E-1,21.0680065,7314,2021-06-28 17:22:14,52.2301526,01
792,143,21.037626,7315,2021-06-28 17:22:13,52.222363,7
793,188,20.9735554,7316,2021-06-28 17:22:14,52.1706507,08
794,402,21.1465227,7317,2021-06-28 17:22:11,52.2380622,3
795,182,21.09992,7318,2021-06-28 17:22:13,52.238262,4
796,182,21.0616627,7319,2021-06-28 17:22:13,52.2284052,3
797,411,21.1024531,7320,2021-06-28 17:22:14,52.2221257,01
798,182,21.0784757,7322,2021-06-28 17:22:10,52.2347906,8
799,E-1,21.102432,7323,2021-06-28 17:22:11,52.222019,02
800,138,21.010792,7325,2021-06-28 17:22:13,52.203468,3
801,141,20.9441459,7326,2021-06-28 17:22:13,52.1754862,6
802,E-1,21.078796,7327,2021-06-28 17:22:12,52.226112,03
803,182,20.9651811,7328,2021-06-28 17:22:11,52.2181314,1
804,523,20.9618292,7329,2021-06-28 17:22:14,52.2169297,017
805,171,21.011303,7330,2021-06-28 17:22:13,52.230251,5
806,162,21.0484419,7331,2021-06-28 17:22:12,52.202465,013
807,141,20.98451,7333,2021-06-28 17:22:12,52.198479,8
808,116,20.998079,7334,2021-06-28 17:22:12,52.253899,69
809,110,20.877415,742,2021-06-28 17:22:09,52.287083,1
810,750,20.836105,744,2021-06-28 17:22:14,52.368393,05
811,750,20.910721,745,2021-06-28 17:22:11,52.323406,07
812,250,20.929886,746,2021-06-28 17:22:12,52.290508,1
813,850,20.738735,749,2021-06-28 17:22:12,52.387646,2
814,150,20.856895,750,2021-06-28 17:22:12,52.350735,1
815,750,20.843145,755,2021-06-28 17:22:10,52.366241,2
816,110,20.906841,757,2021-06-28 17:22:07,52.283745,3
817,150,20.933455,758,2021-06-28 17:22:15,52.305466,2
818,750,20.893213,761,2021-06-28 17:22:12,52.338902,4
819,750,20.929752,762,2021-06-28 17:22:10,52.290638,1
820,850,20.901859,763,2021-06-28 17:22:09,52.328362,1
821,151,21.0155382,7701,2021-06-28 17:22:14,52.2202172,1
822,411,21.0626383,7702,2021-06-28 17:22:10,52.230778,04
823,402,20.9897782,7703,2021-06-28 17:22:13,52.1810314,7
824,151,21.104955,7704,2021-06-28 17:22:13,52.2301898,05
825,150,20.9283185,772,2021-06-28 17:22:13,52.308576667,04
826,150,20.889218333,773,2021-06-28 17:22:12,52.340159667,05
827,150,20.847292,774,2021-06-28 17:22:10,52.341629,3
828,250,20.882984,775,2021-06-28 17:22:14,52.302849,3
829,250,20.868528,776,2021-06-28 17:22:14,52.332863,2
830,750,20.715006,777,2021-06-28 17:22:14,52.392143,3
831,167,21.0472685,8100,2021-06-28 17:22:12,52.211213,6
832,143,21.0067748,8103,2021-06-28 17:22:05,52.2171713,011
833,167,21.0483718,8108,2021-06-28 17:22:08,52.2072226,8
834,217,21.0429333,8109,2021-06-28 17:22:05,52.1753955,2
835,174,20.99535,8110,2021-06-28 17:22:07,52.1701888,010
836,136,20.9928131,8112,2021-06-28 17:22:11,52.188614,014
837,709,21.017914,8115,2021-06-28 17:22:08,52.1531041,8
838,174,21.008541,8119,2021-06-28 17:21:59,52.171134,6
839,136,21.0214641,8120,2021-06-28 17:22:10,52.155961,7
840,143,21.178119,8121,2021-06-28 17:22:05,52.262005,09
841,504,21.0022328,8123,2021-06-28 17:22:05,52.176683,3
842,165,21.0024126,8124,2021-06-28 17:22:09,52.158205,4
843,727,21.0187381,8125,2021-06-28 17:22:09,52.0955475,3
844,709,21.0174045,8126,2021-06-28 17:22:09,52.1549846,014
845,402,20.9995375,8130,2021-06-28 17:22:06,52.1787145,5
846,136,20.9714366,8131,2021-06-28 17:22:08,52.21286,012
847,148,20.978122,8133,2021-06-28 17:22:13,52.1694141,5
848,402,21.103128,8134,2021-06-28 17:21:53,52.221496,9
849,167,20.9810136,8135,2021-06-28 17:22:07,52.2160093,9
850,162,21.0357088,8136,2021-06-28 17:21:59,52.2224605,08
851,162,21.0429908,8137,2021-06-28 17:22:05,52.2163141,011
852,162,21.0848843,8138,2021-06-28 17:22:10,52.1932356,7
853,136,20.9659985,8139,2021-06-28 17:22:07,52.243121,016
854,168,21.062021,8140,2021-06-28 17:21:55,52.206786,4
855,504,21.0044918,8143,2021-06-28 17:22:06,52.2301041,011
856,504,20.9805571,8144,2021-06-28 17:22:05,52.1893531,4
857,709,21.0239933,8145,2021-06-28 17:22:03,52.1799478,011
858,727,20.898021,8146,2021-06-28 17:22:11,52.0564356,2
859,148,20.985549,8148,2021-06-28 17:21:58,52.166143,6
860,709,21.016891,8152,2021-06-28 17:22:07,52.0745388,1
861,217,21.045498,8153,2021-06-28 17:22:02,52.174741,1
862,136,21.0456668,8154,2021-06-28 17:22:09,52.1495773,8
863,131,21.0296843,8155,2021-06-28 17:22:08,52.2068163,9
864,709,21.0248615,8156,2021-06-28 17:22:08,52.1792761,6
865,308,21.0175028,8158,2021-06-28 17:22:10,52.1892715,01
866,136,20.986314,8160,2021-06-28 17:22:01,52.2048436,5
867,504,21.0688045,8162,2021-06-28 17:22:00,52.1288678,1
868,331,21.014549,8164,2021-06-28 17:22:08,52.1534935,05
869,331,21.0056451,8165,2021-06-28 17:22:08,52.1551478,03
870,709,21.0181953,8166,2021-06-28 17:22:04,52.1292683,9
871,148,21.0101191,8167,2021-06-28 17:22:03,52.1542465,4
872,218,21.0235085,8168,2021-06-28 17:22:03,52.1799253,3
873,504,20.9898048,8169,2021-06-28 17:22:04,52.2221376,5
874,131,21.0571548,8170,2021-06-28 17:22:08,52.1922461,1
875,167,21.0304686,8172,2021-06-28 17:22:07,52.2067388,010
876,143,21.124553,8173,2021-06-28 17:21:52,52.235303,010
877,218,20.993706,8174,2021-06-28 17:21:58,52.188755,1
878,727,21.024035,8175,2021-06-28 17:22:02,52.180014,4
879,709,21.0241983,8176,2021-06-28 17:22:11,52.0799448,3
880,143,21.178206,8177,2021-06-28 17:22:04,52.258561,5
881,138,21.0385735,8178,2021-06-28 17:22:10,52.2517895,7
882,709,21.0235773,8181,2021-06-28 17:22:08,52.1801133,7
883,136,20.9556163,8182,2021-06-28 17:22:08,52.23747,2
884,218,20.990311,8183,2021-06-28 17:22:06,52.185401,4
885,131,21.0793323,8184,2021-06-28 17:22:09,52.173751,6
886,143,21.0132355,8185,2021-06-28 17:22:08,52.2169316,8
887,217,21.0481958,8187,2021-06-28 17:22:05,52.1743303,4
888,185,21.049794,8188,2021-06-28 17:21:55,52.201949,9
889,504,20.9823845,8189,2021-06-28 17:22:12,52.193419,7
890,709,21.0178323,8190,2021-06-28 17:22:10,52.134534,5
891,131,21.004314,8192,2021-06-28 17:22:10,52.229695,4
892,504,21.043794,8195,2021-06-28 17:22:02,52.1441628,2
893,504,21.0667876,8196,2021-06-28 17:22:05,52.1303041,013
894,218,21.0181,8197,2021-06-28 17:22:05,52.1800825,2
895,331,20.9854885,8198,2021-06-28 17:22:09,52.1669178,02
896,174,21.018486,8199,2021-06-28 17:22:06,52.186608,4
897,402,21.046416,8201,2021-06-28 17:22:05,52.1882555,4
898,151,21.115749,8202,2021-06-28 10:44:07,52.233741,05
899,151,21.1175305,8204,2021-06-28 10:20:01,52.2338373,06
900,151,21.084306,8208,2021-06-28 17:22:00,52.236116,2
901,521,21.1428673,8214,2021-06-28 17:22:08,52.2275813,1
902,125,21.0757425,8216,2021-06-28 17:22:09,52.245938,2
903,182,21.1129666,8218,2021-06-28 17:21:57,52.2362585,013
904,509,20.942098,8220,2021-06-28 17:22:04,52.33447,023
905,182,21.0196076,8222,2021-06-28 17:22:09,52.218061,2
906,509,20.987553,8223,2021-06-28 17:21:56,52.304954,024
907,151,21.069691,8225,2021-06-28 17:21:59,52.230254,06
908,509,20.997658,8228,2021-06-28 17:22:00,52.295338,10
909,521,21.2049108,8229,2021-06-28 17:22:08,52.1593961,2
910,523,21.107583,8231,2021-06-28 17:21:53,52.24904,021
911,162,21.03736,8233,2021-06-28 17:22:09,52.2440041,014
912,145,21.088408,8300,2021-06-28 17:22:06,52.2447706,2
913,145,21.000315,8301,2021-06-28 17:22:09,52.2914,9
914,509,21.035136,8303,2021-06-28 17:22:10,52.254444,3
915,171,20.975576,8304,2021-06-28 17:22:03,52.237729,010
916,509,21.116975,8305,2021-06-28 09:25:27,52.233583,022
917,117,21.0336021,8306,2021-06-28 17:22:08,52.2343913,3
918,116,20.9247751,8309,2021-06-28 17:22:11,52.2723816,4
919,141,21.087198,8310,2021-06-28 17:22:05,52.245966,2
920,168,21.1127355,8311,2021-06-28 17:22:09,52.2364295,3
921,151,21.0265703,8312,2021-06-28 17:21:52,52.2195408,3
922,720,21.3530596,8313,2021-06-28 17:22:09,52.1496535,02
923,162,21.0351995,8314,2021-06-28 17:22:01,52.2518598,2
924,117,21.0051981,8315,2021-06-28 17:22:01,52.2294766,06
925,521,21.019973,8318,2021-06-28 17:21:56,52.231523,4
926,185,20.9820531,8319,2021-06-28 17:22:10,52.2740075,11
927,151,21.116836,8320,2021-06-28 09:58:49,52.233566,04
928,162,21.026255,8322,2021-06-28 17:21:57,52.2372293,5
929,509,21.0309683,8323,2021-06-28 17:21:51,52.2550458,9
930,148,21.0556363,8324,2021-06-28 17:22:04,52.1818936,7
931,143,21.006403,8326,2021-06-28 17:22:11,52.217131,1
932,145,21.1274643,8328,2021-06-28 17:22:09,52.255829,1
933,507,21.0311835,8329,2021-06-28 17:22:03,52.2338721,08
934,148,21.0512636,8330,2021-06-28 17:22:07,52.1964318,2
935,145,21.048495,8332,2021-06-28 17:22:06,52.2888136,7
936,523,21.0821933,8333,2021-06-28 17:22:10,52.240006,12
937,148,21.0455993,8334,2021-06-28 17:22:01,52.1773846,3
938,145,21.0315673,8335,2021-06-28 17:22:08,52.2884935,014
939,143,21.03714,8337,2021-06-28 17:22:01,52.222336,2
940,125,21.196504,8340,2021-06-28 17:21:55,52.2083,4
941,523,20.9125508,8341,2021-06-28 17:22:05,52.2412003,5
942,507,21.005335,8342,2021-06-28 17:22:13,52.2295933,1
943,171,21.043343,8343,2021-06-28 17:21:53,52.22288,09
944,502,21.101145,8344,2021-06-28 17:21:59,52.2345483,1
945,507,21.060625,8345,2021-06-28 17:22:01,52.232831,3
946,145,21.0879467,8348,2021-06-28 17:22:05,52.2447667,3
947,507,21.10181,8349,2021-06-28 17:21:53,52.222464,6
948,145,21.115188,8350,2021-06-28 17:21:59,52.277736,012
949,507,21.102398,8351,2021-06-28 17:22:09,52.221984,4
950,502,21.127436,8352,2021-06-28 17:21:56,52.232689,4
951,523,20.95666,8353,2021-06-28 17:22:08,52.2288433,2
952,502,21.2284933,8354,2021-06-28 17:22:02,52.2236383,011
953,523,20.967208,8356,2021-06-28 17:22:06,52.218448,8
954,514,21.22801,8358,2021-06-28 17:22:09,52.250326,3
955,523,20.912705,8359,2021-06-28 17:22:12,52.2400783,3
956,507,21.072205,8360,2021-06-28 17:22:09,52.225075,7
957,202,21.052835,8361,2021-06-28 17:22:09,52.250475,1
958,502,21.21749,8362,2021-06-28 17:22:10,52.214401,2
959,188,21.085771,8363,2021-06-28 17:21:55,52.245094,6
960,138,21.100791,8364,2021-06-28 17:22:09,52.260599,6
961,514,21.01566,8365,2021-06-28 17:22:02,52.21928,1
962,523,20.898199,8366,2021-06-28 17:22:05,52.258431,4
963,502,21.015415,8368,2021-06-28 17:22:02,52.218646,5
964,145,21.022256,8398,2021-06-28 17:22:07,52.286006,013
965,402,21.0462488,8403,2021-06-28 17:22:13,52.1899458,011
966,521,21.2072913,8408,2021-06-28 17:22:01,52.1650805,07
967,143,21.0839633,8410,2021-06-28 17:22:12,52.2430426,012
968,523,21.0089733,8414,2021-06-28 17:22:12,52.2172325,13
969,148,21.0874893,8417,2021-06-28 17:22:06,52.2450216,9
970,148,21.095088,8430,2021-06-28 17:22:01,52.230168,010
971,162,21.0359681,8437,2021-06-28 17:22:08,52.2444226,012
972,125,21.0412445,8438,2021-06-28 17:21:58,52.2414976,1
973,162,21.035498,8440,2021-06-28 17:21:59,52.255758,015
974,145,21.104187,8441,2021-06-28 17:22:11,52.285973,6
975,269,21.05368,8442,2021-06-28 17:22:13,52.273922,01
976,723,20.9160774,8443,2021-06-28 17:22:12,52.4002532,2
977,114,20.931219,8445,2021-06-28 17:22:08,52.293228,5
978,120,21.0453005,8446,2021-06-28 17:22:12,52.3608801,6
979,731,20.929197,8447,2021-06-28 17:22:09,52.376228,3
980,160,20.9991331,8448,2021-06-28 17:22:12,52.2317182,1
981,132,20.9687301,8449,2021-06-28 17:22:11,52.2719981,04
982,412,21.066034,8450,2021-06-28 17:22:11,52.31284,052
983,112,20.934698,8451,2021-06-28 17:22:12,52.272144,6
984,527,21.0612801,8452,2021-06-28 17:22:05,52.3101017,06
985,160,21.008919,8453,2021-06-28 17:22:13,52.246288,014
986,160,21.0684522,8454,2021-06-28 17:22:12,52.3233669,4
987,160,20.997417,8455,2021-06-28 17:22:12,52.235142,6
988,132,21.067081,8457,2021-06-28 17:22:12,52.324165,08
989,527,21.049873,8458,2021-06-28 17:22:11,52.269608,055
990,Z26,21.0255592,8459,2021-06-28 17:22:13,52.2508455,3
991,412,21.0735397,8460,2021-06-28 17:22:11,52.3243787,053
992,120,21.0578285,8461,2021-06-28 17:22:13,52.2657936,4
993,414,21.0376304,8462,2021-06-28 17:22:12,52.2883137,05
994,511,20.9426131,8463,2021-06-28 17:22:12,52.3486229,05
995,509,21.0243489,8465,2021-06-28 17:22:13,52.2604827,2
996,136,20.956008,8500,2021-06-28 17:22:10,52.236076,3
997,501,21.0148167,8501,2021-06-28 17:21:58,52.2242883,06
998,138,21.004128,8502,2021-06-28 17:22:04,52.20228,9
999,189,20.9025,8503,2021-06-28 17:22:03,52.2279617,5
1000,522,21.019903,8504,2021-06-28 17:22:07,52.211966,4
1001,401,20.8701167,8505,2021-06-28 17:22:06,52.198215,2
1002,131,21.0308583,8506,2021-06-28 17:22:10,52.2070117,7
1003,501,21.048533,8507,2021-06-28 17:22:08,52.177965,4
1004,138,21.002034,8508,2021-06-28 17:21:55,52.184811,2
1005,189,21.0403467,8509,2021-06-28 17:22:03,52.17107,1
1006,501,21.0450033,8510,2021-06-28 17:21:58,52.1918217,1
1007,189,21.008333,8511,2021-06-28 17:22:03,52.176341,027
1008,Z26,20.97778,8512,2021-06-28 17:21:54,52.2380167,4
1009,186,20.952516,8513,2021-06-28 17:21:57,52.254728,013
1010,733,20.942801,8514,2021-06-28 17:21:58,52.174466,01
1011,Z26,21.001819,8515,2021-06-28 17:22:08,52.244585,7
1012,522,21.017605,8516,2021-06-28 17:22:05,52.2129967,2
1013,141,21.0681233,8517,2021-06-28 17:22:07,52.2301583,10
1014,519,21.0499833,8519,2021-06-28 17:22:12,52.1875233,7
1015,519,21.03161,8520,2021-06-28 17:22:05,52.205919,1
1016,186,20.957335,8522,2021-06-28 17:22:06,52.2478767,10
1017,733,20.76766,8523,2021-06-28 17:21:58,52.0823933,62
1018,522,21.0360133,8525,2021-06-28 17:22:05,52.2009,011
1019,172,20.956593,8526,2021-06-28 17:22:09,52.211703,63
1020,172,21.047576,8528,2021-06-28 17:22:00,52.189734,5
1021,308,21.020421,8530,2021-06-28 17:22:00,52.189628,02
1022,172,20.9788183,8532,2021-06-28 17:21:58,52.2002517,1
1023,Z26,21.0370883,8533,2021-06-28 17:22:08,52.2568533,2
1024,138,21.09937,8534,2021-06-28 17:21:55,52.26028,5
1025,522,21.055196,8535,2021-06-28 17:21:59,52.182376,1
1026,172,21.069156,8536,2021-06-28 17:22:08,52.181421,6
1027,522,21.067698,8537,2021-06-28 17:21:58,52.170418,5
1028,709,21.01847,8539,2021-06-28 17:22:12,52.108026,4
1029,172,21.033688,8540,2021-06-28 17:22:08,52.201489,8
1030,185,21.021674,8541,2021-06-28 17:22:01,52.142688,6
1031,172,21.0222683,8543,2021-06-28 17:22:02,52.1970733,9
1032,519,21.0916733,8544,2021-06-28 17:22:12,52.150745,4
1033,522,21.016421,8546,2021-06-28 17:22:03,52.222378,012
1034,522,21.0801067,8547,2021-06-28 17:22:13,52.1576333,6
1035,402,21.001351,8548,2021-06-28 17:21:58,52.178306,010
1036,186,20.960918,8549,2021-06-28 17:22:01,52.21676,015
1037,186,20.943245,8550,2021-06-28 17:22:04,52.3229717,016
1038,709,21.019169,8551,2021-06-28 17:22:09,52.08885,10
1039,136,21.031434,8552,2021-06-28 17:22:04,52.14985,10
1040,Z26,20.9743017,8555,2021-06-28 17:22:12,52.2355083,5
1041,519,21.0045533,8556,2021-06-28 17:21:59,52.229575,6
1042,Z26,20.994598,8558,2021-06-28 17:22:08,52.242223,08
1043,217,21.07291,8559,2021-06-28 17:22:12,52.1595667,06
1044,519,21.0165483,8560,2021-06-28 17:21:55,52.2224767,2
1045,411,21.0918933,8561,2021-06-28 17:22:05,52.2250283,02
1046,521,21.2012767,8562,2021-06-28 17:21:58,52.1712733,09
1047,402,21.143658,8563,2021-06-28 17:22:08,52.237523,2
1048,521,21.0946433,8564,2021-06-28 17:22:05,52.24385,08
1049,502,21.032325,8565,2021-06-28 17:22:08,52.2210317,014
1050,502,21.0203183,8566,2021-06-28 17:22:10,52.2182383,6
1051,402,21.102708,8567,2021-06-28 17:22:08,52.220731,014
1052,509,21.10159,8568,2021-06-28 17:21:58,52.2235767,021
1053,171,20.959966,8569,2021-06-28 17:22:04,52.237641,2
1054,411,21.015485,8571,2021-06-28 17:22:05,52.2207883,03
1055,E-1,21.044631,8572,2021-06-28 17:22:08,52.246663,04
1056,202,21.09834,8573,2021-06-28 17:22:08,52.24798,2
1057,411,21.115896,8574,2021-06-28 10:20:57,52.233514,01
1058,720,21.222153,8576,2021-06-28 17:22:12,52.223828,1
1059,162,21.032235,8578,2021-06-28 17:22:12,52.2574433,4
1060,125,21.1353,8579,2021-06-28 17:22:09,52.2305267,09
1061,731,20.9746983,8583,2021-06-28 17:22:09,52.3167983,5
1062,269,21.043453,8584,2021-06-28 17:21:57,52.275979,02
1063,269,21.042653,8585,2021-06-28 17:22:12,52.299154,03
1064,514,21.1386067,8586,2021-06-28 17:22:12,52.2440817,2
1065,523,21.115558,8587,2021-06-28 08:55:25,52.233753,3
1066,145,21.08376,8588,2021-06-28 17:22:06,52.245218,016
1067,514,21.085925,8589,2021-06-28 17:22:00,52.2361217,4
1068,502,21.2431267,8590,2021-06-28 17:22:08,52.2229167,3
1069,507,21.017453,8592,2021-06-28 17:22:12,52.230955,2
1070,145,21.050246,8593,2021-06-28 17:22:12,52.290883,10
1071,138,21.01631,8595,2021-06-28 17:22:14,52.2171283,8
1072,186,20.9582396,8801,2021-06-28 17:22:04,52.2449465,11
1073,185,20.9961193,8802,2021-06-28 17:22:08,52.2724876,1
1074,727,21.0283605,8803,2021-06-28 17:22:08,52.0739981,1
1075,217,21.0241783,8804,2021-06-28 17:22:04,52.1796911,3
1076,185,21.038661,8805,2021-06-28 17:22:11,52.168795,4
1077,402,21.0441038,8806,2021-06-28 17:22:00,52.176063,8
1078,131,21.0122656,8808,2021-06-28 17:22:12,52.2295725,3
1079,709,21.023463,8809,2021-06-28 17:22:08,52.0750948,2
1080,174,21.0199156,8810,2021-06-28 17:22:10,52.183424,1
1081,165,21.0025815,8811,2021-06-28 17:22:09,52.1776891,3
1082,167,21.006609,8812,2021-06-28 17:22:10,52.211135,011
1083,402,21.14771,8813,2021-06-28 17:22:06,52.238235,1
1084,167,20.9255806,8814,2021-06-28 17:22:12,52.2341965,2
1085,167,20.962498,8816,2021-06-28 17:22:04,52.216013,3
1086,308,20.988946,8817,2021-06-28 17:21:56,52.183158,03
1087,504,21.042771,8818,2021-06-28 17:22:12,52.147373,9
1088,331,21.024146,8819,2021-06-28 17:22:10,52.179905,04
1089,522,21.0720476,8820,2021-06-28 17:22:08,52.1606765,014
1090,174,21.004202,8821,2021-06-28 17:22:11,52.2242106,08
1091,174,21.011568,8822,2021-06-28 17:22:11,52.1726713,5
1092,522,21.0693541,8823,2021-06-28 17:22:07,52.1654421,015
1093,709,21.0190095,8825,2021-06-28 17:21:59,52.0958523,012
1094,504,21.0061726,8826,2021-06-28 17:22:04,52.1713185,8
1095,143,21.1422721,8828,2021-06-28 17:21:49,52.2592033,4
1096,509,21.057006,8829,2021-06-28 17:22:11,52.2374116,4
1097,523,21.1067671,8830,2021-06-28 17:22:11,52.2477856,11
1098,125,21.191165,8831,2021-06-28 17:22:11,52.2073416,5
1099,171,20.9180531,8832,2021-06-28 17:22:10,52.2621485,7
1100,141,21.035701,8833,2021-06-28 17:22:08,52.2019391,9
1101,704,21.3016134,8834,2021-06-28 17:22:08,52.2188391,2
1102,521,20.9642076,8835,2021-06-28 17:22:08,52.2076491,5
1103,182,21.1002351,8837,2021-06-28 17:22:13,52.2381973,6
1104,182,20.975096,8838,2021-06-28 17:22:08,52.218298,010
1105,704,21.115843,8839,2021-06-28 17:22:08,52.239164,1
1106,185,21.0379078,8840,2021-06-28 17:22:08,52.1451426,5
1107,125,21.0867965,8841,2021-06-28 17:22:01,52.2451238,6
1108,521,21.1506958,8843,2021-06-28 17:22:10,52.2215313,3
1109,185,21.032788,8844,2021-06-28 17:20:14,52.23937,2
1110,402,21.0387713,8845,2021-06-28 17:22:09,52.1726663,013
1111,143,21.098904,8846,2021-06-28 17:22:09,52.2431701,3
1112,143,21.136445,8847,2021-06-28 17:22:07,52.2421406,6
1113,125,21.1699831,8849,2021-06-28 17:22:09,52.2105203,3
1114,521,20.990701,8850,2021-06-28 17:21:58,52.225186,6
1115,523,21.058224,8851,2021-06-28 17:22:08,52.2274368,019
1116,141,21.0490228,8852,2021-06-28 17:22:08,52.2061976,3
1117,125,21.0437548,8853,2021-06-28 17:22:11,52.2484465,7
1118,509,21.0630093,8854,2021-06-28 17:22:08,52.228773,8
1119,402,20.9935475,8855,2021-06-28 17:22:08,52.1790383,6
1120,512,21.0496651,8856,2021-06-28 17:22:10,52.2860566,1
1121,509,20.9421531,8857,2021-06-28 17:22:11,52.334216,12
1122,169,21.0332423,8858,2021-06-28 17:22:09,52.2978205,1
1123,112,21.0846888,8859,2021-06-28 17:22:05,52.304385,4
1124,512,21.0522841,8861,2021-06-28 17:22:02,52.2529353,4
1125,412,21.090811,8862,2021-06-28 17:22:09,52.305768,04
1126,738,21.191295,8864,2021-06-28 17:22:12,52.414254,05
1127,500,21.0459893,8865,2021-06-28 10:43:17,52.2651186,08
1128,169,21.0346483,8866,2021-06-28 17:22:07,52.2583936,5
1129,162,21.068171,8867,2021-06-28 17:21:56,52.191956,1
1130,190,20.9499093,8868,2021-06-28 17:22:09,52.2384103,5
1131,190,21.070688,8869,2021-06-28 17:22:08,52.2810331,023
1132,190,21.002634,8871,2021-06-28 17:21:55,52.2447201,025
1133,190,21.007645,8872,2021-06-28 17:22:04,52.246168,026
1134,738,21.0549426,8873,2021-06-28 17:22:09,52.2755746,06
1135,500,20.9817743,8874,2021-06-28 17:22:11,52.2544876,3
1136,190,20.9799348,8875,2021-06-28 17:22:08,52.237145,4
1137,162,21.027497,8876,2021-06-28 17:22:07,52.2596061,3
1138,512,21.0734375,8878,2021-06-28 17:22:02,52.2846286,06
1139,509,21.0150575,8879,2021-06-28 17:22:12,52.27382,1
1140,709,20.996574,8880,2021-06-25 18:58:33,52.18762,016
1141,186,20.9757946,8881,2021-06-28 17:22:09,52.3165373,014
1142,165,21.002124,8882,2021-06-28 17:22:08,52.1750941,2
1143,128,21.012943,8883,2021-06-28 17:22:05,52.242981,64
1144,180,20.9250415,8885,2021-06-28 17:22:07,52.2724306,5
1145,167,21.018286,8886,2021-06-28 17:22:07,52.209313,5
1146,189,21.046403,8887,2021-06-28 17:22:02,52.177509,021
1147,128,20.9778343,8888,2021-06-28 17:22:03,52.2018905,61
1148,504,20.990166,8891,2021-06-28 17:22:02,52.217461,012
1149,165,21.023803,8892,2021-06-28 17:22:11,52.179913,1
1150,180,20.978551,8893,2021-06-28 17:21:56,52.253515,53
1151,217,21.03235,8894,2021-06-28 17:22:01,52.177533,05
1152,136,21.0555125,8895,2021-06-28 17:22:05,52.1473335,015
1153,174,21.0006235,8896,2021-06-28 17:22:08,52.2294646,07
1154,180,21.0247821,8897,2021-06-28 17:22:12,52.2208641,015
1155,167,21.0830131,8898,2021-06-28 17:22:11,52.2083041,7
1156,504,21.003541,8899,2021-06-28 17:22:09,52.229431,6
1157,161,21.224823,9061,2021-06-28 17:22:10,52.186684,2
1158,161,21.17491,9063,2021-06-28 17:22:09,52.184277,3
1159,262,21.081812,9064,2021-06-28 17:22:09,52.280525,03
1160,314,21.032465,9065,2021-06-28 17:22:13,52.31842,04
1161,314,20.969139,9066,2021-06-28 17:22:12,52.319839,02
1162,104,20.999697,9068,2021-06-28 17:22:11,52.290798,2
1163,161,21.176933,9070,2021-06-28 17:22:14,52.175659,1
1164,225,21.131672,9071,2021-06-28 17:22:14,52.239037,2
1165,225,21.127409,9074,2021-06-28 17:22:11,52.256073,4
1166,225,21.167961,9075,2021-06-28 17:22:12,52.276451,3
1167,211,20.941391,9077,2021-06-28 17:22:11,52.355438,08
1168,314,21.047319,9078,2021-06-28 17:22:11,52.334869,01
1169,262,21.053717,9080,2021-06-28 17:22:13,52.276344,1
1170,104,21.031172,9081,2021-06-28 17:22:10,52.299702,1
1171,314,20.961403,9082,2021-06-28 17:22:12,52.31472,03
1172,262,21.087887,9083,2021-06-28 17:22:09,52.286579,2
1173,225,21.102465,9088,2021-06-28 17:22:12,52.222782,1
1174,211,20.942127,9090,2021-06-28 17:22:11,52.341541,2
1175,211,20.969421,9091,2021-06-28 17:22:12,52.319988,07
1176,305,21.161524,9093,2021-06-28 17:22:11,52.225574,1
1177,900,20.942526,9094,2021-06-28 17:22:12,52.348652,1
1178,133,20.973988,9201,2021-06-28 17:22:12,52.344757,2
1179,207,20.870295,9202,2021-06-28 17:22:13,52.184017,03
1180,164,21.104641,9203,2021-06-28 17:22:10,52.16117,05
1181,133,20.95812,9204,2021-06-28 17:22:13,52.332417,1
1182,809,21.018009,9205,2021-06-28 17:22:13,52.12265,51
1183,809,21.018215,9206,2021-06-28 17:22:07,52.132866,52
1184,239,21.029799,9208,2021-06-28 17:22:14,52.153183,54
1185,211,21.000751,9209,2021-06-28 17:22:10,52.291111,4
1186,177,20.88386,9210,2021-06-28 17:22:07,52.205719,3
1187,239,21.038042,9212,2021-06-28 17:22:11,52.154186,53
1188,211,20.941486,9213,2021-06-28 17:22:03,52.332445,6
1189,219,21.15617,9215,2021-06-28 17:22:12,52.191906,3
1190,208,20.962362,9216,2021-06-28 17:22:14,52.215809,1
1191,234,21.066931,9217,2021-06-28 17:22:13,52.338715,1
1192,209,21.03742,9218,2021-06-28 17:22:09,52.154224,057
1193,234,21.014099,9219,2021-06-28 17:22:13,52.310352,2
1194,203,20.929792,9220,2021-06-28 17:22:08,52.285694,1
1195,249,20.898796,9221,2021-06-28 17:22:13,52.238613,1
1196,211,20.941467,9223,2021-06-28 17:22:06,52.355339,1
1197,201,20.941135,9224,2021-06-28 17:22:10,52.246704,3
1198,208,20.975536,9225,2021-06-28 17:22:13,52.210243,04
1199,208,20.956312,9226,2021-06-28 17:22:11,52.20208,05
1200,219,21.102631,9228,2021-06-28 17:22:11,52.22271,2
1201,219,21.153351,9229,2021-06-28 17:22:10,52.191376,1
1202,201,20.926462,9230,2021-06-28 17:22:06,52.234077,2
1203,239,21.016504,9232,2021-06-28 17:22:11,52.153069,056
1204,264,21.100231,9233,2021-06-28 17:22:12,52.135246,1
1205,203,20.924936,9234,2021-06-28 17:22:09,52.281868,2
1206,201,20.925163,9235,2021-06-28 17:22:11,52.260639,5
1207,201,20.927475,9236,2021-06-28 17:22:12,52.263203,4
1208,209,20.981047,9237,2021-06-28 17:22:10,52.132854,055
1209,208,20.969135,9238,2021-06-28 17:22:12,52.202908,03
1210,207,20.896248,9239,2021-06-28 17:22:13,52.185535,02
1211,177,20.884857,9240,2021-06-28 17:22:12,52.189438,1
1212,133,20.952293,9241,2021-06-28 17:22:10,52.316902,3
1213,201,20.931387,9242,2021-06-28 17:22:13,52.254532,06
1214,211,20.987114,9243,2021-06-28 17:22:09,52.302643,5
1215,207,20.88369,9244,2021-06-28 17:22:12,52.190041,01
1216,211,20.966917,9245,2021-06-28 17:22:11,52.311909,3
1217,164,21.136196,9246,2021-06-28 17:22:13,52.147278,04
1218,201,20.942789,9247,2021-06-28 17:22:12,52.238934,1
1219,177,20.879559,9248,2021-06-28 17:22:09,52.198498,2
1220,164,21.060646,9250,2021-06-28 17:22:11,52.184826,3
1221,164,21.138239,9251,2021-06-28 17:22:09,52.14587,2
1222,164,21.069164,9252,2021-06-28 17:22:12,52.16964,1
1223,211,20.962065,9254,2021-06-28 17:22:07,52.31728,09
1224,199,21.179781,9301,2021-06-28 17:22:12,52.269268,06
1225,739,21.039886,9302,2021-06-28 17:22:04,52.095676,2
1226,739,21.022598,9304,2021-06-28 17:22:08,52.179405,3
1227,179,21.033749,9311,2021-06-28 16:22:10,52.150124,10
1228,123,21.063183,9312,2021-06-28 17:22:05,52.228462,08
1229,179,21.04035,9313,2021-06-28 17:22:05,52.146805,11
1230,153,21.177269,9314,2021-06-28 17:22:07,52.256924,2
1231,179,21.059391,9315,2021-06-28 17:22:14,52.131317,2
1232,135,21.044659,9316,2021-06-28 17:22:11,52.262451,3
1233,135,21.102539,9317,2021-06-28 17:22:11,52.242878,6
1234,135,21.075277,9318,2021-06-28 17:22:07,52.243427,2
1235,135,21.0966,9319,2021-06-28 17:22:14,52.232754,1
1236,179,21.065742,9320,2021-06-28 17:22:13,52.142673,4
1237,179,21.042252,9321,2021-06-28 17:21:25,52.147709,5
1238,123,21.0476,9322,2021-06-28 17:22:05,52.246925,5
1239,135,21.027029,9323,2021-06-28 17:22:07,52.259659,07
1240,179,21.033827,9324,2021-06-28 17:21:52,52.162193,9
1241,179,21.054653,9325,2021-06-28 17:22:13,52.153725,51
1242,256,21.080961,9326,2021-06-28 17:22:05,52.277405,2
1243,142,21.087986,9327,2021-06-28 17:22:12,52.244686,3
1244,179,21.036991,9328,2021-06-28 17:22:12,52.162094,8
1245,153,21.154074,9329,2021-06-28 17:22:12,52.271862,04
1246,123,21.0773959,9331,2021-06-28 09:44:24,52.2687066,07
1247,123,21.077486,9332,2021-06-28 15:39:21,52.268074,08
1248,142,21.240986,9333,2021-06-28 17:22:09,52.168716,5
1249,739,21.052902,9334,2021-06-28 17:22:09,52.096413,1
1250,153,21.159372,9335,2021-06-28 17:22:06,52.261242,3
1251,135,21.074697,9336,2021-06-28 17:22:14,52.245857,5
1252,739,21.0771987,9337,2021-06-28 16:56:14,52.2682345,2
1253,179,21.025179,9338,2021-06-28 17:22:07,52.14423,6
1254,256,21.066515,9339,2021-06-28 17:22:13,52.274574,1
1255,153,21.172586,9340,2021-06-28 17:22:10,52.285507,1
1256,142,21.137815,9341,2021-06-28 17:22:11,52.194347,4
1257,739,21.020027,9342,2021-06-28 17:22:14,52.172943,4
1258,256,21.07865,9343,2021-06-28 17:22:12,52.322517,4
1259,135,21.09799,9344,2021-06-28 17:22:10,52.235729,08
1260,739,21.018486,9345,2021-06-28 17:22:07,52.116318,05
1261,179,21.030993,9346,2021-06-28 17:22:08,52.153812,7
1262,135,21.041651,9347,2021-06-28 17:21:59,52.257542,4
1263,123,21.050848,9348,2021-06-28 17:22:08,52.252522,09
1264,179,21.053116,9349,2021-06-28 17:22:13,52.134285,3
1265,123,21.084236,9350,2021-06-28 17:22:09,52.247364,357
1266,142,21.20297,9351,2021-06-28 17:22:06,52.169384,1
1267,123,21.094015,9352,2021-06-28 17:22:10,52.221531,6
1268,739,21.03968,9353,2021-06-28 17:22:12,52.080559,06
1269,123,21.1007196,9354,2021-06-28 17:22:12,52.2425987,07
1270,199,21.060226,9355,2021-06-28 17:22:10,52.273911,05
1271,256,21.047224,9356,2021-06-28 17:21:28,52.276249,3
1272,142,21.125641,9357,2021-06-28 17:22:07,52.234741,2
1273,142,21.077633,9358,2021-06-28 16:02:28,52.267822,4
1274,256,21.066635,9359,2021-06-28 17:22:14,52.32161,5
1275,176,20.983482,9403,2021-06-28 17:22:08,52.352444,1
1276,176,20.988791,9405,2021-06-28 17:22:12,52.33614,05
1277,176,20.982182,9412,2021-06-28 17:22:14,52.355644,3
1278,197,20.942747,9413,2021-06-28 17:22:12,52.239132,012
1279,197,20.940582,9414,2021-06-28 17:22:14,52.234737,014
1280,103,20.927826,9415,2021-06-28 17:22:12,52.289894,2
1281,102,21.002674,9416,2021-06-28 17:22:08,52.233013,3
1282,157,20.992847,9417,2021-06-28 17:22:12,52.262032,7
1283,712,20.851248,9418,2021-06-28 17:22:11,52.280613,02
1284,516,20.971889,9420,2021-06-28 17:22:13,52.321152,5
1285,157,20.994459,9423,2021-06-28 17:22:09,52.253624,1
1286,103,20.944738,9424,2021-06-28 17:22:13,52.271538,4
1287,123,21.054728,9425,2021-06-28 17:22:10,52.250393,1
1288,157,20.96756,9426,2021-06-28 17:22:09,52.20726,3
1289,157,20.963922,9427,2021-06-28 17:22:10,52.207966,4
1290,157,20.976706,9428,2021-06-28 17:22:11,52.28989,9
1291,103,20.968664,9429,2021-06-28 17:22:10,52.222099,6
1292,157,20.981524,9432,2021-06-28 17:22:10,52.275002,10
1293,743,20.867893,9433,2021-06-28 17:22:14,52.229172,02
1294,176,21.011036,9434,2021-06-28 17:22:08,52.301353,04
1295,516,21.000942,9435,2021-06-28 17:22:12,52.291161,1
1296,157,20.985744,9436,2021-06-28 17:22:09,52.221294,2
1297,157,20.987909,9437,2021-06-28 17:22:10,52.241676,6
1298,197,20.946516,9438,2021-06-28 17:22:13,52.267029,011
1299,197,20.949961,9439,2021-06-28 17:22:09,52.280643,016
1300,516,20.935738,9440,2021-06-28 17:22:09,52.332123,3
1301,123,21.097424,9441,2021-06-28 17:22:11,52.226929,3
1302,103,20.961639,9442,2021-06-28 17:22:14,52.237553,5
1303,102,21.070246,9443,2021-06-28 17:22:14,52.242001,1
1304,103,20.931561,9444,2021-06-28 17:22:10,52.290203,3
1305,103,20.968929,9445,2021-06-28 17:22:09,52.226429,7
1306,103,20.933884,9446,2021-06-28 17:22:13,52.28907,1
1307,123,21.050823,9447,2021-06-28 17:22:09,52.253258,4
1308,157,20.988235,9448,2021-06-28 17:22:12,52.238548,011
1309,516,20.937469,9449,2021-06-28 17:22:11,52.336395,4
1310,102,21.059305,9450,2021-06-28 17:22:10,52.239674,2
1311,157,20.982836,9451,2021-06-28 17:22:12,52.218422,5
1312,157,20.97126,9452,2021-06-28 17:22:09,52.284157,8
1313,176,21.02681,9453,2021-06-28 17:22:11,52.281197,2
1314,197,20.941805,9454,2021-06-28 17:22:12,52.261837,015
1315,712,20.921249,9455,2021-06-28 17:22:13,52.281864,1
1316,743,20.775993,9456,2021-06-28 17:22:10,52.230896,1
1317,197,20.931,9457,2021-06-28 17:22:09,52.225288,013
1318,103,20.945299,9458,2021-06-28 17:22:10,52.272266,8
1319,194,20.922299,9501,2021-06-28 17:22:10,52.221670833,5
1320,707,20.9950765,9502,2021-06-28 17:22:12,52.082315167,1
1321,159,20.9963955,9503,2021-06-28 17:22:12,52.225734333,1
1322,103,20.968812667,9505,2021-06-28 17:22:10,52.223615,09
1323,103,20.971079,9506,2021-06-28 17:22:10,52.2544715,011
1324,220,20.8932085,9509,2021-06-28 17:22:10,52.209028833,3
1325,194,20.866897333,9510,2021-06-28 17:22:04,52.198858,06
1326,737,20.897692833,9511,2021-06-28 17:22:12,52.0564535,56
1327,220,20.913115167,9513,2021-06-28 17:22:12,52.252374833,5
1328,715,20.996995167,9514,2021-06-28 17:22:10,52.109702833,53
1329,181,20.8999545,9515,2021-06-28 17:22:13,52.297199167,2
1330,737,21.018135,9516,2021-06-28 17:22:14,52.138532667,54
1331,149,20.914663667,9518,2021-06-28 17:22:10,52.23919,06
1332,149,20.940221333,9519,2021-06-28 17:22:10,52.246644,2
1333,159,20.9608545,9520,2021-06-28 17:22:11,52.213137167,8
1334,715,21.0243645,9521,2021-06-28 17:22:13,52.142795,1
1335,220,20.9251285,9522,2021-06-28 17:22:11,52.260774667,4
1336,220,20.897252333,9523,2021-06-28 17:22:10,52.244758667,07
1337,220,20.906559333,9524,2021-06-28 17:22:11,52.1790635,2
1338,194,20.878103833,9525,2021-06-28 17:22:10,52.195804,3
1339,181,20.944513,9526,2021-06-28 17:22:12,52.295592,1
1340,715,20.943636667,9528,2021-06-28 17:22:11,52.1754325,058
1341,715,21.037035167,9529,2021-06-28 17:22:10,52.161998,52
1342,707,20.943425667,9530,2021-06-28 17:22:10,52.175963167,03
1343,159,21.048934,9531,2021-06-28 17:22:11,52.204441333,4
1344,194,20.930727667,9532,2021-06-28 17:22:14,52.225018,1
1345,181,20.986262167,9533,2021-06-28 17:22:11,52.269402333,4
1346,181,20.940255167,9534,2021-06-28 17:22:14,52.300684,3
1347,159,20.954788333,9535,2021-06-28 17:22:13,52.211829,7
1348,159,20.974746,9537,2021-06-28 17:22:12,52.221557167,6
1349,737,21.036836833,9539,2021-06-28 17:22:10,52.162023333,059
1350,220,20.9037725,9540,2021-06-28 17:22:11,52.18253,1
1351,220,20.899154667,9542,2021-06-28 17:22:11,52.201122667,6
1352,737,20.9872145,9544,2021-06-28 17:22:14,52.1113885,07
1353,220,20.897157833,9545,2021-06-28 17:22:13,52.243251833,08
1354,149,20.8791865,9546,2021-06-28 17:21:37,52.250198667,5
1355,220,20.943751333,9548,2021-06-28 17:22:14,52.176028,09
1356,149,20.9421275,9550,2021-06-28 17:22:10,52.246812333,1
1357,715,20.967505,9551,2021-06-28 17:22:10,52.139374,55
1358,149,20.943402833,9552,2021-06-28 17:22:14,52.239061,3
1359,194,20.860516667,9554,2021-06-28 17:22:09,52.192627667,07
1360,194,20.929838667,9555,2021-06-28 17:22:12,52.223780667,2
1361,159,21.077703167,9556,2021-06-28 17:15:34,52.190458167,3
1362,149,20.896794833,9557,2021-06-28 17:22:09,52.241282,4
1363,194,20.8958665,9558,2021-06-28 17:22:14,52.202368,4
1364,159,21.015232167,9560,2021-06-28 17:22:06,52.223101333,5
1365,159,21.045468667,9561,2021-06-28 17:22:13,52.219803833,2
1366,118,20.991211,9671,2021-06-28 17:22:06,52.285313,2
1367,118,21.014973,9672,2021-06-28 17:22:12,52.217026,5
1368,326,21.061876,9673,2021-06-28 17:22:08,52.361671,04
1369,118,21.042351,9674,2021-06-28 17:22:12,52.296551,8
1370,152,20.952438,9676,2021-06-28 17:22:09,52.317036,5
1371,212,21.027142,9677,2021-06-28 17:22:02,52.259609,06
1372,118,21.006998,9678,2021-06-28 17:22:12,52.260296,7
1373,118,21.041365,9679,2021-06-28 17:22:08,52.300213,1
1374,326,20.968588,9680,2021-06-28 17:22:08,52.272041,02
1375,152,20.993481,9681,2021-06-28 17:22:09,52.339329,2
1376,212,21.048098,9682,2021-06-28 17:22:13,52.287788,5
1377,152,21.048809,9683,2021-06-28 17:22:07,52.325336,4
1378,212,21.057156,9684,2021-06-28 17:22:14,52.301895,1
1379,212,21.066721,9685,2021-06-28 17:22:09,52.27636,2
1380,326,21.061743,9686,2021-06-28 17:22:14,52.361759,05
1381,326,21.011322,9688,2021-06-28 17:22:06,52.316406,03
1382,118,21.023283,9689,2021-06-28 17:22:12,52.223885,4
1383,212,21.045599,9690,2021-06-28 17:22:06,52.273163,3
1384,326,20.984817,9692,2021-06-28 17:22:08,52.308308,01
1385,212,21.04347,9693,2021-06-28 17:22:09,52.273827,4
1386,152,20.971287,9695,2021-06-28 17:22:06,52.320835,1
1387,118,21.02796,9696,2021-06-28 17:22:13,52.229946,6
1388,118,21.019699,9697,2021-06-28 17:22:13,52.246075,3
1389,152,20.971474,9698,2021-06-28 17:22:11,52.321541,3
1390,710,21.046392,9801,2021-06-28 17:22:13,52.076859,4
1391,525,21.019646,9802,2021-06-28 17:22:13,52.218094,1
1392,184,20.94038,9803,2021-06-28 17:22:14,52.28265,069
1393,127,21.024237,9804,2021-06-28 17:22:12,52.242294,56
1394,525,21.003292,9807,2021-06-28 17:22:09,52.229568,319
1395,127,20.895472,9808,2021-06-28 17:22:13,52.208828,2
1396,109,20.948179,9809,2021-06-28 17:22:09,52.233795,07
1397,719,20.798544,9812,2021-06-28 17:22:07,52.253853,3
1398,109,21.030669,9813,2021-06-28 17:19:50,52.230155,08
1399,Z10,20.911131,9814,2021-06-28 17:22:13,52.250183,2
1400,525,21.196608,9815,2021-06-28 17:22:10,52.208309,09
1401,742,21.113962,9816,2021-06-28 17:22:12,52.103756,1
1402,719,20.840258,9818,2021-06-28 17:22:05,52.247883,04
1403,719,20.586431,9819,2021-06-28 17:22:08,52.257607,1
1404,719,20.885515,9820,2021-06-28 17:22:11,52.240372,2
1405,710,21.118412,9821,2021-06-28 17:22:09,52.081379,1
1406,525,21.08754,9822,2021-06-28 17:22:08,52.236244,010
1407,184,20.965649,9823,2021-06-28 17:22:08,52.21801,010
1408,525,21.089674,9825,2021-06-28 17:19:36,52.235753,5
1409,525,21.004793,9826,2021-06-28 17:22:10,52.22971,7
1410,185,21.044103,9827,2021-06-28 17:22:14,52.176666,8
1411,127,21.00024,9828,2021-06-28 17:22:09,52.227493,4
1412,525,21.027102,9829,2021-06-28 17:22:09,52.219734,6
1413,Z10,20.919729,9830,2021-06-28 17:22:09,52.221043,8
1414,710,21.113592,9831,2021-06-28 17:22:13,52.105988,3
1415,127,20.944675,9833,2021-06-28 17:22:09,52.206799,1
1416,525,21.160435,9834,2021-06-28 17:22:10,52.225842,4
1417,525,21.191193,9836,2021-06-28 17:22:14,52.207375,3
1418,185,20.976288,9837,2021-06-28 17:22:09,52.289848,12
1419,525,21.154846,9838,2021-06-28 17:22:12,52.22628,2
1420,724,21.02758,9839,2021-06-28 17:22:10,52.067348,1
1421,127,21.019474,9840,2021-06-28 17:22:14,52.246284,6
1422,724,21.06658,9841,2021-06-28 17:22:11,52.131283,02
1423,127,21.0228,9843,2021-06-28 17:22:13,52.229412,7
1424,127,20.961491,9844,2021-06-28 17:22:11,52.216789,09
1425,127,20.924751,9845,2021-06-28 17:22:06,52.206684,3
1426,Z10,20.915003,9846,2021-06-28 17:22:13,52.23315,6
1427,Z10,20.913105,9847,2021-06-28 17:22:06,52.23856,4
1428,109,21.032934,9849,2021-06-28 17:22:12,52.227959,6
1429,109,20.999077,9851,2021-06-28 17:22:09,52.23344,5
1430,109,20.898748,9852,2021-06-28 17:22:07,52.238537,4
1431,109,21.01074,9853,2021-06-28 17:22:13,52.229416,1
1432,127,20.98802,9854,2021-06-28 17:22:08,52.223896,335
1433,186,20.963776,9901,2021-06-28 17:22:11,52.207848,1
1434,210,20.817835,9902,2021-06-28 17:22:08,52.292107,5
1435,140,21.111202,9903,2021-06-28 17:22:11,52.360882,04
1436,520,21.133068,9905,2021-06-28 17:22:12,52.240204,011
1437,520,21.155922,9906,2021-06-28 17:22:11,52.240391,3
1438,140,21.052891,9907,2021-06-28 17:22:10,52.276733,08
1439,140,21.069117,9908,2021-06-28 17:22:10,52.279579,09
1440,140,21.121307,9909,2021-06-28 17:22:13,52.343086,2
1441,719,20.937723,9912,2021-06-28 17:22:10,52.239647,05
1442,520,21.022764,9913,2021-06-28 17:22:09,52.218788,08
1443,520,21.002075,9914,2021-06-28 17:22:12,52.243141,09
1444,520,21.01523,9915,2021-06-28 17:22:11,52.223671,6
1445,520,21.137081,9916,2021-06-28 17:22:09,52.240906,4
1446,193,20.995396,9918,2021-06-28 17:22:09,52.170181,2
1447,193,21.011118,9919,2021-06-28 17:22:09,52.171906,3
1448,140,21.13415,9920,2021-06-28 17:22:12,52.358212,05
1449,140,21.080488,9921,2021-06-28 17:22:07,52.293079,06
1450,520,21.085367,9922,2021-06-28 17:22:11,52.236118,5
1451,193,21.0439,9923,2021-06-28 17:22:10,52.156311,4
1452,140,21.05669,9924,2021-06-28 17:22:10,52.274929,07
1453,193,21.010931,9926,2021-06-28 17:22:12,52.171444,1
1454,520,21.03092,9927,2021-06-28 17:22:12,52.220684,010
1455,140,21.097033,9928,2021-06-28 17:22:12,52.312996,3
1456,186,20.977303,9929,2021-06-28 17:22:11,52.210976,12
1457,193,21.036901,9930,2021-06-28 17:22:13,52.161972,5
1458,186,20.986296,9932,2021-06-28 17:22:12,52.283363,4
1459,520,21.087952,9933,2021-06-28 17:22:06,52.236206,2
1460,186,20.963753,9934,2021-06-28 17:22:12,52.20779,2
1461,520,21.008961,9935,2021-06-28 17:22:14,52.235012,1
1462,186,20.942266,9936,2021-06-28 17:22:13,52.334183,6
1463,520,21.004396,9937,2021-06-28 17:22:13,52.241531,7
1464,186,20.958208,9940,2021-06-28 17:22:09,52.222797,3
1465,186,20.942183,9941,2021-06-28 17:22:13,52.334003,8
1466,210,20.924692,9942,2021-06-28 17:22:14,52.281563,4
1467,109,20.962719,9943,2021-06-28 17:22:12,52.22821,2
1468,186,20.962107,9945,2021-06-28 17:22:11,52.317291,9
1469,210,20.928272,9946,2021-06-28 17:22:11,52.291042,3
1470,109,20.924788,9948,2021-06-28 17:22:10,52.240604,3
1471,210,20.767342,9949,2021-06-28 17:22:11,52.307804,1
1472,210,20.837072,9950,2021-06-28 17:22:13,52.291103,2
1473,186,20.974747,9951,2021-06-28 17:22:13,52.316628,5
1474,186,20.986525,9953,2021-06-28 17:22:12,52.305794,67
1475,140,21.100651,9954,2021-06-28 17:22:12,52.317875,1
1476,o97B,21.423098,9999,2021-06-28 14:27:55,50.302967,7
