,Lines,Lon,VehicleNumber,Time,Lat,Brigade
0,213,21.188804,1001,2021-06-28 18:22:01,52.149876,1
1,213,21.2275376,1003,2021-06-28 18:22:08,52.172236,05
2,213,21.090616,1004,2021-06-28 18:22:04,52.2198286,3
3,196,21.1774075,1005,2021-06-28 18:22:06,52.2568696,2
4,196,21.176271,1008,2021-06-28 18:22:01,52.256748,03
5,213,21.2189996,1009,2021-06-28 18:22:08,52.1570998,4
6,213,21.1041603,1010,2021-06-28 18:22:10,52.2125421,2
7,311,21.0849956,1012,2021-06-28 18:22:08,52.2385511,1
8,196,21.168275,1014,2021-06-28 18:21:51,52.26373,1
9,311,21.096933,1015,2021-06-28 18:22:08,52.2211355,2
10,365,21.0228784,1021,2021-06-28 18:22:10,52.1800749,01
11,107,21.024748,1023,2021-06-28 18:22:10,52.224003,3
12,163,21.0864596,1025,2021-06-28 18:22:11,52.1602576,2
13,107,21.046267,1026,2021-06-28 18:22:11,52.214458,5
14,108,21.083675,1027,2021-06-28 18:22:10,52.192696,1
15,108,21.039686,1028,2021-06-28 18:22:11,52.176243,5
16,108,21.023046,1029,2021-06-28 18:22:07,52.179962,6
17,365,20.996637,1031,2021-06-28 18:22:10,52.1697612,02
18,108,21.0876724,1033,2021-06-28 18:22:10,52.1945284,4
19,163,21.049061,1034,2021-06-28 18:22:10,52.178326,1
20,192,21.02244,1037,2021-06-28 18:22:10,52.179565,7
21,108,21.034253,1038,2021-06-28 18:21:55,52.225746,3
22,365,21.0242732,1039,2021-06-28 18:22:10,52.1797936,03
23,107,21.010983,1040,2021-06-28 18:21:54,52.235444,6
24,107,21.002338,1042,2021-06-28 18:21:55,52.243364,2
25,107,20.979375,1043,2021-06-28 18:21:59,52.2444967,07
26,107,21.048505,1045,2021-06-28 18:22:11,52.2023033,4
27,204,21.0231267,1046,2021-06-28 18:22:06,52.27726,05
28,204,21.060345,1047,2021-06-28 18:21:50,52.314993,1
29,204,21.033446,1048,2021-06-28 18:21:58,52.317676,04
30,228,20.9806967,1050,2021-06-28 18:21:59,52.18856,1
31,228,20.904305,1051,2021-06-28 18:21:51,52.20302,2
32,328,20.988005,1052,2021-06-28 18:21:55,52.156508,01
33,129,20.925125,1053,2021-06-28 18:22:00,52.208116,4
34,228,20.915124,1054,2021-06-28 18:22:09,52.206488,3
35,129,20.8886833,1055,2021-06-28 18:22:04,52.194485,3
36,328,20.994801,1058,2021-06-28 18:22:05,52.150931,02
37,129,20.939193,1059,2021-06-28 18:20:41,52.246011,1
38,328,20.947639,1061,2021-06-28 18:22:09,52.200726,03
39,192,21.0258727,1062,2021-06-28 18:22:09,52.1511544,51
40,192,21.072321,1064,2021-06-28 18:22:12,52.136871,2
41,163,21.0795557,1065,2021-06-28 18:22:10,52.1838522,04
42,107,20.9792457,1066,2021-06-28 18:22:11,52.2445821,1
43,163,21.0791517,1068,2021-06-28 18:22:11,52.1836107,3
44,192,21.0579539,1069,2021-06-28 18:22:08,52.1393572,4
45,163,21.084784,1070,2021-06-28 18:22:10,52.167057,05
46,192,21.024338,1074,2021-06-28 18:22:11,52.179932,6
47,108,21.035079,1076,2021-06-28 18:22:10,52.2237687,2
48,192,21.0685625,1077,2021-06-28 18:22:10,52.1291106,3
49,192,21.04516,1079,2021-06-28 18:22:08,52.149498,1
50,736,20.9510345,1101,2021-06-28 18:22:04,52.403677,02
51,132,21.049583,1109,2021-06-28 18:22:08,52.320684,2
52,303,20.986093,1112,2021-06-28 18:22:09,52.2693816,3
53,147,21.2218653,1113,2021-06-28 18:22:03,52.217794,06
54,152,20.970569,1114,2021-06-28 18:21:57,52.320438,06
55,166,21.0651106,1115,2021-06-28 18:22:05,52.1420191,09
56,132,20.9687556,1116,2021-06-28 18:22:04,52.2720015,3
57,122,20.9836123,1117,2021-06-28 18:22:09,52.2682286,09
58,197,20.8796358,1118,2021-06-28 18:22:06,52.1985778,7
59,126,20.9438243,1119,2021-06-28 18:22:08,52.3227068,3
60,168,21.015535,1200,2021-06-28 18:22:10,52.208939,2
61,119,21.13401,1202,2021-06-28 18:22:11,52.205067,1
62,178,20.883373,1203,2021-06-28 18:22:11,52.195404,2
63,178,20.999784,1204,2021-06-28 18:22:10,52.253979,5
64,168,21.112648,1205,2021-06-28 18:22:10,52.236294,6
65,166,21.029585,1206,2021-06-28 18:22:06,52.230178,1
66,166,21.038782,1208,2021-06-28 18:22:10,52.198418,5
67,222,21.01725,1211,2021-06-28 18:22:09,52.239021,4
68,174,21.0072227,1212,2021-06-28 18:22:10,52.2107872,371
69,174,20.9953221,1213,2021-06-28 18:22:11,52.1702509,3
70,218,20.992863,1214,2021-06-28 18:22:08,52.186222,5
71,166,21.068197,1216,2021-06-28 18:22:10,52.129444,7
72,168,21.0934936,1218,2021-06-28 18:22:11,52.2271839,5
73,119,21.147608,1220,2021-06-28 18:22:09,52.214146,5
74,122,20.8972931,1400,2021-06-28 18:22:06,52.2438138,012
75,121,21.0451343,1401,2021-06-28 18:22:06,52.2620365,04
76,134,20.9947861,1403,2021-06-28 18:22:00,52.2868753,1
77,110,20.8994675,1407,2021-06-28 18:22:08,52.325733,05
78,240,21.023516,1408,2021-06-28 18:21:58,52.297221,4
79,173,21.133465,1411,2021-06-28 18:22:07,52.240009,5
80,117,21.085403,1412,2021-06-28 18:22:10,52.223026,1
81,702,21.142893,1413,2021-06-28 18:22:11,52.226585,2
82,168,21.058691,1415,2021-06-28 18:22:10,52.208115,1
83,202,21.1287647,1416,2021-06-28 18:22:10,52.2402745,04
84,183,21.132488,1418,2021-06-28 18:22:09,52.239071,6
85,147,21.22753,1419,2021-06-28 18:22:11,52.216671,2
86,199,21.114246,1422,2021-06-28 18:22:10,52.289085,4
87,198,21.22328,1423,2021-06-28 18:22:10,52.247009,05
88,173,21.084061,1424,2021-06-28 18:22:11,52.247028,6
89,115,21.1753226,1425,2021-06-28 18:22:10,52.2445282,4
90,173,21.052896,1426,2021-06-28 18:22:10,52.250397,8
91,147,21.052376,1427,2021-06-28 18:22:10,52.250332,4
92,146,21.0598192,1428,2021-06-28 18:22:10,52.2235897,2
93,142,21.144497,1430,2021-06-28 18:22:11,52.18512,06
94,L41,20.70957,14422,2021-06-28 18:22:09,52.430565,1
95,L11,20.709751,14424,2021-06-28 18:22:03,52.430939,1
96,L10,20.947868,14425,2021-06-28 18:22:08,52.468243,50
97,L-8,20.945215,14426,2021-06-28 14:51:54,52.437912,1
98,L41,20.941391,14427,2021-06-28 18:22:10,52.400753,02
99,L11,20.952997,14429,2021-06-28 18:22:08,52.406979,57
100,L34,20.847353,14430,2021-06-28 17:01:01,52.441017,2
101,L34,20.916319,14431,2021-06-28 18:22:10,52.403732,1
102,L11,20.955555,14432,2021-06-28 18:22:11,52.429592,51
103,L-8,21.044205,14434,2021-06-28 18:22:11,52.396702,02
104,L-8,20.983229,14435,2021-06-28 18:22:08,52.405231,1
105,L49,20.940996,14436,2021-06-28 18:22:05,52.35886,1
106,L31,21.123623,14438,2021-06-28 18:22:10,52.444347,1
107,L-9,20.917404,14439,2021-06-28 18:22:11,52.47805,054
108,L-9,20.930948,14440,2021-06-28 18:22:08,52.39542,055
109,134,21.019928,1500,2021-06-28 18:22:02,52.296059,04
110,134,21.053411,1501,2021-06-28 18:22:06,52.359104,3
111,110,20.9686961,1502,2021-06-28 18:22:09,52.272122,2
112,240,21.0609565,1505,2021-06-28 18:22:06,52.3069775,06
113,132,21.0734096,1506,2021-06-28 18:22:03,52.3222465,07
114,134,20.968304,1507,2021-06-28 18:22:04,52.2720146,2
115,126,21.0349291,1508,2021-06-28 18:22:04,52.2885603,5
116,132,21.0682778,1509,2021-06-28 18:21:53,52.3238033,05
117,166,21.0605948,1510,2021-06-28 18:22:01,52.1484925,6
118,126,20.968634,1513,2021-06-28 18:22:08,52.3267006,4
119,197,20.9354805,1514,2021-06-28 18:22:07,52.224853,6
120,197,20.8625456,1515,2021-06-28 18:22:05,52.1902945,8
121,121,20.952284,1516,2021-06-28 18:21:59,52.287503,1
122,173,21.138059,1519,2021-06-28 18:22:02,52.239424,10
123,202,21.0519617,1521,2021-06-28 18:22:04,52.2476083,07
124,202,21.041901,1522,2021-06-28 18:21:59,52.241959,3
125,146,21.055855,1523,2021-06-28 18:22:09,52.2317383,08
126,730,21.118099,1524,2021-06-28 18:22:09,52.238128,052
127,119,21.007214,1525,2021-06-28 18:22:05,52.210216,06
128,147,21.091465,1526,2021-06-28 18:22:07,52.2225783,09
129,198,21.223623,1528,2021-06-28 18:21:57,52.253821,3
130,702,21.160286,1530,2021-06-28 18:21:54,52.164451,03
131,198,21.223673,1531,2021-06-28 18:22:02,52.217629,2
132,115,21.1591583,1533,2021-06-28 18:22:08,52.2577917,2
133,142,21.086321,1534,2021-06-28 18:22:04,52.244856,07
134,198,21.24331,1535,2021-06-28 18:22:06,52.2217283,1
135,106,20.974496,1537,2021-06-28 18:21:41,52.231963,4
136,170,21.036208,1538,2021-06-28 18:22:10,52.253696,4
137,120,21.057523,1539,2021-06-28 18:22:02,52.299255,1
138,199,21.145215,1540,2021-06-28 18:21:53,52.268875,1
139,156,21.044499,1541,2021-06-28 18:22:00,52.278554,1
140,170,21.0870533,1542,2021-06-28 18:22:10,52.273795,1
141,156,21.051089,1543,2021-06-28 18:22:07,52.269426,3
142,338,21.1007517,1544,2021-06-28 18:22:01,52.2606833,01
143,122,20.9217967,1546,2021-06-28 18:22:06,52.2497683,013
144,338,21.063116,1548,2021-06-28 18:22:07,52.263591,04
145,199,21.127988,1549,2021-06-28 18:22:00,52.27953,2
146,170,21.021854,1550,2021-06-28 18:22:09,52.262471,3
147,240,21.000413,1551,2021-06-28 18:22:00,52.289293,3
148,221,20.993925,1552,2021-06-28 18:22:08,52.259329,2
149,106,21.006799,1554,2021-06-28 18:22:03,52.238124,06
150,L-4,21.001442,17451,2021-06-28 18:22:07,52.092377,1
151,L26,21.176687,17452,2021-06-28 18:22:12,52.312214,02
152,L37,21.217834,17453,2021-06-28 17:30:49,52.31118,1
153,L40,21.243582,17454,2021-06-28 18:22:06,52.350628,1
154,L36,21.280121,17456,2021-06-28 18:22:11,52.367588,1
155,L35,21.226183,17458,2021-06-28 18:22:08,52.347488,1
156,L26,21.15214,17460,2021-06-28 18:22:11,52.311096,1
157,L46,21.089863,17461,2021-06-28 18:21:30,52.304405,1
158,L43,21.145332,17462,2021-06-28 18:22:05,52.314884,1
159,L45,21.144634,17464,2021-06-28 18:22:09,52.322315,02
160,L45,21.110172,17465,2021-06-28 18:22:08,52.329109,1
161,L38,21.249408,17466,2021-06-28 18:22:08,52.334057,1
162,L37,21.223654,17467,2021-06-28 18:22:09,52.308994,2
163,L40,21.17803,17468,2021-06-28 18:22:11,52.359394,02
164,197,20.961573,1800,2021-06-28 18:22:01,52.28213,4
165,110,20.8969468,1801,2021-06-28 18:22:01,52.2844183,4
166,132,21.033455,1802,2021-06-28 18:22:02,52.3000351,1
167,166,21.045083,1803,2021-06-28 18:22:07,52.18232,8
168,122,20.8987568,1804,2021-06-28 18:22:09,52.2385625,5
169,173,21.2234423,1805,2021-06-28 18:21:59,52.2487785,4
170,204,21.0298478,1806,2021-06-28 18:22:05,52.3039463,3
171,122,20.9288888,1807,2021-06-28 18:21:51,52.2642043,4
172,303,20.9325535,1808,2021-06-28 18:22:01,52.3059828,1
173,147,21.1495726,1809,2021-06-28 18:22:01,52.2008973,1
174,166,21.0268315,1810,2021-06-28 18:22:09,52.2600423,2
175,152,21.043346,1811,2021-06-28 10:10:53,52.266126,06
176,204,21.0233161,1812,2021-06-28 18:22:05,52.2846436,2
177,736,21.0008531,1813,2021-06-28 18:21:59,52.2913788,1
178,147,21.149689,1814,2021-06-28 18:22:10,52.200989,07
179,240,21.0595016,1815,2021-06-28 18:22:08,52.303329,2
180,197,20.8766665,1817,2021-06-28 18:22:04,52.2000333,9
181,240,21.1177918,1818,2021-06-28 18:22:03,52.3383665,05
182,221,20.9790488,1819,2021-06-28 18:22:08,52.260041,1
183,117,21.0512811,1823,2021-06-28 18:22:07,52.237804,05
184,146,21.131831,1826,2021-06-28 18:22:07,52.1846918,4
185,183,21.135899,1828,2021-06-28 18:22:03,52.242024,3
186,147,21.0473406,1829,2021-06-28 18:22:05,52.2373716,5
187,722,21.086257,1830,2021-06-28 18:22:00,52.2447465,1
188,147,21.1169918,1832,2021-06-28 09:25:20,52.2330478,09
189,146,21.2046758,1833,2021-06-28 18:22:07,52.1594838,5
190,202,21.116848,1834,2021-06-28 09:35:30,52.233074,04
191,115,21.17024,1835,2021-06-28 18:22:07,52.2770476,3
192,168,20.9958058,1837,2021-06-28 18:22:02,52.1930746,07
193,183,21.0871818,1839,2021-06-28 18:22:06,52.2447318,1
194,202,21.1056265,1840,2021-06-28 18:21:59,52.2460603,05
195,146,21.048456,1842,2021-06-28 18:22:10,52.247576,07
196,183,21.086661,1843,2021-06-28 18:21:55,52.244881,2
197,119,21.004288,1844,2021-06-28 18:21:59,52.204335,3
198,115,21.207006,1846,2021-06-28 18:22:08,52.166289,5
199,730,21.3779378,1847,2021-06-28 18:22:08,52.1993958,61
200,119,21.078699,1848,2021-06-28 18:22:03,52.2046438,4
201,173,21.0919058,1849,2021-06-28 18:22:03,52.2445881,9
202,183,21.1881381,1850,2021-06-28 18:22:07,52.2469985,4
203,173,21.254726,1851,2021-06-28 18:22:06,52.2490768,1
204,722,21.2628551,1854,2021-06-28 18:22:08,52.1080061,53
205,147,21.0913636,1855,2021-06-28 18:22:02,52.2228288,3
206,146,21.1382573,1856,2021-06-28 18:22:01,52.1796128,1
207,117,21.00514,1857,2021-06-28 18:21:56,52.229501,2
208,115,21.1726078,1858,2021-06-28 18:21:59,52.2085073,1
209,146,21.1789225,1859,2021-06-28 18:21:59,52.1565958,09
210,115,21.242073,1860,2021-06-28 18:22:05,52.169874,6
211,119,21.0459201,1862,2021-06-28 18:22:00,52.2022345,2
212,173,21.2507973,1863,2021-06-28 18:22:04,52.2321698,3
213,146,21.0526176,1866,2021-06-28 18:21:59,52.2503651,3
214,183,21.1900128,1867,2021-06-28 18:22:04,52.2442495,5
215,147,21.0524813,1869,2021-06-28 18:21:57,52.2503168,08
216,139,21.0234517,1903,2021-06-28 18:22:03,52.1796539,53
217,168,21.0938882,1904,2021-06-28 18:21:57,52.2271515,09
218,739,21.0183971,1905,2021-06-28 18:22:10,52.1236755,07
219,251,21.117581,1907,2021-06-28 18:22:07,52.0937909,54
220,178,20.995445,1908,2021-06-28 18:22:00,52.187018,012
221,222,20.9960129,1909,2021-06-28 18:22:00,52.1934175,2
222,222,21.0050077,1910,2021-06-28 18:22:08,52.2447037,5
223,139,21.0720189,1911,2021-06-28 18:22:10,52.1690834,56
224,222,21.014797,1912,2021-06-28 18:22:11,52.243042,6
225,251,21.116295,1914,2021-06-28 18:22:11,52.097664,51
226,222,21.0240799,1916,2021-06-28 18:22:10,52.1949982,3
227,139,21.088863,1917,2021-06-28 18:22:11,52.156956,52
228,739,21.039827,1918,2021-06-28 18:22:11,52.0806289,08
229,251,21.038328,1919,2021-06-28 18:22:11,52.176517,55
230,222,21.0238247,1920,2021-06-28 18:22:11,52.2010957,1
231,178,20.958006,1991,2021-06-28 18:22:12,52.223019,010
232,178,20.8875096,1993,2021-06-28 18:22:11,52.1811039,1
233,168,21.0002237,1994,2021-06-28 18:22:11,52.2013635,08
234,178,20.945152,1995,2021-06-28 18:22:11,52.207417,3
235,178,20.9583317,1996,2021-06-28 18:22:10,52.2279504,6
236,178,21.0016041,1998,2021-06-28 18:22:11,52.254484,4
237,178,20.902706,1999,2021-06-28 18:22:11,52.185303,013
238,105,20.899363,2001,2021-06-28 18:22:10,52.2388,1
239,136,20.955847,2003,2021-06-28 18:22:11,52.231892,6
240,Z10,20.924849,2006,2021-06-28 18:22:10,52.260757,3
241,188,20.978008,2007,2021-06-28 18:22:11,52.169498,09
242,517,20.892845,2008,2021-06-28 18:22:10,52.190987,07
243,191,20.870377,2009,2021-06-28 18:22:09,52.183617,3
244,184,20.9637664,2010,2021-06-28 18:22:09,52.2082225,4
245,124,20.9217092,2011,2021-06-28 18:22:11,52.1969087,03
246,401,20.92198,2013,2021-06-28 18:22:11,52.197807,1
247,182,21.112429,2014,2021-06-28 18:22:09,52.236694,012
248,171,20.9119369,2015,2021-06-28 18:22:10,52.2444802,1
249,401,20.903971,2016,2021-06-28 18:22:11,52.193497,011
250,190,20.946114,2019,2021-06-28 18:22:10,52.239067,014
251,191,20.983883,2020,2021-06-28 18:22:10,52.218296,7
252,401,20.9575904,2021,2021-06-28 18:22:10,52.1902759,5
253,522,21.0717312,2022,2021-06-28 18:22:11,52.1610872,013
254,193,20.9953826,2023,2021-06-28 18:22:08,52.1702481,06
255,189,20.8971862,2024,2021-06-28 18:22:10,52.2278407,14
256,401,20.8882025,2026,2021-06-28 18:22:08,52.1947202,8
257,522,21.080174,2027,2021-06-28 18:22:10,52.1576562,318
258,519,21.022018,2028,2021-06-28 18:22:10,52.211105,3
259,501,21.0485805,2029,2021-06-28 18:22:11,52.1781389,3
260,189,20.974806,2030,2021-06-28 18:22:10,52.184631,9
261,131,21.057079,2032,2021-06-28 18:22:09,52.192734,10
262,522,21.002951,2033,2021-06-28 18:22:09,52.229523,07
263,189,20.8987362,2035,2021-06-28 18:22:10,52.2387227,12
264,519,21.004026,2036,2021-06-28 18:22:11,52.229515,5
265,501,21.01309,2037,2021-06-28 18:22:12,52.227268,5
266,138,21.038765,2038,2021-06-28 18:22:10,52.251854,010
267,501,21.0482604,2040,2021-06-28 18:22:10,52.1781265,2
268,189,20.9989607,2041,2021-06-28 18:22:09,52.1787485,8
269,138,21.051344,2042,2021-06-28 18:22:09,52.230427,012
270,401,21.026155,2044,2021-06-28 18:22:11,52.172878,012
271,172,21.0147754,2045,2021-06-28 18:22:09,52.1962299,010
272,172,20.979334,2200,2021-06-28 18:22:10,52.20023,4
273,523,21.066648,2201,2021-06-28 18:22:11,52.229816,14
274,187,21.0582747,2202,2021-06-28 18:22:10,52.1917262,3
275,136,21.0556496,2203,2021-06-28 18:22:10,52.1474006,1
276,Z10,20.913536,2204,2021-06-28 18:22:09,52.237701,010
277,171,20.975067,2205,2021-06-28 18:22:10,52.237694,011
278,189,20.915951,2207,2021-06-28 18:22:11,52.219395,10
279,190,21.000156,2209,2021-06-28 18:22:11,52.244125,8
280,172,21.068943,2210,2021-06-28 18:22:10,52.181526,2
281,122,20.945627,2212,2021-06-28 18:22:10,52.266102,6
282,122,20.917067,2213,2021-06-28 18:22:10,52.250492,07
283,136,21.051308,2215,2021-06-28 18:22:03,52.146023,11
284,190,20.9213387,2216,2021-06-28 18:11:23,52.197379,018
285,401,20.8705117,2217,2021-06-28 18:22:10,52.1983169,09
286,Z10,20.913738,2218,2021-06-28 18:22:11,52.237175,5
287,148,20.978184,2221,2021-06-28 18:22:10,52.1694854,8
288,523,21.0838847,2222,2021-06-28 18:22:09,52.2456679,1
289,191,20.951321,2223,2021-06-28 18:22:11,52.211182,9
290,189,21.0266836,2224,2021-06-28 18:22:07,52.1735036,2
291,191,20.935066,2225,2021-06-28 18:22:10,52.201626,5
292,517,21.010441,2226,2021-06-28 18:22:12,52.231785,3
293,136,21.0241134,2231,2021-06-28 18:22:11,52.161863,013
294,189,20.9018931,2232,2021-06-28 18:22:09,52.2279039,11
295,317,20.954096,2233,2021-06-28 18:22:09,52.185379,08
296,Z10,20.918056,2235,2021-06-28 18:22:12,52.220428,011
297,317,21.0230115,2236,2021-06-28 18:22:11,52.1733034,4
298,187,21.02603,2240,2021-06-28 18:22:10,52.219673,2
299,136,20.976477,2241,2021-06-28 18:22:10,52.21125,9
300,191,20.915243,2243,2021-06-28 18:22:11,52.202454,1
301,171,20.9187072,2244,2021-06-28 18:22:12,52.2398719,4
302,Z10,20.9132442,2245,2021-06-28 18:22:10,52.2382361,9
303,717,20.964973,2247,2021-06-28 18:22:12,52.218277,3
304,317,21.076628,2249,2021-06-28 18:22:10,52.167953,06
305,189,21.0689187,2252,2021-06-28 18:22:11,52.1813297,4
306,112,20.89686,2253,2021-06-28 18:22:10,52.226868,2
307,191,20.8966514,2254,2021-06-28 18:22:11,52.1961247,010
308,141,21.0826717,2256,2021-06-28 18:22:11,52.2406575,013
309,172,20.9755221,2257,2021-06-28 18:22:10,52.2040022,7
310,317,21.028662,2258,2021-06-28 18:22:11,52.17355,1
311,187,21.0633554,2259,2021-06-28 18:22:10,52.1870909,4
312,L48,21.303106,23481,2021-06-28 04:38:21,52.203297,1
313,L47,21.297752,23482,2021-06-28 18:22:11,52.241539,02
314,L47,21.31362,23483,2021-06-28 18:22:13,52.246311,1
315,L20,21.463831,24511,2021-06-28 18:22:09,52.133072,1
316,L20,21.471601,24512,2021-06-28 13:52:17,52.132278,1
317,L20,21.259716,24513,2021-06-28 18:22:08,52.107811,03
318,L20,21.471657,24515,2021-06-28 17:31:13,52.132061,2
319,245,21.115141,3400,2021-06-28 18:21:54,52.27799,2
320,112,20.9765993,3401,2021-06-28 18:22:08,52.278818,018
321,412,21.0683063,3403,2021-06-28 18:22:04,52.3233856,01
322,112,21.0916723,3404,2021-06-28 18:22:09,52.3065926,7
323,412,21.063069,3405,2021-06-28 18:21:59,52.310863,05
324,500,20.9824523,3406,2021-06-28 18:22:04,52.2532461,08
325,500,21.0230808,3408,2021-06-28 18:22:09,52.2644346,2
326,160,21.0539743,3409,2021-06-28 18:22:03,52.2631278,013
327,245,21.076618,3410,2021-06-28 18:22:03,52.286693,05
328,114,20.973404,3411,2021-06-28 18:22:01,52.26518,011
329,500,20.9822241,3413,2021-06-28 18:22:01,52.253173,1
330,190,21.0523193,3414,2021-06-28 18:22:04,52.2624346,027
331,114,20.9546363,3415,2021-06-28 18:22:05,52.2691506,09
332,114,21.0409218,3416,2021-06-28 18:22:02,52.2889715,010
333,738,21.1176806,3417,2021-06-28 18:22:06,52.3384065,3
334,738,21.0570748,3418,2021-06-28 18:21:57,52.2748791,4
335,190,21.0875501,3421,2021-06-28 18:22:08,52.301959,021
336,500,21.0417383,3422,2021-06-28 18:22:07,52.3003046,4
337,185,21.0220583,3423,2021-06-28 18:22:08,52.1426516,10
338,512,21.0521853,3424,2021-06-28 18:22:01,52.2530041,2
339,512,21.0519413,3426,2021-06-28 18:22:08,52.2528671,3
340,169,21.051655,3427,2021-06-28 18:22:10,52.252891,2
341,185,21.0572795,3428,2021-06-28 18:22:10,52.1826475,7
342,500,21.04745,3429,2021-06-28 18:22:12,52.2866283,6
343,169,21.0348565,3430,2021-06-28 18:22:08,52.2583601,3
344,112,20.897055,3431,2021-06-28 18:21:57,52.2275931,3
345,Z26,20.9745218,3432,2021-06-28 18:22:07,52.2355071,1
346,Z26,20.972518,3434,2021-06-28 18:21:54,52.235488,6
347,175,20.984748,3435,2021-06-28 18:22:10,52.200681,55
348,509,20.942137,3437,2021-06-28 18:22:04,52.334049,5
349,132,21.0328273,3438,2021-06-28 18:22:10,52.2995258,06
350,738,21.109831,3439,2021-06-28 18:22:01,52.328921,1
351,414,20.956136,3440,2021-06-28 18:21:58,52.249551,07
352,512,21.0496011,3441,2021-06-28 18:22:01,52.2860011,5
353,500,21.0181223,3442,2021-06-28 18:22:06,52.2630508,7
354,509,21.0916721,3443,2021-06-28 18:22:04,52.2252628,11
355,245,21.0761246,3444,2021-06-28 18:22:00,52.286761,04
356,145,21.0935116,3445,2021-06-28 18:22:11,52.2442783,8
357,509,21.0613871,3446,2021-06-28 18:22:10,52.231695,14
358,162,21.0356028,3447,2021-06-28 18:22:02,52.2519255,6
359,190,20.899115,3448,2021-06-28 18:22:07,52.2388863,2
360,112,21.0517486,3449,2021-06-28 18:22:09,52.2922745,9
361,112,20.91306,3450,2021-06-28 18:22:02,52.238463,12
362,114,21.043474,3451,2021-06-28 09:14:51,52.2654126,09
363,145,21.0351473,3452,2021-06-28 18:22:08,52.2885738,015
364,527,21.0511936,3453,2021-06-28 18:22:06,52.291795,2
365,190,20.8988208,3454,2021-06-28 18:22:05,52.2388578,1
366,145,21.1274208,3455,2021-06-28 18:22:07,52.2557641,5
367,509,20.941942,3458,2021-06-28 18:22:04,52.3339125,355
368,245,21.1134728,3459,2021-06-28 18:22:06,52.2797996,1
369,190,21.0708081,3460,2021-06-28 18:22:03,52.2812983,022
370,114,20.925218,3462,2021-06-28 18:21:59,52.308656,2
371,190,21.0816531,3463,2021-06-28 18:22:01,52.2947155,6
372,500,21.0420881,3464,2021-06-28 18:22:08,52.3002111,5
373,114,21.0418565,3465,2021-06-28 18:22:08,52.3001996,6
374,112,20.9040071,3466,2021-06-28 18:22:09,52.2281271,1
375,509,21.0479906,3467,2021-06-28 18:22:00,52.2631406,022
376,245,21.0529036,3468,2021-06-28 18:22:06,52.2764823,03
377,114,21.0034735,3469,2021-06-28 18:22:05,52.2904045,7
378,L17,20.950846,36442,2021-06-28 18:22:14,51.980148,02
379,L19,21.025513,36443,2021-06-28 18:22:14,52.077717,1
380,L17,21.029398,36444,2021-06-28 18:22:07,52.074577,1
381,L19,21.004454,36445,2021-06-28 18:22:07,51.999104,02
382,L30,21.217016,36446,2021-06-28 18:22:11,51.981621,1
383,L28,21.122761,36447,2021-06-28 18:22:11,52.03392,1
384,L30,21.130491,36448,2021-06-28 18:18:01,51.968395,02
385,L42,21.11618,37531,2021-06-28 18:22:12,52.102627,52
386,L21,21.21752,37533,2021-06-28 18:22:07,51.981091,1
387,L16,21.103792,37534,2021-06-28 18:22:09,52.088299,1
388,L14,21.117432,37535,2021-06-28 18:22:09,52.094696,1
389,L15,21.128,37536,2021-06-28 18:22:07,52.050858,51
390,L39,21.024252,38541,2021-06-28 18:21:26,52.061977,4
391,L23,21.01825,38544,2021-06-28 18:22:05,52.066719,052
392,L39,21.021744,38545,2021-06-28 18:22:09,52.078667,3
393,L32,20.971342,38546,2021-06-28 18:22:10,52.020184,1
394,L39,21.004555,38547,2021-06-28 05:46:58,52.110222,1
395,L39,20.992395,38548,2021-06-28 18:22:07,52.109901,2
396,L23,21.056805,38549,2021-06-28 18:21:35,52.072533,51
397,L52,21.093708,38550,2021-06-28 18:22:08,52.085442,1
398,L12,21.029436,39551,2021-06-28 18:12:23,52.075226,062
399,L-2,20.896261,39552,2021-06-28 18:22:03,52.007652,063
400,L25,21.195854,39554,2021-06-28 18:20:51,51.984608,02
401,L25,21.029522,39555,2021-06-28 18:22:06,52.074883,1
402,L12,20.965769,39556,2021-06-28 18:22:07,52.037582,061
403,L-2,21.029575,39557,2021-06-28 18:22:09,52.074013,64
404,L12,20.982416,39558,2021-06-28 18:22:06,52.047703,65
405,L13,21.040556,39560,2021-06-28 18:22:12,52.026669,1
406,L13,21.040537,39561,2021-06-28 18:22:05,52.027462,03
407,L13,21.024054,39562,2021-06-28 18:22:08,52.06847,2
408,L-5,21.022318,39565,2021-06-28 18:22:11,52.073589,1
409,255,20.9604112,4200,2021-06-28 18:22:08,52.2282989,2
410,703,20.943466,4202,2021-06-28 18:22:10,52.174927,52
411,197,20.948793,4205,2021-06-28 18:22:10,52.276855,2
412,902,20.9223249,4206,2021-06-28 16:30:27,52.1964574,M1
413,255,20.9518969,4207,2021-06-28 18:22:10,52.2274672,03
414,154,20.906191,4209,2021-06-28 18:22:11,52.239132,4
415,178,20.925436,4210,2021-06-28 18:22:11,52.203632,011
416,154,20.942812,4211,2021-06-28 18:22:11,52.238865,010
417,711,20.86338,4212,2021-06-28 18:22:08,52.116581,063
418,154,20.9561919,4213,2021-06-28 18:22:11,52.2276729,1
419,154,20.963724,4214,2021-06-28 18:22:07,52.183773,8
420,711,20.8746397,4215,2021-06-28 18:22:09,52.1286376,061
421,122,20.9525585,4216,2021-06-28 18:22:10,52.2624976,3
422,197,20.9757679,4217,2021-06-28 18:22:09,52.2897114,3
423,197,20.938997,4218,2021-06-28 18:22:11,52.247616,1
424,255,20.931103,4219,2021-06-28 18:22:11,52.225189,1
425,197,20.91602,4221,2021-06-28 18:22:11,52.2201646,10
426,129,20.9349312,4224,2021-06-28 18:22:10,52.234271,2
427,121,20.9251232,4225,2021-06-28 18:22:09,52.2725329,03
428,197,20.938921,4227,2021-06-28 18:22:09,52.246502,5
429,154,20.979389,4228,2021-06-28 18:22:10,52.191868,6
430,902,21.0409867,4229,2021-06-28 18:22:10,52.2412454,M2
431,154,20.9359824,4230,2021-06-28 18:22:10,52.1669954,7
432,178,20.89592,4231,2021-06-28 18:22:11,52.18568,9
433,178,20.9037312,4232,2021-06-28 18:22:09,52.1892797,7
434,714,20.9032319,4233,2021-06-28 18:22:09,52.2390212,3
435,729,20.7408952,4234,2021-06-28 18:22:11,52.2826417,02
436,714,20.9247032,4235,2021-06-28 18:22:10,52.240606,2
437,L-3,20.891092,42362,2021-06-28 18:22:07,52.079002,02
438,154,20.969795,4237,2021-06-28 18:22:07,52.213543,5
439,154,20.8984929,4238,2021-06-28 18:22:11,52.2584065,3
440,178,20.984772,4239,2021-06-28 18:22:10,52.23032,8
441,154,20.9655191,4240,2021-06-28 18:22:10,52.1987737,011
442,714,20.9504889,4241,2021-06-28 18:22:11,52.2385747,04
443,154,20.918005,4242,2021-06-28 18:22:10,52.239555,2
444,154,20.898336,4243,2021-06-28 18:22:11,52.258305,09
445,901,21.0041952,4244,2021-06-28 18:22:11,52.2295387,1
446,901,21.0420485,4246,2021-06-28 18:22:12,52.2215186,3
447,714,20.795559,4247,2021-06-28 18:22:10,52.26445,1
448,729,20.9508824,4248,2021-06-28 18:22:10,52.238546,1
449,121,20.959902,4249,2021-06-28 18:22:09,52.2794,2
450,L-1,20.893215,42494,2021-06-28 18:22:06,52.078995,1
451,L-4,21.0165,42495,2021-06-28 06:12:56,52.098907,2
452,L-3,20.912909,42500,2021-06-28 18:22:05,52.097801,1
453,146,21.1985778,4303,2021-06-28 18:22:08,52.1586561,06
454,119,21.2056347,4304,2021-06-28 18:22:12,52.2100487,07
455,117,21.1024985,4305,2021-06-28 18:22:12,52.2221387,4
456,147,21.0418124,4307,2021-06-28 18:22:10,52.2394812,010
457,142,21.1146872,4308,2021-06-28 18:22:11,52.2397266,08
458,702,21.262807,4312,2021-06-28 18:22:12,52.1080799,1
459,105,16.9750897,4332,2021-06-26 13:35:37,52.5472771,4
460,N72,16.9763326,4333,2021-06-28 15:21:54,52.5456077,215
461,240,21.116358,4400,2021-06-28 18:22:11,52.337048,1
462,132,20.9682649,4401,2021-06-28 18:22:09,52.2726259,09
463,126,20.9994924,4402,2021-06-28 18:22:10,52.3174691,2
464,120,21.038017,4403,2021-06-28 18:22:08,52.256016,5
465,166,21.027177,4404,2021-06-28 18:22:10,52.2599842,3
466,156,21.052124,4406,2021-06-28 18:22:10,52.25301,2
467,122,20.9767159,4407,2021-06-28 18:22:11,52.2899352,010
468,134,21.049557,4408,2021-06-28 18:22:09,52.340256,05
469,106,21.020504,4409,2021-06-28 18:22:09,52.243271,1
470,199,21.067896,4411,2021-06-28 18:22:10,52.277641,3
471,173,21.2175812,4413,2021-06-28 18:22:10,52.2146025,2
472,106,21.005394,4415,2021-06-28 18:22:10,52.237843,2
473,106,21.027386,4416,2021-06-28 18:22:07,52.238953,07
474,170,21.048666,4417,2021-06-28 18:22:10,52.255127,2
475,106,20.981108,4418,2021-06-28 18:22:11,52.233139,3
476,120,21.049118,4419,2021-06-28 18:22:11,52.269833,7
477,901,21.0113064,4420,2021-06-28 18:22:11,52.2301731,4
478,126,21.056808,4421,2021-06-28 18:22:08,52.301922,1
479,338,21.088573,4422,2021-06-28 18:22:11,52.262569,02
480,106,21.025829,4423,2021-06-28 18:22:08,52.240681,5
481,901,21.0212096,4424,2021-06-28 18:22:11,52.2314274,2
482,156,20.933144,4425,2021-06-28 18:22:08,52.289585,5
483,166,21.038132,4427,2021-06-28 18:22:11,52.234699,4
484,156,20.9340679,4428,2021-06-28 18:22:10,52.2886325,4
485,303,20.939568,4429,2021-06-28 18:22:08,52.278572,2
486,106,20.966736,4430,2021-06-28 18:22:11,52.243652,08
487,338,21.033381,4434,2021-06-28 18:22:08,52.2593745,03
488,122,20.8979607,5200,2021-06-28 18:22:06,52.2481419,08
489,171,21.0059922,5201,2021-06-28 18:22:08,52.2385096,8
490,517,20.9517072,5202,2021-06-28 18:22:07,52.2118359,09
491,523,20.954118,5203,2021-06-28 18:21:57,52.238246,020
492,401,20.862968,5204,2021-06-28 18:21:53,52.190175,013
493,105,20.9243486,5205,2021-06-28 18:22:09,52.2218825,5
494,131,21.0689462,5206,2021-06-28 18:22:03,52.1813302,2
495,182,20.9950913,5207,2021-06-28 18:22:04,52.2168009,011
496,517,20.9873143,5208,2021-06-28 18:22:02,52.2234569,2
497,184,20.948303,5210,2021-06-28 18:21:54,52.238675,2
498,105,20.905758,5211,2021-06-28 18:21:57,52.217631,09
499,523,21.1068543,5212,2021-06-28 18:22:08,52.2480472,015
500,Z10,20.9118052,5213,2021-06-28 18:22:10,52.2449553,1
501,184,20.9242373,5214,2021-06-28 18:22:10,52.2546484,1
502,523,20.9874235,5215,2021-06-28 18:22:06,52.2161637,7
503,131,21.0034199,5216,2021-06-28 18:22:01,52.2293921,8
504,189,20.9220571,5217,2021-06-28 16:49:01,52.1957361,11
505,122,20.9859211,5218,2021-06-28 18:21:57,52.2683915,011
506,401,20.8620647,5219,2021-06-28 18:22:04,52.1903386,6
507,124,20.9651025,5222,2021-06-28 18:22:02,52.1516505,1
508,190,21.0706621,5223,2021-06-28 18:22:04,52.2809741,7
509,517,20.9432125,5224,2021-06-28 18:22:02,52.2057373,4
510,523,21.0064465,5225,2021-06-28 18:22:02,52.2171537,6
511,401,21.0074248,5226,2021-06-28 18:22:09,52.1771113,4
512,189,21.0692988,5227,2021-06-28 18:22:02,52.1812182,024
513,124,20.9441087,5228,2021-06-28 18:22:10,52.1752863,2
514,131,21.0220129,5229,2021-06-28 18:22:04,52.2112789,5
515,523,21.078578,5230,2021-06-28 18:22:05,52.2351476,016
516,189,21.0277933,5232,2021-06-28 18:22:03,52.1733651,7
517,148,21.0516347,5233,2021-06-28 18:22:06,52.159392,011
518,105,20.978918,5234,2021-06-28 18:21:51,52.229486,011
519,105,20.9575819,5235,2021-06-28 18:22:02,52.2282234,3
520,517,20.914845,5236,2021-06-28 18:22:07,52.1996739,1
521,171,21.0434334,5237,2021-06-28 18:22:01,52.222852,6
522,401,20.8617786,5238,2021-06-28 18:22:10,52.1904618,7
523,182,21.1001261,5239,2021-06-28 18:22:01,52.2382549,9
524,184,20.9639426,5240,2021-06-28 18:22:05,52.2080725,3
525,187,20.9299412,5241,2021-06-28 18:22:10,52.1966557,8
526,190,20.9230033,5243,2021-06-28 18:22:06,52.1965243,011
527,189,21.0435034,5244,2021-06-28 18:22:08,52.1726272,018
528,105,20.898524,5245,2021-06-28 18:21:52,52.239053,6
529,148,21.0872234,5246,2021-06-28 18:22:08,52.244794,012
530,716,20.8289001,5247,2021-06-28 18:22:02,52.1929463,1
531,141,21.0328539,5248,2021-06-28 18:22:03,52.2012863,7
532,317,20.9444675,5249,2021-06-28 18:22:02,52.1755892,2
533,188,21.0856506,5250,2021-06-28 18:22:10,52.2448124,3
534,187,20.9616809,5251,2021-06-28 18:22:06,52.2168311,1
535,189,20.8991454,5253,2021-06-28 18:22:08,52.238634,020
536,401,20.9832938,5254,2021-06-28 18:22:07,52.1824631,010
537,190,21.0880869,5255,2021-06-28 18:22:08,52.3027237,016
538,148,21.0440945,5256,2021-06-28 18:21:57,52.1765985,1
539,716,20.914419,5257,2021-06-28 18:21:55,52.20631,2
540,188,21.0167941,5258,2021-06-28 18:22:01,52.2171673,4
541,105,20.898843,5260,2021-06-28 18:22:00,52.238778,08
542,723,20.94619,5401,2021-06-28 18:22:11,52.349773,3
543,185,20.985432,5403,2021-06-28 18:22:11,52.269817,3
544,145,21.127232,5404,2021-06-28 18:22:11,52.257236,4
545,269,21.0416472,5405,2021-06-28 18:22:09,52.3004227,05
546,509,21.082296,5406,2021-06-28 18:22:11,52.226048,13
547,120,21.0457417,5407,2021-06-28 18:22:10,52.3610794,2
548,527,21.057232,5408,2021-06-28 18:22:10,52.3226499,054
549,E-9,21.067472,5409,2021-06-28 18:22:07,52.316387,01
550,731,20.9826282,5410,2021-06-28 18:22:10,52.308943,1
551,723,20.9153047,5412,2021-06-28 18:22:11,52.4108265,4
552,705,21.056339,5413,2021-06-28 18:22:10,52.444607,66
553,511,20.9672371,5414,2021-06-28 18:22:10,52.3283357,1
554,723,20.9415095,5416,2021-06-28 18:22:10,52.3558234,1
555,E-9,20.9671891,5417,2021-06-28 18:22:10,52.2710847,02
556,511,20.942251,5418,2021-06-28 18:22:10,52.348534,2
557,120,21.047447,5419,2021-06-28 18:22:12,52.340553,3
558,160,21.055197,5420,2021-06-28 18:22:09,52.275391,5
559,511,20.9627892,5421,2021-06-28 18:22:11,52.3341827,3
560,160,21.004047,5423,2021-06-28 18:22:09,52.245636,012
561,511,20.9319252,5424,2021-06-28 18:22:11,52.2934797,06
562,116,20.988321,5425,2021-06-28 18:22:09,52.26672,4
563,116,20.9249697,5426,2021-06-28 18:22:11,52.2723872,11
564,527,21.068407,5428,2021-06-28 18:22:10,52.32362,1
565,731,20.986242,5429,2021-06-28 18:22:10,52.30558,2
566,145,21.049356,5430,2021-06-28 18:22:09,52.289925,11
567,160,21.0626805,5432,2021-06-28 18:22:11,52.3251532,7
568,414,21.031784,5434,2021-06-28 18:22:11,52.288681,08
569,527,21.0464392,5436,2021-06-28 18:22:12,52.2816305,3
570,705,21.0289592,5437,2021-06-28 18:22:09,52.3787049,1
571,731,20.9254775,5438,2021-06-28 18:22:11,52.4216609,4
572,738,21.1997037,5439,2021-06-28 18:22:11,52.4054142,2
573,735,21.0117517,5441,2021-06-28 18:22:11,52.4538734,64
574,160,21.015696,5443,2021-06-28 18:22:09,52.24691,2
575,E-9,21.0112649,5444,2021-06-28 18:22:11,52.2932414,04
576,705,21.048461,5445,2021-06-28 03:52:31,52.264575,65
577,735,21.002495,5446,2021-06-28 18:22:10,52.313816,62
578,114,20.932446,5447,2021-06-28 18:22:10,52.306068,08
579,735,20.984165,5448,2021-06-28 18:22:11,52.307953,63
580,160,21.0029462,5449,2021-06-28 18:22:11,52.2294112,3
581,511,20.927927,5453,2021-06-28 18:22:10,52.291149,4
582,160,21.0604599,5454,2021-06-28 18:22:11,52.2687657,09
583,169,21.033743,5455,2021-06-28 18:22:11,52.296761,4
584,269,21.042629,5457,2021-06-28 18:22:09,52.299309,04
585,180,20.9293366,5459,2021-06-28 18:22:12,52.2909019,016
586,705,21.0291672,5460,2021-06-28 18:22:10,52.3786016,65
587,128,21.012985,5870,2021-06-28 18:22:11,52.243019,53
588,175,20.9934704,5871,2021-06-28 18:22:11,52.2260897,59
589,503,21.002304,5873,2021-06-28 18:22:09,52.254723,1
590,175,20.977812,5874,2021-06-28 18:22:10,52.181084,58
591,138,20.9980704,5875,2021-06-28 18:22:09,52.1867687,011
592,331,20.998075,5876,2021-06-28 18:22:11,52.187317,01
593,180,20.9248259,5877,2021-06-28 18:22:09,52.2725307,017
594,709,20.998053,5878,2021-06-28 18:22:12,52.187267,013
595,175,20.985765,5880,2021-06-28 18:22:10,52.204735,070
596,503,21.04657,5881,2021-06-28 18:22:09,52.190704,5
597,175,20.979105,5882,2021-06-28 18:22:09,52.169621,56
598,180,20.935011,5883,2021-06-28 18:22:08,52.271214,10
599,503,20.998091,5885,2021-06-28 18:03:22,52.18679,5
600,180,21.018053,5886,2021-06-28 18:22:04,52.236763,13
601,128,20.973799,5887,2021-06-28 18:22:08,52.205139,074
602,175,20.978287,5888,2021-06-28 18:22:10,52.169479,069
603,180,20.946169,5889,2021-06-28 18:22:11,52.266697,8
604,128,20.997696,5890,2021-06-28 18:22:07,52.226772,62
605,180,20.980883,5891,2021-06-28 18:22:08,52.253262,7
606,504,20.992144,5892,2021-06-28 18:22:11,52.183235, 
607,503,21.004389,5893,2021-06-28 18:22:10,52.255489,3
608,128,21.00993,5894,2021-06-28 18:22:10,52.22958,066
609,503,21.007935,5895,2021-06-28 18:22:11,52.247971,12
610,503,21.0026,5897,2021-06-28 18:22:11,52.2548,2
611,175,21.012756,5898,2021-06-28 18:22:08,52.243206,071
612,128,20.989397,5899,2021-06-28 18:22:07,52.22406,51
613,158,21.080311,5900,2021-06-28 18:22:09,52.235657,5
614,128,21.011059,5902,2021-06-28 18:22:09,52.244736,52
615,158,21.077618,5903,2021-06-28 18:22:12,52.23682,8
616,503,21.050182,5905,2021-06-28 18:22:11,52.144722,8
617,128,20.963684,5906,2021-06-28 18:22:10,52.207649,63
618,503,21.04994,5907,2021-06-28 18:22:07,52.144608,7
619,175,20.990194,5908,2021-06-28 18:22:11,52.223385,068
620,128,21.012857,5909,2021-06-28 18:22:09,52.243179,067
621,128,20.986206,5910,2021-06-28 18:22:07,52.204559,073
622,111,21.08367,5911,2021-06-28 18:22:09,52.226459,4
623,116,20.92466,5913,2021-06-28 18:22:11,52.273304,12
624,175,21.013479,5915,2021-06-28 18:22:09,52.23008,54
625,175,21.012863,5918,2021-06-28 18:22:11,52.243053,60
626,158,20.949335,5920,2021-06-28 18:22:09,52.211601,1
627,116,21.009138,5921,2021-06-28 18:22:11,52.247509,15
628,175,21.1163987,5923,2021-06-28 10:17:16,52.2339737,072
629,116,21.037577,5924,2021-06-28 18:22:11,52.199661,17
630,116,21.083868,5926,2021-06-28 18:22:09,52.166023,3
631,158,21.117666,5927,2021-06-28 18:22:08,52.233795, 
632,116,21.0265189,5928,2021-06-28 18:22:04,52.2141384,5
633,175,20.978201,5929,2021-06-28 18:22:06,52.169453,57
634,158,21.009666,5930,2021-06-28 18:22:06,52.229305,9
635,158,21.016949,5931,2021-06-28 18:22:08,52.231045,3
636,116,21.020033,5932,2021-06-28 18:22:10,52.232368,6
637,111,20.9791092,5933,2021-06-28 18:22:11,52.2443359,2
638,158,20.96417,5934,2021-06-28 18:22:10,52.217487,4
639,503,21.023504,5935,2021-06-28 18:22:00,52.225979,11
640,503,21.045048,5936,2021-06-28 18:22:09,52.182163,10
641,111,20.995066,5937,2021-06-28 18:22:10,52.248932,10
642,158,20.97521,5939,2021-06-28 18:22:09,52.221004,2
643,175,21.018085,5942,2021-06-28 18:22:10,52.236263,072
644,111,21.0902,5943,2021-06-28 18:22:07,52.2282,7
645,158,21.112778,5945,2021-06-28 18:22:09,52.236313,6
646,111,21.060688,5946,2021-06-28 18:22:08,52.232624,8
647,111,21.102503,5947,2021-06-28 18:22:08,52.222076,5
648,503,21.049606,5948,2021-06-28 18:22:11,52.154514,013
649,503,21.019577,5950,2021-06-28 18:22:11,52.233192,4
650,180,21.083872,5951,2021-06-28 18:22:08,52.168144,2
651,518,20.938356,5952,2021-06-28 18:22:07,52.323887,7
652,160,20.997448,5954,2021-06-28 18:22:09,52.235584,010
653,111,21.048824,5958,2021-06-28 18:22:09,52.237598,011
654,160,21.06126,5959,2021-06-28 18:22:11,52.310108,08
655,111,20.999966,5960,2021-06-28 18:22:10,52.245712,3
656,190,21.046682,5961,2021-06-28 18:22:07,52.265339,024
657,116,20.94799,5962,2021-06-28 18:22:11,52.277004,13
658,111,20.979416,5963,2021-06-28 18:22:07,52.244408,1
659,518,21.023579,5964,2021-06-28 18:22:02,52.22831,3
660,518,20.942112,5965,2021-06-28 18:22:08,52.334549,08
661,518,20.997686,5966,2021-06-28 18:22:12,52.253941,2
662,160,21.002775,5967,2021-06-28 18:22:02,52.229244,011
663,180,20.981236,5970,2021-06-28 18:22:09,52.252769,11
664,518,20.984383,5972,2021-06-28 18:22:07,52.307518,1
665,E-9,20.968039,5973,2021-06-28 18:22:07,52.272011,03
666,518,21.015255,5975,2021-06-28 18:22:02,52.242241,4
667,180,21.023773,5976,2021-06-28 18:22:09,52.225296,6
668,503,21.046181,5978,2021-06-28 18:22:11,52.150284,9
669,503,21.040958,5979,2021-06-28 18:22:07,52.17033,6
670,111,21.102203,5980,2021-06-28 18:22:10,52.222164,6
671,705,20.969505,5981,2021-06-28 18:22:09,52.269863, 
672,111,21.018257,5982,2021-06-28 18:22:11,52.23595,9
673,128,20.974192,5983,2021-06-28 18:22:10,52.205013,65
674,180,21.068613,5984,2021-06-28 18:21:58,52.182236,4
675,180,21.031229,5985,2021-06-28 18:22:06,52.207077,14
676,180,20.99021,5986,2021-06-28 18:22:11,52.247837,12
677,180,20.925024,5987,2021-06-28 18:22:08,52.272404,9
678,180,21.059248,5988,2021-06-28 18:22:09,52.191017,1
679,116,21.059845,5989,2021-06-28 18:22:05,52.178165,1
680,705,21.055929,5990,2021-06-28 18:22:09,52.441338,08
681,116,21.084162,5991,2021-06-28 18:22:10,52.167805,2
682,518,20.941696,5994,2021-06-28 18:22:10,52.320778,6
683,116,21.004589,5995,2021-06-28 18:22:10,52.24963,7
684,116,21.02519,5996,2021-06-28 18:22:11,52.21986,16
685,116,20.924948,5997,2021-06-28 18:22:11,52.272297,10
686,518,20.99976,5998,2021-06-28 18:22:10,52.292255,5
687,116,20.930094,5999,2021-06-28 18:22:10,52.279442,8
688,184,20.930954,6200,2021-06-28 18:22:08,52.292023,7
689,112,20.932379,6201,2021-06-28 18:22:10,52.26796,11
690,187,20.874388,6203,2021-06-28 18:22:10,52.195305,9
691,167,21.0477434,6204,2021-06-28 18:22:10,52.2070465,013
692,728,20.925642,6207,2021-06-28 18:22:09,52.158989,02
693,Z10,20.9165847,6208,2021-06-28 18:22:10,52.2250349,7
694,703,20.8297982,6209,2021-06-28 18:22:10,52.0550377,91
695,414,20.963855,6210,2021-06-28 18:22:10,52.2077564,04
696,713,20.863054,6212,2021-06-28 18:22:11,52.216175,3
697,414,20.957092,6213,2021-06-28 18:22:10,52.240257,03
698,184,20.956877,6214,2021-06-28 18:22:10,52.227654,5
699,191,20.967739,6215,2021-06-28 18:22:11,52.214329,6
700,105,20.899021,6216,2021-06-28 18:22:11,52.238747,7
701,167,21.082968,6217,2021-06-28 18:22:11,52.208309,1
702,105,20.897097,6218,2021-06-28 18:22:10,52.223522,010
703,136,21.002182,6220,2021-06-28 18:22:09,52.1768,4
704,189,20.898758,6221,2021-06-28 18:22:08,52.238724,13
705,187,21.0064815,6222,2021-06-28 18:22:11,52.2172471,5
706,105,20.935871,6223,2021-06-28 18:22:11,52.224964,4
707,517,20.883444,6224,2021-06-28 18:22:11,52.196171,6
708,717,20.841436,6225,2021-06-28 18:22:11,52.180538,2
709,716,20.930573,6226,2021-06-28 18:22:10,52.22506,3
710,188,21.0154212,6227,2021-06-28 18:22:09,52.2173377,1
711,190,20.914791,6228,2021-06-28 18:22:10,52.231922,3
712,187,21.003206,6229,2021-06-28 18:22:11,52.217072,6
713,706,20.919386,6231,2021-06-28 18:22:09,52.133293,03
714,190,20.916349,6232,2021-06-28 18:22:11,52.239338,9
715,191,20.902664,6233,2021-06-28 18:22:11,52.193993,4
716,414,21.021765,6234,2021-06-28 18:22:10,52.286263,02
717,112,20.9675382,6236,2021-06-28 18:22:10,52.2734169,10
718,114,20.9923646,6237,2021-06-28 18:22:11,52.2707152,4
719,728,20.8640017,6239,2021-06-28 18:22:11,52.0461336,1
720,414,21.041967,6240,2021-06-28 18:22:11,52.300076,01
721,517,20.862473,6241,2021-06-28 18:22:11,52.190277,5
722,182,20.9686815,6242,2021-06-28 18:22:11,52.2193387,7
723,706,20.9340689,6243,2021-06-28 18:22:11,52.167212,2
724,L29,20.463127,65471,2021-06-28 18:22:07,52.267975,1
725,L-6,20.89436,66524,2021-06-28 18:22:11,52.260734,02
726,L-6,20.706221,66525,2021-06-28 18:22:07,52.246658,1
727,190,20.8966416,7200,2021-06-28 18:22:08,52.2333344,10
728,189,21.0587212,7201,2021-06-28 18:22:10,52.1835964,6
729,112,21.032375,7202,2021-06-28 18:22:10,52.299084,019
730,141,21.0651174,7203,2021-06-28 18:22:11,52.2293465,4
731,317,20.957396,7204,2021-06-28 18:22:11,52.190601,07
732,131,21.0039244,7205,2021-06-28 18:22:11,52.2294471,011
733,523,20.8983069,7206,2021-06-28 18:22:09,52.2585241,10
734,189,20.9268075,7207,2021-06-28 18:22:11,52.1960002,019
735,414,20.975622,7208,2021-06-28 18:22:09,52.2104,06
736,721,20.900198,7212,2021-06-28 18:22:09,52.13797,02
737,112,20.934025,7213,2021-06-28 18:22:07,52.271614,5
738,191,20.895939,7214,2021-06-28 18:22:10,52.193905,2
739,112,21.059795,7215,2021-06-28 18:22:11,52.303844,8
740,713,20.8605,7216,2021-06-28 18:22:11,52.21587,2
741,189,20.901129,7219,2021-06-28 18:22:10,52.22802,022
742,517,20.9833169,7220,2021-06-28 18:22:08,52.2181289,09
743,187,20.914984,7222,2021-06-28 18:22:12,52.1996,12
744,122,20.976395,7223,2021-06-28 18:22:11,52.289795,2
745,721,20.8771426,7225,2021-06-28 18:22:08,52.0790597,1
746,706,20.9416227,7226,2021-06-28 18:22:10,52.1769914,1
747,114,20.926203,7227,2021-06-28 18:22:08,52.282845,3
748,114,20.928005,7228,2021-06-28 18:22:11,52.284378,1
749,112,20.89588,7229,2021-06-28 18:22:08,52.214802,014
750,517,20.8617214,7230,2021-06-28 18:22:10,52.1909442,08
751,713,20.741957,7231,2021-06-28 18:22:09,52.211662,04
752,717,20.899595,7232,2021-06-28 18:22:11,52.184383,1
753,189,21.04726,7233,2021-06-28 18:22:11,52.177696,3
754,713,20.9302237,7234,2021-06-28 18:22:11,52.2248811,1
755,187,20.862072,7235,2021-06-28 18:22:10,52.191002,10
756,184,20.9281484,7237,2021-06-28 18:22:11,52.2640637,6
757,141,21.1016506,7238,2021-06-28 18:22:10,52.2416699,5
758,189,20.91452,7239,2021-06-28 18:22:10,52.200249,16
759,184,20.9308179,7240,2021-06-28 18:22:10,52.2918417,8
760,317,21.083956,7241,2021-06-28 18:22:11,52.16605,5
761,141,20.943855,7242,2021-06-28 18:22:11,52.175606,1
762,523,20.912445,7243,2021-06-28 18:22:11,52.241356,9
763,401,21.026619,7244,2021-06-28 18:22:08,52.170364,3
764,187,20.950251,7245,2021-06-28 18:22:10,52.210411,7
765,190,20.9556942,7247,2021-06-28 18:22:10,52.2377711,017
766,188,20.9780804,7248,2021-06-28 18:22:09,52.1695147,5
767,171,20.925114,7249,2021-06-28 18:22:11,52.272484,3
768,317,20.978958,7250,2021-06-28 18:22:11,52.179611,3
769,105,20.897039,7251,2021-06-28 18:22:07,52.229916,2
770,167,20.98321,7252,2021-06-28 18:22:09,52.216068,4
771,122,20.985079,7254,2021-06-28 18:22:10,52.2812,1
772,191,20.9823811,7256,2021-06-28 18:22:11,52.2176469,8
773,190,20.897068,7257,2021-06-28 18:22:10,52.22913,012
774,187,20.867912,7258,2021-06-28 18:22:10,52.194126,11
775,189,20.915115,7259,2021-06-28 18:22:11,52.217072,15
776,125,21.156769,7301,2021-06-28 18:22:11,52.226048,08
777,507,21.063629,7303,2021-06-28 18:22:11,52.227749,5
778,188,20.9863314,7304,2021-06-28 18:22:11,52.2049089,07
779,138,20.9954219,7305,2021-06-28 18:22:10,52.1702952,4
780,151,21.0618025,7306,2021-06-28 18:22:11,52.2285019,04
781,509,20.9827694,7307,2021-06-28 18:22:07,52.3087541,7
782,138,21.068165,7308,2021-06-28 18:22:10,52.261028,1
783,188,21.084677,7310,2021-06-28 18:22:11,52.250435,2
784,182,20.9768522,7312,2021-06-28 18:22:11,52.2177164,5
785,E-1,21.0605636,7314,2021-06-28 18:22:09,52.2280756,01
786,143,21.1067014,7315,2021-06-28 18:22:09,52.2414854,7
787,188,21.1083665,7316,2021-06-28 18:22:08,52.2455054,08
788,402,20.9868371,7317,2021-06-28 18:22:11,52.1817501,3
789,182,21.017424,7318,2021-06-28 18:22:11,52.217411,4
790,182,21.0439621,7319,2021-06-28 18:22:11,52.2242534,3
791,411,21.102509,7320,2021-06-28 18:22:08,52.222099,01
792,182,20.965141,7322,2021-06-28 18:22:10,52.218128,8
793,E-1,21.1025017,7323,2021-06-28 18:22:11,52.2220739,02
794,138,21.00152,7325,2021-06-28 18:22:11,52.198559,3
795,141,21.046043,7326,2021-06-28 18:22:08,52.217861,6
796,E-1,21.0874684,7327,2021-06-28 18:22:09,52.2257465,03
797,182,21.112875,7328,2021-06-28 18:22:08,52.236313,1
798,523,20.9567877,7329,2021-06-28 18:22:11,52.2286104,017
799,171,20.976353,7330,2021-06-28 18:22:10,52.237953,5
800,162,21.0255655,7331,2021-06-28 18:22:10,52.2380921,013
801,141,21.000475,7333,2021-06-28 18:22:09,52.19574,8
802,116,20.9783704,7334,2021-06-28 18:22:09,52.2706202,69
803,110,20.886953,742,2021-06-28 18:22:11,52.285862,1
804,750,20.770821,745,2021-06-28 18:22:04,52.384659,07
805,250,20.882385,746,2021-06-28 18:22:11,52.302094,1
806,850,20.630297,749,2021-06-28 18:22:08,52.379864,2
807,150,20.939005,750,2021-06-28 18:22:08,52.301136,1
808,750,20.877048,755,2021-06-28 18:22:09,52.344166,2
809,110,20.968006,757,2021-06-28 18:22:11,52.272053,3
810,150,20.846592,758,2021-06-28 18:22:10,52.341343,2
811,750,20.89669,761,2021-06-28 18:22:07,52.336327,4
812,750,20.714649,762,2021-06-28 18:22:04,52.391781,1
813,850,20.895351,763,2021-06-28 18:22:06,52.337543,1
814,151,21.0154729,7701,2021-06-28 18:22:11,52.219918,1
815,411,21.0675666,7702,2021-06-28 18:22:08,52.2259331,04
816,402,21.1283882,7703,2021-06-28 18:22:12,52.2346544,7
817,151,21.1050156,7704,2021-06-28 18:22:10,52.2302119,05
818,110,16.977641,7715,2021-06-28 18:22:11,52.5460727,3
819,150,20.856890667,773,2021-06-28 18:22:12,52.346223333,05
820,150,20.905735,774,2021-06-28 18:22:09,52.328262,3
821,250,20.868565,775,2021-06-28 18:22:12,52.332855,3
822,250,20.9292,776,2021-06-28 18:22:11,52.2907,2
823,750,20.9281561,777,2021-06-28 18:22:10,52.2909537,3
824,143,21.178319,8103,2021-06-28 18:21:52,52.261857,011
825,167,20.9612688,8108,2021-06-28 18:22:02,52.2165405,8
826,217,21.0400571,8109,2021-06-28 18:22:09,52.176111,2
827,174,21.0108195,8110,2021-06-28 18:22:07,52.2014926,010
828,136,20.9716708,8112,2021-06-28 18:22:05,52.2127885,014
829,709,21.0199971,8115,2021-06-28 18:22:07,52.0748351,8
830,174,21.0021953,8119,2021-06-28 18:22:08,52.2268291,6
831,136,20.966016,8120,2021-06-28 18:22:10,52.243175,7
832,143,20.995818,8121,2021-06-28 18:22:09,52.188124,09
833,504,21.0179456,8123,2021-06-28 18:22:05,52.1542075,3
834,165,21.002423,8124,2021-06-28 18:22:08,52.158268,4
835,727,20.951733,8125,2021-06-28 18:22:07,52.032761,3
836,709,21.0023535,8126,2021-06-28 18:22:08,52.1822978,014
837,402,21.1551601,8130,2021-06-28 18:22:07,52.239806,5
838,136,21.031822,8131,2021-06-28 18:22:06,52.1500076,012
839,148,21.099654,8133,2021-06-28 18:21:59,52.223516,5
840,402,21.0007865,8134,2021-06-28 18:22:06,52.1783298,9
841,167,21.0366628,8135,2021-06-28 18:22:05,52.2068666,9
842,162,21.030647,8136,2021-06-28 18:22:05,52.2344328,08
843,162,21.050708,8137,2021-06-28 18:22:07,52.198428,011
844,162,21.0272733,8138,2021-06-28 18:22:10,52.259513,7
845,136,21.041702,8139,2021-06-28 18:22:06,52.1481521,016
846,168,21.0418635,8140,2021-06-28 18:22:04,52.2067525,4
847,504,21.0426078,8143,2021-06-28 18:22:06,52.1476001,011
848,504,21.0616498,8144,2021-06-28 18:22:06,52.131258,4
849,709,21.0153161,8145,2021-06-28 18:22:07,52.072026,011
850,727,21.0181755,8146,2021-06-28 18:22:04,52.1330746,2
851,148,21.055354,8148,2021-06-28 18:22:02,52.181483,6
852,709,21.0174046,8152,2021-06-28 18:22:06,52.1527668,1
853,217,21.0698915,8153,2021-06-28 18:22:04,52.1640246,1
854,136,20.956858,8154,2021-06-28 18:21:57,52.2307143,8
855,131,21.0308101,8155,2021-06-28 18:22:03,52.2069446,9
856,709,21.0192318,8156,2021-06-28 18:22:06,52.0918293,6
857,308,20.9885191,8158,2021-06-28 18:22:07,52.1844743,01
858,136,20.9824818,8160,2021-06-28 18:22:08,52.19421,5
859,504,21.0011781,8162,2021-06-28 18:22:03,52.227487,1
860,709,21.017182,8164,2021-06-28 18:22:10,52.159987,9
861,331,20.999501,8165,2021-06-28 18:22:08,52.1888936,03
862,148,21.0854568,8167,2021-06-28 18:22:07,52.2452676,4
863,218,20.9889935,8168,2021-06-28 18:22:04,52.1831766,3
864,504,21.0687393,8169,2021-06-28 18:22:09,52.1289285,5
865,131,21.0141005,8170,2021-06-28 18:22:07,52.2257811,1
866,167,20.9875713,8172,2021-06-28 18:22:06,52.216419,010
867,143,21.077564,8173,2021-06-28 18:21:55,52.23451,010
868,218,21.0199443,8174,2021-06-28 18:22:01,52.1799943,1
869,727,21.0054991,8175,2021-06-28 18:22:06,52.0535753,4
870,709,21.0238538,8176,2021-06-28 18:22:05,52.180039,3
871,143,21.0066626,8177,2021-06-28 18:22:08,52.216996,5
872,138,21.0445368,8178,2021-06-28 18:22:04,52.2545133,7
873,709,21.0126135,8181,2021-06-28 18:22:07,52.0732683,7
874,136,21.0532758,8182,2021-06-28 18:22:02,52.1499123,2
875,218,21.024586,8183,2021-06-28 18:22:09,52.190755,4
876,131,21.0158865,8184,2021-06-28 18:21:59,52.2223093,6
877,143,21.1373216,8185,2021-06-28 18:22:01,52.2464206,8
878,217,21.046244,8187,2021-06-28 18:22:08,52.1747951,4
879,185,21.038515,8188,2021-06-28 18:21:58,52.143446,9
880,504,21.0023365,8189,2021-06-28 18:22:02,52.1754558,7
881,709,21.0184021,8190,2021-06-28 18:22:07,52.1234446,5
882,131,21.0816603,8192,2021-06-28 18:22:05,52.171477,4
883,504,20.982257,8195,2021-06-28 18:22:07,52.1931511,2
884,504,21.005132,8196,2021-06-28 18:22:05,52.2288443,013
885,218,21.0238711,8197,2021-06-28 18:22:05,52.1798561,2
886,331,20.9969753,8198,2021-06-28 18:22:09,52.1875266,02
887,174,20.995543,8199,2021-06-28 18:22:12,52.170093,4
888,402,21.0626101,8201,2021-06-28 18:22:03,52.2023668,4
889,151,21.115749,8202,2021-06-28 10:44:07,52.233741,05
890,151,21.1175305,8204,2021-06-28 10:20:01,52.2338373,06
891,151,21.0838116,8208,2021-06-28 18:22:08,52.2360393,2
892,521,20.963819,8214,2021-06-28 18:21:58,52.207886,1
893,125,21.1934876,8216,2021-06-28 18:22:04,52.207427,2
894,182,21.0022163,8218,2021-06-28 18:22:02,52.217003,013
895,509,21.102256,8220,2021-06-28 18:22:07,52.221956,023
896,182,21.08618,8222,2021-06-28 18:22:03,52.2361093,2
897,509,21.030339,8223,2021-06-28 18:22:07,52.2555161,024
898,151,21.0689055,8225,2021-06-28 18:22:04,52.2300246,06
899,509,21.056266,8228,2021-06-28 18:22:03,52.237926,10
900,521,20.990965,8229,2021-06-28 18:22:02,52.2254971,2
901,523,20.912884,8231,2021-06-28 18:21:57,52.239534,021
902,162,21.0351575,8233,2021-06-28 18:22:08,52.255963,014
903,145,21.0472205,8300,2021-06-28 18:22:06,52.2865703,2
904,145,21.1263493,8301,2021-06-28 18:22:05,52.2602361,9
905,509,20.965966,8303,2021-06-28 18:22:03,52.318661,3
906,171,21.018602,8304,2021-06-28 18:21:59,52.2313658,010
907,509,21.116975,8305,2021-06-28 09:25:27,52.233583,022
908,117,21.0205255,8306,2021-06-28 18:22:02,52.2319135,3
909,116,21.051477,8309,2021-06-28 18:22:09,52.185639,4
910,141,20.980458,8310,2021-06-28 18:22:09,52.188856,2
911,168,20.9956931,8311,2021-06-28 18:22:12,52.192922,3
912,151,21.018615,8312,2021-06-28 18:22:07,52.2179858,3
913,720,21.2821493,8313,2021-06-28 18:22:03,52.1885186,02
914,162,21.0543723,8314,2021-06-28 18:22:09,52.195007,2
915,117,21.0715371,8315,2021-06-28 18:22:10,52.2250266,06
916,521,21.204591,8318,2021-06-28 18:22:05,52.159366,4
917,185,21.024805,8319,2021-06-28 18:22:08,52.1427545,11
918,151,21.116836,8320,2021-06-28 09:58:49,52.233566,04
919,162,21.0459091,8322,2021-06-28 18:22:05,52.2153131,5
920,509,21.0353323,8323,2021-06-28 18:22:07,52.2544423,9
921,148,21.0040438,8324,2021-06-28 18:22:03,52.1553883,7
922,143,21.1641031,8326,2021-06-28 18:22:05,52.2608746,1
923,145,21.0002668,8328,2021-06-28 18:22:04,52.29132,1
924,507,21.0203746,8329,2021-06-28 18:22:08,52.2318425,08
925,148,21.0591471,8330,2021-06-28 18:22:02,52.2016981,2
926,145,21.0882655,8332,2021-06-28 18:22:09,52.2447346,7
927,523,20.95716,8333,2021-06-28 18:22:04,52.228716,12
928,148,21.0969208,8334,2021-06-28 18:22:14,52.2337535,3
929,145,21.1258176,8335,2021-06-28 18:22:05,52.2610661,014
930,143,21.109888,8337,2021-06-28 18:21:55,52.240698,2
931,125,21.040745,8340,2021-06-28 18:22:12,52.2437376,4
932,523,21.0181016,8341,2021-06-28 18:21:57,52.2175521,5
933,507,21.0601333,8342,2021-06-28 18:22:11,52.2342133,1
934,171,20.923718,8343,2021-06-28 18:21:57,52.264069,09
935,502,21.1085167,8344,2021-06-28 18:22:07,52.233395,1
936,507,21.1024383,8345,2021-06-28 18:22:00,52.221985,3
937,145,21.0480917,8348,2021-06-28 18:22:02,52.287155,3
938,507,21.014141,8349,2021-06-28 18:21:57,52.230485,6
939,145,21.01713,8350,2021-06-28 18:22:03,52.292578,012
940,507,21.097001,8351,2021-06-28 18:22:08,52.224065,4
941,502,21.103538,8352,2021-06-28 18:22:01,52.234058,4
942,523,21.085471,8353,2021-06-28 18:21:58,52.250286,2
943,502,21.018335,8354,2021-06-28 18:22:00,52.2176083,011
944,523,20.93944,8356,2021-06-28 18:22:09,52.239525,8
945,514,21.0156233,8358,2021-06-28 18:22:10,52.2192567,3
946,523,21.0983067,8359,2021-06-28 18:21:56,52.2479667,3
947,507,21.0052933,8360,2021-06-28 18:22:01,52.22953,7
948,202,21.0958767,8361,2021-06-28 18:22:09,52.2487167,1
949,502,21.015235,8362,2021-06-28 18:21:53,52.218685,2
950,188,20.978281,8363,2021-06-28 18:21:58,52.182371,6
951,138,21.0221017,8364,2021-06-28 18:22:03,52.2071633,6
952,514,21.223404,8365,2021-06-28 18:22:10,52.249291,1
953,523,21.085088,8366,2021-06-28 18:22:02,52.250273,4
954,502,21.2173917,8368,2021-06-28 18:22:07,52.2143917,5
955,145,21.11357,8398,2021-06-28 18:21:57,52.2343583,013
956,402,21.0398048,8403,2021-06-28 18:22:09,52.1720216,011
957,521,21.0947475,8408,2021-06-28 18:22:05,52.2438141,07
958,143,21.094308,8410,2021-06-28 18:22:06,52.2439301,012
959,523,20.9817848,8414,2021-06-28 18:22:07,52.216183,13
960,148,21.0478966,8417,2021-06-28 18:22:00,52.1514301,9
961,148,20.9815546,8430,2021-06-28 18:22:05,52.1679228,010
962,162,21.0459651,8437,2021-06-28 18:22:01,52.2156133,012
963,125,21.196528,8438,2021-06-28 18:22:02,52.208339,1
964,162,21.034214,8440,2021-06-28 18:22:02,52.250785,015
965,145,21.1095724,8441,2021-06-28 18:22:11,52.2407546,6
966,269,21.040906,8442,2021-06-28 18:22:11,52.2887677,01
967,723,21.0008497,8443,2021-06-28 18:22:10,52.2913044,2
968,114,21.041393,8445,2021-06-28 18:22:10,52.291489,5
969,120,21.0509604,8446,2021-06-28 18:22:11,52.2525431,6
970,731,20.930115,8447,2021-06-28 18:22:08,52.395229,3
971,160,21.0462495,8448,2021-06-28 18:22:09,52.281071,1
972,132,21.0627319,8449,2021-06-28 18:22:10,52.3251877,04
973,412,21.0902807,8450,2021-06-28 18:22:11,52.3050156,052
974,112,21.0480882,8451,2021-06-28 18:22:11,52.2878739,6
975,527,21.061131,8452,2021-06-28 18:22:11,52.310101,06
976,160,21.056667,8453,2021-06-28 18:22:10,52.298351,014
977,160,21.0023299,8454,2021-06-28 18:22:10,52.2292422,4
978,160,21.0616087,8455,2021-06-28 18:22:08,52.3251367,6
979,132,20.967306,8457,2021-06-28 18:22:11,52.273281,08
980,527,21.0501434,8458,2021-06-28 18:22:11,52.2695327,055
981,Z26,21.020721,8459,2021-06-28 18:22:10,52.248821,3
982,412,21.0546841,8460,2021-06-28 18:22:10,52.25398,053
983,120,21.0484739,8461,2021-06-28 18:22:11,52.2888047,4
984,414,20.97559,8462,2021-06-28 18:22:08,52.211586,05
985,511,20.9425644,8463,2021-06-28 18:22:10,52.3486297,05
986,509,20.99934,8465,2021-06-28 18:22:08,52.293728,2
987,136,21.02377,8500,2021-06-28 18:22:09,52.1558317,3
988,501,21.029008,8501,2021-06-28 18:22:05,52.207191,06
989,138,21.1005617,8502,2021-06-28 18:22:08,52.26066,9
990,189,21.068736,8503,2021-06-28 18:21:59,52.18144,5
991,522,21.079905,8504,2021-06-28 18:21:51,52.157654,4
992,401,21.0252917,8505,2021-06-28 18:22:07,52.1735283,2
993,131,21.063353,8506,2021-06-28 18:22:10,52.187213,7
994,501,21.03611,8507,2021-06-28 18:21:52,52.20089,4
995,138,21.01564,8508,2021-06-28 18:21:59,52.216934,2
996,189,20.968305,8509,2021-06-28 18:22:02,52.1869583,1
997,501,21.001834,8510,2021-06-28 18:21:41,52.228828,1
998,189,21.00356,8511,2021-06-28 18:22:07,52.178108,027
999,Z26,21.0063017,8512,2021-06-28 18:22:02,52.2459767,4
1000,186,20.94857,8513,2021-06-28 18:22:01,52.256918,013
1001,733,20.78252,8514,2021-06-28 18:21:56,52.03613,01
1002,Z26,20.974331,8515,2021-06-28 18:22:06,52.235403,7
1003,522,21.058378,8516,2021-06-28 18:22:09,52.179498,2
1004,141,20.9441967,8517,2021-06-28 18:21:57,52.1754433,10
1005,519,21.065408,8519,2021-06-28 18:22:05,52.172586,7
1006,519,21.089113,8520,2021-06-28 18:22:08,52.156846,1
1007,186,20.9847483,8522,2021-06-28 18:22:01,52.2826983,10
1008,733,20.9386933,8523,2021-06-28 18:22:06,52.17156,62
1009,522,21.0167217,8525,2021-06-28 18:22:11,52.2223733,011
1010,172,21.049638,8526,2021-06-28 18:22:01,52.187474,63
1011,172,20.953354,8528,2021-06-28 18:22:05,52.212558,5
1012,308,21.020493,8530,2021-06-28 18:22:07,52.189518,02
1013,172,21.069058,8532,2021-06-28 18:22:03,52.181503,1
1014,Z26,20.994638,8533,2021-06-28 18:21:57,52.242195,2
1015,138,20.996518,8534,2021-06-28 18:21:59,52.169791,5
1016,522,21.018133,8535,2021-06-28 18:22:02,52.212806,1
1017,172,20.955583,8536,2021-06-28 18:21:50,52.211848,6
1018,522,21.052588,8537,2021-06-28 18:22:02,52.184668,5
1019,709,21.017651,8539,2021-06-28 18:21:55,52.164155,4
1020,172,21.002665,8540,2021-06-28 18:22:11,52.195546,8
1021,185,21.0242167,8541,2021-06-28 18:22:00,52.244875,6
1022,172,21.0477967,8543,2021-06-28 18:22:08,52.189675,9
1023,519,21.013913,8544,2021-06-28 18:21:59,52.225491,4
1024,522,21.038793,8546,2021-06-28 18:22:07,52.198278,012
1025,522,21.015105,8547,2021-06-28 18:22:04,52.216575,6
1026,402,21.052978,8548,2021-06-28 18:22:03,52.19816,010
1027,186,20.942099,8549,2021-06-28 18:22:04,52.334209,015
1028,186,20.963825,8550,2021-06-28 18:21:56,52.2078083,016
1029,709,21.018036,8551,2021-06-28 18:21:54,52.125816,10
1030,136,21.002234,8552,2021-06-28 18:21:56,52.183025,10
1031,Z26,20.9946167,8555,2021-06-28 18:22:02,52.24216,5
1032,519,21.047585,8556,2021-06-28 18:21:59,52.189459,6
1033,Z26,21.0345967,8558,2021-06-28 18:22:03,52.2554183,08
1034,217,21.0810833,8559,2021-06-28 18:22:00,52.15789,06
1035,519,21.097878,8560,2021-06-28 18:21:44,52.122869,2
1036,411,21.07893,8561,2021-06-28 18:22:09,52.2260983,02
1037,521,21.20948,8562,2021-06-28 18:22:07,52.1627433,09
1038,402,20.993253,8563,2021-06-28 18:22:02,52.178696,2
1039,521,21.2089583,8564,2021-06-28 18:22:00,52.1634983,08
1040,502,21.231065,8565,2021-06-28 18:21:56,52.22348,014
1041,502,21.2413017,8566,2021-06-28 18:21:58,52.2230183,6
1042,402,21.033686,8567,2021-06-28 18:22:01,52.173441,014
1043,509,20.9409867,8568,2021-06-28 18:22:05,52.3282933,021
1044,171,20.933129,8569,2021-06-28 18:21:57,52.269959,2
1045,411,21.01567,8571,2021-06-28 18:21:57,52.221086,03
1046,E-1,21.044721,8572,2021-06-28 18:21:51,52.246653,04
1047,202,21.0675383,8573,2021-06-28 18:22:07,52.2504667,2
1048,411,21.115896,8574,2021-06-28 10:20:57,52.233514,01
1049,720,21.238363,8576,2021-06-28 18:22:06,52.223185,1
1050,162,21.080996,8578,2021-06-28 18:22:06,52.19055,4
1051,125,21.06893,8579,2021-06-28 18:22:11,52.2463617,09
1052,731,20.928318,8583,2021-06-28 18:21:53,52.387503,5
1053,269,21.057369,8584,2021-06-28 18:22:10,52.270985,02
1054,269,21.047325,8585,2021-06-28 18:22:03,52.276368,03
1055,514,21.063835,8586,2021-06-28 18:22:05,52.2287183,2
1056,523,21.115558,8587,2021-06-28 08:55:25,52.233753,3
1057,145,21.072515,8588,2021-06-28 18:22:03,52.288915,016
1058,514,21.141049,8589,2021-06-28 18:22:01,52.245943,4
1059,502,21.0460433,8590,2021-06-28 18:22:10,52.224825,3
1060,507,21.102876,8592,2021-06-28 18:21:56,52.222163,2
1061,145,21.09089,8593,2021-06-28 18:22:09,52.286348,10
1062,138,21.094496,8595,2021-06-28 18:22:09,52.260449,8
1063,186,20.974801,8801,2021-06-28 18:22:09,52.316653,11
1064,185,21.0572443,8802,2021-06-28 18:22:07,52.1921291,1
1065,727,21.0214216,8803,2021-06-28 18:22:10,52.1782898,1
1066,217,21.0234126,8804,2021-06-28 18:22:05,52.1797695,3
1067,185,20.976056,8805,2021-06-28 18:22:11,52.289713,4
1068,402,21.0496143,8806,2021-06-28 18:22:04,52.1946158,8
1069,131,21.0687878,8808,2021-06-28 18:22:11,52.181429,3
1070,709,21.024198,8809,2021-06-28 18:22:08,52.179949,2
1071,174,20.9997468,8810,2021-06-28 18:22:08,52.2313001,1
1072,165,21.0027443,8811,2021-06-28 18:22:08,52.1779078,3
1073,167,21.0129899,8812,2021-06-28 18:22:11,52.2084906,011
1074,402,20.9935613,8813,2021-06-28 18:22:08,52.1790321,1
1075,167,21.0748565,8814,2021-06-28 18:21:52,52.2111261,2
1076,167,21.021036,8816,2021-06-28 18:22:00,52.209949,3
1077,308,21.022646,8817,2021-06-28 18:21:59,52.189848,03
1078,504,20.988401,8818,2021-06-28 18:21:55,52.214455,9
1079,331,20.9969538,8819,2021-06-28 18:22:03,52.1876845,04
1080,522,21.070988,8820,2021-06-28 18:22:00,52.161748,014
1081,174,20.9959911,8821,2021-06-28 18:22:09,52.1879641,08
1082,174,21.011059,8822,2021-06-28 18:22:07,52.1717816,5
1083,522,21.0360515,8823,2021-06-28 18:22:07,52.2008585,015
1084,167,20.9621235,8824,2021-06-28 18:22:08,52.2161728,6
1085,709,21.0183571,8825,2021-06-28 18:22:07,52.1105241,012
1086,504,20.987131,8826,2021-06-28 18:21:58,52.1811573,8
1087,143,21.01373,8828,2021-06-28 18:21:59,52.2169306,4
1088,509,20.9417898,8829,2021-06-28 18:22:05,52.3349733,4
1089,523,20.8976305,8830,2021-06-28 18:22:06,52.2584241,11
1090,125,21.0410401,8831,2021-06-28 18:22:04,52.2414496,5
1091,171,21.0443858,8832,2021-06-28 18:22:06,52.2218985,7
1092,141,20.9471606,8833,2021-06-28 18:21:51,52.1789445,9
1093,704,21.1194838,8834,2021-06-28 18:22:01,52.2374535,2
1094,521,21.1590241,8835,2021-06-28 18:21:52,52.2134096,5
1095,182,20.9647638,8837,2021-06-28 18:22:07,52.2179875,6
1096,182,21.0518046,8838,2021-06-28 18:22:08,52.2259905,010
1097,704,21.301574,8839,2021-06-28 18:21:51,52.218825,1
1098,185,20.971028,8840,2021-06-28 18:22:07,52.284413,5
1099,125,21.128773,8841,2021-06-28 18:22:00,52.2334523,6
1100,521,21.148771,8843,2021-06-28 18:22:04,52.223291,3
1101,185,21.0205356,8844,2021-06-28 18:21:58,52.2466701,2
1102,402,21.1042479,8845,2021-06-28 18:22:07,52.2223145,013
1103,143,21.0553935,8846,2021-06-28 18:22:02,52.226571,3
1104,143,21.009203,8847,2021-06-28 18:22:02,52.2173943,6
1105,125,21.09483,8849,2021-06-28 18:22:01,52.243851,3
1106,521,21.0038273,8850,2021-06-28 18:22:04,52.2280946,6
1107,523,20.8982746,8851,2021-06-28 18:22:08,52.2584626,019
1108,141,21.0268028,8852,2021-06-28 18:22:08,52.199882,3
1109,125,21.187037,8853,2021-06-28 18:22:05,52.2069935,7
1110,509,21.005473,8854,2021-06-28 18:22:10,52.288003,8
1111,402,21.155837,8855,2021-06-28 18:22:04,52.2402901,6
1112,512,21.0476245,8856,2021-06-28 18:22:05,52.2521588,1
1113,509,21.1009216,8857,2021-06-28 18:22:07,52.2257658,12
1114,169,21.0400521,8858,2021-06-28 18:22:04,52.2695253,1
1115,112,20.9113388,8859,2021-06-28 18:22:10,52.2469871,4
1116,512,21.0644905,8861,2021-06-28 18:22:08,52.2738896,4
1117,412,21.0483563,8862,2021-06-28 18:21:54,52.2607196,04
1118,738,21.0533483,8864,2021-06-28 18:22:02,52.2760961,05
1119,500,21.0459893,8865,2021-06-28 10:43:17,52.2651186,08
1120,169,21.0418211,8866,2021-06-28 18:22:02,52.3001373,5
1121,162,21.0304791,8867,2021-06-28 18:22:07,52.261641,1
1122,190,21.0083315,8868,2021-06-28 18:22:00,52.2462393,5
1123,190,21.016745,8869,2021-06-28 18:21:56,52.247016,023
1124,190,20.999394,8871,2021-06-28 18:21:53,52.246518,025
1125,190,21.0479813,8872,2021-06-28 18:21:48,52.2605676,026
1126,738,21.189,8873,2021-06-28 18:22:01,52.414243,06
1127,500,21.0415176,8874,2021-06-28 18:22:09,52.2921968,3
1128,190,20.9945173,8875,2021-06-28 18:22:03,52.2421726,4
1129,162,21.0849826,8876,2021-06-28 18:22:02,52.1932793,3
1130,512,21.068333,8878,2021-06-28 18:22:07,52.27826,06
1131,509,21.0218833,8879,2021-06-28 18:22:07,52.2626073,1
1132,709,20.996574,8880,2021-06-25 18:58:33,52.18762,016
1133,186,20.956289,8881,2021-06-28 18:21:50,52.230423,014
1134,165,20.9990196,8882,2021-06-28 18:22:06,52.1720836,2
1135,128,20.963656,8883,2021-06-28 18:22:05,52.2077975,64
1136,180,21.0268091,8885,2021-06-28 18:22:01,52.2116718,5
1137,167,20.951018,8886,2021-06-28 18:22:07,52.227378,5
1138,189,20.8990163,8887,2021-06-28 18:21:59,52.2386736,021
1139,128,21.0193023,8888,2021-06-28 18:22:04,52.233501,61
1140,504,21.0348608,8891,2021-06-28 18:22:02,52.1509005,012
1141,165,21.024076,8892,2021-06-28 18:21:55,52.179836,1
1142,116,21.083811,8893,2021-06-28 18:22:02,52.168244,53
1143,217,21.023959,8894,2021-06-28 18:21:54,52.179724,05
1144,136,20.9615625,8895,2021-06-28 18:22:08,52.216352,015
1145,174,21.019913,8896,2021-06-28 18:22:02,52.1834415,07
1146,180,21.083886,8897,2021-06-28 18:22:08,52.1679213,015
1147,167,20.9430993,8898,2021-06-28 18:22:07,52.2263656,7
1148,504,21.0624575,8899,2021-06-28 18:22:08,52.1312298,6
1149,161,21.175562,9061,2021-06-28 18:22:08,52.184273,2
1150,161,21.175396,9063,2021-06-28 18:22:11,52.176239,3
1151,262,21.05427,9064,2021-06-28 18:22:10,52.27573,03
1152,314,20.96677,9065,2021-06-28 18:22:07,52.318932,04
1153,314,21.02961,9066,2021-06-28 18:22:08,52.316532,02
1154,104,21.000372,9068,2021-06-28 18:22:11,52.289299,2
1155,161,21.224808,9070,2021-06-28 18:22:07,52.186684,1
1156,225,21.127895,9071,2021-06-28 18:22:07,52.254749,2
1157,225,21.126774,9074,2021-06-28 18:22:06,52.259068,4
1158,225,21.102499,9075,2021-06-28 18:22:06,52.222771,3
1159,211,20.974375,9077,2021-06-28 18:22:11,52.306751,08
1160,314,20.961367,9078,2021-06-28 18:22:07,52.314686,01
1161,104,21.021646,9081,2021-06-28 18:22:11,52.296799,1
1162,314,21.047205,9082,2021-06-28 18:22:08,52.331726,03
1163,262,21.074705,9083,2021-06-28 18:22:09,52.279579,2
1164,225,21.167768,9088,2021-06-28 18:22:08,52.276455,1
1165,211,21.000751,9090,2021-06-28 18:22:11,52.291107,2
1166,211,20.97459,9091,2021-06-28 18:22:09,52.306515,07
1167,305,21.15657,9093,2021-06-28 18:22:06,52.238781,1
1168,900,20.942995,9094,2021-06-28 18:22:09,52.348808,1
1169,133,20.973804,9201,2021-06-28 18:22:07,52.344563,2
1170,207,20.896393,9202,2021-06-28 18:22:10,52.186737,03
1171,164,21.118989,9203,2021-06-28 18:22:03,52.159329,05
1172,133,20.953066,9204,2021-06-28 18:22:05,52.328808,1
1173,239,21.038189,9205,2021-06-28 18:22:07,52.153919,51
1174,239,21.033762,9206,2021-06-28 18:22:04,52.155613,52
1175,209,21.002214,9208,2021-06-28 18:22:04,52.123245,54
1176,211,20.942759,9209,2021-06-28 18:22:05,52.337749,4
1177,177,20.884558,9210,2021-06-28 18:22:09,52.189423,3
1178,809,21.037861,9212,2021-06-28 18:22:06,52.153873,53
1179,211,20.941663,9213,2021-06-28 18:22:09,52.341429,6
1180,219,21.163094,9215,2021-06-28 18:22:09,52.194241,3
1181,208,20.975627,9216,2021-06-28 18:22:10,52.210258,1
1182,234,21.066931,9217,2021-06-28 18:22:04,52.338718,1
1183,209,21.018028,9218,2021-06-28 18:22:10,52.138599,057
1184,234,21.014101,9219,2021-06-28 18:22:06,52.310333,2
1185,203,20.933205,9220,2021-06-28 18:22:05,52.288551,1
1186,249,20.898785,9221,2021-06-28 18:22:11,52.238598,1
1187,211,20.964193,9223,2021-06-28 18:22:11,52.32291,1
1188,201,20.930069,9224,2021-06-28 18:22:08,52.256222,3
1189,208,20.975506,9225,2021-06-28 18:22:12,52.210228,04
1190,208,20.959431,9226,2021-06-28 18:22:08,52.201698,05
1191,219,21.144098,9228,2021-06-28 18:22:03,52.190331,2
1192,201,20.926497,9230,2021-06-28 18:22:04,52.234081,2
1193,809,20.99299,9232,2021-06-28 18:22:07,52.109859,056
1194,264,21.093229,9233,2021-06-28 18:22:06,52.147617,1
1195,203,20.928743,9234,2021-06-28 18:22:04,52.285046,2
1196,201,20.925171,9235,2021-06-28 18:22:03,52.260689,5
1197,201,20.924938,9236,2021-06-28 18:22:10,52.260506,4
1198,239,21.034855,9237,2021-06-28 18:22:04,52.156002,055
1199,208,20.974224,9238,2021-06-28 18:22:05,52.208595,03
1200,207,20.883507,9239,2021-06-28 18:22:07,52.190777,02
1201,177,20.890251,9240,2021-06-28 18:22:04,52.193893,1
1202,133,20.952303,9241,2021-06-28 18:22:05,52.316936,3
1203,201,20.932182,9242,2021-06-28 18:22:09,52.262226,06
1204,211,20.941442,9243,2021-06-28 18:22:06,52.355354,5
1205,207,20.872255,9244,2021-06-28 18:22:10,52.186588,01
1206,211,20.965658,9245,2021-06-28 18:22:06,52.31863,3
1207,164,21.134384,9246,2021-06-28 18:22:10,52.14933,04
1208,201,20.943338,9247,2021-06-28 18:22:07,52.239166,1
1209,177,20.883707,9248,2021-06-28 18:22:08,52.205681,2
1210,164,21.071148,9250,2021-06-28 18:22:09,52.169212,3
1211,164,21.056601,9251,2021-06-28 18:22:07,52.180874,2
1212,164,21.138161,9252,2021-06-28 18:22:04,52.145927,1
1213,211,20.941401,9254,2021-06-28 18:22:10,52.355457,09
1214,199,21.061714,9301,2021-06-28 18:22:09,52.273579,06
1215,739,21.022589,9302,2021-06-28 18:22:08,52.17981,2
1216,739,21.05331,9304,2021-06-28 18:22:08,52.097988,3
1217,179,21.057877,9311,2021-06-28 17:22:08,52.139957,10
1218,123,21.101112,9312,2021-06-28 18:22:08,52.242496,08
1219,179,21.049145,9313,2021-06-28 18:22:06,52.153229,11
1220,153,21.172056,9314,2021-06-28 18:22:09,52.284992,2
1221,179,21.023344,9315,2021-06-28 18:22:05,52.155903,2
1222,135,21.099754,9316,2021-06-28 18:22:02,52.238693,3
1223,135,21.027058,9317,2021-06-28 18:22:08,52.259727,6
1224,135,21.07468,9318,2021-06-28 18:22:04,52.245899,2
1225,135,21.041574,9319,2021-06-28 18:22:10,52.257557,1
1226,179,21.03718,9320,2021-06-28 18:22:03,52.162125,4
1227,179,21.037548,9321,2021-06-28 18:22:12,52.152847,5
1228,123,21.095331,9322,2021-06-28 18:22:12,52.230267,5
1229,135,21.107119,9323,2021-06-28 18:22:04,52.248337,07
1230,179,21.066227,9324,2021-06-28 18:22:08,52.130783,9
1231,179,21.025055,9325,2021-06-28 18:22:07,52.144253,51
1232,256,21.07546,9326,2021-06-28 18:22:07,52.322338,2
1233,142,21.201866,9327,2021-06-28 18:22:08,52.170559,3
1234,179,21.05714,9328,2021-06-28 18:22:03,52.131302,8
1235,153,21.158432,9329,2021-06-28 18:22:11,52.262115,04
1236,123,21.0773959,9331,2021-06-28 09:44:24,52.2687066,07
1237,123,21.077486,9332,2021-06-28 15:39:21,52.268074,08
1238,142,21.086525,9333,2021-06-28 18:22:09,52.244759,5
1239,739,21.019268,9334,2021-06-28 18:22:08,52.17157,1
1240,153,21.151251,9335,2021-06-28 18:22:11,52.269608,3
1241,135,21.064348,9336,2021-06-28 18:22:04,52.24649,5
1242,739,21.0771987,9337,2021-06-28 16:56:14,52.2682345,2
1243,179,21.033421,9338,2021-06-28 18:22:09,52.143887,6
1244,256,21.0504675,9339,2021-06-28 18:22:12,52.27652,1
1245,153,21.177013,9340,2021-06-28 18:22:07,52.256878,1
1246,142,21.12809,9341,2021-06-28 18:22:09,52.233562,4
1247,739,21.041262,9342,2021-06-28 18:22:09,52.096867,4
1248,256,21.068083,9343,2021-06-28 18:22:10,52.273201,4
1249,135,21.046917,9344,2021-06-28 18:22:04,52.260406,08
1250,739,21.018324,9345,2021-06-28 18:22:05,52.111637,05
1251,179,21.059679,9346,2021-06-28 18:22:07,52.149521,7
1252,135,21.093447,9347,2021-06-28 18:22:07,52.231159,4
1253,123,21.082186,9348,2021-06-28 18:22:10,52.252758,09
1254,179,21.036959,9349,2021-06-28 18:22:10,52.162067,3
1255,123,21.047602,9350,2021-06-28 18:22:10,52.246933,357
1256,142,21.134605,9351,2021-06-28 18:22:04,52.200035,1
1257,123,21.062695,9352,2021-06-28 18:22:09,52.229221,6
1258,739,21.024128,9353,2021-06-28 18:22:06,52.179928,06
1259,123,21.054583,9354,2021-06-28 18:22:11,52.254211,07
1260,199,21.179806,9355,2021-06-28 18:22:05,52.269135,05
1261,256,21.065685,9356,2021-06-28 18:21:37,52.312565,3
1262,142,21.2404,9357,2021-06-28 18:22:07,52.168976,2
1263,142,21.077633,9358,2021-06-28 16:02:28,52.267822,4
1264,256,21.081072,9359,2021-06-28 18:22:11,52.277245,5
1265,176,21.00901,9403,2021-06-28 18:22:04,52.304092,1
1266,176,20.982224,9405,2021-06-28 18:22:06,52.355663,05
1267,176,20.982689,9412,2021-06-28 18:22:09,52.355064,3
1268,197,20.942474,9413,2021-06-28 18:22:06,52.228142,012
1269,197,20.949936,9414,2021-06-28 18:22:10,52.280689,014
1270,102,21.075628,9416,2021-06-28 18:22:07,52.243153,3
1271,157,20.986866,9417,2021-06-28 18:22:05,52.222576,7
1272,712,20.933233,9418,2021-06-28 18:22:07,52.288738,02
1273,516,21.000998,9420,2021-06-28 18:22:11,52.291168,5
1274,157,20.988995,9423,2021-06-28 18:22:10,52.237412,1
1275,103,20.970345,9424,2021-06-28 18:22:10,52.255589,4
1276,123,21.050508,9425,2021-06-28 18:22:10,52.25251,1
1277,157,20.976322,9426,2021-06-28 18:22:08,52.289928,3
1278,157,20.97299,9427,2021-06-28 18:22:10,52.281116,4
1279,157,20.964026,9428,2021-06-28 18:22:10,52.207924,9
1280,103,20.92697,9429,2021-06-28 18:22:07,52.290119,6
1281,157,20.976583,9432,2021-06-28 18:22:07,52.216858,10
1282,743,20.732191,9433,2021-06-28 18:22:11,52.232826,02
1283,176,21.025431,9434,2021-06-28 18:22:08,52.281258,04
1284,516,20.979233,9435,2021-06-28 18:22:10,52.311066,1
1285,157,20.970825,9436,2021-06-28 18:22:08,52.284817,2
1286,157,20.98737,9437,2021-06-28 18:22:08,52.239552,6
1287,197,20.930986,9438,2021-06-28 18:22:11,52.225346,011
1288,197,20.942776,9439,2021-06-28 18:22:08,52.239174,016
1289,516,20.936785,9440,2021-06-28 18:22:08,52.334888,3
1290,123,21.085987,9441,2021-06-28 18:22:10,52.223015,3
1291,103,20.945127,9442,2021-06-28 18:22:04,52.272102,5
1292,102,21.077427,9443,2021-06-28 18:22:07,52.243393,1
1293,103,20.934151,9445,2021-06-28 18:22:08,52.289341,7
1294,103,20.968487,9446,2021-06-28 18:22:06,52.222061,1
1295,123,21.055811,9447,2021-06-28 18:22:10,52.249775,4
1296,157,20.997568,9448,2021-06-28 18:22:07,52.254044,011
1297,516,20.972233,9449,2021-06-28 18:22:06,52.320911,4
1298,102,21.002766,9450,2021-06-28 18:22:06,52.233013,2
1299,157,20.992228,9451,2021-06-28 18:22:11,52.262569,5
1300,157,20.967903,9452,2021-06-28 18:22:11,52.2071,8
1301,176,20.992228,9453,2021-06-28 18:22:07,52.338531,2
1302,197,20.945045,9454,2021-06-28 18:22:07,52.265533,015
1303,712,20.843771,9455,2021-06-28 18:22:10,52.280922,1
1304,743,20.862679,9456,2021-06-28 18:22:07,52.228973,1
1305,197,20.941505,9457,2021-06-28 18:22:08,52.261673,013
1306,103,20.959789,9458,2021-06-28 18:22:07,52.237789,8
1307,194,20.925556667,9501,2021-06-28 18:22:10,52.2222385,5
1308,707,20.962809667,9502,2021-06-28 18:22:07,52.171943,1
1309,159,21.023096333,9503,2021-06-28 18:22:07,52.223830167,1
1310,103,20.9374235,9505,2021-06-28 18:22:10,52.291617,09
1311,103,20.947784,9506,2021-06-28 18:22:10,52.276682333,011
1312,220,20.896378333,9509,2021-06-28 18:22:10,52.2158985,3
1313,194,20.896165333,9510,2021-06-28 18:22:09,52.200859,06
1314,737,21.037082833,9511,2021-06-28 18:22:07,52.162031333,56
1315,220,20.929016167,9513,2021-06-28 18:22:07,52.173098833,5
1316,715,21.0368935,9514,2021-06-28 18:22:10,52.161983333,53
1317,181,20.932410667,9515,2021-06-28 18:22:08,52.306379667,2
1318,737,21.026341,9516,2021-06-28 18:22:09,52.1453105,54
1319,149,20.896689833,9519,2021-06-28 18:22:10,52.240798167,2
1320,159,21.046931333,9520,2021-06-28 18:22:11,52.211838167,8
1321,715,20.943871333,9521,2021-06-28 18:22:08,52.175528167,1
1322,220,20.943502167,9522,2021-06-28 18:22:11,52.176244,4
1323,220,20.9045855,9523,2021-06-28 18:22:10,52.185615,07
1324,220,20.8973525,9524,2021-06-28 18:22:11,52.243895333,2
1325,194,20.866383667,9525,2021-06-28 18:22:10,52.197579,3
1326,181,20.899999167,9526,2021-06-28 18:22:07,52.2971865,1
1327,715,21.030814,9528,2021-06-28 18:22:11,52.153709,058
1328,715,20.982307333,9529,2021-06-28 18:22:05,52.1125335,52
1329,707,21.0153115,9530,2021-06-28 18:22:10,52.074526333,03
1330,159,20.954922,9531,2021-06-28 18:22:11,52.212064333,4
1331,194,20.896202167,9532,2021-06-28 18:22:09,52.201360167,1
1332,181,20.952178167,9533,2021-06-28 18:22:11,52.287373,4
1333,181,20.986519833,9534,2021-06-28 18:22:09,52.2694685,3
1334,159,21.0846995,9535,2021-06-28 18:22:10,52.193189833,7
1335,159,21.045340333,9537,2021-06-28 18:22:07,52.220136333,6
1336,737,20.8989095,9539,2021-06-28 18:22:10,52.0559825,059
1337,220,20.925031167,9540,2021-06-28 18:22:11,52.260707833,1
1338,220,20.8976325,9542,2021-06-28 18:22:06,52.245882167,6
1339,737,20.978657167,9544,2021-06-28 18:22:09,52.106398167,07
1340,220,20.892409667,9545,2021-06-28 18:22:07,52.208189167,08
1341,149,20.9403865,9546,2021-06-28 18:22:07,52.246693,5
1342,220,20.9128795,9548,2021-06-28 18:22:09,52.252447,09
1343,149,20.945162667,9550,2021-06-28 18:22:10,52.238947833,1
1344,715,20.971849333,9551,2021-06-28 18:22:05,52.137586833,55
1345,149,20.875115833,9552,2021-06-28 18:22:10,52.250846333,3
1346,194,20.922354833,9554,2021-06-28 18:22:09,52.221664333,07
1347,194,20.868260667,9555,2021-06-28 18:22:10,52.193099833,2
1348,159,20.954533833,9556,2021-06-28 18:22:09,52.211808333,3
1349,149,20.9142695,9557,2021-06-28 18:22:09,52.239166667,4
1350,194,20.930794667,9558,2021-06-28 18:22:09,52.2250715,4
1351,159,21.005124167,9560,2021-06-28 18:22:11,52.223006833,5
1352,159,20.9750315,9561,2021-06-28 18:22:08,52.2211965,2
1353,118,21.032286,9671,2021-06-28 18:22:07,52.230186,2
1354,118,21.041317,9672,2021-06-28 18:22:03,52.300083,5
1355,326,20.984777,9673,2021-06-28 18:22:07,52.308292,04
1356,118,21.018356,9674,2021-06-28 18:22:08,52.223576,8
1357,152,20.95286,9676,2021-06-28 18:22:08,52.318207,5
1358,212,21.048136,9677,2021-06-28 18:22:09,52.287727,06
1359,118,21.019075,9678,2021-06-28 18:22:08,52.246811,7
1360,118,21.015518,9679,2021-06-28 18:22:08,52.216976,1
1361,326,21.061867,9680,2021-06-28 18:22:04,52.361717,02
1362,152,20.952435,9681,2021-06-28 18:22:07,52.317062,2
1363,212,21.066557,9682,2021-06-28 18:22:10,52.276093,5
1364,152,20.995132,9683,2021-06-28 18:22:09,52.344086,4
1365,212,21.042524,9684,2021-06-28 18:22:07,52.272209,1
1366,212,21.027172,9685,2021-06-28 18:22:06,52.259594,2
1367,326,20.96859,9686,2021-06-28 18:22:07,52.272045,05
1368,326,21.054646,9688,2021-06-28 18:22:04,52.361385,03
1369,118,21.041607,9689,2021-06-28 18:22:09,52.296204,4
1370,212,21.038633,9690,2021-06-28 18:22:11,52.269405,3
1371,326,21.014807,9692,2021-06-28 18:22:03,52.317505,01
1372,212,21.057131,9693,2021-06-28 18:22:07,52.301884,4
1373,152,20.999605,9695,2021-06-28 18:22:04,52.340832,1
1374,118,21.024731,9696,2021-06-28 18:22:10,52.297192,6
1375,118,21.007315,9697,2021-06-28 18:22:09,52.259827,3
1376,152,21.060358,9698,2021-06-28 18:22:04,52.315117,3
1377,710,21.071848,9801,2021-06-28 18:22:04,52.132164,4
1378,525,21.127065,9802,2021-06-28 18:22:11,52.232666,1
1379,127,20.895449,9804,2021-06-28 18:22:10,52.20882,56
1380,710,21.011227,9805,2021-06-28 18:22:08,52.074219,2
1381,525,21.196878,9807,2021-06-28 18:22:03,52.208378,319
1382,127,21.01944,9808,2021-06-28 18:22:10,52.2463,2
1383,109,21.006084,9809,2021-06-28 18:22:11,52.228577,07
1384,710,21.09778,9810,2021-06-28 18:22:04,52.122524,5
1385,719,20.883852,9812,2021-06-28 18:22:06,52.24054,3
1386,109,20.941743,9813,2021-06-28 18:08:00,52.239395,08
1387,Z10,20.92506,9814,2021-06-28 18:22:10,52.260918,2
1388,525,21.00371,9815,2021-06-28 18:22:07,52.229408,09
1389,742,21.168324,9816,2021-06-28 18:22:11,52.049782,1
1390,719,20.790026,9818,2021-06-28 18:22:07,52.254772,04
1391,719,20.58643,9820,2021-06-28 18:22:10,52.257595,2
1392,710,21.035244,9821,2021-06-28 18:22:10,52.076443,1
1393,525,21.086674,9822,2021-06-28 18:22:03,52.236126,010
1394,184,20.920115,9823,2021-06-28 18:22:05,52.25758,010
1395,525,21.133634,9825,2021-06-28 18:13:51,52.231415,5
1396,525,21.196674,9826,2021-06-28 18:22:08,52.208336,7
1397,185,21.039019,9827,2021-06-28 18:22:11,52.168925,8
1398,127,20.94009,9828,2021-06-28 18:22:05,52.203709,4
1399,525,21.162649,9829,2021-06-28 18:22:10,52.222427,6
1400,Z10,20.930761,9830,2021-06-28 18:22:04,52.224998,8
1401,710,21.120171,9831,2021-06-28 18:22:03,52.084969,3
1402,127,21.024708,9833,2021-06-28 18:22:06,52.241806,1
1403,525,21.023076,9834,2021-06-28 18:22:11,52.218873,4
1404,742,21.114433,9835,2021-06-28 18:22:08,52.102219,02
1405,525,21.004528,9836,2021-06-28 18:22:06,52.229626,3
1406,185,21.035217,9837,2021-06-28 18:22:04,52.165138,12
1407,525,21.015125,9838,2021-06-28 18:22:05,52.216885,2
1408,724,21.068147,9839,2021-06-28 18:22:10,52.131288,1
1409,127,20.904907,9840,2021-06-28 18:22:08,52.207603,6
1410,724,21.027588,9841,2021-06-28 18:22:09,52.067345,02
1411,127,20.952555,9843,2021-06-28 18:22:11,52.212341,7
1412,127,20.994736,9844,2021-06-28 18:22:09,52.226109,09
1413,127,21.022793,9845,2021-06-28 18:22:06,52.229294,3
1414,Z10,20.914904,9846,2021-06-28 18:22:10,52.233948,6
1415,Z10,20.912676,9847,2021-06-28 18:22:12,52.240452,4
1416,109,20.917088,9849,2021-06-28 18:22:09,52.239475,6
1417,109,20.981781,9851,2021-06-28 18:22:04,52.229733,5
1418,109,21.043524,9852,2021-06-28 18:22:04,52.223026,4
1419,109,20.948133,9853,2021-06-28 18:22:08,52.23679,1
1420,127,21.009172,9854,2021-06-28 18:22:09,52.229385,335
1421,186,20.944805,9901,2021-06-28 18:22:08,52.322258,1
1422,210,20.832537,9902,2021-06-28 18:22:08,52.290993,5
1423,140,21.087124,9903,2021-06-28 18:22:08,52.301071,04
1424,520,21.015097,9905,2021-06-28 18:22:09,52.223942,011
1425,520,21.002155,9906,2021-06-28 18:22:08,52.243122,3
1426,140,21.125387,9907,2021-06-28 18:22:11,52.347771,08
1427,140,21.111206,9908,2021-06-28 18:22:10,52.360916,09
1428,140,21.111078,9909,2021-06-28 18:22:10,52.330162,2
1429,719,20.632732,9912,2021-06-28 18:22:08,52.262123,05
1430,520,21.096045,9913,2021-06-28 18:22:08,52.234879,08
1431,520,21.132498,9914,2021-06-28 18:22:06,52.239754,09
1432,520,21.099808,9915,2021-06-28 18:22:07,52.234703,6
1433,520,21.001955,9916,2021-06-28 18:22:09,52.243256,4
1434,193,21.050819,9918,2021-06-28 18:22:09,52.159954,2
1435,193,21.03693,9919,2021-06-28 18:22:09,52.161953,3
1436,140,21.052805,9920,2021-06-28 18:22:09,52.27681,05
1437,140,21.067871,9921,2021-06-28 18:22:08,52.278049,06
1438,520,21.01317,9922,2021-06-28 18:22:07,52.227764,5
1439,193,21.050491,9923,2021-06-28 18:22:09,52.158955,4
1440,140,21.101004,9924,2021-06-28 18:22:11,52.318306,07
1441,193,21.005608,9926,2021-06-28 18:22:08,52.172031,1
1442,520,21.028585,9927,2021-06-28 18:22:07,52.220222,010
1443,140,21.053007,9928,2021-06-28 18:22:06,52.276714,3
1444,186,20.942188,9929,2021-06-28 18:22:09,52.333984,12
1445,193,21.01593,9930,2021-06-28 18:22:10,52.174,5
1446,186,20.9568,9932,2021-06-28 18:22:10,52.230564,4
1447,520,21.017767,9933,2021-06-28 18:22:09,52.21748,2
1448,186,20.97673,9934,2021-06-28 18:22:11,52.315079,2
1449,520,21.139376,9935,2021-06-28 18:22:08,52.237041,1
1450,186,20.963131,9936,2021-06-28 18:22:07,52.208187,6
1451,520,21.139421,9937,2021-06-28 18:22:07,52.236858,7
1452,186,20.984962,9940,2021-06-28 18:22:07,52.282398,3
1453,186,20.971281,9941,2021-06-28 18:22:10,52.20602,8
1454,210,20.767382,9942,2021-06-28 18:22:10,52.307838,4
1455,109,20.999313,9943,2021-06-28 18:22:09,52.23341,2
1456,186,20.980246,9945,2021-06-28 18:22:11,52.210537,9
1457,210,20.817925,9946,2021-06-28 18:22:10,52.292133,3
1458,109,21.04318,9948,2021-06-28 18:22:06,52.222992,3
1459,210,20.928257,9949,2021-06-28 18:22:09,52.290958,1
1460,210,20.933416,9950,2021-06-28 18:22:10,52.288704,2
1461,186,20.977022,9951,2021-06-28 18:22:11,52.211071,5
1462,186,20.952417,9953,2021-06-28 18:22:06,52.261971,67
1463,140,21.131252,9954,2021-06-28 18:22:08,52.354641,1
1464,o97B,21.423098,9999,2021-06-28 14:27:55,50.302967,7
