,Lines,Lon,VehicleNumber,Time,Lat,Brigade
0,213,21.2236253,1001,2021-06-28 17:51:28,52.1688978,1
1,213,21.1020953,1003,2021-06-28 17:51:32,52.2140223,05
2,213,21.2308696,1004,2021-06-28 17:51:29,52.1808493,3
3,196,21.1619685,1005,2021-06-28 17:51:27,52.259488,2
4,196,21.177393,1008,2021-06-28 17:51:19,52.256909,03
5,213,21.1887155,1009,2021-06-28 17:51:32,52.1498648,4
6,213,21.0960925,1010,2021-06-28 17:51:29,52.218015,2
7,311,21.1003743,1012,2021-06-28 17:51:23,52.2221955,1
8,196,21.176281,1014,2021-06-28 17:51:28,52.256838,1
9,311,21.0746366,1015,2021-06-28 17:51:26,52.2450595,2
10,365,21.024302,1021,2021-06-28 17:51:30,52.179756,01
11,107,21.0392304,1023,2021-06-28 17:51:31,52.221723,3
12,163,21.0730522,1025,2021-06-28 17:51:31,52.1799697,2
13,107,20.979376,1026,2021-06-28 17:51:31,52.244572,5
14,108,21.02297,1027,2021-06-28 17:51:30,52.228905,1
15,108,21.063694,1028,2021-06-28 17:51:31,52.186802,5
16,108,21.060114,1029,2021-06-28 17:51:31,52.212624,6
17,365,21.015649,1031,2021-06-28 17:51:30,52.1799775,02
18,108,21.023826,1033,2021-06-28 17:51:31,52.1797412,4
19,163,21.084484,1034,2021-06-28 17:51:28,52.163273,1
20,192,21.0749864,1037,2021-06-28 17:51:31,52.1339907,7
21,108,21.040679,1038,2021-06-28 17:51:13,52.17593,3
22,365,20.9967825,1039,2021-06-28 17:51:30,52.1698706,03
23,107,20.97885,1040,2021-06-28 17:51:12,52.244393,6
24,107,21.045743,1042,2021-06-28 17:51:13,52.201968,2
25,107,21.003901,1043,2021-06-28 17:51:21,52.24181,07
26,107,21.012365,1045,2021-06-28 17:51:30,52.23951,4
27,204,21.056985,1046,2021-06-28 17:51:18,52.3209317,05
28,204,21.04163,1047,2021-06-28 17:51:13,52.29614,1
29,204,21.023048,1048,2021-06-28 17:51:15,52.277278,04
30,228,20.930275,1050,2021-06-28 17:51:25,52.2145883,1
31,228,20.894303,1051,2021-06-28 17:51:29,52.200411,2
32,328,20.994765,1052,2021-06-28 17:51:22,52.150851,01
33,129,20.93954,1053,2021-06-28 17:51:18,52.245963,4
34,228,20.979246,1054,2021-06-28 17:51:28,52.184725,3
35,129,20.9138183,1055,2021-06-28 17:51:27,52.20946,3
36,328,20.945043,1058,2021-06-28 17:51:25,52.200516,02
37,129,20.915191,1059,2021-06-28 17:51:19,52.230156,1
38,328,20.985826,1061,2021-06-28 17:51:30,52.164883,03
39,192,21.0216157,1062,2021-06-28 17:51:31,52.1773124,51
40,192,21.052258,1064,2021-06-28 17:51:31,52.138184,2
41,163,21.0852902,1065,2021-06-28 17:51:30,52.1621484,04
42,107,21.0234242,1066,2021-06-28 17:51:31,52.2239542,1
43,163,21.096676,1068,2021-06-28 17:51:30,52.186584,3
44,192,21.0243184,1069,2021-06-28 17:51:31,52.1798964,4
45,163,21.0489956,1070,2021-06-28 17:51:31,52.1782959,05
46,192,21.0472784,1074,2021-06-28 17:51:30,52.1509504,6
47,108,21.0503554,1076,2021-06-28 17:51:31,52.2125447,2
48,192,21.031893,1077,2021-06-28 17:51:31,52.149643,3
49,192,21.068378,1079,2021-06-28 17:51:31,52.1293047,1
50,736,21.002456,1101,2021-06-28 17:51:30,52.313813,02
51,132,20.9686886,1109,2021-06-28 17:51:23,52.2719931,2
52,303,20.9276561,1112,2021-06-28 17:51:20,52.3087046,3
53,147,21.1342173,1113,2021-06-28 17:51:26,52.2026016,06
54,152,20.971206,1114,2021-06-28 17:51:15,52.320835,06
55,166,21.025913,1115,2021-06-28 17:51:28,52.2162811,09
56,132,21.0797093,1116,2021-06-28 17:51:09,52.322707,3
57,122,20.9864423,1117,2021-06-28 17:51:30,52.2782878,09
58,197,20.8739448,1118,2021-06-28 17:51:27,52.2021853,7
59,126,20.9724368,1119,2021-06-28 17:51:18,52.3209395,3
60,168,20.995787,1200,2021-06-28 17:51:30,52.19331,2
61,119,21.0199039,1202,2021-06-28 17:51:31,52.2096532,1
62,178,20.940918,1203,2021-06-28 17:51:30,52.204586,2
63,178,20.961512,1204,2021-06-28 17:51:31,52.216431,5
64,168,21.069954,1205,2021-06-28 17:51:31,52.2029274,6
65,166,21.027073,1206,2021-06-28 17:51:24,52.260038,1
66,166,21.0721154,1208,2021-06-28 17:51:31,52.1322639,5
67,222,21.004768,1211,2021-06-28 17:51:30,52.244808,4
68,174,20.9953434,1212,2021-06-28 17:51:31,52.1702137,371
69,174,21.0124877,1213,2021-06-28 17:51:31,52.1745947,3
70,218,21.023739,1214,2021-06-28 17:51:31,52.179913,5
71,166,21.0460637,1216,2021-06-28 17:51:30,52.1643827,7
72,168,21.1089804,1218,2021-06-28 17:51:30,52.23345,5
73,119,21.18576,1220,2021-06-28 17:51:31,52.206874,5
74,122,20.919059,1400,2021-06-28 17:51:27,52.2575068,012
75,121,20.9325808,1401,2021-06-28 17:51:26,52.288119,04
76,134,20.9699811,1403,2021-06-28 17:51:26,52.2720441,1
77,110,20.94741,1407,2021-06-28 17:51:20,52.277021,05
78,240,21.093508,1408,2021-06-28 17:51:22,52.320506,4
79,173,21.052928,1411,2021-06-28 17:45:24,52.250318,5
80,117,21.005114,1412,2021-06-28 17:51:31,52.229637,1
81,702,21.21328,1413,2021-06-28 17:51:31,52.114819,2
82,168,20.9954372,1415,2021-06-28 17:51:30,52.1919119,1
83,202,21.0434307,1416,2021-06-28 17:51:30,52.2475337,04
84,183,21.0869222,1418,2021-06-28 17:51:31,52.2447715,6
85,147,21.090643,1419,2021-06-28 17:51:31,52.221733,2
86,199,21.179733,1422,2021-06-28 17:51:31,52.269184,4
87,198,21.242953,1423,2021-06-28 17:51:31,52.2178772,05
88,173,21.0529194,1424,2021-06-28 17:51:31,52.2504522,6
89,115,21.2001015,1425,2021-06-28 17:51:30,52.1733856,4
90,173,21.147631,1426,2021-06-28 17:51:31,52.238323,8
91,147,21.05221,1427,2021-06-28 17:51:31,52.238171,4
92,146,21.0513064,1428,2021-06-28 17:51:31,52.2473752,2
93,142,21.0881,1430,2021-06-28 17:51:16,52.244768,06
94,L41,20.899096,14422,2021-06-28 17:51:32,52.385178,1
95,L10,20.945269,14423,2021-06-28 17:51:30,52.437912,1
96,L11,20.913893,14424,2021-06-28 17:51:29,52.455814,1
97,L10,20.939152,14425,2021-06-28 17:51:27,52.400291,50
98,L-8,20.945215,14426,2021-06-28 14:51:54,52.437912,1
99,L41,20.81983,14427,2021-06-28 17:51:31,52.402203,02
100,L11,20.941309,14429,2021-06-28 17:51:31,52.400665,57
101,L34,20.847353,14430,2021-06-28 17:01:01,52.441017,2
102,L34,20.907003,14431,2021-06-28 17:51:27,52.410713,1
103,L11,20.808977,14432,2021-06-28 17:51:26,52.443756,51
104,L-8,20.937265,14434,2021-06-28 17:51:27,52.397041,02
105,L-8,21.099958,14435,2021-06-28 17:51:30,52.409512,1
106,L49,20.885378,14436,2021-06-28 17:51:27,52.409592,1
107,L31,21.079082,14438,2021-06-28 17:51:25,52.439335,1
108,L-9,20.956415,14439,2021-06-28 17:51:30,52.409687,054
109,L-9,20.949478,14440,2021-06-28 17:51:26,52.471298,055
110,134,21.056191,1500,2021-06-28 17:51:15,52.361533,04
111,134,21.0611248,1501,2021-06-28 17:51:29,52.3052485,3
112,110,20.9457248,1502,2021-06-28 17:51:28,52.2771658,2
113,240,21.118829,1505,2021-06-28 17:51:27,52.338298,06
114,132,20.9657363,1506,2021-06-28 17:51:26,52.2722701,07
115,134,21.0470648,1507,2021-06-28 17:51:16,52.3365826,2
116,126,21.0567973,1508,2021-06-28 17:51:26,52.30187,5
117,132,21.025719,1509,2021-06-28 17:51:27,52.297654,05
118,166,21.0647563,1510,2021-06-28 17:51:26,52.1377356,6
119,126,21.0350626,1513,2021-06-28 17:51:26,52.2886838,4
120,197,20.8625776,1514,2021-06-28 17:51:26,52.190254,6
121,197,20.9294463,1515,2021-06-28 17:51:24,52.2233308,8
122,121,20.9586003,1516,2021-06-28 17:51:08,52.2806675,1
123,173,21.230776,1519,2021-06-28 17:51:20,52.216633,10
124,202,21.1095317,1521,2021-06-28 17:51:25,52.2451933,07
125,202,21.1286683,1522,2021-06-28 17:51:17,52.2402417,3
126,146,21.18779,1523,2021-06-28 17:51:25,52.1565567,08
127,730,21.140205,1524,2021-06-28 17:51:16,52.228655,052
128,119,21.11971,1525,2021-06-28 17:51:30,52.1997017,06
129,147,21.231393,1526,2021-06-28 17:51:17,52.216508,09
130,198,21.243206,1528,2021-06-28 17:51:26,52.221505,3
131,702,21.0880067,1530,2021-06-28 17:51:27,52.2446617,03
132,198,21.23597,1531,2021-06-28 17:51:28,52.2163183,2
133,115,21.170266,1533,2021-06-28 17:51:18,52.277066,2
134,142,21.14028,1534,2021-06-28 17:51:29,52.228615,07
135,198,21.223738,1535,2021-06-28 17:51:27,52.251106,1
136,106,21.020528,1537,2021-06-28 17:51:20,52.243144,4
137,170,21.071338,1538,2021-06-28 17:51:28,52.267088,4
138,120,21.0497333,1539,2021-06-28 17:51:21,52.3612817,1
139,199,21.15727,1540,2021-06-28 17:51:30,52.263248,1
140,156,21.05211,1541,2021-06-28 17:51:29,52.252995,1
141,170,21.03267,1542,2021-06-28 17:51:16,52.25996,1
142,156,20.929231,1543,2021-06-28 17:51:25,52.290766,3
143,338,21.0483117,1544,2021-06-28 17:51:22,52.2550267,01
144,122,20.98582,1546,2021-06-28 17:51:20,52.277836,013
145,338,21.097391,1548,2021-06-28 17:51:16,52.260318,04
146,199,21.053001,1549,2021-06-28 17:51:16,52.276353,2
147,170,21.070141,1550,2021-06-28 17:51:12,52.266581,3
148,240,21.048145,1551,2021-06-28 17:51:18,52.287006,3
149,221,20.994103,1552,2021-06-28 17:51:28,52.259504,2
150,106,21.0243717,1554,2021-06-28 17:51:28,52.2369233,06
151,L-4,20.870604,17451,2021-06-28 17:51:31,52.062332,1
152,L26,21.152756,17452,2021-06-28 17:51:24,52.311573,02
153,L37,21.217834,17453,2021-06-28 17:30:49,52.31118,1
154,L40,21.241701,17454,2021-06-28 17:42:52,52.347198,1
155,L36,21.235548,17456,2021-06-28 17:51:30,52.338898,1
156,L35,21.333467,17458,2021-06-28 17:51:33,52.363613,1
157,L26,21.198772,17460,2021-06-28 17:51:33,52.338615,1
158,L46,21.10681,17461,2021-06-28 17:51:24,52.324379,1
159,L43,21.152603,17462,2021-06-28 17:51:32,52.31152,1
160,L45,21.162043,17464,2021-06-28 17:51:28,52.380474,02
161,L45,21.107372,17465,2021-06-28 17:51:30,52.32605,1
162,L38,21.258378,17466,2021-06-28 17:51:29,52.348149,1
163,L37,21.230036,17467,2021-06-28 17:51:24,52.345345,2
164,L40,21.088974,17468,2021-06-28 17:51:30,52.332592,02
165,197,20.9382658,1800,2021-06-28 17:51:22,52.2256,4
166,110,20.8830763,1801,2021-06-28 17:51:27,52.3098353,4
167,132,21.0788981,1802,2021-06-28 17:51:28,52.3241923,1
168,166,21.0466948,1803,2021-06-28 17:51:29,52.2478408,8
169,122,20.939061,1804,2021-06-28 17:51:21,52.270133,5
170,173,21.0841286,1805,2021-06-28 17:51:25,52.2445728,4
171,204,21.060333,1806,2021-06-28 17:51:25,52.3151385,3
172,122,20.8987615,1807,2021-06-28 17:50:59,52.2386338,4
173,303,20.9393751,1808,2021-06-28 17:51:26,52.2781813,1
174,147,21.220597,1809,2021-06-28 17:51:26,52.2177351,1
175,166,21.044808,1810,2021-06-28 17:51:11,52.248969,2
176,152,21.043346,1811,2021-06-28 10:10:53,52.266126,06
177,204,21.034213,1812,2021-06-28 17:51:19,52.288516,2
178,736,21.0033683,1813,2021-06-28 17:51:25,52.3839211,1
179,147,21.040926,1814,2021-06-28 17:51:28,52.240413,07
180,240,21.000786,1815,2021-06-28 17:51:28,52.2913415,2
181,197,20.9397575,1817,2021-06-28 17:51:26,52.2466668,9
182,240,21.0413863,1818,2021-06-28 17:51:24,52.2919428,05
183,221,20.9786996,1819,2021-06-28 17:51:22,52.2604153,1
184,117,21.018905,1823,2021-06-28 17:51:20,52.231276,05
185,146,21.2047776,1826,2021-06-28 17:51:31,52.1595268,4
186,183,21.185103,1828,2021-06-28 17:51:21,52.247225,3
187,147,21.1509325,1829,2021-06-28 17:51:24,52.2013488,5
188,722,21.2724731,1830,2021-06-28 17:51:25,52.2002821,1
189,147,21.1169918,1832,2021-06-28 09:25:20,52.2330478,09
190,146,21.1227823,1833,2021-06-28 17:51:22,52.1919906,5
191,202,21.116848,1834,2021-06-28 09:35:30,52.233074,04
192,115,21.1652351,1835,2021-06-28 17:51:27,52.2418118,3
193,168,21.0002536,1837,2021-06-28 17:51:25,52.201555,07
194,183,21.133703,1839,2021-06-28 17:51:21,52.240573,1
195,202,21.0417953,1840,2021-06-28 17:51:21,52.2419855,05
196,146,21.058706,1842,2021-06-28 17:51:27,52.227368,07
197,183,21.1895263,1843,2021-06-28 17:51:19,52.2457558,2
198,119,21.039744,1844,2021-06-28 17:51:28,52.201958,3
199,115,21.242273,1846,2021-06-28 17:51:27,52.169983,5
200,730,21.3777501,1847,2021-06-28 17:51:23,52.1994266,61
201,119,21.2055995,1848,2021-06-28 17:51:24,52.2099881,4
202,173,21.2339228,1849,2021-06-28 17:51:24,52.2500098,9
203,183,21.1310975,1850,2021-06-28 17:51:21,52.2375218,4
204,173,21.247794,1851,2021-06-28 17:51:15,52.229476,1
205,722,21.2767463,1854,2021-06-28 17:51:28,52.1940556,53
206,147,21.052247,1855,2021-06-28 17:51:28,52.2502321,3
207,146,21.0520036,1856,2021-06-28 17:51:22,52.2477146,1
208,117,21.0716153,1857,2021-06-28 17:51:24,52.2250411,2
209,115,21.1593858,1858,2021-06-28 17:51:23,52.2579031,1
210,146,21.203563,1859,2021-06-28 17:51:28,52.159541,09
211,115,21.1636235,1860,2021-06-28 17:51:25,52.2197206,6
212,119,21.0004081,1862,2021-06-28 17:51:32,52.2063063,2
213,173,21.1345308,1863,2021-06-28 17:51:29,52.2407868,3
214,146,21.1260338,1866,2021-06-28 17:51:22,52.1891758,3
215,183,21.0871586,1867,2021-06-28 17:51:29,52.2447118,5
216,147,21.1015493,1869,2021-06-28 17:51:22,52.2148006,08
217,251,21.1131378,1903,2021-06-28 17:51:23,52.1094094,53
218,168,21.0154938,1904,2021-06-28 17:51:27,52.2088159,09
219,739,21.0397332,1905,2021-06-28 17:51:22,52.0805726,07
220,251,20.9953821,1906,2021-06-28 17:51:24,52.1866969,52
221,251,21.0419397,1907,2021-06-28 17:51:06,52.1755807,54
222,178,20.9240886,1908,2021-06-28 17:51:28,52.1926927,012
223,222,21.0219197,1909,2021-06-28 17:51:20,52.2143765,2
224,222,21.0247557,1910,2021-06-28 17:51:28,52.2214424,5
225,139,21.1125702,1911,2021-06-28 17:51:30,52.1099809,56
226,222,20.995666,1912,2021-06-28 17:51:29,52.188889,6
227,251,21.1254052,1914,2021-06-28 17:51:30,52.0990584,51
228,222,21.0048747,1916,2021-06-28 17:51:31,52.2446861,3
229,139,21.0239854,1917,2021-06-28 17:51:29,52.179655,52
230,739,21.018162,1918,2021-06-28 17:51:31,52.119049,08
231,139,21.046383,1919,2021-06-28 17:51:31,52.17487,55
232,222,20.995602,1920,2021-06-28 17:51:28,52.188953,1
233,178,20.979362,1991,2021-06-28 17:51:32,52.229374,010
234,178,20.8835105,1993,2021-06-28 17:51:30,52.1953631,1
235,168,21.0949267,1994,2021-06-28 17:51:30,52.2300066,08
236,178,20.999887,1995,2021-06-28 17:51:30,52.253841,3
237,178,20.885801,1996,2021-06-28 17:51:29,52.182499,6
238,178,21.012392,1998,2021-06-28 17:51:29,52.24633,4
239,178,20.9570149,1999,2021-06-28 17:51:31,52.2273864,013
240,105,20.9837512,2001,2021-06-28 17:51:30,52.2300472,1
241,136,20.9714454,2003,2021-06-28 17:51:32,52.2130057,6
242,Z10,20.9236484,2006,2021-06-28 17:51:31,52.2219686,3
243,188,21.019661,2007,2021-06-28 17:51:31,52.218109,09
244,517,20.8618914,2008,2021-06-28 17:51:31,52.1908217,07
245,191,20.9375672,2009,2021-06-28 17:51:31,52.2024359,3
246,184,20.938616,2010,2021-06-28 17:51:29,52.246674,4
247,124,20.9649487,2011,2021-06-28 17:51:30,52.1518294,03
248,401,21.026648,2013,2021-06-28 17:51:30,52.170368,1
249,182,21.0029162,2014,2021-06-28 17:51:30,52.2170765,012
250,171,20.9252042,2015,2021-06-28 17:51:31,52.2725144,1
251,401,20.8617317,2016,2021-06-28 17:51:30,52.1905964,011
252,190,21.0698934,2019,2021-06-28 17:51:31,52.2804441,014
253,191,20.927645,2020,2021-06-28 17:51:31,52.203228,7
254,401,20.862068,2021,2021-06-28 17:51:30,52.190357,5
255,522,21.030979,2022,2021-06-28 17:51:31,52.206612,013
256,193,21.049896,2023,2021-06-28 17:51:30,52.158665,06
257,189,20.98896,2024,2021-06-28 17:51:31,52.181286,14
258,401,21.026352,2026,2021-06-28 17:51:30,52.1730527,8
259,522,21.0507045,2027,2021-06-28 17:51:31,52.1864307,318
260,519,21.015196,2028,2021-06-28 17:51:31,52.224483,3
261,501,21.0135557,2029,2021-06-28 17:51:31,52.2264699,3
262,189,20.898615,2030,2021-06-28 17:51:29,52.239197,9
263,131,21.068832,2032,2021-06-28 17:51:30,52.181553,10
264,522,21.063791,2033,2021-06-28 17:51:31,52.175755,07
265,189,20.906029,2035,2021-06-28 17:51:31,52.228458,12
266,519,21.0520182,2036,2021-06-28 17:51:31,52.1855802,5
267,501,21.031021,2037,2021-06-28 17:51:30,52.206841,5
268,138,21.002602,2038,2021-06-28 17:51:31,52.202087,010
269,501,21.0349149,2040,2021-06-28 17:51:30,52.2020441,2
270,189,20.9010945,2041,2021-06-28 17:51:31,52.227945,8
271,138,21.100285,2042,2021-06-28 17:51:31,52.260429,012
272,401,20.895861,2044,2021-06-28 17:51:31,52.193851,012
273,172,20.9526657,2045,2021-06-28 17:51:30,52.2121239,010
274,172,20.9556584,2200,2021-06-28 17:51:32,52.2119167,4
275,523,21.063856,2201,2021-06-28 17:51:31,52.228813,14
276,187,21.048377,2202,2021-06-28 17:51:31,52.2067537,3
277,136,21.033748,2203,2021-06-28 17:51:30,52.1501322,1
278,Z10,20.9141967,2204,2021-06-28 17:51:31,52.2356929,010
279,171,20.9279069,2205,2021-06-28 17:51:30,52.2638677,011
280,189,20.898832,2207,2021-06-28 17:51:31,52.2387531,10
281,190,20.9147677,2209,2021-06-28 17:51:30,52.2349075,8
282,172,21.010424,2210,2021-06-28 17:51:31,52.195656,2
283,122,20.97641,2212,2021-06-28 17:51:30,52.289829,6
284,122,20.8984896,2213,2021-06-28 17:51:30,52.2588657,07
285,136,21.0561329,2215,2021-06-28 17:51:29,52.1476592,11
286,190,20.919937,2216,2021-06-28 17:51:30,52.197449,018
287,401,20.8719996,2217,2021-06-28 17:51:30,52.1986896,09
288,Z10,20.912632,2218,2021-06-28 17:51:30,52.251831,5
289,148,21.045467,2221,2021-06-28 17:51:30,52.149948,8
290,523,21.0199477,2222,2021-06-28 17:51:30,52.2180177,1
291,191,20.870354,2223,2021-06-28 17:51:31,52.183643,9
292,189,21.068769,2224,2021-06-28 17:51:31,52.181908,2
293,191,20.981461,2225,2021-06-28 17:51:30,52.216484,5
294,517,20.944252,2226,2021-06-28 17:51:30,52.20652,3
295,136,21.055939,2231,2021-06-28 17:51:31,52.147572,013
296,189,20.896608,2232,2021-06-28 17:51:31,52.237221,11
297,317,20.94393,2233,2021-06-28 17:51:31,52.175659,08
298,Z10,20.9127449,2235,2021-06-28 17:51:31,52.24014,011
299,317,21.0437274,2236,2021-06-28 17:51:30,52.1728695,4
300,187,21.049011,2240,2021-06-28 17:51:31,52.178288,2
301,136,21.023062,2241,2021-06-28 17:51:30,52.15591,9
302,191,20.8960041,2243,2021-06-28 17:51:30,52.1943717,1
303,171,21.0109964,2244,2021-06-28 17:51:30,52.231632,4
304,Z10,20.9133389,2245,2021-06-28 17:51:30,52.2381052,9
305,717,20.885797,2247,2021-06-28 17:51:28,52.180859,3
306,317,21.020166,2249,2021-06-28 17:51:29,52.173222,06
307,189,21.008848,2252,2021-06-28 17:51:30,52.175728,4
308,112,20.957962,2253,2021-06-28 17:51:31,52.275894,2
309,191,20.98247,2254,2021-06-28 17:51:31,52.218075,010
310,141,21.0220021,2256,2021-06-28 17:51:30,52.1970991,013
311,172,21.0487462,2257,2021-06-28 17:51:31,52.1887642,7
312,317,20.944265,2258,2021-06-28 17:51:30,52.17543,1
313,187,21.001402,2259,2021-06-28 17:51:27,52.2169814,4
314,L48,21.303106,23481,2021-06-28 04:38:21,52.203297,1
315,L47,21.297926,23482,2021-06-28 17:51:28,52.241573,02
316,L47,21.306486,23483,2021-06-28 17:51:32,52.243858,1
317,L20,21.34968,24511,2021-06-28 17:51:27,52.113392,1
318,L20,21.471601,24512,2021-06-28 13:52:17,52.132278,1
319,L20,21.312006,24513,2021-06-28 17:51:32,52.112213,03
320,L20,21.471657,24515,2021-06-28 17:31:13,52.132061,2
321,245,21.0529698,3400,2021-06-28 17:51:28,52.2765045,2
322,112,21.091256,3401,2021-06-28 17:51:18,52.306266,018
323,412,21.0611353,3403,2021-06-28 17:51:29,52.2694708,01
324,112,20.983143,3404,2021-06-28 17:51:12,52.281689,7
325,412,21.067015,3405,2021-06-28 17:51:12,52.318139,05
326,500,21.0417678,3406,2021-06-28 17:51:29,52.300296,08
327,500,21.0420215,3408,2021-06-28 17:51:14,52.3003043,2
328,245,21.0662415,3410,2021-06-28 17:51:26,52.2759815,05
329,114,20.917149,3411,2021-06-28 17:51:20,52.313,011
330,500,21.0406945,3413,2021-06-28 17:51:28,52.2883551,1
331,190,21.0625241,3414,2021-06-28 17:51:18,52.2713396,027
332,114,21.0418138,3415,2021-06-28 17:51:30,52.3002078,09
333,114,20.9345855,3416,2021-06-28 17:51:28,52.2720495,010
334,738,21.052752,3417,2021-06-28 17:51:26,52.2766311,3
335,738,21.0894215,3418,2021-06-28 17:51:26,52.304158,4
336,190,21.0021595,3421,2021-06-28 17:51:29,52.2446973,021
337,500,21.0107208,3422,2021-06-28 17:51:23,52.2610911,4
338,185,21.0440433,3423,2021-06-28 17:51:30,52.1759016,10
339,512,21.0642268,3424,2021-06-28 17:51:26,52.2734623,2
340,512,21.0495263,3426,2021-06-28 17:51:26,52.286022,3
341,169,21.046036,3427,2021-06-28 17:51:28,52.280776,2
342,185,21.037934,3428,2021-06-28 17:51:27,52.140704,7
343,500,20.9825583,3429,2021-06-28 17:51:29,52.2531133,6
344,169,21.0416823,3430,2021-06-28 17:51:30,52.2999663,3
345,112,20.9713113,3431,2021-06-28 17:51:18,52.2757936,3
346,Z26,20.9927496,3432,2021-06-28 17:51:30,52.2419268,1
347,Z26,21.03461,3434,2021-06-28 17:51:23,52.257829,6
348,175,20.9777483,3435,2021-06-28 17:51:25,52.169526,55
349,509,21.0216668,3437,2021-06-28 17:51:29,52.2640911,5
350,132,20.977224,3438,2021-06-28 17:51:26,52.2790105,06
351,738,21.1814228,3439,2021-06-28 17:51:30,52.417214,1
352,414,21.04097,3440,2021-06-28 17:51:12,52.289324,07
353,512,21.054643,3441,2021-06-28 17:51:14,52.253771,5
354,500,21.0376821,3442,2021-06-28 17:51:26,52.2690775,7
355,509,21.0470225,3443,2021-06-28 17:51:27,52.2477576,11
356,245,21.1016381,3444,2021-06-28 17:51:22,52.2859158,04
357,145,21.0941185,3445,2021-06-28 17:51:22,52.2862105,8
358,509,20.9750655,3446,2021-06-28 17:51:30,52.3167788,14
359,162,21.034353,3447,2021-06-28 17:51:27,52.2554136,6
360,190,20.957101,3448,2021-06-28 17:51:27,52.237866,2
361,112,20.9289771,3449,2021-06-28 17:51:24,52.2642925,9
362,112,20.8830251,3450,2021-06-28 17:51:31,52.2148148,12
363,114,21.043474,3451,2021-06-28 09:14:51,52.2654126,09
364,145,21.127186,3452,2021-06-28 17:51:21,52.257171,015
365,527,21.0602061,3453,2021-06-28 17:51:26,52.3122213,2
366,190,20.9148678,3454,2021-06-28 17:51:26,52.2311975,1
367,145,21.1190606,3455,2021-06-28 17:51:25,52.2378561,5
368,509,21.022517,3458,2021-06-28 17:51:30,52.261832,355
369,245,21.0753051,3459,2021-06-28 17:51:26,52.28673,1
370,190,21.0146215,3460,2021-06-28 17:51:24,52.2467073,022
371,114,20.977855,3462,2021-06-28 17:51:23,52.266678,2
372,190,21.0024303,3463,2021-06-28 17:51:23,52.2448701,6
373,500,20.9821098,3464,2021-06-28 17:51:23,52.2532246,5
374,114,20.9861245,3465,2021-06-28 17:51:27,52.2685438,6
375,112,20.8828026,3466,2021-06-28 17:51:09,52.2148258,1
376,509,21.080679,3467,2021-06-28 17:51:23,52.2262373,022
377,245,21.1145333,3468,2021-06-28 17:51:25,52.2785911,03
378,114,20.9314573,3469,2021-06-28 17:51:30,52.2897591,7
379,L17,21.00001,36442,2021-06-28 17:51:17,52.028484,02
380,L19,21.029413,36443,2021-06-28 17:49:33,52.07513,1
381,L17,21.026884,36444,2021-06-28 17:51:31,52.075642,1
382,L19,21.050911,36445,2021-06-28 17:51:31,51.996197,02
383,L30,21.157291,36446,2021-06-28 17:51:33,51.953861,1
384,L28,21.118399,36447,2021-06-28 17:51:31,52.078861,1
385,L30,21.157513,36448,2021-06-28 17:51:27,51.954391,02
386,L42,21.116158,37531,2021-06-28 17:51:32,52.102638,52
387,L21,21.167656,37533,2021-06-28 17:51:28,52.059174,1
388,L16,21.138464,37534,2021-06-28 17:51:32,52.116978,1
389,L14,21.201906,37535,2021-06-28 17:51:30,52.079735,1
390,L15,21.135519,37536,2021-06-28 17:51:30,52.094948,51
391,L39,21.033804,38541,2021-06-28 17:51:25,52.099628,4
392,L23,21.028355,38544,2021-06-28 17:51:30,52.075874,052
393,L39,21.024353,38545,2021-06-28 17:51:31,52.061993,3
394,L32,21.09477,38546,2021-06-28 17:51:25,52.085052,1
395,L39,21.004555,38547,2021-06-28 05:46:58,52.110222,1
396,L39,21.026281,38548,2021-06-28 17:51:30,52.075562,2
397,L23,21.029411,38549,2021-06-28 17:24:02,52.074871,51
398,L52,20.985191,38550,2021-06-28 17:51:29,52.004002,1
399,L-2,20.943203,39551,2021-06-28 17:51:28,52.008545,062
400,L-2,21.025034,39552,2021-06-28 17:51:31,52.069157,063
401,L25,21.044447,39554,2021-06-28 17:51:31,52.060032,02
402,L25,21.133038,39555,2021-06-28 17:51:29,51.96714,1
403,L12,21.02953,39556,2021-06-28 17:51:25,52.075012,061
404,L12,21.022867,39557,2021-06-28 17:51:33,52.073463,64
405,L12,20.921949,39558,2021-06-28 17:51:33,52.035744,65
406,L13,21.005791,39560,2021-06-28 17:51:30,52.053684,1
407,L13,21.219603,39561,2021-06-28 17:51:30,51.979122,03
408,L13,20.989027,39562,2021-06-28 17:51:29,52.048641,2
409,L-5,20.961563,39565,2021-06-28 17:51:31,52.066841,1
410,255,20.931059,4200,2021-06-28 17:51:30,52.225227,2
411,703,20.838943,4202,2021-06-28 17:51:30,52.107327,52
412,197,20.95042,4205,2021-06-28 17:51:28,52.280991,2
413,902,20.9223249,4206,2021-06-28 16:30:27,52.1964574,M1
414,255,20.9606487,4207,2021-06-28 17:51:31,52.2282739,03
415,154,20.970739,4209,2021-06-28 17:51:31,52.21986,4
416,178,20.8960067,4210,2021-06-28 17:51:31,52.1856842,011
417,154,20.964016,4211,2021-06-28 17:51:31,52.196491,010
418,711,20.801456,4212,2021-06-28 17:51:31,52.090229,063
419,154,20.898413,4213,2021-06-28 17:51:30,52.25843,1
420,154,20.9578754,4214,2021-06-28 17:51:30,52.2237374,8
421,711,20.9419839,4215,2021-06-28 17:51:30,52.1741171,061
422,122,20.8974807,4216,2021-06-28 17:51:30,52.2444092,3
423,197,20.931477,4217,2021-06-28 17:51:31,52.25444,3
424,197,20.9756871,4218,2021-06-28 17:51:31,52.2897349,1
425,255,20.951775,4219,2021-06-28 17:51:31,52.226639,1
426,197,20.9488279,4221,2021-06-28 17:51:31,52.2768182,10
427,129,20.885319,4224,2021-06-28 17:51:31,52.194916,2
428,121,20.971054,4225,2021-06-28 17:51:31,52.284569,03
429,197,20.8773069,4227,2021-06-28 17:51:31,52.1997589,5
430,154,20.9486854,4228,2021-06-28 17:51:31,52.1808234,6
431,902,21.0444896,4229,2021-06-28 17:51:31,52.2372527,M2
432,154,20.9705047,4230,2021-06-28 17:51:30,52.2045132,7
433,178,20.9124581,4231,2021-06-28 17:51:30,52.1979887,9
434,178,20.980555,4232,2021-06-28 17:51:31,52.229706,7
435,714,20.795666,4233,2021-06-28 17:51:29,52.265446,3
436,729,20.8430037,4234,2021-06-28 17:51:31,52.2507242,02
437,714,20.950096,4235,2021-06-28 17:51:30,52.238674,2
438,L-3,20.866465,42362,2021-06-28 17:51:30,52.052223,02
439,154,20.9482049,4237,2021-06-28 17:51:30,52.1803495,5
440,154,20.927032,4238,2021-06-28 17:51:31,52.240788,3
441,178,20.923706,4239,2021-06-28 17:51:30,52.203983,8
442,154,20.917532,4240,2021-06-28 17:51:31,52.23954,011
443,714,20.885061,4241,2021-06-28 17:51:28,52.241154,04
444,154,20.8982367,4242,2021-06-28 17:51:30,52.2492536,2
445,154,20.939957,4243,2021-06-28 17:51:31,52.235374,09
446,901,21.0343747,4244,2021-06-28 17:51:30,52.2255324,1
447,901,21.0032221,4246,2021-06-28 17:51:31,52.2299671,3
448,714,20.932419,4247,2021-06-28 17:51:32,52.240292,1
449,729,20.847187,4248,2021-06-28 17:51:28,52.247948,1
450,121,20.9251375,4249,2021-06-28 17:51:27,52.2725517,2
451,L-1,21.01494,42494,2021-06-28 17:51:32,52.069298,1
452,L-4,21.0165,42495,2021-06-28 06:12:56,52.098907,2
453,L-3,21.020042,42500,2021-06-28 17:51:26,52.074814,1
454,146,21.0540761,4303,2021-06-28 17:51:30,52.2343403,06
455,119,21.0717735,4304,2021-06-28 17:51:32,52.2032359,07
456,117,21.0357269,4305,2021-06-28 17:51:31,52.2347827,4
457,147,21.0525434,4307,2021-06-28 17:51:31,52.2503316,010
458,142,21.1435751,4308,2021-06-28 17:51:29,52.185867,08
459,198,21.2236516,4309,2021-06-28 17:51:28,52.2537778,04
460,702,21.2691397,4312,2021-06-28 17:51:32,52.0985589,1
461,105,16.9750897,4332,2021-06-26 13:35:37,52.5472771,4
462,N72,16.9763326,4333,2021-06-28 15:21:54,52.5456077,215
463,240,21.077011,4400,2021-06-28 17:51:31,52.322308,1
464,132,21.0682432,4401,2021-06-28 17:51:30,52.3238562,09
465,126,20.941406,4402,2021-06-28 17:51:31,52.324398,2
466,120,21.042715,4403,2021-06-28 17:51:28,52.24942,5
467,166,21.024961,4404,2021-06-28 17:51:28,52.220917,3
468,156,21.04785,4406,2021-06-28 17:51:29,52.285885,2
469,122,20.926901,4407,2021-06-28 17:51:29,52.263611,010
470,134,20.968307,4408,2021-06-28 17:51:30,52.271907,05
471,106,20.990353,4409,2021-06-28 17:51:31,52.234627,1
472,199,21.1081769,4411,2021-06-28 17:51:31,52.2944654,3
473,173,21.190796,4413,2021-06-28 17:51:31,52.247551,2
474,106,20.9801729,4415,2021-06-28 17:51:31,52.232994,2
475,106,20.966263,4416,2021-06-28 17:51:29,52.243698,07
476,170,21.023994,4417,2021-06-28 17:51:30,52.26075,2
477,106,21.01124,4418,2021-06-28 17:51:30,52.239712,3
478,120,21.053896,4419,2021-06-28 17:51:26,52.337688,7
479,901,21.019007,4420,2021-06-28 17:51:30,52.234165,4
480,126,20.997368,4421,2021-06-28 17:51:27,52.319141,1
481,338,21.0301797,4422,2021-06-28 17:51:30,52.2616462,02
482,106,21.010662,4423,2021-06-28 17:51:29,52.239429,5
483,901,21.007135,4424,2021-06-28 17:51:31,52.234924,2
484,156,21.043068,4425,2021-06-28 17:51:30,52.274525,5
485,166,21.051006,4427,2021-06-28 17:51:30,52.159702,4
486,156,20.9388536,4428,2021-06-28 17:51:31,52.2870041,4
487,303,20.9857359,4429,2021-06-28 17:51:31,52.2685364,2
488,106,21.0242347,4430,2021-06-28 17:51:29,52.2422681,08
489,338,21.09446,4434,2021-06-28 17:51:31,52.260471,03
490,122,20.9724106,5200,2021-06-28 17:51:26,52.2647794,08
491,171,20.9117944,5201,2021-06-28 17:51:18,52.2510355,8
492,517,20.9516811,5202,2021-06-28 17:51:27,52.2118834,09
493,523,21.05928,5203,2021-06-28 17:51:21,52.227609,020
494,401,20.992783,5204,2021-06-28 17:51:17,52.180178,013
495,105,20.8992203,5205,2021-06-28 17:51:29,52.2387739,5
496,131,21.0288397,5206,2021-06-28 17:51:23,52.2070966,2
497,182,21.1129872,5207,2021-06-28 17:51:25,52.2360103,011
498,517,20.9670708,5208,2021-06-28 17:51:22,52.2182012,2
499,184,20.967338,5210,2021-06-28 17:51:12,52.212726,2
500,105,20.918366,5211,2021-06-28 17:51:13,52.220551,09
501,523,21.0144126,5212,2021-06-28 17:51:28,52.2168756,015
502,Z10,20.914497,5213,2021-06-28 17:51:27,52.2356163,1
503,184,20.9698737,5214,2021-06-28 17:51:30,52.2153347,1
504,523,20.898341,5215,2021-06-28 17:51:29,52.2584115,7
505,131,21.0544731,5216,2021-06-28 17:51:21,52.1949918,8
506,189,20.9220571,5217,2021-06-28 16:49:01,52.1957361,11
507,122,20.911993,5218,2021-06-28 17:51:11,52.252846,011
508,401,20.9084211,5219,2021-06-28 17:51:24,52.1925778,6
509,124,20.9434192,5222,2021-06-28 17:51:24,52.1745489,1
510,190,20.9662497,5223,2021-06-28 17:51:24,52.2369721,7
511,517,20.8617671,5224,2021-06-28 17:51:28,52.1908633,4
512,523,20.9128575,5225,2021-06-28 17:51:22,52.2394448,6
513,401,20.866961,5226,2021-06-28 17:51:29,52.197081,4
514,189,21.037636,5227,2021-06-28 17:51:17,52.173284,024
515,124,20.9436572,5228,2021-06-28 17:51:30,52.1760311,2
516,131,21.003633,5229,2021-06-28 17:51:18,52.228896,5
517,523,20.956929,5230,2021-06-28 17:51:22,52.2272352,016
518,189,20.913367,5232,2021-06-28 17:51:23,52.2094286,7
519,148,20.9782403,5233,2021-06-28 17:51:26,52.1694411,011
520,105,20.89835,5234,2021-06-28 17:51:15,52.23949,011
521,105,20.8968301,5235,2021-06-28 17:51:22,52.2279586,3
522,517,21.0060885,5236,2021-06-28 17:51:27,52.2346517,1
523,171,21.0108689,5237,2021-06-28 17:51:20,52.231092,6
524,401,20.9358429,5238,2021-06-28 17:51:20,52.1945501,7
525,182,21.019085,5239,2021-06-28 17:50:50,52.21797,9
526,184,20.9456494,5240,2021-06-28 17:51:25,52.2409237,3
527,187,20.8620333,5241,2021-06-28 17:51:30,52.1909269,8
528,190,20.9152939,5243,2021-06-28 17:51:26,52.2392711,011
529,189,20.943816,5244,2021-06-28 17:51:28,52.1929435,018
530,105,20.8971069,5245,2021-06-28 17:51:23,52.2272107,6
531,148,21.1042768,5246,2021-06-28 17:51:28,52.2220661,012
532,716,20.9146619,5247,2021-06-28 17:51:22,52.206411,1
533,141,20.9491078,5248,2021-06-28 17:51:23,52.1808134,7
534,317,20.972603,5249,2021-06-28 17:51:22,52.1822209,2
535,188,20.986353,5250,2021-06-28 17:51:30,52.2048025,3
536,187,21.0598028,5251,2021-06-28 17:51:26,52.1905607,1
537,189,20.9158155,5253,2021-06-28 17:51:28,52.2183869,020
538,401,21.0103292,5254,2021-06-28 17:51:27,52.1747012,010
539,190,20.992909,5255,2021-06-28 17:51:19,52.241808,016
540,148,21.0974935,5256,2021-06-28 17:51:27,52.2348623,1
541,716,20.929441,5257,2021-06-28 17:51:13,52.223303,2
542,188,20.9751874,5258,2021-06-28 17:51:21,52.1718944,4
543,105,20.95979,5260,2021-06-28 17:51:23,52.228173,08
544,723,20.915272,5401,2021-06-28 17:51:31,52.410889,3
545,185,20.9860217,5403,2021-06-28 17:51:30,52.2695489,3
546,145,21.088255,5404,2021-06-28 17:51:31,52.244812,4
547,269,21.043549,5405,2021-06-28 17:51:31,52.277451,05
548,509,21.003057,5406,2021-06-28 17:51:30,52.290131,13
549,120,21.065659,5407,2021-06-28 17:51:31,52.312561,2
550,527,21.0460896,5408,2021-06-28 17:51:30,52.2808765,054
551,E-9,20.967623,5409,2021-06-28 17:51:27,52.271862,01
552,731,20.983555,5410,2021-06-28 17:51:31,52.3075809,1
553,723,20.9466232,5412,2021-06-28 17:51:31,52.3498385,4
554,705,21.069843,5413,2021-06-28 17:51:27,52.474079,66
555,511,20.9691212,5414,2021-06-28 17:51:30,52.3258196,1
556,723,21.000792,5416,2021-06-28 17:51:30,52.291332,1
557,E-9,20.9872239,5417,2021-06-28 17:51:30,52.2837782,02
558,511,20.931293,5418,2021-06-28 17:51:25,52.293346,2
559,120,21.055243,5419,2021-06-28 17:51:31,52.269051,3
560,160,21.058002,5420,2021-06-28 17:51:32,52.324306,5
561,511,20.9611484,5421,2021-06-28 17:51:30,52.3351312,3
562,160,21.056122,5423,2021-06-28 17:51:30,52.297913,012
563,511,20.9426527,5424,2021-06-28 17:51:31,52.3486534,06
564,116,21.04089,5425,2021-06-28 17:51:31,52.196152,4
565,116,20.9927839,5426,2021-06-28 17:51:30,52.2620556,11
566,527,21.047678,5428,2021-06-28 17:51:30,52.270306,1
567,731,20.924597,5429,2021-06-28 17:51:31,52.391785,2
568,145,21.0003157,5430,2021-06-28 17:51:31,52.2913677,11
569,160,21.055349,5432,2021-06-28 17:51:30,52.263649,7
570,414,20.9776726,5434,2021-06-28 17:51:31,52.2789476,08
571,527,21.0597772,5436,2021-06-28 17:51:30,52.3161792,3
572,705,21.1092007,5437,2021-06-28 17:51:30,52.4801169,1
573,731,20.9284066,5438,2021-06-28 17:51:31,52.3874795,4
574,738,21.140356,5439,2021-06-28 17:51:31,52.365883,2
575,735,21.035616,5441,2021-06-28 17:51:31,52.421433,64
576,160,21.0025634,5443,2021-06-28 17:51:30,52.2293614,2
577,E-9,20.968992,5444,2021-06-28 17:51:29,52.272091,04
578,705,21.048461,5445,2021-06-28 03:52:31,52.264575,65
579,735,21.030554,5446,2021-06-28 17:51:31,52.430717,62
580,114,20.9455497,5447,2021-06-28 17:51:31,52.2717117,08
581,705,20.9680297,5448,2021-06-28 17:51:31,52.2727637,63
582,160,21.014723,5449,2021-06-28 17:51:30,52.246796,3
583,511,20.944256,5453,2021-06-28 17:51:31,52.271187,4
584,160,21.0026695,5454,2021-06-28 17:51:31,52.2295081,09
585,169,21.0406,5455,2021-06-28 17:51:30,52.2962,4
586,269,21.057249,5457,2021-06-28 17:51:31,52.270676,04
587,180,20.9333912,5459,2021-06-28 17:51:31,52.2712269,016
588,705,20.968127,5460,2021-06-28 17:51:31,52.2713512,65
589,175,20.983698,5870,2021-06-28 17:51:30,52.197205,53
590,175,21.0128475,5871,2021-06-28 17:51:32,52.2430171,59
591,503,21.02313,5873,2021-06-28 17:51:32,52.228191,1
592,175,21.01778,5874,2021-06-28 17:51:28,52.237663,58
593,138,21.002531,5875,2021-06-28 17:51:24,52.174683,011
594,331,21.024754,5876,2021-06-28 17:51:29,52.187805,01
595,180,20.9790976,5877,2021-06-28 17:51:29,52.2446691,017
596,709,21.018774,5878,2021-06-28 17:51:29,52.105751,013
597,175,21.012772,5880,2021-06-28 17:51:29,52.243248,070
598,175,20.980883,5882,2021-06-28 17:51:29,52.190308,56
599,180,21.005386,5883,2021-06-28 17:51:27,52.249176,10
600,503,20.998089,5885,2021-06-28 17:51:27,52.186783,5
601,180,21.084248,5886,2021-06-28 17:51:29,52.169033,13
602,128,20.977621,5887,2021-06-28 17:51:29,52.20192,074
603,175,20.985952,5888,2021-06-28 17:51:30,52.205177,069
604,180,20.932474,5889,2021-06-28 17:51:29,52.271065,8
605,128,20.963745,5890,2021-06-28 17:51:31,52.207699,62
606,180,20.925026,5891,2021-06-28 17:51:29,52.272377,7
607,504,21.027397,5892,2021-06-28 17:51:29,52.166931,010
608,503,21.043777,5893,2021-06-28 17:51:27,52.173073,3
609,175,21.013441,5894,2021-06-28 17:51:31,52.241909,066
610,503,21.001127,5895,2021-06-28 17:51:28,52.252602,12
611,503,21.034296,5897,2021-06-28 17:51:31,52.203144,2
612,128,20.989738,5898,2021-06-28 17:51:27,52.224236,071
613,128,21.012997,5899,2021-06-28 17:51:30,52.243057,51
614,158,21.1176642,5900,2021-06-28 17:51:31,52.2337847,5
615,175,20.989653,5902,2021-06-28 17:51:31,52.22448,52
616,158,20.964327,5903,2021-06-28 17:51:31,52.217281,8
617,503,21.024372,5905,2021-06-28 17:51:31,52.222729,8
618,128,20.98868,5906,2021-06-28 17:51:29,52.224701,63
619,503,21.045446,5907,2021-06-28 17:51:27,52.184158,7
620,175,20.978056,5908,2021-06-28 17:51:28,52.169552,068
621,175,20.990143,5909,2021-06-28 17:51:29,52.222748,067
622,128,20.963446,5910,2021-06-28 17:51:30,52.207779,073
623,111,21.101406,5911,2021-06-28 17:51:29,52.223316,4
624,116,21.001656,5913,2021-06-28 17:51:30,52.252197,12
625,175,20.979177,5915,2021-06-28 17:51:29,52.170017,54
626,128,20.988842,5918,2021-06-28 17:51:31,52.212284,60
627,158,21.017969,5920,2021-06-28 17:51:28,52.231335,1
628,116,21.066576,5921,2021-06-28 17:51:32,52.17186,15
629,175,21.1163987,5923,2021-06-28 10:17:16,52.2339737,072
630,116,21.062,5924,2021-06-28 17:51:24,52.1756,17
631,116,21.017874,5926,2021-06-28 17:51:31,52.237072,3
632,158,21.010433,5927,2021-06-28 17:51:30,52.229496,7
633,116,20.9730837,5928,2021-06-28 17:51:31,52.2715181,5
634,175,20.997854,5929,2021-06-28 17:51:30,52.22707,57
635,158,20.949305,5930,2021-06-28 17:51:32,52.211624,9
636,158,21.11278,5931,2021-06-28 17:51:30,52.236271,3
637,116,20.935921,5932,2021-06-28 17:51:28,52.278355,6
638,111,21.0658922,5933,2021-06-28 17:51:31,52.2334311,2
639,158,21.08312,5934,2021-06-28 17:51:29,52.235973,4
640,503,21.002552,5935,2021-06-28 17:51:28,52.254841,11
641,503,21.002331,5936,2021-06-28 17:51:27,52.254753,10
642,111,21.000658,5937,2021-06-28 17:51:29,52.244949,10
643,158,20.965899,5939,2021-06-28 17:51:30,52.218102,2
644,128,21.015781,5942,2021-06-28 17:51:27,52.230618,072
645,111,21.0052,5943,2021-06-28 17:51:31,52.2429,7
646,111,21.1155351,5944,2021-06-28 17:51:29,52.2341469,013
647,158,21.084175,5945,2021-06-28 17:51:30,52.239216,6
648,111,20.979444,5946,2021-06-28 17:51:32,52.244453,8
649,111,21.070696,5947,2021-06-28 17:51:30,52.225006,5
650,503,21.034349,5948,2021-06-28 17:51:31,52.166023,013
651,503,21.048468,5950,2021-06-28 17:51:29,52.15155,4
652,180,21.065,5951,2021-06-28 17:51:28,52.1855,2
653,518,20.98159,5952,2021-06-28 17:51:27,52.269936,7
654,160,20.996775,5954,2021-06-28 17:51:31,52.236397,010
655,160,21.067022,5956,2021-06-28 17:51:29,52.323204,013
656,111,21.102488,5958,2021-06-28 17:51:27,52.22208,011
657,160,21.015583,5959,2021-06-28 17:51:30,52.246826,08
658,111,21.10178,5960,2021-06-28 17:51:32,52.223484,3
659,190,21.075874,5961,2021-06-28 17:51:29,52.287769,024
660,116,21.023075,5962,2021-06-28 17:51:28,52.22839,13
661,111,21.022156,5963,2021-06-28 17:51:31,52.232231,1
662,518,20.973423,5964,2021-06-28 17:51:30,52.271461,3
663,518,20.961172,5965,2021-06-28 17:51:31,52.316944,08
664,518,21.020042,5966,2021-06-28 17:51:28,52.232487,2
665,160,21.059471,5967,2021-06-28 17:51:31,52.267811,011
666,180,21.026571,5970,2021-06-28 17:51:29,52.213577,11
667,518,21.017954,5972,2021-06-28 17:51:30,52.237179,1
668,E-9,21.067211,5973,2021-06-28 17:51:29,52.315491,03
669,518,20.972164,5975,2021-06-28 17:51:30,52.32058,4
670,180,20.964273,5976,2021-06-28 17:51:28,52.257912,6
671,503,21.017136,5978,2021-06-28 17:51:28,52.239395,9
672,503,21.051146,5979,2021-06-28 17:51:27,52.145897,6
673,111,21.025553,5980,2021-06-28 17:51:30,52.232643,6
674,705,21.028889,5981,2021-06-28 17:51:18,52.338665,07
675,111,20.979122,5982,2021-06-28 17:51:29,52.244366,9
676,128,21.012524,5983,2021-06-28 17:51:29,52.243313,65
677,180,21.017433,5984,2021-06-28 17:51:28,52.238899,4
678,180,21.083878,5985,2021-06-28 17:51:31,52.167793,14
679,180,21.049564,5986,2021-06-28 17:51:29,52.204227,12
680,180,20.948622,5987,2021-06-28 17:51:29,52.264309,9
681,180,21.083893,5988,2021-06-28 17:51:29,52.167984,1
682,116,21.057154,5989,2021-06-28 17:51:28,52.180336,1
683,705,21.029512,5990,2021-06-28 17:51:30,52.328243,08
684,116,21.031879,5991,2021-06-28 17:51:27,52.205551,2
685,518,20.942101,5994,2021-06-28 17:51:31,52.334404,6
686,116,20.92499,5995,2021-06-28 17:51:29,52.272327,7
687,116,21.083944,5996,2021-06-28 17:51:28,52.166012,16
688,116,20.981226,5997,2021-06-28 17:51:30,52.270016,10
689,518,20.94208,5998,2021-06-28 17:51:28,52.334568,5
690,116,20.923063,5999,2021-06-28 17:51:24,52.279835,8
691,184,20.944828,6200,2021-06-28 17:51:31,52.242817,7
692,112,20.901882,6201,2021-06-28 17:51:31,52.227966,11
693,187,20.873423,6203,2021-06-28 17:51:31,52.193436,9
694,167,20.9671859,6204,2021-06-28 17:51:31,52.2143694,013
695,728,20.87048,6207,2021-06-28 17:51:31,52.032089,02
696,Z10,20.9249967,6208,2021-06-28 17:51:31,52.2608544,7
697,703,20.8729832,6209,2021-06-28 17:51:31,52.1231719,91
698,414,20.974676,6210,2021-06-28 17:51:30,52.277607,04
699,713,20.929114,6212,2021-06-28 17:51:30,52.2231744,3
700,414,20.9636765,6213,2021-06-28 17:51:31,52.2085569,03
701,184,20.9386891,6214,2021-06-28 17:51:30,52.2864864,5
702,191,20.9490991,6215,2021-06-28 17:51:30,52.2096804,6
703,105,20.931368,6216,2021-06-28 17:51:31,52.223869,7
704,167,21.0149259,6217,2021-06-28 17:51:31,52.2088032,1
705,105,20.896908,6218,2021-06-28 17:51:31,52.232418,010
706,136,20.9564125,6220,2021-06-28 17:51:30,52.23029,4
707,189,20.916214,6221,2021-06-28 17:51:29,52.205318,13
708,187,20.9095141,6222,2021-06-28 17:51:31,52.1953087,5
709,105,20.898821,6223,2021-06-28 17:51:31,52.23877,4
710,517,20.988813,6224,2021-06-28 17:51:31,52.225128,6
711,717,20.964909,6225,2021-06-28 17:51:31,52.218292,2
712,716,20.828827,6226,2021-06-28 17:51:31,52.192986,3
713,188,21.1103602,6227,2021-06-28 17:51:30,52.245141,1
714,190,21.025549,6228,2021-06-28 17:51:29,52.250854,3
715,187,20.901735,6229,2021-06-28 17:51:30,52.199287,6
716,706,20.9428994,6231,2021-06-28 17:51:30,52.1756461,03
717,190,20.898832,6232,2021-06-28 17:51:31,52.238983,9
718,191,20.982651,6233,2021-06-28 17:51:30,52.217731,4
719,414,20.96776,6234,2021-06-28 17:51:31,52.21431,02
720,112,20.91398,6236,2021-06-28 17:51:30,52.237045,10
721,114,21.0416352,6237,2021-06-28 17:51:30,52.292181,4
722,728,20.938772,6239,2021-06-28 17:51:31,52.171597,1
723,414,20.956326,6240,2021-06-28 17:51:31,52.237461,01
724,517,20.9429186,6241,2021-06-28 17:51:29,52.2059574,5
725,182,21.112855,6242,2021-06-28 17:51:31,52.2362857,7
726,706,20.92572,6243,2021-06-28 17:51:28,52.159138,2
727,L29,20.569584,65471,2021-06-28 17:51:25,52.256317,1
728,L-7,20.916632,66523,2021-06-28 17:51:26,52.318287,2
729,L-6,20.801596,66524,2021-06-28 17:51:31,52.275664,02
730,L-6,20.85207,66525,2021-06-28 17:51:31,52.258934,1
731,190,20.89917,7200,2021-06-28 17:51:31,52.238956,10
732,189,20.9761392,7201,2021-06-28 17:51:30,52.1842452,6
733,112,20.9119446,7202,2021-06-28 17:51:31,52.2462014,019
734,141,21.081549,7203,2021-06-28 17:51:31,52.239193,4
735,317,21.025507,7204,2021-06-28 17:51:27,52.173542,07
736,131,21.0367874,7205,2021-06-28 17:51:30,52.2069369,011
737,523,20.9611167,7206,2021-06-28 17:51:30,52.2168356,10
738,189,20.8987707,7207,2021-06-28 17:51:31,52.2387182,019
739,414,21.038527,7208,2021-06-28 17:51:31,52.288277,06
740,721,20.928541,7212,2021-06-28 17:51:27,52.161839,02
741,112,21.0521477,7213,2021-06-28 17:51:31,52.2929384,5
742,191,20.937216,7214,2021-06-28 17:51:31,52.20224,2
743,112,20.944935,7215,2021-06-28 17:51:32,52.277271,8
744,713,20.7942999,7216,2021-06-28 17:51:30,52.2104752,2
745,189,21.0061227,7219,2021-06-28 17:51:30,52.1780674,022
746,517,20.889881,7220,2021-06-28 17:51:30,52.190083,09
747,187,21.037342,7222,2021-06-28 17:51:31,52.222462,12
748,122,20.94578,7223,2021-06-28 17:51:31,52.266247,2
749,721,20.8296924,7225,2021-06-28 17:51:31,52.0550014,1
750,706,20.903269,7226,2021-06-28 17:51:31,52.14045,1
751,114,21.021908,7227,2021-06-28 17:51:31,52.286762,3
752,114,20.933157,7228,2021-06-28 17:51:28,52.289551,1
753,112,20.924675,7229,2021-06-28 17:51:30,52.261417,014
754,517,20.90069,7230,2021-06-28 17:51:31,52.194618,08
755,713,20.900942,7231,2021-06-28 17:51:31,52.21703,04
756,717,20.8402705,7232,2021-06-28 17:51:32,52.1776687,1
757,189,21.0487856,7233,2021-06-28 17:51:31,52.1778327,3
758,713,20.7798055,7234,2021-06-28 17:51:30,52.210873,1
759,187,20.9183751,7235,2021-06-28 17:51:31,52.1986815,10
760,184,20.93878,7237,2021-06-28 17:51:31,52.276215,6
761,141,21.0495271,7238,2021-06-28 17:51:31,52.2038762,5
762,189,21.040306,7239,2021-06-28 17:51:31,52.171356,16
763,184,20.950142,7240,2021-06-28 17:51:31,52.229912,8
764,317,20.983631,7241,2021-06-28 17:51:31,52.177441,5
765,141,21.0311457,7242,2021-06-28 17:51:30,52.2010119,1
766,523,20.914869,7243,2021-06-28 17:51:31,52.239235,9
767,401,20.9435831,7244,2021-06-28 17:51:31,52.1930352,3
768,187,20.868378,7245,2021-06-28 17:51:28,52.192387,7
769,190,20.8969912,7247,2021-06-28 17:51:30,52.2285647,017
770,188,20.982796,7248,2021-06-28 17:51:27,52.195873,5
771,171,20.932119,7249,2021-06-28 17:51:31,52.240337,3
772,317,21.080654,7250,2021-06-28 17:51:31,52.167061,3
773,105,20.959087,7251,2021-06-28 17:51:29,52.227966,2
774,167,20.9257674,7252,2021-06-28 17:51:30,52.2340981,4
775,122,20.975229,7254,2021-06-28 17:51:30,52.265829,1
776,191,20.8941195,7256,2021-06-28 17:51:30,52.1922232,8
777,190,20.9874819,7257,2021-06-28 17:51:31,52.2400844,012
778,187,20.961395,7258,2021-06-28 17:51:29,52.216789,11
779,189,21.0253116,7259,2021-06-28 17:51:30,52.1735275,15
780,125,21.0413982,7301,2021-06-28 17:51:31,52.2416012,08
781,507,21.023228,7303,2021-06-28 17:51:32,52.23233,5
782,188,20.9782754,7304,2021-06-28 17:51:31,52.169511,07
783,138,21.013615,7305,2021-06-28 17:51:31,52.203938,4
784,151,21.05616,7306,2021-06-28 17:51:30,52.226803,04
785,509,21.060989,7307,2021-06-28 17:51:31,52.232273,7
786,138,21.015743,7308,2021-06-28 17:51:30,52.216938,1
787,188,21.0688559,7310,2021-06-28 17:51:31,52.2300882,2
788,182,21.0161187,7312,2021-06-28 17:51:30,52.2173577,5
789,E-1,21.0682147,7314,2021-06-28 17:51:31,52.2258081,01
790,143,21.163593,7315,2021-06-28 17:51:31,52.260582,7
791,188,21.008306,7316,2021-06-28 17:51:31,52.217327,08
792,402,21.117313,7317,2021-06-28 17:51:31,52.2304372,3
793,182,20.965273,7318,2021-06-28 17:51:30,52.2181464,4
794,182,20.9649187,7319,2021-06-28 17:51:30,52.2180804,3
795,411,21.015753,7320,2021-06-28 17:51:31,52.222321,01
796,182,21.100012,7322,2021-06-28 17:51:30,52.2383352,8
797,E-1,21.0445726,7323,2021-06-28 17:51:31,52.2468164,02
798,138,20.995346,7325,2021-06-28 17:51:30,52.170261,3
799,141,20.984997,7326,2021-06-28 17:51:30,52.198265,6
800,E-1,21.067739,7327,2021-06-28 17:51:30,52.231373,03
801,182,21.0088621,7328,2021-06-28 17:51:31,52.2172581,1
802,523,20.9047219,7329,2021-06-28 17:51:31,52.2557255,017
803,171,21.043301,7330,2021-06-28 17:51:31,52.222908,5
804,162,21.033367,7331,2021-06-28 17:51:30,52.250324,013
805,141,20.944124,7333,2021-06-28 17:51:31,52.175472,8
806,116,20.923265,7334,2021-06-28 17:51:25,52.274967,69
807,110,20.968582,742,2021-06-28 17:51:30,52.272167,1
808,750,20.849232,744,2021-06-28 17:51:31,52.363464,05
809,750,20.921768,745,2021-06-28 17:51:26,52.313919,07
810,250,20.868567,746,2021-06-28 17:51:29,52.332844,1
811,850,20.630362,749,2021-06-28 17:51:25,52.379944,2
812,150,20.847166,750,2021-06-28 17:51:27,52.341328,1
813,750,20.933739,755,2021-06-28 17:51:31,52.305244,2
814,110,20.883196,757,2021-06-28 17:51:30,52.309059,3
815,150,20.892702,758,2021-06-28 17:51:27,52.33913,2
816,750,20.776409,761,2021-06-28 17:51:29,52.36462,4
817,750,20.84915,762,2021-06-28 17:51:26,52.363567,1
818,850,20.962896,763,2021-06-28 17:51:27,52.276093,1
819,151,21.1047079,7701,2021-06-28 17:51:32,52.2302682,1
820,411,21.0284776,7702,2021-06-28 17:51:31,52.2200607,04
821,402,21.0205131,7703,2021-06-28 17:51:29,52.173164,7
822,151,21.0147697,7704,2021-06-28 17:51:31,52.2228864,05
823,150,20.8472335,772,2021-06-28 17:51:31,52.3414805,04
824,150,20.929988333,773,2021-06-28 17:51:32,52.290539667,05
825,150,20.913155,774,2021-06-28 17:51:28,52.321293,3
826,250,20.929522,775,2021-06-28 17:51:32,52.290691,3
827,250,20.885601,776,2021-06-28 17:51:30,52.298359,2
828,750,20.8835534,777,2021-06-28 17:51:31,52.34202,3
829,167,20.9969393,8100,2021-06-28 17:51:26,52.1859638,6
830,143,21.1041363,8103,2021-06-28 17:51:26,52.2418863,011
831,167,21.0405728,8108,2021-06-28 17:51:24,52.2067208,8
832,217,21.0361868,8109,2021-06-28 17:51:26,52.177014,2
833,174,21.006051,8110,2021-06-28 17:51:11,52.214305,010
834,136,20.957421,8112,2021-06-28 17:51:31,52.227586,014
835,709,21.0172188,8115,2021-06-28 17:51:20,52.1588348,8
836,174,21.0119181,8119,2021-06-28 17:51:25,52.1997183,6
837,136,20.9876315,8120,2021-06-28 17:51:30,52.2104505,7
838,143,21.069818,8121,2021-06-28 17:51:26,52.230613,09
839,504,21.068631,8123,2021-06-28 17:51:26,52.1290801,3
840,165,21.0240888,8124,2021-06-28 17:51:28,52.179799,4
841,727,20.9508196,8125,2021-06-28 17:51:24,52.0454148,3
842,709,21.0267641,8126,2021-06-28 17:51:28,52.0759938,014
843,402,21.1220788,8130,2021-06-28 17:51:23,52.2322096,5
844,136,21.021336,8131,2021-06-28 17:51:22,52.158163,012
845,148,21.0515815,8133,2021-06-28 17:51:33,52.1593718,5
846,402,21.0006785,8134,2021-06-28 17:51:29,52.178508,9
847,167,21.0466405,8135,2021-06-28 17:51:22,52.2071163,9
848,162,21.0849795,8136,2021-06-28 17:51:20,52.19328,08
849,162,21.0353763,8137,2021-06-28 17:51:21,52.2558515,011
850,162,21.0335778,8138,2021-06-28 17:51:30,52.227249,7
851,136,20.9827951,8139,2021-06-28 17:51:27,52.1960638,016
852,168,21.1128118,8140,2021-06-28 17:51:27,52.2365051,4
853,504,21.0037768,8143,2021-06-28 17:51:22,52.172535,011
854,504,21.0646318,8144,2021-06-28 17:51:28,52.131238,4
855,709,21.0182235,8145,2021-06-28 17:51:31,52.1167936,011
856,727,21.0087161,8146,2021-06-28 17:51:30,52.0578696,2
857,148,21.008276,8148,2021-06-28 17:51:20,52.154608,6
858,709,21.0177093,8152,2021-06-28 17:51:21,52.1640598,1
859,217,21.02511,8153,2021-06-28 17:51:26,52.1789376,1
860,136,20.9916445,8154,2021-06-28 17:51:29,52.1833535,8
861,131,21.069068,8155,2021-06-28 17:51:28,52.1813043,9
862,709,21.0186551,8156,2021-06-28 17:51:28,52.0984716,6
863,308,21.0204316,8158,2021-06-28 17:51:25,52.1894641,01
864,136,20.9659665,8160,2021-06-28 17:51:27,52.2431685,5
865,504,21.018005,8162,2021-06-28 17:51:25,52.1541138,1
866,331,20.9960573,8164,2021-06-28 17:51:24,52.1879623,05
867,331,20.9852598,8165,2021-06-28 17:51:28,52.167198,03
868,709,21.0179578,8166,2021-06-28 17:51:23,52.1545478,9
869,148,21.0542366,8167,2021-06-28 17:51:28,52.1806948,4
870,218,20.9932943,8168,2021-06-28 17:51:14,52.1887388,3
871,504,21.019526,8169,2021-06-28 17:51:30,52.152353,5
872,131,21.0845945,8170,2021-06-28 17:51:27,52.1685201,1
873,167,21.0829145,8172,2021-06-28 17:51:27,52.208312,010
874,143,21.178114,8173,2021-06-28 17:51:13,52.258411,010
875,218,20.9926895,8174,2021-06-28 17:51:26,52.18876,1
876,727,21.0181285,8175,2021-06-28 17:51:25,52.1218335,4
877,709,21.0197893,8176,2021-06-28 17:51:28,52.0872068,3
878,143,21.1204351,8177,2021-06-28 17:51:28,52.2372473,5
879,138,21.1008138,8178,2021-06-28 17:51:24,52.2605643,7
880,709,21.0177733,8181,2021-06-28 17:51:28,52.1360205,7
881,136,21.0009708,8182,2021-06-28 17:51:23,52.1887948,2
882,218,21.017063,8183,2021-06-28 17:51:27,52.180039,4
883,131,21.0121108,8184,2021-06-28 17:51:24,52.2293253,6
884,143,21.1305553,8185,2021-06-28 17:51:16,52.2368026,8
885,217,21.0379911,8187,2021-06-28 17:51:28,52.1765871,4
886,185,21.037486,8188,2021-06-28 17:51:17,52.145324,9
887,504,21.0050793,8189,2021-06-28 17:51:27,52.2293431,7
888,709,21.0127895,8190,2021-06-28 17:51:24,52.073231,5
889,131,21.0557806,8192,2021-06-28 17:51:22,52.1933925,4
890,504,21.0690143,8195,2021-06-28 17:51:27,52.1285481,2
891,504,20.9816295,8196,2021-06-28 17:51:25,52.1911388,013
892,218,21.0247496,8197,2021-06-28 17:51:26,52.1907878,2
893,331,21.0156151,8198,2021-06-28 17:51:24,52.153252,02
894,174,21.001441,8199,2021-06-28 17:51:16,52.228086,4
895,402,21.1558198,8201,2021-06-28 17:51:24,52.2402131,4
896,151,21.115749,8202,2021-06-28 10:44:07,52.233741,05
897,151,21.1175305,8204,2021-06-28 10:20:01,52.2338373,06
898,151,21.023526,8208,2021-06-28 17:51:22,52.219063,2
899,521,20.9979838,8214,2021-06-28 17:51:20,52.2269558,1
900,125,21.0546636,8216,2021-06-28 17:51:29,52.2470815,2
901,182,20.9655831,8218,2021-06-28 17:51:24,52.2182463,013
902,509,21.033484,8220,2021-06-28 17:51:26,52.255605,023
903,182,20.9767458,8222,2021-06-28 17:51:28,52.217706,2
904,509,20.9408831,8223,2021-06-28 17:51:28,52.3250295,024
905,151,21.026736,8225,2021-06-28 17:51:20,52.219763,06
906,509,21.079844,8228,2021-06-28 17:51:22,52.226151,10
907,521,21.1497993,8229,2021-06-28 17:51:23,52.2222766,2
908,523,21.005056,8231,2021-06-28 17:51:15,52.217046,021
909,162,21.0460748,8233,2021-06-28 17:51:28,52.2155518,014
910,145,21.12751,8300,2021-06-28 17:51:22,52.255792,2
911,145,21.0471485,8301,2021-06-28 17:51:25,52.2865371,9
912,509,20.961169,8303,2021-06-28 17:51:27,52.316908,3
913,171,21.034551,8304,2021-06-28 17:51:28,52.225258,010
914,509,21.116975,8305,2021-06-28 09:25:27,52.233583,022
915,117,21.1024931,8306,2021-06-28 17:51:23,52.222198,3
916,116,21.0056505,8309,2021-06-28 17:51:21,52.2488556,4
917,141,21.042269,8310,2021-06-28 17:51:27,52.224321,2
918,168,21.0420873,8311,2021-06-28 17:51:30,52.2067278,3
919,151,21.0864451,8312,2021-06-28 17:51:23,52.2356486,3
920,720,21.4514948,8313,2021-06-28 17:51:33,52.1342698,02
921,162,21.0818865,8314,2021-06-28 17:51:24,52.1905048,2
922,117,21.0852806,8315,2021-06-28 17:51:23,52.223042,06
923,521,21.16467,8318,2021-06-28 17:51:32,52.2079623,4
924,185,21.0509965,8319,2021-06-28 17:51:30,52.1978813,11
925,151,21.116836,8320,2021-06-28 09:58:49,52.233566,04
926,162,21.0274823,8322,2021-06-28 17:51:20,52.2596261,5
927,509,21.102145,8323,2021-06-28 17:51:19,52.221961,9
928,148,20.997988,8324,2021-06-28 17:51:20,52.156321,7
929,143,21.0374973,8326,2021-06-28 17:51:21,52.2222681,1
930,145,21.1055496,8328,2021-06-28 17:51:24,52.2863226,1
931,507,21.1022176,8329,2021-06-28 17:51:27,52.222072,08
932,148,21.087381,8330,2021-06-28 17:51:13,52.244843,2
933,145,21.126441,8332,2021-06-28 17:51:24,52.25995,7
934,523,21.0838781,8333,2021-06-28 17:51:28,52.2455688,12
935,148,21.1020258,8334,2021-06-28 17:51:26,52.241873,3
936,145,21.016113,8335,2021-06-28 17:51:29,52.293481,014
937,143,21.0112975,8337,2021-06-28 17:51:26,52.217328,2
938,125,21.1110348,8340,2021-06-28 17:51:28,52.240533,4
939,523,20.9349271,8341,2021-06-28 17:51:31,52.2400345,5
940,507,21.101745,8342,2021-06-28 17:51:20,52.222371,1
941,171,20.979365,8343,2021-06-28 17:51:14,52.238179,09
942,502,21.0154933,8344,2021-06-28 17:51:13,52.2188217,1
943,507,21.03526,8345,2021-06-28 17:51:22,52.234851,3
944,145,21.128331,8348,2021-06-28 17:51:21,52.253126,3
945,507,21.07262,8349,2021-06-28 17:48:34,52.2252,6
946,145,21.0225,8350,2021-06-28 17:51:21,52.286079,012
947,507,21.005398,8351,2021-06-28 17:51:11,52.229475,4
948,502,21.217479,8352,2021-06-28 17:51:18,52.21443,4
949,523,21.018711,8353,2021-06-28 17:51:16,52.21795,2
950,502,21.0369767,8354,2021-06-28 17:51:25,52.22238,011
951,523,20.913098,8356,2021-06-28 17:51:28,52.251961,8
952,514,21.144685,8358,2021-06-28 17:51:22,52.2494183,3
953,523,21.00559,8359,2021-06-28 17:51:27,52.2175733,3
954,507,21.1000567,8360,2021-06-28 17:51:29,52.2235483,7
955,202,21.053426,8361,2021-06-28 17:51:28,52.250206,1
956,502,21.125626,8362,2021-06-28 17:51:11,52.233466,2
957,188,21.084476,8363,2021-06-28 17:51:17,52.249846,6
958,138,21.052879,8364,2021-06-28 17:51:19,52.259678,6
959,514,21.0646933,8365,2021-06-28 17:51:27,52.2289483,1
960,523,20.982793,8366,2021-06-28 17:51:21,52.216263,4
961,502,21.11895,8368,2021-06-28 17:51:12,52.2325833,5
962,145,21.122226,8398,2021-06-28 17:51:30,52.264748,013
963,402,20.995003,8403,2021-06-28 17:51:14,52.176169,011
964,521,21.203209,8408,2021-06-28 17:51:24,52.169211,07
965,143,21.0067781,8410,2021-06-28 17:51:27,52.2171581,012
966,523,21.098696,8414,2021-06-28 17:51:13,52.24795,13
967,148,21.0642743,8417,2021-06-28 17:51:26,52.2026578,9
968,148,21.0409446,8430,2021-06-28 17:51:26,52.1706768,010
969,162,21.0280235,8437,2021-06-28 17:51:23,52.2483346,012
970,125,21.100761,8438,2021-06-28 17:51:20,52.242661,1
971,162,21.048003,8440,2021-06-28 17:51:20,52.208799,015
972,145,21.11928,8441,2021-06-28 17:51:30,52.237835,6
973,269,21.0414609,8442,2021-06-28 17:51:32,52.3001094,01
974,723,20.941826,8443,2021-06-28 17:51:31,52.354969,2
975,114,20.987259,8445,2021-06-28 17:51:31,52.268936,5
976,120,21.0472442,8446,2021-06-28 17:51:30,52.2762662,6
977,731,20.9255499,8447,2021-06-28 17:51:31,52.4217069,3
978,160,20.9994977,8448,2021-06-28 17:51:30,52.2334439,1
979,132,21.051668,8449,2021-06-28 17:51:30,52.305473,04
980,412,21.051706,8450,2021-06-28 17:51:30,52.252781,052
981,112,21.047575,8451,2021-06-28 17:51:30,52.286648,6
982,527,21.0515201,8452,2021-06-28 17:51:31,52.2918234,06
983,160,21.0516507,8453,2021-06-28 17:51:30,52.2919817,014
984,160,21.0429696,8454,2021-06-28 17:51:29,52.2761562,4
985,160,21.054377,8455,2021-06-28 17:51:30,52.275772,6
986,132,21.0406904,8457,2021-06-28 17:51:29,52.3019451,08
987,527,21.0684075,8458,2021-06-28 17:51:31,52.3234242,055
988,Z26,20.974355,8459,2021-06-28 17:51:31,52.2355731,3
989,412,21.086252,8460,2021-06-28 17:51:31,52.300377,053
990,120,21.0511594,8461,2021-06-28 17:51:30,52.2526199,4
991,414,20.960039,8462,2021-06-28 17:51:30,52.2176069,05
992,511,20.9329904,8463,2021-06-28 17:51:18,52.2954927,05
993,509,20.9416904,8465,2021-06-28 17:51:29,52.3334159,2
994,136,20.98453,8500,2021-06-28 17:51:23,52.210375,3
995,501,21.048505,8501,2021-06-28 17:51:30,52.1781367,06
996,138,21.0443417,8502,2021-06-28 17:51:15,52.249125,9
997,189,20.99333,8503,2021-06-28 17:51:24,52.180093,5
998,522,21.01522,8504,2021-06-28 17:51:21,52.218685,4
999,401,20.996506,8505,2021-06-28 17:51:25,52.179516,2
1000,131,21.0040267,8506,2021-06-28 17:51:28,52.2294667,7
1001,501,21.002683,8507,2021-06-28 17:51:30,52.227808,4
1002,138,20.99505,8508,2021-06-28 17:51:26,52.1701333,2
1003,189,21.066055,8509,2021-06-28 17:51:29,52.1848617,1
1004,501,21.0482883,8510,2021-06-28 17:51:25,52.1781133,1
1005,189,21.068825,8511,2021-06-28 17:51:24,52.1812667,027
1006,Z26,20.9949833,8512,2021-06-28 17:51:16,52.2425183,4
1007,186,20.9637433,8513,2021-06-28 17:51:19,52.2077617,013
1008,733,20.7790017,8514,2021-06-28 17:51:30,52.0761917,01
1009,Z26,21.0026833,8515,2021-06-28 17:51:30,52.24477,7
1010,522,21.0798567,8516,2021-06-28 17:51:32,52.1575583,2
1011,141,21.00347,8517,2021-06-28 17:51:16,52.195286,10
1012,519,21.0030317,8519,2021-06-28 17:51:21,52.2291283,7
1013,519,21.102663,8520,2021-06-28 17:51:26,52.130654,1
1014,186,20.949078,8522,2021-06-28 17:51:17,52.320141,10
1015,733,20.943618,8523,2021-06-28 17:51:16,52.17526,62
1016,522,21.071821,8525,2021-06-28 17:51:10,52.160935,011
1017,172,20.974109,8526,2021-06-28 17:51:11,52.20215,63
1018,172,20.973095,8528,2021-06-28 17:51:23,52.212148,5
1019,308,20.988685,8530,2021-06-28 17:51:18,52.1841233,02
1020,172,21.04605,8532,2021-06-28 17:51:30,52.19082,1
1021,Z26,20.97587,8533,2021-06-28 17:51:28,52.2377267,2
1022,138,21.053393,8534,2021-06-28 17:51:17,52.227143,5
1023,522,21.079928,8535,2021-06-28 17:51:20,52.157973,1
1024,172,20.996496,8536,2021-06-28 17:51:29,52.196266,6
1025,522,21.003885,8537,2021-06-28 17:51:20,52.228058,5
1026,709,21.015028,8539,2021-06-28 17:51:23,52.071916,4
1027,172,21.06902,8540,2021-06-28 17:51:29,52.1814383,8
1028,185,21.0418783,8541,2021-06-28 17:51:23,52.1710517,6
1029,172,21.068964,8543,2021-06-28 17:51:26,52.181598,9
1030,519,21.089684,8544,2021-06-28 17:51:18,52.156145,4
1031,522,21.068188,8546,2021-06-28 17:51:25,52.168916,012
1032,522,21.0248033,8547,2021-06-28 17:51:23,52.2111367,6
1033,402,20.99909,8548,2021-06-28 17:51:25,52.1787117,010
1034,186,20.99445,8549,2021-06-28 17:51:23,52.298656,015
1035,186,20.95803,8550,2021-06-28 17:51:14,52.244414,016
1036,709,21.024038,8551,2021-06-28 17:51:12,52.180073,10
1037,136,21.0556483,8552,2021-06-28 17:51:26,52.14744,10
1038,Z26,21.034311,8555,2021-06-28 17:51:21,52.25502,5
1039,519,21.062194,8556,2021-06-28 17:51:17,52.175603,6
1040,Z26,20.9744167,8558,2021-06-28 17:51:25,52.2355833,08
1041,217,21.024119,8559,2021-06-28 17:51:15,52.179663,06
1042,519,21.02445,8560,2021-06-28 17:51:17,52.21114,2
1043,411,21.063859,8561,2021-06-28 17:51:27,52.227491,02
1044,521,21.0899633,8562,2021-06-28 17:51:29,52.2450033,09
1045,402,21.0485483,8563,2021-06-28 17:51:25,52.1939133,2
1046,521,21.21124,8564,2021-06-28 17:51:27,52.161075,08
1047,502,21.240236,8565,2021-06-28 17:51:18,52.223108,014
1048,502,21.0166467,8566,2021-06-28 17:51:29,52.21718,6
1049,402,21.1504883,8567,2021-06-28 17:51:29,52.238855,014
1050,509,21.0354867,8568,2021-06-28 17:51:12,52.254255,021
1051,171,20.927141,8569,2021-06-28 17:51:20,52.263583,2
1052,411,21.102436,8571,2021-06-28 17:51:11,52.222023,03
1053,E-1,21.102481,8572,2021-06-28 17:51:30,52.221733,04
1054,202,21.055921,8573,2021-06-28 17:51:31,52.249818,2
1055,411,21.115896,8574,2021-06-28 10:20:57,52.233514,01
1056,720,21.087751,8576,2021-06-28 17:51:28,52.244748,1
1057,162,21.0336233,8578,2021-06-28 17:51:24,52.2512,4
1058,125,21.196495,8579,2021-06-28 17:51:24,52.208395,09
1059,731,20.9811267,8583,2021-06-28 17:51:28,52.3099583,5
1060,269,21.0419283,8584,2021-06-28 17:51:24,52.3005,02
1061,269,21.040741,8585,2021-06-28 17:51:22,52.28898,03
1062,514,21.0155933,8586,2021-06-28 17:51:23,52.2192833,2
1063,523,21.115558,8587,2021-06-28 08:55:25,52.233753,3
1064,145,21.12726,8588,2021-06-28 17:51:23,52.2334517,016
1065,514,21.208438,8589,2021-06-28 17:51:24,52.247309,4
1066,502,21.243118,8590,2021-06-28 17:51:17,52.222774,3
1067,507,21.067541,8592,2021-06-28 17:51:31,52.225938,2
1068,145,21.000295,8593,2021-06-28 17:51:30,52.291339,10
1069,138,21.0610617,8595,2021-06-28 17:51:28,52.262315,8
1070,186,20.9526413,8801,2021-06-28 17:51:23,52.318473,11
1071,185,20.9848388,8802,2021-06-28 17:51:27,52.270525,1
1072,727,21.0178623,8803,2021-06-28 17:51:23,52.1551114,1
1073,217,21.055168,8804,2021-06-28 17:51:10,52.172829,3
1074,185,21.042139,8805,2021-06-28 17:51:22,52.228864,4
1075,402,20.993563,8806,2021-06-28 17:51:24,52.1791608,8
1076,131,21.0155951,8808,2021-06-28 17:51:30,52.2230595,3
1077,709,21.0181931,8809,2021-06-28 17:51:28,52.1320853,2
1078,174,21.0109256,8810,2021-06-28 17:51:27,52.1714386,1
1079,165,21.0015968,8811,2021-06-28 17:51:27,52.1750445,3
1080,167,21.0831611,8812,2021-06-28 17:51:30,52.2082501,011
1081,402,21.0323285,8813,2021-06-28 17:51:28,52.1734648,1
1082,167,21.001921,8814,2021-06-28 17:51:29,52.216933,2
1083,167,20.9314816,8816,2021-06-28 17:51:21,52.2339346,3
1084,308,21.017955,8817,2021-06-28 17:51:17,52.189191,03
1085,504,20.990011,8818,2021-06-28 17:51:14,52.217553,9
1086,331,20.9738313,8819,2021-06-28 17:51:23,52.1714018,04
1087,522,21.016541,8820,2021-06-28 17:51:27,52.222233,014
1088,174,21.0102528,8821,2021-06-28 17:51:31,52.2025701,08
1089,174,20.9995565,8822,2021-06-28 17:51:29,52.2312226,5
1090,522,21.0478686,8823,2021-06-28 17:51:27,52.1895433,015
1091,709,21.0244411,8825,2021-06-28 17:51:17,52.179991,012
1092,504,21.002105,8826,2021-06-28 17:51:28,52.2280416,8
1093,143,21.014019,8828,2021-06-28 17:51:20,52.217219,4
1094,509,21.0017325,8829,2021-06-28 17:51:26,52.2918411,4
1095,523,20.9618066,8830,2021-06-28 17:51:30,52.2169136,11
1096,125,21.154284,8831,2021-06-28 17:51:24,52.226284,5
1097,171,20.9782546,8832,2021-06-28 17:51:28,52.2380518,7
1098,141,20.9456631,8833,2021-06-28 17:51:27,52.177972,9
1099,704,21.1189675,8834,2021-06-28 17:51:22,52.2379565,2
1100,521,21.0052053,8835,2021-06-28 17:51:27,52.2285394,5
1101,182,21.054267,8837,2021-06-28 17:51:29,52.2265265,6
1102,182,21.038724,8838,2021-06-28 17:51:29,52.2227626,010
1103,704,21.326696,8839,2021-06-28 17:51:29,52.213391,1
1104,185,21.0594165,8840,2021-06-28 17:51:26,52.1908818,5
1105,125,21.1965963,8841,2021-06-28 17:51:25,52.208331,6
1106,521,21.2047895,8843,2021-06-28 17:51:32,52.1593985,3
1107,185,20.9758281,8844,2021-06-28 17:51:25,52.2896401,2
1108,402,21.1356178,8845,2021-06-28 17:51:30,52.2415161,013
1109,143,21.006388,8846,2021-06-28 17:51:21,52.217133,3
1110,143,21.142595,8847,2021-06-28 17:51:20,52.2592346,6
1111,125,21.0655061,8849,2021-06-28 17:51:08,52.24649,3
1112,521,20.9640058,8850,2021-06-28 17:51:24,52.2078753,6
1113,523,20.9509848,8851,2021-06-28 17:51:28,52.2384911,019
1114,141,21.0997366,8852,2021-06-28 17:51:24,52.2383781,3
1115,125,21.1628973,8853,2021-06-28 17:51:18,52.2216095,7
1116,509,21.0931395,8854,2021-06-28 17:51:27,52.2266016,8
1117,402,21.0451043,8855,2021-06-28 17:51:29,52.1794633,6
1118,512,21.0489275,8856,2021-06-28 17:51:23,52.2522435,1
1119,509,21.020949,8857,2021-06-28 17:51:30,52.264943,12
1120,169,21.0472253,8858,2021-06-28 17:51:18,52.251835,1
1121,112,21.0418573,8859,2021-06-28 17:51:15,52.2930655,4
1122,512,21.0708056,8861,2021-06-28 17:51:23,52.2811261,4
1123,412,21.068294,8862,2021-06-28 17:51:15,52.323663,04
1124,738,21.1404311,8864,2021-06-28 17:51:28,52.3661645,05
1125,500,21.0459893,8865,2021-06-28 10:43:17,52.2651186,08
1126,169,21.0385153,8866,2021-06-28 17:51:27,52.251816,5
1127,162,21.0549881,8867,2021-06-28 17:51:28,52.1944595,1
1128,190,21.065415,8868,2021-06-28 17:51:28,52.274726,5
1129,190,21.0584163,8869,2021-06-28 17:51:28,52.2665478,023
1130,190,21.0855021,8871,2021-06-28 17:51:29,52.3053335,025
1131,190,21.0699583,8872,2021-06-28 17:51:25,52.2801956,026
1132,738,21.0885256,8873,2021-06-28 17:51:20,52.302831,06
1133,500,21.0433515,8874,2021-06-28 17:51:30,52.2854746,3
1134,190,21.0834128,8875,2021-06-28 17:51:24,52.2965651,4
1135,162,21.0297341,8876,2021-06-28 17:51:27,52.2349103,3
1136,512,21.052197,8878,2021-06-28 17:51:28,52.2528728,06
1137,509,20.942289,8879,2021-06-28 17:51:29,52.3346195,1
1138,709,20.996574,8880,2021-06-25 18:58:33,52.18762,016
1139,186,20.954498,8881,2021-06-28 17:51:28,52.317549,014
1140,165,21.0049116,8882,2021-06-28 17:51:30,52.1779885,2
1141,128,21.019951,8883,2021-06-28 17:51:27,52.232278,64
1142,180,20.9770755,8885,2021-06-28 17:51:17,52.2458188,5
1143,167,20.9510046,8886,2021-06-28 17:51:20,52.228676,5
1144,189,20.9280995,8887,2021-06-28 17:51:26,52.1961116,021
1145,128,20.9758331,8888,2021-06-28 17:51:24,52.2043501,61
1146,504,20.9887413,8891,2021-06-28 17:51:27,52.2249296,012
1147,165,21.002385,8892,2021-06-28 17:51:12,52.158283,1
1148,180,21.025806,8893,2021-06-28 17:51:21,52.217193,53
1149,217,21.0701155,8894,2021-06-28 17:51:25,52.1647841,05
1150,136,21.003488,8895,2021-06-28 17:51:28,52.1733226,015
1151,174,20.9973526,8896,2021-06-28 17:51:24,52.1697145,07
1152,180,21.0838111,8897,2021-06-28 17:51:30,52.1683388,015
1153,167,21.008939,8898,2021-06-28 17:51:27,52.207569,7
1154,504,20.9796621,8899,2021-06-28 17:51:28,52.1866748,6
1155,161,21.171934,9061,2021-06-28 17:51:31,52.183853,2
1156,161,21.22473,9063,2021-06-28 17:51:31,52.186726,3
1157,262,21.087795,9064,2021-06-28 17:51:28,52.286556,03
1158,314,20.957203,9065,2021-06-28 17:51:31,52.313351,04
1159,314,21.047213,9066,2021-06-28 17:51:30,52.33173,02
1160,104,21.029356,9068,2021-06-28 17:51:31,52.300339,2
1161,161,21.175356,9070,2021-06-28 17:51:29,52.184284,1
1162,225,21.102507,9071,2021-06-28 17:51:29,52.222782,2
1163,225,21.153397,9074,2021-06-28 17:51:28,52.271645,4
1164,225,21.127012,9075,2021-06-28 17:51:29,52.259342,3
1165,211,20.966158,9077,2021-06-28 17:51:26,52.318943,08
1166,314,21.032446,9078,2021-06-28 17:51:27,52.318226,01
1167,104,20.999691,9081,2021-06-28 17:51:29,52.290287,1
1168,314,20.968292,9082,2021-06-28 17:51:31,52.319489,03
1169,262,21.051857,9083,2021-06-28 17:51:30,52.276882,2
1170,225,21.130186,9088,2021-06-28 17:51:31,52.251053,1
1171,211,20.942177,9090,2021-06-28 17:51:29,52.336823,2
1172,211,20.941463,9091,2021-06-28 17:51:29,52.355366,07
1173,305,21.134323,9093,2021-06-28 17:51:29,52.202683,1
1174,900,20.952896,9094,2021-06-28 17:51:31,52.35461,1
1175,133,20.95228,9201,2021-06-28 17:51:30,52.316917,2
1176,207,20.887909,9202,2021-06-28 17:51:21,52.197212,03
1177,164,21.137973,9203,2021-06-28 17:51:30,52.14627,05
1178,133,20.952244,9204,2021-06-28 17:51:23,52.318649,1
1179,809,20.993242,9205,2021-06-28 17:51:24,52.126572,51
1180,239,21.038044,9206,2021-06-28 17:51:23,52.154335,52
1181,209,21.038485,9208,2021-06-28 17:51:23,52.154095,54
1182,211,20.939154,9209,2021-06-28 17:51:27,52.340389,4
1183,177,20.884727,9210,2021-06-28 17:51:26,52.194569,3
1184,239,21.006161,9212,2021-06-28 17:51:31,52.142315,53
1185,211,21.000754,9213,2021-06-28 17:51:28,52.2911,6
1186,219,21.102619,9215,2021-06-28 17:51:26,52.222752,3
1187,208,20.975717,9216,2021-06-28 17:51:08,52.211187,1
1188,234,21.014063,9217,2021-06-28 17:51:28,52.310406,1
1189,209,20.980989,9218,2021-06-28 17:51:29,52.132874,057
1190,234,21.066856,9219,2021-06-28 17:51:28,52.339016,2
1191,203,20.929642,9220,2021-06-28 17:51:29,52.285595,1
1192,249,20.898773,9221,2021-06-28 17:51:24,52.238598,1
1193,211,20.973864,9223,2021-06-28 17:51:27,52.30735,1
1194,201,20.931389,9224,2021-06-28 17:51:23,52.254543,3
1195,208,20.975607,9225,2021-06-28 17:51:27,52.210361,04
1196,208,20.950302,9226,2021-06-28 17:51:23,52.202763,05
1197,208,20.948791,9227,2021-06-28 17:51:25,52.209476,2
1198,219,21.164881,9228,2021-06-28 17:51:30,52.205963,2
1199,219,21.167027,9229,2021-06-28 17:51:28,52.194939,1
1200,201,20.92507,9230,2021-06-28 17:51:31,52.260612,2
1201,809,21.030369,9232,2021-06-28 17:51:31,52.150101,056
1202,264,21.101347,9233,2021-06-28 17:51:26,52.131741,1
1203,203,20.927511,9234,2021-06-28 17:51:31,52.284069,2
1204,201,20.926512,9235,2021-06-28 17:51:29,52.234081,5
1205,201,20.942759,9236,2021-06-28 17:51:29,52.238937,4
1206,209,21.027431,9237,2021-06-28 17:51:26,52.151115,055
1207,208,20.975578,9238,2021-06-28 17:51:31,52.210239,03
1208,207,20.870293,9239,2021-06-28 17:51:30,52.183708,02
1209,177,20.88376,9240,2021-06-28 17:51:29,52.205761,1
1210,133,20.982321,9241,2021-06-28 17:51:31,52.355511,3
1211,201,20.943941,9242,2021-06-28 17:51:27,52.244614,06
1212,211,20.968462,9243,2021-06-28 17:51:31,52.319542,5
1213,207,20.898479,9244,2021-06-28 17:51:29,52.188885,01
1214,211,20.941395,9245,2021-06-28 17:51:31,52.355434,3
1215,164,21.110024,9246,2021-06-28 17:51:26,52.164745,04
1216,201,20.926609,9247,2021-06-28 17:51:24,52.262615,1
1217,177,20.895674,9248,2021-06-28 17:51:28,52.185795,2
1218,164,21.138742,9250,2021-06-28 17:51:30,52.145909,3
1219,164,21.074615,9251,2021-06-28 17:51:30,52.168468,2
1220,164,21.056171,9252,2021-06-28 17:51:28,52.182121,1
1221,211,20.973623,9254,2021-06-28 17:51:27,52.307667,09
1222,199,21.129019,9301,2021-06-28 17:51:27,52.287518,06
1223,739,21.052439,9302,2021-06-28 17:51:30,52.095337,2
1224,739,21.040991,9304,2021-06-28 17:51:26,52.096607,3
1225,179,21.021255,9311,2021-06-28 16:51:30,52.15749,10
1226,123,21.080124,9312,2021-06-28 17:51:24,52.2528,08
1227,179,21.036882,9313,2021-06-28 17:51:24,52.162079,11
1228,153,21.150537,9314,2021-06-28 17:51:29,52.270309,2
1229,179,21.034809,9315,2021-06-28 17:51:31,52.15097,2
1230,135,21.09667,9316,2021-06-28 17:51:24,52.232853,3
1231,135,21.081421,9317,2021-06-28 17:51:27,52.241119,6
1232,135,21.107166,9318,2021-06-28 17:51:27,52.248363,2
1233,135,21.100943,9319,2021-06-28 17:51:25,52.24062,1
1234,179,21.05928,9320,2021-06-28 17:51:31,52.15007,4
1235,179,21.063967,9321,2021-06-28 17:51:32,52.131298,5
1236,123,21.054586,9322,2021-06-28 17:51:32,52.253681,5
1237,135,21.055359,9323,2021-06-28 17:51:27,52.247093,07
1238,179,21.028542,9324,2021-06-28 17:51:17,52.146801,9
1239,179,21.037071,9325,2021-06-28 17:51:31,52.162128,51
1240,256,21.048107,9326,2021-06-28 17:51:31,52.286324,2
1241,142,21.125692,9327,2021-06-28 17:51:25,52.234684,3
1242,179,21.048676,9328,2021-06-28 17:51:30,52.151855,8
1243,153,21.170372,9329,2021-06-28 17:51:29,52.27692,04
1244,123,21.0773959,9331,2021-06-28 09:44:24,52.2687066,07
1245,123,21.077486,9332,2021-06-28 15:39:21,52.268074,08
1246,142,21.137157,9333,2021-06-28 17:51:27,52.195202,5
1247,739,21.019516,9334,2021-06-28 17:51:29,52.171486,1
1248,153,21.177109,9335,2021-06-28 17:51:27,52.256924,3
1249,135,21.027208,9336,2021-06-28 17:51:26,52.259636,5
1250,739,21.0771987,9337,2021-06-28 16:56:14,52.2682345,2
1251,179,21.068531,9338,2021-06-28 17:51:26,52.128895,6
1252,256,21.065701,9339,2021-06-28 17:51:24,52.32708,1
1253,153,21.161753,9340,2021-06-28 17:51:28,52.259987,1
1254,142,21.087482,9341,2021-06-28 17:51:25,52.244747,4
1255,739,21.021397,9342,2021-06-28 17:51:25,52.177456,4
1256,256,21.0810641,9343,2021-06-28 17:51:32,52.277269,4
1257,135,21.046959,9344,2021-06-28 17:51:25,52.260052,08
1258,739,21.024153,9345,2021-06-28 17:51:21,52.179932,05
1259,179,21.056641,9346,2021-06-28 17:51:32,52.13969,7
1260,135,21.0464,9347,2021-06-28 17:51:26,52.260929,4
1261,123,21.062174,9348,2021-06-28 17:51:30,52.230732,09
1262,179,21.036217,9349,2021-06-28 17:51:25,52.145863,3
1263,123,21.101707,9350,2021-06-28 17:51:27,52.24239,357
1264,142,21.242081,9351,2021-06-28 17:51:31,52.169338,1
1265,123,21.050945,9352,2021-06-28 17:51:26,52.252506,6
1266,739,21.01866,9353,2021-06-28 17:51:31,52.112335,06
1267,123,21.051167,9354,2021-06-28 17:51:01,52.239647,07
1268,199,21.110483,9355,2021-06-28 17:51:25,52.294472,05
1269,256,21.080965,9356,2021-06-28 17:51:29,52.277401,3
1270,142,21.198395,9357,2021-06-28 17:51:25,52.171047,2
1271,142,21.077633,9358,2021-06-28 16:02:28,52.267822,4
1272,256,21.056274,9359,2021-06-28 17:51:31,52.298012,5
1273,176,20.989841,9403,2021-06-28 17:51:31,52.34066,1
1274,176,21.021938,9405,2021-06-28 17:51:27,52.286572,05
1275,176,21.025398,9412,2021-06-28 17:51:27,52.281326,3
1276,197,20.949978,9413,2021-06-28 17:51:29,52.28064,012
1277,197,20.942856,9414,2021-06-28 17:51:29,52.238842,014
1278,102,21.072222,9416,2021-06-28 17:51:30,52.242306,3
1279,157,20.972898,9417,2021-06-28 17:51:27,52.212696,7
1280,712,20.876228,9418,2021-06-28 17:51:27,52.284019,02
1281,516,20.935867,9420,2021-06-28 17:51:29,52.332561,5
1282,157,20.976702,9423,2021-06-28 17:51:30,52.289997,1
1283,103,20.926926,9424,2021-06-28 17:51:26,52.290283,4
1284,123,21.091537,9425,2021-06-28 17:51:31,52.222034,1
1285,157,20.985638,9426,2021-06-28 17:51:25,52.24585,3
1286,157,20.994131,9427,2021-06-28 17:51:28,52.229351,4
1287,157,20.986771,9428,2021-06-28 17:51:29,52.251461,9
1288,103,20.952406,9429,2021-06-28 17:51:30,52.262936,6
1289,157,20.985474,9432,2021-06-28 17:51:31,52.269711,10
1290,743,20.89724,9433,2021-06-28 17:51:27,52.21666,02
1291,176,20.982157,9434,2021-06-28 17:51:29,52.355686,04
1292,516,20.938223,9435,2021-06-28 17:51:26,52.324158,1
1293,157,20.993855,9436,2021-06-28 17:51:27,52.261021,2
1294,157,20.963978,9437,2021-06-28 17:51:27,52.20797,6
1295,197,20.945364,9438,2021-06-28 17:51:27,52.265991,011
1296,197,20.942104,9439,2021-06-28 17:51:28,52.23732,016
1297,516,21.000942,9440,2021-06-28 17:51:30,52.291203,3
1298,123,21.052666,9441,2021-06-28 17:51:28,52.249844,3
1299,103,20.93177,9442,2021-06-28 17:51:28,52.290165,5
1300,102,21.002937,9443,2021-06-28 17:51:31,52.232891,1
1301,103,20.965433,9445,2021-06-28 17:51:27,52.235043,7
1302,103,20.9657,9446,2021-06-28 17:51:31,52.24284,1
1303,123,21.100134,9447,2021-06-28 17:51:27,52.226322,4
1304,157,20.971937,9448,2021-06-28 17:51:28,52.285809,011
1305,516,20.982492,9449,2021-06-28 17:51:31,52.30846,4
1306,102,21.075535,9450,2021-06-28 17:51:28,52.243206,2
1307,157,20.97847,9451,2021-06-28 17:51:30,52.217136,5
1308,157,20.994537,9452,2021-06-28 17:51:27,52.226322,8
1309,176,20.980417,9453,2021-06-28 17:51:30,52.351261,2
1310,197,20.930981,9454,2021-06-28 17:51:27,52.225285,015
1311,712,20.876049,9455,2021-06-28 17:51:29,52.282528,1
1312,743,20.692345,9456,2021-06-28 17:51:32,52.219166,1
1313,197,20.9447,9457,2021-06-28 17:51:27,52.265263,013
1314,103,20.968874,9458,2021-06-28 17:51:30,52.222115,8
1315,194,20.859462333,9501,2021-06-28 17:51:30,52.203979,5
1316,707,20.9249565,9502,2021-06-28 17:51:27,52.095335,1
1317,159,20.954404167,9503,2021-06-28 17:51:27,52.211922833,1
1318,103,20.952258667,9505,2021-06-28 17:51:30,52.287765833,09
1319,103,20.968701667,9506,2021-06-28 17:51:30,52.222083667,011
1320,220,20.943730167,9509,2021-06-28 17:51:30,52.175803667,3
1321,194,20.9306405,9510,2021-06-28 17:51:29,52.225046167,06
1322,737,21.018447167,9511,2021-06-28 17:51:32,52.122794333,56
1323,220,20.897584833,9513,2021-06-28 17:51:27,52.2458795,5
1324,715,21.036992333,9514,2021-06-28 17:51:30,52.161976667,53
1325,181,20.9698735,9515,2021-06-28 17:51:28,52.285047667,2
1326,737,21.0368255,9516,2021-06-28 17:51:29,52.1619885,54
1327,149,20.897954667,9518,2021-06-28 17:51:30,52.248098,06
1328,149,20.914225667,9519,2021-06-28 17:51:30,52.239115333,2
1329,159,20.974437333,9520,2021-06-28 17:51:21,52.2207725,8
1330,715,20.966368333,9521,2021-06-28 17:51:28,52.129848833,1
1331,220,20.897160667,9522,2021-06-28 17:51:31,52.201838167,4
1332,220,20.906466667,9523,2021-06-28 17:51:25,52.178386333,07
1333,220,20.904597333,9524,2021-06-28 17:51:26,52.185627167,2
1334,194,20.930815,9525,2021-06-28 17:51:30,52.225076333,3
1335,181,20.972336833,9526,2021-06-28 17:51:32,52.282448333,1
1336,715,20.965309333,9528,2021-06-28 17:51:31,52.129321333,058
1337,715,21.035266667,9529,2021-06-28 17:51:30,52.162299333,52
1338,707,20.883750167,9530,2021-06-28 17:51:30,52.101861167,03
1339,159,21.048193833,9531,2021-06-28 17:51:31,52.208950667,4
1340,194,20.881810667,9532,2021-06-28 17:51:29,52.196274,1
1341,181,20.899925333,9533,2021-06-28 17:51:31,52.297159333,4
1342,181,20.912255333,9534,2021-06-28 17:51:29,52.30978,3
1343,159,21.016953833,9535,2021-06-28 17:51:28,52.223554333,7
1344,159,21.047848833,9537,2021-06-28 17:51:32,52.208070833,6
1345,737,21.0178835,9539,2021-06-28 17:51:30,52.130825167,059
1346,220,20.8966495,9540,2021-06-28 17:51:26,52.234346167,1
1347,220,20.912131667,9542,2021-06-28 17:51:31,52.25276,6
1348,737,20.897820667,9544,2021-06-28 17:51:29,52.0565085,07
1349,220,20.925124167,9545,2021-06-28 17:51:32,52.260734667,08
1350,149,20.948247333,9546,2021-06-28 17:51:27,52.238777333,5
1351,220,20.895239167,9548,2021-06-28 17:51:29,52.2029325,09
1352,715,20.9438685,9551,2021-06-28 17:51:30,52.175683833,55
1353,149,20.940450167,9552,2021-06-28 17:51:30,52.246657333,3
1354,194,20.912804833,9554,2021-06-28 17:51:29,52.206188667,07
1355,194,20.9132485,9555,2021-06-28 17:51:27,52.210667833,2
1356,159,20.997626,9556,2021-06-28 17:51:29,52.223755667,3
1357,149,20.940173333,9557,2021-06-28 17:51:29,52.246638667,4
1358,194,20.876802667,9558,2021-06-28 17:51:29,52.195620333,4
1359,159,21.085044,9560,2021-06-28 17:51:31,52.1932755,5
1360,159,20.9603495,9561,2021-06-28 17:51:28,52.211272667,2
1361,118,21.042433,9671,2021-06-28 17:51:25,52.298092,2
1362,118,21.025087,9672,2021-06-28 17:51:27,52.241753,5
1363,326,20.993353,9673,2021-06-28 17:51:28,52.286625,04
1364,118,21.028532,9674,2021-06-28 17:51:29,52.238075,8
1365,152,20.999718,9676,2021-06-28 17:51:23,52.342701,5
1366,212,21.055311,9677,2021-06-28 17:51:30,52.279675,06
1367,118,21.015127,9678,2021-06-28 17:51:29,52.218121,7
1368,118,21.006998,9679,2021-06-28 17:51:27,52.260284,1
1369,326,21.030088,9680,2021-06-28 17:51:29,52.33292,02
1370,152,21.050837,9681,2021-06-28 17:51:27,52.325085,2
1371,212,21.026985,9682,2021-06-28 17:51:23,52.259758,5
1372,152,20.952614,9683,2021-06-28 17:51:29,52.317142,4
1373,212,21.055679,9684,2021-06-28 17:51:26,52.268986,1
1374,212,21.050125,9685,2021-06-28 17:51:30,52.290798,2
1375,326,21.039003,9686,2021-06-28 17:51:27,52.358978,05
1376,326,20.965324,9688,2021-06-28 17:51:28,52.272076,03
1377,118,21.001175,9689,2021-06-28 17:51:24,52.289703,4
1378,212,21.057137,9690,2021-06-28 17:51:30,52.301929,3
1379,326,21.061893,9692,2021-06-28 17:51:27,52.361725,01
1380,212,21.042004,9693,2021-06-28 17:51:31,52.271099,4
1381,152,20.970308,9695,2021-06-28 17:51:27,52.3204,1
1382,118,21.017614,9696,2021-06-28 17:51:29,52.223419,6
1383,118,21.041286,9697,2021-06-28 17:51:30,52.30019,3
1384,152,20.995522,9698,2021-06-28 17:51:30,52.344238,3
1385,710,21.113153,9801,2021-06-28 17:51:27,52.109879,4
1386,525,21.01379,9802,2021-06-28 17:51:26,52.226101,1
1387,184,20.921228,9803,2021-06-28 17:51:28,52.249245,069
1388,127,20.971352,9804,2021-06-28 17:51:29,52.220119,56
1389,710,21.114222,9805,2021-06-28 17:51:26,52.082378,2
1390,525,21.028135,9807,2021-06-28 17:51:30,52.220028,319
1391,127,20.987431,9808,2021-06-28 17:51:24,52.223251,2
1392,109,20.9179,9809,2021-06-28 17:51:28,52.239552,07
1393,710,21.04874,9810,2021-06-28 17:51:29,52.076916,5
1394,719,20.937565,9812,2021-06-28 17:51:28,52.239666,3
1395,109,20.995891,9813,2021-06-28 17:51:10,52.232752,08
1396,Z10,20.915354,9814,2021-06-28 17:51:26,52.229774,2
1397,525,21.128172,9815,2021-06-28 17:51:29,52.233673,09
1398,742,21.219353,9816,2021-06-28 17:51:31,51.981655,1
1399,719,20.789968,9819,2021-06-28 17:51:30,52.254845,1
1400,719,20.676668,9820,2021-06-28 17:51:30,52.262466,2
1401,710,21.011269,9821,2021-06-28 17:51:24,52.074219,1
1402,525,21.003733,9822,2021-06-28 17:51:24,52.22963,010
1403,184,20.933893,9823,2021-06-28 17:51:28,52.27066,010
1404,525,21.089674,9825,2021-06-28 17:19:36,52.235753,5
1405,525,21.120375,9826,2021-06-28 17:51:26,52.232639,7
1406,185,21.02199,9827,2021-06-28 17:51:30,52.142699,8
1407,127,20.913898,9828,2021-06-28 17:51:29,52.206154,4
1408,525,21.175287,9829,2021-06-28 17:51:23,52.206139,6
1409,Z10,20.913303,9830,2021-06-28 17:51:28,52.251884,8
1410,710,21.067415,9831,2021-06-28 17:51:26,52.131226,3
1411,127,21.030159,9833,2021-06-28 17:51:25,52.230209,1
1412,525,21.171139,9834,2021-06-28 17:51:30,52.210072,4
1413,742,21.06806,9835,2021-06-28 17:51:24,52.128963,02
1414,525,21.043388,9836,2021-06-28 17:51:23,52.224285,3
1415,185,21.022806,9837,2021-06-28 17:51:30,52.245426,12
1416,525,21.013298,9838,2021-06-28 17:51:28,52.227432,2
1417,724,21.044428,9839,2021-06-28 17:51:31,52.080883,1
1418,127,21.00635,9840,2021-06-28 17:51:30,52.22884,6
1419,724,21.114399,9841,2021-06-28 17:51:29,52.102177,02
1420,127,21.025375,9843,2021-06-28 17:51:11,52.241013,7
1421,127,20.895439,9844,2021-06-28 17:51:27,52.208805,09
1422,127,20.942245,9845,2021-06-28 17:51:27,52.20517,3
1423,Z10,20.914186,9846,2021-06-28 17:51:25,52.252937,6
1424,Z10,20.914762,9847,2021-06-28 17:51:31,52.23106,4
1425,109,20.954309,9849,2021-06-28 17:51:29,52.22797,6
1426,109,20.905727,9851,2021-06-28 17:51:24,52.239174,5
1427,109,20.975399,9852,2021-06-28 17:51:23,52.229073,4
1428,109,21.03446,9853,2021-06-28 17:51:30,52.225456,1
1429,127,21.019392,9854,2021-06-28 17:51:30,52.246292,335
1430,186,20.958244,9901,2021-06-28 17:51:29,52.243229,1
1431,210,20.928261,9902,2021-06-28 17:51:31,52.291092,5
1432,140,21.075531,9903,2021-06-28 17:51:28,52.287319,04
1433,520,21.01087,9905,2021-06-28 17:51:30,52.231609,011
1434,520,21.016636,9906,2021-06-28 17:51:28,52.217533,3
1435,140,21.105795,9907,2021-06-28 17:51:28,52.323757,08
1436,140,21.079062,9908,2021-06-28 17:51:28,52.291317,09
1437,140,21.053049,9909,2021-06-28 17:51:31,52.276711,2
1438,719,20.886078,9912,2021-06-28 17:51:30,52.24033,05
1439,520,21.00209,9913,2021-06-28 17:51:27,52.243183,08
1440,520,21.094646,9914,2021-06-28 17:51:30,52.235035,09
1441,520,21.136293,9915,2021-06-28 17:51:29,52.241245,6
1442,520,21.098078,9916,2021-06-28 17:51:28,52.234894,4
1443,193,21.049326,9918,2021-06-28 17:51:30,52.161114,2
1444,193,21.005011,9919,2021-06-28 17:51:27,52.171684,3
1445,140,21.101038,9920,2021-06-28 17:51:27,52.318382,05
1446,140,21.111212,9921,2021-06-28 17:51:27,52.360935,06
1447,520,21.138802,9922,2021-06-28 17:51:29,52.238224,5
1448,193,20.995392,9923,2021-06-28 17:51:30,52.170242,4
1449,140,21.133804,9924,2021-06-28 17:51:28,52.359119,07
1450,193,21.036985,9926,2021-06-28 17:51:27,52.161999,1
1451,520,21.145618,9927,2021-06-28 17:46:30,52.237907,010
1452,140,21.1325,9928,2021-06-28 17:51:27,52.356445,3
1453,186,20.967474,9929,2021-06-28 17:51:27,52.273319,12
1454,193,21.011063,9930,2021-06-28 17:51:23,52.171787,5
1455,186,20.976269,9932,2021-06-28 17:51:30,52.204857,4
1456,520,21.001966,9933,2021-06-28 17:51:26,52.243256,2
1457,186,20.961208,9934,2021-06-28 17:51:30,52.216637,2
1458,520,21.014397,9935,2021-06-28 17:51:28,52.225208,1
1459,186,20.98497,9936,2021-06-28 17:51:27,52.282818,6
1460,520,21.015032,9937,2021-06-28 17:51:26,52.21748,7
1461,186,20.977289,9940,2021-06-28 17:51:28,52.210979,3
1462,186,20.995611,9941,2021-06-28 17:51:27,52.297211,8
1463,210,20.906721,9942,2021-06-28 17:51:28,52.283768,4
1464,109,21.03145,9943,2021-06-28 17:51:31,52.229324,2
1465,186,20.987709,9945,2021-06-28 17:51:30,52.304504,9
1466,210,20.767809,9946,2021-06-28 17:51:29,52.307358,3
1467,109,21.003756,9948,2021-06-28 17:51:31,52.227989,3
1468,210,20.887194,9949,2021-06-28 17:51:29,52.285812,1
1469,210,20.767412,9950,2021-06-28 17:51:30,52.307831,2
1470,186,20.959703,9951,2021-06-28 17:51:27,52.219925,5
1471,186,20.942223,9953,2021-06-28 17:51:31,52.334156,67
1472,140,21.054752,9954,2021-06-28 17:51:31,52.275585,1
1473,o97B,21.423098,9999,2021-06-28 14:27:55,50.302967,7
