,Lines,Lon,VehicleNumber,Time,Lat,Brigade
0,213,21.0924761,1001,2021-06-28 16:55:32,52.2245528,1
1,213,21.213968,1003,2021-06-28 16:55:27,52.1823405,05
2,213,21.2144815,1004,2021-06-28 16:55:30,52.1616483,3
3,196,21.1781651,1005,2021-06-28 16:55:32,52.262019,2
4,196,21.178253,1008,2021-06-28 16:55:36,52.261598,03
5,213,21.1309173,1009,2021-06-28 16:55:28,52.2142758,4
6,213,21.188771,1010,2021-06-28 16:55:33,52.14983,2
7,311,21.083713,1012,2021-06-28 16:55:28,52.224993,1
8,196,21.1762161,1014,2021-06-28 16:55:33,52.2567888,1
9,311,21.0867263,1015,2021-06-28 16:55:28,52.2364098,2
10,365,21.020922,1021,2021-06-28 16:55:37,52.179451,01
11,107,20.9919787,1023,2021-06-28 16:55:37,52.2450186,3
12,163,21.0846587,1025,2021-06-28 16:55:38,52.1648359,2
13,107,21.049641,1026,2021-06-28 16:55:37,52.203835,5
14,108,21.024171,1027,2021-06-28 16:55:38,52.1797146,1
15,108,21.0689215,1028,2021-06-28 16:55:39,52.2124582,5
16,108,21.056782,1029,2021-06-28 16:55:36,52.182262,6
17,365,20.9965679,1031,2021-06-28 16:55:38,52.1697661,02
18,108,21.023121,1033,2021-06-28 16:55:38,52.228817,4
19,163,21.0656857,1034,2021-06-28 16:55:38,52.1764959,1
20,192,21.0244874,1037,2021-06-28 16:55:38,52.1791151,7
21,108,21.055411,1038,2021-06-28 16:55:29,52.213156,3
22,365,21.0229102,1039,2021-06-28 16:55:36,52.1793529,03
23,107,21.0456233,1040,2021-06-28 16:55:28,52.2183083,6
24,107,20.9793517,1042,2021-06-28 16:55:30,52.2445233,2
25,107,21.010696,1043,2021-06-28 16:55:26,52.235979,07
26,107,21.024396,1045,2021-06-28 16:55:37,52.223939,4
27,204,21.02312,1046,2021-06-28 16:55:34,52.2772617,05
28,204,21.049945,1047,2021-06-28 16:55:22,52.317851,1
29,204,21.0603667,1048,2021-06-28 16:55:37,52.3150967,04
30,228,20.97703,1050,2021-06-28 16:55:36,52.1924233,1
31,228,20.921693,1051,2021-06-28 16:55:26,52.212146,2
32,328,20.985893,1052,2021-06-28 16:55:17,52.156648,01
33,129,20.896021,1053,2021-06-28 16:55:35,52.194169,4
34,228,20.893031,1054,2021-06-28 16:55:25,52.20033,3
35,129,20.925799,1055,2021-06-28 16:55:32,52.232089,3
36,328,20.994724,1058,2021-06-28 16:55:21,52.150848,02
37,129,20.923055,1059,2021-06-28 16:55:36,52.204108,1
38,328,20.9415,1061,2021-06-28 16:55:37,52.204338,03
39,192,21.0580399,1062,2021-06-28 16:55:38,52.1392854,51
40,192,21.035715,1064,2021-06-28 16:55:39,52.15168,2
41,163,21.0918917,1065,2021-06-28 16:55:39,52.1604754,04
42,107,20.987656,1066,2021-06-28 16:55:37,52.243549,1
43,163,21.0489869,1068,2021-06-28 16:55:38,52.1782839,3
44,192,21.0687361,1069,2021-06-28 16:55:38,52.1289132,4
45,163,21.102257,1070,2021-06-28 16:55:39,52.179142,05
46,192,21.0176697,1074,2021-06-28 16:55:37,52.1530822,6
47,108,21.062817,1076,2021-06-28 16:55:37,52.186249,2
48,192,21.068285,1077,2021-06-28 16:55:36,52.139023,3
49,192,21.02389,1079,2021-06-28 16:55:39,52.179977,1
50,736,20.995486,1101,2021-06-28 16:55:15,52.387458,02
51,132,21.05471,1109,2021-06-28 16:55:33,52.3247158,2
52,303,20.985834,1112,2021-06-28 16:55:36,52.269358,3
53,147,21.052401,1113,2021-06-28 16:55:31,52.2502776,06
54,152,20.952484,1114,2021-06-28 16:55:30,52.317039,06
55,166,21.04406,1115,2021-06-28 16:55:37,52.24911,09
56,132,20.9687525,1116,2021-06-28 16:55:35,52.272026,3
57,122,20.898603,1117,2021-06-28 16:55:39,52.2385708,09
58,197,20.975563,1118,2021-06-28 16:55:37,52.2896128,7
59,126,21.0568261,1119,2021-06-28 16:55:34,52.3018763,3
60,168,21.1125924,1200,2021-06-28 16:55:38,52.236317,2
61,119,21.1009959,1202,2021-06-28 16:55:38,52.2153327,1
62,178,21.000605,1203,2021-06-28 16:55:34,52.256813,2
63,178,20.89748,1204,2021-06-28 16:55:36,52.184429,5
64,168,20.995924,1205,2021-06-28 16:55:39,52.188938,6
65,166,21.041826,1206,2021-06-28 16:55:21,52.17101,1
66,166,21.0265204,1208,2021-06-28 16:55:38,52.2141249,5
67,222,20.9957386,1211,2021-06-28 16:55:38,52.1927932,4
68,174,21.005589,1212,2021-06-28 16:55:37,52.216602,371
69,174,21.014132,1213,2021-06-28 16:55:38,52.183098,3
70,218,21.013039,1214,2021-06-28 16:55:38,52.179756,5
71,166,21.0270612,1216,2021-06-28 16:55:35,52.2599945,7
72,168,20.9957604,1218,2021-06-28 16:55:37,52.1929657,5
73,119,21.000303,1220,2021-06-28 16:55:39,52.20612,5
74,122,20.9831515,1400,2021-06-28 16:55:30,52.2761871,012
75,121,20.9251861,1401,2021-06-28 16:55:31,52.2724915,04
76,134,21.0522023,1403,2021-06-28 16:55:35,52.3110668,1
77,110,20.8837336,1407,2021-06-28 16:55:29,52.305341,05
78,240,21.047113,1408,2021-06-28 16:55:31,52.28643,4
79,173,21.217793,1411,2021-06-28 16:55:33,52.246452,5
80,117,21.102367,1412,2021-06-28 16:55:37,52.222195,1
81,702,21.264402,1413,2021-06-28 16:55:38,52.104633,2
82,168,21.091036,1415,2021-06-28 16:55:34,52.222275,1
83,202,21.077291,1416,2021-06-28 16:55:38,52.250294,04
84,183,21.1383212,1418,2021-06-28 16:55:38,52.2435799,6
85,147,21.0432809,1419,2021-06-28 16:55:39,52.2461266,2
86,199,21.0516624,1422,2021-06-28 16:55:38,52.2767064,4
87,198,21.2229939,1423,2021-06-28 16:55:39,52.2241937,05
88,173,21.2434,1424,2021-06-28 16:55:38,52.2222,6
89,115,21.170763,1425,2021-06-28 16:55:39,52.205566,4
90,173,21.2189979,1426,2021-06-28 16:55:37,52.2464235,8
91,147,21.239546,1427,2021-06-28 16:55:37,52.21603,4
92,146,21.2046601,1428,2021-06-28 16:55:38,52.1594907,2
93,142,21.153526,1430,2021-06-28 16:55:35,52.175179,06
94,L41,20.898426,14422,2021-06-28 16:55:39,52.385376,1
95,L10,20.933466,14423,2021-06-28 16:54:02,52.396931,1
96,L11,20.943754,14424,2021-06-28 16:55:34,52.399105,1
97,L10,20.94684,14425,2021-06-28 16:55:39,52.47821,50
98,L-8,20.945215,14426,2021-06-28 14:51:54,52.437912,1
99,L41,20.926958,14427,2021-06-28 16:55:38,52.374741,02
100,L11,20.814995,14429,2021-06-28 16:55:36,52.442749,57
101,L34,20.847052,14430,2021-06-28 16:55:41,52.443077,2
102,L34,20.933378,14431,2021-06-28 16:55:40,52.396965,1
103,L11,20.85953,14432,2021-06-28 16:55:32,52.4482,51
104,L-8,21.100426,14434,2021-06-28 16:55:39,52.409554,02
105,L-8,20.995193,14435,2021-06-28 16:55:33,52.397823,1
106,L49,20.884821,14436,2021-06-28 16:55:36,52.411343,1
107,L31,21.12542,14438,2021-06-28 16:55:38,52.444084,1
108,L-9,20.961033,14439,2021-06-28 16:55:34,52.438286,054
109,L-9,20.953806,14440,2021-06-28 16:55:39,52.407551,055
110,134,20.968171,1500,2021-06-28 16:55:31,52.271801,04
111,134,21.0503838,1501,2021-06-28 16:55:35,52.3182313,3
112,110,20.933018,1502,2021-06-28 16:55:30,52.278646,2
113,240,21.0008321,1505,2021-06-28 16:55:37,52.2913476,06
114,132,21.0682383,1506,2021-06-28 16:55:32,52.3237315,07
115,134,20.9670155,1507,2021-06-28 16:55:35,52.2710215,2
116,126,20.9507573,1508,2021-06-28 16:55:34,52.3270271,5
117,132,21.0681591,1509,2021-06-28 16:55:28,52.323846,05
118,166,21.0420873,1510,2021-06-28 16:55:22,52.2499311,6
119,126,21.0151843,1513,2021-06-28 16:55:36,52.295279,4
120,197,20.9499866,1514,2021-06-28 16:55:37,52.2706865,6
121,197,20.9531205,1515,2021-06-28 16:55:29,52.27492,8
122,121,20.9587946,1516,2021-06-28 16:55:31,52.2807698,1
123,173,21.096406,1519,2021-06-28 16:55:37,52.243486,10
124,202,21.125654,1521,2021-06-28 16:55:31,52.241343,07
125,202,21.0779567,1522,2021-06-28 16:55:33,52.2504333,3
126,146,21.0803167,1523,2021-06-28 16:55:35,52.2212933,08
127,730,21.3778233,1524,2021-06-28 16:55:28,52.1994017,052
128,119,21.075296,1525,2021-06-28 16:55:26,52.203813,06
129,147,21.053441,1526,2021-06-28 16:55:32,52.235613,09
130,198,21.243255,1528,2021-06-28 16:55:32,52.221545,3
131,702,21.1955067,1530,2021-06-28 16:55:29,52.1308767,03
132,198,21.243179,1531,2021-06-28 16:55:37,52.22187,2
133,115,21.188773,1533,2021-06-28 16:55:34,52.184615,2
134,142,21.088068,1534,2021-06-28 16:55:29,52.244666,07
135,198,21.2237167,1535,2021-06-28 16:55:29,52.2537817,1
136,106,21.012518,1537,2021-06-28 16:55:36,52.240031,4
137,170,21.054954,1538,2021-06-28 16:55:25,52.262271,4
138,120,21.0547317,1539,2021-06-28 16:55:37,52.2538517,1
139,199,21.0913583,1540,2021-06-28 16:55:34,52.2951083,1
140,156,20.944395,1541,2021-06-28 16:55:34,52.283851,1
141,170,21.08567,1542,2021-06-28 16:55:23,52.273249,1
142,156,21.040421,1543,2021-06-28 16:55:23,52.287293,3
143,338,21.1008667,1544,2021-06-28 16:55:27,52.2606133,01
144,122,20.92067,1546,2021-06-28 16:55:37,52.248845,013
145,338,21.08836,1548,2021-06-28 16:55:33,52.260683,04
146,199,21.179715,1549,2021-06-28 16:52:05,52.269108,2
147,170,21.021854,1550,2021-06-28 16:55:23,52.262901,3
148,240,21.100351,1551,2021-06-28 16:55:32,52.318066,3
149,221,20.982946,1552,2021-06-28 16:55:24,52.259754,2
150,106,21.0249767,1554,2021-06-28 16:55:32,52.23707,06
151,L-4,21.002693,17451,2021-06-28 16:55:39,52.09631,1
152,L26,21.167294,17452,2021-06-28 16:55:34,52.323368,02
153,L37,21.239857,17453,2021-06-28 16:55:27,52.34539,1
154,L40,21.099579,17454,2021-06-28 16:55:39,52.345047,1
155,L36,21.283529,17456,2021-06-28 16:55:38,52.366566,1
156,L35,21.22706,17458,2021-06-28 16:55:33,52.347782,1
157,L26,21.182816,17460,2021-06-28 16:55:34,52.338028,1
158,L46,21.104025,17461,2021-06-28 16:55:21,52.321217,1
159,L43,21.156137,17462,2021-06-28 16:55:35,52.307232,1
160,L45,21.096659,17464,2021-06-28 16:55:38,52.312889,02
161,L45,21.12974,17465,2021-06-28 16:55:35,52.401325,1
162,L38,21.243201,17466,2021-06-28 16:55:37,52.342217,1
163,L37,21.218784,17467,2021-06-28 16:39:44,52.310253,2
164,L40,21.226124,17468,2021-06-28 16:55:37,52.344162,02
165,197,20.909068,1800,2021-06-28 16:55:36,52.2184536,4
166,110,20.924951,1801,2021-06-28 16:55:26,52.280998,4
167,132,21.0030393,1802,2021-06-28 16:55:32,52.290738,1
168,166,21.0297195,1803,2021-06-28 16:55:29,52.2300215,8
169,122,20.9612245,1804,2021-06-28 16:55:32,52.2591771,5
170,173,21.1874625,1805,2021-06-28 16:55:35,52.2469366,4
171,204,21.0224463,1806,2021-06-28 16:55:30,52.2851931,3
172,122,20.9762948,1807,2021-06-28 16:49:35,52.2898141,4
173,303,20.944211,1808,2021-06-28 16:55:30,52.296023,1
174,147,21.0522498,1809,2021-06-28 16:55:27,52.2502455,1
175,166,21.069042,1810,2021-06-28 16:55:33,52.139208,2
176,152,21.043346,1811,2021-06-28 10:10:53,52.266126,06
177,204,21.0315301,1812,2021-06-28 16:55:29,52.3007731,2
178,736,20.999711,1813,2021-06-28 16:55:12,52.3853686,1
179,147,21.082889,1814,2021-06-28 16:55:25,52.226016,07
180,240,21.1188201,1815,2021-06-28 16:55:32,52.338306,2
181,197,20.9421346,1817,2021-06-28 16:55:29,52.2457005,9
182,240,21.0675125,1818,2021-06-28 16:55:32,52.3241145,05
183,221,20.9940651,1819,2021-06-28 16:55:23,52.2594743,1
184,117,21.0539351,1823,2021-06-28 16:55:27,52.2345473,05
185,146,21.0431368,1826,2021-06-28 16:55:34,52.246419,4
186,183,21.1233913,1828,2021-06-28 16:55:30,52.235917,3
187,147,21.0909586,1829,2021-06-28 16:55:36,52.2195381,5
188,722,21.2732073,1830,2021-06-28 16:55:28,52.1040103,1
189,147,21.1169918,1832,2021-06-28 09:25:20,52.2330478,09
190,146,21.0536021,1833,2021-06-28 16:55:33,52.2353486,5
191,202,21.116848,1834,2021-06-28 09:35:30,52.233074,04
192,115,21.2421398,1835,2021-06-28 16:55:34,52.1698865,3
193,168,21.1127308,1837,2021-06-28 16:55:37,52.2361468,07
194,183,21.08749,1839,2021-06-28 16:55:32,52.2447601,1
195,202,21.044043,1840,2021-06-28 16:55:36,52.2487421,05
196,146,21.19141,1842,2021-06-28 16:55:23,52.157291,07
197,183,21.0870896,1843,2021-06-28 16:55:39,52.2447028,2
198,119,21.1707236,1844,2021-06-28 16:55:33,52.205397,3
199,115,21.158176,1846,2021-06-28 16:55:24,52.257368,5
200,730,21.088134,1847,2021-06-28 16:55:29,52.2446663,61
201,119,21.0312215,1848,2021-06-28 16:55:35,52.2063,4
202,173,21.1418278,1849,2021-06-28 16:55:34,52.2371028,9
203,183,21.1661663,1850,2021-06-28 16:55:32,52.2533801,4
204,173,21.0525653,1851,2021-06-28 16:55:35,52.2502256,1
205,722,21.1606435,1854,2021-06-28 16:55:33,52.2259935,53
206,147,21.1384726,1855,2021-06-28 16:55:34,52.197298,3
207,117,21.004347,1857,2021-06-28 16:55:19,52.2302231,2
208,115,21.188316,1858,2021-06-28 16:55:32,52.247059,1
209,146,21.052231,1859,2021-06-28 16:55:35,52.247956,09
210,115,21.1703478,1860,2021-06-28 16:55:27,52.2770841,6
211,119,21.175823,1862,2021-06-28 16:55:34,52.206049,2
212,173,21.0958078,1863,2021-06-28 16:55:34,52.2437345,3
213,146,21.131936,1866,2021-06-28 16:55:28,52.184343,3
214,183,21.1917991,1867,2021-06-28 16:55:35,52.2386478,5
215,147,21.1350078,1869,2021-06-28 16:55:34,52.1979816,08
216,251,21.1036688,1903,2021-06-28 16:55:33,52.1278972,53
217,168,21.0315326,1904,2021-06-28 16:55:37,52.207067,09
218,739,21.0243115,1905,2021-06-28 16:55:32,52.1798154,07
219,251,21.1292952,1906,2021-06-28 16:55:34,52.1001327,52
220,139,21.088891,1907,2021-06-28 16:55:21,52.157231,54
221,178,20.9808011,1908,2021-06-28 16:55:28,52.2294699,012
222,222,21.0232536,1909,2021-06-28 16:55:31,52.2274074,2
223,222,21.0201625,1910,2021-06-28 16:55:28,52.2115309,5
224,251,21.0351816,1911,2021-06-28 16:55:37,52.1771236,56
225,222,21.006126,1912,2021-06-28 16:55:36,52.244499,6
226,251,21.03101,1914,2021-06-28 16:55:36,52.177677,51
227,222,21.013277,1916,2021-06-28 16:55:38,52.192982,3
228,222,21.0001279,1917,2021-06-28 16:55:38,52.1889982,4
229,739,21.018314,1918,2021-06-28 16:55:38,52.124454,08
230,139,21.050337,1919,2021-06-28 16:55:37,52.173702,55
231,222,21.004887,1920,2021-06-28 16:55:37,52.244698,1
232,178,20.911028,1991,2021-06-28 16:55:39,52.196301,010
233,178,21.01783,1993,2021-06-28 16:55:38,52.23708,1
234,168,21.0213981,1994,2021-06-28 16:55:38,52.2099317,08
235,178,20.9615385,1995,2021-06-28 16:55:35,52.2162855,3
236,178,20.9210377,1996,2021-06-28 16:55:38,52.2046016,6
237,178,20.897709,1998,2021-06-28 16:55:38,52.183994,4
238,178,20.914539,1999,2021-06-28 16:55:38,52.200192,013
239,105,20.897367,2001,2021-06-28 16:55:39,52.223244,1
240,136,21.0556554,2003,2021-06-28 16:55:38,52.1473726,6
241,Z10,20.915001,2006,2021-06-28 16:55:37,52.232807,3
242,188,21.044548,2007,2021-06-28 16:55:39,52.224346,09
243,517,21.01009,2008,2021-06-28 16:55:38,52.231319,07
244,191,20.8746147,2009,2021-06-28 16:55:38,52.1888685,3
245,184,20.939396,2010,2021-06-28 16:55:38,52.24577,4
246,124,20.933764,2011,2021-06-28 16:55:36,52.167,03
247,401,20.8620827,2013,2021-06-28 16:55:38,52.190335,1
248,182,21.1128747,2014,2021-06-28 16:55:38,52.2362559,012
249,171,21.0073112,2015,2021-06-28 16:55:37,52.2376035,1
250,401,21.0265622,2016,2021-06-28 16:55:37,52.1703906,011
251,190,20.9481431,2019,2021-06-28 16:55:38,52.2386437,014
252,191,20.964333,2020,2021-06-28 16:55:37,52.215424,7
253,401,21.007669,2021,2021-06-28 16:55:36,52.176926,5
254,522,21.0748122,2022,2021-06-28 16:55:37,52.1581944,013
255,193,20.9953892,2023,2021-06-28 16:55:36,52.1702515,06
256,189,21.0359842,2024,2021-06-28 16:55:38,52.1735062,14
257,401,20.883041,2026,2021-06-28 16:55:38,52.1968,8
258,522,21.0561634,2027,2021-06-28 16:55:37,52.1816431,318
259,519,21.1023224,2028,2021-06-28 16:55:37,52.1248692,3
260,501,21.048273,2029,2021-06-28 16:55:37,52.178089,3
261,189,20.955387,2030,2021-06-28 16:55:39,52.190903,9
262,131,21.0065539,2032,2021-06-28 16:55:35,52.2287812,10
263,522,21.023825,2033,2021-06-28 16:55:38,52.211353,07
264,189,21.0625971,2035,2021-06-28 16:55:37,52.1861724,12
265,519,21.014446,2036,2021-06-28 16:55:38,52.225101,5
266,501,21.015085,2037,2021-06-28 16:55:35,52.217896,5
267,138,21.013584,2038,2021-06-28 16:55:38,52.203938,010
268,501,21.052908,2040,2021-06-28 16:55:39,52.179855,2
269,189,20.935951,2041,2021-06-28 16:55:38,52.194592,8
270,138,21.020275,2042,2021-06-28 16:55:37,52.218002,012
271,401,20.9245657,2044,2021-06-28 16:55:38,52.1967992,012
272,172,21.0339594,2045,2021-06-28 16:55:37,52.2016219,010
273,172,21.0694214,2200,2021-06-28 16:55:38,52.1817899,4
274,523,20.900684,2201,2021-06-28 16:55:38,52.257721,14
275,187,20.892023,2202,2021-06-28 16:55:37,52.193085,3
276,136,20.9660887,2203,2021-06-28 16:55:39,52.243244,1
277,Z10,20.9296901,2204,2021-06-28 16:55:38,52.2236974,010
278,171,20.965851,2205,2021-06-28 16:55:38,52.237202,011
279,Z10,20.9124797,2206,2021-06-28 16:55:38,52.2413869,7
280,189,21.0129715,2207,2021-06-28 16:55:38,52.1743604,10
281,190,20.915016,2209,2021-06-28 16:55:37,52.229416,8
282,172,20.9692,2210,2021-06-28 16:55:39,52.214626,2
283,122,20.8985119,2212,2021-06-28 16:55:38,52.250882,6
284,122,20.976509,2213,2021-06-28 16:55:39,52.289894,07
285,136,20.958052,2215,2021-06-28 16:55:36,52.223064,11
286,190,20.9544236,2216,2021-06-28 16:55:37,52.2382471,018
287,401,21.0227409,2217,2021-06-28 16:55:38,52.1732422,09
288,Z10,20.91645,2218,2021-06-28 16:55:38,52.220547,5
289,148,21.0874114,2221,2021-06-28 16:55:37,52.2447855,8
290,523,20.898216,2222,2021-06-28 16:55:36,52.258377,1
291,191,20.983921,2223,2021-06-28 16:55:38,52.218148,9
292,189,20.9137269,2224,2021-06-28 16:55:37,52.2120744,2
293,191,20.9201932,2225,2021-06-28 16:55:38,52.2047654,5
294,517,20.9234989,2226,2021-06-28 16:55:37,52.1972871,3
295,136,20.9715007,2231,2021-06-28 16:55:37,52.2129022,013
296,189,21.043901,2232,2021-06-28 16:55:38,52.174957,11
297,317,21.050255,2233,2021-06-28 16:55:37,52.173695,08
298,Z10,20.9249356,2235,2021-06-28 16:55:38,52.2608165,011
299,317,20.9437941,2236,2021-06-28 16:55:39,52.1756782,4
300,187,20.936016,2240,2021-06-28 16:55:38,52.200893,2
301,136,20.9826047,2241,2021-06-28 16:55:37,52.1949134,9
302,191,20.9474684,2243,2021-06-28 16:55:39,52.2088397,1
303,171,20.987156,2244,2021-06-28 16:55:37,52.239693,4
304,Z10,20.9111289,2245,2021-06-28 16:55:37,52.2490454,9
305,717,20.964922,2247,2021-06-28 16:55:34,52.218266,3
306,317,20.992426,2249,2021-06-28 16:55:39,52.176796,06
307,189,20.898766,2252,2021-06-28 16:55:38,52.238674,4
308,112,21.0550922,2253,2021-06-28 16:55:37,52.2966037,2
309,191,20.902098,2254,2021-06-28 16:55:38,52.194145,010
310,141,20.9627,2256,2021-06-28 16:55:39,52.18885,013
311,172,21.0096284,2257,2021-06-28 16:55:38,52.195538,7
312,317,21.066491,2258,2021-06-28 16:55:38,52.170184,1
313,187,20.8625487,2259,2021-06-28 16:55:37,52.1950271,4
314,L48,21.303106,23481,2021-06-28 04:38:21,52.203297,1
315,L47,21.301245,23482,2021-06-28 16:55:34,52.24559,02
316,L47,21.313549,23483,2021-06-28 16:55:38,52.241482,1
317,L20,21.296259,24511,2021-06-28 16:55:35,52.102482,1
318,L20,21.471601,24512,2021-06-28 13:52:17,52.132278,1
319,L20,21.463863,24513,2021-06-28 16:55:36,52.133034,03
320,L20,21.386383,24515,2021-06-28 16:55:35,52.115055,2
321,245,21.0897038,3400,2021-06-28 16:55:34,52.2863761,2
322,112,20.9239425,3401,2021-06-28 16:55:29,52.2605398,018
323,412,21.0797436,3403,2021-06-28 16:55:24,52.3226351,01
324,112,20.9152806,3404,2021-06-28 16:55:35,52.2290678,7
325,412,21.070663,3405,2021-06-28 16:55:21,52.281271,05
326,500,20.9947025,3406,2021-06-28 16:55:29,52.2580781,08
327,500,21.0456766,3408,2021-06-28 16:55:33,52.279863,2
328,245,21.0529441,3410,2021-06-28 16:55:32,52.2764673,05
329,114,21.041561,3411,2021-06-28 16:55:31,52.292273,011
330,500,20.982199,3413,2021-06-28 16:55:28,52.2531985,1
331,190,21.0819618,3414,2021-06-28 16:55:36,52.294873,027
332,114,20.9301858,3415,2021-06-28 16:55:36,52.2912581,09
333,114,20.9728041,3416,2021-06-28 16:55:38,52.2646891,010
334,738,21.1814815,3417,2021-06-28 16:55:36,52.4172821,3
335,738,21.1639065,3418,2021-06-28 16:55:36,52.3938553,4
336,190,21.063185,3421,2021-06-28 16:55:33,52.2721463,021
337,500,21.041994,3422,2021-06-28 16:55:35,52.3002851,4
338,185,20.97204,3423,2021-06-28 16:55:34,52.285845,10
339,512,21.0526733,3424,2021-06-28 16:55:32,52.2527206,2
340,512,21.0520033,3426,2021-06-28 16:55:37,52.2528795,3
341,169,21.0344391,3427,2021-06-28 16:55:29,52.2553623,2
342,185,21.0476365,3428,2021-06-28 16:55:37,52.2100366,7
343,500,21.0366566,3429,2021-06-28 16:55:39,52.2679516,6
344,169,21.0517721,3430,2021-06-28 16:55:31,52.252883,3
345,112,21.0482176,3431,2021-06-28 16:55:37,52.2871715,3
346,Z26,20.9743505,3432,2021-06-28 16:55:29,52.2354065,1
347,Z26,21.003211,3434,2021-06-28 16:55:31,52.24486,6
348,175,21.0126865,3435,2021-06-28 16:55:38,52.2429803,55
349,509,21.0566074,3437,2021-06-28 16:55:38,52.2377708,5
350,132,21.0555493,3438,2021-06-28 16:55:36,52.3053533,06
351,738,21.0516385,3439,2021-06-28 16:55:30,52.2765918,1
352,414,20.9639193,3440,2021-06-28 16:55:36,52.2079916,07
353,512,21.049806,3441,2021-06-28 16:55:30,52.28627,5
354,500,20.9822403,3442,2021-06-28 16:55:34,52.254198,7
355,509,20.9826458,3443,2021-06-28 16:55:35,52.308862,11
356,245,21.1087515,3444,2021-06-28 16:55:31,52.2861461,04
357,145,21.0406453,3445,2021-06-28 16:55:27,52.2856178,8
358,509,21.0333313,3446,2021-06-28 16:55:30,52.2541555,14
359,162,21.0510311,3447,2021-06-28 16:55:32,52.198049,6
360,190,21.0611855,3448,2021-06-28 16:55:27,52.2696091,2
361,112,20.88304,3449,2021-06-28 16:55:35,52.214791,9
362,112,20.9685763,3450,2021-06-28 16:55:36,52.2743583,12
363,114,21.043474,3451,2021-06-28 09:14:51,52.2654126,09
364,145,21.0855903,3452,2021-06-28 16:55:33,52.2445776,015
365,527,21.0590786,3453,2021-06-28 16:55:33,52.30229,2
366,190,21.085068,3454,2021-06-28 16:55:37,52.304639,1
367,145,21.0341685,3455,2021-06-28 16:55:32,52.2887768,5
368,509,21.0470641,3458,2021-06-28 16:55:34,52.2478571,355
369,245,21.1303253,3459,2021-06-28 16:55:36,52.2848521,1
370,190,21.03013,3460,2021-06-28 16:55:35,52.2527276,022
371,114,20.9857846,3462,2021-06-28 16:55:22,52.2686695,2
372,190,20.8967755,3463,2021-06-28 16:55:28,52.2326938,6
373,500,21.0418086,3464,2021-06-28 16:55:33,52.2930955,5
374,114,20.9289043,3465,2021-06-28 16:55:33,52.2712876,6
375,112,21.040591,3466,2021-06-28 16:55:24,52.296158,1
376,509,20.941771,3467,2021-06-28 16:55:26,52.333533,022
377,245,21.05316,3468,2021-06-28 16:55:35,52.276385,03
378,114,20.990701,3469,2021-06-28 16:55:28,52.285306,7
379,L17,21.029491,36442,2021-06-28 16:55:39,52.074734,02
380,L19,21.051056,36443,2021-06-28 16:55:31,51.995781,1
381,L17,20.997679,36444,2021-06-28 16:55:37,52.034508,1
382,L19,21.029476,36445,2021-06-28 16:55:35,52.075027,02
383,L30,21.143091,36446,2021-06-28 16:55:39,51.951611,1
384,L28,21.127993,36447,2021-06-28 16:55:37,52.021748,1
385,L30,21.165899,36448,2021-06-28 16:55:33,51.940834,02
386,L42,21.114876,37531,2021-06-28 16:55:38,52.102718,52
387,L21,21.219913,37533,2021-06-28 16:55:35,52.021904,1
388,L16,21.131327,37534,2021-06-28 16:55:37,52.108822,1
389,L14,21.201954,37535,2021-06-28 16:55:37,52.079639,1
390,L15,21.12064,37536,2021-06-28 16:55:35,52.086384,51
391,L39,21.033815,38541,2021-06-28 16:55:38,52.076405,4
392,L23,21.029448,38543,2021-06-28 16:55:40,52.074894,M53
393,L23,21.024723,38544,2021-06-28 16:55:39,52.075294,052
394,L39,20.992451,38545,2021-06-28 16:55:38,52.109764,3
395,L32,20.979673,38546,2021-06-28 16:55:38,52.005672,1
396,L39,21.004555,38547,2021-06-28 05:46:58,52.110222,1
397,L39,21.047266,38548,2021-06-28 16:55:34,52.100735,2
398,L23,21.05554,38549,2021-06-28 16:55:40,52.055126,51
399,L52,21.02313,38550,2021-06-28 16:55:34,52.071976,1
400,L-2,21.029436,39551,2021-06-28 16:37:26,52.075169,062
401,L12,20.907835,39552,2021-06-28 16:55:38,52.023693,063
402,L25,21.115938,39554,2021-06-28 16:55:37,51.981476,02
403,L25,21.046618,39555,2021-06-28 16:55:34,52.059002,1
404,L-2,20.946276,39556,2021-06-28 16:55:37,52.011944,061
405,L12,21.023758,39557,2021-06-28 16:55:38,52.068085,64
406,L-2,21.027836,39558,2021-06-28 16:55:39,52.075859,65
407,L13,21.086256,39560,2021-06-28 16:55:36,52.040962,1
408,L13,21.026495,39561,2021-06-28 16:55:38,52.076527,03
409,L13,21.039907,39562,2021-06-28 16:55:35,52.027092,2
410,L-5,21.003084,39565,2021-06-28 16:55:39,52.053055,1
411,255,20.9527829,4200,2021-06-28 16:55:38,52.2277387,2
412,703,20.878517,4202,2021-06-28 16:55:38,52.129269,52
413,197,20.862509,4205,2021-06-28 16:55:38,52.190323,2
414,902,20.9223249,4206,2021-06-28 16:30:27,52.1964574,M1
415,255,20.9678536,4207,2021-06-28 16:55:39,52.2284646,03
416,154,20.9757425,4209,2021-06-28 16:55:38,52.2105129,4
417,178,20.984333,4210,2021-06-28 16:55:36,52.230633,011
418,154,20.94249,4211,2021-06-28 16:55:39,52.22678,010
419,711,20.943648,4212,2021-06-28 16:55:18,52.17524,063
420,154,20.9651137,4213,2021-06-28 16:55:38,52.2177836,1
421,154,20.911648,4214,2021-06-28 16:55:37,52.238926,8
422,711,20.8000467,4215,2021-06-28 16:55:37,52.090979,061
423,122,20.985632,4216,2021-06-28 16:55:39,52.2696445,3
424,197,20.868252,4217,2021-06-28 16:55:37,52.193085,3
425,197,20.873568,4218,2021-06-28 16:55:35,52.21627,1
426,255,20.9310995,4219,2021-06-28 16:55:38,52.2251714,1
427,197,20.942707,4221,2021-06-28 16:55:37,52.227215,10
428,129,20.939224,4224,2021-06-28 16:55:36,52.246067,2
429,121,20.92502,4225,2021-06-28 16:55:39,52.2726387,03
430,197,20.9444232,4227,2021-06-28 16:55:35,52.2391271,5
431,154,20.897757,4228,2021-06-28 16:55:38,52.258862,6
432,902,21.0432736,4229,2021-06-28 16:55:38,52.2461672,M2
433,154,20.8982079,4230,2021-06-28 16:55:37,52.2536671,7
434,178,20.949661,4231,2021-06-28 16:55:38,52.210075,9
435,178,20.8965422,4232,2021-06-28 16:55:38,52.1869372,7
436,714,20.9501414,4233,2021-06-28 16:55:38,52.2386274,3
437,729,20.832098,4234,2021-06-28 16:55:39,52.249489,02
438,714,20.79826,4235,2021-06-28 16:55:37,52.25386,2
439,L-3,21.020107,42362,2021-06-28 16:55:36,52.074795,02
440,154,20.896803,4237,2021-06-28 16:55:36,52.241364,5
441,154,20.9463629,4238,2021-06-28 16:55:38,52.1782659,3
442,178,20.952261,4239,2021-06-28 16:55:38,52.212189,8
443,154,20.960222,4240,2021-06-28 16:55:37,52.218544,011
444,714,20.914175,4241,2021-06-28 16:55:37,52.239147,04
445,154,20.9728894,4242,2021-06-28 16:55:37,52.1933852,2
446,154,20.954187,4243,2021-06-28 16:55:37,52.185844,09
447,901,21.03131,4244,2021-06-28 16:55:28,52.229611,1
448,901,21.0033,4246,2021-06-28 16:55:39,52.229469,3
449,714,20.899206,4247,2021-06-28 16:55:37,52.239338,1
450,729,20.80101,4248,2021-06-28 16:55:38,52.25367,1
451,121,20.9709572,4249,2021-06-28 16:55:38,52.2719894,2
452,L-1,20.89131,42494,2021-06-28 16:55:33,52.074951,1
453,L-4,21.0165,42495,2021-06-28 06:12:56,52.098907,2
454,L-3,20.855366,42500,2021-06-28 16:55:31,52.029598,1
455,146,21.110531,4303,2021-06-28 16:55:35,52.2073626,06
456,119,21.0311641,4304,2021-06-28 16:55:38,52.2066059,07
457,117,21.1024827,4305,2021-06-28 16:55:38,52.2221457,4
458,147,21.2086775,4307,2021-06-28 16:55:36,52.2106371,010
459,142,21.1190264,4308,2021-06-28 16:55:39,52.2379239,08
460,198,21.2222661,4309,2021-06-28 16:55:37,52.2359096,04
461,702,21.1014274,4312,2021-06-28 16:55:38,52.2424572,1
462,105,16.9750897,4332,2021-06-26 13:35:37,52.5472771,4
463,N72,16.9763326,4333,2021-06-28 15:21:54,52.5456077,215
464,240,21.042273,4400,2021-06-28 16:55:36,52.295864,1
465,132,20.9685131,4401,2021-06-28 16:55:38,52.2719377,09
466,126,21.018255,4402,2021-06-28 16:55:37,52.291817,2
467,120,21.061769,4403,2021-06-28 16:55:38,52.361862,5
468,166,21.060699,4404,2021-06-28 16:55:38,52.136707,3
469,156,20.9387274,4406,2021-06-28 16:55:38,52.2869474,2
470,122,20.919382,4407,2021-06-28 16:55:38,52.263535,010
471,134,21.0617301,4408,2021-06-28 16:55:39,52.3618449,05
472,106,21.0205702,4409,2021-06-28 16:55:37,52.2430605,1
473,199,21.1535212,4411,2021-06-28 16:55:37,52.2676205,3
474,173,21.077206,4413,2021-06-28 16:55:38,52.250332,2
475,106,20.996691,4415,2021-06-28 16:55:38,52.235729,2
476,106,21.017754,4416,2021-06-28 16:55:38,52.23703,07
477,170,21.034904,4417,2021-06-28 16:55:38,52.255848,2
478,106,20.965157,4418,2021-06-28 16:55:34,52.237106,3
479,120,21.0536497,4419,2021-06-28 16:55:38,52.2739234,7
480,901,21.018261,4420,2021-06-28 16:55:38,52.235966,4
481,126,20.97053,4421,2021-06-28 16:55:35,52.323631,1
482,338,21.048599,4422,2021-06-28 16:55:38,52.255161,02
483,106,21.02046,4423,2021-06-28 16:55:37,52.243156,5
484,901,21.0112754,4424,2021-06-28 16:55:38,52.2303842,2
485,156,21.048958,4425,2021-06-28 16:55:36,52.269886,5
486,166,21.049051,4427,2021-06-28 16:55:38,52.155239,4
487,156,21.052101,4428,2021-06-28 16:55:37,52.253014,4
488,303,20.9374127,4429,2021-06-28 16:55:35,52.2874585,2
489,106,20.968308,4430,2021-06-28 16:55:38,52.22887,08
490,338,21.030609,4434,2021-06-28 16:55:38,52.261612,03
491,122,20.9334736,5200,2021-06-28 16:55:34,52.2697955,08
492,171,20.9266923,5201,2021-06-28 16:55:28,52.2407918,8
493,517,20.951775,5202,2021-06-28 16:55:37,52.2118917,09
494,523,20.980428,5203,2021-06-28 16:55:29,52.216571,020
495,401,20.909733,5204,2021-06-28 16:55:28,52.194375,013
496,105,20.9006695,5205,2021-06-28 16:55:29,52.2167762,5
497,131,21.0503591,5206,2021-06-28 16:55:23,52.201333,2
498,182,20.9712435,5207,2021-06-28 16:55:35,52.2197832,011
499,517,20.8979359,5208,2021-06-28 16:55:32,52.1956439,2
500,184,20.939978,5210,2021-06-28 16:55:29,52.280393,2
501,105,20.967629,5211,2021-06-28 16:55:28,52.228695,09
502,523,20.9130365,5212,2021-06-28 16:55:28,52.2391108,015
503,Z10,20.9125344,5213,2021-06-28 16:55:29,52.2417177,1
504,184,20.9377715,5214,2021-06-28 16:55:30,52.2868936,1
505,523,21.0223212,5215,2021-06-28 16:55:29,52.2186865,7
506,131,21.0192902,5216,2021-06-28 16:55:31,52.2121413,8
507,189,20.9220571,5217,2021-06-28 16:49:01,52.1957361,11
508,122,20.9679025,5218,2021-06-28 16:55:37,52.2616099,011
509,401,20.9972183,5219,2021-06-28 16:55:34,52.1790792,6
510,124,20.9650919,5222,2021-06-28 16:55:04,52.1516722,1
511,190,20.8967711,5223,2021-06-28 16:55:34,52.2352189,7
512,517,20.9834055,5224,2021-06-28 16:55:28,52.2192273,4
513,523,20.9788588,5225,2021-06-28 16:55:32,52.2171844,6
514,401,20.9737044,5226,2021-06-28 16:55:29,52.1851606,4
515,189,20.8976216,5227,2021-06-28 16:55:32,52.2396585,024
516,124,20.9436547,5228,2021-06-28 16:55:30,52.1761735,2
517,131,21.0687895,5229,2021-06-28 16:55:38,52.181523,5
518,523,20.9607722,5230,2021-06-28 16:55:32,52.2169985,016
519,189,20.9144138,5232,2021-06-28 16:55:28,52.2085202,7
520,148,21.0488017,5233,2021-06-28 16:55:36,52.1943377,011
521,105,20.966871,5234,2021-06-28 16:55:24,52.228448,011
522,105,20.969721,5235,2021-06-28 16:55:32,52.2289149,3
523,517,20.8626007,5236,2021-06-28 16:55:37,52.1901887,1
524,171,20.9250164,5237,2021-06-28 16:55:30,52.2724997,6
525,401,20.9456992,5238,2021-06-28 16:55:33,52.1925837,7
526,182,21.028385,5239,2021-06-28 16:55:26,52.220163,9
527,184,20.924076,5240,2021-06-28 16:55:35,52.2528074,3
528,187,20.9912257,5241,2021-06-28 16:55:30,52.2165859,8
529,190,21.0794164,5243,2021-06-28 16:55:36,52.291683,011
530,189,20.915052,5244,2021-06-28 16:55:22,52.2159337,018
531,105,20.8988788,5245,2021-06-28 16:55:31,52.2387797,6
532,148,20.9736147,5246,2021-06-28 16:55:28,52.1707358,012
533,716,20.8403484,5247,2021-06-28 16:55:32,52.1894844,1
534,141,21.0326735,5248,2021-06-28 16:55:33,52.2013235,7
535,317,21.0254223,5249,2021-06-28 16:55:32,52.1732968,2
536,188,20.9894772,5250,2021-06-28 16:55:30,52.2164297,3
537,187,20.9722891,5251,2021-06-28 16:55:36,52.2191913,1
538,189,21.0687924,5253,2021-06-28 16:55:28,52.1813142,020
539,401,20.8618254,5254,2021-06-28 16:55:37,52.1904822,010
540,190,20.898953,5255,2021-06-28 16:55:36,52.238873,016
541,148,21.043659,5256,2021-06-28 16:55:37,52.1728044,1
542,716,20.90362,5257,2021-06-28 16:55:30,52.202751,2
543,188,21.0824592,5258,2021-06-28 16:55:31,52.2410939,4
544,105,20.899141,5260,2021-06-28 16:55:20,52.23883,08
545,723,21.000792,5401,2021-06-28 16:55:38,52.291321,3
546,185,21.045464,5403,2021-06-28 16:55:36,52.1497,3
547,145,21.073343,5404,2021-06-28 16:55:38,52.288372,4
548,269,21.0414051,5405,2021-06-28 16:55:38,52.2919417,05
549,509,21.0228211,5406,2021-06-28 16:55:39,52.2616509,13
550,120,21.050404,5407,2021-06-28 16:55:39,52.252407,2
551,527,21.04302,5408,2021-06-28 16:55:38,52.27652,054
552,E-9,20.968008,5409,2021-06-28 16:55:28,52.27198,01
553,731,20.9392117,5410,2021-06-28 16:55:37,52.4211837,1
554,723,20.954893,5412,2021-06-28 16:55:38,52.340439,4
555,705,20.9738385,5413,2021-06-28 16:55:38,52.2770481,66
556,511,20.957077,5414,2021-06-28 16:55:38,52.3389805,1
557,723,20.915249,5416,2021-06-28 16:55:37,52.410839,1
558,E-9,20.9695452,5417,2021-06-28 16:55:32,52.2718564,02
559,511,20.930941,5418,2021-06-28 16:55:39,52.292919,2
560,120,21.0536346,5419,2021-06-28 16:55:39,52.2739395,3
561,160,21.0030325,5420,2021-06-28 16:55:38,52.2295344,5
562,511,20.9741862,5421,2021-06-28 16:55:37,52.3173964,3
563,160,21.0342292,5423,2021-06-28 16:55:35,52.2543137,012
564,511,20.944284,5424,2021-06-28 16:55:36,52.349297,06
565,116,21.019934,5425,2021-06-28 16:55:38,52.23246,14
566,116,21.0847922,5426,2021-06-28 16:55:38,52.1672599,11
567,527,21.05545,5428,2021-06-28 16:55:37,52.275124,1
568,731,20.924599,5429,2021-06-28 16:55:38,52.390965,2
569,145,21.1278321,5430,2021-06-28 16:55:37,52.2342307,11
570,160,20.995314,5432,2021-06-28 16:55:38,52.23962,7
571,414,20.9746509,5434,2021-06-28 16:55:37,52.2117159,08
572,527,21.0586617,5436,2021-06-28 16:55:37,52.3244767,3
573,705,21.0286594,5437,2021-06-28 16:55:37,52.3562727,1
574,731,20.9964245,5438,2021-06-28 16:55:38,52.2964016,4
575,738,21.0718822,5439,2021-06-28 16:55:36,52.2829184,2
576,705,20.967564,5441,2021-06-28 16:55:38,52.27174,64
577,160,21.059706,5443,2021-06-28 16:55:37,52.316311,2
578,E-9,20.9725324,5444,2021-06-28 16:55:39,52.2763627,04
579,705,21.048461,5445,2021-06-28 03:52:31,52.264575,65
580,735,21.030718,5446,2021-06-28 16:55:38,52.431309,62
581,114,21.021866,5447,2021-06-28 16:55:37,52.286285,08
582,705,21.082512,5448,2021-06-28 16:55:38,52.465294,63
583,160,21.062002,5449,2021-06-28 16:55:39,52.309834,3
584,511,20.9426416,5453,2021-06-28 16:55:39,52.3485917,4
585,160,21.0496657,5454,2021-06-28 16:55:37,52.2904619,09
586,169,21.037786,5455,2021-06-28 16:55:37,52.26693,4
587,269,21.0492164,5457,2021-06-28 16:55:38,52.2744561,04
588,180,21.0040162,5459,2021-06-28 16:55:38,52.250147,016
589,735,21.038055,5460,2021-06-28 16:55:38,52.412552,65
590,175,20.988657,5870,2021-06-28 16:55:34,52.224628,53
591,128,20.9634589,5871,2021-06-28 16:55:37,52.2077741,59
592,503,21.044809,5873,2021-06-28 16:55:35,52.156193,1
593,128,20.978226,5874,2021-06-28 16:55:34,52.200397,58
594,138,21.088457,5875,2021-06-28 16:55:35,52.26078,011
595,331,21.015495,5876,2021-06-28 16:55:36,52.153412,01
596,180,21.0838912,5877,2021-06-28 16:55:38,52.1679185,017
597,709,21.017374,5878,2021-06-28 16:55:36,52.153141,013
598,128,20.963707,5880,2021-06-28 16:55:36,52.207684,070
599,128,21.018229,5882,2021-06-28 16:55:37,52.236195,56
600,180,21.083858,5883,2021-06-28 16:55:38,52.168125,10
601,503,21.002277,5885,2021-06-28 16:55:38,52.254715,5
602,180,21.021965,5886,2021-06-28 16:55:37,52.230083,13
603,175,21.019503,5887,2021-06-28 16:55:38,52.233303,074
604,128,21.005751,5888,2021-06-28 16:55:32,52.228436,069
605,180,21.048782,5889,2021-06-28 16:55:36,52.206375,8
606,128,21.012884,5890,2021-06-28 16:55:37,52.243233,62
607,180,21.022449,5891,2021-06-28 16:55:27,52.229572,7
608,504,20.984692,5892,2021-06-28 16:55:38,52.201485,010
609,503,21.02322,5893,2021-06-28 16:55:34,52.226994,3
610,175,20.978168,5894,2021-06-28 16:55:35,52.169437,066
611,503,21.05015,5895,2021-06-28 16:55:36,52.144741,12
612,503,21.044468,5897,2021-06-28 16:55:35,52.19236,2
613,128,20.988413,5898,2021-06-28 16:55:38,52.213989,071
614,175,20.978016,5899,2021-06-28 16:55:38,52.16946,51
615,158,20.9493417,5900,2021-06-28 16:55:36,52.2116112,5
616,175,20.978138,5902,2021-06-28 16:55:36,52.17918,52
617,158,21.074553,5903,2021-06-28 16:55:34,52.239136,8
618,503,21.030344,5905,2021-06-28 16:55:36,52.207664,8
619,175,20.989838,5906,2021-06-28 16:55:36,52.224121,63
620,503,21.018415,5907,2021-06-28 16:55:37,52.235645,7
621,175,21.012787,5908,2021-06-28 16:55:37,52.243179,068
622,175,20.983984,5909,2021-06-28 16:55:36,52.199375,067
623,128,21.0127,5910,2021-06-28 16:55:38,52.2429,073
624,111,20.985113,5911,2021-06-28 16:55:37,52.246246,4
625,116,21.062143,5913,2021-06-28 16:55:39,52.175591,12
626,175,21.018055,5915,2021-06-28 16:55:36,52.231297,54
627,128,21.010063,5918,2021-06-28 16:55:38,52.229584,60
628,158,21.1176745,5920,2021-06-28 16:55:37,52.233774, 
629,116,21.005453,5921,2021-06-28 16:55:37,52.248974,15
630,175,21.1163987,5923,2021-06-28 10:17:16,52.2339737,072
631,116,20.934465,5924,2021-06-28 16:55:37,52.2785,17
632,116,20.923109,5926,2021-06-28 16:55:38,52.275421,3
633,158,21.003559,5927,2021-06-28 16:55:35,52.228279,7
634,116,20.987944,5928,2021-06-28 16:55:34,52.267155,5
635,128,20.990129,5929,2021-06-28 16:55:34,52.218445,57
636,158,21.112867,5930,2021-06-28 16:55:34,52.236294,9
637,158,21.027351,5931,2021-06-28 16:55:39,52.233055,3
638,116,21.006445,5932,2021-06-28 16:55:36,52.248596,6
639,111,21.0201844,5933,2021-06-28 16:55:39,52.2322237,2
640,158,20.97838,5934,2021-06-28 16:55:33,52.221813,4
641,503,21.044388,5935,2021-06-28 16:55:38,52.143044,11
642,503,21.043013,5936,2021-06-28 16:55:35,52.157673,10
643,111,21.1013,5937,2021-06-28 16:55:37,52.2233,10
644,158,21.096226,5939,2021-06-28 16:55:37,52.234898,2
645,128,20.974768,5942,2021-06-28 16:55:38,52.204838,072
646,111,21.0569,5943,2021-06-28 16:55:35,52.2372,7
647,111,21.076893,5944,2021-06-28 16:55:38,52.225979,013
648,158,20.962358,5945,2021-06-28 16:55:38,52.217011,6
649,111,21.087236,5946,2021-06-28 16:55:34,52.228035,8
650,111,21.000208,5947,2021-06-28 16:55:37,52.245518,5
651,503,21.001898,5948,2021-06-28 16:55:38,52.258152,013
652,503,21.00572,5950,2021-06-28 16:55:35,52.248882,4
653,180,20.933464,5951,2021-06-28 16:55:36,52.271126,2
654,518,20.989279,5952,2021-06-28 16:55:38,52.265533,7
655,160,21.057388,5954,2021-06-28 16:55:35,52.320168,010
656,160,20.994949,5956,2021-06-28 16:55:35,52.240639,013
657,111,20.979456,5958,2021-06-28 16:55:36,52.244427,011
658,160,21.04302,5959,2021-06-28 16:55:34,52.2583907,08
659,111,21.000483,5960,2021-06-28 16:55:34,52.244942,3
660,190,21.040041,5961,2021-06-28 16:55:37,52.257084,024
661,116,21.0452,5962,2021-06-28 16:55:34,52.1912,13
662,111,21.060787,5963,2021-06-28 16:55:38,52.232368,1
663,518,20.942089,5964,2021-06-28 16:55:34,52.334377,3
664,518,21.023535,5965,2021-06-28 16:55:35,52.228271,08
665,518,20.941597,5966,2021-06-28 16:55:36,52.333656,2
666,160,21.043034,5967,2021-06-28 16:55:36,52.276077,011
667,180,21.063061,5970,2021-06-28 16:55:38,52.187366,11
668,518,20.978621,5972,2021-06-28 16:55:38,52.311562,1
669,E-9,21.063862,5973,2021-06-28 16:55:37,52.32515,03
670,518,20.961386,5975,2021-06-28 16:55:34,52.314686,4
671,180,20.977922,5976,2021-06-28 16:55:38,52.244415,6
672,503,21.044645,5978,2021-06-28 16:55:37,52.176006,9
673,503,21.002543,5979,2021-06-28 16:55:35,52.254826,6
674,111,21.017996,5980,2021-06-28 16:55:34,52.23703,6
675,705,21.071663,5981,2021-06-28 16:55:37,52.471249,07
676,111,21.102446,5982,2021-06-28 16:55:38,52.222054,9
677,175,20.979256,5983,2021-06-28 16:55:37,52.184158,65
678,180,20.929285,5984,2021-06-28 16:55:39,52.271233,4
679,180,21.014309,5985,2021-06-28 16:55:35,52.243748,14
680,180,21.050451,5986,2021-06-28 16:55:37,52.199333,12
681,180,21.068403,5987,2021-06-28 16:55:39,52.182808,9
682,180,20.997883,5988,2021-06-28 16:55:37,52.249199,1
683,116,20.924906,5989,2021-06-28 16:55:38,52.27232,1
684,705,21.02227,5990,2021-06-28 16:55:35,52.319939,08
685,116,20.924742,5991,2021-06-28 16:55:37,52.272419,2
686,518,21.014263,5994,2021-06-28 16:55:38,52.243908,6
687,116,21.019632,5995,2021-06-28 16:55:34,52.233093,7
688,116,20.961952,5996,2021-06-28 16:55:37,52.275379,16
689,116,21.0842429,5997,2021-06-28 16:55:39,52.166478, 
690,518,20.968588,5998,2021-06-28 16:55:34,52.271519,5
691,116,21.051773,5999,2021-06-28 16:55:38,52.185833,8
692,184,20.958204,6200,2021-06-28 16:55:38,52.222752,7
693,112,20.934063,6201,2021-06-28 16:55:38,52.271706,11
694,187,21.052515,6203,2021-06-28 16:55:34,52.197308,9
695,167,20.99986,6204,2021-06-28 16:55:39,52.2170631,013
696,728,20.927778,6207,2021-06-28 16:55:37,52.161312,02
697,Z10,20.907709,6208,2021-06-28 16:55:38,52.217979,7
698,703,20.8787529,6209,2021-06-28 16:55:39,52.1292439,91
699,414,20.95752,6210,2021-06-28 16:55:38,52.227539,04
700,713,20.8741267,6212,2021-06-28 16:55:38,52.2165844,3
701,414,21.030256,6213,2021-06-28 16:55:37,52.288208,03
702,184,20.97238,6214,2021-06-28 16:55:37,52.219391,5
703,191,20.954863,6215,2021-06-28 16:55:38,52.213886,6
704,105,20.898798,6216,2021-06-28 16:55:36,52.23877,7
705,167,20.9642354,6217,2021-06-28 16:55:37,52.215512,1
706,105,20.896793,6218,2021-06-28 16:55:39,52.230358,010
707,136,20.9903434,6220,2021-06-28 16:55:38,52.1854596,4
708,189,21.068695,6221,2021-06-28 16:55:37,52.181458,13
709,187,20.91145,6222,2021-06-28 16:55:38,52.1967309,5
710,105,20.938242,6223,2021-06-28 16:55:39,52.225571,4
711,517,20.8974027,6224,2021-06-28 16:55:38,52.1958359,6
712,717,20.8410304,6225,2021-06-28 16:55:37,52.1791697,2
713,716,20.929119,6226,2021-06-28 16:55:37,52.223164,3
714,188,20.9794319,6227,2021-06-28 16:55:39,52.1731285,1
715,190,20.9765955,6228,2021-06-28 16:55:39,52.237837,3
716,187,20.9566125,6229,2021-06-28 16:55:38,52.2149654,6
717,706,20.942936,6231,2021-06-28 16:55:37,52.175484,03
718,190,21.002211,6232,2021-06-28 16:55:36,52.244949,9
719,191,20.9106231,6233,2021-06-28 16:55:38,52.1958296,4
720,414,21.018118,6234,2021-06-28 16:55:37,52.292011,02
721,112,20.9120316,6236,2021-06-28 16:55:37,52.2438265,10
722,114,20.917337,6237,2021-06-28 16:55:37,52.313095,4
723,728,20.8617262,6239,2021-06-28 16:55:39,52.0395105,1
724,414,20.957975,6240,2021-06-28 16:55:38,52.267185,01
725,517,20.939131,6241,2021-06-28 16:55:38,52.203094,5
726,182,20.964943,6242,2021-06-28 16:55:36,52.218006,7
727,706,20.939611,6243,2021-06-28 16:55:37,52.172024,2
728,L29,20.462587,65471,2021-06-28 16:55:36,52.26775,1
729,L-7,20.798246,66523,2021-06-28 16:55:36,52.286556,2
730,L-6,20.843232,66524,2021-06-28 16:55:33,52.250672,02
731,L-6,20.810362,66525,2021-06-28 16:55:34,52.26458,1
732,190,21.053026,7200,2021-06-28 16:55:39,52.262833,10
733,189,20.898781,7201,2021-06-28 16:55:37,52.238758,6
734,112,20.9149172,7202,2021-06-28 16:55:37,52.2297937,019
735,141,20.9590221,7203,2021-06-28 16:55:38,52.1897105,4
736,317,21.001738,7204,2021-06-28 16:55:35,52.175003,07
737,131,21.0370764,7205,2021-06-28 16:55:38,52.206689,011
738,523,21.0822524,7206,2021-06-28 16:55:38,52.2401337,10
739,189,20.976154,7207,2021-06-28 16:55:37,52.184444,019
740,414,20.967377,7208,2021-06-28 16:55:37,52.214401,06
741,721,20.829792,7212,2021-06-28 16:55:37,52.055035,02
742,112,20.938789,7213,2021-06-28 16:55:36,52.276119,5
743,191,20.887762,7214,2021-06-28 16:55:38,52.18977,2
744,112,20.895275,7215,2021-06-28 16:55:39,52.216343,8
745,713,20.81888,7216,2021-06-28 16:55:35,52.211342,2
746,189,21.005831,7219,2021-06-28 16:55:38,52.177944,022
747,187,21.026928,7222,2021-06-28 16:55:38,52.21962,12
748,122,20.919619,7223,2021-06-28 16:55:36,52.249458,2
749,721,20.943323,7225,2021-06-28 16:55:38,52.174511,1
750,706,20.8951574,7226,2021-06-28 16:55:38,52.1325717,1
751,114,20.958263,7227,2021-06-28 16:55:36,52.267803,3
752,114,21.041721,7228,2021-06-28 16:55:39,52.3002609,1
753,112,21.0882916,7229,2021-06-28 16:55:36,52.3034302,014
754,517,20.9907196,7230,2021-06-28 16:55:39,52.2250732,08
755,713,20.783123,7231,2021-06-28 16:55:37,52.210804,04
756,717,20.920086,7232,2021-06-28 16:55:38,52.190201,1
757,189,20.9091882,7233,2021-06-28 16:55:37,52.2285037,3
758,713,20.9157634,7234,2021-06-28 16:55:35,52.2198416,1
759,187,21.0482527,7235,2021-06-28 16:55:38,52.1782017,10
760,184,20.964031,7237,2021-06-28 16:55:39,52.208073,6
761,141,20.944073,7238,2021-06-28 16:55:39,52.175499,5
762,189,20.964735,7239,2021-06-28 16:55:36,52.187984,16
763,184,20.9342421,7240,2021-06-28 16:55:37,52.2719467,8
764,317,21.006159,7241,2021-06-28 16:55:36,52.178055,5
765,141,21.045805,7242,2021-06-28 16:55:39,52.224613,1
766,523,21.098434,7243,2021-06-28 16:55:39,52.247948,9
767,401,20.910223,7244,2021-06-28 16:55:37,52.195293,3
768,187,20.9702784,7245,2021-06-28 16:55:39,52.2196976,7
769,190,20.936218,7247,2021-06-28 16:55:37,52.239769,017
770,188,21.08462,7248,2021-06-28 16:55:36,52.24588,5
771,171,21.036785,7249,2021-06-28 16:55:39,52.225288,3
772,317,20.944958,7250,2021-06-28 16:55:37,52.175365,3
773,105,20.909923,7251,2021-06-28 16:55:22,52.218663,2
774,167,21.067745,7252,2021-06-28 16:55:38,52.2124022,4
775,122,20.898369,7254,2021-06-28 16:55:37,52.25885,1
776,191,20.984682,7256,2021-06-28 16:55:39,52.218842,8
777,190,21.0155054,7257,2021-06-28 16:55:37,52.2468049,012
778,187,21.0633275,7258,2021-06-28 16:55:39,52.1870895,11
779,189,20.9999347,7259,2021-06-28 16:55:38,52.1785964,15
780,125,21.1965242,7301,2021-06-28 16:55:37,52.2083884,08
781,507,21.04888,7303,2021-06-28 16:55:38,52.237335,5
782,188,21.1290205,7304,2021-06-28 16:55:38,52.2400915,07
783,138,21.1005259,7305,2021-06-28 16:55:37,52.2606292,4
784,151,21.084538,7306,2021-06-28 16:55:37,52.233543,04
785,509,21.0269259,7307,2021-06-28 16:55:39,52.2583012,7
786,138,21.002186,7308,2021-06-28 16:55:38,52.176765,1
787,188,20.9782542,7310,2021-06-28 16:55:38,52.1694919,2
788,182,21.0139739,7312,2021-06-28 16:55:37,52.2169454,5
789,E-1,21.1017814,7314,2021-06-28 16:55:38,52.2223121,01
790,143,21.0065264,7315,2021-06-28 16:55:36,52.2170797,7
791,188,20.979427,7316,2021-06-28 16:55:39,52.18597,08
792,402,21.0424994,7317,2021-06-28 16:55:38,52.171701,3
793,182,21.089533,7318,2021-06-28 16:55:37,52.235756,4
794,182,21.112946,7319,2021-06-28 16:55:38,52.235786,3
795,411,21.0199789,7320,2021-06-28 16:55:38,52.2178796,01
796,182,20.9711102,7322,2021-06-28 16:55:39,52.219528,8
797,E-1,21.0430684,7323,2021-06-28 16:55:38,52.2453904,02
798,138,21.0433264,7325,2021-06-28 16:55:38,52.2490821,3
799,141,20.983404,7326,2021-06-28 16:55:37,52.197937,6
800,E-1,21.051695,7327,2021-06-28 16:55:38,52.229202,03
801,182,21.081152,7328,2021-06-28 16:55:37,52.235748,1
802,523,21.078228,7329,2021-06-28 16:55:36,52.235306,017
803,171,20.9316567,7330,2021-06-28 16:55:37,52.2403005,5
804,162,21.0352274,7331,2021-06-28 16:55:36,52.2559791,013
805,141,21.0458292,7333,2021-06-28 16:55:38,52.2164169,8
806,116,21.033106,7334,2021-06-28 16:55:38,52.204468,69
807,110,20.892214,742,2021-06-28 16:55:36,52.319168,1
808,750,20.911545,744,2021-06-28 16:55:38,52.323364,05
809,750,20.809193,745,2021-06-28 16:55:37,52.374886,07
810,250,20.881689,746,2021-06-28 16:55:39,52.301147,1
811,850,20.898186,749,2021-06-28 16:55:37,52.335003,2
812,150,20.937614,750,2021-06-28 16:55:35,52.299912,1
813,750,20.817518,755,2021-06-28 16:55:36,52.351799,2
814,110,20.968575,757,2021-06-28 16:55:34,52.272148,3
815,150,20.860069,758,2021-06-28 16:55:38,52.347382,2
816,750,20.931017,761,2021-06-28 16:55:38,52.292782,4
817,750,20.899712,762,2021-06-28 16:55:32,52.333649,1
818,850,20.761759,763,2021-06-28 16:55:34,52.381104,1
819,151,21.0942295,7701,2021-06-28 16:55:37,52.231252,1
820,411,21.0915625,7702,2021-06-28 16:55:39,52.2250769,04
821,402,21.0553957,7703,2021-06-28 16:55:38,52.2003474,7
822,151,21.0150701,7704,2021-06-28 16:55:39,52.2229881,05
823,150,20.913731,772,2021-06-28 16:55:36,52.320810333,04
824,150,20.847205,773,2021-06-28 16:55:37,52.3413645,05
825,150,20.894012,774,2021-06-28 16:55:39,52.338551,3
826,250,20.868576,775,2021-06-28 16:55:38,52.332886,3
827,250,20.922153,776,2021-06-28 16:55:38,52.281734,2
828,750,20.8441904,777,2021-06-28 16:55:38,52.3657341,3
829,167,21.0598251,8100,2021-06-28 16:55:32,52.2127786,6
830,143,21.078564,8103,2021-06-28 16:55:32,52.235748,011
831,167,20.999486,8108,2021-06-28 16:55:16,52.216766,8
832,217,21.0452423,8109,2021-06-28 16:55:32,52.1750495,2
833,174,21.0145678,8110,2021-06-28 16:55:35,52.1938401,010
834,136,21.032289,8112,2021-06-28 16:55:33,52.149786,014
835,709,21.0220715,8115,2021-06-28 16:55:33,52.0749266,8
836,174,21.0045426,8119,2021-06-28 16:55:33,52.2232541,6
837,136,21.0558975,8120,2021-06-28 16:55:30,52.1474786,7
838,143,21.125126,8121,2021-06-28 16:55:23,52.235076,09
839,504,21.0023993,8123,2021-06-28 16:55:32,52.2280198,3
840,165,21.024296,8124,2021-06-28 16:55:34,52.1797583,4
841,727,21.0246631,8125,2021-06-28 16:55:34,52.1793261,3
842,709,21.0176651,8126,2021-06-28 16:55:34,52.1629581,014
843,402,20.9849428,8130,2021-06-28 16:55:31,52.1800036,5
844,136,20.9560405,8131,2021-06-28 16:55:33,52.2343176,012
845,148,21.041628,8133,2021-06-28 16:55:34,52.1474843,5
846,402,21.1508116,8134,2021-06-28 16:55:32,52.238857,9
847,167,20.9406161,8135,2021-06-28 16:55:27,52.2346665,9
848,162,21.0274956,8136,2021-06-28 16:55:36,52.259545,08
849,162,21.025484,8137,2021-06-28 16:55:28,52.238239,011
850,162,21.043571,8138,2021-06-28 16:55:32,52.2162275,7
851,136,20.9711823,8139,2021-06-28 16:55:30,52.213071,016
852,168,21.0011348,8140,2021-06-28 16:55:33,52.1888808,4
853,504,20.9872928,8143,2021-06-28 16:55:36,52.2077695,011
854,504,21.0044563,8144,2021-06-28 16:55:35,52.2299411,4
855,709,21.0185708,8145,2021-06-28 16:55:38,52.113875,011
856,727,21.027035,8146,2021-06-28 16:55:31,52.0718773,2
857,148,21.040775,8148,2021-06-28 16:55:36,52.17031,6
858,709,21.0187186,8152,2021-06-28 16:55:32,52.0963248,1
859,217,21.0240703,8153,2021-06-28 16:55:28,52.1796456,1
860,136,21.027466,8154,2021-06-28 16:55:36,52.151518,8
861,131,21.004038,8155,2021-06-28 16:55:29,52.229809,9
862,709,21.0179655,8156,2021-06-28 16:55:32,52.144416,6
863,308,20.9928693,8158,2021-06-28 16:55:25,52.1885136,01
864,136,21.0276241,8160,2021-06-28 16:55:23,52.1639548,5
865,504,21.002451,8162,2021-06-28 16:55:34,52.175585,1
866,331,20.974549,8164,2021-06-28 16:55:31,52.1687323,05
867,331,21.0170683,8165,2021-06-28 16:55:32,52.1529383,03
868,709,21.0129853,8166,2021-06-28 16:55:34,52.0722683,9
869,148,20.9854426,8167,2021-06-28 16:55:34,52.1668646,4
870,218,21.0203268,8168,2021-06-28 16:55:35,52.1941305,3
871,504,20.9901775,8169,2021-06-28 16:55:35,52.2228503,5
872,131,21.0052416,8170,2021-06-28 16:55:38,52.2288695,1
873,167,20.9724931,8172,2021-06-28 16:55:32,52.2125635,010
874,143,21.006703,8173,2021-06-28 16:55:31,52.217061,010
875,218,21.023961,8174,2021-06-28 16:55:36,52.179816,1
876,727,21.0186118,8175,2021-06-28 16:55:37,52.1133648,4
877,709,21.0190901,8176,2021-06-28 16:55:31,52.1709106,3
878,143,21.0843701,8177,2021-06-28 16:55:25,52.243405,5
879,138,21.0147498,8178,2021-06-28 16:55:29,52.2041121,7
880,709,21.0190053,8181,2021-06-28 16:55:28,52.0974183,7
881,136,20.9637461,8182,2021-06-28 16:55:37,52.215662,2
882,218,21.011371,8183,2021-06-28 16:55:24,52.189013,4
883,131,21.063272,8184,2021-06-28 16:55:33,52.187218,6
884,143,21.0049095,8185,2021-06-28 16:55:27,52.2165471,8
885,217,21.0427918,8187,2021-06-28 16:55:35,52.1754058,4
886,185,20.993728,8188,2021-06-28 16:55:34,52.271095,9
887,504,21.0538976,8189,2021-06-28 16:55:37,52.1338183,7
888,709,21.0238458,8190,2021-06-28 16:55:29,52.180062,5
889,131,21.0155686,8192,2021-06-28 16:55:31,52.2193418,4
890,504,20.9823125,8195,2021-06-28 16:55:33,52.1944106,2
891,504,21.02059,8196,2021-06-28 16:55:35,52.152165,013
892,218,20.9991191,8197,2021-06-28 16:55:30,52.1833548,2
893,331,21.0241086,8198,2021-06-28 16:55:34,52.1800165,02
894,174,20.9955573,8199,2021-06-28 16:55:37,52.1700645,4
895,402,20.9936368,8201,2021-06-28 16:55:34,52.1789298,4
896,151,21.115749,8202,2021-06-28 10:44:07,52.233741,05
897,151,21.1175305,8204,2021-06-28 10:20:01,52.2338373,06
898,151,21.0784746,8208,2021-06-28 16:55:36,52.2347576,2
899,521,21.2048205,8214,2021-06-28 16:55:24,52.1593703,1
900,125,21.1762868,8216,2021-06-28 16:55:29,52.2062523,2
901,182,21.0460013,8218,2021-06-28 16:55:32,52.2246283,013
902,509,21.00475,8220,2021-06-28 16:55:22,52.288744,023
903,182,21.1129503,8222,2021-06-28 16:55:34,52.2360926,2
904,509,21.0474863,8223,2021-06-28 16:55:33,52.2474701,024
905,151,21.007425,8225,2021-06-28 16:55:37,52.217451,06
906,509,20.944871,8228,2021-06-28 16:55:19,52.322201,10
907,521,21.167472,8229,2021-06-28 16:55:32,52.2050836,2
908,523,21.016078,8231,2021-06-28 16:55:31,52.217064,021
909,162,21.029371,8233,2021-06-28 16:55:29,52.2485125,014
910,145,21.1142541,8300,2021-06-28 16:55:36,52.2398233,2
911,145,21.0765375,8301,2021-06-28 16:55:31,52.2867591,9
912,509,21.1022746,8303,2021-06-28 16:55:30,52.2219345,3
913,171,20.919328,8304,2021-06-28 16:55:38,52.257435,010
914,509,21.116975,8305,2021-06-28 09:25:27,52.233583,022
915,117,21.0134856,8306,2021-06-28 16:55:27,52.2301415,3
916,116,20.9618775,8309,2021-06-28 16:55:22,52.2755575,4
917,141,21.027083,8310,2021-06-28 16:55:23,52.200043,2
918,168,21.095745,8311,2021-06-28 16:55:20,52.21647,3
919,151,21.0738086,8312,2021-06-28 16:55:36,52.2322808,3
920,720,21.242693,8313,2021-06-28 16:55:36,52.2229231,02
921,162,21.0360791,8314,2021-06-28 16:55:32,52.251492,2
922,117,21.0589078,8315,2021-06-28 16:55:38,52.2272513,06
923,521,20.9639111,8318,2021-06-28 16:55:35,52.2078546,4
924,185,21.0126285,8319,2021-06-28 16:55:35,52.2543671,11
925,151,21.116836,8320,2021-06-28 09:58:49,52.233566,04
926,162,21.085048,8322,2021-06-28 16:55:36,52.193331,5
927,509,20.972209,8323,2021-06-28 16:55:34,52.320546,9
928,148,21.0957346,8324,2021-06-28 16:55:37,52.2313405,7
929,143,21.0970753,8326,2021-06-28 16:55:35,52.2434976,1
930,145,21.088243,8328,2021-06-28 16:55:24,52.244793,1
931,507,21.0555621,8329,2021-06-28 16:55:28,52.2386156,08
932,148,21.045543,8330,2021-06-28 16:55:38,52.149713,2
933,145,21.0005128,8332,2021-06-28 16:55:39,52.291419,7
934,523,20.961171,8333,2021-06-28 16:55:36,52.2161965,12
935,148,21.0192105,8334,2021-06-28 16:55:38,52.1524006,3
936,145,21.1090765,8335,2021-06-28 16:55:33,52.2858506,014
937,143,21.1389146,8337,2021-06-28 16:55:30,52.2508666,2
938,125,21.126531,8340,2021-06-28 16:55:34,52.233643,4
939,523,20.9716685,8341,2021-06-28 16:55:34,52.219601,5
940,507,21.0917483,8342,2021-06-28 16:55:34,52.2252967,1
941,171,21.011001,8343,2021-06-28 16:55:32,52.231191,09
942,502,21.222066,8344,2021-06-28 16:55:29,52.217764,1
943,507,21.1016733,8345,2021-06-28 16:55:30,52.2222933,3
944,145,21.12668,8348,2021-06-28 16:55:37,52.259598,3
945,507,21.004699,8349,2021-06-28 16:55:31,52.229984,6
946,145,21.0996,8350,2021-06-28 16:55:37,52.24279,012
947,507,21.0740917,8351,2021-06-28 16:55:33,52.225495,4
948,502,21.0156817,8352,2021-06-28 16:55:31,52.2197733,4
949,523,20.898208,8353,2021-06-28 16:55:31,52.258459,2
950,502,21.23496,8354,2021-06-28 16:55:37,52.216246,011
951,523,21.091533,8356,2021-06-28 16:55:23,52.249883,8
952,514,21.101518,8358,2021-06-28 16:55:27,52.234208,3
953,523,20.938811,8359,2021-06-28 16:55:38,52.239571,3
954,507,21.005296,8360,2021-06-28 16:55:36,52.229481,7
955,202,21.114466,8361,2021-06-28 16:55:25,52.244403,1
956,502,21.155139,8362,2021-06-28 16:55:28,52.226106,2
957,188,20.9863333,8363,2021-06-28 16:55:24,52.20489,6
958,138,21.044859,8364,2021-06-28 16:55:28,52.248865,6
959,514,21.127504,8365,2021-06-28 16:55:25,52.234431,1
960,523,20.95687,8366,2021-06-28 16:55:30,52.2307683,4
961,502,21.105263,8368,2021-06-28 16:55:20,52.233986,5
962,145,21.007075,8398,2021-06-28 16:55:26,52.291983,013
963,402,21.1560216,8403,2021-06-28 16:55:34,52.2402951,011
964,521,21.101668,8408,2021-06-28 16:55:20,52.2425293,07
965,143,21.1696393,8410,2021-06-28 16:55:37,52.2646846,012
966,523,20.9347318,8414,2021-06-28 16:55:37,52.2400448,13
967,148,21.0799978,8417,2021-06-28 16:55:31,52.2048523,9
968,148,21.0891581,8430,2021-06-28 16:55:32,52.245046,010
969,162,21.048549,8437,2021-06-28 16:55:33,52.2064866,012
970,125,21.1393463,8438,2021-06-28 16:55:39,52.2289871,1
971,162,21.034598,8440,2021-06-28 16:55:37,52.224274,015
972,145,21.0002617,8441,2021-06-28 16:55:38,52.2913776,6
973,269,21.0416589,8442,2021-06-28 16:55:38,52.3004444,01
974,723,20.951382,8443,2021-06-28 16:55:36,52.344219,2
975,114,20.923334,8445,2021-06-28 16:55:37,52.276371,5
976,120,21.0665,8446,2021-06-28 16:55:39,52.32,6
977,731,20.9759689,8447,2021-06-28 16:55:38,52.3162132,3
978,160,21.054878,8448,2021-06-28 16:55:39,52.274826,1
979,132,21.0502654,8449,2021-06-28 16:55:37,52.3185586,04
980,412,21.067137,8450,2021-06-28 16:55:36,52.317921,052
981,112,20.914705,8451,2021-06-28 16:55:39,52.234959,6
982,527,21.054445,8452,2021-06-28 16:55:37,52.295876,06
983,160,21.0025199,8453,2021-06-28 16:55:38,52.229588,014
984,160,21.047066,8454,2021-06-28 16:55:32,52.270451,4
985,160,21.0021341,8455,2021-06-28 16:55:37,52.2292884,6
986,132,20.9802297,8457,2021-06-28 16:55:39,52.2802752,08
987,527,21.0682342,8458,2021-06-28 16:55:38,52.3237421,055
988,Z26,20.994072,8459,2021-06-28 16:55:37,52.2422057,3
989,412,21.072411,8460,2021-06-28 16:55:37,52.283169,053
990,120,21.0672654,8461,2021-06-28 16:55:38,52.3170919,4
991,414,20.9570835,8462,2021-06-28 16:55:37,52.2652702,05
992,511,20.9728605,8463,2021-06-28 16:55:37,52.3151737,05
993,509,21.0925574,8465,2021-06-28 16:55:37,52.2253969,2
994,136,20.983016,8500,2021-06-28 16:55:28,52.195608,3
995,501,21.016681,8501,2021-06-28 16:55:19,52.214339,06
996,138,20.9954083,8502,2021-06-28 16:55:22,52.1702433,9
997,189,20.8990383,8503,2021-06-28 16:55:25,52.238685,5
998,522,21.080105,8504,2021-06-28 16:55:25,52.1576267,4
999,401,20.864183,8505,2021-06-28 16:55:21,52.190723,2
1000,131,21.0689767,8506,2021-06-28 16:55:23,52.18135,7
1001,501,21.046144,8507,2021-06-28 16:55:26,52.190828,4
1002,138,21.0514233,8508,2021-06-28 16:55:33,52.22913,2
1003,189,20.949376,8509,2021-06-28 16:55:24,52.19192,1
1004,501,21.0029017,8510,2021-06-28 16:55:28,52.2291917,1
1005,189,20.914385,8511,2021-06-28 16:55:16,52.2002983,027
1006,Z26,21.035665,8512,2021-06-28 16:55:32,52.256106,4
1007,186,20.94385,8513,2021-06-28 16:55:36,52.322686,013
1008,733,20.821504,8514,2021-06-28 16:55:37,52.09978,01
1009,Z26,20.986796,8515,2021-06-28 16:55:27,52.239499,7
1010,522,21.016406,8516,2021-06-28 16:55:23,52.22243,2
1011,141,21.10187,8517,2021-06-28 16:55:35,52.24233,10
1012,519,21.0751617,8519,2021-06-28 16:55:33,52.1680833,7
1013,519,21.016286,8520,2021-06-28 16:55:23,52.222606,1
1014,186,20.980251,8522,2021-06-28 16:55:33,52.210169,10
1015,733,20.771315,8523,2021-06-28 16:55:37,52.08069,62
1016,522,21.03115,8525,2021-06-28 16:55:24,52.206436,011
1017,172,20.9973867,8526,2021-06-28 16:55:28,52.19622,63
1018,172,21.068449,8528,2021-06-28 16:55:18,52.182463,5
1019,308,21.0028667,8530,2021-06-28 16:55:35,52.1889867,02
1020,172,20.9582533,8532,2021-06-28 16:55:24,52.2114,1
1021,Z26,20.9745033,8533,2021-06-28 16:55:35,52.2355483,2
1022,138,21.09897,8534,2021-06-28 16:55:33,52.260236,5
1023,522,21.004143,8535,2021-06-28 16:55:35,52.229849,1
1024,172,21.055488,8536,2021-06-28 16:55:37,52.182033,6
1025,522,21.079821,8537,2021-06-28 16:55:36,52.157571,5
1026,709,21.024081,8539,2021-06-28 16:55:28,52.180008,4
1027,172,20.975128,8540,2021-06-28 16:55:27,52.201066,8
1028,185,21.043546,8541,2021-06-28 16:55:19,52.156786,6
1029,172,20.9649783,8543,2021-06-28 16:55:24,52.21752,9
1030,519,21.0305717,8544,2021-06-28 16:55:33,52.2066117,4
1031,522,21.0665683,8546,2021-06-28 16:55:35,52.171875,012
1032,522,21.061945,8547,2021-06-28 16:55:31,52.175765,6
1033,402,21.102795,8548,2021-06-28 16:55:37,52.221238,010
1034,186,20.963751,8549,2021-06-28 16:55:20,52.207791,015
1035,186,20.969505,8550,2021-06-28 16:55:32,52.3200733,016
1036,709,21.022736,8551,2021-06-28 16:55:28,52.082221,10
1037,136,20.982634,8552,2021-06-28 16:55:29,52.19483,10
1038,Z26,21.030208,8555,2021-06-28 16:55:36,52.252863,5
1039,519,21.031524,8556,2021-06-28 16:55:25,52.206136,6
1040,Z26,21.013785,8558,2021-06-28 16:55:27,52.24683,08
1041,217,21.033741,8559,2021-06-28 16:55:31,52.177141,06
1042,519,21.084713,8560,2021-06-28 16:55:23,52.162976,2
1043,411,21.052749,8561,2021-06-28 16:55:39,52.226121,02
1044,521,21.207088,8562,2021-06-28 16:55:18,52.16537,09
1045,402,21.043271,8563,2021-06-28 16:55:39,52.172441,2
1046,521,21.192325,8564,2021-06-28 16:55:19,52.1801117,08
1047,502,21.019575,8565,2021-06-28 16:55:34,52.21807,014
1048,502,21.163283,8566,2021-06-28 16:55:36,52.225853,6
1049,402,21.006113,8567,2021-06-28 16:55:33,52.177998,014
1050,509,21.0284633,8568,2021-06-28 16:55:39,52.25704,021
1051,171,21.036578,8569,2021-06-28 16:55:29,52.221931,2
1052,411,21.1024383,8571,2021-06-28 16:55:36,52.222095,03
1053,E-1,21.10237,8572,2021-06-28 16:55:27,52.222048,04
1054,202,21.041905,8573,2021-06-28 16:55:20,52.24204,2
1055,411,21.115896,8574,2021-06-28 10:20:57,52.233514,01
1056,720,21.3054883,8576,2021-06-28 16:55:34,52.1716617,1
1057,162,21.051281,8578,2021-06-28 16:55:32,52.199066,4
1058,125,21.038933,8579,2021-06-28 16:55:35,52.243008,09
1059,731,20.9262283,8583,2021-06-28 16:55:29,52.3858633,5
1060,269,21.041769,8584,2021-06-28 16:55:31,52.293253,02
1061,269,21.0489333,8585,2021-06-28 16:55:25,52.2763883,03
1062,514,21.243785,8586,2021-06-28 16:55:31,52.24863,2
1063,523,21.115558,8587,2021-06-28 08:55:25,52.233753,3
1064,145,21.1164767,8588,2021-06-28 16:55:34,52.2756633,016
1065,514,21.015578,8589,2021-06-28 16:55:34,52.21925,4
1066,502,21.068719,8590,2021-06-28 16:55:35,52.230044,3
1067,507,21.1023583,8592,2021-06-28 16:55:31,52.221985,2
1068,145,21.127068,8593,2021-06-28 16:55:30,52.25753,10
1069,138,21.003273,8595,2021-06-28 16:55:39,52.170576,8
1070,186,20.9709071,8801,2021-06-28 16:55:34,52.206014,11
1071,185,21.0505081,8802,2021-06-28 16:55:34,52.200762,1
1072,727,20.9437611,8803,2021-06-28 16:55:36,52.036801,1
1073,217,21.072884,8804,2021-06-28 16:55:27,52.159615,3
1074,185,21.0219181,8805,2021-06-28 16:55:35,52.1426291,4
1075,402,21.1389826,8806,2021-06-28 16:55:25,52.2379583,8
1076,131,21.0723451,8808,2021-06-28 16:55:35,52.1791055,3
1077,709,21.0174366,8809,2021-06-28 16:55:27,52.1468166,2
1078,174,20.9996191,8810,2021-06-28 16:55:35,52.2314785,1
1079,165,20.9989835,8811,2021-06-28 16:55:35,52.171928,3
1080,167,20.9397371,8812,2021-06-28 16:55:33,52.2354286,011
1081,402,21.1174981,8813,2021-06-28 16:55:18,52.2301828,1
1082,167,20.9660995,8814,2021-06-28 16:55:29,52.214812,2
1083,167,21.0312251,8816,2021-06-28 16:55:38,52.2070043,3
1084,308,21.020476,8817,2021-06-28 16:55:34,52.189638,03
1085,504,21.041881,8818,2021-06-28 16:55:30,52.148161,9
1086,331,20.993831,8819,2021-06-28 16:55:35,52.1563986,04
1087,522,21.037548,8820,2021-06-28 16:55:39,52.199399,014
1088,174,20.9961446,8821,2021-06-28 16:55:34,52.169891,08
1089,174,21.0080336,8822,2021-06-28 16:55:34,52.1712113,5
1090,522,21.0151491,8823,2021-06-28 16:55:30,52.2240485,015
1091,709,21.023592,8825,2021-06-28 16:55:33,52.0750771,012
1092,504,21.0687366,8826,2021-06-28 16:55:30,52.1289553,8
1093,143,21.154107,8828,2021-06-28 16:55:26,52.2601106,4
1094,509,21.0789246,8829,2021-06-28 16:55:28,52.2260626,4
1095,523,21.0648628,8830,2021-06-28 16:55:30,52.2289716,11
1096,125,21.0761071,8831,2021-06-28 16:55:36,52.2456925,5
1097,171,20.9204386,8832,2021-06-28 16:55:35,52.257055,7
1098,141,21.0963828,8833,2021-06-28 16:55:33,52.2436593,9
1099,704,21.3318293,8834,2021-06-28 16:55:35,52.213169,2
1100,521,20.9880303,8835,2021-06-28 16:55:23,52.2243073,5
1101,182,20.9837221,8837,2021-06-28 16:55:37,52.216106,6
1102,182,20.987919,8838,2021-06-28 16:55:19,52.216406,010
1103,704,21.128043,8839,2021-06-28 16:55:26,52.233691,1
1104,185,21.0231126,8840,2021-06-28 16:55:31,52.1428673,5
1105,125,21.0709948,8841,2021-06-28 16:55:31,52.2461503,6
1106,521,21.015118,8843,2021-06-28 16:55:30,52.230673,3
1107,185,21.0442306,8844,2021-06-28 16:55:30,52.1741308,2
1108,402,20.993331,8845,2021-06-28 16:55:33,52.17877,013
1109,143,21.169392,8846,2021-06-28 16:55:34,52.2641735,3
1110,143,21.041549,8847,2021-06-28 16:55:35,52.223718,6
1111,125,21.163008,8849,2021-06-28 16:55:34,52.221501,3
1112,521,21.1284751,8850,2021-06-28 16:55:27,52.2335973,6
1113,523,21.091763,8851,2021-06-28 16:55:30,52.249858,019
1114,141,20.9919955,8852,2021-06-28 16:55:29,52.1968343,3
1115,125,21.0960581,8853,2021-06-28 16:55:32,52.243762,7
1116,509,21.003553,8854,2021-06-28 16:55:25,52.289608,8
1117,402,21.040376,8855,2021-06-28 16:55:34,52.171259,6
1118,512,21.0387271,8856,2021-06-28 16:55:35,52.2515816,1
1119,509,21.021869,8857,2021-06-28 16:55:27,52.262803,12
1120,169,21.033141,8858,2021-06-28 16:55:32,52.297366,1
1121,112,20.984136,8859,2021-06-28 16:55:36,52.282113,4
1122,512,21.0608641,8861,2021-06-28 16:55:36,52.2694426,4
1123,412,21.0516588,8862,2021-06-28 16:55:29,52.2527693,04
1124,738,21.1028513,8864,2021-06-28 16:55:34,52.320224,05
1125,500,21.0459893,8865,2021-06-28 10:43:17,52.2651186,08
1126,169,21.0418645,8866,2021-06-28 16:55:38,52.3000928,5
1127,162,21.0300486,8867,2021-06-28 16:55:29,52.2478413,1
1128,190,20.9151688,8868,2021-06-28 16:55:30,52.231843,5
1129,190,21.0020538,8869,2021-06-28 16:55:39,52.2447455,023
1130,190,21.0670891,8871,2021-06-28 16:55:29,52.2770746,025
1131,190,21.084979,8872,2021-06-28 16:55:34,52.3051798,026
1132,738,21.126555,8873,2021-06-28 16:55:33,52.349239,06
1133,500,21.041621,8874,2021-06-28 16:55:36,52.3003646,3
1134,190,20.9149641,8875,2021-06-28 16:55:34,52.2342916,4
1135,162,21.0278858,8876,2021-06-28 16:55:28,52.2360236,3
1136,512,21.0736241,8878,2021-06-28 16:55:33,52.2847021,06
1137,509,21.0617063,8879,2021-06-28 16:55:32,52.2310023,1
1138,709,20.996574,8880,2021-06-25 18:58:33,52.18762,016
1139,186,20.9560836,8881,2021-06-28 16:55:35,52.2347643,014
1140,165,21.0125971,8882,2021-06-28 16:55:34,52.179584,2
1141,175,20.984311,8883,2021-06-28 16:55:37,52.1989996,64
1142,180,20.957989,8885,2021-06-28 16:55:32,52.260508,5
1143,167,21.083016,8886,2021-06-28 16:55:25,52.208286,5
1144,189,21.0564828,8887,2021-06-28 16:55:35,52.1820731,021
1145,128,21.0154115,8888,2021-06-28 16:55:29,52.2420278,61
1146,504,21.0330738,8891,2021-06-28 16:55:33,52.1498971,012
1147,165,20.995184,8892,2021-06-28 16:55:30,52.156295,1
1148,180,20.925029,8893,2021-06-28 16:55:34,52.272424,53
1149,217,21.0717803,8894,2021-06-28 16:55:22,52.1610688,05
1150,136,21.013546,8895,2021-06-28 16:55:33,52.1677155,015
1151,174,21.0118071,8896,2021-06-28 16:55:29,52.1999156,07
1152,180,20.9806448,8897,2021-06-28 16:55:32,52.2522851,015
1153,167,21.0305593,8898,2021-06-28 16:55:36,52.2067663,7
1154,504,20.9933678,8899,2021-06-28 16:55:29,52.180159,6
1155,161,21.188087,9061,2021-06-28 16:55:36,52.183922,2
1156,161,21.172184,9063,2021-06-28 16:55:36,52.180096,3
1157,262,21.064686,9064,2021-06-28 16:55:36,52.273685,03
1158,314,21.038773,9065,2021-06-28 16:55:34,52.35236,04
1159,314,20.951469,9066,2021-06-28 16:55:36,52.316765,02
1160,104,21.003374,9068,2021-06-28 16:55:35,52.290874,2
1161,161,21.224789,9070,2021-06-28 16:55:35,52.186665,1
1162,225,21.170267,9071,2021-06-28 16:55:38,52.276878,2
1163,225,21.102573,9074,2021-06-28 16:55:38,52.222733,4
1164,225,21.12705,9075,2021-06-28 16:55:39,52.257931,3
1165,211,20.964903,9077,2021-06-28 16:55:39,52.313084,08
1166,314,20.974569,9078,2021-06-28 16:55:35,52.316994,01
1167,262,21.087862,9080,2021-06-28 16:55:36,52.286549,1
1168,104,21.03068,9081,2021-06-28 16:55:38,52.29895,1
1169,314,21.028788,9082,2021-06-28 16:55:35,52.312439,03
1170,262,21.067307,9083,2021-06-28 16:55:37,52.277344,2
1171,225,21.096949,9088,2021-06-28 16:55:38,52.233795,1
1172,211,20.9942552,9090,2021-06-28 16:55:39,52.2988191,2
1173,211,20.987421,9091,2021-06-28 16:55:36,52.302597,07
1174,305,21.134556,9093,2021-06-28 16:55:38,52.201111,1
1175,900,20.95393,9094,2021-06-28 16:55:34,52.358311,1
1176,133,20.952299,9201,2021-06-28 16:55:38,52.316902,2
1177,207,20.903208,9202,2021-06-28 16:55:33,52.189411,03
1178,164,21.122991,9203,2021-06-28 16:55:33,52.156241,05
1179,133,20.947324,9204,2021-06-28 16:55:37,52.324818,1
1180,809,21.038109,9205,2021-06-28 16:55:38,52.154377,51
1181,809,20.992804,9206,2021-06-28 16:55:36,52.109783,52
1182,809,21.038486,9208,2021-06-28 16:55:36,52.153732,54
1183,211,20.948328,9209,2021-06-28 16:55:36,52.331974,4
1184,209,21.008179,9212,2021-06-28 16:55:36,52.123722,53
1185,211,20.942506,9213,2021-06-28 16:55:37,52.34173,6
1186,219,21.14431,9215,2021-06-28 16:55:37,52.18634,3
1187,208,20.975601,9216,2021-06-28 16:55:39,52.210259,1
1188,239,21.013624,9218,2021-06-28 16:55:37,52.145061,057
1189,234,21.067265,9219,2021-06-28 16:55:33,52.341923,2
1190,203,20.930864,9220,2021-06-28 16:55:37,52.29055,1
1191,211,20.955057,9223,2021-06-28 16:55:33,52.330143,1
1192,201,20.928814,9224,2021-06-28 16:55:33,52.263447,3
1193,208,20.975531,9225,2021-06-28 16:55:37,52.210228,04
1194,208,20.945162,9226,2021-06-28 16:55:33,52.206768,05
1195,208,20.961832,9227,2021-06-28 16:55:35,52.215763,2
1196,219,21.140671,9228,2021-06-28 16:55:34,52.190125,2
1197,219,21.102318,9229,2021-06-28 16:55:34,52.222809,1
1198,201,20.925051,9230,2021-06-28 16:55:36,52.260567,2
1199,239,21.037613,9232,2021-06-28 16:55:36,52.154095,056
1200,264,21.109571,9233,2021-06-28 16:55:34,52.129959,1
1201,203,20.922132,9234,2021-06-28 16:55:38,52.276615,2
1202,201,20.924904,9235,2021-06-28 16:55:38,52.232342,5
1203,201,20.942432,9236,2021-06-28 16:55:37,52.245811,4
1204,209,21.017557,9237,2021-06-28 16:55:36,52.14064,055
1205,208,20.968782,9238,2021-06-28 16:55:34,52.202499,03
1206,207,20.87624,9239,2021-06-28 16:55:35,52.188969,02
1207,177,20.893972,9240,2021-06-28 16:55:18,52.192459,1
1208,133,20.97159,9241,2021-06-28 16:55:35,52.35017,3
1209,201,20.944569,9242,2021-06-28 16:55:38,52.239105,06
1210,211,20.942844,9243,2021-06-28 16:55:34,52.348694,5
1211,207,20.883682,9244,2021-06-28 16:55:36,52.195446,01
1212,211,20.95875,9245,2021-06-28 16:55:35,52.313698,3
1213,201,20.930517,9247,2021-06-28 16:55:33,52.258595,1
1214,164,21.070265,9250,2021-06-28 16:55:34,52.169365,3
1215,164,21.061714,9251,2021-06-28 16:55:36,52.176006,2
1216,164,21.138226,9252,2021-06-28 16:55:35,52.145859,1
1217,211,20.941429,9254,2021-06-28 16:55:34,52.355396,09
1218,199,21.113153,9301,2021-06-28 16:55:38,52.292049,06
1219,739,21.017233,9302,2021-06-28 16:55:37,52.160206,2
1220,739,21.017666,9304,2021-06-28 16:55:38,52.158535,3
1221,179,21.056477,9311,2021-06-28 15:55:38,52.139462,10
1222,123,21.051151,9312,2021-06-28 16:55:35,52.252617,08
1223,179,21.068584,9313,2021-06-28 16:55:37,52.128944,11
1224,153,21.151865,9314,2021-06-28 16:55:38,52.271103,2
1225,179,21.056524,9315,2021-06-28 16:55:35,52.152309,2
1226,135,21.045729,9316,2021-06-28 16:55:39,52.261559,3
1227,135,21.04574,9317,2021-06-28 16:55:38,52.247726,6
1228,135,21.026958,9318,2021-06-28 16:55:34,52.259743,2
1229,135,21.03548,9319,2021-06-28 16:55:39,52.253735,1
1230,179,21.035095,9320,2021-06-28 16:55:39,52.155739,4
1231,179,21.036936,9321,2021-06-28 16:55:38,52.162071,5
1232,123,21.097357,9322,2021-06-28 16:55:33,52.234657,5
1233,135,21.068813,9323,2021-06-28 16:55:34,52.246334,07
1234,179,21.050156,9324,2021-06-28 16:55:37,52.155064,9
1235,179,21.054073,9325,2021-06-28 16:55:38,52.133522,51
1236,256,21.052164,9326,2021-06-28 16:55:35,52.292946,2
1237,142,21.13378,9327,2021-06-28 16:55:32,52.207027,3
1238,179,21.033939,9328,2021-06-28 16:55:32,52.14426,8
1239,153,21.177284,9329,2021-06-28 16:55:37,52.256893,04
1240,123,21.0773959,9331,2021-06-28 09:44:24,52.2687066,07
1241,123,21.077486,9332,2021-06-28 15:39:21,52.268074,08
1242,142,21.210079,9333,2021-06-28 16:55:38,52.162285,5
1243,739,21.049416,9334,2021-06-28 16:55:38,52.101982,1
1244,153,21.1703,9335,2021-06-28 16:55:37,52.276928,3
1245,135,21.107096,9336,2021-06-28 16:55:33,52.248375,5
1246,739,21.0772216,9337,2021-06-28 16:55:39,52.2682297,2
1247,179,21.036386,9338,2021-06-28 16:55:34,52.162548,6
1248,256,21.081026,9339,2021-06-28 16:55:32,52.277328,1
1249,153,21.159609,9340,2021-06-28 16:55:37,52.257359,1
1250,142,21.220737,9341,2021-06-28 16:55:30,52.165222,4
1251,739,21.042704,9342,2021-06-28 16:55:35,52.098053,4
1252,256,21.053183,9343,2021-06-28 16:55:37,52.294239,4
1253,135,21.082712,9344,2021-06-28 16:55:38,52.232082,08
1254,739,21.039793,9345,2021-06-28 16:55:35,52.080559,05
1255,179,21.032393,9346,2021-06-28 16:55:35,52.154842,7
1256,135,21.097221,9347,2021-06-28 16:55:39,52.234356,4
1257,123,21.089869,9348,2021-06-28 16:55:35,52.222282,09
1258,179,21.03097,9349,2021-06-28 16:55:35,52.142002,3
1259,123,21.063023,9350,2021-06-28 16:55:40,52.228569,357
1260,142,21.136812,9351,2021-06-28 16:55:36,52.229931,1
1261,123,21.054764,9352,2021-06-28 16:55:33,52.250362,6
1262,739,21.017862,9353,2021-06-28 16:55:35,52.127052,06
1263,123,21.058878,9354,2021-06-28 16:55:37,52.250507,07
1264,199,21.13105,9355,2021-06-28 16:55:32,52.281048,05
1265,256,21.065514,9356,2021-06-28 16:55:31,52.328003,3
1266,142,21.08799,9357,2021-06-28 16:55:36,52.244648,2
1267,142,21.077633,9358,2021-06-28 16:02:28,52.267822,4
1268,256,21.080652,9359,2021-06-28 16:55:38,52.277309,5
1269,176,21.026691,9403,2021-06-28 16:55:34,52.281128,1
1270,176,20.982275,9405,2021-06-28 16:55:39,52.355564,05
1271,176,20.999477,9412,2021-06-28 16:55:35,52.316559,3
1272,197,20.942194,9413,2021-06-28 16:55:38,52.230022,012
1273,197,20.950016,9414,2021-06-28 16:55:35,52.280609,014
1274,103,20.94367,9415,2021-06-28 16:55:36,52.269039,2
1275,102,21.075459,9416,2021-06-28 16:55:34,52.242989,3
1276,157,20.976675,9417,2021-06-28 16:55:34,52.289963,7
1277,712,20.928038,9418,2021-06-28 16:55:34,52.290741,02
1278,516,20.986864,9420,2021-06-28 16:55:37,52.305077,5
1279,157,20.985306,9423,2021-06-28 16:55:36,52.220802,1
1280,103,20.968422,9424,2021-06-28 16:55:35,52.222069,4
1281,123,21.094305,9425,2021-06-28 16:55:37,52.228325,1
1282,157,20.992071,9426,2021-06-28 16:55:32,52.225731,3
1283,157,20.983921,9427,2021-06-28 16:55:38,52.247768,4
1284,157,20.984838,9428,2021-06-28 16:55:38,52.250786,9
1285,103,20.955065,9429,2021-06-28 16:55:35,52.261528,6
1286,157,20.991215,9432,2021-06-28 16:55:37,52.234097,10
1287,743,20.740406,9433,2021-06-28 16:55:36,52.230843,02
1288,176,20.988129,9434,2021-06-28 16:55:36,52.330582,04
1289,516,20.939117,9435,2021-06-28 16:55:39,52.322704,1
1290,157,20.976904,9436,2021-06-28 16:55:38,52.21727,2
1291,157,20.97529,9437,2021-06-28 16:55:38,52.289211,6
1292,197,20.931028,9438,2021-06-28 16:55:36,52.225307,011
1293,197,20.94278,9439,2021-06-28 16:55:39,52.238983,016
1294,516,20.97233,9440,2021-06-28 16:55:32,52.320797,3
1295,123,21.045404,9441,2021-06-28 16:55:36,52.248302,3
1296,103,20.968639,9442,2021-06-28 16:55:36,52.222118,5
1297,102,21.07449,9443,2021-06-28 16:55:37,52.250114,1
1298,103,20.956535,9444,2021-06-28 16:55:34,52.238308,3
1299,103,20.949537,9445,2021-06-28 16:55:37,52.280216,7
1300,103,20.949673,9446,2021-06-28 16:55:39,52.290485,1
1301,123,21.044624,9447,2021-06-28 16:55:34,52.248955,4
1302,157,20.963976,9448,2021-06-28 16:55:37,52.207962,011
1303,516,21.00099,9449,2021-06-28 16:55:35,52.291183,4
1304,102,21.001902,9450,2021-06-28 16:55:37,52.234585,2
1305,157,20.99217,9451,2021-06-28 16:55:36,52.262444,5
1306,157,20.987217,9452,2021-06-28 16:55:34,52.267948,8
1307,176,20.982153,9453,2021-06-28 16:55:34,52.355667,2
1308,197,20.945583,9454,2021-06-28 16:55:37,52.266037,015
1309,712,20.856169,9455,2021-06-28 16:55:37,52.263687,1
1310,743,20.897226,9456,2021-06-28 16:55:39,52.220413,1
1311,197,20.930841,9457,2021-06-28 16:55:36,52.255032,013
1312,103,20.92705,9458,2021-06-28 16:55:36,52.290161,8
1313,194,20.929365,9501,2021-06-28 16:55:35,52.223218333,5
1314,707,20.900664167,9502,2021-06-28 16:55:37,52.099464833,1
1315,159,21.067787167,9503,2021-06-28 16:55:37,52.192005333,1
1316,103,20.967347333,9505,2021-06-28 16:55:35,52.227948667,09
1317,103,20.927916167,9506,2021-06-28 16:55:35,52.289848667,011
1318,220,20.923710333,9509,2021-06-28 16:55:35,52.260574833,3
1319,194,20.907267333,9510,2021-06-28 16:55:39,52.207162833,06
1320,737,20.956585333,9511,2021-06-28 16:55:32,52.068265333,56
1321,220,20.897409,9513,2021-06-28 16:55:37,52.221510167,5
1322,715,20.936376833,9514,2021-06-28 16:55:35,52.149629333,53
1323,181,20.972013833,9515,2021-06-28 16:55:38,52.282818167,2
1324,737,20.967240667,9516,2021-06-28 16:55:39,52.0791165,54
1325,149,20.9402615,9518,2021-06-28 16:55:35,52.246617667,06
1326,149,20.897458833,9519,2021-06-28 16:55:35,52.239408667,2
1327,159,21.035862333,9520,2021-06-28 16:55:36,52.222172333,8
1328,715,21.036895667,9521,2021-06-28 16:55:38,52.161986,1
1329,220,20.897777667,9522,2021-06-28 16:55:36,52.246499167,4
1330,220,20.914565333,9523,2021-06-28 16:55:35,52.2527665,07
1331,220,20.896305333,9524,2021-06-28 16:55:39,52.238511667,2
1332,194,20.878529167,9525,2021-06-28 16:55:35,52.195837333,3
1333,181,20.899912167,9526,2021-06-28 16:55:32,52.297171833,1
1334,715,20.931642833,9528,2021-06-28 16:55:36,52.164584667,058
1335,715,21.018037333,9529,2021-06-28 16:55:35,52.1362085,52
1336,707,20.916031,9530,2021-06-28 16:55:30,52.097315667,03
1337,159,20.988679,9531,2021-06-28 16:55:36,52.224190167,4
1338,194,20.888411167,9532,2021-06-28 16:55:34,52.197769667,1
1339,181,20.926744833,9533,2021-06-28 16:55:36,52.3088885,4
1340,181,20.974724333,9534,2021-06-28 16:55:39,52.2791125,3
1341,159,20.992150167,9535,2021-06-28 16:55:38,52.225592,7
1342,159,20.961803333,9537,2021-06-28 16:55:37,52.216735,6
1343,737,21.035690833,9539,2021-06-28 16:55:35,52.1622455,059
1344,220,20.916925,9540,2021-06-28 16:55:36,52.1754245,1
1345,220,20.9437545,9542,2021-06-28 16:55:36,52.175678667,6
1346,737,21.034153667,9544,2021-06-28 16:55:39,52.1563285,07
1347,220,20.900627667,9545,2021-06-28 16:55:37,52.190278167,08
1348,149,20.947958667,9546,2021-06-28 16:55:32,52.243596667,5
1349,220,20.900395333,9548,2021-06-28 16:55:39,52.2000995,09
1350,149,20.949145167,9550,2021-06-28 16:55:35,52.240552,1
1351,715,21.005000667,9551,2021-06-28 16:55:35,52.110267667,55
1352,149,20.874186833,9552,2021-06-28 16:55:30,52.248954833,3
1353,194,20.929762833,9554,2021-06-28 16:55:39,52.225193833,07
1354,194,20.867643333,9555,2021-06-28 16:55:37,52.2033015,2
1355,159,21.033081833,9556,2021-06-28 16:55:39,52.222044833,3
1356,149,20.8967855,9557,2021-06-28 16:55:39,52.241067167,4
1357,194,20.930733833,9558,2021-06-28 16:55:39,52.225103167,4
1358,159,20.954822667,9560,2021-06-28 16:55:36,52.2120525,5
1359,159,21.051148167,9561,2021-06-28 16:55:38,52.197751333,2
1360,118,21.025059,9671,2021-06-28 16:55:35,52.229984,2
1361,118,21.012281,9672,2021-06-28 16:55:38,52.254185,5
1362,326,21.028448,9673,2021-06-28 16:55:35,52.355099,04
1363,118,21.02615,9674,2021-06-28 16:55:35,52.297623,8
1364,152,21.031815,9676,2021-06-28 16:55:33,52.326214,5
1365,212,21.062176,9677,2021-06-28 16:55:31,52.278427,06
1366,118,21.041357,9678,2021-06-28 16:55:38,52.30011,7
1367,118,21.019577,9679,2021-06-28 16:55:30,52.24612,1
1368,326,21.028978,9680,2021-06-28 16:55:33,52.355804,02
1369,152,20.964247,9681,2021-06-28 16:55:32,52.318111,2
1370,212,21.066397,9682,2021-06-28 16:55:33,52.277191,5
1371,152,20.994509,9683,2021-06-28 16:55:36,52.343082,4
1372,212,21.047022,9684,2021-06-28 16:55:35,52.270451,1
1373,212,21.027113,9685,2021-06-28 16:55:35,52.259636,2
1374,326,20.98494,9686,2021-06-28 16:55:34,52.282375,05
1375,326,21.061884,9688,2021-06-28 16:55:31,52.361687,03
1376,118,21.034426,9689,2021-06-28 16:55:39,52.234337,4
1377,212,21.037743,9690,2021-06-28 16:55:31,52.26693,3
1378,326,20.966576,9692,2021-06-28 16:55:34,52.273418,01
1379,212,21.057152,9693,2021-06-28 16:55:34,52.301838,4
1380,152,20.984999,9695,2021-06-28 16:55:33,52.334183,1
1381,118,21.033232,9696,2021-06-28 16:55:33,52.297813,6
1382,118,21.015638,9697,2021-06-28 16:55:36,52.222488,3
1383,152,20.966843,9698,2021-06-28 16:55:33,52.331833,3
1384,525,21.161568,9802,2021-06-28 16:55:35,52.225327,1
1385,184,20.9531,9803,2021-06-28 16:55:37,52.227844,069
1386,127,21.02945,9804,2021-06-28 16:55:38,52.238898,56
1387,710,21.096428,9805,2021-06-28 16:55:34,52.124344,2
1388,525,21.105125,9807,2021-06-28 16:55:33,52.234055,319
1389,127,20.961702,9808,2021-06-28 16:55:33,52.216793,2
1390,109,21.020771,9809,2021-06-28 16:55:33,52.231979,07
1391,710,21.111704,9810,2021-06-28 16:55:37,52.077976,5
1392,719,20.586411,9812,2021-06-28 16:55:31,52.257603,3
1393,109,20.93158,9813,2021-06-28 16:39:15,52.240247,08
1394,Z10,20.914473,9814,2021-06-28 16:55:34,52.235718,2
1395,525,21.070442,9815,2021-06-28 16:55:37,52.230339,09
1396,742,21.066353,9816,2021-06-28 16:55:32,52.130684,1
1397,719,20.9492,9818,2021-06-28 16:55:31,52.238659,04
1398,719,20.936064,9820,2021-06-28 16:55:35,52.23978,2
1399,710,21.075022,9821,2021-06-28 16:55:31,52.133072,1
1400,525,21.196655,9822,2021-06-28 16:55:36,52.208225,010
1401,184,20.967201,9823,2021-06-28 16:55:37,52.212654,010
1402,525,21.164489,9825,2021-06-28 16:06:46,52.217367,5
1403,525,21.067202,9826,2021-06-28 16:55:35,52.229935,7
1404,185,21.043819,9827,2021-06-28 16:55:39,52.22404,8
1405,127,21.019463,9828,2021-06-28 16:55:37,52.246239,4
1406,525,21.014334,9829,2021-06-28 16:55:36,52.225689,6
1407,Z10,20.918951,9830,2021-06-28 16:55:32,52.256638,8
1408,710,21.069668,9831,2021-06-28 16:55:35,52.07795,3
1409,127,20.934713,9833,2021-06-28 16:55:34,52.201679,1
1410,525,21.015026,9834,2021-06-28 16:55:36,52.217445,4
1411,742,21.216944,9835,2021-06-28 16:55:37,51.981106,02
1412,525,21.143158,9836,2021-06-28 16:55:38,52.2271,3
1413,185,21.041275,9837,2021-06-28 16:55:37,52.231075,12
1414,525,21.196627,9838,2021-06-28 16:55:38,52.208286,2
1415,724,21.116091,9839,2021-06-28 16:55:38,52.097977,1
1416,127,21.003165,9840,2021-06-28 16:55:38,52.2277,6
1417,724,21.063755,9841,2021-06-28 16:55:32,52.084385,02
1418,127,20.935709,9843,2021-06-28 16:55:38,52.201229,7
1419,127,21.00329,9845,2021-06-28 16:55:38,52.228226,3
1420,Z10,20.914814,9846,2021-06-28 16:55:37,52.231079,6
1421,Z10,20.915688,9847,2021-06-28 16:55:37,52.228363,4
1422,109,21.00795,9849,2021-06-28 16:55:35,52.228893,6
1423,109,20.982424,9852,2021-06-28 16:55:32,52.230194,4
1424,109,20.933032,9853,2021-06-28 16:55:38,52.240226,1
1425,127,20.904902,9854,2021-06-28 16:55:38,52.207592,335
1426,186,20.975195,9901,2021-06-28 16:55:38,52.211571,1
1427,210,20.767401,9902,2021-06-28 16:55:38,52.307816,5
1428,140,21.090731,9903,2021-06-28 16:55:34,52.305492,04
1429,520,21.124414,9905,2021-06-28 16:55:36,52.232441,011
1430,520,21.056757,9906,2021-06-28 16:55:34,52.226906,3
1431,140,21.1227884,9907,2021-06-28 16:55:38,52.3448062,08
1432,140,21.111204,9908,2021-06-28 16:55:35,52.360882,09
1433,140,21.103878,9909,2021-06-28 16:55:38,52.321434,2
1434,719,20.818535,9912,2021-06-28 16:55:38,52.25222,05
1435,520,21.155981,9913,2021-06-28 16:55:36,52.240063,08
1436,520,21.015814,9914,2021-06-28 16:55:37,52.223442,09
1437,520,21.001461,9915,2021-06-28 16:55:39,52.244305,6
1438,520,21.015417,9916,2021-06-28 16:55:35,52.219471,4
1439,193,21.044426,9918,2021-06-28 16:55:35,52.167561,2
1440,193,21.036907,9919,2021-06-28 16:55:36,52.161964,3
1441,140,21.064816,9920,2021-06-28 16:55:37,52.273861,05
1442,140,21.066092,9921,2021-06-28 16:55:36,52.275837,06
1443,520,21.003159,9922,2021-06-28 16:55:31,52.242489,5
1444,193,21.045273,9923,2021-06-28 16:55:38,52.156986,4
1445,140,21.085251,9924,2021-06-28 16:55:36,52.299091,07
1446,193,20.996483,9926,2021-06-28 16:55:36,52.169861,1
1447,520,21.002134,9927,2021-06-28 16:55:37,52.243141,010
1448,140,21.052822,9928,2021-06-28 16:55:37,52.276794,3
1449,186,20.976208,9929,2021-06-28 16:55:38,52.204864,12
1450,193,21.024923,9930,2021-06-28 16:55:38,52.173355,5
1451,186,20.942177,9932,2021-06-28 16:55:35,52.334122,4
1452,520,21.13592,9933,2021-06-28 16:55:36,52.241409,2
1453,186,20.952553,9934,2021-06-28 16:55:34,52.254658,2
1454,520,21.127594,9935,2021-06-28 16:55:39,52.234699,1
1455,186,20.985538,9936,2021-06-28 16:55:38,52.306599,6
1456,520,21.098022,9937,2021-06-28 16:55:34,52.234871,7
1457,186,20.974802,9940,2021-06-28 16:55:36,52.316631,3
1458,186,20.967415,9941,2021-06-28 16:55:38,52.273296,8
1459,210,20.777552,9942,2021-06-28 16:55:36,52.303242,4
1460,109,20.898724,9943,2021-06-28 16:55:38,52.238499,2
1461,186,20.953295,9945,2021-06-28 16:55:34,52.254543,9
1462,210,20.892426,9946,2021-06-28 16:55:38,52.285122,3
1463,109,20.941347,9948,2021-06-28 16:55:33,52.239422,3
1464,210,20.870653,9949,2021-06-28 16:55:39,52.28809,1
1465,210,20.931059,9950,2021-06-28 16:53:54,52.290459,2
1466,186,20.948118,9951,2021-06-28 16:55:36,52.320644,5
1467,186,20.959103,9953,2021-06-28 16:55:38,52.221794,67
1468,140,21.134081,9954,2021-06-28 16:55:39,52.358162,1
1469,o97B,21.423098,9999,2021-06-28 14:27:55,50.302967,7
