,Lines,Lon,VehicleNumber,Time,Lat,Brigade
0,213,21.2089058,1001,2021-06-28 17:43:24,52.1827705,1
1,213,21.0942336,1003,2021-06-28 17:43:32,52.2274645,05
2,213,21.223945,1004,2021-06-28 17:43:24,52.1594165,3
3,196,21.1762135,1005,2021-06-28 17:43:22,52.2567946,2
4,196,21.169691,1008,2021-06-28 17:43:19,52.264258,03
5,213,21.1887668,1009,2021-06-28 17:43:32,52.1498815,4
6,213,21.1423126,1010,2021-06-28 17:43:24,52.2141861,2
7,311,21.1023916,1012,2021-06-28 17:43:23,52.2224328,1
8,196,21.171696,1014,2021-06-28 17:43:27,52.26182,1
9,311,21.0750835,1015,2021-06-28 17:43:26,52.2451681,2
10,365,21.023569,1021,2021-06-28 17:43:30,52.179905,01
11,107,21.0167049,1023,2021-06-28 17:43:30,52.230332,3
12,163,21.0486644,1025,2021-06-28 17:43:30,52.1777992,2
13,107,20.979345,1026,2021-06-28 17:43:28,52.244568,5
14,108,21.0355442,1027,2021-06-28 17:43:30,52.2227245,1
15,108,21.082357,1028,2021-06-28 17:43:28,52.188625,5
16,108,21.035738,1029,2021-06-28 17:43:27,52.221886,6
17,365,20.9924532,1031,2021-06-28 17:43:30,52.1713507,02
18,108,21.044016,1033,2021-06-28 17:43:30,52.175888,4
19,163,21.083954,1034,2021-06-28 17:43:31,52.167923,1
20,192,21.068531,1037,2021-06-28 17:43:30,52.129169,7
21,108,21.034596,1038,2021-06-28 17:43:12,52.176943,3
22,365,21.004,1039,2021-06-28 17:43:27,52.178101,03
23,107,21.001311,1040,2021-06-28 17:43:30,52.244193,6
24,107,21.049884,1042,2021-06-28 17:43:12,52.201411,2
25,107,21.016005,1043,2021-06-28 17:43:28,52.2315667,07
26,107,20.997524,1045,2021-06-28 17:43:20,52.246891,4
27,204,21.060276,1046,2021-06-28 17:43:17,52.315131,05
28,204,21.022774,1047,2021-06-28 17:43:29,52.285268,1
29,204,21.023165,1048,2021-06-28 17:43:19,52.2772133,04
30,228,20.904631,1050,2021-06-28 17:43:20,52.203148,1
31,228,20.923756,1051,2021-06-28 17:43:29,52.205063,2
32,328,20.986428,1052,2021-06-28 17:43:30,52.158738,01
33,129,20.93954,1053,2021-06-28 17:43:17,52.245951,4
34,228,20.979546,1054,2021-06-28 17:43:28,52.191868,3
35,129,20.9152333,1055,2021-06-28 17:43:28,52.228985,3
36,328,20.943591,1058,2021-06-28 17:43:23,52.202993,02
37,129,20.914619,1059,2021-06-28 17:43:18,52.215006,1
38,328,20.994667,1061,2021-06-28 17:43:30,52.150925,03
39,192,21.035622,1062,2021-06-28 17:43:31,52.151608,51
40,192,21.046993,1064,2021-06-28 17:43:31,52.152187,2
41,163,21.1033576,1065,2021-06-28 17:43:30,52.1785225,04
42,107,21.046326,1066,2021-06-28 17:43:29,52.215469,1
43,163,21.10639,1068,2021-06-28 17:43:30,52.161831,3
44,192,21.0241344,1069,2021-06-28 17:43:31,52.1799184,4
45,163,21.056028,1070,2021-06-28 17:43:31,52.181591,05
46,192,21.0508255,1074,2021-06-28 17:43:30,52.1379372,6
47,108,21.0764675,1076,2021-06-28 17:43:30,52.2017465,2
48,192,21.022663,1077,2021-06-28 17:43:30,52.179379,3
49,192,21.0748845,1079,2021-06-28 17:43:30,52.1336154,1
50,736,21.0005273,1101,2021-06-28 17:43:20,52.2929616,02
51,132,20.9666543,1109,2021-06-28 17:43:24,52.2733658,2
52,303,20.9000663,1112,2021-06-28 17:43:25,52.2973023,3
53,147,21.1018323,1113,2021-06-28 17:43:20,52.2144203,06
54,152,20.952423,1114,2021-06-28 17:43:15,52.317061,06
55,166,21.036378,1115,2021-06-28 17:43:28,52.2362846,09
56,132,21.0683075,1116,2021-06-28 17:43:24,52.323777,3
57,122,20.9716343,1117,2021-06-28 17:43:25,52.2641235,09
58,197,20.8951631,1118,2021-06-28 17:43:28,52.2165481,7
59,126,21.0010583,1119,2021-06-28 17:43:28,52.3133286,3
60,168,20.9958644,1200,2021-06-28 17:43:30,52.1933164,2
61,119,21.000603,1202,2021-06-28 17:43:29,52.202045,1
62,178,20.9572634,1203,2021-06-28 17:43:30,52.2254992,2
63,178,20.9462992,1204,2021-06-28 17:43:28,52.2079559,5
64,168,21.030458,1205,2021-06-28 17:43:31,52.206764,6
65,166,21.027069,1206,2021-06-28 17:43:23,52.260041,1
66,166,21.0682509,1208,2021-06-28 17:43:30,52.1293471,5
67,222,21.012648,1211,2021-06-28 17:43:31,52.246265,4
68,174,20.9976292,1212,2021-06-28 17:43:30,52.1696534,371
69,174,21.014177,1213,2021-06-28 17:43:29,52.194733,3
70,218,21.002163,1214,2021-06-28 17:43:31,52.178974,5
71,166,21.04611,1216,2021-06-28 17:43:30,52.190746,7
72,168,21.0906416,1218,2021-06-28 17:43:31,52.2213395,5
73,119,21.1526224,1220,2021-06-28 17:43:31,52.2140276,5
74,122,20.941381,1400,2021-06-28 17:43:12,52.269538,012
75,121,20.956185,1401,2021-06-28 17:43:20,52.283299,04
76,134,21.0030708,1403,2021-06-28 17:43:26,52.2907655,1
77,110,20.96856,1407,2021-06-28 17:43:24,52.2721606,05
78,240,21.116205,1408,2021-06-28 17:43:18,52.336758,4
79,173,21.05291,1411,2021-06-28 17:43:24,52.250315,5
80,117,21.005081,1412,2021-06-28 17:43:31,52.229633,1
81,702,21.247852,1413,2021-06-28 17:43:31,52.101028,2
82,168,20.995731,1415,2021-06-28 17:43:31,52.192982,1
83,202,21.041939,1416,2021-06-28 17:43:30,52.242081,04
84,183,21.104515,1418,2021-06-28 17:43:31,52.242008,6
85,147,21.0626,1419,2021-06-28 17:43:30,52.2293,2
86,199,21.1797189,1422,2021-06-28 17:43:31,52.2691937,4
87,198,21.2218,1423,2021-06-28 17:43:31,52.2363,05
88,173,21.0567616,1424,2021-06-28 17:43:28,52.2500019,6
89,115,21.219645,1425,2021-06-28 17:43:30,52.1572371,4
90,173,21.204281,1426,2021-06-28 17:43:28,52.247459,8
91,147,21.069151,1427,2021-06-28 17:43:31,52.225487,4
92,146,21.044493,1428,2021-06-28 17:43:30,52.237286,2
93,142,21.088259,1430,2021-06-28 17:43:26,52.244656,06
94,L41,20.934372,14422,2021-06-28 17:43:28,52.374939,1
95,L10,20.945272,14423,2021-06-28 17:41:34,52.437885,1
96,L11,20.94453,14424,2021-06-28 17:43:29,52.458439,1
97,L10,20.943514,14425,2021-06-28 17:43:26,52.399605,50
98,L-8,20.945215,14426,2021-06-28 14:51:54,52.437912,1
99,L41,20.74646,14427,2021-06-28 17:43:22,52.41684,02
100,L11,20.934416,14429,2021-06-28 17:43:28,52.397579,57
101,L34,20.847353,14430,2021-06-28 17:01:01,52.441017,2
102,L34,20.879049,14431,2021-06-28 17:43:28,52.429516,1
103,L11,20.728493,14432,2021-06-28 17:43:32,52.430916,51
104,L-8,20.926111,14434,2021-06-28 17:43:31,52.396904,02
105,L-8,21.083557,14435,2021-06-28 17:43:28,52.423351,1
106,L49,20.918152,14436,2021-06-28 17:43:29,52.377506,1
107,L31,21.030643,14438,2021-06-28 17:43:31,52.430779,1
108,L-9,20.937572,14439,2021-06-28 17:43:33,52.394588,054
109,L-9,20.914818,14440,2021-06-28 17:21:52,52.474335,055
110,134,21.047264,1500,2021-06-28 17:43:15,52.335516,04
111,134,21.0137201,1501,2021-06-28 17:43:25,52.2936748,3
112,110,20.9114211,1502,2021-06-28 17:43:24,52.2836126,2
113,240,21.1158126,1505,2021-06-28 17:43:22,52.3360041,06
114,132,20.968621,1506,2021-06-28 17:43:21,52.271993,07
115,134,21.053175,1507,2021-06-28 17:43:21,52.3581693,2
116,126,21.0558723,1508,2021-06-28 17:43:26,52.2974273,5
117,132,20.9699273,1509,2021-06-28 17:43:27,52.2749191,05
118,166,21.0632268,1510,2021-06-28 17:43:26,52.1453885,6
119,126,21.0520978,1513,2021-06-28 17:43:31,52.2929705,4
120,197,20.8625908,1514,2021-06-28 17:43:26,52.190247,6
121,197,20.943016,1515,2021-06-28 17:43:28,52.239252,8
122,121,20.9333775,1516,2021-06-28 17:43:18,52.2886135,1
123,173,21.22934,1519,2021-06-28 17:43:19,52.216596,10
124,202,21.07554,1521,2021-06-28 17:43:13,52.250243,07
125,202,21.128885,1522,2021-06-28 17:43:16,52.240099,3
126,146,21.204738,1523,2021-06-28 17:43:15,52.159496,08
127,730,21.224595,1524,2021-06-28 17:43:27,52.2238067,052
128,119,21.150996,1525,2021-06-28 17:43:29,52.214075,06
129,147,21.24316,1526,2021-06-28 17:43:26,52.2207367,09
130,198,21.242875,1528,2021-06-28 17:43:15,52.217683,3
131,702,21.0878083,1530,2021-06-28 17:43:12,52.2446867,03
132,198,21.2432467,1531,2021-06-28 17:43:31,52.221735,2
133,115,21.167934,1533,2021-06-28 17:43:17,52.263726,2
134,142,21.135545,1534,2021-06-28 17:43:24,52.197234,07
135,198,21.223641,1535,2021-06-28 17:43:27,52.253871,1
136,106,21.020406,1537,2021-06-28 17:43:19,52.236856,4
137,170,21.042461,1538,2021-06-28 17:43:28,52.253978,4
138,120,21.0503633,1539,2021-06-28 17:43:20,52.3403867,1
139,199,21.123268,1540,2021-06-28 17:43:20,52.279078,1
140,156,21.05211,1541,2021-06-28 17:43:23,52.252995,1
141,170,21.021918,1542,2021-06-28 17:43:28,52.262324,1
142,156,20.927961,1543,2021-06-28 17:43:25,52.290873,3
143,338,21.03709,1544,2021-06-28 17:43:25,52.256815,01
144,122,20.97644,1546,2021-06-28 17:43:20,52.289863,013
145,338,21.0735783,1548,2021-06-28 17:43:18,52.267095,04
146,199,21.054606,1549,2021-06-28 17:43:16,52.275596,2
147,170,21.088345,1550,2021-06-28 17:43:26,52.2743117,3
148,240,21.0599433,1551,2021-06-28 17:43:16,52.30494,3
149,221,20.994125,1552,2021-06-28 17:43:27,52.2594633,2
150,106,21.0114033,1554,2021-06-28 17:43:19,52.23965,06
151,L-4,20.894661,17451,2021-06-28 17:43:28,52.054432,1
152,L26,21.152653,17452,2021-06-28 17:43:26,52.310833,02
153,L37,21.217834,17453,2021-06-28 17:30:49,52.31118,1
154,L40,21.241701,17454,2021-06-28 17:42:52,52.347198,1
155,L36,21.225838,17456,2021-06-28 17:43:27,52.347363,1
156,L35,21.333317,17458,2021-06-28 17:30:47,52.363667,1
157,L26,21.217581,17460,2021-06-28 17:43:33,52.332359,1
158,L46,21.148438,17461,2021-06-28 17:43:23,52.315624,1
159,L43,21.148352,17462,2021-06-28 17:43:29,52.312515,1
160,L45,21.141743,17464,2021-06-28 17:43:27,52.360855,02
161,L45,21.107328,17465,2021-06-28 17:43:30,52.342346,1
162,L38,21.232194,17466,2021-06-28 17:43:31,52.350229,1
163,L37,21.265406,17467,2021-06-28 17:43:31,52.347691,2
164,L40,21.089188,17468,2021-06-28 17:43:28,52.332684,02
165,197,20.9074916,1800,2021-06-28 17:43:27,52.2179571,4
166,110,20.8862841,1801,2021-06-28 17:43:27,52.2859705,4
167,132,21.0494688,1802,2021-06-28 17:43:25,52.3214176,1
168,166,21.0310373,1803,2021-06-28 17:43:24,52.2609858,8
169,122,20.9643903,1804,2021-06-28 17:43:30,52.2602228,5
170,173,21.0554231,1805,2021-06-28 17:43:24,52.250236,4
171,204,21.0501936,1806,2021-06-28 17:43:20,52.3179115,3
172,122,20.8977871,1807,2021-06-28 17:43:26,52.2571311,4
173,303,20.9605256,1808,2021-06-28 17:43:26,52.267651,1
174,147,21.172529,1809,2021-06-28 17:43:25,52.2057121,1
175,166,21.0375185,1810,2021-06-28 17:43:25,52.2339228,2
176,152,21.043346,1811,2021-06-28 10:10:53,52.266126,06
177,204,21.0307216,1812,2021-06-28 17:43:22,52.3007051,2
178,736,20.952149,1813,2021-06-28 17:43:14,52.402864,1
179,147,21.052423,1814,2021-06-28 17:43:28,52.250268,07
180,240,20.9999243,1815,2021-06-28 17:43:23,52.2916658,2
181,197,20.945341,1817,2021-06-28 17:43:29,52.265798,9
182,240,21.004934,1818,2021-06-28 17:43:22,52.2908846,05
183,221,20.973603,1819,2021-06-28 17:43:23,52.259226,1
184,117,21.055884,1823,2021-06-28 17:43:20,52.231315,05
185,146,21.2128488,1826,2021-06-28 17:43:26,52.1595281,4
186,183,21.1432296,1828,2021-06-28 17:43:21,52.2482406,3
187,147,21.1873195,1829,2021-06-28 17:43:25,52.20701,5
188,722,21.2959211,1830,2021-06-28 17:43:25,52.1667445,1
189,147,21.1169918,1832,2021-06-28 09:25:20,52.2330478,09
190,146,21.0796825,1833,2021-06-28 17:43:22,52.2213461,5
191,202,21.116848,1834,2021-06-28 09:35:30,52.233074,04
192,115,21.14982,1835,2021-06-28 17:43:27,52.2387228,3
193,168,21.0162128,1837,2021-06-28 17:43:26,52.2089971,07
194,183,21.1576388,1839,2021-06-28 17:43:25,52.2564078,1
195,202,21.0519571,1840,2021-06-28 17:43:26,52.2477486,05
196,146,21.101181,1842,2021-06-28 17:43:26,52.215119,07
197,183,21.19181,1843,2021-06-28 17:43:14,52.238731,2
198,119,21.062538,1844,2021-06-28 17:43:17,52.202416,3
199,115,21.224321,1846,2021-06-28 17:43:26,52.15896,5
200,730,21.3019531,1847,2021-06-28 17:43:24,52.182628,61
201,119,21.2055686,1848,2021-06-28 17:43:24,52.2100691,4
202,173,21.251115,1849,2021-06-28 17:43:23,52.232314,9
203,183,21.1017083,1850,2021-06-28 17:43:26,52.2424438,4
204,173,21.2397823,1851,2021-06-28 17:43:23,52.2497283,1
205,722,21.244528,1854,2021-06-28 17:43:18,52.222941,53
206,147,21.0523535,1855,2021-06-28 17:43:29,52.2502955,3
207,146,21.0525811,1856,2021-06-28 17:43:18,52.2503325,1
208,117,21.1017845,1857,2021-06-28 17:43:09,52.2228455,2
209,115,21.170244,1858,2021-06-28 17:43:24,52.2770566,1
210,146,21.160268,1859,2021-06-28 17:43:27,52.164403,09
211,115,21.1428555,1860,2021-06-28 17:43:25,52.2372585,6
212,119,21.0073685,1862,2021-06-28 17:43:32,52.2099168,2
213,173,21.110369,1863,2021-06-28 17:43:20,52.240743,3
214,146,21.157431,1866,2021-06-28 17:43:10,52.167185,3
215,183,21.0870886,1867,2021-06-28 17:43:24,52.2447621,5
216,147,21.134713,1869,2021-06-28 17:43:23,52.199316,08
217,251,21.1253605,1903,2021-06-28 17:43:23,52.1003338,53
218,168,21.0022769,1904,2021-06-28 17:43:27,52.1963503,09
219,739,21.044613,1905,2021-06-28 17:43:30,52.085033,07
220,251,21.0229666,1906,2021-06-28 17:43:24,52.1793414,52
221,251,21.037323,1907,2021-06-28 17:43:27,52.176684,54
222,178,20.8979194,1908,2021-06-28 17:43:28,52.1883495,012
223,222,21.0177745,1909,2021-06-28 17:43:20,52.2373515,2
224,222,21.0238004,1910,2021-06-28 17:43:28,52.2014528,5
225,139,21.096266,1911,2021-06-28 17:43:32,52.142647,56
226,222,20.99585,1912,2021-06-28 17:43:31,52.193478,6
227,251,21.113338,1914,2021-06-28 17:43:28,52.106049,51
228,222,21.0050409,1916,2021-06-28 17:43:31,52.2448581,3
229,139,21.0239475,1917,2021-06-28 17:43:31,52.1796432,52
230,739,21.017439,1918,2021-06-28 17:43:28,52.14933,08
231,139,21.076097,1919,2021-06-28 17:43:30,52.168144,55
232,222,21.023941,1920,2021-06-28 17:43:27,52.19471,1
233,178,20.9598332,1991,2021-06-28 17:43:32,52.220929,010
234,178,20.884047,1993,2021-06-28 17:43:30,52.189175,1
235,168,21.112686,1994,2021-06-28 17:43:31,52.236458,08
236,178,21.002037,1995,2021-06-28 17:43:27,52.258347,3
237,178,20.883419,1996,2021-06-28 17:43:31,52.195347,6
238,178,21.009907,1998,2021-06-28 17:43:31,52.235435,4
239,178,20.98419,1999,2021-06-28 17:43:31,52.230633,013
240,105,20.9511274,2001,2021-06-28 17:43:30,52.227425,1
241,136,20.9852442,2003,2021-06-28 17:43:31,52.2017827,6
242,Z10,20.930832,2006,2021-06-28 17:43:31,52.225002,3
243,188,21.0702126,2007,2021-06-28 17:43:31,52.2308476,09
244,517,20.877544,2008,2021-06-28 17:43:32,52.198109,07
245,191,20.9658812,2009,2021-06-28 17:43:30,52.2149076,3
246,184,20.9198556,2010,2021-06-28 17:43:31,52.2572979,4
247,124,20.9319579,2011,2021-06-28 17:43:29,52.1626062,03
248,401,21.0189404,2013,2021-06-28 17:43:30,52.1734612,1
249,182,20.978188,2014,2021-06-28 17:43:30,52.217194,012
250,171,20.9271657,2015,2021-06-28 17:43:30,52.2635929,1
251,401,20.8679195,2016,2021-06-28 17:43:28,52.1914637,011
252,190,21.088507,2019,2021-06-28 17:43:31,52.3031129,014
253,191,20.902536,2020,2021-06-28 17:43:31,52.194012,7
254,401,20.861935,2021,2021-06-28 17:43:29,52.190468,5
255,522,21.0161747,2022,2021-06-28 17:43:31,52.2148792,013
256,193,21.036007,2023,2021-06-28 17:43:30,52.161972,06
257,189,21.0205634,2024,2021-06-28 17:43:30,52.1733164,14
258,401,21.026646,2026,2021-06-28 17:43:29,52.170364,8
259,522,21.0296791,2027,2021-06-28 17:43:28,52.2067467,318
260,519,21.0310137,2028,2021-06-28 17:43:30,52.2069016,3
261,501,21.002703,2029,2021-06-28 17:43:31,52.229691,3
262,189,20.8988232,2030,2021-06-28 17:43:31,52.2387531,9
263,131,21.0672867,2032,2021-06-28 17:43:30,52.1835077,10
264,522,21.076305,2033,2021-06-28 17:43:25,52.157539,07
265,189,20.918732,2035,2021-06-28 17:43:31,52.217728,12
266,519,21.069889,2036,2021-06-28 17:43:31,52.169514,5
267,501,21.0558492,2037,2021-06-28 17:43:29,52.1818087,5
268,138,21.002552,2038,2021-06-28 17:43:29,52.181511,010
269,501,21.0204422,2040,2021-06-28 17:43:30,52.2109177,2
270,189,20.896229,2041,2021-06-28 17:43:31,52.239723,8
271,138,21.1006427,2042,2021-06-28 17:43:31,52.2606634,012
272,401,20.8717799,2044,2021-06-28 17:43:30,52.1986354,012
273,172,20.9552031,2045,2021-06-28 17:43:31,52.2119451,010
274,172,20.9611147,2200,2021-06-28 17:43:30,52.2155691,4
275,523,21.01531,2201,2021-06-28 17:43:31,52.216938,14
276,187,21.031454,2202,2021-06-28 17:43:28,52.220882,3
277,136,21.021042,2203,2021-06-28 17:43:30,52.160419,1
278,Z10,20.9111721,2204,2021-06-28 17:43:30,52.2472167,010
279,171,20.9251042,2205,2021-06-28 17:43:30,52.2724999,011
280,189,20.899102,2207,2021-06-28 17:43:30,52.2387432,10
281,190,20.9152829,2209,2021-06-28 17:43:30,52.2298624,8
282,172,20.9838324,2210,2021-06-28 17:43:31,52.1987557,2
283,122,20.98554,2212,2021-06-28 17:43:30,52.280636,6
284,122,20.920696,2213,2021-06-28 17:43:30,52.256733,07
285,136,21.045078,2215,2021-06-28 17:43:31,52.149471,11
286,190,20.9228736,2216,2021-06-28 17:43:30,52.1966167,018
287,401,20.8979136,2217,2021-06-28 17:43:31,52.1957536,09
288,Z10,20.9187094,2218,2021-06-28 17:43:31,52.2563732,5
289,148,21.0491425,2221,2021-06-28 17:43:30,52.1612804,8
290,523,21.0129264,2222,2021-06-28 17:43:31,52.2170704,1
291,191,20.88674,2223,2021-06-28 17:43:31,52.189701,9
292,189,21.0447449,2224,2021-06-28 17:43:30,52.1771846,2
293,191,20.9558975,2225,2021-06-28 17:43:30,52.2142815,5
294,517,20.9138689,2226,2021-06-28 17:43:31,52.1994712,3
295,136,21.0559326,2231,2021-06-28 17:43:31,52.1475595,013
296,189,20.914118,2232,2021-06-28 17:43:30,52.229053,11
297,317,20.972511,2233,2021-06-28 17:43:30,52.182289,08
298,Z10,20.9141072,2235,2021-06-28 17:43:30,52.236571,011
299,317,21.0315762,2236,2021-06-28 17:43:31,52.1735257,4
300,187,21.0540264,2240,2021-06-28 17:43:29,52.1950634,2
301,136,21.048964,2241,2021-06-28 17:43:31,52.14769,9
302,191,20.9134624,2243,2021-06-28 17:43:31,52.1990904,1
303,171,21.030827,2244,2021-06-28 17:43:30,52.230022,4
304,Z10,20.9148694,2245,2021-06-28 17:43:30,52.2345387,9
305,717,20.840645,2247,2021-06-28 17:43:22,52.182526,3
306,317,21.0026682,2249,2021-06-28 17:43:30,52.1768106,06
307,189,20.991676,2252,2021-06-28 17:43:31,52.1803409,4
308,112,21.002953,2253,2021-06-28 17:43:30,52.290745,2
309,191,20.976048,2254,2021-06-28 17:43:31,52.211292,010
310,141,21.0054639,2256,2021-06-28 17:43:30,52.1953024,013
311,172,21.0645424,2257,2021-06-28 17:43:30,52.1862319,7
312,317,20.9440262,2258,2021-06-28 17:43:31,52.1755726,1
313,187,20.9721587,2259,2021-06-28 17:43:30,52.2192536,4
314,L48,21.303106,23481,2021-06-28 04:38:21,52.203297,1
315,L47,21.303625,23482,2021-06-28 17:43:30,52.241959,02
316,L47,21.298616,23483,2021-06-28 17:43:30,52.252949,1
317,L20,21.29406,24511,2021-06-28 17:43:31,52.100998,1
318,L20,21.471601,24512,2021-06-28 13:52:17,52.132278,1
319,L20,21.370771,24513,2021-06-28 17:43:28,52.117039,03
320,L20,21.471657,24515,2021-06-28 17:31:13,52.132061,2
321,245,21.053082,3400,2021-06-28 17:43:27,52.2763375,2
322,112,21.085038,3401,2021-06-28 17:43:18,52.304729,018
323,412,21.0496581,3403,2021-06-28 17:43:29,52.2528295,01
324,112,20.9488401,3404,2021-06-28 17:43:25,52.2768991,7
325,412,21.091708,3405,2021-06-28 17:43:29,52.306758,05
326,500,21.041731,3406,2021-06-28 17:43:29,52.3003171,08
327,500,21.0402133,3408,2021-06-28 17:43:29,52.2863943,2
328,245,21.0864268,3410,2021-06-28 17:43:21,52.2865711,05
329,114,20.921894,3411,2021-06-28 17:43:20,52.308671,011
330,500,21.0417388,3413,2021-06-28 17:43:28,52.3003063,1
331,190,21.0277945,3414,2021-06-28 17:43:28,52.2517383,027
332,114,21.0424018,3415,2021-06-28 17:43:25,52.2967291,09
333,114,20.9271078,3416,2021-06-28 17:43:28,52.2836568,010
334,738,21.0527833,3417,2021-06-28 17:43:26,52.2766923,3
335,738,21.1072566,3418,2021-06-28 17:43:21,52.3256795,4
336,190,21.000111,3421,2021-06-28 17:43:23,52.2455335,021
337,500,20.981821,3422,2021-06-28 17:43:22,52.2532193,4
338,185,21.062265,3423,2021-06-28 17:43:31,52.1859066,10
339,512,21.0634066,3424,2021-06-28 17:43:26,52.2862216,2
340,512,21.0638546,3426,2021-06-28 17:43:14,52.286621,3
341,169,21.04256,3427,2021-06-28 17:43:27,52.299233,2
342,185,21.021968,3428,2021-06-28 17:43:29,52.1426898,7
343,500,21.0041133,3429,2021-06-28 17:43:28,52.25938,6
344,169,21.041966,3430,2021-06-28 17:43:13,52.300098,3
345,112,21.006164,3431,2021-06-28 17:43:13,52.291648,3
346,Z26,20.97432,3432,2021-06-28 17:43:28,52.235409,1
347,Z26,21.002669,3434,2021-06-28 17:43:23,52.244808,6
348,175,20.9728923,3435,2021-06-28 17:43:30,52.1727496,55
349,509,21.0336353,3437,2021-06-28 17:43:28,52.2541593,5
350,132,21.0228513,3438,2021-06-28 17:43:19,52.2971175,06
351,738,21.181158,3439,2021-06-28 17:43:25,52.4183835,1
352,414,21.014808,3440,2021-06-28 17:43:27,52.293733,07
353,512,21.052123,3441,2021-06-28 17:43:14,52.252943,5
354,500,21.0404773,3442,2021-06-28 17:43:33,52.2874923,7
355,509,21.022209,3443,2021-06-28 17:43:24,52.2622053,11
356,245,21.0881206,3444,2021-06-28 17:43:27,52.2864335,04
357,145,21.0621061,3445,2021-06-28 17:43:22,52.292119,8
358,509,20.94511,3446,2021-06-28 17:43:30,52.322077,14
359,162,21.0272425,3447,2021-06-28 17:43:27,52.2378598,6
360,190,20.987997,3448,2021-06-28 17:43:27,52.239959,2
361,112,20.9112216,3449,2021-06-28 17:43:23,52.2484038,9
362,112,20.8829333,3450,2021-06-28 17:43:32,52.2148938,12
363,114,21.043474,3451,2021-06-28 09:14:51,52.2654126,09
364,145,21.1276263,3452,2021-06-28 17:43:28,52.255381,015
365,527,21.0682401,3453,2021-06-28 17:43:26,52.3235805,2
366,190,20.9284533,3454,2021-06-28 17:43:30,52.2406608,1
367,145,21.128358,3455,2021-06-28 17:43:27,52.2529203,5
368,509,21.0407913,3458,2021-06-28 17:43:25,52.250272,355
369,245,21.0527836,3459,2021-06-28 17:43:27,52.276502,1
370,190,21.047774,3460,2021-06-28 17:43:29,52.2604516,022
371,114,21.000718,3462,2021-06-28 17:43:18,52.289918,2
372,190,20.9796655,3463,2021-06-28 17:43:23,52.23734,6
373,500,20.982588,3464,2021-06-28 17:43:27,52.253279,5
374,114,20.9584248,3465,2021-06-28 17:43:22,52.2678511,6
375,112,20.8960088,3466,2021-06-28 17:43:19,52.2171611,1
376,509,21.0591725,3467,2021-06-28 17:43:28,52.2352708,022
377,245,21.1311468,3468,2021-06-28 17:43:25,52.2805028,03
378,114,20.9278298,3469,2021-06-28 17:43:25,52.3086338,7
379,L17,21.009859,36442,2021-06-28 17:43:30,52.059719,02
380,L19,21.021841,36443,2021-06-28 17:43:31,52.066998,1
381,L17,21.006638,36444,2021-06-28 17:43:32,52.054211,1
382,L19,21.039639,36445,2021-06-28 17:43:30,52.023766,02
383,L30,21.133583,36446,2021-06-28 17:43:32,51.961948,1
384,L28,21.12141,36447,2021-06-28 17:43:30,52.033974,1
385,L30,21.2029,36448,2021-06-28 17:43:27,51.940117,02
386,L42,21.141422,37531,2021-06-28 17:43:29,52.08334,52
387,L21,21.137552,37533,2021-06-28 17:43:29,52.08099,1
388,L16,21.116684,37534,2021-06-28 17:43:28,52.096745,1
389,L14,21.171846,37535,2021-06-28 17:43:29,52.104229,1
390,L15,21.116039,37536,2021-06-28 17:43:30,52.10252,51
391,L39,21.018364,38541,2021-06-28 17:43:26,52.108864,4
392,L23,21.024176,38544,2021-06-28 17:43:23,52.068481,052
393,L39,21.008516,38545,2021-06-28 17:43:28,52.079689,3
394,L32,21.075224,38546,2021-06-28 17:43:33,52.07819,1
395,L39,21.004555,38547,2021-06-28 05:46:58,52.110222,1
396,L39,21.015856,38548,2021-06-28 17:43:32,52.072575,2
397,L23,21.029411,38549,2021-06-28 17:24:02,52.074871,51
398,L52,20.985216,38550,2021-06-28 17:43:27,52.004002,1
399,L-2,20.896246,39551,2021-06-28 17:36:50,52.007706,062
400,L-2,21.027977,39552,2021-06-28 17:43:23,52.075565,063
401,L25,21.02305,39554,2021-06-28 17:43:30,52.075077,02
402,L25,21.183239,39555,2021-06-28 17:43:24,51.97834,1
403,L12,21.029526,39556,2021-06-28 17:43:27,52.07497,061
404,L12,20.994076,39557,2021-06-28 17:43:33,52.050465,64
405,L12,20.96508,39558,2021-06-28 17:43:33,52.036591,65
406,L13,21.024563,39560,2021-06-28 17:43:33,52.068832,1
407,L13,21.219559,39561,2021-06-28 17:43:32,51.979126,03
408,L13,21.028482,39562,2021-06-28 17:43:29,52.028435,2
409,L-5,20.961613,39565,2021-06-28 17:43:28,52.066887,1
410,255,20.945787,4200,2021-06-28 17:43:31,52.224983,2
411,703,20.81625,4202,2021-06-28 17:43:30,52.098072,52
412,197,20.943272,4205,2021-06-28 17:43:27,52.262547,2
413,902,20.9223249,4206,2021-06-28 16:30:27,52.1964574,M1
414,255,20.9834705,4207,2021-06-28 17:43:29,52.2300069,03
415,154,20.974081,4209,2021-06-28 17:43:30,52.208084,4
416,178,20.8960152,4210,2021-06-28 17:43:30,52.1856882,011
417,154,20.978628,4211,2021-06-28 17:43:31,52.182556,010
418,711,20.808662,4212,2021-06-28 17:43:31,52.115604,063
419,154,20.898508,4213,2021-06-28 17:43:25,52.258461,1
420,154,20.9403077,4214,2021-06-28 17:43:29,52.2349745,8
421,711,20.94359,4215,2021-06-28 17:43:30,52.175327,061
422,122,20.8987397,4216,2021-06-28 17:43:29,52.2386589,3
423,197,20.9457,4217,2021-06-28 17:43:31,52.238972,3
424,197,20.9548,4218,2021-06-28 17:43:29,52.283695,1
425,255,20.931055,4219,2021-06-28 17:43:30,52.225319,1
426,197,20.9675647,4221,2021-06-28 17:43:27,52.2840179,10
427,129,20.884796,4224,2021-06-28 17:43:30,52.194717,2
428,121,20.973598,4225,2021-06-28 17:43:31,52.279911,03
429,197,20.862228,4227,2021-06-28 17:43:31,52.190388,5
430,154,20.981157,4228,2021-06-28 17:43:30,52.19128,6
431,902,21.04339,4229,2021-06-28 17:43:31,52.247074,M2
432,154,20.9627207,4230,2021-06-28 17:43:31,52.2167039,7
433,178,20.9312832,4231,2021-06-28 17:43:31,52.2024337,9
434,178,20.9669611,4232,2021-06-28 17:43:29,52.2284501,7
435,714,20.829998,4233,2021-06-28 17:43:28,52.261803,3
436,729,20.8839524,4234,2021-06-28 17:43:31,52.2406029,02
437,714,20.950306,4235,2021-06-28 17:43:28,52.238628,2
438,L-3,20.86533,42362,2021-06-28 17:43:31,52.08556,02
439,154,20.979149,4237,2021-06-28 17:43:28,52.185272,5
440,154,20.94219,4238,2021-06-28 17:43:31,52.230225,3
441,178,20.905809,4239,2021-06-28 17:43:28,52.188663,8
442,154,20.897089,4240,2021-06-28 17:43:32,52.243015,011
443,714,20.845257,4241,2021-06-28 17:43:31,52.250977,04
444,154,20.918219,4242,2021-06-28 17:43:31,52.239689,2
445,154,20.958233,4243,2021-06-28 17:43:30,52.224236,09
446,901,21.0145882,4244,2021-06-28 17:43:31,52.2305089,1
447,901,21.009054,4246,2021-06-28 17:43:30,52.235352,3
448,714,20.94989,4247,2021-06-28 17:43:31,52.238659,1
449,729,20.807457,4248,2021-06-28 17:43:32,52.25304,1
450,121,20.9251795,4249,2021-06-28 17:43:30,52.2725714,2
451,L-1,21.017723,42494,2021-06-28 17:43:28,52.066879,1
452,L-4,21.0165,42495,2021-06-28 06:12:56,52.098907,2
453,L-3,20.977386,42500,2021-06-28 17:43:27,52.080917,1
454,146,21.03923,4303,2021-06-28 17:43:23,52.2438308,06
455,119,21.042163,4304,2021-06-28 17:43:31,52.2021979,07
456,117,21.0104872,4305,2021-06-28 17:43:31,52.2294607,4
457,147,21.0434834,4307,2021-06-28 17:43:29,52.2474964,010
458,142,21.1327869,4308,2021-06-28 17:43:32,52.2141846,08
459,198,21.2234426,4309,2021-06-28 17:43:29,52.2254963,04
460,702,21.2363689,4312,2021-06-28 17:43:31,52.1061102,1
461,105,16.9750897,4332,2021-06-26 13:35:37,52.5472771,4
462,N72,16.9763326,4333,2021-06-28 15:21:54,52.5456077,215
463,240,21.062059,4400,2021-06-28 17:43:26,52.309807,1
464,132,21.078552,4401,2021-06-28 17:43:30,52.322506,09
465,126,20.9420682,4402,2021-06-28 17:43:31,52.3341436,2
466,120,21.048996,4403,2021-06-28 17:43:30,52.26104,5
467,166,21.0392965,4404,2021-06-28 17:43:31,52.1977686,3
468,156,21.030088,4406,2021-06-28 17:43:31,52.2882,2
469,122,20.9165627,4407,2021-06-28 17:43:31,52.2507187,010
470,134,20.968321,4408,2021-06-28 17:43:30,52.271893,05
471,106,20.9654564,4409,2021-06-28 17:43:31,52.2383147,1
472,199,21.110151,4411,2021-06-28 17:43:28,52.28418,3
473,173,21.149225,4413,2021-06-28 17:43:30,52.238586,2
474,106,21.0111634,4415,2021-06-28 17:43:30,52.2396596,2
475,106,20.965433,4416,2021-06-28 17:43:28,52.2286,07
476,170,21.0372812,4417,2021-06-28 17:43:30,52.2526914,2
477,106,21.028049,4418,2021-06-28 17:43:30,52.238419,3
478,120,21.038528,4419,2021-06-28 17:43:29,52.358795,7
479,901,21.0354702,4420,2021-06-28 17:43:30,52.2228629,4
480,126,21.0064146,4421,2021-06-28 17:43:31,52.3149532,1
481,338,21.052759,4422,2021-06-28 17:43:31,52.259747,02
482,106,20.981764,4423,2021-06-28 17:43:24,52.233234,5
483,901,21.003786,4424,2021-06-28 17:43:30,52.2295,2
484,156,21.065226,4425,2021-06-28 17:43:29,52.27475,5
485,166,21.064018,4427,2021-06-28 17:43:30,52.144814,4
486,156,20.9670876,4428,2021-06-28 17:43:30,52.2739569,4
487,303,20.9574336,4429,2021-06-28 17:43:31,52.268333,2
488,106,21.0205337,4430,2021-06-28 17:43:30,52.2431972,08
489,338,21.1007457,4434,2021-06-28 17:43:30,52.2605779,03
490,122,20.9815112,5200,2021-06-28 17:43:26,52.2745543,08
491,171,20.9209083,5201,2021-06-28 17:43:28,52.256612,8
492,517,20.9516832,5202,2021-06-28 17:43:27,52.2118777,09
493,523,21.084241,5203,2021-06-28 17:43:17,52.247911,020
494,401,21.022853,5204,2021-06-28 17:43:13,52.173259,013
495,105,20.8967706,5205,2021-06-28 17:43:29,52.2390929,5
496,131,21.015562,5206,2021-06-28 17:43:23,52.2210043,2
497,182,21.078449,5207,2021-06-28 17:43:25,52.2347002,011
498,517,20.9475935,5208,2021-06-28 17:43:22,52.2087052,2
499,184,20.958161,5210,2021-06-28 17:43:12,52.222873,2
500,105,20.896885,5211,2021-06-28 17:43:13,52.22758,09
501,523,21.0073278,5212,2021-06-28 17:43:28,52.2174908,015
502,Z10,20.9151465,5213,2021-06-28 17:43:27,52.2313784,1
503,184,20.9639429,5214,2021-06-28 17:43:30,52.2081013,1
504,523,20.8981533,5215,2021-06-28 17:43:29,52.2582779,7
505,131,21.0688722,5216,2021-06-28 17:43:21,52.1814216,8
506,189,20.9220571,5217,2021-06-28 16:49:01,52.1957361,11
507,122,20.8980116,5218,2021-06-28 17:43:27,52.2478538,011
508,401,20.9188967,5219,2021-06-28 17:43:24,52.1985183,6
509,124,20.952839,5222,2021-06-28 17:43:07,52.156379,1
510,190,20.9309184,5223,2021-06-28 17:43:24,52.2402816,7
511,517,20.862676,5224,2021-06-28 17:43:12,52.190191,4
512,523,20.898329,5225,2021-06-28 17:43:22,52.2584408,6
513,401,20.8620495,5226,2021-06-28 17:43:29,52.1903383,4
514,189,21.0074776,5227,2021-06-28 17:43:22,52.1770001,024
515,124,20.9437552,5228,2021-06-28 17:43:30,52.175624,2
516,131,21.0142597,5229,2021-06-28 17:43:22,52.2258913,5
517,523,20.9368179,5230,2021-06-28 17:43:22,52.2396659,016
518,189,20.9099571,5232,2021-06-28 17:43:23,52.2285175,7
519,148,20.9744918,5233,2021-06-28 17:43:26,52.1687139,011
520,105,20.899201,5234,2021-06-28 17:42:50,52.238786,011
521,105,20.8988568,5235,2021-06-28 17:43:22,52.2388212,3
522,517,20.9999313,5236,2021-06-28 17:43:27,52.2272291,1
523,171,20.984336,5237,2021-06-28 17:43:19,52.238671,6
524,401,20.9877723,5238,2021-06-28 17:43:30,52.1815214,7
525,182,21.0131146,5239,2021-06-28 17:43:21,52.2169717,9
526,184,20.9240319,5240,2021-06-28 17:43:25,52.2546559,3
527,187,20.8613067,5241,2021-06-28 17:43:30,52.1916121,8
528,190,20.9472168,5243,2021-06-28 17:43:26,52.2389409,011
529,189,20.915573,5244,2021-06-28 17:43:28,52.2049747,018
530,105,20.9120945,5245,2021-06-28 17:43:23,52.219199,6
531,148,21.0514758,5246,2021-06-28 17:43:28,52.1965971,012
532,716,20.9295166,5247,2021-06-28 17:43:22,52.2238681,1
533,141,20.9441634,5248,2021-06-28 17:43:23,52.1755162,7
534,317,21.0017863,5249,2021-06-28 17:43:22,52.1781894,2
535,188,20.9792021,5250,2021-06-28 17:43:30,52.1839295,3
536,187,21.048275,5251,2021-06-28 17:43:26,52.1781298,1
537,189,20.9171211,5253,2021-06-28 17:43:28,52.1989894,020
538,401,20.9910511,5254,2021-06-28 17:43:27,52.1804647,010
539,190,20.978169,5255,2021-06-28 17:43:18,52.238011,016
540,148,21.0873425,5256,2021-06-28 17:43:27,52.2447884,1
541,716,20.914806,5257,2021-06-28 17:43:12,52.208208,2
542,188,20.9782751,5258,2021-06-28 17:43:21,52.1694059,4
543,105,20.983869,5260,2021-06-28 17:43:19,52.230198,08
544,723,20.9301605,5401,2021-06-28 17:43:30,52.3949721,3
545,185,21.0136044,5403,2021-06-28 17:43:31,52.2533944,3
546,145,21.088261,5404,2021-06-28 17:43:30,52.244785,4
547,269,21.042202,5405,2021-06-28 17:43:31,52.295509,05
548,509,20.9702217,5406,2021-06-28 17:43:30,52.3202892,13
549,120,21.051464,5407,2021-06-28 17:43:30,52.291782,2
550,527,21.061573,5408,2021-06-28 17:43:30,52.308464,054
551,E-9,20.969925,5409,2021-06-28 17:43:29,52.272163,01
552,731,20.9662081,5410,2021-06-28 17:43:30,52.3302236,1
553,723,20.965267,5412,2021-06-28 17:43:31,52.332146,4
554,705,21.0534982,5413,2021-06-28 17:43:31,52.4423609,66
555,511,20.9339087,5414,2021-06-28 17:43:30,52.2969434,1
556,723,21.000813,5416,2021-06-28 17:43:30,52.291344,1
557,E-9,21.060114,5417,2021-06-28 17:43:30,52.315502,02
558,511,20.971552,5418,2021-06-28 17:43:30,52.321564,2
559,120,21.037127,5419,2021-06-28 17:43:30,52.255619,3
560,160,21.059055,5420,2021-06-28 17:43:31,52.302071,5
561,511,20.9426284,5421,2021-06-28 17:43:29,52.3486417,3
562,160,21.0568689,5423,2021-06-28 17:43:30,52.3236907,012
563,511,20.9424187,5424,2021-06-28 17:43:31,52.3485852,06
564,116,21.062262,5425,2021-06-28 17:43:28,52.175941,4
565,116,21.009121,5426,2021-06-28 17:43:30,52.247433,11
566,527,21.046442,5428,2021-06-28 17:43:30,52.281609,1
567,731,20.952742,5429,2021-06-28 17:43:29,52.406803,2
568,145,20.999954,5430,2021-06-28 17:43:30,52.2909682,11
569,160,21.017656,5432,2021-06-28 17:43:30,52.247433,7
570,414,20.9528427,5434,2021-06-28 17:43:32,52.2547804,08
571,527,21.051661,5436,2021-06-28 17:43:31,52.291977,3
572,705,21.1358767,5437,2021-06-28 17:43:31,52.4821744,1
573,731,20.9346727,5438,2021-06-28 17:43:31,52.3722531,4
574,738,21.115778,5439,2021-06-28 17:43:31,52.336071,2
575,735,21.029074,5441,2021-06-28 17:43:29,52.376808,64
576,160,21.002245,5443,2021-06-28 17:43:30,52.2293481,2
577,E-9,20.968048,5444,2021-06-28 17:43:31,52.2720466,04
578,705,21.048461,5445,2021-06-28 03:52:31,52.264575,65
579,735,21.005909,5446,2021-06-28 17:43:29,52.448799,62
580,114,20.9752,5447,2021-06-28 17:43:29,52.2659,08
581,705,20.9934347,5448,2021-06-28 17:43:28,52.2992874,63
582,160,21.0511694,5449,2021-06-28 17:43:30,52.2620147,3
583,511,20.92971,5453,2021-06-28 17:43:31,52.279636,4
584,160,21.0026972,5454,2021-06-28 17:43:30,52.2293794,09
585,169,21.043041,5455,2021-06-28 17:43:31,52.275776,4
586,269,21.0482634,5457,2021-06-28 17:43:30,52.2763375,04
587,180,20.925009,5459,2021-06-28 17:43:28,52.272457,016
588,705,20.9681412,5460,2021-06-28 17:43:28,52.271964,65
589,175,20.979828,5870,2021-06-28 17:43:30,52.172401,53
590,128,21.0183129,5871,2021-06-28 17:43:32,52.2312457,59
591,503,21.0343452,5873,2021-06-28 17:43:28,52.2031089,1
592,175,21.0127,5874,2021-06-28 17:43:31,52.2432,58
593,138,21.001448,5875,2021-06-28 17:43:28,52.194962,011
594,331,21.017712,5876,2021-06-28 17:43:31,52.164166,01
595,180,21.0086746,5877,2021-06-28 17:43:26,52.2477099,017
596,709,21.023426,5878,2021-06-28 17:43:29,52.081112,013
597,175,21.012808,5880,2021-06-28 17:43:29,52.24305,070
598,175,20.986832,5882,2021-06-28 17:43:28,52.207664,56
599,180,21.019581,5883,2021-06-28 17:43:28,52.23315,10
600,503,20.998064,5885,2021-06-28 17:43:29,52.18679,5
601,180,21.08392,5886,2021-06-28 17:43:29,52.167706,13
602,128,20.98945,5887,2021-06-28 17:43:31,52.219852,074
603,175,20.993494,5888,2021-06-28 17:43:30,52.226135,069
604,180,20.953609,5889,2021-06-28 17:43:26,52.262543,8
605,128,20.963715,5890,2021-06-28 17:43:30,52.207703,62
606,180,20.925007,5891,2021-06-28 17:43:30,52.272408,7
607,504,21.056717,5892,2021-06-28 17:43:28,52.140965,010
608,503,21.039061,5893,2021-06-28 17:43:26,52.161549,3
609,175,21.018045,5894,2021-06-28 17:43:30,52.231159,066
610,503,21.019497,5895,2021-06-28 17:43:28,52.233337,12
611,503,21.044115,5897,2021-06-28 17:43:29,52.173866,2
612,128,20.988844,5898,2021-06-28 17:43:31,52.212593,071
613,128,21.012943,5899,2021-06-28 17:43:27,52.243065,51
614,158,21.098391,5900,2021-06-28 17:43:26,52.236256,5
615,175,20.990124,5902,2021-06-28 17:43:26,52.21817,52
616,158,20.949272,5903,2021-06-28 17:43:29,52.211662,8
617,503,21.017675,5905,2021-06-28 17:43:30,52.237984,8
618,128,21.009935,5906,2021-06-28 17:43:29,52.229519,63
619,503,21.030121,5907,2021-06-28 17:43:25,52.207619,7
620,175,20.978107,5908,2021-06-28 17:43:31,52.169544,068
621,175,20.985149,5909,2021-06-28 17:43:27,52.201386,067
622,128,20.975559,5910,2021-06-28 17:43:28,52.203991,073
623,111,21.075041,5911,2021-06-28 17:43:30,52.225739,4
624,116,21.018095,5913,2021-06-28 17:43:28,52.236538,12
625,175,20.978046,5915,2021-06-28 17:43:27,52.16959,54
626,128,20.978624,5918,2021-06-28 17:43:27,52.200321,60
627,158,21.06004,5920,2021-06-28 17:43:31,52.239895,1
628,116,21.084093,5921,2021-06-28 17:43:29,52.168018,15
629,175,21.1163987,5923,2021-06-28 10:17:16,52.2339737,072
630,116,21.046053,5924,2021-06-28 17:43:30,52.190891,17
631,116,21.004904,5926,2021-06-28 17:43:29,52.249378,3
632,158,20.987331,5927,2021-06-28 17:43:28,52.223167,7
633,116,20.9378379,5928,2021-06-28 17:43:31,52.2781192,5
634,175,21.018068,5929,2021-06-28 17:43:29,52.236485,57
635,158,20.950535,5930,2021-06-28 17:43:29,52.211697,9
636,158,21.1177055,5931,2021-06-28 17:43:29,52.2334752, 
637,116,20.924931,5932,2021-06-28 17:43:31,52.272293,6
638,111,21.0842899,5933,2021-06-28 17:43:30,52.2277234,2
639,158,21.112783,5934,2021-06-28 17:43:29,52.236324,4
640,503,20.998655,5935,2021-06-28 17:43:27,52.255562,11
641,503,21.003647,5936,2021-06-28 17:43:29,52.255199,10
642,111,21.017698,5937,2021-06-28 17:43:30,52.237732,10
643,158,20.994774,5939,2021-06-28 17:43:31,52.226391,2
644,128,20.989857,5942,2021-06-28 17:43:27,52.224083,072
645,111,20.9882,5943,2021-06-28 17:43:30,52.2472,7
646,111,21.1155451,5944,2021-06-28 17:43:31,52.2341246, 
647,158,21.057764,5945,2021-06-28 17:43:31,52.239346,6
648,111,20.9795,5946,2021-06-28 17:43:30,52.2444,8
649,111,21.056608,5947,2021-06-28 17:43:30,52.237728,5
650,503,21.044371,5948,2021-06-28 17:43:27,52.192455,013
651,503,21.049959,5950,2021-06-28 17:43:28,52.144634,4
652,180,21.047592,5951,2021-06-28 17:43:30,52.206951,2
653,518,20.997076,5952,2021-06-28 17:43:29,52.256363,7
654,160,21.014811,5954,2021-06-28 17:43:29,52.246784,010
655,160,21.06848,5956,2021-06-28 17:43:30,52.323227,013
656,111,21.1023,5958,2021-06-28 17:43:30,52.2218,011
657,160,20.996178,5959,2021-06-28 17:43:28,52.238815,08
658,111,21.102524,5960,2021-06-28 17:43:30,52.222069,3
659,190,21.085382,5961,2021-06-28 17:43:31,52.305019,024
660,116,21.030298,5962,2021-06-28 17:43:27,52.207722,13
661,111,21.060638,5963,2021-06-28 17:43:31,52.232899,1
662,518,20.993187,5964,2021-06-28 17:43:30,52.286522,3
663,518,20.98428,5965,2021-06-28 17:43:25,52.307621,08
664,518,21.010036,5966,2021-06-28 17:43:31,52.247131,2
665,160,21.054855,5967,2021-06-28 17:43:31,52.274853,011
666,180,21.050398,5970,2021-06-28 17:43:28,52.20105,11
667,518,21.023569,5972,2021-06-28 17:43:30,52.228329,1
668,E-9,21.021023,5973,2021-06-28 17:43:29,52.296154,03
669,518,20.954226,5975,2021-06-28 17:43:30,52.315472,4
670,180,20.935751,5976,2021-06-28 17:43:30,52.271046,6
671,503,21.002268,5978,2021-06-28 17:43:29,52.254757,9
672,503,21.034943,5979,2021-06-28 17:43:29,52.165455,6
673,111,21.013796,5980,2021-06-28 17:43:29,52.240677,6
674,705,21.029087,5981,2021-06-28 17:43:29,52.378944,07
675,111,20.998091,5982,2021-06-28 17:43:29,52.247128,9
676,128,21.012901,5983,2021-06-28 17:43:28,52.243248,65
677,180,20.997866,5984,2021-06-28 17:43:29,52.249222,4
678,180,21.083868,5985,2021-06-28 17:43:28,52.167904,14
679,180,21.068556,5986,2021-06-28 17:43:28,52.18269,12
680,180,20.980232,5987,2021-06-28 17:43:28,52.253399,9
681,180,21.083809,5988,2021-06-28 17:43:29,52.168297,1
682,116,21.035746,5989,2021-06-28 17:43:28,52.201218,1
683,705,20.986853,5990,2021-06-28 17:43:30,52.305584,08
684,116,21.021959,5991,2021-06-28 17:43:30,52.229164,2
685,518,20.935806,5994,2021-06-28 17:43:28,52.330936,6
686,116,20.924747,5995,2021-06-28 17:43:30,52.272453,7
687,116,21.057428,5996,2021-06-28 17:43:30,52.180096,16
688,116,20.993311,5997,2021-06-28 17:43:30,52.261597,10
689,518,20.9421121,5998,2021-06-28 17:43:32,52.3345579,5
690,116,20.959076,5999,2021-06-28 17:43:27,52.275921,8
691,184,20.955711,6200,2021-06-28 17:43:30,52.228001,7
692,112,20.881752,6201,2021-06-28 17:43:31,52.2164,11
693,187,20.892529,6203,2021-06-28 17:43:28,52.193321,9
694,167,20.942331,6204,2021-06-28 17:43:28,52.229198,013
695,728,20.896128,6207,2021-06-28 17:43:30,52.007755,02
696,Z10,20.9126079,6208,2021-06-28 17:43:29,52.242836,7
697,703,20.919157,6209,2021-06-28 17:43:29,52.152958,91
698,414,21.018133,6210,2021-06-28 17:43:30,52.291965,04
699,713,20.887398,6212,2021-06-28 17:43:30,52.216415,3
700,414,20.961521,6213,2021-06-28 17:43:30,52.215874,03
701,184,20.931376,6214,2021-06-28 17:43:30,52.290436,5
702,191,20.918236,6215,2021-06-28 17:43:28,52.205219,6
703,105,20.978567,6216,2021-06-28 17:43:31,52.229652,7
704,167,20.998514,6217,2021-06-28 17:43:31,52.21677,1
705,105,20.896822,6218,2021-06-28 17:43:31,52.21664,010
706,136,20.966259,6220,2021-06-28 17:43:31,52.243351,4
707,189,20.936682,6221,2021-06-28 17:43:30,52.194473,13
708,187,20.8909764,6222,2021-06-28 17:43:27,52.1936612,5
709,105,20.898838,6223,2021-06-28 17:43:28,52.238777,4
710,517,21.0105616,6224,2021-06-28 17:43:30,52.2316279,6
711,717,20.9689282,6225,2021-06-28 17:43:31,52.2193414,2
712,716,20.828841,6226,2021-06-28 17:43:25,52.192903,3
713,188,21.084656,6227,2021-06-28 17:43:30,52.245972,1
714,190,21.060743,6228,2021-06-28 17:43:31,52.269367,3
715,187,20.883883,6229,2021-06-28 17:43:30,52.195694,6
716,706,20.9427526,6231,2021-06-28 17:43:30,52.1756362,03
717,190,20.898855,6232,2021-06-28 17:43:30,52.238964,9
718,191,20.975603,6233,2021-06-28 17:43:31,52.211361,4
719,414,20.963875,6234,2021-06-28 17:43:30,52.207912,02
720,112,20.915045,6236,2021-06-28 17:43:30,52.232578,10
721,114,21.0185809,6237,2021-06-28 17:43:29,52.2906645,4
722,728,20.9428594,6239,2021-06-28 17:43:29,52.1755552,1
723,414,20.9625622,6240,2021-06-28 17:43:31,52.2160756,01
724,517,20.972395,6241,2021-06-28 17:43:30,52.21941,5
725,182,21.1128439,6242,2021-06-28 17:43:30,52.2361304,7
726,706,20.919571,6243,2021-06-28 17:43:31,52.133415,2
727,L29,20.483444,65471,2021-06-28 17:43:24,52.263771,1
728,L-7,20.882992,66523,2021-06-28 17:43:30,52.335018,2
729,L-6,20.772147,66524,2021-06-28 17:43:25,52.256399,02
730,L-6,20.843208,66525,2021-06-28 17:43:30,52.274948,1
731,190,20.8975747,7200,2021-06-28 17:43:30,52.2277677,10
732,189,20.935261,7201,2021-06-28 17:43:30,52.194576,6
733,112,20.913866,7202,2021-06-28 17:43:30,52.237213,019
734,141,21.045532,7203,2021-06-28 17:43:29,52.219849,4
735,317,21.045839,7204,2021-06-28 17:43:30,52.17487,07
736,131,21.0526749,7205,2021-06-28 17:43:32,52.1970884,011
737,523,20.9797902,7206,2021-06-28 17:43:30,52.2169032,10
738,189,20.898821,7207,2021-06-28 17:43:29,52.238724,019
739,414,21.042238,7208,2021-06-28 17:43:30,52.300205,06
740,721,20.909307,7212,2021-06-28 17:43:31,52.144768,02
741,112,21.0857887,7213,2021-06-28 17:43:31,52.3077427,5
742,191,20.962046,7214,2021-06-28 17:43:31,52.216122,2
743,112,20.929316,7215,2021-06-28 17:43:31,52.264534,8
744,713,20.836329,7216,2021-06-28 17:43:31,52.214069,2
745,189,21.032787,7219,2021-06-28 17:43:31,52.173481,022
746,517,20.867216,7220,2021-06-28 17:43:30,52.195911,09
747,187,21.050228,7222,2021-06-28 17:43:30,52.20153,12
748,122,20.919929,7223,2021-06-28 17:43:28,52.26461,2
749,721,20.8412142,7225,2021-06-28 17:43:30,52.0572499,1
750,706,20.93391,7226,2021-06-28 17:43:30,52.167072,1
751,114,21.042036,7227,2021-06-28 17:43:28,52.294682,3
752,114,20.929295,7228,2021-06-28 17:43:28,52.271248,1
753,112,20.939342,7229,2021-06-28 17:43:31,52.277988,014
754,517,20.9142111,7230,2021-06-28 17:43:31,52.1999616,08
755,713,20.931026,7231,2021-06-28 17:43:31,52.225143,04
756,717,20.886641,7232,2021-06-28 17:43:30,52.181149,1
757,189,21.040325,7233,2021-06-28 17:43:30,52.171104,3
758,713,20.7443799,7234,2021-06-28 17:43:28,52.2145696,1
759,187,20.958237,7235,2021-06-28 17:43:30,52.215679,10
760,184,20.920971,7237,2021-06-28 17:43:31,52.258163,6
761,141,21.032141,7238,2021-06-28 17:43:30,52.2012904,5
762,189,21.057516,7239,2021-06-28 17:43:27,52.182846,16
763,184,20.962574,7240,2021-06-28 17:43:31,52.217079,8
764,317,20.9472711,7241,2021-06-28 17:43:29,52.1790851,5
765,141,21.0479314,7242,2021-06-28 17:43:30,52.2085292,1
766,523,20.946835,7243,2021-06-28 17:43:31,52.238922,9
767,401,20.909124,7244,2021-06-28 17:43:28,52.193451,3
768,187,20.862544,7245,2021-06-28 17:43:30,52.1901919,7
769,190,20.898844,7247,2021-06-28 17:43:31,52.238922,017
770,188,20.9880087,7248,2021-06-28 17:43:29,52.2163079,5
771,171,20.9566847,7249,2021-06-28 17:43:31,52.2380509,3
772,317,21.076984,7250,2021-06-28 17:43:30,52.167675,3
773,105,20.918543,7251,2021-06-28 17:43:31,52.220539,2
774,167,20.9449262,7252,2021-06-28 17:43:30,52.2268974,4
775,122,20.95105,7254,2021-06-28 17:43:30,52.263123,1
776,191,20.8704154,7256,2021-06-28 17:43:31,52.183581,8
777,190,21.0271872,7257,2021-06-28 17:43:30,52.2515382,012
778,187,20.988827,7258,2021-06-28 17:43:31,52.216568,11
779,189,21.044184,7259,2021-06-28 17:43:30,52.176666,15
780,125,21.0432052,7301,2021-06-28 17:43:28,52.2468404,08
781,507,21.061451,7303,2021-06-28 17:43:30,52.231373,5
782,188,20.973474,7304,2021-06-28 17:43:30,52.170345,07
783,138,21.0160679,7305,2021-06-28 17:43:30,52.2173816,4
784,151,21.018101,7306,2021-06-28 17:43:31,52.21767,04
785,509,21.0923655,7307,2021-06-28 17:43:30,52.2252039,7
786,138,21.0167254,7308,2021-06-28 17:43:31,52.2045064,1
787,188,21.019018,7310,2021-06-28 17:43:31,52.217796,2
788,182,21.0683651,7312,2021-06-28 17:43:31,52.2301957,5
789,E-1,21.039007,7314,2021-06-28 17:43:30,52.243801,01
790,143,21.1320095,7315,2021-06-28 17:43:29,52.2385851,7
791,188,20.99502,7316,2021-06-28 17:43:30,52.216614,08
792,402,21.142992,7317,2021-06-28 17:43:28,52.237469,3
793,182,20.987755,7318,2021-06-28 17:43:28,52.216469,4
794,182,20.9651929,7319,2021-06-28 17:43:25,52.2181702,3
795,411,21.033255,7320,2021-06-28 17:43:31,52.221436,01
796,182,21.112923,7322,2021-06-28 17:43:31,52.236267,8
797,E-1,21.043228,7323,2021-06-28 17:43:31,52.244968,02
798,138,20.995668,7325,2021-06-28 17:43:31,52.170185,3
799,141,20.975014,7326,2021-06-28 17:43:31,52.184631,6
800,E-1,21.0930379,7327,2021-06-28 17:43:29,52.225004,03
801,182,20.9985214,7328,2021-06-28 17:43:30,52.2167506,1
802,523,20.912834,7329,2021-06-28 17:43:31,52.240025,017
803,171,21.043346,7330,2021-06-28 17:43:30,52.222904,5
804,162,21.028408,7331,2021-06-28 17:43:30,52.235718,013
805,141,20.943748,7333,2021-06-28 17:43:30,52.175678,8
806,116,20.946379,7334,2021-06-28 17:43:30,52.277184,69
807,110,20.968021,742,2021-06-28 17:43:24,52.271389,1
808,750,20.760511,744,2021-06-28 17:43:29,52.388172,05
809,750,20.931082,745,2021-06-28 17:43:24,52.292046,07
810,250,20.883446,746,2021-06-28 17:43:31,52.318859,1
811,850,20.629671,749,2021-06-28 17:43:30,52.375938,2
812,150,20.847118,750,2021-06-28 17:43:25,52.341465,1
813,750,20.910778,755,2021-06-28 17:43:29,52.323402,2
814,110,20.899483,757,2021-06-28 17:43:26,52.325729,3
815,150,20.9076,758,2021-06-28 17:43:27,52.326626,2
816,750,20.777941,761,2021-06-28 17:43:28,52.366699,4
817,750,20.877035,762,2021-06-28 17:43:25,52.344192,1
818,850,20.962868,763,2021-06-28 17:43:29,52.276081,1
819,151,21.0952386,7701,2021-06-28 17:43:30,52.2311241,1
820,411,21.0148542,7702,2021-06-28 17:43:31,52.2176354,04
821,402,20.9989722,7703,2021-06-28 17:43:31,52.1787959,7
822,151,21.0158635,7704,2021-06-28 17:43:31,52.2173654,05
823,150,20.862143833,772,2021-06-28 17:43:26,52.348938,04
824,150,20.934942,773,2021-06-28 17:43:32,52.298616333,05
825,150,20.895269,774,2021-06-28 17:43:27,52.337551,3
826,250,20.929737,775,2021-06-28 17:43:32,52.292763,3
827,250,20.884325,776,2021-06-28 17:43:31,52.331009,2
828,750,20.8613509,777,2021-06-28 17:43:30,52.3582061,3
829,167,20.996294,8100,2021-06-28 17:43:26,52.1879661,6
830,143,21.078937,8103,2021-06-28 17:43:21,52.2357495,011
831,167,21.0672208,8108,2021-06-28 17:43:24,52.2123446,8
832,217,21.0550266,8109,2021-06-28 17:43:25,52.1727693,2
833,174,21.0133731,8110,2021-06-28 17:43:27,52.1968818,010
834,136,20.9639615,8112,2021-06-28 17:43:31,52.2156115,014
835,709,21.0241655,8115,2021-06-28 17:43:25,52.1800156,8
836,174,21.014155,8119,2021-06-28 17:43:28,52.1830056,6
837,136,20.9860221,8120,2021-06-28 17:43:25,52.1922333,7
838,143,21.098303,8121,2021-06-28 17:43:26,52.243266,09
839,504,21.0567581,8123,2021-06-28 17:43:23,52.1311931,3
840,165,21.0211998,8124,2021-06-28 17:43:28,52.1793626,4
841,727,21.0061085,8125,2021-06-28 17:43:24,52.0538668,3
842,709,21.0188413,8126,2021-06-28 17:43:28,52.0889338,014
843,402,21.0513676,8130,2021-06-28 17:43:24,52.1965651,5
844,136,21.0058768,8131,2021-06-28 17:43:19,52.1712058,012
845,148,21.035224,8133,2021-06-28 17:43:28,52.1477743,5
846,402,21.0280553,8134,2021-06-28 17:43:24,52.173507,9
847,167,21.0284506,8135,2021-06-28 17:43:27,52.2073468,9
848,162,21.0850416,8136,2021-06-28 17:43:25,52.193431,08
849,162,21.0343253,8137,2021-06-28 17:43:25,52.2553928,011
850,162,21.0475818,8138,2021-06-28 17:43:30,52.2111701,7
851,136,20.9759791,8139,2021-06-28 17:43:27,52.211161,016
852,168,21.112958,8140,2021-06-28 17:43:23,52.2362118,4
853,504,20.9918753,8143,2021-06-28 17:43:22,52.1803345,011
854,504,21.041686,8144,2021-06-28 17:43:25,52.1481066,4
855,709,21.017503,8145,2021-06-28 17:43:20,52.140165,011
856,727,20.9598076,8146,2021-06-28 17:43:25,52.02953,2
857,148,20.98159,8148,2021-06-28 17:43:19,52.167968,6
858,709,21.0181753,8152,2021-06-28 17:43:20,52.1330083,1
859,217,21.047018,8153,2021-06-28 17:43:22,52.174593,1
860,136,21.0026046,8154,2021-06-28 17:43:29,52.1777651,8
861,131,21.068834,8155,2021-06-28 17:43:20,52.181575,9
862,709,21.018203,8156,2021-06-28 17:43:28,52.118593,6
863,308,21.0071893,8158,2021-06-28 17:43:25,52.1889966,01
864,136,20.9561683,8160,2021-06-28 17:43:23,52.233081,5
865,504,21.045385,8162,2021-06-28 17:43:25,52.1419863,1
866,331,21.0080833,8164,2021-06-28 17:43:14,52.1890096,05
867,331,20.9782363,8165,2021-06-28 17:43:13,52.1695466,03
868,709,21.0178733,8166,2021-06-28 17:43:23,52.1542555,9
869,148,21.0411706,8167,2021-06-28 17:43:28,52.1698043,4
870,218,21.0023608,8168,2021-06-28 17:43:25,52.1827086,3
871,504,21.0021116,8169,2021-06-28 17:43:22,52.1768996,5
872,131,21.0838513,8170,2021-06-28 17:43:28,52.1680893,1
873,167,21.0829178,8172,2021-06-28 17:43:26,52.2082243,010
874,143,21.177191,8173,2021-06-28 17:43:13,52.257013,010
875,218,21.0216711,8174,2021-06-28 17:43:26,52.1899475,1
876,727,21.0174161,8175,2021-06-28 17:43:21,52.1489033,4
877,709,21.0155978,8176,2021-06-28 17:43:25,52.0719493,3
878,143,21.1417311,8177,2021-06-28 17:43:24,52.2596798,5
879,138,21.1008523,8178,2021-06-28 17:43:19,52.260558,7
880,709,21.0170803,8181,2021-06-28 17:43:25,52.1642966,7
881,136,20.9837851,8182,2021-06-28 17:43:26,52.1988785,2
882,218,21.024131,8183,2021-06-28 17:43:27,52.179825,4
883,131,21.0174913,8184,2021-06-28 17:43:24,52.2132333,6
884,143,21.0960065,8185,2021-06-28 17:43:26,52.2435576,8
885,217,21.0326678,8187,2021-06-28 17:43:13,52.1774161,4
886,185,21.039448,8188,2021-06-28 17:43:16,52.160896,9
887,504,21.0038585,8189,2021-06-28 17:43:20,52.2293943,7
888,709,21.0236425,8190,2021-06-28 17:43:24,52.0812948,5
889,131,21.0362305,8192,2021-06-28 17:43:24,52.2067828,4
890,504,21.0687635,8195,2021-06-28 17:43:27,52.1289436,2
891,504,21.0033361,8196,2021-06-28 17:43:25,52.173436,013
892,218,21.0237131,8197,2021-06-28 17:43:26,52.1898823,2
893,331,20.9949953,8198,2021-06-28 17:43:24,52.1563036,02
894,174,20.9997675,8199,2021-06-28 17:43:26,52.2312676,4
895,402,21.1468376,8201,2021-06-28 17:43:24,52.2381118,4
896,151,21.115749,8202,2021-06-28 10:44:07,52.233741,05
897,151,21.1175305,8204,2021-06-28 10:20:01,52.2338373,06
898,151,21.0151708,8208,2021-06-28 17:43:21,52.2179816,2
899,521,21.0478111,8214,2021-06-28 17:43:20,52.2374046,1
900,125,21.0413703,8216,2021-06-28 17:43:29,52.243744,2
901,182,21.005713,8218,2021-06-28 17:43:28,52.217156,013
902,509,21.0125851,8220,2021-06-28 17:43:27,52.2772536,023
903,182,20.9648646,8222,2021-06-28 17:43:23,52.2180156,2
904,509,20.9423365,8223,2021-06-28 17:43:29,52.3344613,024
905,151,21.086526,8225,2021-06-28 17:43:20,52.235933,06
906,509,21.054469,8228,2021-06-28 17:43:21,52.238608,10
907,521,21.180666,8229,2021-06-28 17:43:24,52.191608,2
908,523,21.061961,8231,2021-06-28 17:43:14,52.228381,021
909,162,21.0485318,8233,2021-06-28 17:43:28,52.2021718,014
910,145,21.1286583,8300,2021-06-28 17:43:27,52.2520718,2
911,145,21.0218356,8301,2021-06-28 17:43:19,52.2863545,9
912,509,20.9886395,8303,2021-06-28 17:43:30,52.3042368,3
913,171,21.0148133,8304,2021-06-28 17:43:27,52.2307753,010
914,509,21.116975,8305,2021-06-28 09:25:27,52.233583,022
915,117,21.102433,8306,2021-06-28 17:43:28,52.222186,3
916,116,20.986728,8309,2021-06-28 17:43:26,52.26847,4
917,141,21.084254,8310,2021-06-28 17:43:27,52.244378,2
918,168,21.087076,8311,2021-06-28 17:43:29,52.210729,3
919,151,21.108039,8312,2021-06-28 17:43:24,52.229376,3
920,720,21.463798,8313,2021-06-28 17:43:27,52.1329931,02
921,162,21.0495966,8314,2021-06-28 17:43:29,52.2021131,2
922,117,21.0567241,8315,2021-06-28 17:43:32,52.2302368,06
923,521,21.1263678,8318,2021-06-28 17:43:21,52.2343396,4
924,185,21.0442576,8319,2021-06-28 17:43:25,52.222395,11
925,151,21.116836,8320,2021-06-28 09:58:49,52.233566,04
926,162,21.027311,8322,2021-06-28 17:43:18,52.259785,5
927,509,21.0918796,8323,2021-06-28 17:43:26,52.2250883,9
928,148,21.0405701,8324,2021-06-28 17:43:27,52.1467515,7
929,143,21.013988,8326,2021-06-28 17:43:26,52.216872,1
930,145,21.1264378,8328,2021-06-28 17:43:24,52.2602561,1
931,507,21.101898,8329,2021-06-28 17:43:26,52.222175,08
932,148,21.1021665,8330,2021-06-28 17:43:27,52.2422945,2
933,145,21.1235245,8332,2021-06-28 17:43:27,52.262803,7
934,523,21.10675,8333,2021-06-28 17:43:34,52.2479548,12
935,148,21.0931976,8334,2021-06-28 17:43:08,52.2259341,3
936,145,21.0002241,8335,2021-06-28 17:42:05,52.2913528,014
937,143,21.006723,8337,2021-06-28 17:43:11,52.217221,2
938,125,21.1481813,8340,2021-06-28 17:43:31,52.2264341,4
939,523,20.9109895,8341,2021-06-28 17:43:26,52.2476688,5
940,507,21.0753517,8342,2021-06-28 17:43:26,52.2257883,1
941,171,21.002455,8343,2021-06-28 17:43:14,52.243013,09
942,502,21.015515,8344,2021-06-28 17:43:13,52.218501,1
943,507,21.004943,8345,2021-06-28 17:43:22,52.229381,3
944,145,21.1352517,8348,2021-06-28 17:43:19,52.24138,3
945,507,21.096641,8349,2021-06-28 17:43:14,52.224339,6
946,145,21.0480867,8350,2021-06-28 17:43:05,52.2877017,012
947,507,21.021616,8351,2021-06-28 17:43:10,52.232055,4
948,502,21.2181583,8352,2021-06-28 17:43:24,52.217025,4
949,523,21.0126033,8353,2021-06-28 17:43:31,52.2170467,2
950,502,21.088978,8354,2021-06-28 17:43:19,52.236038,011
951,523,20.929134,8356,2021-06-28 17:43:27,52.240551,8
952,514,21.1876517,8358,2021-06-28 17:43:26,52.2469933,3
953,523,20.978126,8359,2021-06-28 17:43:22,52.217431,3
954,507,21.102348,8360,2021-06-28 17:43:18,52.222059,7
955,202,21.0432967,8361,2021-06-28 17:43:28,52.2460267,1
956,502,21.16201,8362,2021-06-28 17:43:26,52.2259683,2
957,188,21.1183483,8363,2021-06-28 17:43:04,52.2442617,6
958,138,21.083993,8364,2021-06-28 17:43:11,52.260378,6
959,514,21.0187333,8365,2021-06-28 17:43:28,52.2176517,1
960,523,20.9572267,8366,2021-06-28 17:43:26,52.2265633,4
961,502,21.083383,8368,2021-06-28 17:43:24,52.235923,5
962,145,21.101005,8398,2021-06-28 17:43:29,52.285964,013
963,402,20.9866266,8403,2021-06-28 17:43:24,52.1817475,011
964,521,21.2048413,8408,2021-06-28 17:43:17,52.1593153,07
965,143,21.006521,8410,2021-06-28 17:43:27,52.21716,012
966,523,21.08495,8414,2021-06-28 17:43:22,52.2444141,13
967,148,21.0993116,8417,2021-06-28 17:43:26,52.2234883,9
968,148,21.049886,8430,2021-06-28 17:43:23,52.187199,010
969,162,21.0340621,8437,2021-06-28 17:43:28,52.2554955,012
970,125,21.07034,8438,2021-06-28 17:43:26,52.246152,1
971,162,21.030513,8440,2021-06-28 17:43:20,52.231736,015
972,145,21.126783,8441,2021-06-28 17:43:27,52.258717,6
973,269,21.0416914,8442,2021-06-28 17:43:30,52.300475,01
974,723,20.917761,8443,2021-06-28 17:43:30,52.379028,2
975,114,20.968988,8445,2021-06-28 17:43:30,52.265183,5
976,120,21.053654,8446,2021-06-28 17:43:28,52.295052,6
977,731,20.9377,8447,2021-06-28 17:43:28,52.4126,3
978,160,21.0029879,8448,2021-06-28 17:43:31,52.2297887,1
979,132,21.031731,8449,2021-06-28 17:43:30,52.299252,04
980,412,21.0355376,8450,2021-06-28 17:43:30,52.2537124,052
981,112,21.033039,8451,2021-06-28 17:43:30,52.297634,6
982,527,21.055237,8452,2021-06-28 17:43:28,52.275032,06
983,160,21.0542792,8453,2021-06-28 17:43:30,52.2757477,014
984,160,21.054129,8454,2021-06-28 17:43:31,52.295666,4
985,160,21.0597392,8455,2021-06-28 17:43:31,52.2693814,6
986,132,21.0558059,8457,2021-06-28 17:43:30,52.3247331,08
987,527,21.056982,8458,2021-06-28 17:43:28,52.321796,055
988,Z26,20.979265,8459,2021-06-28 17:43:29,52.236862,3
989,412,21.062944,8460,2021-06-28 17:43:29,52.310863,053
990,120,21.0508469,8461,2021-06-28 17:43:31,52.2524821,4
991,414,20.947899,8462,2021-06-28 17:43:28,52.2566811,05
992,511,20.928066,8463,2021-06-28 17:43:30,52.291355,05
993,509,20.966105,8465,2021-06-28 17:43:29,52.318855,2
994,136,20.9569783,8500,2021-06-28 17:43:24,52.227175,3
995,501,21.054916,8501,2021-06-28 17:43:23,52.181193,06
996,138,21.05546,8502,2021-06-28 17:43:26,52.231981,9
997,189,20.954841,8503,2021-06-28 17:43:16,52.190854,5
998,522,21.00493,8504,2021-06-28 17:43:28,52.229205,4
999,401,20.94893,8505,2021-06-28 17:43:25,52.192081,2
1000,131,21.003536,8506,2021-06-28 17:43:28,52.229329,7
1001,501,21.015346,8507,2021-06-28 17:43:09,52.218791,4
1002,138,20.9954417,8508,2021-06-28 17:43:26,52.17023,2
1003,189,21.069106,8509,2021-06-28 17:43:28,52.181356,1
1004,501,21.048666,8510,2021-06-28 17:43:19,52.178051,1
1005,189,21.054361,8511,2021-06-28 17:43:24,52.180889,027
1006,Z26,21.034926,8512,2021-06-28 17:43:17,52.255544,4
1007,186,20.968538,8513,2021-06-28 17:43:18,52.206895,013
1008,733,20.807803,8514,2021-06-28 17:43:19,52.093924,01
1009,Z26,20.9798267,8515,2021-06-28 17:43:19,52.2372233,7
1010,522,21.06847,8516,2021-06-28 17:43:27,52.168266,2
1011,141,21.027854,8517,2021-06-28 17:43:16,52.199824,10
1012,519,21.0045167,8519,2021-06-28 17:43:27,52.2284883,7
1013,519,21.086328,8520,2021-06-28 17:43:26,52.160356,1
1014,186,20.974941,8522,2021-06-28 17:43:16,52.317481,10
1015,733,20.901525,8523,2021-06-28 17:43:21,52.15689,62
1016,522,21.0797633,8525,2021-06-28 17:43:25,52.1575983,011
1017,172,20.9701217,8526,2021-06-28 17:43:18,52.21575,63
1018,172,20.983551,8528,2021-06-28 17:43:23,52.201473,5
1019,308,21.001793,8530,2021-06-28 17:43:21,52.188118,02
1020,172,21.0313983,8532,2021-06-28 17:43:18,52.2010067,1
1021,Z26,20.9744633,8533,2021-06-28 17:43:23,52.2355567,2
1022,138,21.046466,8534,2021-06-28 17:43:16,52.247984,5
1023,522,21.079983,8535,2021-06-28 17:43:20,52.157859,1
1024,172,21.023993,8536,2021-06-28 17:43:28,52.197616,6
1025,522,21.015425,8537,2021-06-28 17:43:20,52.218699,5
1026,709,21.012875,8539,2021-06-28 17:43:24,52.072355,4
1027,172,21.06902,8540,2021-06-28 17:43:29,52.1814383,8
1028,185,21.049748,8541,2021-06-28 17:43:23,52.154784,6
1029,172,21.049688,8543,2021-06-28 17:43:25,52.187443,9
1030,519,21.1035767,8544,2021-06-28 17:43:29,52.1210833,4
1031,522,21.053446,8546,2021-06-28 17:43:24,52.183884,012
1032,522,21.04786,8547,2021-06-28 17:43:23,52.189334,6
1033,402,20.99356,8548,2021-06-28 17:43:22,52.1790167,010
1034,186,20.9609633,8549,2021-06-28 17:43:24,52.2687517,015
1035,186,20.965693,8550,2021-06-28 17:43:10,52.272738,016
1036,709,21.017671,8551,2021-06-28 17:43:12,52.164798,10
1037,136,21.055794,8552,2021-06-28 17:43:16,52.147373,10
1038,Z26,21.0281733,8555,2021-06-28 17:43:27,52.251945,5
1039,519,21.0442183,8556,2021-06-28 17:43:29,52.19259,6
1040,Z26,21.0020233,8558,2021-06-28 17:43:22,52.24493,08
1041,217,21.042873,8559,2021-06-28 17:43:14,52.175611,06
1042,519,21.015851,8560,2021-06-28 17:43:30,52.223766,2
1043,411,21.100208,8561,2021-06-28 17:43:27,52.223439,02
1044,521,21.1191317,8562,2021-06-28 17:43:29,52.2379617,09
1045,402,21.093246,8563,2021-06-28 17:43:20,52.214986,2
1046,521,21.188123,8564,2021-06-28 17:43:28,52.184289,08
1047,502,21.1607117,8565,2021-06-28 17:43:24,52.2258517,014
1048,502,21.0154483,8566,2021-06-28 17:43:20,52.2231083,6
1049,402,21.156085,8567,2021-06-28 17:43:19,52.24034,014
1050,509,21.058561,8568,2021-06-28 17:43:30,52.235888,021
1051,171,20.921459,8569,2021-06-28 17:43:16,52.249246,2
1052,411,21.102456,8571,2021-06-28 17:43:10,52.222034,03
1053,E-1,21.1023383,8572,2021-06-28 17:43:23,52.2220167,04
1054,202,21.090945,8573,2021-06-28 17:43:31,52.2500467,2
1055,411,21.115896,8574,2021-06-28 10:20:57,52.233514,01
1056,720,21.086686,8576,2021-06-28 17:43:24,52.245216,1
1057,162,21.02741,8578,2021-06-28 17:43:18,52.2596517,4
1058,125,21.196495,8579,2021-06-28 17:43:31,52.208395,09
1059,731,21.000835,8583,2021-06-28 17:43:21,52.2912733,5
1060,269,21.042291,8584,2021-06-28 17:43:29,52.297834,02
1061,269,21.049945,8585,2021-06-28 17:43:29,52.2764767,03
1062,514,21.03722,8586,2021-06-28 17:43:30,52.222363,2
1063,523,21.115558,8587,2021-06-28 08:55:25,52.233753,3
1064,145,21.0930967,8588,2021-06-28 17:43:28,52.24418,016
1065,514,21.161981,8589,2021-06-28 17:43:31,52.254854,4
1066,502,21.232456,8590,2021-06-28 17:43:17,52.216484,3
1067,507,21.030406,8592,2021-06-28 17:43:13,52.2338,2
1068,145,21.0004367,8593,2021-06-28 17:43:15,52.2914917,10
1069,138,21.0423767,8595,2021-06-28 17:43:26,52.2497933,8
1070,186,20.9753466,8801,2021-06-28 17:43:24,52.3172576,11
1071,185,20.97565,8802,2021-06-28 17:43:27,52.2896606,1
1072,727,21.0184276,8803,2021-06-28 17:43:27,52.1210823,1
1073,217,21.04062,8804,2021-06-28 17:43:28,52.1759206,3
1074,185,21.0489428,8805,2021-06-28 17:43:31,52.2061391,4
1075,402,20.9934613,8806,2021-06-28 17:43:24,52.1789036,8
1076,131,21.0044036,8808,2021-06-28 17:43:29,52.2294191,3
1077,709,21.0187903,8809,2021-06-28 17:43:28,52.1058045,2
1078,174,20.9953376,8810,2021-06-28 17:43:30,52.1701556,1
1079,165,21.023599,8811,2021-06-28 17:43:14,52.1791518,3
1080,167,21.0483495,8812,2021-06-28 17:43:26,52.2117788,011
1081,402,21.0466636,8813,2021-06-28 17:43:18,52.1907571,1
1082,167,20.9720548,8814,2021-06-28 17:43:29,52.21272,2
1083,167,20.925786,8816,2021-06-28 17:43:27,52.234071,3
1084,308,21.020471,8817,2021-06-28 17:43:17,52.18959,03
1085,504,20.983886,8818,2021-06-28 17:43:13,52.197843,9
1086,331,20.9936695,8819,2021-06-28 17:43:28,52.1565278,04
1087,522,21.0166106,8820,2021-06-28 17:43:28,52.2145955,014
1088,174,21.005015,8821,2021-06-28 17:43:24,52.2166445,08
1089,174,21.004857,8822,2021-06-28 17:43:27,52.2219348,5
1090,522,21.0624286,8823,2021-06-28 17:43:27,52.1757745,015
1091,709,21.018187,8825,2021-06-28 17:43:22,52.167526,012
1092,504,20.9901408,8826,2021-06-28 17:43:22,52.2225545,8
1093,143,21.0620588,8828,2021-06-28 17:43:24,52.2284865,4
1094,509,21.021924,8829,2021-06-28 17:43:21,52.2628221,4
1095,523,21.0039645,8830,2021-06-28 17:43:31,52.2171576,11
1096,125,21.1804661,8831,2021-06-28 17:43:24,52.2069986,5
1097,171,20.9449841,8832,2021-06-28 17:43:28,52.2389333,7
1098,141,20.9786045,8833,2021-06-28 17:43:22,52.1838246,9
1099,704,21.1556573,8834,2021-06-28 17:43:25,52.2262135,2
1100,521,20.9861258,8835,2021-06-28 17:43:21,52.2215955,5
1101,182,21.0978091,8837,2021-06-28 17:43:31,52.2354611,6
1102,182,21.0142963,8838,2021-06-28 17:43:18,52.2168478,010
1103,704,21.255991,8839,2021-06-28 17:43:28,52.222593,1
1104,185,21.0448475,8840,2021-06-28 17:43:22,52.1773178,5
1105,125,21.1761223,8841,2021-06-28 17:43:20,52.2061511,6
1106,521,21.2045331,8843,2021-06-28 17:43:30,52.1594488,3
1107,185,20.9764558,8844,2021-06-28 17:43:22,52.290626,2
1108,402,21.0909355,8845,2021-06-28 17:43:30,52.2132896,013
1109,143,21.0050293,8846,2021-06-28 17:43:29,52.216214,3
1110,143,21.172206,8847,2021-06-28 17:43:24,52.2618175,6
1111,125,21.0870841,8849,2021-06-28 17:43:29,52.2452845,3
1112,521,20.9641176,8850,2021-06-28 17:43:20,52.2078193,6
1113,523,20.9614921,8851,2021-06-28 17:43:28,52.2168603,019
1114,141,21.099977,8852,2021-06-28 17:43:23,52.2389295,3
1115,125,21.1257596,8853,2021-06-28 17:43:27,52.2346523,7
1116,509,21.1024746,8854,2021-06-28 17:43:22,52.2219173,8
1117,402,21.0353765,8855,2021-06-28 17:43:29,52.1734973,6
1118,512,21.047503,8856,2021-06-28 17:43:23,52.2603646,1
1119,509,20.9862975,8857,2021-06-28 17:43:20,52.3055618,12
1120,169,21.0368408,8858,2021-06-28 17:43:23,52.2571303,1
1121,112,21.0532666,8859,2021-06-28 17:43:29,52.2944668,4
1122,512,21.0358916,8861,2021-06-28 17:43:23,52.2551726,4
1123,412,21.068384,8862,2021-06-28 17:43:30,52.32339,04
1124,738,21.19619,8864,2021-06-28 17:43:24,52.4035815,05
1125,500,21.0459893,8865,2021-06-28 10:43:17,52.2651186,08
1126,169,21.051754,8866,2021-06-28 17:43:16,52.2528996,5
1127,162,21.085017,8867,2021-06-28 17:43:28,52.193292,1
1128,190,21.0342131,8868,2021-06-28 17:43:26,52.2544268,5
1129,190,21.0722053,8869,2021-06-28 17:43:28,52.2833323,023
1130,190,21.0793508,8871,2021-06-28 17:43:28,52.2916233,025
1131,190,21.041015,8872,2021-06-28 17:43:24,52.2574123,026
1132,738,21.068756,8873,2021-06-28 17:43:19,52.278793,06
1133,500,21.036241,8874,2021-06-28 17:43:23,52.267876,3
1134,190,21.0655726,8875,2021-06-28 17:43:29,52.2747745,4
1135,162,21.028681,8876,2021-06-28 17:43:27,52.2491355,3
1136,512,21.0520096,8878,2021-06-28 17:43:28,52.2528611,06
1137,509,20.940962,8879,2021-06-28 17:43:23,52.328301,1
1138,709,20.996574,8880,2021-06-25 18:58:33,52.18762,016
1139,186,20.9422403,8881,2021-06-28 17:43:29,52.334262,014
1140,165,20.9923005,8882,2021-06-28 17:43:30,52.1635853,2
1141,128,21.0117553,8883,2021-06-28 17:43:21,52.2456196,64
1142,180,20.9633335,8885,2021-06-28 17:43:27,52.2583648,5
1143,167,20.9627648,8886,2021-06-28 17:43:20,52.2160535,5
1144,189,20.961158,8887,2021-06-28 17:43:21,52.189176,021
1145,128,20.9638193,8888,2021-06-28 17:43:24,52.2077416,61
1146,504,21.00504,8891,2021-06-28 17:43:27,52.228995,012
1147,165,20.992354,8892,2021-06-28 17:43:12,52.160293,1
1148,180,21.017543,8893,2021-06-28 17:43:20,52.237704,53
1149,217,21.0765245,8894,2021-06-28 17:43:25,52.1569038,05
1150,136,21.0212805,8895,2021-06-28 17:43:28,52.1614131,015
1151,174,21.0140586,8896,2021-06-28 17:43:24,52.1828621,07
1152,180,21.0693785,8897,2021-06-28 17:43:24,52.1814871,015
1153,167,21.0324893,8898,2021-06-28 17:43:18,52.2070591,7
1154,504,20.9884461,8899,2021-06-28 17:43:23,52.2135348,6
1155,161,21.211021,9061,2021-06-28 17:43:28,52.181381,2
1156,161,21.224728,9063,2021-06-28 17:43:30,52.186729,3
1157,262,21.070793,9064,2021-06-28 17:43:31,52.280121,03
1158,314,20.973978,9065,2021-06-28 17:43:29,52.318508,04
1159,314,21.028759,9066,2021-06-28 17:43:31,52.312489,02
1160,104,21.032478,9068,2021-06-28 17:43:30,52.322483,2
1161,161,21.202429,9070,2021-06-28 17:43:29,52.170059,1
1162,225,21.102493,9071,2021-06-28 17:43:28,52.222778,2
1163,225,21.136124,9074,2021-06-28 17:43:30,52.259571,4
1164,225,21.128176,9075,2021-06-28 17:43:29,52.258934,3
1165,211,20.947319,9077,2021-06-28 17:43:31,52.332127,08
1166,314,21.042618,9078,2021-06-28 17:43:29,52.347813,01
1167,262,21.08782,9080,2021-06-28 17:43:29,52.286587,1
1168,104,21.000202,9081,2021-06-28 17:43:29,52.291512,1
1169,314,20.95229,9082,2021-06-28 17:43:29,52.316853,03
1170,262,21.060905,9083,2021-06-28 17:43:27,52.273617,2
1171,225,21.118517,9088,2021-06-28 17:43:31,52.232574,1
1172,211,20.941439,9090,2021-06-28 17:43:27,52.355343,2
1173,211,20.941174,9091,2021-06-28 17:43:29,52.355808,07
1174,305,21.148493,9093,2021-06-28 17:43:30,52.227097,1
1175,900,20.944654,9094,2021-06-28 17:43:30,52.349487,1
1176,133,20.94631,9201,2021-06-28 17:43:31,52.324181,2
1177,207,20.903448,9202,2021-06-28 17:43:29,52.189331,03
1178,164,21.138131,9203,2021-06-28 17:40:28,52.145827,05
1179,133,20.952269,9204,2021-06-28 17:43:29,52.316936,1
1180,809,20.98571,9205,2021-06-28 17:43:26,52.111191,51
1181,239,21.038073,9206,2021-06-28 17:43:29,52.153976,52
1182,239,21.031899,9208,2021-06-28 17:43:28,52.154385,54
1183,211,20.956816,9209,2021-06-28 17:43:30,52.32692,4
1184,177,20.867863,9210,2021-06-28 17:43:31,52.20092,3
1185,239,21.030729,9212,2021-06-28 17:43:28,52.153942,53
1186,211,20.980054,9213,2021-06-28 17:43:28,52.301349,6
1187,219,21.102608,9215,2021-06-28 17:43:28,52.222755,3
1188,234,21.014074,9217,2021-06-28 17:43:23,52.310387,1
1189,209,21.005785,9218,2021-06-28 17:43:29,52.123611,057
1190,234,21.053917,9219,2021-06-28 17:43:28,52.337746,2
1191,203,20.902739,9220,2021-06-28 17:43:27,52.275177,1
1192,249,20.890816,9221,2021-06-28 17:43:29,52.230137,1
1193,211,20.961182,9223,2021-06-28 17:43:24,52.31694,1
1194,201,20.945848,9224,2021-06-28 17:43:30,52.239384,3
1195,208,20.968676,9225,2021-06-28 17:43:30,52.213783,04
1196,208,20.97554,9226,2021-06-28 17:43:25,52.210239,05
1197,208,20.965179,9227,2021-06-28 17:43:27,52.201809,2
1198,219,21.1159,9228,2021-06-28 17:43:26,52.214222,2
1199,219,21.162405,9229,2021-06-28 17:43:26,52.185143,1
1200,201,20.929195,9230,2021-06-28 17:43:31,52.263432,2
1201,809,21.037754,9232,2021-06-28 17:43:28,52.154018,056
1202,264,21.084684,9233,2021-06-28 17:43:22,52.162533,1
1203,203,20.928282,9234,2021-06-28 17:43:27,52.29113,2
1204,201,20.945673,9235,2021-06-28 17:43:29,52.239315,5
1205,201,20.926558,9236,2021-06-28 17:43:23,52.234066,4
1206,209,21.021051,9237,2021-06-28 17:43:23,52.143158,055
1207,208,20.975622,9238,2021-06-28 17:43:31,52.210293,03
1208,207,20.870472,9239,2021-06-28 17:43:27,52.183342,02
1209,177,20.883745,9240,2021-06-28 17:43:28,52.205772,1
1210,133,20.972427,9241,2021-06-28 17:43:25,52.349186,3
1211,201,20.930904,9242,2021-06-28 17:43:30,52.259594,06
1212,211,20.966358,9243,2021-06-28 17:43:27,52.312153,5
1213,207,20.88521,9244,2021-06-28 17:43:26,52.196224,01
1214,211,20.939169,9245,2021-06-28 17:43:24,52.340343,3
1215,164,21.08429,9246,2021-06-28 17:43:29,52.166451,04
1216,201,20.925216,9247,2021-06-28 17:43:26,52.260725,1
1217,177,20.902657,9248,2021-06-28 17:43:28,52.182251,2
1218,164,21.128469,9250,2021-06-28 17:43:27,52.156708,3
1219,164,21.107447,9251,2021-06-28 17:43:30,52.162899,2
1220,164,21.066008,9252,2021-06-28 17:43:25,52.192131,1
1221,211,21.001003,9254,2021-06-28 17:43:28,52.291748,09
1222,199,21.14238,9301,2021-06-28 17:43:28,52.277111,06
1223,739,21.03977,9302,2021-06-28 17:43:24,52.080574,2
1224,739,21.018827,9304,2021-06-28 17:43:29,52.098751,3
1225,179,21.036808,9311,2021-06-28 16:43:28,52.162086,10
1226,123,21.099289,9312,2021-06-28 17:43:29,52.243019,08
1227,179,21.037664,9313,2021-06-28 17:43:25,52.162525,11
1228,153,21.172609,9314,2021-06-28 17:43:29,52.285442,2
1229,179,21.035048,9315,2021-06-28 17:43:28,52.145233,2
1230,135,21.080437,9316,2021-06-28 17:43:28,52.241695,3
1231,135,21.095663,9317,2021-06-28 17:43:28,52.231281,6
1232,135,21.107626,9318,2021-06-28 17:43:24,52.249035,2
1233,135,21.107126,9319,2021-06-28 17:43:25,52.248405,1
1234,179,21.049986,9320,2021-06-28 17:43:26,52.137154,4
1235,179,21.068592,9321,2021-06-28 17:43:32,52.128922,5
1236,123,21.051128,9322,2021-06-28 17:43:28,52.252636,5
1237,135,21.035149,9323,2021-06-28 17:43:29,52.251804,07
1238,179,21.02939,9324,2021-06-28 17:43:29,52.154831,9
1239,179,21.021496,9325,2021-06-28 17:43:31,52.156464,51
1240,256,21.066376,9326,2021-06-28 17:43:23,52.274754,2
1241,142,21.089546,9327,2021-06-28 17:43:27,52.244877,3
1242,179,21.03071,9328,2021-06-28 17:43:16,52.142075,8
1243,153,21.154446,9329,2021-06-28 17:43:31,52.266865,04
1244,123,21.0773959,9331,2021-06-28 09:44:24,52.2687066,07
1245,123,21.077486,9332,2021-06-28 15:39:21,52.268074,08
1246,142,21.155777,9333,2021-06-28 17:43:30,52.170921,5
1247,739,21.018095,9334,2021-06-28 17:43:30,52.138584,1
1248,153,21.15723,9335,2021-06-28 17:43:29,52.263203,3
1249,135,21.038263,9336,2021-06-28 17:43:29,52.263775,5
1250,739,21.0771987,9337,2021-06-28 16:56:14,52.2682345,2
1251,179,21.054327,9338,2021-06-28 17:43:30,52.138943,6
1252,256,21.06679,9339,2021-06-28 17:43:26,52.319431,1
1253,153,21.177074,9340,2021-06-28 17:43:27,52.256866,1
1254,142,21.090971,9341,2021-06-28 17:43:29,52.244781,4
1255,739,21.024302,9342,2021-06-28 17:43:29,52.179886,4
1256,256,21.053749,9343,2021-06-28 17:43:18,52.27589,4
1257,135,21.040995,9344,2021-06-28 17:43:31,52.248066,08
1258,739,21.023928,9345,2021-06-28 17:43:25,52.179977,05
1259,179,21.055059,9346,2021-06-28 17:43:27,52.153271,7
1260,135,21.032766,9347,2021-06-28 17:43:29,52.262295,4
1261,123,21.050922,9348,2021-06-28 17:43:27,52.239689,09
1262,179,21.059788,9349,2021-06-28 17:43:29,52.149353,3
1263,123,21.084349,9350,2021-06-28 17:43:30,52.252796,357
1264,142,21.242067,9351,2021-06-28 17:43:27,52.16983,1
1265,123,21.050537,9352,2021-06-28 17:43:30,52.252434,6
1266,739,21.035927,9353,2021-06-28 17:43:27,52.093159,06
1267,123,21.065689,9354,2021-06-28 17:43:32,52.231224,07
1268,199,21.075159,9355,2021-06-28 17:43:24,52.28651,05
1269,256,21.080996,9356,2021-06-28 17:41:39,52.277397,3
1270,142,21.155119,9357,2021-06-28 17:43:25,52.171646,2
1271,142,21.077633,9358,2021-06-28 16:02:28,52.267822,4
1272,256,21.067072,9359,2021-06-28 17:43:31,52.323483,5
1273,176,20.982248,9403,2021-06-28 17:43:31,52.355595,1
1274,176,21.033688,9405,2021-06-28 17:43:30,52.282936,05
1275,176,21.002813,9412,2021-06-28 17:43:27,52.312115,3
1276,197,20.951216,9413,2021-06-28 17:43:29,52.28075,012
1277,197,20.93358,9414,2021-06-28 17:43:30,52.224327,014
1278,102,21.036781,9416,2021-06-28 17:43:29,52.242966,3
1279,157,20.992228,9417,2021-06-28 17:43:25,52.225803,7
1280,712,20.859432,9418,2021-06-28 17:43:29,52.278809,02
1281,516,20.942038,9420,2021-06-28 17:43:29,52.333935,5
1282,157,20.976732,9423,2021-06-28 17:43:31,52.289989,1
1283,103,20.92692,9424,2021-06-28 17:43:27,52.290298,4
1284,123,21.095385,9425,2021-06-28 17:43:31,52.230793,1
1285,157,20.990137,9426,2021-06-28 17:43:27,52.235664,3
1286,157,20.984938,9427,2021-06-28 17:43:25,52.218914,4
1287,157,20.989479,9428,2021-06-28 17:43:28,52.265385,9
1288,103,20.957539,9429,2021-06-28 17:43:31,52.241417,6
1289,157,20.975277,9432,2021-06-28 17:43:28,52.289494,10
1290,743,20.929411,9433,2021-06-28 17:43:27,52.223995,02
1291,176,20.982338,9434,2021-06-28 17:43:28,52.355469,04
1292,516,20.95257,9435,2021-06-28 17:43:30,52.318901,1
1293,157,20.985247,9436,2021-06-28 17:43:26,52.250896,2
1294,157,20.96944,9437,2021-06-28 17:43:30,52.210548,6
1295,197,20.949055,9438,2021-06-28 17:43:30,52.279537,011
1296,197,20.932627,9439,2021-06-28 17:43:31,52.253292,016
1297,516,21.000824,9440,2021-06-28 17:43:26,52.291153,3
1298,123,21.06616,9441,2021-06-28 17:43:26,52.251381,3
1299,103,20.955189,9442,2021-06-28 17:43:30,52.283722,5
1300,102,21.010405,9443,2021-06-28 17:43:31,52.239388,1
1301,103,20.968473,9445,2021-06-28 17:43:29,52.222095,7
1302,103,20.959709,9446,2021-06-28 17:43:26,52.259689,1
1303,123,21.072281,9447,2021-06-28 17:43:31,52.225117,4
1304,157,20.987108,9448,2021-06-28 17:43:27,52.268105,011
1305,516,20.952972,9449,2021-06-28 17:43:26,52.319038,4
1306,102,21.087578,9450,2021-06-28 17:43:27,52.250256,2
1307,157,20.963905,9451,2021-06-28 17:43:29,52.207951,5
1308,157,20.98785,9452,2021-06-28 17:43:26,52.242355,8
1309,176,20.993847,9453,2021-06-28 17:43:26,52.32399,2
1310,197,20.930391,9454,2021-06-28 17:43:24,52.223633,015
1311,712,20.927305,9455,2021-06-28 17:43:26,52.283848,1
1312,743,20.695795,9456,2021-06-28 17:43:30,52.19659,1
1313,197,20.938856,9457,2021-06-28 17:43:27,52.246586,013
1314,103,20.966307,9458,2021-06-28 17:43:29,52.2323,8
1315,194,20.867820667,9501,2021-06-28 17:43:30,52.194142333,5
1316,707,20.990045333,9502,2021-06-28 17:43:22,52.081930667,1
1317,159,20.954822667,9503,2021-06-28 17:43:32,52.211903833,1
1318,103,20.942862167,9505,2021-06-28 17:43:25,52.269722667,09
1319,103,20.968663833,9506,2021-06-28 17:43:30,52.222083,011
1320,220,20.938798333,9509,2021-06-28 17:43:30,52.171397333,3
1321,194,20.913823667,9510,2021-06-28 17:43:29,52.212082833,06
1322,737,20.978510667,9511,2021-06-28 17:43:27,52.106182833,56
1323,220,20.910465833,9513,2021-06-28 17:43:27,52.253632333,5
1324,715,21.034320167,9514,2021-06-28 17:43:30,52.156017833,53
1325,181,20.953571167,9515,2021-06-28 17:43:28,52.286123,2
1326,737,21.0370195,9516,2021-06-28 17:43:29,52.161987,54
1327,149,20.878964167,9518,2021-06-28 17:43:30,52.248191833,06
1328,149,20.941888,9519,2021-06-28 17:43:30,52.2393885,2
1329,159,20.954761333,9520,2021-06-28 17:43:31,52.212158167,8
1330,715,20.9801365,9521,2021-06-28 17:43:28,52.113291,1
1331,220,20.896852167,9522,2021-06-28 17:43:31,52.226985333,4
1332,220,20.901069167,9523,2021-06-28 17:43:30,52.194478833,07
1333,220,20.939260833,9524,2021-06-28 17:43:31,52.172087667,2
1334,194,20.929346833,9525,2021-06-28 17:43:30,52.223195167,3
1335,181,20.9860115,9526,2021-06-28 17:43:32,52.269480333,1
1336,715,20.962546333,9528,2021-06-28 17:43:31,52.1279185,058
1337,715,21.036884667,9529,2021-06-28 17:43:30,52.161989,52
1338,707,20.900131833,9530,2021-06-28 17:43:30,52.137879,03
1339,159,21.057342667,9531,2021-06-28 17:43:31,52.1930625,4
1340,194,20.904696333,9532,2021-06-28 17:43:29,52.207611833,1
1341,181,20.937882833,9533,2021-06-28 17:43:31,52.303441833,4
1342,181,20.899813167,9534,2021-06-28 17:43:29,52.297137,3
1343,159,20.9913505,9535,2021-06-28 17:43:28,52.223717,7
1344,159,21.0273135,9537,2021-06-28 17:43:32,52.224097833,6
1345,737,21.023393,9539,2021-06-28 17:43:30,52.142872167,059
1346,220,20.8965015,9540,2021-06-28 17:43:31,52.216362,1
1347,220,20.897612,9542,2021-06-28 17:43:26,52.245383333,6
1348,737,20.9215545,9544,2021-06-28 17:43:29,52.063715833,07
1349,220,20.925170667,9545,2021-06-28 17:43:32,52.260754167,08
1350,149,20.915013,9546,2021-06-28 17:43:27,52.239203,5
1351,220,20.9007515,9548,2021-06-28 17:43:29,52.190165833,09
1352,149,20.897353167,9550,2021-06-28 17:43:30,52.249408833,1
1353,715,20.943665,9551,2021-06-28 17:43:30,52.175594,55
1354,149,20.940548667,9552,2021-06-28 17:43:30,52.246636167,3
1355,194,20.885215667,9554,2021-06-28 17:43:24,52.196655167,07
1356,194,20.930521167,9555,2021-06-28 17:43:27,52.2250135,2
1357,159,21.030965,9556,2021-06-28 17:43:30,52.2242305,3
1358,149,20.939315333,9557,2021-06-28 17:43:29,52.2460845,4
1359,194,20.866302333,9558,2021-06-28 17:43:29,52.196994167,4
1360,159,21.061785167,9560,2021-06-28 17:43:31,52.192576667,5
1361,159,20.978417333,9561,2021-06-28 17:43:28,52.222366667,2
1362,118,21.041346,9671,2021-06-28 17:43:25,52.300117,2
1363,118,21.028753,9672,2021-06-28 17:43:30,52.22998,5
1364,326,21.002796,9673,2021-06-28 17:43:26,52.313881,04
1365,118,21.01362,9674,2021-06-28 17:43:27,52.252907,8
1366,152,21.004246,9676,2021-06-28 17:43:31,52.336239,5
1367,212,21.053642,9677,2021-06-28 17:43:31,52.273865,06
1368,118,21.020849,9678,2021-06-28 17:43:28,52.223671,7
1369,118,21.012735,9679,2021-06-28 17:43:29,52.29388,1
1370,326,20.990437,9680,2021-06-28 17:43:27,52.310139,02
1371,152,21.060602,9681,2021-06-28 17:43:30,52.315018,2
1372,212,21.038284,9682,2021-06-28 17:43:29,52.263916,5
1373,152,20.970146,9683,2021-06-28 17:43:26,52.320301,4
1374,212,21.066233,9684,2021-06-28 17:43:30,52.276051,1
1375,212,21.056913,9685,2021-06-28 17:43:31,52.302002,2
1376,326,21.061838,9686,2021-06-28 17:43:26,52.361687,05
1377,326,20.968595,9688,2021-06-28 17:43:23,52.272099,03
1378,118,21.01734,9689,2021-06-28 17:43:30,52.249878,4
1379,212,21.051378,9690,2021-06-28 17:43:30,52.291553,3
1380,326,21.061764,9692,2021-06-28 17:43:24,52.361767,01
1381,212,21.026979,9693,2021-06-28 17:43:29,52.259769,4
1382,152,20.992701,9695,2021-06-28 17:43:28,52.338902,1
1383,118,21.015598,9696,2021-06-28 17:43:25,52.219231,6
1384,118,21.041843,9697,2021-06-28 17:43:30,52.296097,3
1385,152,20.9715,9698,2021-06-28 17:43:25,52.320904,3
1386,710,21.125286,9801,2021-06-28 17:43:28,52.098896,4
1387,184,20.933979,9803,2021-06-28 17:43:30,52.271591,069
1388,127,20.994457,9804,2021-06-28 17:43:29,52.226345,56
1389,710,21.125523,9805,2021-06-28 17:43:30,52.100143,2
1390,525,21.01506,9807,2021-06-28 17:43:30,52.217525,319
1391,127,20.963161,9808,2021-06-28 17:43:27,52.216858,2
1392,109,20.898722,9809,2021-06-28 17:43:29,52.238503,07
1393,710,21.017813,9810,2021-06-28 17:43:31,52.074589,5
1394,719,20.912611,9812,2021-06-28 17:43:22,52.238949,3
1395,109,21.030669,9813,2021-06-28 17:19:50,52.230155,08
1396,Z10,20.929676,9814,2021-06-28 17:43:25,52.223679,2
1397,525,21.161551,9815,2021-06-28 17:43:30,52.225471,09
1398,742,21.194984,9816,2021-06-28 17:43:31,52.012424,1
1399,719,20.663523,9818,2021-06-28 17:43:31,52.263428,04
1400,719,20.736862,9819,2021-06-28 17:43:28,52.252022,1
1401,719,20.75672,9820,2021-06-28 17:43:28,52.256783,2
1402,710,21.015039,9821,2021-06-28 17:43:24,52.074451,1
1403,525,21.002935,9822,2021-06-28 17:43:24,52.229305,010
1404,184,20.923679,9823,2021-06-28 17:43:27,52.251209,010
1405,525,21.089674,9825,2021-06-28 17:19:36,52.235753,5
1406,127,20.93034,9828,2021-06-28 17:43:24,52.202583,4
1407,525,21.153601,9829,2021-06-28 17:43:26,52.226139,6
1408,Z10,20.913425,9830,2021-06-28 17:43:29,52.237835,8
1409,710,21.067717,9831,2021-06-28 17:43:24,52.129364,3
1410,127,21.006418,9833,2021-06-28 17:43:31,52.228634,1
1411,525,21.196585,9834,2021-06-28 17:43:25,52.208298,4
1412,742,21.078348,9835,2021-06-28 17:43:21,52.130432,02
1413,525,21.104259,9836,2021-06-28 17:43:28,52.234169,3
1414,185,21.000273,9837,2021-06-28 17:43:30,52.268482,12
1415,525,21.032465,9838,2021-06-28 17:43:25,52.221218,2
1416,724,21.022684,9839,2021-06-28 17:43:29,52.074177,1
1417,127,21.033884,9840,2021-06-28 17:43:24,52.230488,6
1418,724,21.100992,9841,2021-06-28 17:43:27,52.132168,02
1419,127,21.019434,9843,2021-06-28 17:43:32,52.246269,7
1420,127,20.895443,9844,2021-06-28 17:43:28,52.208801,09
1421,127,20.919725,9845,2021-06-28 17:43:28,52.209858,3
1422,Z10,20.914295,9846,2021-06-28 17:43:31,52.25259,6
1423,Z10,20.911228,9847,2021-06-28 17:43:31,52.247017,4
1424,109,20.984729,9849,2021-06-28 17:43:30,52.230786,6
1425,109,20.935823,9851,2021-06-28 17:43:26,52.239857,5
1426,109,20.948006,9852,2021-06-28 17:43:28,52.236958,4
1427,109,21.043287,9853,2021-06-28 17:43:23,52.223034,1
1428,127,21.028421,9854,2021-06-28 17:43:27,52.239487,335
1429,186,20.959661,9901,2021-06-28 17:43:29,52.221195,1
1430,210,20.931984,9902,2021-06-28 17:43:29,52.29007,5
1431,140,21.099257,9903,2021-06-28 17:43:27,52.31609,04
1432,520,21.015566,9905,2021-06-28 17:43:31,52.218182,011
1433,520,21.078171,9906,2021-06-28 17:43:30,52.235371,3
1434,140,21.083996,9907,2021-06-28 17:43:28,52.29734,08
1435,140,21.0634,9908,2021-06-28 17:43:30,52.272911,09
1436,140,21.062847,9909,2021-06-28 17:43:28,52.273079,2
1437,719,20.919012,9912,2021-06-28 17:43:30,52.239853,05
1438,520,21.00194,9913,2021-06-28 17:43:29,52.24329,08
1439,520,21.037733,9914,2021-06-28 17:43:30,52.222363,09
1440,520,21.111238,9915,2021-06-28 17:43:28,52.233143,6
1441,520,21.134632,9916,2021-06-28 17:43:28,52.241383,4
1442,193,21.026981,9918,2021-06-28 17:43:31,52.173435,2
1443,193,20.995426,9919,2021-06-28 17:43:29,52.170261,3
1444,140,21.120014,9920,2021-06-28 17:43:22,52.341351,05
1445,140,21.111469,9921,2021-06-28 17:43:26,52.360878,06
1446,520,21.155962,9922,2021-06-28 17:43:31,52.240395,5
1447,193,20.995718,9923,2021-06-28 17:43:30,52.170185,4
1448,140,21.113991,9924,2021-06-28 17:43:29,52.33374,07
1449,193,21.034998,9926,2021-06-28 17:43:27,52.15604,1
1450,520,21.13509,9927,2021-06-28 17:43:29,52.24118,010
1451,140,21.111225,9928,2021-06-28 17:43:30,52.360924,3
1452,193,21.03178,9930,2021-06-28 17:43:27,52.173481,5
1453,186,20.960924,9932,2021-06-28 17:43:29,52.216072,4
1454,520,21.001867,9933,2021-06-28 17:43:28,52.243759,2
1455,186,20.971636,9934,2021-06-28 17:43:28,52.212975,2
1456,520,21.002172,9935,2021-06-28 17:43:29,52.243114,1
1457,186,20.978527,9936,2021-06-28 17:43:31,52.311684,6
1458,520,21.013155,9937,2021-06-28 17:43:30,52.227219,7
1459,186,20.964487,9940,2021-06-28 17:43:29,52.208225,3
1460,186,20.970001,9941,2021-06-28 17:43:27,52.320133,8
1461,210,20.929308,9942,2021-06-28 17:43:28,52.290852,4
1462,109,21.013472,9943,2021-06-28 17:43:29,52.230164,2
1463,186,20.958643,9945,2021-06-28 17:43:29,52.316391,9
1464,210,20.820642,9946,2021-06-28 17:43:31,52.291561,3
1465,109,20.995989,9948,2021-06-28 17:43:30,52.232582,3
1466,210,20.836945,9949,2021-06-28 17:43:30,52.291119,1
1467,210,20.767385,9950,2021-06-28 17:43:31,52.307819,2
1468,186,20.957359,9951,2021-06-28 17:43:28,52.246967,5
1469,186,20.942167,9953,2021-06-28 17:43:27,52.333996,67
1470,140,21.052773,9954,2021-06-28 17:43:29,52.276855,1
1471,o97B,21.423098,9999,2021-06-28 14:27:55,50.302967,7
