,Lines,Lon,VehicleNumber,Time,Lat,Brigade
0,213,21.1518985,1001,2021-06-28 17:29:46,52.2140373,1
1,213,21.093678,1003,2021-06-28 17:29:25,52.227168,05
2,213,21.1887383,1004,2021-06-28 17:29:48,52.149894,3
3,196,21.1591903,1005,2021-06-28 17:29:42,52.2574501,2
4,196,21.164763,1008,2021-06-28 17:29:38,52.26147,03
5,213,21.212269,1009,2021-06-28 17:29:37,52.160903,4
6,213,21.1817541,1010,2021-06-28 17:29:35,52.1841766,2
7,311,21.083073,1012,2021-06-28 17:29:27,52.232261,1
8,196,21.176253,1014,2021-06-28 17:29:24,52.256771,1
9,311,21.0942848,1015,2021-06-28 17:29:40,52.2281185,2
10,365,20.999125,1021,2021-06-28 17:29:42,52.175362,01
11,107,20.99699,1023,2021-06-28 17:29:44,52.246719,3
12,163,21.0561187,1025,2021-06-28 17:29:43,52.1815434,2
13,107,20.979248,1026,2021-06-28 17:29:43,52.244541,5
14,108,21.083838,1027,2021-06-28 17:29:44,52.198082,1
15,108,21.0482651,1028,2021-06-28 17:29:43,52.2118225,5
16,108,21.023275,1029,2021-06-28 17:29:44,52.228893,6
17,365,21.004761,1031,2021-06-28 17:29:44,52.1780469,02
18,108,21.0655945,1033,2021-06-28 17:29:41,52.1853491,4
19,163,21.107481,1034,2021-06-28 17:29:43,52.168179,1
20,192,21.068415,1037,2021-06-28 17:29:43,52.131336,7
21,108,21.02381,1038,2021-06-28 17:29:32,52.179703,3
22,365,21.0240381,1039,2021-06-28 17:29:44,52.1798462,03
23,107,21.0179133,1040,2021-06-28 17:29:36,52.2278333,6
24,107,21.025765,1042,2021-06-28 17:29:40,52.2240733,2
25,107,21.046221,1043,2021-06-28 17:29:30,52.21549,07
26,107,20.979254,1045,2021-06-28 17:29:39,52.244826,4
27,204,21.056573,1046,2021-06-28 17:29:36,52.324411,05
28,204,21.02304,1047,2021-06-28 17:29:41,52.277208,1
29,204,21.038671,1048,2021-06-28 17:29:34,52.296281,04
30,228,20.89292,1050,2021-06-28 17:29:39,52.200306,1
31,228,20.966281,1051,2021-06-28 17:29:27,52.19941,2
32,328,20.962996,1052,2021-06-28 17:29:42,52.195876,01
33,129,20.942728,1053,2021-06-28 17:29:36,52.238866,4
34,228,20.923673,1054,2021-06-28 17:29:27,52.204048,3
35,129,20.94837,1055,2021-06-28 17:29:34,52.242561,3
36,328,20.973871,1058,2021-06-28 17:29:43,52.181624,02
37,129,20.908633,1059,2021-06-28 17:29:38,52.193011,1
38,328,20.994673,1061,2021-06-28 17:29:44,52.1509179,03
39,192,21.05006,1062,2021-06-28 17:29:43,52.137714,51
40,192,21.019556,1064,2021-06-28 17:29:45,52.172176,2
41,163,21.0545839,1065,2021-06-28 17:29:43,52.1809394,04
42,107,21.049017,1066,2021-06-28 17:29:44,52.19545,1
43,163,21.0838534,1068,2021-06-28 17:29:44,52.1678967,3
44,192,21.0179997,1069,2021-06-28 17:29:44,52.1537995,4
45,163,21.107969,1070,2021-06-28 17:29:43,52.173344,05
46,192,21.068594,1074,2021-06-28 17:29:44,52.12912,6
47,108,21.0560731,1076,2021-06-28 17:29:44,52.1819059,2
48,192,21.024082,1077,2021-06-28 17:29:41,52.179928,3
49,192,21.044899,1079,2021-06-28 17:29:44,52.149612,1
50,736,21.0007873,1101,2021-06-28 17:29:40,52.2913746,02
51,132,21.0491201,1109,2021-06-28 17:29:39,52.3041081,2
52,303,20.9435715,1112,2021-06-28 17:29:38,52.2946233,3
53,147,21.061061,1113,2021-06-28 17:29:40,52.2317761,06
54,152,20.966246,1114,2021-06-28 17:29:32,52.331633,06
55,166,21.034876,1115,2021-06-28 17:29:33,52.2555623,09
56,132,21.0672,1116,2021-06-28 17:29:38,52.3239816,3
57,122,20.9437751,1117,2021-06-28 17:29:35,52.2690628,09
58,197,20.9415531,1118,2021-06-28 17:29:38,52.2324831,7
59,126,21.0043956,1119,2021-06-28 17:29:38,52.3102253,3
60,168,21.008389,1200,2021-06-28 17:29:41,52.202976,2
61,119,21.0003052,1202,2021-06-28 17:29:43,52.2061609,1
62,178,21.007406,1203,2021-06-28 17:29:44,52.234901,2
63,178,20.90181,1204,2021-06-28 17:29:43,52.189861,5
64,168,21.009726,1205,2021-06-28 17:29:44,52.203228,6
65,166,21.044505,1206,2021-06-28 17:29:43,52.249133,1
66,166,21.0607337,1208,2021-06-28 17:29:44,52.1367347,5
67,222,21.02291,1211,2021-06-28 17:29:43,52.2155996,4
68,174,21.013859,1212,2021-06-28 17:29:45,52.195229,371
69,174,21.0021939,1213,2021-06-28 17:29:44,52.2270034,3
70,218,21.016199,1214,2021-06-28 17:29:41,52.189178,5
71,166,21.0224381,1216,2021-06-28 17:29:43,52.2298776,7
72,168,21.0369649,1218,2021-06-28 17:29:43,52.2066929,5
73,119,21.070293,1220,2021-06-28 17:29:44,52.202927,5
74,122,20.9778618,1400,2021-06-28 17:29:34,52.2665715,012
75,121,20.9767075,1401,2021-06-28 17:29:41,52.2875071,04
76,134,21.047828,1403,2021-06-28 17:29:42,52.328411,1
77,110,20.9685283,1407,2021-06-28 17:29:39,52.2721916,05
78,240,21.118784,1408,2021-06-28 17:29:30,52.338248,4
79,173,21.054932,1411,2021-06-28 17:29:42,52.25034,5
80,117,21.052744,1412,2021-06-28 17:29:44,52.236671,1
81,702,21.262869,1413,2021-06-28 17:29:29,52.107988,2
82,168,20.996809,1415,2021-06-28 17:29:43,52.188946,1
83,202,21.061432,1416,2021-06-28 17:29:44,52.251221,04
84,183,21.1558036,1418,2021-06-28 17:29:44,52.2554714,6
85,147,21.049673,1419,2021-06-28 17:29:43,52.247562,2
86,199,21.1371661,1422,2021-06-28 17:29:41,52.2803787,4
87,198,21.21792,1423,2021-06-28 17:29:44,52.254139,05
88,173,21.1069531,1424,2021-06-28 17:29:43,52.2414857,6
89,115,21.2421625,1425,2021-06-28 17:29:44,52.1698966,4
90,173,21.255459,1426,2021-06-28 17:29:44,52.236256,8
91,147,21.114319,1427,2021-06-28 17:29:43,52.203762,4
92,146,21.0909424,1428,2021-06-28 17:29:41,52.2197284,2
93,142,21.086542,1430,2021-06-28 17:29:40,52.244774,06
94,L41,20.941368,14422,2021-06-28 17:29:40,52.400806,1
95,L10,20.94668,14423,2021-06-28 17:28:03,52.478302,1
96,L11,20.959845,14424,2021-06-28 17:29:40,52.423935,1
97,L10,20.929113,14425,2021-06-28 17:29:44,52.393623,50
98,L-8,20.945215,14426,2021-06-28 14:51:54,52.437912,1
99,L41,20.709785,14427,2021-06-28 17:29:40,52.430542,02
100,L11,20.960163,14429,2021-06-28 17:29:39,52.423203,57
101,L34,20.847353,14430,2021-06-28 17:01:01,52.441017,2
102,L34,20.862885,14431,2021-06-28 17:29:43,52.441681,1
103,L11,20.72279,14432,2021-06-28 17:29:38,52.424469,51
104,L-8,20.947144,14434,2021-06-28 17:29:43,52.40239,02
105,L-8,21.083536,14435,2021-06-28 17:29:42,52.423386,1
106,L49,20.941269,14436,2021-06-28 17:29:39,52.356403,1
107,L31,21.03931,14438,2021-06-28 17:29:44,52.432312,1
108,L-9,20.941437,14439,2021-06-28 17:29:45,52.400703,054
109,L-9,20.946692,14440,2021-06-28 17:16:21,52.471832,055
110,134,21.056094,1500,2021-06-28 17:29:34,52.30545,04
111,134,20.968326,1501,2021-06-28 17:29:39,52.271846,3
112,110,20.8824581,1502,2021-06-28 17:29:24,52.3143395,2
113,240,21.0762613,1505,2021-06-28 17:29:41,52.3222678,06
114,132,21.0001463,1506,2021-06-28 17:29:43,52.28969,07
115,134,21.0599201,1507,2021-06-28 17:29:40,52.361858,2
116,126,21.0174473,1508,2021-06-28 17:29:36,52.2922588,5
117,132,20.9681811,1509,2021-06-28 17:29:35,52.2719321,05
118,166,21.043418,1510,2021-06-28 17:29:36,52.1731048,6
119,126,21.0566315,1513,2021-06-28 17:29:34,52.3018703,4
120,197,20.8826041,1514,2021-06-28 17:29:37,52.2165511,6
121,197,20.9412158,1515,2021-06-28 17:29:29,52.2615203,8
122,121,20.9252843,1516,2021-06-28 17:29:40,52.2723648,1
123,173,21.244581,1519,2021-06-28 17:29:38,52.249568,10
124,202,21.038826,1521,2021-06-28 17:29:43,52.243274,07
125,202,21.065651,1522,2021-06-28 17:29:37,52.252056,3
126,146,21.21098,1523,2021-06-28 17:29:42,52.1601817,08
127,730,21.26215,1524,2021-06-28 17:29:27,52.2056967,052
128,119,21.205704,1525,2021-06-28 17:29:27,52.21007,06
129,147,21.1693417,1526,2021-06-28 17:29:35,52.2055,09
130,198,21.223593,1528,2021-06-28 17:29:35,52.253868,3
131,702,21.130316,1530,2021-06-28 17:29:32,52.232835,03
132,198,21.222874,1531,2021-06-28 17:29:40,52.22102,2
133,115,21.162935,1533,2021-06-28 17:29:37,52.2545617,2
134,142,21.144194,1534,2021-06-28 17:29:31,52.185369,07
135,198,21.22933,1535,2021-06-28 17:29:26,52.216568,1
136,106,20.98992,1537,2021-06-28 17:29:38,52.234618,4
137,170,21.0281983,1538,2021-06-28 17:29:37,52.2598383,4
138,120,21.058911,1539,2021-06-28 17:29:40,52.302058,1
139,199,21.090008,1540,2021-06-28 17:29:42,52.295293,1
140,156,21.0612783,1541,2021-06-28 17:29:34,52.269605,1
141,170,21.022086,1542,2021-06-28 17:29:27,52.262351,1
142,156,20.927908,1543,2021-06-28 17:29:41,52.290835,3
143,338,21.045149,1544,2021-06-28 17:29:37,52.254318,01
144,122,20.976556,1546,2021-06-28 17:29:39,52.287948,013
145,338,21.0342183,1548,2021-06-28 17:29:41,52.2549767,04
146,199,21.102178,1549,2021-06-28 17:29:35,52.294671,2
147,170,21.070153,1550,2021-06-28 17:29:41,52.266631,3
148,240,21.099886,1551,2021-06-28 17:29:38,52.318165,3
149,221,20.969053,1552,2021-06-28 17:29:38,52.257398,2
150,106,20.9659717,1554,2021-06-28 17:29:37,52.2335517,06
151,L-4,20.91931,17451,2021-06-28 17:21:43,52.096683,1
152,L26,21.15863,17452,2021-06-28 17:29:40,52.315437,02
153,L37,21.225248,17453,2021-06-28 17:29:39,52.309128,1
154,L40,21.224745,17454,2021-06-28 17:29:46,52.343899,1
155,L36,21.267874,17456,2021-06-28 17:29:40,52.367844,1
156,L35,21.326448,17458,2021-06-28 17:29:40,52.366146,1
157,L26,21.181334,17460,2021-06-28 17:29:41,52.337769,1
158,L46,21.16272,17461,2021-06-28 17:29:35,52.29409,1
159,L43,21.115412,17462,2021-06-28 17:29:29,52.317261,1
160,L45,21.099611,17464,2021-06-28 17:29:10,52.335529,02
161,L45,21.164888,17465,2021-06-28 17:29:40,52.359428,1
162,L38,21.257263,17466,2021-06-28 17:29:38,52.347597,1
163,L37,21.218834,17467,2021-06-28 17:29:41,52.324669,2
164,L40,21.099752,17468,2021-06-28 17:29:41,52.335346,02
165,197,20.8677476,1800,2021-06-28 17:29:36,52.194329,4
166,110,20.955633,1801,2021-06-28 17:29:40,52.276091,4
167,132,21.0249353,1802,2021-06-28 17:29:39,52.2973865,1
168,166,21.027108,1803,2021-06-28 17:29:34,52.2600245,8
169,122,20.9776263,1804,2021-06-28 17:29:40,52.2865508,5
170,173,21.0526483,1805,2021-06-28 17:29:39,52.2502733,4
171,204,21.0403696,1806,2021-06-28 17:29:40,52.2881295,3
172,122,20.9280408,1807,2021-06-28 17:29:41,52.2639533,4
173,303,20.9858538,1808,2021-06-28 17:29:40,52.269386,1
174,147,21.1178813,1809,2021-06-28 17:29:41,52.1997785,1
175,166,21.026348,1810,2021-06-28 17:29:30,52.214514,2
176,152,21.043346,1811,2021-06-28 10:10:53,52.266126,06
177,204,21.0600668,1812,2021-06-28 17:29:41,52.3156233,2
178,736,20.9295655,1813,2021-06-28 17:29:40,52.3952785,1
179,147,21.052649,1814,2021-06-28 17:29:27,52.250331,07
180,240,21.0446243,1815,2021-06-28 17:29:33,52.2858071,2
181,197,20.9637236,1817,2021-06-28 17:29:41,52.2828288,9
182,240,21.000616,1818,2021-06-28 17:29:37,52.2913045,05
183,221,20.9942541,1819,2021-06-28 17:29:36,52.2594755,1
184,117,21.099153,1823,2021-06-28 17:29:37,52.2215533,05
185,146,21.1565095,1826,2021-06-28 17:29:40,52.1692131,4
186,183,21.1052751,1828,2021-06-28 17:29:41,52.2417146,3
187,147,21.2429535,1829,2021-06-28 17:29:40,52.2191681,5
188,722,21.277176,1830,2021-06-28 17:29:30,52.110933,1
189,147,21.1169918,1832,2021-06-28 09:25:20,52.2330478,09
190,146,21.0383625,1833,2021-06-28 17:29:33,52.2435123,5
191,202,21.116848,1834,2021-06-28 09:35:30,52.233074,04
192,115,21.1708246,1835,2021-06-28 17:29:38,52.202618,3
193,168,21.0829856,1837,2021-06-28 17:29:36,52.2066486,07
194,183,21.1918391,1839,2021-06-28 17:29:42,52.238669,1
195,202,21.1070453,1840,2021-06-28 17:29:41,52.2458383,05
196,146,21.156283,1842,2021-06-28 17:29:25,52.169865,07
197,183,21.156923,1843,2021-06-28 17:29:27,52.255744,2
198,119,21.1275915,1844,2021-06-28 17:29:34,52.201267,3
199,115,21.171093,1846,2021-06-28 17:29:26,52.205553,5
200,730,21.2630561,1847,2021-06-28 17:29:39,52.2061148,61
201,119,21.1670033,1848,2021-06-28 17:29:33,52.204548,4
202,173,21.2180313,1849,2021-06-28 17:29:34,52.2164043,9
203,183,21.0872423,1850,2021-06-28 17:29:42,52.2443798,4
204,173,21.1580475,1851,2021-06-28 17:29:33,52.2404516,1
205,722,21.1264605,1854,2021-06-28 17:29:38,52.2342506,53
206,147,21.042806,1855,2021-06-28 17:29:38,52.2441931,3
207,146,21.0442565,1856,2021-06-28 17:29:32,52.2372236,1
208,117,21.1023671,1857,2021-06-28 17:29:38,52.2221745,2
209,115,21.1702585,1858,2021-06-28 17:29:40,52.2770718,1
210,146,21.10611,1859,2021-06-28 17:29:43,52.2108133,09
211,115,21.161899,1860,2021-06-28 17:29:41,52.25489,6
212,119,21.047098,1862,2021-06-28 17:29:31,52.197266,2
213,173,21.065004,1863,2021-06-28 17:29:39,52.2521146,3
214,146,21.2046733,1866,2021-06-28 17:29:42,52.1594828,3
215,183,21.0988983,1867,2021-06-28 17:29:39,52.2431401,5
216,147,21.214648,1869,2021-06-28 17:29:34,52.212391,08
217,251,21.1230796,1903,2021-06-28 17:29:43,52.0894941,53
218,168,20.9960119,1904,2021-06-28 17:29:37,52.1934015,09
219,739,21.018791,1905,2021-06-28 17:29:42,52.098678,07
220,251,21.0452629,1906,2021-06-28 17:29:34,52.1750808,52
221,251,21.0240113,1907,2021-06-28 17:29:41,52.1795673,54
222,178,20.930252,1908,2021-06-28 17:29:38,52.2026054,012
223,222,21.0050262,1909,2021-06-28 17:29:40,52.2448231,2
224,222,20.9954094,1910,2021-06-28 17:29:38,52.1915295,5
225,139,21.056425,1911,2021-06-28 17:29:43,52.172283,56
226,222,21.007448,1912,2021-06-28 17:29:41,52.189663,6
227,251,21.0873744,1914,2021-06-28 17:29:43,52.1588266,51
228,222,21.002832,1916,2021-06-28 17:29:43,52.243099,3
229,222,21.022348,1917,2021-06-28 17:29:43,52.179413,4
230,739,21.0242734,1918,2021-06-28 17:29:44,52.1799194,08
231,139,21.112432,1919,2021-06-28 17:29:44,52.110703,55
232,222,21.02492,1920,2021-06-28 17:29:43,52.220322,1
233,178,20.9262286,1991,2021-06-28 17:29:45,52.2034799,010
234,178,20.9147802,1993,2021-06-28 17:29:44,52.2018847,1
235,168,21.109552,1994,2021-06-28 17:29:43,52.233383,08
236,178,21.017462,1995,2021-06-28 17:29:41,52.236996,3
237,178,20.883438,1996,2021-06-28 17:29:45,52.195381,6
238,178,20.990166,1998,2021-06-28 17:29:44,52.231373,4
239,178,20.9795402,1999,2021-06-28 17:29:42,52.229226,013
240,105,20.897066,2001,2021-06-28 17:29:43,52.2235051,1
241,136,20.992249,2003,2021-06-28 17:29:45,52.183208,6
242,Z10,20.912786,2006,2021-06-28 17:29:44,52.239487,3
243,188,21.111465,2007,2021-06-28 17:29:42,52.244942,09
244,517,20.9109067,2008,2021-06-28 17:29:43,52.1961099,07
245,191,20.9824964,2009,2021-06-28 17:29:43,52.2176044,3
246,184,20.934101,2010,2021-06-28 17:29:45,52.2886037,4
247,124,20.9460301,2011,2021-06-28 17:29:45,52.1722876,03
248,401,20.958607,2013,2021-06-28 17:29:43,52.189877,1
249,182,20.9651804,2014,2021-06-28 17:29:44,52.2181334,012
250,171,20.9116162,2015,2021-06-28 17:29:43,52.2472187,1
251,401,20.908941,2016,2021-06-28 17:29:41,52.193199,011
252,190,21.0753224,2019,2021-06-28 17:29:42,52.2866479,014
253,191,20.8704742,2020,2021-06-28 17:29:43,52.1836949,7
254,401,20.8850249,2021,2021-06-28 17:29:44,52.1947939,5
255,522,21.0178044,2022,2021-06-28 17:29:39,52.2131562,013
256,193,21.037489,2023,2021-06-28 17:29:43,52.162041,06
257,189,21.0502634,2024,2021-06-28 17:29:44,52.1782504,14
258,401,21.0037812,2026,2021-06-28 17:29:43,52.1780206,8
259,522,21.0129312,2027,2021-06-28 17:29:44,52.2276036,318
260,519,21.0671067,2028,2021-06-28 17:29:43,52.1712432,3
261,501,21.0155386,2029,2021-06-28 17:29:44,52.2182536,3
262,189,20.899002,2030,2021-06-28 17:29:43,52.238705,9
263,131,21.030443,2032,2021-06-28 17:29:43,52.206791,10
264,522,21.080061,2033,2021-06-28 17:29:40,52.157677,07
265,189,20.936741,2035,2021-06-28 17:29:42,52.194458,12
266,519,21.0848387,2036,2021-06-28 17:29:43,52.1674222,5
267,501,21.048277,2037,2021-06-28 17:29:44,52.177948,5
268,138,20.995461,2038,2021-06-28 17:29:43,52.170273,010
269,501,21.0029979,2040,2021-06-28 17:29:42,52.2294812,2
270,189,20.8987552,2041,2021-06-28 17:29:44,52.2387732,8
271,138,21.085787,2042,2021-06-28 17:29:43,52.260632,012
272,401,20.86212,2044,2021-06-28 17:29:42,52.190372,012
273,172,20.9613122,2045,2021-06-28 17:29:43,52.2166817,010
274,172,20.977396,2200,2021-06-28 17:29:44,52.206032,4
275,523,20.99229,2201,2021-06-28 17:29:43,52.216507,14
276,187,21.004042,2202,2021-06-28 17:29:42,52.21711,3
277,136,21.001804,2203,2021-06-28 17:29:43,52.188263,1
278,Z10,20.9125732,2204,2021-06-28 17:29:39,52.2412335,010
279,171,20.9283281,2205,2021-06-28 17:29:43,52.2638297,011
280,Z10,20.9144117,2206,2021-06-28 17:29:44,52.2000906,7
281,189,20.917065,2207,2021-06-28 17:29:44,52.221416,10
282,190,20.8987997,2209,2021-06-28 17:29:43,52.2389372,8
283,172,20.968662,2210,2021-06-28 17:29:44,52.21423,2
284,122,20.9613201,2212,2021-06-28 17:29:42,52.2591627,6
285,122,20.9452809,2213,2021-06-28 17:29:44,52.2656587,07
286,136,21.026279,2215,2021-06-28 17:29:43,52.161983,11
287,190,20.897312,2216,2021-06-28 17:29:43,52.222267,018
288,401,20.9515575,2217,2021-06-28 17:29:45,52.1916314,09
289,Z10,20.914162,2218,2021-06-28 17:29:44,52.236507,5
290,148,21.0554902,2221,2021-06-28 17:29:42,52.1819119,8
291,523,20.9876394,2222,2021-06-28 17:29:43,52.2162619,1
292,191,20.920977,2223,2021-06-28 17:29:42,52.204617,9
293,189,21.01803,2224,2021-06-28 17:29:43,52.173664,2
294,191,20.9119999,2225,2021-06-28 17:29:41,52.19737,5
295,517,20.870689,2226,2021-06-28 17:29:44,52.198338,3
296,136,21.0297246,2231,2021-06-28 17:29:44,52.1531495,013
297,189,20.9150814,2232,2021-06-28 17:29:44,52.1995812,11
298,317,21.021023,2233,2021-06-28 17:29:43,52.173248,08
299,Z10,20.9167499,2235,2021-06-28 17:29:44,52.2247199,011
300,317,20.9999676,2236,2021-06-28 17:29:41,52.1752401,4
301,187,21.02026,2240,2021-06-28 17:29:44,52.218033,2
302,136,21.0487772,2241,2021-06-28 17:29:42,52.1507701,9
303,191,20.9540081,2243,2021-06-28 17:29:42,52.2132972,1
304,171,21.0433076,2244,2021-06-28 17:29:43,52.2228987,4
305,Z10,20.930819,2245,2021-06-28 17:29:41,52.225018,9
306,717,20.840009,2247,2021-06-28 17:29:41,52.185291,3
307,317,20.951111,2249,2021-06-28 17:29:43,52.182693,06
308,189,20.92746,2252,2021-06-28 17:29:44,52.195839,4
309,112,21.0405326,2253,2021-06-28 17:29:43,52.2869634,2
310,191,20.936338,2254,2021-06-28 17:29:44,52.2011677,010
311,141,20.9720992,2256,2021-06-28 17:29:41,52.1856072,013
312,172,21.06908,2257,2021-06-28 17:29:44,52.181393,7
313,317,20.948109,2258,2021-06-28 17:29:43,52.180264,1
314,187,20.9359304,2259,2021-06-28 17:29:41,52.2008379,4
315,L48,21.303106,23481,2021-06-28 04:38:21,52.203297,1
316,L47,21.299688,23482,2021-06-28 17:29:41,52.256939,02
317,L47,21.297915,23483,2021-06-28 17:29:45,52.241642,1
318,L20,21.259727,24511,2021-06-28 17:29:44,52.107708,1
319,L20,21.471601,24512,2021-06-28 13:52:17,52.132278,1
320,L20,21.444408,24513,2021-06-28 17:29:41,52.135105,03
321,L20,21.471661,24515,2021-06-28 17:29:41,52.132065,2
322,245,21.0834025,3400,2021-06-28 17:29:37,52.2866153,2
323,112,21.060189,3401,2021-06-28 17:29:36,52.304956,018
324,412,21.0501413,3403,2021-06-28 17:29:34,52.2523611,01
325,112,20.91512,3404,2021-06-28 17:29:41,52.253328,7
326,412,21.036173,3405,2021-06-28 17:29:28,52.255106,05
327,500,21.0429591,3406,2021-06-28 17:29:39,52.2753805,08
328,500,21.0192716,3408,2021-06-28 17:29:40,52.2632443,2
329,245,21.1311405,3410,2021-06-28 17:29:42,52.2805075,05
330,114,20.9233,3411,2021-06-28 17:29:33,52.276355,011
331,500,21.0417555,3413,2021-06-28 17:29:43,52.3002585,1
332,190,21.0101085,3414,2021-06-28 17:29:20,52.2463445,027
333,114,20.9947395,3415,2021-06-28 17:29:41,52.2869483,09
334,114,20.9170343,3416,2021-06-28 17:29:43,52.3129698,010
335,738,21.0895098,3417,2021-06-28 17:29:41,52.3042653,3
336,738,21.1512856,3418,2021-06-28 17:29:41,52.378844,4
337,190,21.0577616,3421,2021-06-28 17:29:43,52.26557,021
338,500,20.985775,3422,2021-06-28 17:29:40,52.255388,4
339,185,21.0458683,3423,2021-06-28 17:29:44,52.2151683,10
340,512,21.05779,3424,2021-06-28 17:29:39,52.284071,2
341,512,21.0468315,3426,2021-06-28 17:29:42,52.2599966,3
342,169,21.041944,3427,2021-06-28 17:29:26,52.300183,2
343,185,21.0367,3428,2021-06-28 17:29:41,52.1408083,7
344,500,21.0420496,3429,2021-06-28 17:29:37,52.2942026,6
345,169,21.0417166,3430,2021-06-28 17:29:39,52.2931676,3
346,112,21.0523555,3431,2021-06-28 17:29:45,52.2929478,3
347,Z26,20.9859643,3432,2021-06-28 17:29:43,52.2392663,1
348,Z26,20.974479,3434,2021-06-28 17:29:42,52.235456,6
349,175,20.9891716,3435,2021-06-28 17:29:35,52.2184736,55
350,509,21.0606356,3437,2021-06-28 17:29:42,52.2328731,5
351,132,21.0700423,3438,2021-06-28 17:29:42,52.3241846,06
352,738,21.1554258,3439,2021-06-28 17:29:30,52.3838545,1
353,414,20.9539471,3440,2021-06-28 17:29:40,52.2541221,07
354,512,21.0519826,3441,2021-06-28 17:29:41,52.2528683,5
355,500,21.0416201,3442,2021-06-28 17:29:46,52.300321,7
356,509,20.972066,3443,2021-06-28 17:29:36,52.3208036,11
357,245,21.0517285,3444,2021-06-28 17:29:42,52.2766553,04
358,145,21.01649,3445,2021-06-28 17:29:43,52.293236,8
359,509,20.9406075,3446,2021-06-28 17:29:40,52.3269306,14
360,162,21.0475195,3447,2021-06-28 17:29:25,52.2112683,6
361,190,21.0476,3448,2021-06-28 17:29:42,52.2603565,2
362,112,20.9144563,3449,2021-06-28 17:29:29,52.2351665,9
363,112,20.8973763,3450,2021-06-28 17:29:39,52.2210551,12
364,114,21.043474,3451,2021-06-28 09:14:51,52.2654126,09
365,145,21.1310628,3452,2021-06-28 17:29:43,52.2502123,015
366,527,21.0591793,3453,2021-06-28 17:29:43,52.3171223,2
367,190,20.9772136,3454,2021-06-28 17:29:40,52.2378436,1
368,145,21.1268491,3455,2021-06-28 17:29:37,52.2589675,5
369,509,21.0690725,3458,2021-06-28 17:29:39,52.2253878,355
370,245,21.0531713,3459,2021-06-28 17:29:39,52.27642,1
371,190,21.0859753,3460,2021-06-28 17:29:39,52.2998208,022
372,114,21.0426471,3462,2021-06-28 17:29:33,52.2990883,2
373,190,20.9332953,3463,2021-06-28 17:29:43,52.2402971,6
374,500,21.0418493,3464,2021-06-28 17:29:38,52.270817,5
375,114,20.9279,3465,2021-06-28 17:29:42,52.2841786,6
376,112,20.9128703,3466,2021-06-28 17:29:41,52.239282,1
377,509,21.0300825,3467,2021-06-28 17:29:38,52.2557711,022
378,245,21.1075051,3468,2021-06-28 17:29:41,52.2868768,03
379,114,20.9389655,3469,2021-06-28 17:29:40,52.3006935,7
380,L17,21.027266,36442,2021-06-28 17:29:42,52.078442,02
381,L19,21.040268,36443,2021-06-28 17:29:41,52.01313,1
382,L17,20.996357,36444,2021-06-28 17:29:40,51.989544,1
383,L19,21.019817,36445,2021-06-28 17:29:42,52.065727,02
384,L30,21.105677,36446,2021-06-28 17:29:42,51.974545,1
385,L28,21.128014,36447,2021-06-28 17:29:41,52.021725,1
386,L30,21.217003,36448,2021-06-28 17:29:41,51.98114,02
387,L42,21.153069,37531,2021-06-28 17:29:42,52.061501,52
388,L21,21.116074,37533,2021-06-28 17:29:44,52.102665,1
389,L16,21.09848,37534,2021-06-28 17:29:43,52.076038,1
390,L14,21.114805,37535,2021-06-28 17:29:42,52.102772,1
391,L15,21.11871,37536,2021-06-28 17:29:45,52.079403,51
392,L39,20.992491,38541,2021-06-28 17:26:08,52.109764,4
393,L23,21.056957,38544,2021-06-28 17:29:37,52.073292,052
394,L39,21.044081,38545,2021-06-28 17:29:45,52.084419,3
395,L32,21.093367,38546,2021-06-28 17:29:41,52.0854,1
396,L39,21.004555,38547,2021-06-28 05:46:58,52.110222,1
397,L39,21.024359,38548,2021-06-28 17:29:43,52.061985,2
398,L23,21.029411,38549,2021-06-28 17:24:02,52.074871,51
399,L52,20.985184,38550,2021-06-28 17:29:46,52.003971,1
400,L-2,20.939993,39551,2021-06-28 17:29:41,52.004719,062
401,L-2,21.029465,39552,2021-06-28 17:29:36,52.074745,063
402,L25,21.029495,39554,2021-06-28 17:29:46,52.075001,02
403,L25,21.218273,39555,2021-06-28 17:29:38,51.98103,1
404,L-2,21.020357,39556,2021-06-28 17:29:40,52.065952,061
405,L12,20.903332,39557,2021-06-28 17:28:56,52.017155,64
406,L12,21.027132,39558,2021-06-28 17:29:41,52.072075,65
407,L13,21.029453,39560,2021-06-28 17:29:46,52.075153,1
408,L13,21.125784,39561,2021-06-28 17:29:40,52.022839,03
409,L13,21.039806,39562,2021-06-28 17:29:42,52.027126,2
410,L-5,21.002777,39565,2021-06-28 17:29:42,52.052311,1
411,255,20.9805927,4200,2021-06-28 17:29:44,52.2294806,2
412,703,20.8458512,4202,2021-06-28 17:29:44,52.0578424,52
413,197,20.939344,4205,2021-06-28 17:29:41,52.235855,2
414,902,20.9223249,4206,2021-06-28 16:30:27,52.1964574,M1
415,255,20.9294927,4207,2021-06-28 17:29:42,52.2239666,03
416,154,20.977629,4209,2021-06-28 17:29:44,52.180111,4
417,178,20.895773,4210,2021-06-28 17:29:43,52.185722,011
418,154,20.947588,4211,2021-06-28 17:29:43,52.180218,010
419,711,20.840332,4212,2021-06-28 17:29:44,52.107861,063
420,154,20.896929,4213,2021-06-28 17:29:42,52.241829,1
421,154,20.896481,4214,2021-06-28 17:29:41,52.239494,8
422,711,20.8939509,4215,2021-06-28 17:29:44,52.1340659,061
423,122,20.8983289,4216,2021-06-28 17:29:43,52.2588956,3
424,197,20.9064969,4217,2021-06-28 17:29:43,52.2176947,3
425,197,20.9373702,4218,2021-06-28 17:29:44,52.2596742,1
426,255,20.946484,4219,2021-06-28 17:29:42,52.225117,1
427,197,20.9769922,4221,2021-06-28 17:29:44,52.2872847,10
428,129,20.916161,4224,2021-06-28 17:29:44,52.205528,2
429,121,20.949848,4225,2021-06-28 17:29:42,52.289989,03
430,197,20.862514,4227,2021-06-28 17:29:45,52.190323,5
431,154,20.9728839,4228,2021-06-28 17:29:44,52.2190767,6
432,902,21.0434464,4229,2021-06-28 17:29:43,52.247567,M2
433,154,20.9428094,4230,2021-06-28 17:29:41,52.2385885,7
434,178,20.966852,4231,2021-06-28 17:29:43,52.228695,9
435,178,20.9484134,4232,2021-06-28 17:29:43,52.2092359,7
436,714,20.896872,4233,2021-06-28 17:29:42,52.239841,3
437,729,20.937969,4234,2021-06-28 17:29:40,52.239769,02
438,714,20.9179675,4235,2021-06-28 17:29:43,52.2395604,2
439,L-3,20.91815,42362,2021-06-28 17:29:41,52.096962,02
440,154,20.975307,4237,2021-06-28 17:29:43,52.211544,5
441,154,20.963634,4238,2021-06-28 17:29:44,52.217407,3
442,178,20.89596,4239,2021-06-28 17:29:44,52.185665,8
443,154,20.897764,4240,2021-06-28 17:29:42,52.257729,011
444,714,20.803978,4241,2021-06-28 17:29:40,52.253376,04
445,154,20.950022,4242,2021-06-28 17:29:43,52.229195,2
446,154,20.975407,4243,2021-06-28 17:29:43,52.211651,09
447,901,21.0025972,4244,2021-06-28 17:29:44,52.2339472,1
448,901,21.0429819,4246,2021-06-28 17:29:44,52.2216094,3
449,714,20.949921,4247,2021-06-28 17:29:45,52.238644,1
450,729,20.6982712,4248,2021-06-28 17:29:43,52.2610129,1
451,121,20.939211,4249,2021-06-28 17:29:43,52.292873,2
452,L-1,21.017727,42494,2021-06-28 17:29:46,52.066994,1
453,L-4,21.0165,42495,2021-06-28 06:12:56,52.098907,2
454,L-3,20.910069,42500,2021-06-28 17:29:37,52.098042,1
455,146,21.052651,4303,2021-06-28 17:29:25,52.250431,06
456,119,21.0070154,4304,2021-06-28 17:29:45,52.2099879,07
457,117,21.0051383,4305,2021-06-28 17:29:42,52.229562,4
458,147,21.0694782,4307,2021-06-28 17:29:43,52.2254026,010
459,142,21.0951277,4308,2021-06-28 17:29:45,52.2437567,08
460,198,21.2432983,4309,2021-06-28 17:29:40,52.2214891,04
461,702,21.1868224,4312,2021-06-28 17:29:45,52.1531342,1
462,105,16.9750897,4332,2021-06-26 13:35:37,52.5472771,4
463,N72,16.9763326,4333,2021-06-28 15:21:54,52.5456077,215
464,240,21.042158,4400,2021-06-28 17:29:44,52.295479,1
465,132,21.058007,4401,2021-06-28 17:29:43,52.3064392,09
466,126,20.9523026,4402,2021-06-28 17:29:44,52.3282987,2
467,120,21.0470801,4403,2021-06-28 17:29:43,52.2835245,5
468,166,21.048103,4404,2021-06-28 17:29:44,52.162529,3
469,156,20.95755,4406,2021-06-28 17:29:45,52.277843,2
470,122,20.89753,4407,2021-06-28 17:29:43,52.239731,010
471,134,20.978558,4408,2021-06-28 17:29:43,52.279816,05
472,106,20.9693916,4409,2021-06-28 17:29:44,52.2304419,1
473,199,21.139442,4411,2021-06-28 17:29:43,52.289646,3
474,173,21.109177,4413,2021-06-28 17:29:42,52.240788,2
475,106,21.020535,4415,2021-06-28 17:29:44,52.243187,2
476,106,21.016897,4416,2021-06-28 17:29:42,52.239353,07
477,170,21.073954,4417,2021-06-28 17:29:43,52.268181,2
478,106,21.020668,4418,2021-06-28 17:29:45,52.243107,3
479,120,21.038261,4419,2021-06-28 17:29:44,52.3539712,7
480,901,21.022924,4420,2021-06-28 17:29:44,52.229168,4
481,126,20.962467,4421,2021-06-28 17:29:43,52.333969,1
482,338,21.100742,4422,2021-06-28 17:29:44,52.260612,02
483,106,20.965199,4423,2021-06-28 17:29:44,52.236919,5
484,901,20.9991,4424,2021-06-28 17:29:43,52.231712,2
485,156,21.052139,4425,2021-06-28 17:29:42,52.25301,5
486,166,21.06628,4427,2021-06-28 17:29:40,52.131073,4
487,156,21.039593,4428,2021-06-28 17:29:44,52.288208,4
488,303,20.9350815,4429,2021-06-28 17:29:43,52.2882194,2
489,106,21.0216915,4430,2021-06-28 17:29:44,52.2366194,08
490,338,21.100954,4434,2021-06-28 17:29:44,52.260612,03
491,122,20.976575,5200,2021-06-28 17:29:37,52.289848,08
492,171,20.9250477,5201,2021-06-28 17:29:38,52.2725125,8
493,517,20.9516845,5202,2021-06-28 17:29:37,52.2118744,09
494,523,21.107585,5203,2021-06-28 17:29:29,52.249043,020
495,401,21.026534,5204,2021-06-28 17:29:26,52.170218,013
496,105,20.9187385,5205,2021-06-28 17:29:39,52.2207691,5
497,131,21.0038871,5206,2021-06-28 17:29:43,52.2294594,2
498,182,21.0122441,5207,2021-06-28 17:29:35,52.2169429,011
499,517,20.9040248,5208,2021-06-28 17:29:42,52.1934794,2
500,184,20.937973,5210,2021-06-28 17:29:31,52.246683,2
501,105,20.8988749,5211,2021-06-28 17:29:36,52.2387955,09
502,523,20.9592949,5212,2021-06-28 17:29:38,52.2211832,015
503,Z10,20.9294443,5213,2021-06-28 17:29:38,52.2232353,1
504,184,20.9631544,5214,2021-06-28 17:29:40,52.2167692,1
505,523,20.9188884,5215,2021-06-28 17:29:39,52.2398841,7
506,131,21.0687511,5216,2021-06-28 17:29:41,52.1815656,8
507,189,20.9220571,5217,2021-06-28 16:49:01,52.1957361,11
508,122,20.8970512,5218,2021-06-28 17:29:37,52.2431492,011
509,401,20.9867264,5219,2021-06-28 17:29:44,52.1817456,6
510,124,20.939289,5222,2021-06-28 17:29:27,52.159818,1
511,190,20.9151549,5223,2021-06-28 17:29:34,52.2320765,7
512,517,20.893315,5224,2021-06-28 17:29:25,52.191384,4
513,523,20.9131202,5225,2021-06-28 17:29:42,52.2518156,6
514,401,20.8618366,5226,2021-06-28 17:29:39,52.1904536,4
515,189,20.9662738,5227,2021-06-28 17:29:42,52.1874375,024
516,124,20.9398536,5228,2021-06-28 17:29:40,52.15958,2
517,131,21.047581,5229,2021-06-28 17:29:37,52.207309,5
518,523,20.8982998,5230,2021-06-28 17:29:42,52.2584044,016
519,189,20.8988535,5232,2021-06-28 17:29:38,52.2386543,7
520,148,21.0187097,5233,2021-06-28 17:29:36,52.1528454,011
521,105,20.89705,5234,2021-06-28 17:29:23,52.239556,011
522,105,20.898858,5235,2021-06-28 17:29:32,52.238814,3
523,517,20.9453976,5236,2021-06-28 17:29:37,52.207315,1
524,171,20.9374866,5237,2021-06-28 17:29:40,52.2396028,6
525,401,21.0265856,5238,2021-06-28 17:29:42,52.1703949,7
526,182,20.980519,5239,2021-06-28 17:29:24,52.216553,9
527,184,20.9396393,5240,2021-06-28 17:29:35,52.2860302,3
528,187,20.8945698,5241,2021-06-28 17:29:40,52.1925295,8
529,190,21.001417,5243,2021-06-28 17:29:36,52.244582,011
530,189,20.8965992,5244,2021-06-28 17:29:38,52.2320035,018
531,105,20.967233,5245,2021-06-28 17:29:44,52.228671,6
532,148,21.0422345,5246,2021-06-28 17:29:38,52.1713019,012
533,716,20.9302626,5247,2021-06-28 17:29:42,52.2250068,1
534,141,20.9437773,5248,2021-06-28 17:29:43,52.1757524,7
535,317,21.0452059,5249,2021-06-28 17:29:42,52.1749607,2
536,188,20.97811,5250,2021-06-28 17:29:40,52.1694205,3
537,187,21.0632036,5251,2021-06-28 17:29:36,52.1871953,1
538,189,20.9726707,5253,2021-06-28 17:29:38,52.1854988,020
539,401,20.9153008,5254,2021-06-28 17:29:37,52.1994493,010
540,190,20.9268651,5255,2021-06-28 17:29:33,52.2407171,016
541,148,21.0960921,5256,2021-06-28 17:29:37,52.2437237,1
542,716,20.845858,5257,2021-06-28 17:29:32,52.187303,2
543,188,20.974623,5258,2021-06-28 17:29:41,52.1685656,4
544,105,20.92341,5260,2021-06-28 17:29:31,52.221833,08
545,723,20.929062,5401,2021-06-28 17:29:43,52.37022,3
546,185,21.046846,5403,2021-06-28 17:29:44,52.213432,3
547,145,21.10647,5404,2021-06-28 17:29:44,52.241505,4
548,269,21.041983,5405,2021-06-28 17:29:43,52.300442,05
549,509,20.9422922,5406,2021-06-28 17:29:42,52.3345292,13
550,120,21.0556092,5407,2021-06-28 17:29:43,52.2689536,2
551,527,21.068535,5408,2021-06-28 17:29:44,52.323265,054
552,E-9,21.060202,5409,2021-06-28 17:29:44,52.315292,01
553,731,20.9380462,5410,2021-06-28 17:29:44,52.3756151,1
554,723,21.0008074,5412,2021-06-28 17:29:43,52.2913507,4
555,705,21.037354,5413,2021-06-28 17:29:43,52.40234,66
556,511,20.963182,5414,2021-06-28 17:29:44,52.3118789,1
557,723,20.971493,5416,2021-06-28 17:29:44,52.321587,1
558,E-9,21.040332,5417,2021-06-28 17:29:44,52.301561,02
559,511,20.9426394,5418,2021-06-28 17:29:43,52.3486597,2
560,120,21.0511684,5419,2021-06-28 17:29:44,52.2526079,3
561,160,21.050159,5420,2021-06-28 17:29:41,52.274231,5
562,511,20.942593,5421,2021-06-28 17:29:42,52.348667,3
563,160,21.057031,5423,2021-06-28 17:29:44,52.3241306,012
564,511,20.9746862,5424,2021-06-28 17:29:43,52.3178042,06
565,116,21.0848175,5425,2021-06-28 17:29:43,52.1675807,14
566,116,21.024391,5426,2021-06-28 17:29:44,52.2229,11
567,527,21.058262,5428,2021-06-28 17:29:43,52.318707,1
568,731,20.925549,5429,2021-06-28 17:29:43,52.421638,2
569,145,21.0525496,5430,2021-06-28 17:29:41,52.292305,11
570,160,20.999096,5432,2021-06-28 17:29:44,52.233532,7
571,414,20.963379,5434,2021-06-28 17:29:44,52.215824,08
572,527,21.056223,5436,2021-06-28 17:29:45,52.269543,3
573,705,21.101822,5437,2021-06-28 17:29:41,52.479637,1
574,731,20.9651486,5438,2021-06-28 17:29:44,52.3321969,4
575,738,21.088114,5439,2021-06-28 17:29:37,52.302448,2
576,735,21.019981,5441,2021-06-28 17:29:42,52.318863,64
577,160,21.024982,5443,2021-06-28 17:29:43,52.250584,2
578,E-9,20.9848204,5444,2021-06-28 17:29:44,52.2827041,04
579,705,21.048461,5445,2021-06-28 03:52:31,52.264575,65
580,735,21.011765,5446,2021-06-28 17:29:39,52.453916,62
581,114,21.018082,5447,2021-06-28 17:29:41,52.292,08
582,705,21.029995,5448,2021-06-28 17:29:44,52.32901,63
583,160,21.044046,5449,2021-06-28 17:29:43,52.27816,3
584,511,20.9280861,5453,2021-06-28 17:29:44,52.2912267,4
585,160,20.995634,5454,2021-06-28 17:29:43,52.2393444,09
586,169,21.042891,5455,2021-06-28 17:29:42,52.249908,4
587,269,21.0416602,5457,2021-06-28 17:29:44,52.3004804,04
588,180,20.9248482,5459,2021-06-28 17:29:43,52.2726032,016
589,735,20.9769164,5460,2021-06-28 17:29:43,52.278999,65
590,175,20.978106,5870,2021-06-28 17:29:42,52.169529,53
591,128,20.9902435,5871,2021-06-28 17:29:42,52.2230479,59
592,503,21.038382,5873,2021-06-28 17:29:43,52.168644,1
593,128,21.012833,5874,2021-06-28 17:29:40,52.243027,58
594,138,21.01652,5875,2021-06-28 17:29:41,52.214184,011
595,331,20.995152,5876,2021-06-28 17:29:40,52.156315,01
596,180,21.0250004,5877,2021-06-28 17:29:42,52.2205844,017
597,709,21.012913,5878,2021-06-28 17:29:43,52.07233,013
598,128,21.0183249,5880,2021-06-28 17:29:44,52.2358291,070
599,175,21.006243,5882,2021-06-28 17:29:41,52.228817,56
600,180,21.048054,5883,2021-06-28 17:29:43,52.207203,10
601,503,21.001623,5885,2021-06-28 17:29:43,52.189301,5
602,180,21.083826,5886,2021-06-28 17:29:43,52.168079,13
603,128,21.020016,5887,2021-06-28 17:29:43,52.232548,074
604,175,21.016994,5888,2021-06-28 17:29:40,52.239571,069
605,180,20.979336,5889,2021-06-28 17:29:42,52.244736,8
606,128,20.982439,5890,2021-06-28 17:29:41,52.201622,62
607,180,20.953478,5891,2021-06-28 17:29:41,52.262569,7
608,504,21.04553,5892,2021-06-28 17:29:43,52.141579,010
609,503,21.049936,5893,2021-06-28 17:29:45,52.14468,3
610,175,20.990175,5894,2021-06-28 17:29:39,52.22271,066
611,503,21.046276,5895,2021-06-28 17:29:39,52.188068,12
612,503,21.048691,5897,2021-06-28 17:29:42,52.151867,2
613,128,20.971403,5898,2021-06-28 17:29:41,52.205967,071
614,175,21.009686,5899,2021-06-28 17:29:44,52.229305,51
615,158,21.052349,5900,2021-06-28 17:29:39,52.238056,5
616,175,20.980909,5902,2021-06-28 17:29:42,52.188995,52
617,158,20.95529,5903,2021-06-28 17:29:43,52.214142,8
618,503,21.002277,5905,2021-06-28 17:29:40,52.254765,8
619,128,21.012974,5906,2021-06-28 17:29:43,52.243137,63
620,503,21.013617,5907,2021-06-28 17:29:44,52.245922,7
621,175,20.980551,5908,2021-06-28 17:29:42,52.189411,068
622,175,20.9736,5909,2021-06-28 17:29:41,52.1705,067
623,128,20.993122,5910,2021-06-28 17:29:41,52.225998,073
624,111,21.035776,5911,2021-06-28 17:29:44,52.234787,4
625,116,21.034267,5913,2021-06-28 17:29:44,52.203125,12
626,175,20.977968,5915,2021-06-28 17:29:42,52.169399,54
627,128,20.963696,5918,2021-06-28 17:29:42,52.207687,60
628,158,21.112778,5920,2021-06-28 17:29:41,52.236286,1
629,116,21.063154,5921,2021-06-28 17:29:42,52.174637,15
630,175,21.1163987,5923,2021-06-28 10:17:16,52.2339737,072
631,116,21.022419,5924,2021-06-28 17:29:43,52.228432,17
632,116,20.967918,5926,2021-06-28 17:29:41,52.272789,3
633,158,20.949291,5927,2021-06-28 17:29:42,52.211617,7
634,116,20.924883,5928,2021-06-28 17:29:41,52.272325,5
635,175,21.012758,5929,2021-06-28 17:29:40,52.243191,57
636,158,20.992537,5930,2021-06-28 17:29:44,52.22591,9
637,158,21.1176359,5931,2021-06-28 17:29:43,52.2337631, 
638,116,20.924749,5932,2021-06-28 17:29:45,52.272449,6
639,111,21.1024261,5933,2021-06-28 17:29:41,52.2220849,2
640,158,21.101189,5934,2021-06-28 17:29:42,52.237946,4
641,503,21.023308,5935,2021-06-28 17:29:44,52.227196,11
642,503,21.017618,5936,2021-06-28 17:29:45,52.238548,10
643,111,21.061335,5937,2021-06-28 17:29:43,52.232433,10
644,158,21.049797,5939,2021-06-28 17:29:42,52.237949,2
645,128,20.983206,5942,2021-06-28 17:29:41,52.198433,072
646,111,20.9793,5943,2021-06-28 17:29:45,52.2444,7
647,111,21.116497,5944,2021-06-28 17:29:44,52.234932,013
648,158,20.991631,5945,2021-06-28 17:29:43,52.22538,6
649,111,20.989767,5946,2021-06-28 17:29:42,52.247784,8
650,111,21.01379,5947,2021-06-28 17:29:44,52.24081,5
651,503,21.018295,5948,2021-06-28 17:29:43,52.236099,013
652,503,21.038404,5950,2021-06-28 17:29:41,52.1619,4
653,180,21.020021,5951,2021-06-28 17:29:41,52.232288,2
654,518,21.021437,5952,2021-06-28 17:29:42,52.230843,7
655,160,21.047808,5954,2021-06-28 17:29:44,52.27021,010
656,160,21.055004,5956,2021-06-28 17:29:42,52.296494,013
657,111,21.062487,5958,2021-06-28 17:29:43,52.230797,011
658,160,21.003086,5959,2021-06-28 17:29:43,52.229401,08
659,111,21.102026,5960,2021-06-28 17:29:41,52.224903,3
660,190,21.070763,5961,2021-06-28 17:29:42,52.28112,024
661,116,21.063025,5962,2021-06-28 17:29:45,52.175137,13
662,111,21.10133,5963,2021-06-28 17:29:42,52.225586,1
663,518,20.962255,5964,2021-06-28 17:29:40,52.315002,3
664,518,20.98181,5965,2021-06-28 17:29:41,52.269863,08
665,518,20.965956,5966,2021-06-28 17:29:41,52.273655,2
666,160,21.060072,5967,2021-06-28 17:29:40,52.305241,011
667,180,21.077579,5970,2021-06-28 17:29:41,52.175549,11
668,518,21.022467,5972,2021-06-28 17:29:37,52.228428,1
669,E-9,20.968046,5973,2021-06-28 17:29:42,52.272018,03
670,518,20.942114,5975,2021-06-28 17:29:44,52.334545,4
671,180,20.924971,5976,2021-06-28 17:29:42,52.272411,6
672,503,21.000589,5978,2021-06-28 17:29:43,52.25679,9
673,503,21.02721,5979,2021-06-28 17:29:40,52.211185,6
674,111,20.980898,5980,2021-06-28 17:29:42,52.245041,6
675,705,21.034592,5981,2021-06-28 17:29:40,52.432407,07
676,111,21.019529,5982,2021-06-28 17:29:45,52.233276,9
677,175,21.013508,5983,2021-06-28 17:29:42,52.241722,65
678,180,20.967123,5984,2021-06-28 17:29:43,52.256828,4
679,180,21.081461,5985,2021-06-28 17:29:29,52.171417,14
680,180,21.083927,5986,2021-06-28 17:29:42,52.16769,12
681,180,21.00539,5987,2021-06-28 17:29:41,52.249157,9
682,180,21.060472,5988,2021-06-28 17:29:43,52.189598,1
683,116,21.017881,5989,2021-06-28 17:29:37,52.237076,1
684,705,20.969025,5990,2021-06-28 17:29:42,52.26981,08
685,116,21.000406,5991,2021-06-28 17:29:40,52.253193,2
686,518,20.966158,5994,2021-06-28 17:29:45,52.318855,6
687,116,20.926357,5995,2021-06-28 17:29:44,52.280647,7
688,116,21.027805,5996,2021-06-28 17:29:41,52.210457,16
689,116,21.019152,5997,2021-06-28 17:29:41,52.233887,10
690,518,20.942064,5998,2021-06-28 17:29:44,52.334404,5
691,116,20.993721,5999,2021-06-28 17:29:43,52.261215,8
692,184,20.973137,6200,2021-06-28 17:29:44,52.218838,7
693,112,20.883049,6201,2021-06-28 17:29:44,52.214767,11
694,187,20.933619,6203,2021-06-28 17:29:44,52.199711,9
695,167,20.9372285,6204,2021-06-28 17:29:44,52.2351231,013
696,728,20.868546,6207,2021-06-28 17:29:44,52.033962,02
697,Z10,20.9149501,6208,2021-06-28 17:29:43,52.2337447,7
698,703,20.943064,6209,2021-06-28 17:29:42,52.176498,91
699,414,21.041986,6210,2021-06-28 17:29:44,52.30014,04
700,713,20.79995,6212,2021-06-28 17:29:45,52.210278,3
701,414,20.959251,6213,2021-06-28 17:29:43,52.268326,03
702,184,20.9269702,6214,2021-06-28 17:29:42,52.2629124,5
703,191,20.873085,6215,2021-06-28 17:29:45,52.18758,6
704,105,20.938202,6216,2021-06-28 17:29:43,52.225582,7
705,167,20.957634,6217,2021-06-28 17:29:44,52.225037,1
706,105,20.966028,6218,2021-06-28 17:29:44,52.228653,010
707,136,20.956186,6220,2021-06-28 17:29:43,52.237141,4
708,189,20.995327,6221,2021-06-28 17:29:43,52.179836,13
709,187,20.860209,6222,2021-06-28 17:29:45,52.193855,5
710,105,20.897554,6223,2021-06-28 17:29:44,52.221802,4
711,517,21.006739,6224,2021-06-28 17:29:44,52.234867,6
712,717,20.9308879,6225,2021-06-28 17:29:43,52.1975024,2
713,716,20.881535,6226,2021-06-28 17:29:40,52.196873,3
714,188,21.037863,6227,2021-06-28 17:29:44,52.222473,1
715,190,21.085409,6228,2021-06-28 17:29:44,52.30505,3
716,187,20.862446,6229,2021-06-28 17:29:41,52.195011,6
717,706,20.922949,6231,2021-06-28 17:29:41,52.156513,03
718,190,20.897984,6232,2021-06-28 17:29:43,52.227795,9
719,191,20.9353889,6233,2021-06-28 17:29:42,52.2013955,4
720,414,20.9636089,6234,2021-06-28 17:29:44,52.2080089,02
721,112,20.892384,6236,2021-06-28 17:29:43,52.216438,10
722,114,20.971478,6237,2021-06-28 17:29:43,52.264534,4
723,728,20.9429946,6239,2021-06-28 17:29:44,52.175559,1
724,414,20.963917,6240,2021-06-28 17:29:44,52.207935,01
725,517,21.0098147,6241,2021-06-28 17:29:43,52.231314,5
726,182,21.074219,6242,2021-06-28 17:29:43,52.2322625,7
727,706,20.910398,6243,2021-06-28 17:29:44,52.145927,2
728,L29,20.462626,65471,2021-06-28 17:29:44,52.267757,1
729,L-7,20.868561,66523,2021-06-28 17:29:39,52.34687,2
730,L-6,20.69309,66524,2021-06-28 17:29:42,52.233089,02
731,L-6,20.898069,66525,2021-06-28 17:29:45,52.258038,1
732,190,20.927502,7200,2021-06-28 17:29:43,52.240822,10
733,189,20.916302,7201,2021-06-28 17:29:43,52.224865,6
734,112,20.9142769,7202,2021-06-28 17:29:44,52.2290329,019
735,141,21.0336339,7203,2021-06-28 17:29:44,52.20157,4
736,317,21.084427,7204,2021-06-28 17:29:43,52.167862,07
737,131,21.068979,7205,2021-06-28 17:29:43,52.181408,011
738,523,21.066872,7206,2021-06-28 17:29:45,52.229843,10
739,189,20.896729,7207,2021-06-28 17:29:44,52.235107,019
740,414,21.005138,7208,2021-06-28 17:29:43,52.290974,06
741,721,20.8776037,7212,2021-06-28 17:29:41,52.0801566,02
742,112,21.0667194,7213,2021-06-28 17:29:44,52.3069972,5
743,191,20.982643,7214,2021-06-28 17:29:44,52.217754,2
744,112,20.913063,7215,2021-06-28 17:29:43,52.238403,8
745,713,20.910219,7216,2021-06-28 17:29:41,52.218746,2
746,189,21.0628176,7219,2021-06-28 17:29:42,52.1862444,022
747,517,20.883657,7220,2021-06-28 17:29:44,52.196388,09
748,187,21.048256,7222,2021-06-28 17:29:43,52.178188,12
749,122,20.897944,7223,2021-06-28 17:29:45,52.255898,2
750,721,20.88908,7225,2021-06-28 17:29:44,52.11132,1
751,706,20.9434357,7226,2021-06-28 17:29:43,52.1755682,1
752,114,21.041927,7227,2021-06-28 17:29:40,52.300308,3
753,114,20.980562,7228,2021-06-28 17:29:39,52.26746,1
754,112,20.9990246,7229,2021-06-28 17:29:44,52.2891697,014
755,517,20.9669261,7230,2021-06-28 17:29:43,52.2184482,08
756,713,20.888542,7231,2021-06-28 17:29:44,52.216381,04
757,717,20.957645,7232,2021-06-28 17:29:43,52.215424,1
758,189,21.002357,7233,2021-06-28 17:29:43,52.17794,3
759,713,20.81904,7234,2021-06-28 17:29:44,52.21143,1
760,187,21.016605,7235,2021-06-28 17:29:44,52.2175375,10
761,184,20.948507,7237,2021-06-28 17:29:43,52.23864,6
762,141,21.008224,7238,2021-06-28 17:29:41,52.195393,5
763,189,21.063223,7239,2021-06-28 17:29:44,52.186386,16
764,184,20.9688815,7240,2021-06-28 17:29:44,52.2143734,8
765,317,20.944433,7241,2021-06-28 17:29:44,52.17543,5
766,141,21.082401,7242,2021-06-28 17:29:43,52.240925,1
767,523,20.978771,7243,2021-06-28 17:29:43,52.217209,9
768,401,20.868114,7244,2021-06-28 17:29:44,52.19355,3
769,187,20.882645,7245,2021-06-28 17:29:41,52.19762,7
770,190,20.898867,7247,2021-06-28 17:29:42,52.238873,017
771,188,21.067705,7248,2021-06-28 17:29:44,52.230057,5
772,171,21.002586,7249,2021-06-28 17:29:44,52.243027,3
773,317,21.040466,7250,2021-06-28 17:29:43,52.170902,3
774,105,20.896675,7251,2021-06-28 17:29:44,52.23978,2
775,167,20.964302,7252,2021-06-28 17:29:43,52.215492,4
776,122,20.920231,7254,2021-06-28 17:29:41,52.257149,1
777,191,20.8971362,7256,2021-06-28 17:29:43,52.1959402,8
778,190,21.071558,7257,2021-06-28 17:29:43,52.282486,012
779,187,21.048525,7258,2021-06-28 17:29:44,52.207886,11
780,189,21.068851,7259,2021-06-28 17:29:43,52.181335,15
781,125,21.1001112,7301,2021-06-28 17:29:44,52.2429192,08
782,507,21.101105,7303,2021-06-28 17:29:44,52.222382,5
783,188,20.9861957,7304,2021-06-28 17:29:44,52.2059207,07
784,138,21.050861,7305,2021-06-28 17:29:43,52.239899,4
785,151,21.0051334,7306,2021-06-28 17:29:44,52.2184167,04
786,509,21.102328,7307,2021-06-28 17:29:42,52.2219207,7
787,138,21.002512,7308,2021-06-28 17:29:43,52.180862,1
788,188,21.0018692,7310,2021-06-28 17:29:44,52.2170101,2
789,182,21.1129262,7312,2021-06-28 17:29:43,52.2362847,5
790,E-1,21.0428887,7314,2021-06-28 17:29:43,52.2432956,01
791,143,21.081985,7315,2021-06-28 17:29:44,52.2398711,7
792,188,20.979252,7316,2021-06-28 17:29:42,52.184204,08
793,402,21.156025,7317,2021-06-28 17:29:43,52.240284,3
794,182,21.065315,7318,2021-06-28 17:29:44,52.229401,4
795,182,21.016104,7319,2021-06-28 17:29:44,52.217396,3
796,411,21.098261,7320,2021-06-28 17:29:42,52.223957,01
797,182,21.104974,7322,2021-06-28 17:29:44,52.237019,8
798,E-1,21.089132,7323,2021-06-28 17:29:43,52.225571,02
799,138,21.001713,7325,2021-06-28 17:29:43,52.189362,3
800,141,20.944151,7326,2021-06-28 17:29:44,52.175472,6
801,E-1,21.1024449,7327,2021-06-28 17:29:44,52.2220384,03
802,182,20.964905,7328,2021-06-28 17:29:42,52.21806,1
803,523,20.9567144,7329,2021-06-28 17:29:43,52.2315146,017
804,171,21.0245147,7330,2021-06-28 17:29:41,52.2300147,5
805,162,21.0485649,7331,2021-06-28 17:29:42,52.2021854,013
806,141,20.976448,7333,2021-06-28 17:29:44,52.184479,8
807,116,20.9872632,7334,2021-06-28 17:29:42,52.2680297,69
808,110,20.922892,742,2021-06-28 17:29:38,52.281445,1
809,750,20.776527,744,2021-06-28 17:29:46,52.382702,05
810,750,20.929602,745,2021-06-28 17:29:41,52.307629,07
811,250,20.906403,746,2021-06-28 17:29:44,52.286533,1
812,850,20.699034,749,2021-06-28 17:29:43,52.374256,2
813,150,20.830938,750,2021-06-28 17:29:44,52.352367,1
814,750,20.874289,755,2021-06-28 17:29:45,52.348591,2
815,110,20.881163,757,2021-06-28 17:29:43,52.298981,3
816,150,20.927406,758,2021-06-28 17:29:43,52.291195,2
817,750,20.876947,761,2021-06-28 17:29:43,52.35165,4
818,750,20.921412,762,2021-06-28 17:29:44,52.314304,1
819,850,20.920538,763,2021-06-28 17:29:41,52.314697,1
820,151,21.0286676,7701,2021-06-28 17:29:45,52.220113,1
821,411,21.0204441,7702,2021-06-28 17:29:45,52.2181265,04
822,402,20.9930782,7703,2021-06-28 17:29:45,52.1783002,7
823,151,21.0835905,7704,2021-06-28 17:29:45,52.2327012,05
824,150,20.902131833,772,2021-06-28 17:29:41,52.331447,04
825,150,20.908595833,773,2021-06-28 17:29:42,52.325409167,05
826,150,20.847242,774,2021-06-28 17:29:42,52.341587,3
827,250,20.904667,775,2021-06-28 17:29:46,52.294495,3
828,250,20.868563,776,2021-06-28 17:29:44,52.332855,2
829,750,20.7630799,777,2021-06-28 17:29:45,52.3873459,3
830,167,21.0099,8100,2021-06-28 17:29:36,52.2078678,6
831,143,21.0136136,8103,2021-06-28 17:29:40,52.2168743,011
832,167,21.0830793,8108,2021-06-28 17:29:38,52.2074816,8
833,217,21.069497,8109,2021-06-28 17:29:30,52.1650698,2
834,174,21.0105451,8110,2021-06-28 17:29:42,52.1709991,010
835,136,20.9836986,8112,2021-06-28 17:29:28,52.1973946,014
836,709,21.023465,8115,2021-06-28 17:29:43,52.180171,8
837,174,20.9953885,8119,2021-06-28 17:29:43,52.1701505,6
838,136,21.0084223,8120,2021-06-28 17:29:40,52.1702796,7
839,143,21.146461,8121,2021-06-28 17:29:05,52.260285,09
840,504,21.0176456,8123,2021-06-28 17:29:40,52.1530506,3
841,165,20.9922966,8124,2021-06-28 17:29:24,52.1624755,4
842,727,21.0216106,8125,2021-06-28 17:29:39,52.0791875,3
843,709,21.0178308,8126,2021-06-28 17:29:39,52.1309608,014
844,402,21.0270788,8130,2021-06-28 17:29:36,52.1733305,5
845,136,20.9839513,8131,2021-06-28 17:29:43,52.1994011,012
846,148,20.9860468,8133,2021-06-28 17:29:38,52.163096,5
847,402,21.0521835,8134,2021-06-28 17:29:33,52.1984791,9
848,167,21.0059308,8135,2021-06-28 17:29:41,52.212913,9
849,162,21.0497426,8136,2021-06-28 17:29:36,52.2014838,08
850,162,21.029704,8137,2021-06-28 17:29:44,52.234938,011
851,162,21.0851255,8138,2021-06-28 17:29:40,52.1931911,7
852,136,20.9567396,8139,2021-06-28 17:29:42,52.237934,016
853,168,21.0892398,8140,2021-06-28 17:29:36,52.2202778,4
854,504,20.9897728,8143,2021-06-28 17:29:41,52.2237488,011
855,504,20.9978891,8144,2021-06-28 17:29:36,52.1791136,4
856,709,21.0247395,8145,2021-06-28 17:29:43,52.179745,011
857,727,20.8978495,8146,2021-06-28 17:29:41,52.0564738,2
858,148,20.974431,8148,2021-06-28 17:29:38,52.169055,6
859,709,21.0196531,8152,2021-06-28 17:29:37,52.0874648,1
860,217,21.073074,8153,2021-06-28 17:29:41,52.159531,1
861,136,21.030854,8154,2021-06-28 17:29:39,52.153818,8
862,131,21.0483955,8155,2021-06-28 17:29:43,52.2070255,9
863,709,21.0174335,8156,2021-06-28 17:29:38,52.1537955,6
864,308,21.0020435,8158,2021-06-28 17:29:35,52.1835623,01
865,136,20.9651851,8160,2021-06-28 17:29:38,52.2151913,5
866,504,21.0688441,8162,2021-06-28 17:29:35,52.1288478,1
867,331,21.0179775,8164,2021-06-28 17:29:40,52.1537773,05
868,331,20.9860543,8165,2021-06-28 17:29:43,52.163762,03
869,709,21.017858,8166,2021-06-28 17:29:39,52.1524888,9
870,148,21.0383191,8167,2021-06-28 17:29:38,52.1461696,4
871,218,21.0242696,8168,2021-06-28 17:29:40,52.179719,3
872,504,20.9834515,8169,2021-06-28 17:29:40,52.1978873,5
873,131,21.0781303,8170,2021-06-28 17:29:43,52.1745565,1
874,167,21.0496293,8172,2021-06-28 17:29:36,52.2123205,010
875,143,21.138411,8173,2021-06-28 17:28:32,52.249253,010
876,218,21.0240975,8174,2021-06-28 17:29:36,52.1899065,1
877,727,21.0244518,8175,2021-06-28 17:29:42,52.1799615,4
878,709,21.0127526,8176,2021-06-28 17:29:35,52.073729,3
879,143,21.177246,8177,2021-06-28 17:29:25,52.256978,5
880,138,21.0543161,8178,2021-06-28 17:29:40,52.2612251,7
881,709,21.0238831,8181,2021-06-28 17:29:38,52.1800445,7
882,136,20.9622335,8182,2021-06-28 17:29:41,52.2157371,2
883,218,21.00383,8183,2021-06-28 17:29:26,52.1779,4
884,131,21.0591665,8184,2021-06-28 17:29:35,52.1910138,6
885,143,21.0269421,8185,2021-06-28 17:29:43,52.2196751,8
886,217,21.0280648,8187,2021-06-28 17:29:38,52.178377,4
887,185,21.062401,8188,2021-06-28 17:29:36,52.185818,9
888,504,20.988714,8189,2021-06-28 17:29:43,52.213504,7
889,709,21.0182645,8190,2021-06-28 17:29:35,52.1151085,5
890,131,21.0145648,8192,2021-06-28 17:29:34,52.2252326,4
891,504,21.0656293,8195,2021-06-28 17:29:38,52.1312573,2
892,504,21.0447136,8196,2021-06-28 17:29:40,52.1426275,013
893,218,20.9978351,8197,2021-06-28 17:29:40,52.1831683,2
894,331,20.9782815,8198,2021-06-28 17:29:39,52.1695645,02
895,174,21.0089648,8199,2021-06-28 17:29:45,52.2058731,4
896,402,21.0892693,8201,2021-06-28 17:29:40,52.212172,4
897,151,21.115749,8202,2021-06-28 10:44:07,52.233741,05
898,151,21.1175305,8204,2021-06-28 10:20:01,52.2338373,06
899,151,21.026021,8208,2021-06-28 17:29:41,52.219543,2
900,521,21.114478,8214,2021-06-28 17:29:34,52.239816,1
901,125,21.0464471,8216,2021-06-28 17:29:34,52.248346,2
902,182,21.0970403,8218,2021-06-28 17:29:42,52.2349298,013
903,509,20.954208,8220,2021-06-28 17:29:44,52.317661,023
904,182,20.978986,8222,2021-06-28 17:29:29,52.217063,2
905,509,20.96105,8223,2021-06-28 17:29:38,52.316876,024
906,151,21.0923025,8225,2021-06-28 17:29:43,52.2311926,06
907,509,21.021948,8228,2021-06-28 17:29:41,52.262486,10
908,521,21.205015,8229,2021-06-28 17:29:37,52.1593571,2
909,523,21.105715,8231,2021-06-28 17:29:34,52.246658,021
910,162,21.033575,8233,2021-06-28 17:29:34,52.2272791,014
911,145,21.1248183,8300,2021-06-28 17:29:41,52.2352113,2
912,145,21.0002996,8301,2021-06-28 17:29:30,52.2914181,9
913,509,21.022849,8303,2021-06-28 17:29:26,52.261584,3
914,171,21.0001838,8304,2021-06-28 17:29:35,52.2440043,010
915,509,21.116975,8305,2021-06-28 09:25:27,52.233583,022
916,117,21.0591351,8306,2021-06-28 17:29:40,52.2267448,3
917,116,20.931843,8309,2021-06-28 17:29:25,52.278908,4
918,141,21.112725,8310,2021-06-28 17:29:26,52.236478,2
919,168,21.1133473,8311,2021-06-28 17:29:37,52.2339866,3
920,151,21.0771323,8312,2021-06-28 17:29:44,52.2339343,3
921,720,21.3535258,8313,2021-06-28 17:29:39,52.150648,02
922,162,21.0361095,8314,2021-06-28 17:29:38,52.2427543,2
923,117,21.007051,8315,2021-06-28 17:29:47,52.2282731,06
924,521,21.055086,8318,2021-06-28 17:29:36,52.238846,4
925,185,21.0028573,8319,2021-06-28 17:29:35,52.2663818,11
926,151,21.116836,8320,2021-06-28 09:58:49,52.233566,04
927,162,21.034884,8322,2021-06-28 17:29:37,52.251016,5
928,509,21.046875,8323,2021-06-28 17:29:43,52.247755,9
929,148,21.0446023,8324,2021-06-28 17:29:39,52.1772296,7
930,143,21.0067231,8326,2021-06-28 17:29:36,52.217419,1
931,145,21.1271215,8328,2021-06-28 17:29:39,52.2573323,1
932,507,21.0612643,8329,2021-06-28 17:29:38,52.2316933,08
933,148,21.0996038,8330,2021-06-28 17:29:42,52.2187148,2
934,145,21.0768083,8332,2021-06-28 17:29:31,52.2866626,7
935,523,21.0984806,8333,2021-06-28 17:29:41,52.2479368,12
936,148,21.0478788,8334,2021-06-28 17:29:36,52.1895036,3
937,145,21.0103373,8335,2021-06-28 17:29:29,52.2931033,014
938,143,21.0054616,8337,2021-06-28 17:29:41,52.2150273,2
939,125,21.196528,8340,2021-06-28 17:29:36,52.20832,4
940,523,20.8996263,8341,2021-06-28 17:29:40,52.2582113,5
941,507,21.015879,8342,2021-06-28 17:29:40,52.230834,1
942,171,21.028385,8343,2021-06-28 17:29:34,52.229903,09
943,502,21.05193,8344,2021-06-28 17:29:37,52.226055,1
944,507,21.018029,8345,2021-06-28 17:29:41,52.231095,3
945,145,21.088141,8348,2021-06-28 17:29:39,52.244801,3
946,507,21.10219,8349,2021-06-28 17:29:33,52.22205,6
947,145,21.100296,8350,2021-06-28 17:29:39,52.285956,012
948,507,21.076543,8351,2021-06-28 17:29:43,52.225908,4
949,502,21.1863817,8352,2021-06-28 17:29:25,52.2249767,4
950,523,20.97105,8353,2021-06-28 17:29:34,52.2195167,2
951,502,21.15477,8354,2021-06-28 17:29:37,52.22629,011
952,523,20.961528,8356,2021-06-28 17:29:27,52.21676,8
953,514,21.243755,8358,2021-06-28 17:29:43,52.248635,3
954,523,20.947451,8359,2021-06-28 17:29:42,52.238745,3
955,507,21.101901,8360,2021-06-28 17:29:38,52.222206,7
956,202,21.042083,8361,2021-06-28 17:29:40,52.24186,1
957,502,21.238516,8362,2021-06-28 17:29:30,52.216281,2
958,188,21.112095,8363,2021-06-28 17:29:36,52.244866,6
959,138,21.100609,8364,2021-06-28 17:29:29,52.260506,6
960,514,21.015471,8365,2021-06-28 17:29:27,52.219189,1
961,523,20.912568,8366,2021-06-28 17:29:27,52.241413,4
962,502,21.01523,8368,2021-06-28 17:29:37,52.2182217,5
963,145,21.047873,8398,2021-06-28 17:29:29,52.286681,013
964,402,21.0366405,8403,2021-06-28 17:29:32,52.173509,011
965,521,21.2045463,8408,2021-06-28 17:29:26,52.159309,07
966,143,21.0405676,8410,2021-06-28 17:29:37,52.2235978,012
967,523,21.016521,8414,2021-06-28 17:29:42,52.2171355,13
968,148,21.0891858,8417,2021-06-28 17:29:41,52.2448675,9
969,148,21.103406,8430,2021-06-28 17:29:42,52.221829,010
970,162,21.0358785,8437,2021-06-28 17:29:38,52.2538953,012
971,125,21.041478,8438,2021-06-28 17:29:39,52.241431,1
972,162,21.036764,8440,2021-06-28 17:29:39,52.252871,015
973,145,21.121025,8441,2021-06-28 17:29:43,52.266964,6
974,269,21.048107,8442,2021-06-28 17:29:43,52.28632,01
975,723,20.914658,8443,2021-06-28 17:29:44,52.40279,2
976,114,20.923111,8445,2021-06-28 17:29:44,52.2782894,5
977,120,21.0538859,8446,2021-06-28 17:29:41,52.3377845,6
978,731,20.931692,8447,2021-06-28 17:29:40,52.394238,3
979,160,21.002756,8448,2021-06-28 17:29:42,52.229504,1
980,132,20.9686969,8449,2021-06-28 17:29:43,52.2720069,04
981,412,21.0848611,8450,2021-06-28 17:29:42,52.3050982,052
982,112,20.960688,8451,2021-06-28 17:29:40,52.275593,6
983,527,21.0493454,8452,2021-06-28 17:29:43,52.2902607,06
984,160,21.041061,8453,2021-06-28 17:29:44,52.257313,014
985,160,21.0683674,8454,2021-06-28 17:29:40,52.3235996,4
986,160,21.002974,8455,2021-06-28 17:29:41,52.244839,6
987,132,21.0682356,8457,2021-06-28 17:29:43,52.3238794,08
988,527,21.0468054,8458,2021-06-28 17:29:43,52.2825052,055
989,Z26,21.035038,8459,2021-06-28 17:29:43,52.255859,3
990,412,21.068361,8460,2021-06-28 17:29:43,52.323364,053
991,120,21.042341,8461,2021-06-28 17:29:44,52.249569,4
992,414,21.0177366,8462,2021-06-28 17:29:43,52.2924945,05
993,511,20.9612282,8463,2021-06-28 17:29:43,52.3350017,05
994,509,21.0155,8465,2021-06-28 17:29:43,52.2729,2
995,136,20.9658917,8500,2021-06-28 17:29:42,52.24352,3
996,501,21.020745,8501,2021-06-28 17:29:42,52.210981,06
997,138,21.020949,8502,2021-06-28 17:29:24,52.210201,9
998,189,20.91411,8503,2021-06-28 17:29:23,52.213355,5
999,522,21.013661,8504,2021-06-28 17:29:33,52.226494,4
1000,401,20.896156,8505,2021-06-28 17:29:43,52.19465,2
1001,131,21.016506,8506,2021-06-28 17:29:27,52.222254,7
1002,501,21.0510683,8507,2021-06-28 17:29:38,52.186495,4
1003,138,20.9974217,8508,2021-06-28 17:29:34,52.1697167,2
1004,189,21.044395,8509,2021-06-28 17:29:38,52.1746617,1
1005,501,21.048575,8510,2021-06-28 17:29:31,52.1781533,1
1006,189,21.029596,8511,2021-06-28 17:29:23,52.173476,027
1007,Z26,21.0006233,8512,2021-06-28 17:29:29,52.2441917,4
1008,186,20.95693,8513,2021-06-28 17:29:29,52.2273683,013
1009,733,20.911395,8514,2021-06-28 17:29:44,52.1724583,01
1010,Z26,20.9746183,8515,2021-06-28 17:29:33,52.2355617,7
1011,522,21.035451,8516,2021-06-28 17:29:39,52.201691,2
1012,141,21.0458883,8517,2021-06-28 17:29:38,52.21514,10
1013,519,21.0305833,8519,2021-06-28 17:29:42,52.2070183,7
1014,519,21.055168,8520,2021-06-28 17:29:25,52.18231,1
1015,186,20.960516,8522,2021-06-28 17:29:35,52.268473,10
1016,733,20.800209,8523,2021-06-28 17:29:35,52.091381,62
1017,522,21.057295,8525,2021-06-28 17:29:35,52.1801367,011
1018,172,20.955539,8526,2021-06-28 17:29:30,52.211795,63
1019,172,21.024799,8528,2021-06-28 17:29:40,52.19968,5
1020,308,21.0205733,8530,2021-06-28 17:29:40,52.18956,02
1021,172,20.995158,8532,2021-06-28 17:29:37,52.196433,1
1022,Z26,21.028348,8533,2021-06-28 17:29:34,52.251936,2
1023,138,21.07141,8534,2021-06-28 17:29:41,52.2607183,5
1024,522,21.069953,8535,2021-06-28 17:29:39,52.164295,1
1025,172,21.0585567,8536,2021-06-28 17:29:42,52.1835767,6
1026,522,21.052641,8537,2021-06-28 17:29:19,52.184893,5
1027,709,21.0226267,8539,2021-06-28 17:29:39,52.08225,4
1028,172,21.050176,8540,2021-06-28 17:29:39,52.187109,8
1029,185,21.0219933,8541,2021-06-28 17:29:30,52.1427083,6
1030,172,21.0244133,8543,2021-06-28 17:29:31,52.1995433,9
1031,519,21.0981967,8544,2021-06-28 17:29:42,52.1230667,4
1032,522,21.0171567,8546,2021-06-28 17:29:43,52.2131617,012
1033,522,21.072783,8547,2021-06-28 17:29:42,52.159844,6
1034,402,20.9926183,8548,2021-06-28 17:29:40,52.17755,010
1035,186,20.956156,8549,2021-06-28 17:29:41,52.237323,015
1036,186,20.9721217,8550,2021-06-28 17:29:38,52.3205883,016
1037,709,21.018615,8551,2021-06-28 17:29:30,52.111879,10
1038,136,21.04816,8552,2021-06-28 17:29:41,52.150845,10
1039,Z26,20.979253,8555,2021-06-28 17:29:35,52.237743,5
1040,519,21.015688,8556,2021-06-28 17:29:36,52.220088,6
1041,Z26,21.0303333,8558,2021-06-28 17:29:45,52.2528567,08
1042,217,21.070066,8559,2021-06-28 17:29:33,52.164475,06
1043,519,21.003031,8560,2021-06-28 17:29:42,52.227726,2
1044,411,21.102474,8561,2021-06-28 17:29:26,52.222138,02
1045,521,21.170815,8562,2021-06-28 17:29:42,52.2016183,09
1046,402,21.156061,8563,2021-06-28 17:29:33,52.240336,2
1047,521,21.1308033,8564,2021-06-28 17:29:40,52.23211,08
1048,502,21.081716,8565,2021-06-28 17:29:30,52.235734,014
1049,502,21.015429,8566,2021-06-28 17:29:35,52.218733,6
1050,402,21.128605,8567,2021-06-28 17:29:32,52.235039,014
1051,509,21.101531,8568,2021-06-28 17:29:41,52.223263,021
1052,171,20.938248,8569,2021-06-28 17:29:28,52.239683,2
1053,411,21.02815,8571,2021-06-28 17:29:38,52.2199617,03
1054,E-1,21.0458667,8572,2021-06-28 17:29:34,52.23537,04
1055,202,21.128675,8573,2021-06-28 17:29:37,52.240198,2
1056,411,21.115896,8574,2021-06-28 10:20:57,52.233514,01
1057,720,21.153994,8576,2021-06-28 17:29:36,52.22625,1
1058,162,21.027443,8578,2021-06-28 17:29:42,52.259684,4
1059,125,21.166156,8579,2021-06-28 17:29:37,52.212701,09
1060,731,21.000188,8583,2021-06-28 17:29:39,52.291251,5
1061,269,21.0572683,8584,2021-06-28 17:29:32,52.270635,02
1062,269,21.0464583,8585,2021-06-28 17:29:41,52.2818117,03
1063,514,21.1149883,8586,2021-06-28 17:29:41,52.2329383,2
1064,523,21.115558,8587,2021-06-28 08:55:25,52.233753,3
1065,145,21.087896,8588,2021-06-28 17:29:36,52.244826,016
1066,514,21.11534,8589,2021-06-28 17:29:39,52.232655,4
1067,502,21.217501,8590,2021-06-28 17:29:37,52.214426,3
1068,507,21.00529,8592,2021-06-28 17:29:30,52.2296083,2
1069,145,21.0312,8593,2021-06-28 17:29:43,52.28848,10
1070,138,21.0546217,8595,2021-06-28 17:29:43,52.22639,8
1071,186,20.960394,8801,2021-06-28 17:29:17,52.2681601,11
1072,185,20.972381,8802,2021-06-28 17:29:35,52.282243,1
1073,727,21.0233613,8803,2021-06-28 17:29:43,52.0810793,1
1074,217,21.0272616,8804,2021-06-28 17:29:38,52.1783206,3
1075,185,21.0447501,8805,2021-06-28 17:29:39,52.1769926,4
1076,402,21.0205555,8806,2021-06-28 17:29:40,52.173253,8
1077,131,21.0039101,8808,2021-06-28 17:29:39,52.229393,3
1078,709,21.0154253,8809,2021-06-28 17:29:43,52.0743003,2
1079,174,21.0073828,8810,2021-06-28 17:29:41,52.1712835,1
1080,165,21.02343,8811,2021-06-28 17:29:36,52.17998,3
1081,167,21.022353,8812,2021-06-28 17:29:38,52.211146,011
1082,402,21.115422,8813,2021-06-28 17:29:38,52.2291806,1
1083,167,20.9393998,8814,2021-06-28 17:29:43,52.2357823,2
1084,167,20.95069,8816,2021-06-28 17:29:28,52.229134,3
1085,308,21.011285,8817,2021-06-28 17:29:36,52.1891,03
1086,504,21.017871,8818,2021-06-28 17:29:32,52.154105,9
1087,331,21.0236701,8819,2021-06-28 17:29:40,52.1791648,04
1088,522,21.056741,8820,2021-06-28 17:29:37,52.180933,014
1089,174,20.9997273,8821,2021-06-28 17:29:44,52.2312216,08
1090,174,21.0185085,8822,2021-06-28 17:29:41,52.186837,5
1091,522,21.0798251,8823,2021-06-28 17:29:37,52.1577793,015
1092,709,21.0183553,8825,2021-06-28 17:29:38,52.119419,012
1093,504,20.9795951,8826,2021-06-28 17:29:37,52.1852406,8
1094,143,21.1231736,8828,2021-06-28 17:29:39,52.2360291,4
1095,509,21.0451608,8829,2021-06-28 17:29:41,52.2488045,4
1096,523,21.0841978,8830,2021-06-28 17:29:44,52.2458855,11
1097,125,21.1966325,8831,2021-06-28 17:29:43,52.2084038,5
1098,171,20.9150649,8832,2021-06-28 17:29:34,52.2515771,7
1099,141,21.0225891,8833,2021-06-28 17:29:38,52.1968843,9
1100,704,21.2560258,8834,2021-06-28 17:29:42,52.2225998,2
1101,521,20.9640626,8835,2021-06-28 17:29:43,52.2077595,5
1102,182,21.1131923,8837,2021-06-28 17:29:39,52.2359946,6
1103,182,21.0006626,8838,2021-06-28 17:29:36,52.216901,010
1104,704,21.141635,8839,2021-06-28 17:29:28,52.227833,1
1105,185,21.0437513,8840,2021-06-28 17:29:38,52.1572398,5
1106,125,21.1258253,8841,2021-06-28 17:29:41,52.2346263,6
1107,521,21.1814886,8843,2021-06-28 17:29:38,52.1908805,3
1108,185,21.007041,8844,2021-06-28 17:29:29,52.260734,2
1109,402,21.0442668,8845,2021-06-28 17:29:39,52.1743456,013
1110,143,21.0680306,8846,2021-06-28 17:29:39,52.2300836,3
1111,143,21.1625506,8847,2021-06-28 17:29:35,52.2597581,6
1112,125,21.143543,8849,2021-06-28 17:29:38,52.227081,3
1113,521,20.9727953,8850,2021-06-28 17:29:35,52.2124398,6
1114,523,21.007428,8851,2021-06-28 17:29:30,52.21732,019
1115,141,21.0499798,8852,2021-06-28 17:29:38,52.2254525,3
1116,125,21.066531,8853,2021-06-28 17:29:42,52.246419,7
1117,509,21.0931523,8854,2021-06-28 17:29:37,52.226191,8
1118,402,20.9941305,8855,2021-06-28 17:29:34,52.1797663,6
1119,512,21.0652116,8856,2021-06-28 17:29:35,52.2882,1
1120,509,20.941545,8857,2021-06-28 17:29:29,52.333273,12
1121,169,21.0403148,8858,2021-06-28 17:29:39,52.2869146,1
1122,112,21.0897426,8859,2021-06-28 17:29:39,52.304219,4
1123,512,21.0523438,8861,2021-06-28 17:29:32,52.2529618,4
1124,412,21.0695611,8862,2021-06-28 17:29:38,52.3076166,04
1125,738,21.181345,8864,2021-06-28 17:29:36,52.417258,05
1126,500,21.0459893,8865,2021-06-28 10:43:17,52.2651186,08
1127,169,21.0419578,8866,2021-06-28 17:29:42,52.2497558,5
1128,162,21.0850813,8867,2021-06-28 17:29:42,52.1934606,1
1129,190,20.9796456,8868,2021-06-28 17:29:41,52.2373398,5
1130,190,21.0886171,8869,2021-06-28 17:29:36,52.3030471,023
1131,190,21.0403946,8871,2021-06-28 17:29:40,52.2572805,025
1132,190,20.992812,8872,2021-06-28 17:29:39,52.2427438,026
1133,738,21.0527473,8873,2021-06-28 17:29:39,52.276653,06
1134,500,20.9823066,8874,2021-06-28 17:29:41,52.2532848,3
1135,190,21.00377,8875,2021-06-28 17:29:38,52.24507,4
1136,162,21.0308348,8876,2021-06-28 17:29:37,52.2609768,3
1137,512,21.0550055,8878,2021-06-28 17:29:38,52.2636355,06
1138,509,20.983715,8879,2021-06-28 17:29:40,52.307988,1
1139,709,20.996574,8880,2021-06-25 18:58:33,52.18762,016
1140,186,20.959501,8881,2021-06-28 17:29:27,52.316454,014
1141,165,20.99236,8882,2021-06-28 17:29:38,52.1598328,2
1142,128,21.0124148,8883,2021-06-28 17:29:36,52.243338,64
1143,180,20.925061,8885,2021-06-28 17:29:35,52.272541,5
1144,167,20.990825,8886,2021-06-28 17:29:28,52.216509,5
1145,189,21.0252395,8887,2021-06-28 17:29:31,52.1734831,021
1146,128,20.963778,8888,2021-06-28 17:29:39,52.2077063,61
1147,504,20.9898396,8891,2021-06-28 17:29:42,52.224226,012
1148,165,21.023856,8892,2021-06-28 17:29:31,52.179103,1
1149,180,20.987976,8893,2021-06-28 17:29:36,52.247154,53
1150,217,21.0392715,8894,2021-06-28 17:29:32,52.1763286,05
1151,136,21.0556578,8895,2021-06-28 17:29:30,52.1473561,015
1152,174,21.00603,8896,2021-06-28 17:29:38,52.2127125,07
1153,180,21.0425591,8897,2021-06-28 17:29:44,52.2066216,015
1154,167,21.0757536,8898,2021-06-28 17:29:40,52.2102488,7
1155,504,21.003661,8899,2021-06-28 17:29:30,52.229558,6
1156,161,21.224802,9061,2021-06-28 17:28:56,52.186687,2
1157,161,21.205215,9063,2021-06-28 17:29:43,52.182949,3
1158,262,21.053684,9064,2021-06-28 17:29:42,52.27636,03
1159,314,21.012041,9065,2021-06-28 17:29:41,52.304184,04
1160,314,20.995768,9066,2021-06-28 17:29:44,52.311596,02
1161,104,21.029896,9068,2021-06-28 17:29:44,52.305412,2
1162,161,21.20706,9070,2021-06-28 17:29:40,52.16534,1
1163,225,21.096836,9071,2021-06-28 17:29:41,52.23362,2
1164,225,21.127079,9074,2021-06-28 17:29:43,52.257877,4
1165,225,21.156113,9075,2021-06-28 17:29:42,52.264736,3
1166,211,20.941458,9077,2021-06-28 17:29:42,52.355358,08
1167,314,21.046116,9078,2021-06-28 17:29:41,52.361393,01
1168,262,21.070734,9080,2021-06-28 17:29:44,52.280106,1
1169,104,21.000252,9081,2021-06-28 17:29:40,52.291512,1
1170,314,20.952864,9082,2021-06-28 17:29:41,52.317333,03
1171,262,21.087872,9083,2021-06-28 17:29:41,52.286552,2
1172,225,21.102457,9088,2021-06-28 17:29:41,52.222797,1
1173,211,20.94146,9090,2021-06-28 17:29:44,52.355659,2
1174,211,20.946163,9091,2021-06-28 17:29:42,52.332172,07
1175,305,21.151638,9093,2021-06-28 17:29:43,52.2271,1
1176,900,20.959732,9094,2021-06-28 17:29:44,52.350796,1
1177,133,20.982367,9201,2021-06-28 17:29:42,52.355419,2
1178,207,20.885267,9202,2021-06-28 17:29:42,52.194904,03
1179,164,21.138315,9203,2021-06-28 17:29:13,52.145957,05
1180,133,20.952549,9204,2021-06-28 17:29:36,52.317142,1
1181,809,21.031235,9206,2021-06-28 17:29:37,52.148502,52
1182,239,21.010778,9208,2021-06-28 17:29:43,52.144161,54
1183,211,20.978838,9209,2021-06-28 17:29:37,52.301704,4
1184,177,20.883867,9210,2021-06-28 17:29:37,52.205727,3
1185,239,21.037861,9212,2021-06-28 17:29:40,52.154301,53
1186,211,20.968684,9213,2021-06-28 17:29:43,52.320662,6
1187,219,21.156572,9215,2021-06-28 17:29:38,52.214046,3
1188,208,20.974489,9216,2021-06-28 17:29:45,52.21008,1
1189,234,21.058523,9217,2021-06-28 17:29:42,52.329468,1
1190,209,21.024805,9218,2021-06-28 17:29:39,52.143505,057
1191,234,21.019041,9219,2021-06-28 17:29:43,52.310867,2
1192,203,20.928326,9220,2021-06-28 17:29:44,52.290947,1
1193,249,20.898787,9221,2021-06-28 17:29:42,52.238594,1
1194,211,20.939802,9223,2021-06-28 17:29:41,52.339905,1
1195,201,20.933783,9224,2021-06-28 17:29:41,52.23418,3
1196,208,20.968283,9225,2021-06-28 17:29:44,52.202244,04
1197,208,20.948883,9226,2021-06-28 17:29:43,52.209564,05
1198,208,20.970387,9227,2021-06-28 17:29:44,52.213249,2
1199,219,21.099842,9228,2021-06-28 17:29:42,52.223537,2
1200,219,21.176886,9229,2021-06-28 17:29:42,52.18425,1
1201,201,20.938416,9230,2021-06-28 17:29:38,52.235691,2
1202,239,21.03701,9232,2021-06-28 17:29:43,52.154625,056
1203,264,21.084797,9233,2021-06-28 17:29:42,52.167164,1
1204,203,20.904869,9234,2021-06-28 17:29:43,52.27467,2
1205,201,20.925213,9235,2021-06-28 17:29:38,52.26058,5
1206,201,20.939592,9236,2021-06-28 17:29:43,52.246674,4
1207,209,20.981045,9237,2021-06-28 17:29:39,52.132862,055
1208,208,20.946304,9238,2021-06-28 17:29:38,52.20787,03
1209,177,20.87396,9240,2021-06-28 17:29:44,52.198864,1
1210,133,20.952312,9241,2021-06-28 17:29:39,52.316906,3
1211,201,20.925016,9242,2021-06-28 17:29:40,52.260593,06
1212,211,21.000957,9243,2021-06-28 17:29:42,52.29118,5
1213,207,20.870504,9244,2021-06-28 17:29:44,52.183319,01
1214,211,20.968252,9245,2021-06-28 17:29:44,52.319492,3
1215,164,21.095932,9246,2021-06-28 17:29:41,52.161255,04
1216,201,20.938149,9247,2021-06-28 17:29:36,52.250755,1
1217,177,20.892992,9248,2021-06-28 17:29:43,52.192772,2
1218,164,21.070692,9250,2021-06-28 17:29:39,52.169117,3
1219,164,21.138226,9251,2021-06-28 17:29:38,52.145878,2
1220,211,20.969141,9254,2021-06-28 17:29:39,52.311047,09
1221,199,21.179844,9301,2021-06-28 17:29:44,52.269222,06
1222,739,21.050472,9302,2021-06-28 17:29:43,52.090534,2
1223,739,21.017485,9304,2021-06-28 17:29:42,52.14753,3
1224,179,21.021599,9311,2021-06-28 16:29:41,52.155815,10
1225,123,21.092529,9312,2021-06-28 17:29:39,52.221771,08
1226,179,21.026653,9313,2021-06-28 17:29:44,52.145382,11
1227,153,21.159641,9314,2021-06-28 17:29:43,52.257862,2
1228,179,21.062824,9315,2021-06-28 17:29:42,52.14135,2
1229,135,21.038717,9316,2021-06-28 17:29:42,52.248844,3
1230,135,21.107187,9317,2021-06-28 17:29:43,52.248352,6
1231,135,21.082584,9318,2021-06-28 17:29:40,52.231831,2
1232,135,21.107862,9319,2021-06-28 17:29:39,52.249031,1
1233,179,21.056751,9320,2021-06-28 17:29:38,52.131229,4
1234,179,21.059446,9321,2021-06-28 17:29:43,52.149788,5
1235,123,21.050646,9322,2021-06-28 17:29:37,52.252453,5
1236,135,21.030787,9323,2021-06-28 17:29:40,52.266285,07
1237,179,21.037035,9324,2021-06-28 17:29:43,52.162102,9
1238,179,21.034506,9325,2021-06-28 17:29:42,52.144726,51
1239,256,21.080965,9326,2021-06-28 17:29:38,52.277393,2
1240,142,21.088236,9327,2021-06-28 17:29:42,52.244667,3
1241,179,21.021109,9328,2021-06-28 17:29:40,52.16164,8
1242,153,21.160273,9329,2021-06-28 17:29:39,52.257389,04
1243,123,21.0773959,9331,2021-06-28 09:44:24,52.2687066,07
1244,123,21.077486,9332,2021-06-28 15:39:21,52.268074,08
1245,142,21.222357,9333,2021-06-28 17:29:39,52.158241,5
1246,739,21.02771,9334,2021-06-28 17:29:41,52.098091,1
1247,153,21.170326,9335,2021-06-28 17:29:43,52.276905,3
1248,135,21.039038,9336,2021-06-28 17:29:42,52.248592,5
1249,739,21.0771987,9337,2021-06-28 16:56:14,52.2682345,2
1250,179,21.04318,9338,2021-06-28 17:29:42,52.148243,6
1251,256,21.04306,9339,2021-06-28 17:29:39,52.276531,1
1252,153,21.167223,9340,2021-06-28 17:29:39,52.276306,1
1253,142,21.139612,9341,2021-06-28 17:29:37,52.223873,4
1254,739,21.023924,9342,2021-06-28 17:29:42,52.179977,4
1255,256,21.063515,9343,2021-06-28 17:29:43,52.311195,4
1256,135,21.085241,9344,2021-06-28 17:29:45,52.234177,08
1257,739,21.018065,9345,2021-06-28 17:28:33,52.135529,05
1258,179,21.027458,9346,2021-06-28 17:29:36,52.146053,7
1259,135,21.030579,9347,2021-06-28 17:29:41,52.261658,4
1260,123,21.050848,9348,2021-06-28 17:29:40,52.252522,09
1261,179,21.067791,9349,2021-06-28 17:29:38,52.129192,3
1262,123,21.059845,9350,2021-06-28 17:29:39,52.250751,357
1263,142,21.211431,9351,2021-06-28 17:29:43,52.160984,1
1264,123,21.062592,9352,2021-06-28 17:29:41,52.230824,6
1265,739,21.039785,9353,2021-06-28 17:29:40,52.080544,06
1266,123,21.094881,9354,2021-06-28 17:28:26,52.23003,07
1267,199,21.052921,9355,2021-06-28 17:29:38,52.276443,05
1268,256,21.084486,9356,2021-06-28 17:29:41,52.272602,3
1269,142,21.13364,9357,2021-06-28 17:29:43,52.217495,2
1270,142,21.077633,9358,2021-06-28 16:02:28,52.267822,4
1271,256,21.066191,9359,2021-06-28 17:29:38,52.325264,5
1272,176,20.982338,9403,2021-06-28 17:29:44,52.355556,1
1273,176,21.007227,9405,2021-06-28 17:29:43,52.306358,05
1274,176,20.981283,9412,2021-06-28 17:29:40,52.356106,3
1275,197,20.931501,9413,2021-06-28 17:29:41,52.254517,012
1276,197,20.931046,9414,2021-06-28 17:29:43,52.225231,014
1277,102,21.005306,9416,2021-06-28 17:29:39,52.237804,3
1278,157,20.984264,9417,2021-06-28 17:29:43,52.247406,7
1279,712,20.846142,9418,2021-06-28 17:29:44,52.247837,02
1280,516,20.95269,9420,2021-06-28 17:29:42,52.318893,5
1281,157,20.987394,9423,2021-06-28 17:29:42,52.267838,1
1282,103,20.948412,9424,2021-06-28 17:29:44,52.291809,4
1283,123,21.084686,9425,2021-06-28 17:29:43,52.252312,1
1284,157,20.982008,9426,2021-06-28 17:29:42,52.217243,3
1285,157,20.963943,9427,2021-06-28 17:29:40,52.207977,4
1286,157,20.976456,9428,2021-06-28 17:29:41,52.289852,9
1287,103,20.968525,9429,2021-06-28 17:29:40,52.222057,6
1288,157,20.976742,9432,2021-06-28 17:29:44,52.28989,10
1289,743,20.900063,9433,2021-06-28 17:29:42,52.216743,02
1290,176,20.990807,9434,2021-06-28 17:29:42,52.327839,04
1291,516,20.999023,9435,2021-06-28 17:29:40,52.294384,1
1292,157,20.99333,9436,2021-06-28 17:29:40,52.230526,2
1293,157,20.99411,9437,2021-06-28 17:29:44,52.229359,6
1294,197,20.950983,9438,2021-06-28 17:29:39,52.280865,011
1295,197,20.950098,9439,2021-06-28 17:29:44,52.276726,016
1296,516,20.951923,9440,2021-06-28 17:29:44,52.318272,3
1297,123,21.099813,9441,2021-06-28 17:29:44,52.238571,3
1298,103,20.94861,9442,2021-06-28 17:29:41,52.256809,5
1299,102,21.043625,9443,2021-06-28 17:29:44,52.237789,1
1300,103,20.968592,9445,2021-06-28 17:29:41,52.222145,7
1301,103,20.950697,9446,2021-06-28 17:29:43,52.281223,1
1302,123,21.047512,9447,2021-06-28 17:29:43,52.246719,4
1303,157,20.982264,9448,2021-06-28 17:29:41,52.249935,011
1304,516,20.942047,9449,2021-06-28 17:29:42,52.33416,4
1305,102,21.07445,9450,2021-06-28 17:29:41,52.249825,2
1306,157,20.963964,9451,2021-06-28 17:29:41,52.209236,5
1307,157,20.98633,9452,2021-06-28 17:29:40,52.268353,8
1308,176,21.030935,9453,2021-06-28 17:29:42,52.288105,2
1309,197,20.939812,9454,2021-06-28 17:29:42,52.246658,015
1310,712,20.930599,9455,2021-06-28 17:29:41,52.291164,1
1311,743,20.694527,9456,2021-06-28 17:29:40,52.232529,1
1312,197,20.937681,9457,2021-06-28 17:29:38,52.225403,013
1313,103,20.954336,9458,2021-06-28 17:29:44,52.261761,8
1314,194,20.914783333,9501,2021-06-28 17:29:41,52.206450833,5
1315,707,21.021749333,9502,2021-06-28 17:29:42,52.074998667,1
1316,159,20.987141,9503,2021-06-28 17:29:42,52.224625833,1
1317,103,20.963138333,9505,2021-06-28 17:29:45,52.237426,09
1318,103,20.9660945,9506,2021-06-28 17:29:45,52.232844167,011
1319,220,20.899516333,9509,2021-06-28 17:29:40,52.19497,3
1320,194,20.874319833,9510,2021-06-28 17:29:44,52.195313,06
1321,737,20.934543,9511,2021-06-28 17:29:42,52.069316833,56
1322,220,20.925135333,9513,2021-06-28 17:29:37,52.260767167,5
1323,715,21.018430167,9514,2021-06-28 17:29:45,52.122502167,53
1324,181,20.899980333,9515,2021-06-28 17:29:43,52.2971635,2
1325,737,21.032026667,9516,2021-06-28 17:29:44,52.149119833,54
1326,149,20.897703667,9518,2021-06-28 17:29:45,52.245853667,06
1327,149,20.9404005,9519,2021-06-28 17:29:45,52.246706167,2
1328,159,20.954819833,9520,2021-06-28 17:29:41,52.211698,8
1329,715,21.017952333,9521,2021-06-28 17:29:43,52.129639667,1
1330,220,20.899059333,9522,2021-06-28 17:29:42,52.258520833,4
1331,220,20.896887667,9523,2021-06-28 17:29:42,52.227246333,07
1332,220,20.944031667,9524,2021-06-28 17:29:36,52.175086833,2
1333,194,20.894829,9525,2021-06-28 17:29:43,52.209188833,3
1334,181,20.956345833,9526,2021-06-28 17:29:42,52.2795725,1
1335,715,20.925139833,9528,2021-06-28 17:29:41,52.158781,058
1336,715,21.037060333,9529,2021-06-28 17:29:45,52.162007833,52
1337,707,20.943541,9530,2021-06-28 17:29:45,52.175418333,03
1338,159,21.066425833,9531,2021-06-28 17:29:41,52.192033833,4
1339,194,20.930706333,9532,2021-06-28 17:29:45,52.2250095,1
1340,181,20.973807,9533,2021-06-28 17:29:42,52.279464,4
1341,181,20.910993833,9534,2021-06-28 17:29:44,52.309023,3
1342,159,20.954739167,9535,2021-06-28 17:29:43,52.211907667,7
1343,159,20.995148167,9537,2021-06-28 17:29:42,52.223608833,6
1344,737,21.036782,9539,2021-06-28 17:29:45,52.162007833,059
1345,220,20.904457,9540,2021-06-28 17:29:41,52.189067333,1
1346,220,20.897423,9542,2021-06-28 17:29:36,52.220382,6
1347,737,20.969221833,9544,2021-06-28 17:29:44,52.085514333,07
1348,220,20.898004167,9545,2021-06-28 17:29:42,52.255149833,08
1349,149,20.8789075,9546,2021-06-28 17:29:37,52.248177833,5
1350,220,20.9327615,9548,2021-06-28 17:29:44,52.172488167,09
1351,149,20.937252,9550,2021-06-28 17:29:45,52.239769,1
1352,715,20.922038333,9551,2021-06-28 17:29:40,52.152934833,55
1353,149,20.939094167,9552,2021-06-28 17:29:40,52.2461785,3
1354,194,20.8595375,9554,2021-06-28 17:29:44,52.207371,07
1355,194,20.930198833,9555,2021-06-28 17:29:37,52.224951667,2
1356,149,20.917727833,9557,2021-06-28 17:29:44,52.239519667,4
1357,194,20.8680505,9558,2021-06-28 17:29:44,52.193767,4
1358,159,21.036226667,9560,2021-06-28 17:29:45,52.2219145,5
1359,159,21.021200167,9561,2021-06-28 17:29:43,52.223625833,2
1360,118,21.041456,9671,2021-06-28 17:29:43,52.296173,2
1361,118,21.015469,9672,2021-06-28 17:29:35,52.219036,5
1362,326,21.052433,9673,2021-06-28 17:29:42,52.361195,04
1363,118,21.012068,9674,2021-06-28 17:29:43,52.293655,8
1364,152,20.965115,9676,2021-06-28 17:29:44,52.318336,5
1365,212,21.02717,9677,2021-06-28 17:29:43,52.259617,06
1366,118,21.022015,9678,2021-06-28 17:29:45,52.243782,7
1367,118,21.041353,9679,2021-06-28 17:29:41,52.300102,1
1368,326,20.968588,9680,2021-06-28 17:29:37,52.272053,02
1369,152,21.029779,9681,2021-06-28 17:29:38,52.327923,2
1370,212,21.059498,9682,2021-06-28 17:29:39,52.274162,5
1371,152,21.014875,9683,2021-06-28 17:29:37,52.33429,4
1372,212,21.057167,9684,2021-06-28 17:29:38,52.301888,1
1373,212,21.051615,9685,2021-06-28 17:29:40,52.291931,2
1374,326,21.061882,9686,2021-06-28 17:29:43,52.361687,05
1375,326,20.993853,9688,2021-06-28 17:29:38,52.298866,03
1376,118,21.035305,9689,2021-06-28 17:29:41,52.234024,4
1377,212,21.065008,9690,2021-06-28 17:29:44,52.2742,3
1378,326,21.025524,9692,2021-06-28 17:29:41,52.321877,01
1379,212,21.031002,9693,2021-06-28 17:29:42,52.261703,4
1380,152,20.986488,9695,2021-06-28 17:29:41,52.334747,1
1381,118,21.015736,9696,2021-06-28 17:29:37,52.223198,6
1382,118,21.007879,9697,2021-06-28 17:29:43,52.259983,3
1383,152,20.952461,9698,2021-06-28 17:29:37,52.317066,3
1384,710,21.089857,9801,2021-06-28 17:29:39,52.078167,4
1385,525,21.010262,9802,2021-06-28 17:29:40,52.22971,1
1386,184,20.930723,9803,2021-06-28 17:29:42,52.291584,069
1387,127,21.035885,9804,2021-06-28 17:29:39,52.231586,56
1388,710,21.098969,9805,2021-06-28 17:29:39,52.12112,2
1389,525,21.003691,9807,2021-06-28 17:29:37,52.229599,319
1390,127,20.921864,9808,2021-06-28 17:29:39,52.209167,2
1391,710,21.011278,9810,2021-06-28 17:29:40,52.074215,5
1392,719,20.840948,9812,2021-06-28 17:29:38,52.249359,3
1393,109,21.030669,9813,2021-06-28 17:19:50,52.230155,08
1394,Z10,20.914808,9814,2021-06-28 17:29:44,52.230816,2
1395,525,21.196629,9815,2021-06-28 17:29:44,52.208324,09
1396,742,21.121231,9816,2021-06-28 17:29:41,52.090721,1
1397,719,20.770493,9818,2021-06-28 17:29:41,52.256561,04
1398,719,20.599913,9819,2021-06-28 17:29:40,52.259083,1
1399,719,20.850813,9820,2021-06-28 17:29:42,52.246944,2
1400,710,21.084946,9821,2021-06-28 17:29:44,52.078133,1
1401,525,21.033514,9822,2021-06-28 17:29:44,52.221438,010
1402,184,20.959826,9823,2021-06-28 17:29:44,52.220932,010
1403,525,21.089674,9825,2021-06-28 17:19:36,52.235753,5
1404,525,21.015568,9826,2021-06-28 17:29:39,52.220806,7
1405,185,21.044936,9827,2021-06-28 17:29:42,52.156052,8
1406,127,20.975693,9828,2021-06-28 17:29:43,52.221323,4
1407,525,21.077719,9829,2021-06-28 17:29:44,52.234348,6
1408,Z10,20.915131,9830,2021-06-28 17:29:42,52.23185,8
1409,710,21.097927,9831,2021-06-28 17:29:40,52.129776,3
1410,127,20.960352,9833,2021-06-28 17:29:39,52.215862,1
1411,525,21.180771,9834,2021-06-28 17:29:36,52.206882,4
1412,742,21.116009,9835,2021-06-28 17:29:38,52.09824,02
1413,525,21.164505,9836,2021-06-28 17:29:41,52.217358,3
1414,185,20.975946,9837,2021-06-28 17:29:37,52.288456,12
1415,525,21.116999,9838,2021-06-28 17:29:42,52.232815,2
1416,724,21.02758,9839,2021-06-28 17:29:41,52.067307,1
1417,127,21.019457,9840,2021-06-28 17:29:43,52.246273,6
1418,724,21.068016,9841,2021-06-28 17:29:37,52.128963,02
1419,127,21.02956,9843,2021-06-28 17:29:28,52.238914,7
1420,127,20.935457,9844,2021-06-28 17:29:40,52.20153,09
1421,127,20.895342,9845,2021-06-28 17:29:40,52.209152,3
1422,Z10,20.914267,9846,2021-06-28 17:29:37,52.236187,6
1423,Z10,20.913326,9847,2021-06-28 17:29:37,52.251892,4
1424,109,21.016329,9849,2021-06-28 17:29:42,52.230984,6
1425,109,20.970278,9851,2021-06-28 17:29:35,52.228867,5
1426,109,20.898697,9852,2021-06-28 17:29:39,52.239258,4
1427,109,21.0296,9853,2021-06-28 17:29:45,52.230103,1
1428,127,21.010036,9854,2021-06-28 17:29:40,52.229469,335
1429,186,20.977968,9901,2021-06-28 17:29:42,52.210785,1
1430,210,20.874514,9902,2021-06-28 17:29:44,52.287579,5
1431,140,21.133305,9903,2021-06-28 17:29:40,52.359192,04
1432,520,21.100639,9905,2021-06-28 17:29:42,52.234558,011
1433,520,21.138826,9906,2021-06-28 17:29:41,52.238182,3
1434,140,21.052912,9907,2021-06-28 17:29:41,52.276752,08
1435,140,21.053122,9908,2021-06-28 17:29:43,52.276661,09
1436,140,21.103432,9909,2021-06-28 17:29:40,52.321259,2
1437,719,20.950302,9912,2021-06-28 17:29:44,52.238605,05
1438,520,21.012362,9913,2021-06-28 17:29:42,52.229473,08
1439,520,21.011171,9914,2021-06-28 17:29:44,52.230282,09
1440,520,21.026302,9915,2021-06-28 17:29:41,52.21954,6
1441,520,21.155926,9916,2021-06-28 17:29:41,52.240387,4
1442,193,20.995321,9918,2021-06-28 17:29:42,52.170101,2
1443,193,20.995703,9919,2021-06-28 17:29:42,52.170116,3
1444,140,21.111183,9920,2021-06-28 17:29:43,52.360924,05
1445,140,21.101496,9921,2021-06-28 17:29:44,52.318604,06
1446,520,21.121702,9922,2021-06-28 17:29:45,52.232468,5
1447,193,21.039799,9923,2021-06-28 17:29:43,52.172237,4
1448,140,21.079849,9924,2021-06-28 17:29:42,52.292233,07
1449,193,21.033535,9926,2021-06-28 17:29:43,52.17347,1
1450,520,21.07843,9927,2021-06-28 17:29:41,52.234795,010
1451,140,21.117474,9928,2021-06-28 17:29:40,52.33807,3
1452,186,20.963734,9929,2021-06-28 17:29:40,52.215645,12
1453,193,21.03586,9930,2021-06-28 17:29:44,52.15704,5
1454,186,20.953266,9932,2021-06-28 17:29:42,52.262829,4
1455,520,21.029394,9933,2021-06-28 17:29:40,52.220448,2
1456,186,20.963755,9934,2021-06-28 17:29:45,52.207802,2
1457,520,21.001537,9935,2021-06-28 17:29:40,52.244587,1
1458,186,20.94124,9936,2021-06-28 17:29:44,52.331688,6
1459,520,21.002142,9937,2021-06-28 17:29:40,52.243118,7
1460,186,20.980268,9940,2021-06-28 17:29:43,52.21003,3
1461,186,20.942286,9941,2021-06-28 17:29:41,52.334068,8
1462,210,20.927521,9942,2021-06-28 17:29:39,52.291615,4
1463,109,20.990959,9943,2021-06-28 17:29:40,52.231552,2
1464,186,20.940653,9945,2021-06-28 17:29:41,52.326679,9
1465,210,20.922497,9946,2021-06-28 17:29:44,52.281624,3
1466,109,20.948019,9948,2021-06-28 17:29:42,52.23428,3
1467,210,20.805403,9949,2021-06-28 17:29:43,52.297462,1
1468,210,20.811865,9950,2021-06-28 17:29:44,52.309483,2
1469,186,20.996399,9951,2021-06-28 17:29:43,52.296417,5
1470,186,20.966383,9953,2021-06-28 17:29:35,52.318939,67
1471,140,21.075811,9954,2021-06-28 17:29:41,52.287685,1
1472,o97B,21.423098,9999,2021-06-28 14:27:55,50.302967,7
