,Lines,Lon,VehicleNumber,Time,Lat,Brigade
0,213,21.102339,1001,2021-06-28 17:05:10,52.2228031,1
1,213,21.1763123,1003,2021-06-28 17:05:12,52.1847881,05
2,213,21.1886568,1004,2021-06-28 17:05:12,52.1497378,3
3,196,21.1762165,1005,2021-06-28 17:05:07,52.2567446,2
4,196,21.177326,1008,2021-06-28 17:05:17,52.256846,03
5,213,21.1705698,1009,2021-06-28 17:05:18,52.1938126,4
6,213,21.1838133,1010,2021-06-28 17:05:19,52.1558623,2
7,311,21.0838191,1012,2021-06-28 17:05:13,52.2330183,1
8,196,21.178238,1014,2021-06-28 17:05:03,52.259941,1
9,311,21.0837593,1015,2021-06-28 17:05:18,52.2262916,2
10,365,21.0242391,1021,2021-06-28 17:05:19,52.1797777,01
11,107,20.9793025,1023,2021-06-28 17:05:20,52.2445514,3
12,163,21.0842325,1025,2021-06-28 17:05:20,52.1647282,2
13,107,21.0318804,1026,2021-06-28 17:05:19,52.2239227,5
14,108,21.035639,1027,2021-06-28 17:05:20,52.177017,1
15,108,21.0356232,1028,2021-06-28 17:05:19,52.2224921,5
16,108,21.08716,1029,2021-06-28 17:05:15,52.195553,6
17,365,21.002693,1031,2021-06-28 17:05:18,52.177925,02
18,108,21.0466597,1033,2021-06-28 17:05:19,52.213505,4
19,163,21.049078,1034,2021-06-28 17:05:20,52.178299,1
20,192,21.0193,1037,2021-06-28 17:05:20,52.152416,7
21,108,21.083071,1038,2021-06-28 17:05:10,52.190511,3
22,365,20.9951219,1039,2021-06-28 17:05:20,52.1760566,03
23,107,21.0500817,1040,2021-06-28 17:05:09,52.2004683,6
24,107,20.9793517,1042,2021-06-28 17:05:09,52.2445233,2
25,107,21.017633,1043,2021-06-28 17:05:07,52.228228,07
26,107,21.011481,1045,2021-06-28 17:05:18,52.239694,4
27,204,21.024875,1046,2021-06-28 17:05:14,52.286724,05
28,204,21.033303,1047,2021-06-28 17:05:07,52.297448,1
29,204,21.0603667,1048,2021-06-28 17:05:13,52.3150967,04
30,228,20.945858,1050,2021-06-28 17:05:16,52.200623,1
31,228,20.943815,1051,2021-06-28 17:05:06,52.202776,2
32,328,20.977131,1052,2021-06-28 17:05:00,52.180411,01
33,129,20.915768,1053,2021-06-28 17:05:15,52.205196,4
34,228,20.893046,1054,2021-06-28 17:05:06,52.200348,3
35,129,20.947471,1055,2021-06-28 17:05:13,52.246721,3
36,328,20.994681,1058,2021-06-28 17:05:01,52.150843,02
37,129,20.908756,1059,2021-06-28 17:05:17,52.192831,1
38,328,20.9574244,1061,2021-06-28 17:05:19,52.1896837,03
39,192,21.066404,1062,2021-06-28 17:05:20,52.130611,51
40,192,21.022097,1064,2021-06-28 17:05:19,52.178955,2
41,163,21.096748,1065,2021-06-28 17:05:20,52.186443,04
42,107,21.011059,1066,2021-06-28 17:05:19,52.238041,1
43,163,21.06534,1068,2021-06-28 17:05:19,52.176392,3
44,192,21.0736656,1069,2021-06-28 17:05:19,52.1326979,4
45,163,21.0879162,1070,2021-06-28 17:05:18,52.1597504,05
46,192,21.0426177,1074,2021-06-28 17:05:19,52.1480407,6
47,108,21.0332035,1076,2021-06-28 17:05:20,52.1774467,2
48,192,21.043396,1077,2021-06-28 17:05:20,52.145859,3
49,192,21.024282,1079,2021-06-28 17:05:19,52.179935,1
50,736,21.0293338,1101,2021-06-28 17:05:15,52.3519075,02
51,132,21.068349,1109,2021-06-28 17:05:08,52.3233608,2
52,303,20.986129,1112,2021-06-28 17:05:11,52.2693768,3
53,147,21.0522901,1113,2021-06-28 17:05:16,52.2502163,06
54,152,20.968325,1114,2021-06-28 17:05:11,52.319516,06
55,166,21.027146,1115,2021-06-28 17:05:17,52.259981,09
56,132,20.9891315,1116,2021-06-28 17:05:15,52.284367,3
57,122,20.8985123,1117,2021-06-28 17:05:19,52.250636,09
58,197,20.9475445,1118,2021-06-28 17:05:13,52.2773466,7
59,126,21.0568128,1119,2021-06-28 17:05:14,52.3018753,3
60,168,21.0949464,1200,2021-06-28 17:05:20,52.2300109,2
61,119,21.0486279,1202,2021-06-28 17:05:20,52.1954429,1
62,178,21.004061,1203,2021-06-28 17:05:16,52.255356,2
63,178,20.883467,1204,2021-06-28 17:05:19,52.195393,5
64,168,20.995708,1205,2021-06-28 17:05:19,52.192814,6
65,166,21.034915,1206,2021-06-28 17:05:01,52.202461,1
66,166,21.0458812,1208,2021-06-28 17:05:19,52.1872137,5
67,222,20.9957735,1211,2021-06-28 17:05:20,52.1933534,4
68,174,20.999241,1212,2021-06-28 17:05:17,52.231716,371
69,174,21.0083764,1213,2021-06-28 17:05:19,52.2073519,3
70,218,20.988649,1214,2021-06-28 17:05:18,52.184147,5
71,166,21.034748,1216,2021-06-28 17:05:18,52.258423,7
72,168,20.99542,1218,2021-06-28 17:05:19,52.1913576,5
73,119,20.999481,1220,2021-06-28 17:05:19,52.205662,5
74,122,20.9764256,1400,2021-06-28 17:05:12,52.2898096,012
75,121,20.9344051,1401,2021-06-28 17:05:16,52.2893553,04
76,134,21.059683,1403,2021-06-28 17:05:00,52.341826,1
77,110,20.8875513,1407,2021-06-28 17:05:14,52.2857891,05
78,240,21.060401,1408,2021-06-28 17:05:17,52.305489,4
79,173,21.140965,1411,2021-06-28 17:05:13,52.236965,5
80,117,21.10251,1412,2021-06-28 17:05:19,52.222145,1
81,702,21.2629076,1413,2021-06-28 17:05:19,52.1080784,2
82,168,21.057438,1415,2021-06-28 17:05:21,52.208023,1
83,202,21.1144327,1416,2021-06-28 17:05:20,52.2443557,04
84,183,21.180359,1418,2021-06-28 17:05:19,52.248463,6
85,147,21.0528824,1419,2021-06-28 17:05:20,52.2504377,2
86,199,21.0752817,1422,2021-06-28 17:05:19,52.2866575,4
87,198,21.2432725,1423,2021-06-28 17:05:19,52.2213836,05
88,173,21.240435,1424,2021-06-28 17:05:19,52.249733,6
89,115,21.2000389,1425,2021-06-28 17:05:19,52.1732866,4
90,173,21.262061,1426,2021-06-28 17:05:19,52.2434726,8
91,147,21.2361364,1427,2021-06-28 17:05:20,52.2162752,4
92,146,21.195696,1428,2021-06-28 17:05:17,52.1581,2
93,142,21.138773,1430,2021-06-28 17:05:17,52.192902,06
94,L41,20.926636,14422,2021-06-28 17:05:16,52.383202,1
95,L10,20.915695,14423,2021-06-28 17:04:12,52.410633,1
96,L11,20.941437,14424,2021-06-28 17:05:17,52.400829,1
97,L10,20.963053,14425,2021-06-28 17:05:19,52.452141,50
98,L-8,20.945215,14426,2021-06-28 14:51:54,52.437912,1
99,L41,20.851072,14427,2021-06-28 17:05:13,52.396126,02
100,L11,20.889503,14429,2021-06-28 17:05:15,52.454792,57
101,L34,20.847353,14430,2021-06-28 17:01:01,52.441017,2
102,L34,20.929794,14431,2021-06-28 17:05:22,52.394756,1
103,L11,20.746613,14432,2021-06-28 17:05:15,52.431206,51
104,L-8,21.089607,14434,2021-06-28 17:05:19,52.414524,02
105,L-8,21.034105,14435,2021-06-28 17:05:20,52.375648,1
106,L49,20.886301,14436,2021-06-28 17:05:19,52.408634,1
107,L31,21.18471,14438,2021-06-28 17:05:19,52.418938,1
108,L-9,20.955744,14439,2021-06-28 17:05:17,52.409176,054
109,L-9,20.968323,14440,2021-06-28 17:05:21,52.449707,055
110,134,20.968143,1500,2021-06-28 17:05:12,52.271824,04
111,134,20.9965126,1501,2021-06-28 17:05:14,52.288028,3
112,110,20.8848856,1502,2021-06-28 17:05:14,52.28616,2
113,240,21.0266646,1505,2021-06-28 17:05:17,52.2977503,06
114,132,21.068059,1506,2021-06-28 17:05:18,52.324011,07
115,134,21.0294835,1507,2021-06-28 17:05:15,52.2986136,2
116,126,20.9720741,1508,2021-06-28 17:05:01,52.3207176,5
117,132,21.049669,1509,2021-06-28 17:05:15,52.325256,05
118,166,21.0369658,1510,2021-06-28 17:05:10,52.2323285,6
119,126,21.047401,1513,2021-06-28 17:05:16,52.28656,4
120,197,20.9389011,1514,2021-06-28 17:05:12,52.2470558,6
121,197,20.9684511,1515,2021-06-28 17:04:54,52.284217,8
122,121,20.9291393,1516,2021-06-28 17:05:15,52.285297,1
123,173,21.128101,1519,2021-06-28 17:05:17,52.234405,10
124,202,21.076928,1521,2021-06-28 17:05:11,52.250208,07
125,202,21.043183,1522,2021-06-28 17:05:15,52.247194,3
126,146,21.117341,1523,2021-06-28 17:05:13,52.200348,08
127,730,21.3535867,1524,2021-06-28 17:05:16,52.1908983,052
128,119,21.1307,1525,2021-06-28 17:05:06,52.2019283,06
129,147,21.083065,1526,2021-06-28 17:05:13,52.226011,09
130,198,21.243218,1528,2021-06-28 17:05:14,52.221461,3
131,702,21.163241,1530,2021-06-28 17:05:08,52.163043,03
132,198,21.223046,1531,2021-06-28 17:05:17,52.223984,2
133,115,21.1655917,1533,2021-06-28 17:05:11,52.2142783,2
134,142,21.12566,1534,2021-06-28 17:05:11,52.23469,07
135,198,21.2229133,1535,2021-06-28 17:05:13,52.2242033,1
136,106,20.982101,1537,2021-06-28 17:05:17,52.233148,4
137,170,21.033896,1538,2021-06-28 17:05:05,52.258818,4
138,120,21.0470083,1539,2021-06-28 17:05:15,52.259945,1
139,199,21.063525,1540,2021-06-28 17:05:12,52.2729417,1
140,156,20.9750083,1541,2021-06-28 17:05:06,52.2777,1
141,170,21.083404,1542,2021-06-28 17:05:04,52.275118,1
142,156,20.987864,1543,2021-06-28 17:05:15,52.284033,3
143,338,21.100871,1544,2021-06-28 17:05:07,52.260541,01
144,122,20.93365,1546,2021-06-28 17:05:17,52.270165,013
145,338,21.05589,1548,2021-06-28 17:05:11,52.2636167,04
146,199,21.14189,1549,2021-06-28 17:05:13,52.278151,2
147,170,21.0218217,1550,2021-06-28 17:05:19,52.2624533,3
148,240,21.118921,1551,2021-06-28 17:05:13,52.338276,3
149,221,20.968511,1552,2021-06-28 17:05:04,52.260626,2
150,106,21.0092483,1554,2021-06-28 17:05:18,52.2390233,06
151,L-4,20.99902,17451,2021-06-28 17:05:19,52.09058,1
152,L26,21.212452,17452,2021-06-28 17:05:10,52.336727,02
153,L37,21.225801,17453,2021-06-28 17:05:19,52.347286,1
154,L40,21.140097,17454,2021-06-28 17:05:23,52.362431,1
155,L36,21.283644,17456,2021-06-28 17:05:15,52.366585,1
156,L35,21.242012,17458,2021-06-28 17:05:13,52.343063,1
157,L26,21.152554,17460,2021-06-28 17:03:45,52.310806,1
158,L46,21.151449,17461,2021-06-28 17:05:14,52.315392,1
159,L43,21.154894,17462,2021-06-28 17:05:17,52.296894,1
160,L45,21.085159,17464,2021-06-28 17:05:20,52.304924,02
161,L45,21.083273,17465,2021-06-28 17:05:16,52.423149,1
162,L38,21.285438,17466,2021-06-28 17:05:19,52.324991,1
163,L37,21.218784,17467,2021-06-28 16:39:44,52.310253,2
164,L40,21.198368,17468,2021-06-28 17:05:21,52.342327,02
165,197,20.8737991,1800,2021-06-28 17:05:16,52.2021555,4
166,110,20.9669395,1801,2021-06-28 17:05:16,52.2731736,4
167,132,20.9682171,1802,2021-06-28 17:05:17,52.2718853,1
168,166,21.0407278,1803,2021-06-28 17:05:14,52.235833,8
169,122,20.9858373,1804,2021-06-28 17:05:12,52.2687735,5
170,173,21.1353303,1805,2021-06-28 17:05:16,52.2416911,4
171,204,21.0232865,1806,2021-06-28 17:05:10,52.2771691,3
172,122,20.9762948,1807,2021-06-28 16:49:35,52.2898141,4
173,303,20.9391216,1808,2021-06-28 17:05:16,52.2781255,1
174,147,21.0437886,1809,2021-06-28 17:05:12,52.2374198,1
175,166,21.0457251,1810,2021-06-28 17:05:13,52.1569551,2
176,152,21.043346,1811,2021-06-28 10:10:53,52.266126,06
177,204,21.0495123,1812,2021-06-28 17:05:05,52.3210756,2
178,736,20.950138,1813,2021-06-28 17:05:05,52.4043896,1
179,147,21.052168,1814,2021-06-28 17:05:05,52.237454,07
180,240,21.1052606,1815,2021-06-28 17:05:19,52.3234093,2
181,197,20.945181,1817,2021-06-28 17:05:07,52.265655,9
182,240,21.0548528,1818,2021-06-28 17:05:12,52.2964253,05
183,221,20.9940691,1819,2021-06-28 17:05:18,52.2595321,1
184,117,21.071153,1823,2021-06-28 17:04:37,52.22505,05
185,146,21.054998,1826,2021-06-28 17:05:10,52.232976,4
186,183,21.0861601,1828,2021-06-28 17:05:16,52.2448048,3
187,147,21.1336563,1829,2021-06-28 17:05:16,52.202493,5
188,722,21.2630071,1830,2021-06-28 17:05:11,52.1079368,1
189,147,21.1169918,1832,2021-06-28 09:25:20,52.2330478,09
190,146,21.0440493,1833,2021-06-28 17:05:15,52.2486253,5
191,202,21.116848,1834,2021-06-28 09:35:30,52.233074,04
192,115,21.2421375,1835,2021-06-28 17:05:18,52.1698998,3
193,168,21.1127343,1837,2021-06-28 17:05:17,52.2363306,07
194,183,21.1253816,1839,2021-06-28 17:05:18,52.2349753,1
195,202,21.0658976,1840,2021-06-28 17:04:51,52.2519526,05
196,146,21.209208,1842,2021-06-28 17:05:04,52.16046,07
197,183,21.0872221,1843,2021-06-28 17:05:15,52.244694,2
198,119,21.2055865,1844,2021-06-28 17:05:13,52.2099171,3
199,115,21.177348,1846,2021-06-28 17:05:05,52.249428,5
200,730,21.1406573,1847,2021-06-28 17:05:09,52.2281933,61
201,119,21.0470671,1848,2021-06-28 17:05:14,52.195868,4
202,173,21.1898126,1849,2021-06-28 17:05:14,52.2473431,9
203,183,21.1356573,1850,2021-06-28 17:05:16,52.2419318,4
204,173,21.0841613,1851,2021-06-28 17:05:10,52.250604,1
205,722,21.1068123,1854,2021-06-28 17:05:16,52.24144,53
206,147,21.1015656,1855,2021-06-28 17:05:13,52.2148075,3
207,117,21.039571,1857,2021-06-28 17:05:09,52.2355533,2
208,115,21.1596481,1858,2021-06-28 17:05:16,52.257847,1
209,146,21.0526186,1859,2021-06-28 17:05:04,52.2503428,09
210,115,21.1703281,1860,2021-06-28 17:05:15,52.2771446,6
211,119,21.140109,1862,2021-06-28 17:05:20,52.214096,2
212,173,21.0733095,1863,2021-06-28 17:05:18,52.251879,3
213,146,21.173933,1866,2021-06-28 17:05:08,52.158275,3
214,183,21.1913978,1867,2021-06-28 17:05:14,52.2401418,5
215,147,21.1759231,1869,2021-06-28 17:05:13,52.2061178,08
216,251,21.1153043,1903,2021-06-28 17:05:13,52.0999968,53
217,168,21.009706,1904,2021-06-28 17:05:12,52.202893,09
218,739,21.0237514,1905,2021-06-28 17:05:12,52.1791578,07
219,251,21.1132003,1906,2021-06-28 17:05:14,52.1098631,52
220,139,21.055875,1907,2021-06-28 17:05:05,52.172618,54
221,178,20.9809054,1908,2021-06-28 17:05:18,52.229435,012
222,222,21.0136058,1909,2021-06-28 17:05:10,52.2460404,2
223,222,21.0143264,1910,2021-06-28 17:05:18,52.1931588,5
224,139,21.023968,1911,2021-06-28 17:05:19,52.179592,56
225,222,21.020153,1912,2021-06-28 17:05:17,52.232193,6
226,251,21.0377962,1914,2021-06-28 17:05:17,52.1766584,51
227,222,21.0223846,1916,2021-06-28 17:05:19,52.2073997,3
228,222,20.9959417,1917,2021-06-28 17:05:19,52.193427,4
229,739,21.017977,1918,2021-06-28 17:05:19,52.154194,08
230,139,21.0856404,1919,2021-06-28 17:05:20,52.1611954,55
231,222,21.005,1920,2021-06-28 17:05:16,52.2448,1
232,178,20.895777,1991,2021-06-28 17:05:19,52.18565,010
233,178,20.9827725,1993,2021-06-28 17:04:25,52.230267,1
234,168,21.046211,1994,2021-06-28 17:05:19,52.2068221,08
235,178,20.9772617,1995,2021-06-28 17:05:20,52.2291196,3
236,178,20.9085206,1996,2021-06-28 17:05:19,52.1927591,6
237,178,20.913506,1998,2021-06-28 17:05:20,52.199039,4
238,178,20.9471747,1999,2021-06-28 17:05:20,52.2084115,013
239,105,20.8990822,2001,2021-06-28 17:05:19,52.2387909,1
240,136,21.0355165,2003,2021-06-28 17:05:20,52.1509595,6
241,Z10,20.914206,2006,2021-06-28 17:05:18,52.236362,3
242,188,21.084774,2007,2021-06-28 17:05:20,52.244198,09
243,517,20.9906004,2008,2021-06-28 17:05:19,52.2254439,07
244,191,20.913347,2009,2021-06-28 17:05:20,52.198887,3
245,184,20.922777,2010,2021-06-28 17:05:20,52.2596547,4
246,124,20.964985,2011,2021-06-28 17:05:19,52.151833,03
247,401,20.884996,2013,2021-06-28 17:05:19,52.194725,1
248,182,21.067755,2014,2021-06-28 17:05:19,52.230083,012
249,171,20.987619,2015,2021-06-28 17:05:20,52.240059,1
250,401,21.003078,2016,2021-06-28 17:05:21,52.178207,011
251,190,20.984104,2019,2021-06-28 17:05:18,52.238575,014
252,191,20.9345584,2020,2021-06-28 17:05:19,52.2017172,7
253,401,20.9589369,2021,2021-06-28 17:05:19,52.1901812,5
254,522,21.071762,2022,2021-06-28 17:05:19,52.161083,013
255,193,21.008289,2023,2021-06-28 17:05:20,52.171177,06
256,189,21.044653,2024,2021-06-28 17:05:19,52.176025,14
257,401,20.909592,2026,2021-06-28 17:05:19,52.194149,8
258,522,21.031425,2027,2021-06-28 17:05:19,52.20628,318
259,519,21.092864,2028,2021-06-28 17:05:20,52.1167764,3
260,501,21.0482742,2029,2021-06-28 17:05:19,52.1780886,3
261,189,20.915161,2030,2021-06-28 17:05:19,52.199497,9
262,131,21.003874,2032,2021-06-28 17:05:19,52.230072,10
263,522,21.046169,2033,2021-06-28 17:05:17,52.190754,07
264,189,21.031872,2035,2021-06-28 17:05:20,52.1734974,12
265,519,21.0254434,2036,2021-06-28 17:05:18,52.2097149,5
266,501,21.035196,2037,2021-06-28 17:05:17,52.201748,5
267,138,21.001902,2038,2021-06-28 17:05:20,52.184872,010
268,501,21.034334,2040,2021-06-28 17:05:20,52.203159,2
269,189,20.916117,2041,2021-06-28 17:05:19,52.205139,8
270,138,21.055714,2042,2021-06-28 17:05:19,52.23159,012
271,401,20.9034262,2044,2021-06-28 17:05:19,52.1937144,012
272,172,21.0086855,2045,2021-06-28 17:05:16,52.1953865,010
273,172,21.042198,2200,2021-06-28 17:05:19,52.194954,4
274,523,20.915014,2201,2021-06-28 17:05:18,52.239246,14
275,187,20.919971,2202,2021-06-28 17:05:19,52.198227,3
276,136,20.956333,2203,2021-06-28 17:05:20,52.230282,1
277,Z10,20.9151317,2204,2021-06-28 17:05:19,52.2319019,010
278,171,20.935923,2205,2021-06-28 17:05:20,52.2398001,011
279,Z10,20.916615,2206,2021-06-28 17:05:18,52.220875,7
280,189,20.976992,2207,2021-06-28 17:05:20,52.184292,10
281,190,20.898434,2209,2021-06-28 17:05:20,52.239468,8
282,172,20.961361,2210,2021-06-28 17:05:19,52.215836,2
283,122,20.9076195,2212,2021-06-28 17:05:17,52.2545007,6
284,122,20.9763434,2213,2021-06-28 17:05:18,52.2898769,07
285,136,20.987099,2215,2021-06-28 17:05:18,52.210262,11
286,190,20.9188007,2216,2021-06-28 17:05:20,52.2398435,018
287,401,21.02656,2217,2021-06-28 17:05:20,52.170334,09
288,Z10,20.9310064,2218,2021-06-28 17:05:19,52.2250732,5
289,148,21.097708,2221,2021-06-28 17:05:19,52.235188,8
290,523,20.9129132,2222,2021-06-28 17:05:20,52.2392617,1
291,191,20.984459,2223,2021-06-28 17:05:19,52.218472,9
292,189,20.9260195,2224,2021-06-28 17:05:18,52.1961829,2
293,191,20.9070699,2225,2021-06-28 17:05:19,52.1926007,5
294,517,20.902946,2226,2021-06-28 17:05:19,52.193851,3
295,136,20.9825777,2231,2021-06-28 17:05:20,52.1948407,013
296,189,21.0083902,2232,2021-06-28 17:05:18,52.176119,11
297,317,21.0843044,2233,2021-06-28 17:05:19,52.1667437,08
298,Z10,20.911293,2235,2021-06-28 17:05:16,52.247105,011
299,317,20.943758,2236,2021-06-28 17:05:19,52.175663,4
300,187,20.9631427,2240,2021-06-28 17:05:20,52.2168724,2
301,136,21.002131,2241,2021-06-28 17:05:20,52.179478,9
302,191,20.9672707,2243,2021-06-28 17:05:20,52.2142917,1
303,171,21.0105847,2244,2021-06-28 17:05:19,52.2316855,4
304,Z10,20.923925,2245,2021-06-28 17:05:19,52.26086,9
305,717,20.9614024,2247,2021-06-28 17:05:20,52.2167372,3
306,317,20.947542,2249,2021-06-28 17:05:17,52.179787,06
307,189,20.896471,2252,2021-06-28 17:05:19,52.235836,4
308,112,21.0823941,2253,2021-06-28 17:05:19,52.3044999,2
309,191,20.8706387,2254,2021-06-28 17:05:19,52.1844321,010
310,141,20.943777,2256,2021-06-28 17:05:19,52.175732,013
311,172,21.028709,2257,2021-06-28 17:05:19,52.200237,7
312,317,21.0411449,2258,2021-06-28 17:05:20,52.1709332,1
313,187,20.874426,2259,2021-06-28 17:05:19,52.195293,4
314,L48,21.303106,23481,2021-06-28 04:38:21,52.203297,1
315,L47,21.303164,23482,2021-06-28 17:05:20,52.24168,02
316,L47,21.294958,23483,2021-06-28 17:05:22,52.24334,1
317,L20,21.263109,24511,2021-06-28 17:05:21,52.107857,1
318,L20,21.471601,24512,2021-06-28 13:52:17,52.132278,1
319,L20,21.463848,24513,2021-06-28 17:05:17,52.133045,03
320,L20,21.437576,24515,2021-06-28 17:05:18,52.134872,2
321,245,21.1142001,3400,2021-06-28 17:05:18,52.2789503,2
322,112,20.9562765,3401,2021-06-28 17:05:15,52.2762291,018
323,412,21.060203,3403,2021-06-28 17:05:15,52.3049928,01
324,112,20.9147106,3404,2021-06-28 17:05:15,52.234164,7
325,412,21.039781,3405,2021-06-28 17:05:06,52.25086,05
326,500,20.982133,3406,2021-06-28 17:05:19,52.2532326,08
327,500,20.9956273,3408,2021-06-28 17:05:13,52.25826,2
328,245,21.0696343,3410,2021-06-28 17:05:17,52.2798523,05
329,114,21.011898,3411,2021-06-28 17:05:11,52.293686,011
330,500,20.9823898,3413,2021-06-28 17:05:08,52.2541948,1
331,190,21.084869,3414,2021-06-28 17:05:14,52.3050341,027
332,114,20.9264898,3415,2021-06-28 17:05:15,52.272403,09
333,114,20.9341828,3416,2021-06-28 17:05:18,52.271413,010
334,738,21.1837813,3417,2021-06-28 17:05:16,52.4003703,3
335,738,21.1806698,3418,2021-06-28 17:05:16,52.4174333,4
336,190,21.0858406,3421,2021-06-28 17:05:18,52.2996236,021
337,500,21.041689,3422,2021-06-28 17:05:15,52.3002955,4
338,185,20.981085,3423,2021-06-28 17:05:18,52.2751416,10
339,512,21.0527946,3424,2021-06-28 17:05:17,52.2534013,2
340,512,21.051979,3426,2021-06-28 17:05:17,52.2528968,3
341,169,21.0449505,3427,2021-06-28 17:05:20,52.2790283,2
342,185,21.0621605,3428,2021-06-28 17:05:15,52.1858115,7
343,500,21.0420633,3429,2021-06-28 17:05:20,52.2939916,6
344,169,21.051744,3430,2021-06-28 17:05:14,52.2529036,3
345,112,21.0792338,3431,2021-06-28 17:05:12,52.3070861,3
346,Z26,21.0003343,3432,2021-06-28 17:05:19,52.244333,1
347,Z26,21.036325,3434,2021-06-28 17:05:16,52.256478,6
348,128,21.0125441,3435,2021-06-28 17:05:15,52.2432438,55
349,509,21.0920308,3437,2021-06-28 17:05:12,52.2250691,5
350,132,21.050605,3438,2021-06-28 17:05:19,52.3169835,06
351,738,21.0817161,3439,2021-06-28 17:05:10,52.2946186,1
352,414,20.9746606,3440,2021-06-28 17:05:11,52.2088161,07
353,512,21.070043,3441,2021-06-28 17:05:10,52.280626,5
354,500,21.0356203,3442,2021-06-28 17:05:14,52.267718,7
355,509,20.9694775,3443,2021-06-28 17:05:14,52.3199518,11
356,245,21.0771143,3444,2021-06-28 17:05:16,52.2867586,04
357,145,21.0010218,3445,2021-06-28 17:05:17,52.2914008,8
358,509,21.0149856,3446,2021-06-28 17:05:15,52.2738146,14
359,162,21.0850961,3447,2021-06-28 17:05:17,52.1933056,6
360,190,21.0826295,3448,2021-06-28 17:05:17,52.2956975,2
361,112,20.880189,3449,2021-06-28 17:05:01,52.216161,9
362,112,20.9334318,3450,2021-06-28 17:05:18,52.270439,12
363,114,21.043474,3451,2021-06-28 09:14:51,52.2654126,09
364,145,21.0882261,3452,2021-06-28 17:05:18,52.2448825,015
365,527,21.0549333,3453,2021-06-28 17:05:16,52.2747901,2
366,190,21.067193,3454,2021-06-28 17:04:58,52.277111,1
367,145,21.0686318,3455,2021-06-28 17:05:18,52.2917655,5
368,509,21.0717628,3458,2021-06-28 17:05:14,52.2250668,355
369,245,21.1171218,3459,2021-06-28 17:05:16,52.2782876,1
370,190,21.0647735,3460,2021-06-28 17:05:05,52.2738845,022
371,114,21.018709,3462,2021-06-28 17:05:07,52.290461,2
372,190,20.9151116,3463,2021-06-28 17:05:15,52.22982,6
373,500,21.042085,3464,2021-06-28 17:05:05,52.300343,5
374,114,20.9345698,3465,2021-06-28 17:05:13,52.2977948,6
375,112,20.976726,3466,2021-06-28 17:05:10,52.27879,1
376,509,20.966958,3467,2021-06-28 17:05:13,52.318976,022
377,245,21.0528986,3468,2021-06-28 17:05:05,52.2764793,03
378,114,20.9709278,3469,2021-06-28 17:04:54,52.2645688,7
379,L17,21.029514,36442,2021-06-28 17:05:16,52.074635,02
380,L19,21.031876,36443,2021-06-28 17:05:13,51.960587,1
381,L17,21.014496,36444,2021-06-28 17:05:19,51.971012,1
382,L19,21.029512,36445,2021-06-28 17:05:19,52.07489,02
383,L30,21.111715,36446,2021-06-28 17:05:20,51.955444,1
384,L28,21.128008,36447,2021-06-28 17:05:17,52.021729,1
385,L30,21.230373,36448,2021-06-28 17:05:19,51.958366,02
386,L42,21.116144,37531,2021-06-28 17:05:18,52.102676,52
387,L21,21.167377,37533,2021-06-28 17:05:21,52.059139,1
388,L16,21.086775,37534,2021-06-28 17:05:20,52.085678,1
389,L14,21.166052,37535,2021-06-28 17:05:18,52.103127,1
390,L15,21.143932,37536,2021-06-28 17:05:18,52.04686,51
391,L39,21.052961,38541,2021-06-28 17:05:21,52.096485,4
392,L23,21.029541,38543,2021-06-28 17:05:16,52.074802,M53
393,L23,21.019249,38544,2021-06-28 17:05:15,52.065796,052
394,L39,20.992432,38545,2021-06-28 17:05:20,52.109756,3
395,L32,20.992382,38546,2021-06-28 17:05:14,52.04356,1
396,L39,21.004555,38547,2021-06-28 05:46:58,52.110222,1
397,L39,21.039154,38548,2021-06-28 17:05:15,52.079773,2
398,L23,21.013033,38549,2021-06-28 17:05:17,52.071438,51
399,L52,20.995384,38550,2021-06-28 17:05:17,52.040684,1
400,L-2,21.027267,39551,2021-06-28 17:05:19,52.078037,062
401,L12,20.977961,39552,2021-06-28 17:05:16,52.045635,063
402,L25,21.087832,39554,2021-06-28 17:05:16,52.040134,02
403,L25,21.108456,39555,2021-06-28 17:05:19,52.0042,1
404,L-2,20.896603,39556,2021-06-28 17:05:21,52.007885,061
405,L12,20.971045,39557,2021-06-28 17:05:18,52.041637,64
406,L12,21.029499,39558,2021-06-28 17:05:22,52.075047,65
407,L13,21.020803,39560,2021-06-28 17:05:20,52.031437,1
408,L13,21.009056,39561,2021-06-28 17:05:19,52.058582,03
409,L13,21.039806,39562,2021-06-28 17:05:20,52.027111,2
410,L-5,21.029612,39565,2021-06-28 17:05:21,52.075699,1
411,255,20.931087,4200,2021-06-28 17:05:20,52.225182,2
412,703,20.83614,4202,2021-06-28 17:05:19,52.107422,52
413,197,20.874023,4205,2021-06-28 17:05:19,52.202042,2
414,902,20.9223249,4206,2021-06-28 16:30:27,52.1964574,M1
415,255,20.9678974,4207,2021-06-28 17:05:19,52.2287894,03
416,154,20.963097,4209,2021-06-28 17:05:19,52.195896,4
417,178,20.959429,4210,2021-06-28 17:05:21,52.216175,011
418,154,20.967936,4211,2021-06-28 17:05:18,52.21513,010
419,711,20.943646,4212,2021-06-28 17:05:04,52.175269,063
420,154,20.957764,4213,2021-06-28 17:05:19,52.226261,1
421,154,20.898502,4214,2021-06-28 17:05:17,52.251698,8
422,711,20.7999801,4215,2021-06-28 17:05:19,52.0910462,061
423,122,20.9568022,4216,2021-06-28 17:05:20,52.2610369,3
424,197,20.862543,4217,2021-06-28 17:05:19,52.190247,3
425,197,20.918543,4218,2021-06-28 17:05:19,52.220551,1
426,255,20.9509384,4219,2021-06-28 17:05:20,52.2264029,1
427,197,20.940212,4221,2021-06-28 17:05:16,52.245342,10
428,129,20.942602,4224,2021-06-28 17:05:19,52.239025,2
429,121,20.9251646,4225,2021-06-28 17:05:18,52.2724962,03
430,197,20.929665,4227,2021-06-28 17:05:19,52.223434,5
431,154,20.9082791,4228,2021-06-28 17:05:19,52.2389377,6
432,902,21.044504,4229,2021-06-28 17:05:15,52.23724,M2
433,154,20.884651,4230,2021-06-28 17:05:19,52.264389,7
434,178,20.957602,4231,2021-06-28 17:05:20,52.227535,9
435,178,20.8959814,4232,2021-06-28 17:05:17,52.1856489,7
436,714,20.95009,4233,2021-06-28 17:05:19,52.238667,3
437,729,20.8841697,4234,2021-06-28 17:05:18,52.2404917,02
438,714,20.824896,4235,2021-06-28 17:05:17,52.264011,2
439,L-3,21.023777,42362,2021-06-28 17:05:17,52.069962,02
440,154,20.924032,4237,2021-06-28 17:05:20,52.240501,5
441,154,20.980856,4238,2021-06-28 17:05:16,52.188877,3
442,178,20.914845,4239,2021-06-28 17:05:15,52.202076,8
443,154,20.93961,4240,2021-06-28 17:05:20,52.235748,011
444,714,20.885153,4241,2021-06-28 17:05:18,52.241341,04
445,154,20.9763575,4242,2021-06-28 17:05:19,52.21073,2
446,154,20.948349,4243,2021-06-28 17:05:18,52.180103,09
447,901,21.029589,4244,2021-06-28 17:05:14,52.230145,1
448,901,21.008509,4246,2021-06-28 17:05:20,52.23505,3
449,714,20.936487,4247,2021-06-28 17:05:20,52.239803,1
450,729,20.7479245,4248,2021-06-28 17:05:18,52.2550447,1
451,121,20.9766652,4249,2021-06-28 17:05:20,52.2878194,2
452,L-1,20.922024,42494,2021-06-28 17:05:22,52.063877,1
453,L-4,21.0165,42495,2021-06-28 06:12:56,52.098907,2
454,L-3,20.833767,42500,2021-06-28 16:57:21,52.031147,1
455,146,21.063763,4303,2021-06-28 17:05:17,52.2223635,06
456,119,21.0043886,4304,2021-06-28 17:05:20,52.2101664,07
457,117,21.0729765,4305,2021-06-28 17:05:18,52.2253164,4
458,147,21.1663066,4307,2021-06-28 17:05:18,52.2042962,010
459,142,21.0880271,4308,2021-06-28 17:05:18,52.244662,08
460,198,21.223667,4309,2021-06-28 17:05:18,52.2537903,04
461,702,21.1394666,4312,2021-06-28 17:05:20,52.2237174,1
462,105,16.9750897,4332,2021-06-26 13:35:37,52.5472771,4
463,N72,16.9763326,4333,2021-06-28 15:21:54,52.5456077,215
464,240,21.000746,4400,2021-06-28 17:05:19,52.291367,1
465,132,20.968693,4401,2021-06-28 17:05:20,52.271996,09
466,126,21.0123251,4402,2021-06-28 17:05:19,52.3171355,2
467,120,21.042454,4403,2021-06-28 17:05:16,52.347984,5
468,166,21.068312,4404,2021-06-28 17:05:18,52.129185,3
469,156,20.9280962,4406,2021-06-28 17:05:20,52.2907467,2
470,122,20.914289,4407,2021-06-28 17:05:19,52.252079,010
471,134,21.058144,4408,2021-06-28 17:05:19,52.344494,05
472,106,21.0205317,4409,2021-06-28 17:05:19,52.2432099,1
473,199,21.1797546,4411,2021-06-28 17:05:19,52.2691682,3
474,173,21.052734,4413,2021-06-28 17:05:19,52.250336,2
475,106,21.017968,4415,2021-06-28 17:05:19,52.2370844,2
476,106,21.024111,4416,2021-06-28 17:05:18,52.241821,07
477,170,21.052197,4417,2021-06-28 17:05:20,52.258751,2
478,106,20.996651,4418,2021-06-28 17:05:17,52.235786,3
479,120,21.0516547,4419,2021-06-28 17:05:19,52.2920067,7
480,901,21.003096,4420,2021-06-28 17:05:20,52.229401,4
481,126,20.9471459,4421,2021-06-28 17:05:20,52.3247179,1
482,338,21.086641,4422,2021-06-28 17:05:19,52.260712,02
483,106,21.02672,4423,2021-06-28 17:05:20,52.237652,5
484,901,21.038868,4424,2021-06-28 17:05:19,52.221691,2
485,156,21.060471,4425,2021-06-28 17:05:17,52.262611,5
486,166,21.060217,4427,2021-06-28 17:05:19,52.140697,4
487,156,21.0650006,4428,2021-06-28 17:05:19,52.2615705,4
488,303,20.9245046,4429,2021-06-28 17:05:19,52.3086291,2
489,106,20.9653764,4430,2021-06-28 17:05:19,52.2378772,08
490,338,21.035358,4434,2021-06-28 17:05:18,52.256035,03
491,122,20.9600068,5200,2021-06-28 17:05:14,52.2595777,08
492,171,20.9136406,5201,2021-06-28 17:05:18,52.2519908,8
493,517,20.9517,5202,2021-06-28 17:05:17,52.2118835,09
494,523,21.014233,5203,2021-06-28 17:04:53,52.216895,020
495,401,20.962849,5204,2021-06-28 17:05:13,52.188634,013
496,105,20.9537326,5205,2021-06-28 17:05:09,52.227566,5
497,131,21.0288108,5206,2021-06-28 17:05:13,52.2073485,2
498,182,20.9649695,5207,2021-06-28 17:05:15,52.2180501,011
499,517,20.8747301,5208,2021-06-28 17:05:12,52.1987709,2
500,184,20.927581,5210,2021-06-28 17:05:10,52.291743,2
501,105,20.919441,5211,2021-06-28 17:05:13,52.22095,09
502,523,20.8976402,5212,2021-06-28 17:05:18,52.2589546,015
503,Z10,20.925026,5213,2021-06-28 17:05:13,52.260898,1
504,184,20.9247594,5214,2021-06-28 17:05:10,52.2614647,1
505,523,20.9727666,5215,2021-06-28 17:05:19,52.2192108,7
506,131,21.0463842,5216,2021-06-28 17:05:11,52.2067573,8
507,189,20.9220571,5217,2021-06-28 16:49:01,52.1957361,11
508,122,20.9336725,5218,2021-06-28 17:05:07,52.2710317,011
509,401,21.0263042,5219,2021-06-28 17:05:14,52.1709613,6
510,124,20.935488,5222,2021-06-28 17:05:05,52.168268,1
511,190,20.8990188,5223,2021-06-28 17:05:14,52.2389308,7
512,517,20.9615642,5224,2021-06-28 17:05:18,52.2167719,4
513,523,20.9635647,5225,2021-06-28 17:05:12,52.2173859,6
514,401,20.9178051,5226,2021-06-28 17:05:19,52.198792,4
515,189,20.9146601,5227,2021-06-28 17:05:12,52.22887,024
516,124,20.9436915,5228,2021-06-28 17:05:10,52.1761863,2
517,131,21.068785,5229,2021-06-28 17:05:18,52.1815195,5
518,523,20.9415895,5230,2021-06-28 17:05:12,52.239424,016
519,189,20.9033415,5232,2021-06-28 17:05:18,52.2281917,7
520,148,21.0484758,5233,2021-06-28 17:05:16,52.1777941,011
521,105,20.959826,5234,2021-06-28 17:05:09,52.228203,011
522,105,20.923223,5235,2021-06-28 17:05:12,52.221798,3
523,517,20.8836187,5236,2021-06-28 17:05:17,52.1901412,1
524,171,20.9334129,5237,2021-06-28 17:05:10,52.2706841,6
525,401,20.9973318,5238,2021-06-28 17:05:13,52.1791223,7
526,182,20.975784,5239,2021-06-28 17:05:11,52.218139,9
527,184,20.9332848,5240,2021-06-28 17:05:15,52.2693901,3
528,187,20.9617535,5241,2021-06-28 17:05:10,52.2168241,8
529,190,21.0854865,5243,2021-06-28 17:05:16,52.3037099,011
530,189,20.8971168,5244,2021-06-28 17:05:22,52.2282535,018
531,105,20.897049,5245,2021-06-28 17:05:13,52.2255509,6
532,148,21.0087444,5246,2021-06-28 17:05:18,52.154457,012
533,716,20.8706136,5247,2021-06-28 17:05:04,52.198281,1
534,141,21.0026317,5248,2021-06-28 17:05:13,52.195574,7
535,317,21.0438442,5249,2021-06-28 17:05:12,52.1729966,2
536,188,20.9810036,5250,2021-06-28 17:05:10,52.1909288,3
537,187,21.0123452,5251,2021-06-28 17:05:16,52.2170608,1
538,189,21.0523842,5253,2021-06-28 17:05:18,52.1796305,020
539,401,20.8620595,5254,2021-06-28 17:05:16,52.1903546,010
540,190,20.896708,5255,2021-06-28 17:05:16,52.231196,016
541,148,21.0478339,5256,2021-06-28 17:05:17,52.1895966,1
542,716,20.860891,5257,2021-06-28 17:05:10,52.194099,2
543,188,21.0196888,5258,2021-06-28 17:05:11,52.2181492,4
544,105,20.898841,5260,2021-06-28 17:05:01,52.238788,08
545,723,20.988623,5401,2021-06-28 17:05:18,52.304256,3
546,185,21.0386822,5403,2021-06-28 17:05:19,52.1687846,3
547,145,21.1062375,5404,2021-06-28 17:05:19,52.2865195,4
548,269,21.055265,5405,2021-06-28 17:05:20,52.27512,05
549,509,21.0006212,5406,2021-06-28 17:05:19,52.2928604,13
550,120,21.050922,5407,2021-06-28 17:05:19,52.252541,2
551,527,21.0536659,5408,2021-06-28 17:05:19,52.273908,054
552,E-9,20.968018,5409,2021-06-28 17:05:08,52.271999,01
553,731,20.9252859,5410,2021-06-28 17:05:19,52.41954,1
554,723,20.977711,5412,2021-06-28 17:05:19,52.3127554,4
555,705,20.9899692,5413,2021-06-28 17:05:19,52.3100042,66
556,511,20.942645,5414,2021-06-28 17:05:20,52.3485997,1
557,723,20.9294712,5416,2021-06-28 17:05:20,52.3943489,1
558,E-9,20.967552,5417,2021-06-28 17:05:20,52.271896,02
559,511,20.936155,5418,2021-06-28 17:05:19,52.299217,2
560,120,21.0478,5419,2021-06-28 17:05:19,52.2605,3
561,160,20.99493,5420,2021-06-28 17:05:18,52.240715,5
562,511,20.930765,5421,2021-06-28 17:05:20,52.292538,3
563,160,21.046059,5423,2021-06-28 17:05:19,52.272209,012
564,511,20.9726547,5424,2021-06-28 17:05:20,52.3199157,06
565,116,21.0315801,5425,2021-06-28 17:05:19,52.205808,14
566,116,21.0842361,5426,2021-06-28 17:05:19,52.1664626,11
567,527,21.054363,5428,2021-06-28 17:05:20,52.295799,1
568,731,20.946407,5429,2021-06-28 17:05:20,52.401684,2
569,145,21.1270822,5430,2021-06-28 17:05:20,52.2588867,11
570,160,21.0023305,5432,2021-06-28 17:05:21,52.2295399,7
571,414,20.963917,5434,2021-06-28 17:05:19,52.207912,08
572,527,21.066799,5436,2021-06-28 17:05:21,52.324249,3
573,705,21.0340509,5437,2021-06-28 17:05:20,52.394613,1
574,731,21.0008866,5438,2021-06-28 17:05:20,52.2912645,4
575,738,21.052822,5439,2021-06-28 17:05:18,52.276638,2
576,735,20.968119,5441,2021-06-28 17:05:20,52.271942,64
577,160,21.050741,5443,2021-06-28 17:05:18,52.291168,2
578,E-9,21.062721,5444,2021-06-28 17:05:20,52.310467,04
579,705,21.048461,5445,2021-06-28 03:52:31,52.264575,65
580,735,21.01395,5446,2021-06-28 17:05:19,52.454193,62
581,114,21.0419095,5447,2021-06-28 17:05:20,52.3002587,08
582,705,21.0388397,5448,2021-06-28 17:05:19,52.4319612,63
583,160,21.0684,5449,2021-06-28 17:05:19,52.3232,3
584,511,20.9440644,5453,2021-06-28 17:05:20,52.3491937,4
585,160,21.048811,5454,2021-06-28 17:05:19,52.274517,09
586,169,21.035952,5455,2021-06-28 17:05:20,52.253277,4
587,269,21.0533315,5457,2021-06-28 17:05:19,52.2760289,04
588,180,20.978271,5459,2021-06-28 17:05:20,52.244473,016
589,735,21.028603,5460,2021-06-28 17:05:21,52.359406,65
590,175,20.984011,5870,2021-06-28 17:05:16,52.199493,53
591,128,20.9636894,5871,2021-06-28 17:05:19,52.2076937,59
592,503,21.050785,5873,2021-06-28 17:05:18,52.146225,1
593,128,20.990141,5874,2021-06-28 17:05:19,52.21608,58
594,138,21.054518,5875,2021-06-28 17:05:16,52.261787,011
595,331,20.985531,5876,2021-06-28 17:05:13,52.166393,01
596,180,21.077557,5877,2021-06-28 17:05:19,52.1755485,017
597,709,21.017929,5878,2021-06-28 17:05:16,52.129257,013
598,128,20.979416,5880,2021-06-28 17:05:15,52.198322,070
599,175,21.012897,5882,2021-06-28 17:05:17,52.242992,56
600,180,21.083908,5883,2021-06-28 17:05:16,52.167702,10
601,503,21.003399,5885,2021-06-28 17:05:16,52.250732,5
602,180,21.032221,5886,2021-06-28 17:05:15,52.206921,13
603,128,21.01298,5887,2021-06-28 17:05:19,52.243046,074
604,128,21.013979,5888,2021-06-28 17:05:18,52.240578,069
605,180,21.025337,5889,2021-06-28 17:05:16,52.219463,8
606,128,21.01544,5890,2021-06-28 17:05:19,52.241993,62
607,180,21.006357,5891,2021-06-28 17:05:15,52.248592,7
608,504,20.993984,5892,2021-06-28 17:05:19,52.179882,010
609,503,21.044525,5893,2021-06-28 17:05:19,52.192291,3
610,175,20.978218,5894,2021-06-28 17:05:16,52.169445,066
611,503,21.049906,5895,2021-06-28 17:05:16,52.144566,12
612,503,21.037268,5897,2021-06-28 17:05:19,52.163063,2
613,128,20.972731,5898,2021-06-28 17:05:19,52.205532,071
614,175,20.978901,5899,2021-06-28 17:05:20,52.183182,51
615,158,20.964186,5900,2021-06-28 17:05:15,52.217224,5
616,175,20.978041,5902,2021-06-28 17:05:17,52.169559,52
617,158,21.025732,5903,2021-06-28 17:05:18,52.232895,8
618,503,21.019566,5905,2021-06-28 17:05:17,52.233219,8
619,175,21.019466,5906,2021-06-28 17:05:18,52.23148,63
620,503,20.999739,5907,2021-06-28 17:05:15,52.253971,7
621,175,21.018078,5908,2021-06-28 17:05:20,52.231255,068
622,175,20.972782,5909,2021-06-28 17:05:17,52.17313,067
623,128,21.0128,5910,2021-06-28 17:05:18,52.2433,073
624,111,20.97942,5911,2021-06-28 17:05:19,52.244392,4
625,116,21.08452,5913,2021-06-28 17:05:18,52.168381,12
626,175,20.988707,5915,2021-06-28 17:05:19,52.224625,54
627,128,20.988379,5918,2021-06-28 17:05:16,52.214046,60
628,158,21.1176601,5920,2021-06-28 17:05:20,52.2337477, 
629,116,21.019981,5921,2021-06-28 17:05:17,52.232426,15
630,175,21.1163987,5923,2021-06-28 10:17:16,52.2339737,072
631,116,20.978931,5924,2021-06-28 17:05:17,52.270405,17
632,116,20.924763,5926,2021-06-28 17:05:17,52.27243,3
633,158,20.973108,5927,2021-06-28 17:05:19,52.220619,7
634,116,20.960798,5928,2021-06-28 17:05:20,52.275696,5
635,128,21.008169,5929,2021-06-28 17:05:15,52.228954,57
636,158,21.093336,5930,2021-06-28 17:05:18,52.235378,9
637,158,21.07645,5931,2021-06-28 17:05:18,52.236618,3
638,116,20.9855,5932,2021-06-28 17:05:18,52.269,6
639,111,21.0595,5933,2021-06-28 17:05:18,52.2348,2
640,158,21.009138,5934,2021-06-28 17:05:18,52.229176,4
641,503,21.043879,5935,2021-06-28 17:05:16,52.157169,11
642,503,21.042513,5936,2021-06-28 17:05:15,52.171654,10
643,111,21.102484,5937,2021-06-28 17:05:18,52.222061,10
644,158,21.112812,5939,2021-06-28 17:05:17,52.23629,2
645,128,20.963478,5942,2021-06-28 17:05:19,52.207771,072
646,111,21.0182,5943,2021-06-28 17:05:17,52.2359,7
647,111,21.101671,5944,2021-06-28 17:05:17,52.222263,013
648,158,20.949305,5945,2021-06-28 17:05:16,52.211578,6
649,111,21.061192,5946,2021-06-28 17:05:15,52.232388,8
650,111,20.97913,5947,2021-06-28 17:05:20,52.244373,5
651,503,21.002539,5948,2021-06-28 17:05:19,52.254822,013
652,503,21.022057,5950,2021-06-28 17:05:17,52.229984,4
653,180,20.966839,5951,2021-06-28 17:05:16,52.256886,2
654,518,21.015148,5952,2021-06-28 17:05:12,52.24242,7
655,160,21.056925,5954,2021-06-28 17:05:19,52.321739,010
656,160,21.034182,5956,2021-06-28 17:05:18,52.254295,013
657,111,21.000505,5958,2021-06-28 17:05:17,52.244957,011
658,160,20.994127,5959,2021-06-28 17:05:20,52.242172,08
659,111,21.019886,5960,2021-06-28 17:05:18,52.232597,3
660,190,21.000296,5961,2021-06-28 17:05:15,52.245399,024
661,116,21.067738,5962,2021-06-28 17:05:18,52.170185,13
662,111,21.083876,5963,2021-06-28 17:05:16,52.226391,1
663,518,20.942106,5964,2021-06-28 17:05:20,52.334373,3
664,518,21.023478,5965,2021-06-28 17:05:16,52.228268,08
665,518,20.958246,5966,2021-06-28 17:05:17,52.313354,2
666,160,21.059824,5967,2021-06-28 17:05:16,52.303986,011
667,180,21.083836,5970,2021-06-28 17:05:17,52.168259,11
668,518,20.968531,5972,2021-06-28 17:05:18,52.272564,1
669,E-9,21.043039,5973,2021-06-28 17:05:16,52.302494,03
670,518,20.936855,5975,2021-06-28 17:05:20,52.332767,4
671,180,20.95928,5976,2021-06-28 17:05:19,52.259995,6
672,503,21.030396,5978,2021-06-28 17:05:20,52.207607,9
673,503,21.002304,5979,2021-06-28 17:05:16,52.254723,6
674,111,20.997597,5980,2021-06-28 17:05:16,52.246891,6
675,705,21.069777,5981,2021-06-28 17:05:19,52.47401,07
676,111,21.100142,5982,2021-06-28 17:05:19,52.226303,9
677,175,20.98842,5983,2021-06-28 17:05:16,52.211063,65
678,180,20.925001,5984,2021-06-28 17:05:16,52.272388,4
679,180,21.024118,5985,2021-06-28 17:05:15,52.223797,14
680,180,21.071459,5986,2021-06-28 17:05:18,52.179554,12
681,180,21.048695,5987,2021-06-28 17:05:17,52.206749,9
682,180,21.017817,5988,2021-06-28 17:05:17,52.237217,1
683,116,20.941721,5989,2021-06-28 17:05:19,52.277599,1
684,705,20.997095,5990,2021-06-28 17:05:12,52.288319,08
685,116,20.924564,5991,2021-06-28 17:05:18,52.273521,2
686,518,20.9901,5994,2021-06-28 17:05:18,52.2648,6
687,116,21.004391,5995,2021-06-28 17:05:16,52.249912,7
688,116,20.98864,5996,2021-06-28 17:05:17,52.266281,16
689,116,21.056431,5997,2021-06-28 17:05:18,52.1814,10
690,518,20.986498,5998,2021-06-28 17:05:18,52.305813,5
691,116,21.026611,5999,2021-06-28 17:05:17,52.21365,8
692,184,20.9635839,6200,2021-06-28 17:05:19,52.208766,7
693,112,20.9111839,6201,2021-06-28 17:05:20,52.2471704,11
694,187,21.036182,6203,2021-06-28 17:05:11,52.222118,9
695,167,20.9677549,6204,2021-06-28 17:05:19,52.2143432,013
696,728,20.8954404,6207,2021-06-28 17:05:20,52.1261712,02
697,Z10,20.930275,6208,2021-06-28 17:05:16,52.224888,7
698,703,20.9244052,6209,2021-06-28 17:05:19,52.1578489,91
699,414,20.9523812,6210,2021-06-28 17:05:20,52.2611494,04
700,713,20.818592,6212,2021-06-28 17:05:17,52.21138,3
701,414,21.0425437,6213,2021-06-28 17:05:17,52.2997816,03
702,184,20.960615,6214,2021-06-28 17:05:18,52.217316,5
703,191,20.922277,6215,2021-06-28 17:05:18,52.204266,6
704,105,20.898581,6216,2021-06-28 17:05:20,52.239166,7
705,167,20.957554,6217,2021-06-28 17:05:18,52.227394,1
706,105,20.915815,6218,2021-06-28 17:05:20,52.219883,010
707,136,20.9852399,6220,2021-06-28 17:05:18,52.2017265,4
708,189,21.06933,6221,2021-06-28 17:05:19,52.181274,13
709,187,20.885628,6222,2021-06-28 17:05:19,52.195244,5
710,105,20.9837325,6223,2021-06-28 17:05:19,52.2300507,4
711,517,20.928995,6224,2021-06-28 17:05:20,52.195858,6
712,717,20.8287955,6225,2021-06-28 17:05:20,52.1929537,2
713,716,20.9303472,6226,2021-06-28 17:05:19,52.2250314,3
714,188,20.9852461,6227,2021-06-28 17:05:20,52.2015695,1
715,190,21.002644,6228,2021-06-28 17:05:18,52.244728,3
716,187,20.919779,6229,2021-06-28 17:05:17,52.198349,6
717,706,20.930431,6231,2021-06-28 17:05:16,52.16386,03
718,190,20.966505,6232,2021-06-28 17:05:17,52.237167,9
719,191,20.876316,6233,2021-06-28 17:05:17,52.188992,4
720,414,20.952963,6234,2021-06-28 17:05:19,52.262142,02
721,112,20.907763,6236,2021-06-28 17:05:15,52.228554,10
722,114,20.931108,6237,2021-06-28 17:05:17,52.292704,4
723,728,20.883001,6239,2021-06-28 17:05:20,52.093895,1
724,414,20.957918,6240,2021-06-28 17:05:19,52.223873,01
725,517,20.9671195,6241,2021-06-28 17:05:20,52.2181504,5
726,182,20.973911,6242,2021-06-28 17:05:19,52.218636,7
727,706,20.942652,6243,2021-06-28 17:05:18,52.175701,2
728,L29,20.501087,65471,2021-06-28 17:05:17,52.261162,1
729,L-7,20.851141,66523,2021-06-28 17:05:19,52.29245,2
730,L-6,20.806663,66524,2021-06-28 17:05:19,52.273631,02
731,L-6,20.853876,66525,2021-06-28 17:05:17,52.260914,1
732,190,21.014739,7200,2021-06-28 17:05:20,52.2467982,10
733,189,20.8987936,7201,2021-06-28 17:05:19,52.2387481,6
734,112,20.895897,7202,2021-06-28 17:05:20,52.216774,019
735,141,20.98332,7203,2021-06-28 17:05:18,52.196041,4
736,317,21.021759,7204,2021-06-28 17:05:21,52.173126,07
737,131,21.060883,7205,2021-06-28 17:05:19,52.189293,011
738,523,21.089161,7206,2021-06-28 17:05:20,52.250111,10
739,189,20.927385,7207,2021-06-28 17:05:19,52.196205,019
740,414,20.962238,7208,2021-06-28 17:05:20,52.216129,06
741,721,20.829819,7212,2021-06-28 17:05:20,52.055023,02
742,112,20.9852364,7213,2021-06-28 17:05:19,52.2824522,5
743,191,20.913439,7214,2021-06-28 17:05:19,52.199272,2
744,112,20.900387,7215,2021-06-28 17:05:17,52.227802,8
745,713,20.879499,7216,2021-06-28 17:05:20,52.2164,2
746,189,21.040239,7219,2021-06-28 17:05:20,52.171345,022
747,187,21.047972,7222,2021-06-28 17:05:17,52.208702,12
748,122,20.898415,7223,2021-06-28 17:05:19,52.25132,2
749,721,20.942493,7225,2021-06-28 17:05:18,52.175465,1
750,706,20.923283,7226,2021-06-28 17:05:17,52.136875,1
751,114,20.992081,7227,2021-06-28 17:05:19,52.270515,3
752,114,21.0425432,7228,2021-06-28 17:05:18,52.2991684,1
753,112,21.059109,7229,2021-06-28 17:05:19,52.302986,014
754,517,21.004524,7230,2021-06-28 17:05:20,52.234367,08
755,713,20.750172,7231,2021-06-28 17:05:19,52.211586,04
756,717,20.948269,7232,2021-06-28 17:05:17,52.209133,1
757,189,20.9149264,7233,2021-06-28 17:05:19,52.2024799,3
758,713,20.9293612,7234,2021-06-28 17:05:20,52.2242585,1
759,187,21.053589,7235,2021-06-28 17:05:19,52.180225,10
760,184,20.970041,7237,2021-06-28 17:05:19,52.215542,6
761,141,20.944326,7238,2021-06-28 17:05:19,52.175426,5
762,189,21.000649,7239,2021-06-28 17:05:19,52.1784226,16
763,184,20.921663,7240,2021-06-28 17:05:19,52.249558,8
764,317,20.973005,7241,2021-06-28 17:05:17,52.182011,5
765,141,21.094267,7242,2021-06-28 17:05:18,52.243938,1
766,523,21.092403,7243,2021-06-28 17:05:20,52.249622,9
767,401,20.880291,7244,2021-06-28 17:05:19,52.197525,3
768,187,20.949709,7245,2021-06-28 17:05:15,52.210468,7
769,190,20.914814,7247,2021-06-28 17:05:20,52.231796,017
770,188,21.1181466,7248,2021-06-28 17:05:19,52.2441994,5
771,171,21.0433015,7249,2021-06-28 17:05:19,52.2229031,3
772,317,20.977565,7250,2021-06-28 17:05:19,52.1800726,3
773,105,20.897087,7251,2021-06-28 17:05:12,52.227222,2
774,167,21.035734,7252,2021-06-28 17:05:19,52.206921,4
775,122,20.897367,7254,2021-06-28 17:05:19,52.239441,1
776,191,20.9659297,7256,2021-06-28 17:05:20,52.2148324,8
777,190,21.058889,7257,2021-06-28 17:05:18,52.266651,012
778,187,21.0482659,7258,2021-06-28 17:05:20,52.1781956,11
779,189,21.029732,7259,2021-06-28 17:05:19,52.173466,15
780,125,21.1913356,7301,2021-06-28 17:05:19,52.2073895,08
781,507,21.085205,7303,2021-06-28 17:05:19,52.225639,5
782,188,21.0875471,7304,2021-06-28 17:05:19,52.2502625,07
783,138,21.100506,7305,2021-06-28 17:05:19,52.260643,4
784,151,21.105047,7306,2021-06-28 17:05:16,52.230221,04
785,509,21.0412089,7307,2021-06-28 17:05:19,52.2499039,7
786,138,20.995659,7308,2021-06-28 17:05:19,52.170162,1
787,188,20.9782877,7310,2021-06-28 17:05:20,52.1694936,2
788,182,21.0637042,7312,2021-06-28 17:05:20,52.2287237,5
789,E-1,21.1023331,7314,2021-06-28 17:05:20,52.2220622,01
790,143,21.006838,7315,2021-06-28 17:05:20,52.217087,7
791,188,20.978209,7316,2021-06-28 17:05:19,52.169277,08
792,402,21.0543766,7317,2021-06-28 17:05:19,52.1992487,3
793,182,21.1129544,7318,2021-06-28 17:05:20,52.2361264,4
794,182,21.1129384,7319,2021-06-28 17:05:19,52.2362679,3
795,411,21.072281,7320,2021-06-28 17:05:18,52.225082,01
796,182,21.0110766,7322,2021-06-28 17:05:20,52.2171681,8
797,E-1,21.071993,7323,2021-06-28 17:05:17,52.225029,02
798,138,21.052675,7325,2021-06-28 17:05:20,52.230808,3
799,141,20.957085,7326,2021-06-28 17:05:19,52.189259,6
800,E-1,21.044565,7327,2021-06-28 17:05:19,52.246754,03
801,182,21.016996,7328,2021-06-28 17:05:20,52.217522,1
802,523,21.014908,7329,2021-06-28 17:05:19,52.217323,017
803,171,20.9671774,7330,2021-06-28 17:05:20,52.2369394,5
804,162,21.0330394,7331,2021-06-28 17:05:19,52.241439,013
805,141,21.042225,7333,2021-06-28 17:05:20,52.202209,8
806,116,21.0226962,7334,2021-06-28 17:05:20,52.2293536,69
807,110,20.896807,742,2021-06-28 17:05:21,52.323227,1
808,750,20.897072,744,2021-06-28 17:05:23,52.335979,05
809,750,20.87291,745,2021-06-28 17:05:15,52.35376,07
810,250,20.914417,746,2021-06-28 17:05:19,52.283329,1
811,850,20.875649,749,2021-06-28 17:05:19,52.350079,2
812,150,20.903782,750,2021-06-28 17:05:14,52.32991,1
813,750,20.817581,755,2021-06-28 17:05:21,52.351913,2
814,110,20.970211,757,2021-06-28 17:05:17,52.272152,3
815,150,20.892956,758,2021-06-28 17:05:17,52.339005,2
816,750,20.939236,761,2021-06-28 17:05:17,52.301754,4
817,750,20.919043,762,2021-06-28 17:05:14,52.316048,1
818,850,20.841911,763,2021-06-28 17:05:20,52.366768,1
819,151,21.067397,7701,2021-06-28 17:05:20,52.2299731,1
820,411,21.1024404,7702,2021-06-28 17:05:20,52.2221189,04
821,402,21.0452801,7703,2021-06-28 17:05:20,52.1829219,7
822,151,21.0377245,7704,2021-06-28 17:05:20,52.2223352,05
823,150,20.933983667,772,2021-06-28 17:05:21,52.297481,04
824,150,20.8471765,773,2021-06-28 17:05:17,52.341526,05
825,150,20.86027,774,2021-06-28 17:05:19,52.348652,3
826,250,20.868618,775,2021-06-28 17:05:22,52.33287,3
827,250,20.888004,776,2021-06-28 17:05:19,52.297527,2
828,750,20.7684431,777,2021-06-28 17:05:21,52.385526,3
829,167,21.0828345,8100,2021-06-28 17:05:17,52.2082415,6
830,143,21.0159458,8103,2021-06-28 17:05:12,52.2173145,011
831,167,21.0119455,8108,2021-06-28 17:05:14,52.2082296,8
832,217,21.024168,8109,2021-06-28 17:05:08,52.179668,2
833,174,21.012055,8110,2021-06-28 17:05:12,52.173476,010
834,136,21.0277013,8112,2021-06-28 17:05:17,52.1632645,014
835,709,21.0191648,8115,2021-06-28 17:05:13,52.0922551,8
836,174,21.0075393,8119,2021-06-28 17:05:18,52.2086951,6
837,136,21.0558751,8120,2021-06-28 17:05:15,52.1474791,7
838,143,21.154631,8121,2021-06-28 17:05:04,52.259823,09
839,504,20.9873056,8123,2021-06-28 17:05:17,52.2089923,3
840,165,21.0059868,8124,2021-06-28 17:05:14,52.178034,4
841,727,21.0174608,8125,2021-06-28 17:05:10,52.1510661,3
842,709,21.024021,8126,2021-06-28 17:05:18,52.180026,014
843,402,20.9934635,8130,2021-06-28 17:05:17,52.1788905,5
844,136,20.9652668,8131,2021-06-28 17:05:17,52.2418901,012
845,148,20.9945685,8133,2021-06-28 17:05:18,52.1564346,5
846,402,21.1556858,8134,2021-06-28 17:05:18,52.2401245,9
847,167,20.9402428,8135,2021-06-28 17:05:17,52.2350866,9
848,162,21.0345768,8136,2021-06-28 17:05:10,52.2555795,08
849,162,21.046961,8137,2021-06-28 17:05:09,52.2120665,011
850,162,21.0519565,8138,2021-06-28 17:05:16,52.1967098,7
851,136,20.9618415,8139,2021-06-28 17:05:13,52.2162088,016
852,168,21.0123295,8140,2021-06-28 17:05:14,52.2083093,4
853,504,20.995129,8143,2021-06-28 17:05:17,52.226261,011
854,504,21.0046581,8144,2021-06-28 17:05:15,52.2284803,4
855,709,21.0178846,8145,2021-06-28 17:05:18,52.144261,011
856,727,20.9896438,8146,2021-06-28 17:05:16,52.0493011,2
857,148,21.046271,8148,2021-06-28 17:05:17,52.150253,6
858,709,21.0205116,8152,2021-06-28 17:05:12,52.0748381,1
859,217,21.035162,8153,2021-06-28 17:05:13,52.1769328,1
860,136,21.048378,8154,2021-06-28 17:05:17,52.1507931,8
861,131,21.0051838,8155,2021-06-28 17:05:14,52.2289693,9
862,709,21.0235361,8156,2021-06-28 17:04:52,52.1801271,6
863,308,21.0202631,8158,2021-06-28 17:05:15,52.1896343,01
864,136,21.0019758,8160,2021-06-28 17:05:13,52.1834161,5
865,504,21.033968,8162,2021-06-28 17:05:15,52.150321,1
866,331,20.9749473,8164,2021-06-28 17:05:15,52.1682478,05
867,331,21.023663,8165,2021-06-28 17:05:11,52.180018,03
868,709,21.0222505,8166,2021-06-28 17:05:10,52.076116,9
869,148,20.9780491,8167,2021-06-28 17:05:19,52.1694726,4
870,218,20.9887158,8168,2021-06-28 17:05:15,52.1848901,3
871,504,21.0041413,8169,2021-06-28 17:05:10,52.2300641,5
872,131,21.0172765,8170,2021-06-28 17:05:18,52.2133206,1
873,167,21.005009,8172,2021-06-28 17:05:07,52.216368,010
874,143,21.044923,8173,2021-06-28 17:05:11,52.224471,010
875,218,21.0239435,8174,2021-06-28 17:05:06,52.179087,1
876,727,21.0177623,8175,2021-06-28 17:05:07,52.1471831,4
877,709,21.0175566,8176,2021-06-28 17:05:16,52.1404458,3
878,143,21.1251888,8177,2021-06-28 17:05:15,52.2350965,5
879,138,21.0338248,8178,2021-06-28 17:05:06,52.2213806,7
880,709,21.0181475,8181,2021-06-28 17:05:13,52.1306818,7
881,136,20.9569655,8182,2021-06-28 17:05:17,52.2306841,2
882,218,21.024603,8183,2021-06-28 17:05:04,52.190824,4
883,131,21.0838571,8184,2021-06-28 17:05:08,52.1678501,6
884,143,21.0066315,8185,2021-06-28 17:05:17,52.2170581,8
885,217,21.0695143,8187,2021-06-28 17:05:18,52.1654305,4
886,185,21.027456,8188,2021-06-28 17:05:00,52.242916,9
887,504,21.0330355,8189,2021-06-28 17:05:17,52.1498868,7
888,709,21.0244048,8190,2021-06-28 17:05:15,52.1799755,5
889,131,21.003753,8192,2021-06-28 17:05:11,52.22811,4
890,504,21.0009323,8195,2021-06-28 17:05:12,52.1785408,2
891,504,21.045146,8196,2021-06-28 17:05:15,52.1420688,013
892,218,21.023958,8197,2021-06-28 17:05:13,52.179801,2
893,331,21.0171583,8198,2021-06-28 17:05:14,52.164213,02
894,174,20.9964381,8199,2021-06-28 17:05:13,52.1698018,4
895,402,21.0075013,8201,2021-06-28 17:05:14,52.1770381,4
896,151,21.115749,8202,2021-06-28 10:44:07,52.233741,05
897,151,21.1175305,8204,2021-06-28 10:20:01,52.2338373,06
898,151,21.1046243,8208,2021-06-28 17:05:12,52.2302606,2
899,521,21.2077538,8214,2021-06-28 17:05:04,52.1646886,1
900,125,21.14019,8216,2021-06-28 17:05:09,52.228568,2
901,182,21.0984346,8218,2021-06-28 17:05:13,52.2362365,013
902,509,20.971123,8220,2021-06-28 17:05:12,52.320811,023
903,182,21.1047158,8222,2021-06-28 17:05:17,52.2370813,2
904,509,21.0285303,8223,2021-06-28 17:05:18,52.257061,024
905,151,21.0135875,8225,2021-06-28 17:05:17,52.2226295,06
906,509,20.94228,8228,2021-06-28 17:04:59,52.33514,10
907,521,21.196813,8229,2021-06-28 17:05:13,52.1756006,2
908,523,21.079171,8231,2021-06-28 17:05:12,52.235906,021
909,162,21.0351731,8233,2021-06-28 17:05:09,52.2559825,014
910,145,21.0879723,8300,2021-06-28 17:05:16,52.2447341,2
911,145,21.0406033,8301,2021-06-28 17:05:15,52.2879695,9
912,509,21.082846,8303,2021-06-28 17:05:02,52.225978,3
913,171,20.911453,8304,2021-06-28 17:05:14,52.24687,010
914,509,21.116975,8305,2021-06-28 09:25:27,52.233583,022
915,117,21.0052168,8306,2021-06-28 17:05:18,52.2297696,3
916,116,20.923148,8309,2021-06-28 17:05:03,52.280093,4
917,141,21.046331,8310,2021-06-28 17:05:04,52.202384,2
918,168,21.097463,8311,2021-06-28 17:05:17,52.2341413,3
919,151,21.0063785,8312,2021-06-28 17:05:13,52.217315,3
920,720,21.2767901,8313,2021-06-28 17:05:16,52.1986906,02
921,162,21.0274518,8314,2021-06-28 17:05:10,52.2596588,2
922,117,21.0222331,8315,2021-06-28 17:05:10,52.2321508,06
923,521,20.978016,8318,2021-06-28 17:05:11,52.2124473,4
924,185,20.9832441,8319,2021-06-28 17:05:13,52.2728956,11
925,151,21.116836,8320,2021-06-28 09:58:49,52.233566,04
926,162,21.057443,8322,2021-06-28 17:05:16,52.192999,5
927,509,21.01124,8323,2021-06-28 17:05:17,52.279536,9
928,148,21.098175,8324,2021-06-28 17:05:17,52.218191,7
929,143,21.070074,8326,2021-06-28 17:05:11,52.230706,1
930,145,21.1063168,8328,2021-06-28 17:05:18,52.2414115,1
931,507,21.005303,8329,2021-06-28 17:05:10,52.229476,08
932,148,21.0414243,8330,2021-06-28 17:05:12,52.1694971,2
933,145,21.000224,8332,2021-06-28 17:05:21,52.2913528,7
934,523,21.0065275,8333,2021-06-28 17:05:14,52.2171568,12
935,148,21.04519,8334,2021-06-28 17:05:18,52.149405,3
936,145,21.0801065,8335,2021-06-28 17:05:18,52.286807,014
937,143,21.1081835,8337,2021-06-28 17:05:16,52.2411226,2
938,125,21.1743681,8340,2021-06-28 17:05:15,52.2063173,4
939,523,20.9579263,8341,2021-06-28 17:05:14,52.2256846,5
940,507,21.054864,8342,2021-06-28 17:05:18,52.238773,1
941,171,21.029033,8343,2021-06-28 17:05:12,52.230003,09
942,502,21.229645,8344,2021-06-28 17:05:07,52.22364,1
943,507,21.10238,8345,2021-06-28 17:05:14,52.2220067,3
944,145,21.125925,8348,2021-06-28 17:05:17,52.2349133,3
945,507,21.035748,8349,2021-06-28 17:05:11,52.23481,6
946,145,21.1282733,8350,2021-06-28 17:05:15,52.234575,012
947,507,21.102148,8351,2021-06-28 17:05:09,52.222038,4
948,502,21.028013,8352,2021-06-28 17:05:16,52.21996,4
949,523,20.911771,8353,2021-06-28 17:05:12,52.250953,2
950,502,21.217508,8354,2021-06-28 17:05:17,52.214379,011
951,523,21.075198,8356,2021-06-28 17:05:03,52.23308,8
952,514,21.138239,8358,2021-06-28 17:05:08,52.243613,3
953,523,20.912524,8359,2021-06-28 17:05:18,52.242778,3
954,507,21.004938,8360,2021-06-28 17:05:16,52.229419,7
955,202,21.128413,8361,2021-06-28 17:05:06,52.240276,1
956,502,21.242368,8362,2021-06-28 17:05:08,52.222966,2
957,188,21.013516,8363,2021-06-28 17:05:11,52.217043,6
958,138,21.052226,8364,2021-06-28 17:05:08,52.258801,6
959,514,21.08162,8365,2021-06-28 17:05:06,52.235738,1
960,523,20.927995,8366,2021-06-28 17:05:11,52.2407667,4
961,502,21.0303817,8368,2021-06-28 17:05:09,52.2207067,5
962,145,21.000503,8398,2021-06-28 17:05:07,52.29149,013
963,402,21.135556,8403,2021-06-28 17:05:12,52.241726,011
964,521,21.1516018,8408,2021-06-28 17:05:16,52.2208781,07
965,143,21.137916,8410,2021-06-28 17:05:12,52.2448705,012
966,523,20.9572611,8414,2021-06-28 17:05:12,52.2264288,13
967,148,21.095261,8417,2021-06-28 17:05:16,52.230503,9
968,148,21.0874396,8430,2021-06-28 17:05:16,52.2448105,010
969,162,21.0476461,8437,2021-06-28 17:05:13,52.2107953,012
970,125,21.101183,8438,2021-06-28 17:05:18,52.242548,1
971,162,21.038383,8440,2021-06-28 17:05:17,52.243646,015
972,145,21.040478,8441,2021-06-28 17:05:20,52.287472,6
973,269,21.04121,8442,2021-06-28 17:05:17,52.290707,01
974,723,20.931065,8443,2021-06-28 17:05:19,52.368,2
975,114,20.936346,8445,2021-06-28 17:05:20,52.299118,5
976,120,21.045689,8446,2021-06-28 17:05:15,52.344086,6
977,731,20.959148,8447,2021-06-28 17:05:19,52.337257,3
978,160,21.0485419,8448,2021-06-28 17:05:17,52.260856,1
979,132,21.0028914,8449,2021-06-28 17:05:18,52.2907442,04
980,412,21.068405,8450,2021-06-28 17:05:20,52.32346,052
981,112,20.9135179,8451,2021-06-28 17:05:19,52.237784,6
982,527,21.0576377,8452,2021-06-28 17:05:19,52.3198882,06
983,160,21.002909,8453,2021-06-28 17:05:20,52.229469,014
984,160,21.048222,8454,2021-06-28 17:05:20,52.287476,4
985,160,21.001999,8455,2021-06-28 17:05:20,52.229198,6
986,132,21.05238,8457,2021-06-28 17:05:17,52.304428,08
987,527,21.059565,8458,2021-06-28 17:05:19,52.303913,055
988,Z26,20.9743324,8459,2021-06-28 17:05:20,52.2355027,3
989,412,21.091394,8460,2021-06-28 17:05:20,52.306343,053
990,120,21.050304,8461,2021-06-28 17:05:20,52.290905,4
991,414,21.017118,8462,2021-06-28 17:05:18,52.292572,05
992,511,20.959398,8463,2021-06-28 17:05:20,52.337006,05
993,509,21.0562849,8465,2021-06-28 17:05:19,52.2380395,2
994,136,20.973096,8500,2021-06-28 17:05:18,52.212335,3
995,501,21.00377,8501,2021-06-28 17:05:15,52.2282983,06
996,138,20.9954083,8502,2021-06-28 17:05:10,52.1702433,9
997,189,20.8987533,8503,2021-06-28 17:05:06,52.2387083,5
998,522,21.067786,8504,2021-06-28 17:05:07,52.170516,4
999,401,20.861944,8505,2021-06-28 17:05:02,52.190486,2
1000,131,21.069043,8506,2021-06-28 17:05:06,52.181386,7
1001,501,21.0485483,8507,2021-06-28 17:05:06,52.178145,4
1002,138,21.020411,8508,2021-06-28 17:05:14,52.211378,2
1003,189,20.99559,8509,2021-06-28 17:04:53,52.1794667,1
1004,501,21.014758,8510,2021-06-28 17:05:19,52.225123,1
1005,189,20.957461,8511,2021-06-28 17:05:02,52.190339,027
1006,Z26,20.997368,8512,2021-06-28 17:05:13,52.242963,4
1007,186,20.977866,8513,2021-06-28 17:05:16,52.312604,013
1008,733,20.909245,8514,2021-06-28 17:05:18,52.167245,01
1009,Z26,21.030021,8515,2021-06-28 17:05:07,52.252803,7
1010,522,21.0026567,8516,2021-06-28 17:05:06,52.2291633,2
1011,141,21.112821,8517,2021-06-28 17:05:13,52.236238,10
1012,519,21.084758,8519,2021-06-28 17:05:16,52.167621,7
1013,519,21.0029667,8520,2021-06-28 17:05:08,52.229235,1
1014,186,20.963568,8522,2021-06-28 17:05:14,52.215688,10
1015,733,20.765853,8523,2021-06-28 17:05:14,52.047908,62
1016,522,21.016574,8525,2021-06-28 17:05:04,52.222308,011
1017,172,20.975448,8526,2021-06-28 17:05:09,52.20394,63
1018,172,21.069154,8528,2021-06-28 17:04:59,52.181403,5
1019,308,20.9953067,8530,2021-06-28 17:05:09,52.1833067,02
1020,172,20.9529183,8532,2021-06-28 17:05:08,52.2119283,1
1021,Z26,20.978506,8533,2021-06-28 17:05:13,52.238131,2
1022,138,21.100811,8534,2021-06-28 17:05:14,52.260603,5
1023,522,21.01538,8535,2021-06-28 17:05:18,52.218273,1
1024,172,21.068966,8536,2021-06-28 17:05:06,52.181513,6
1025,522,21.080004,8537,2021-06-28 17:05:17,52.157643,5
1026,709,21.01966,8539,2021-06-28 17:05:10,52.17282,4
1027,172,21.010371,8540,2021-06-28 17:05:07,52.195664,8
1028,185,21.038761,8541,2021-06-28 17:05:00,52.140949,6
1029,172,20.9766617,8543,2021-06-28 17:05:08,52.2054067,9
1030,519,21.055345,8544,2021-06-28 17:05:13,52.182,4
1031,522,21.041834,8546,2021-06-28 17:05:01,52.195196,012
1032,522,21.079855,8547,2021-06-28 17:05:11,52.1575767,6
1033,402,21.047724,8548,2021-06-28 17:05:18,52.192439,010
1034,186,20.9707,8549,2021-06-28 17:05:15,52.2061617,015
1035,186,20.94219,8550,2021-06-28 17:05:08,52.33391,016
1036,709,21.012661,8551,2021-06-28 17:05:09,52.073493,10
1037,136,21.002283,8552,2021-06-28 17:05:15,52.179375,10
1038,Z26,21.0297367,8555,2021-06-28 17:05:10,52.2526433,5
1039,519,21.013114,8556,2021-06-28 17:05:14,52.227421,6
1040,Z26,20.9744583,8558,2021-06-28 17:05:07,52.23559,08
1041,217,21.0397117,8559,2021-06-28 17:05:06,52.1761733,06
1042,519,21.0570083,8560,2021-06-28 17:05:12,52.180855,2
1043,411,21.0157417,8561,2021-06-28 17:05:04,52.2222683,02
1044,521,21.204738,8562,2021-06-28 17:05:17,52.15939,09
1045,402,21.0530567,8563,2021-06-28 17:05:06,52.19817,2
1046,521,21.153005,8564,2021-06-28 17:04:59,52.219571,08
1047,502,21.0155467,8565,2021-06-28 17:05:08,52.2188567,014
1048,502,21.116608,8566,2021-06-28 17:05:10,52.232773,6
1049,402,21.040361,8567,2021-06-28 17:05:18,52.171141,014
1050,509,21.0460233,8568,2021-06-28 17:05:08,52.248085,021
1051,171,21.010775,8569,2021-06-28 17:05:18,52.2316817,2
1052,411,21.074508,8571,2021-06-28 17:05:16,52.225544,03
1053,E-1,21.063226,8572,2021-06-28 17:05:08,52.22825,04
1054,202,21.0438467,8573,2021-06-28 17:05:03,52.248525,2
1055,411,21.115896,8574,2021-06-28 10:20:57,52.233514,01
1056,720,21.269778,8576,2021-06-28 17:05:03,52.201763,1
1057,162,21.0360333,8578,2021-06-28 17:05:13,52.22196,4
1058,125,21.06203,8579,2021-06-28 17:05:16,52.246753,09
1059,731,20.941196,8583,2021-06-28 17:05:07,52.368511,5
1060,269,21.0416433,8584,2021-06-28 17:05:11,52.30047,02
1061,269,21.042445,8585,2021-06-28 17:05:12,52.29711,03
1062,514,21.22417,8586,2021-06-28 17:05:12,52.25052,2
1063,523,21.115558,8587,2021-06-28 08:55:25,52.233753,3
1064,145,21.1271816,8588,2021-06-28 17:05:15,52.2572316,016
1065,514,21.0159783,8589,2021-06-28 17:05:12,52.22318,4
1066,502,21.1129083,8590,2021-06-28 17:05:16,52.2329467,3
1067,507,21.093073,8592,2021-06-28 17:05:11,52.225103,2
1068,145,21.110118,8593,2021-06-28 17:05:11,52.284028,10
1069,138,21.00206,8595,2021-06-28 17:05:13,52.1903267,8
1070,186,20.9647536,8801,2021-06-28 17:05:13,52.215341,11
1071,185,21.0415043,8802,2021-06-28 17:05:13,52.2307675,1
1072,727,20.9611596,8803,2021-06-28 17:05:18,52.0311535,1
1073,217,21.0698363,8804,2021-06-28 17:05:13,52.165373,3
1074,185,21.035366,8805,2021-06-28 17:05:05,52.1409113,4
1075,402,21.1030116,8806,2021-06-28 17:05:14,52.2215448,8
1076,131,21.04877,8808,2021-06-28 17:05:12,52.2065578,3
1077,709,21.0180736,8809,2021-06-28 17:05:11,52.1215456,2
1078,174,21.0048003,8810,2021-06-28 17:05:19,52.221195,1
1079,165,21.001667,8811,2021-06-28 17:05:14,52.1566791,3
1080,167,20.9595996,8812,2021-06-28 17:05:13,52.2205218,011
1081,402,21.156078,8813,2021-06-28 17:05:05,52.240353,1
1082,167,20.9576458,8814,2021-06-28 17:05:16,52.2271245,2
1083,167,21.005601,8816,2021-06-28 17:05:15,52.215564,3
1084,308,21.023911,8817,2021-06-28 17:05:15,52.189943,03
1085,504,21.064948,8818,2021-06-28 17:05:11,52.131231,9
1086,331,21.0164371,8819,2021-06-28 17:05:15,52.1530591,04
1087,522,21.0667655,8820,2021-06-28 17:05:15,52.1712856,014
1088,174,21.014118,8821,2021-06-28 17:05:17,52.1794579,08
1089,174,20.9953343,8822,2021-06-28 17:05:18,52.1702265,5
1090,522,21.0300565,8823,2021-06-28 17:05:13,52.2066483,015
1091,709,21.0128483,8825,2021-06-28 17:05:17,52.0732453,012
1092,504,21.0544606,8826,2021-06-28 17:05:15,52.1332681,8
1093,143,21.1771191,8828,2021-06-28 17:05:04,52.2569961,4
1094,509,21.1022561,8829,2021-06-28 17:05:16,52.2218898,4
1095,523,21.0846605,8830,2021-06-28 17:05:18,52.245838,11
1096,125,21.123276,8831,2021-06-28 17:05:04,52.23593,5
1097,171,20.9292215,8832,2021-06-28 17:05:16,52.2712615,7
1098,141,21.0641515,8833,2021-06-28 17:05:12,52.2290503,9
1099,704,21.3479398,8834,2021-06-28 17:05:18,52.2223306,2
1100,521,20.9653903,8835,2021-06-28 17:05:09,52.2101805,5
1101,182,21.0164855,8837,2021-06-28 17:05:18,52.2170401,6
1102,182,20.9651905,8838,2021-06-28 17:05:15,52.2181135,010
1103,704,21.08527,8839,2021-06-28 17:05:07,52.245256,1
1104,185,21.022017,8840,2021-06-28 17:05:16,52.1427033,5
1105,125,21.042641,8841,2021-06-28 17:05:16,52.2443656,6
1106,521,21.0740175,8843,2021-06-28 17:05:18,52.2426945,3
1107,185,21.057363,8844,2021-06-28 17:05:15,52.192396,2
1108,402,20.9936221,8845,2021-06-28 17:05:16,52.1790281,013
1109,143,21.1661463,8846,2021-06-28 17:05:14,52.2624593,3
1110,143,21.0837618,8847,2021-06-28 17:05:10,52.2422171,6
1111,125,21.1964106,8849,2021-06-28 17:05:16,52.2083353,3
1112,521,21.0836186,8850,2021-06-28 17:05:17,52.244628,6
1113,523,21.106725,8851,2021-06-28 17:05:16,52.2479536,019
1114,141,21.0187681,8852,2021-06-28 17:05:13,52.1965858,3
1115,125,21.057121,8853,2021-06-28 17:05:11,52.246958,7
1116,509,21.0276885,8854,2021-06-28 17:05:13,52.2576601,8
1117,402,20.9963581,8855,2021-06-28 17:05:13,52.1795463,6
1118,512,21.0655088,8856,2021-06-28 17:05:15,52.2747658,1
1119,509,20.9910423,8857,2021-06-28 17:05:17,52.3019363,12
1120,169,21.041521,8858,2021-06-28 17:05:08,52.3001585,1
1121,112,21.042265,8859,2021-06-28 17:05:16,52.295614,4
1122,512,21.048008,8861,2021-06-28 17:05:13,52.2520278,4
1123,412,21.043669,8862,2021-06-28 17:05:13,52.25019,04
1124,738,21.1227371,8864,2021-06-28 17:05:09,52.3444791,05
1125,500,21.0459893,8865,2021-06-28 10:43:17,52.2651186,08
1126,169,21.042344,8866,2021-06-28 17:05:14,52.2961903,5
1127,162,21.0357316,8867,2021-06-28 17:05:17,52.2217031,1
1128,190,20.9148243,8868,2021-06-28 17:05:12,52.2346776,5
1129,190,21.0093928,8869,2021-06-28 17:05:11,52.2463121,023
1130,190,21.0352156,8871,2021-06-28 17:05:06,52.2545968,025
1131,190,21.0673198,8872,2021-06-28 17:05:14,52.2773763,026
1132,738,21.1024731,8873,2021-06-28 17:05:14,52.3200251,06
1133,500,21.0468566,8874,2021-06-28 17:05:16,52.2830085,3
1134,190,20.91405,8875,2021-06-28 17:05:08,52.2370353,4
1135,162,21.0327973,8876,2021-06-28 17:05:13,52.2461271,3
1136,512,21.057775,8878,2021-06-28 17:05:18,52.2841158,06
1137,509,21.044573,8879,2021-06-28 17:05:18,52.248891,1
1138,709,20.996574,8880,2021-06-25 18:58:33,52.18762,016
1139,186,20.9545973,8881,2021-06-28 17:05:09,52.2627823,014
1140,165,21.024023,8882,2021-06-28 17:05:06,52.17992,2
1141,175,20.9896328,8883,2021-06-28 17:05:16,52.2242215,64
1142,180,20.926101,8885,2021-06-28 17:05:14,52.272358,5
1143,167,21.077306,8886,2021-06-28 17:05:06,52.208903,5
1144,189,21.0689926,8887,2021-06-28 17:05:12,52.181266,021
1145,128,21.0029341,8888,2021-06-28 17:05:14,52.228162,61
1146,504,21.0021471,8891,2021-06-28 17:05:18,52.1783171,012
1147,165,21.001581,8892,2021-06-28 17:05:10,52.174926,1
1148,180,20.925043,8893,2021-06-28 17:05:15,52.272453,53
1149,217,21.047166,8894,2021-06-28 17:05:11,52.1745,05
1150,136,21.0284315,8895,2021-06-28 17:05:18,52.1506981,015
1151,174,21.0047883,8896,2021-06-28 17:05:14,52.222667,07
1152,180,20.9974563,8897,2021-06-28 17:05:12,52.2491756,015
1153,167,21.059322,8898,2021-06-28 17:05:14,52.2127563,7
1154,504,20.986286,8899,2021-06-28 17:05:08,52.204836,6
1155,161,21.21899,9061,2021-06-28 17:05:17,52.182533,2
1156,161,21.204773,9063,2021-06-28 17:05:18,52.15974,3
1157,262,21.092335,9064,2021-06-28 17:05:19,52.286224,03
1158,314,21.061686,9065,2021-06-28 17:05:18,52.36179,04
1159,314,20.952829,9066,2021-06-28 17:05:15,52.317333,02
1160,104,21.000195,9068,2021-06-28 17:05:19,52.291462,2
1161,161,21.224775,9070,2021-06-28 17:05:19,52.186634,1
1162,225,21.151665,9071,2021-06-28 17:05:17,52.260834,2
1163,225,21.095377,9074,2021-06-28 17:05:17,52.230331,4
1164,225,21.155113,9075,2021-06-28 17:05:19,52.265938,3
1165,211,20.957436,9077,2021-06-28 17:05:19,52.327202,08
1166,314,20.99724,9078,2021-06-28 17:05:20,52.31921,01
1167,262,21.083565,9080,2021-06-28 17:05:19,52.286568,1
1168,104,21.032495,9081,2021-06-28 17:05:19,52.317741,1
1169,314,20.997896,9082,2021-06-28 17:05:16,52.319443,03
1170,262,21.053679,9083,2021-06-28 17:05:17,52.276371,2
1171,225,21.105043,9088,2021-06-28 17:05:16,52.221771,1
1172,211,20.964491,9090,2021-06-28 17:05:17,52.31324,2
1173,211,20.999666,9091,2021-06-28 17:05:16,52.293831,07
1174,305,21.144333,9093,2021-06-28 17:05:20,52.229195,1
1175,900,20.946867,9094,2021-06-28 17:05:20,52.348988,1
1176,133,20.952343,9201,2021-06-28 17:05:14,52.316887,2
1177,207,20.882544,9202,2021-06-28 17:05:13,52.194328,03
1178,164,21.084766,9203,2021-06-28 17:05:20,52.166979,05
1179,133,20.971872,9204,2021-06-28 17:05:18,52.34996,1
1180,809,21.03233,9205,2021-06-28 17:05:17,52.154819,51
1181,809,20.980196,9206,2021-06-28 17:05:15,52.113327,52
1182,239,21.037811,9208,2021-06-28 17:05:19,52.153965,54
1183,211,20.961353,9209,2021-06-28 17:05:19,52.314667,4
1184,177,20.889141,9210,2021-06-28 17:05:17,52.189896,3
1185,209,21.023588,9212,2021-06-28 17:05:13,52.142834,53
1186,211,20.941496,9213,2021-06-28 17:05:13,52.355337,6
1187,219,21.187618,9215,2021-06-28 17:05:16,52.183956,3
1188,208,20.970206,9216,2021-06-28 17:05:21,52.20399,1
1189,234,21.047777,9217,2021-06-28 17:05:15,52.31778,1
1190,239,21.022512,9218,2021-06-28 17:05:18,52.155796,057
1191,234,21.050001,9219,2021-06-28 17:05:13,52.319191,2
1192,203,20.93326,9220,2021-06-28 17:05:15,52.288944,1
1193,249,20.896679,9221,2021-06-28 17:05:20,52.231121,1
1194,211,20.943634,9223,2021-06-28 17:05:17,52.346355,1
1195,201,20.925093,9224,2021-06-28 17:05:18,52.260666,3
1196,208,20.963774,9225,2021-06-28 17:05:17,52.201508,04
1197,208,20.975372,9226,2021-06-28 17:05:16,52.211384,05
1198,208,20.975496,9227,2021-06-28 17:05:16,52.210236,2
1199,219,21.16464,9228,2021-06-28 17:05:17,52.206478,2
1200,219,21.102621,9229,2021-06-28 17:05:20,52.222404,1
1201,201,20.930174,9230,2021-06-28 17:05:13,52.255695,2
1202,239,21.016451,9232,2021-06-28 17:05:15,52.153202,056
1203,203,20.923811,9234,2021-06-28 17:05:21,52.280743,2
1204,201,20.943863,9235,2021-06-28 17:05:18,52.24472,5
1205,201,20.928301,9236,2021-06-28 17:05:13,52.2635,4
1206,209,20.993435,9237,2021-06-28 17:05:15,52.126499,055
1207,208,20.947962,9238,2021-06-28 17:04:58,52.208923,03
1208,207,20.870502,9239,2021-06-28 17:05:21,52.183319,02
1209,177,20.900322,9240,2021-06-28 17:05:14,52.190334,1
1210,133,20.947323,9241,2021-06-28 17:05:18,52.324837,3
1211,211,20.95595,9243,2021-06-28 17:05:20,52.332027,5
1212,207,20.90453,9244,2021-06-28 17:05:17,52.189064,01
1213,211,20.997669,9245,2021-06-28 17:05:16,52.295219,3
1214,164,21.138208,9246,2021-06-28 17:05:18,52.14595,04
1215,201,20.945759,9247,2021-06-28 17:05:17,52.239326,1
1216,177,20.883677,9248,2021-06-28 17:05:14,52.205738,2
1217,164,21.063543,9250,2021-06-28 17:05:19,52.186584,3
1218,164,21.138222,9252,2021-06-28 17:05:13,52.145885,1
1219,211,20.942707,9254,2021-06-28 17:05:20,52.348679,09
1220,199,21.131939,9301,2021-06-28 17:05:17,52.279964,06
1221,739,21.017801,9302,2021-06-28 17:05:18,52.133495,2
1222,739,21.022909,9304,2021-06-28 17:01:48,52.180103,3
1223,179,21.050495,9311,2021-06-28 16:05:17,52.154991,10
1224,123,21.051317,9312,2021-06-28 17:05:18,52.252655,08
1225,179,21.050064,9313,2021-06-28 17:05:16,52.13699,11
1226,153,21.169586,9314,2021-06-28 17:05:12,52.276878,2
1227,179,21.050865,9315,2021-06-28 17:05:18,52.137878,2
1228,135,21.026989,9316,2021-06-28 17:05:14,52.259739,3
1229,135,21.08062,9317,2021-06-28 17:05:20,52.241539,6
1230,135,21.046801,9318,2021-06-28 17:05:18,52.26046,2
1231,135,21.054571,9319,2021-06-28 17:05:19,52.247105,1
1232,179,21.030855,9320,2021-06-28 17:05:12,52.142059,4
1233,179,21.032778,9321,2021-06-28 17:05:21,52.154976,5
1234,123,21.087172,9322,2021-06-28 17:05:21,52.222824,5
1235,135,21.037073,9323,2021-06-28 17:05:16,52.252876,07
1236,179,21.041664,9324,2021-06-28 17:01:30,52.147564,9
1237,179,21.068512,9325,2021-06-28 17:05:15,52.128914,51
1238,256,21.063282,9326,2021-06-28 17:05:20,52.272903,2
1239,142,21.129015,9327,2021-06-28 17:05:14,52.233379,3
1240,179,21.033428,9328,2021-06-28 17:01:53,52.149902,8
1241,153,21.155231,9329,2021-06-28 17:05:15,52.265823,04
1242,123,21.0773959,9331,2021-06-28 09:44:24,52.2687066,07
1243,123,21.077486,9332,2021-06-28 15:39:21,52.268074,08
1244,142,21.227631,9333,2021-06-28 17:05:17,52.172176,5
1245,739,21.039776,9334,2021-06-28 17:05:18,52.080585,1
1246,153,21.170387,9335,2021-06-28 17:05:15,52.277039,3
1247,135,21.102373,9336,2021-06-28 17:05:20,52.242802,5
1248,739,21.0771987,9337,2021-06-28 16:56:14,52.2682345,2
1249,179,21.036633,9338,2021-06-28 17:05:18,52.162144,6
1250,256,21.0809,9339,2021-06-28 17:05:19,52.27737,1
1251,153,21.177034,9340,2021-06-28 17:05:19,52.256874,1
1252,142,21.212259,9341,2021-06-28 17:05:17,52.160934,4
1253,739,21.018641,9342,2021-06-28 17:05:18,52.110752,4
1254,256,21.066734,9343,2021-06-28 17:05:13,52.319775,4
1255,135,21.101931,9344,2021-06-28 17:05:14,52.241856,08
1256,739,21.051348,9345,2021-06-28 17:05:20,52.093193,05
1257,179,21.036013,9346,2021-06-28 17:05:14,52.162277,7
1258,135,21.083122,9347,2021-06-28 17:05:18,52.239937,4
1259,123,21.062084,9348,2021-06-28 17:05:20,52.232269,09
1260,179,21.050568,9349,2021-06-28 17:05:14,52.154839,3
1261,123,21.101114,9350,2021-06-28 17:05:17,52.222755,357
1262,142,21.134401,9351,2021-06-28 17:05:19,52.202999,1
1263,123,21.08445,9352,2021-06-28 17:05:20,52.249577,6
1264,739,21.02614,9353,2021-06-28 17:05:21,52.098915,06
1265,123,21.052313,9354,2021-06-28 17:05:21,52.25016,07
1266,199,21.11796,9355,2021-06-28 17:05:14,52.2896,05
1267,256,21.06715,9356,2021-06-28 17:05:20,52.317398,3
1268,142,21.088226,9357,2021-06-28 17:05:20,52.244694,2
1269,142,21.077633,9358,2021-06-28 16:02:28,52.267822,4
1270,256,21.054386,9359,2021-06-28 17:03:57,52.275761,5
1271,176,21.018173,9403,2021-06-28 17:05:20,52.291897,1
1272,176,20.98218,9405,2021-06-28 17:05:17,52.355652,05
1273,176,20.980215,9412,2021-06-28 17:05:21,52.351017,3
1274,197,20.931019,9413,2021-06-28 17:05:21,52.225304,012
1275,197,20.944481,9414,2021-06-28 17:05:18,52.264866,014
1276,103,20.948998,9415,2021-06-28 17:05:19,52.291199,2
1277,102,21.036123,9416,2021-06-28 17:05:18,52.24276,3
1278,157,20.97665,9417,2021-06-28 17:05:17,52.289948,7
1279,712,20.925831,9418,2021-06-28 17:05:18,52.282646,02
1280,516,21.000977,9420,2021-06-28 17:05:19,52.291183,5
1281,157,20.991999,9423,2021-06-28 17:05:17,52.232929,1
1282,103,20.965214,9424,2021-06-28 17:05:20,52.236832,4
1283,123,21.097851,9425,2021-06-28 17:05:17,52.243423,1
1284,157,20.973183,9426,2021-06-28 17:05:17,52.212952,3
1285,157,20.993778,9427,2021-06-28 17:05:17,52.229828,4
1286,157,20.990301,9428,2021-06-28 17:05:17,52.264599,9
1287,103,20.96538,9429,2021-06-28 17:05:16,52.23959,6
1288,157,20.982208,9432,2021-06-28 17:05:17,52.249985,10
1289,743,20.800154,9433,2021-06-28 17:05:18,52.217785,02
1290,176,21.018703,9434,2021-06-28 17:05:20,52.290497,04
1291,516,20.969217,9435,2021-06-28 17:05:17,52.320183,1
1292,157,20.963976,9436,2021-06-28 17:05:17,52.207981,2
1293,157,20.985481,9437,2021-06-28 17:05:20,52.269661,6
1294,197,20.939323,9438,2021-06-28 17:05:17,52.236069,011
1295,197,20.936096,9439,2021-06-28 17:05:20,52.259094,016
1296,516,20.940063,9440,2021-06-28 17:05:17,52.321247,3
1297,123,21.061527,9441,2021-06-28 17:05:18,52.232441,3
1298,103,20.968468,9442,2021-06-28 17:05:17,52.222065,5
1299,102,21.107492,9443,2021-06-28 17:05:17,52.248608,1
1300,103,20.945606,9444,2021-06-28 17:05:19,52.266064,3
1301,103,20.95784,9445,2021-06-28 17:05:20,52.260395,7
1302,103,20.92824,9446,2021-06-28 17:05:20,52.292366,1
1303,123,21.050613,9447,2021-06-28 17:05:17,52.252434,4
1304,157,20.981888,9448,2021-06-28 17:05:18,52.216827,011
1305,516,20.97508,9449,2021-06-28 17:05:17,52.316849,4
1306,102,21.017756,9450,2021-06-28 17:05:18,52.237251,2
1307,157,20.982159,9451,2021-06-28 17:05:19,52.250004,5
1308,157,20.976173,9452,2021-06-28 17:05:16,52.288334,8
1309,176,20.992439,9453,2021-06-28 17:05:19,52.338703,2
1310,197,20.949944,9454,2021-06-28 17:05:20,52.280678,015
1311,712,20.864687,9455,2021-06-28 17:05:20,52.276989,1
1312,743,20.844944,9456,2021-06-28 17:05:15,52.228203,1
1313,197,20.943655,9457,2021-06-28 17:05:16,52.23922,013
1314,103,20.927008,9458,2021-06-28 17:05:17,52.290043,8
1315,194,20.930635,9501,2021-06-28 17:05:20,52.225012,5
1316,707,20.938221,9502,2021-06-28 17:05:17,52.087908167,1
1317,159,21.047557167,9503,2021-06-28 17:05:17,52.211194167,1
1318,103,20.968654167,9505,2021-06-28 17:05:20,52.222064167,09
1319,103,20.952189333,9506,2021-06-28 17:05:20,52.287417333,011
1320,220,20.897760667,9509,2021-06-28 17:05:20,52.246370167,3
1321,194,20.882011167,9510,2021-06-28 17:05:19,52.196283833,06
1322,737,20.897772833,9511,2021-06-28 17:05:12,52.056472,56
1323,220,20.896766,9513,2021-06-28 17:05:17,52.240631833,5
1324,715,20.952708167,9514,2021-06-28 17:05:20,52.124222,53
1325,181,20.9453705,9515,2021-06-28 17:05:18,52.295048333,2
1326,737,20.9826565,9516,2021-06-28 17:05:19,52.109719833,54
1327,149,20.940423833,9518,2021-06-28 17:05:20,52.246661833,06
1328,149,20.931902833,9519,2021-06-28 17:05:20,52.240315167,2
1329,159,20.998672333,9520,2021-06-28 17:05:21,52.223390167,8
1330,715,21.0369205,9521,2021-06-28 17:05:18,52.1619955,1
1331,220,20.8990155,9522,2021-06-28 17:05:16,52.258466333,4
1332,220,20.925082333,9523,2021-06-28 17:05:20,52.260706333,07
1333,220,20.8959155,9524,2021-06-28 17:05:16,52.21493,2
1334,194,20.867789833,9525,2021-06-28 17:05:20,52.200548667,3
1335,181,20.899964333,9526,2021-06-28 17:05:17,52.297148833,1
1336,715,20.943725167,9528,2021-06-28 17:05:16,52.175730667,058
1337,715,21.027533167,9529,2021-06-28 17:05:20,52.151071833,52
1338,707,20.8978655,9530,2021-06-28 17:05:20,52.131677,03
1339,159,21.011581667,9531,2021-06-28 17:05:21,52.222578,4
1340,194,20.9140725,9532,2021-06-28 17:05:19,52.212903667,1
1341,181,20.953972,9533,2021-06-28 17:05:21,52.2832845,4
1342,181,20.986040333,9534,2021-06-28 17:05:19,52.2694185,3
1343,159,20.961901,9535,2021-06-28 17:05:13,52.216816667,7
1344,159,20.954879333,9537,2021-06-28 17:05:17,52.211840667,6
1345,737,21.037120167,9539,2021-06-28 17:05:20,52.162017667,059
1346,220,20.943986333,9540,2021-06-28 17:05:16,52.175688667,1
1347,220,20.905438667,9542,2021-06-28 17:05:21,52.1808355,6
1348,737,21.018471833,9544,2021-06-28 17:05:19,52.143575,07
1349,220,20.8940695,9545,2021-06-28 17:05:18,52.209665833,08
1350,149,20.922362667,9546,2021-06-28 17:05:12,52.240294,5
1351,220,20.904738167,9548,2021-06-28 17:05:19,52.1860295,09
1352,149,20.940209167,9550,2021-06-28 17:05:15,52.246681,1
1353,715,20.979265,9551,2021-06-28 17:05:20,52.117816833,55
1354,149,20.898019833,9552,2021-06-28 17:05:20,52.248755833,3
1355,194,20.915087833,9554,2021-06-28 17:05:19,52.2065385,07
1356,194,20.881009667,9555,2021-06-28 17:05:17,52.196149167,2
1357,159,21.048587167,9556,2021-06-28 17:05:19,52.205912,3
1358,149,20.8761505,9557,2021-06-28 17:05:19,52.250479167,4
1359,194,20.9308265,9558,2021-06-28 17:05:19,52.225061333,4
1360,159,20.970984,9560,2021-06-28 17:05:16,52.219608,5
1361,159,21.085088667,9561,2021-06-28 17:05:18,52.1932545,2
1362,118,21.020456,9671,2021-06-28 17:05:15,52.245274,2
1363,326,21.061487,9673,2021-06-28 17:05:14,52.361862,04
1364,118,21.041426,9674,2021-06-28 17:05:18,52.300194,8
1365,152,20.993053,9676,2021-06-28 17:05:20,52.339123,5
1366,212,21.04834,9677,2021-06-28 17:05:14,52.270081,06
1367,118,21.041552,9678,2021-06-28 17:05:20,52.299858,7
1368,118,20.99696,9679,2021-06-28 17:05:18,52.272449,1
1369,326,21.009886,9680,2021-06-28 17:05:14,52.316017,02
1370,152,20.952305,9681,2021-06-28 17:05:17,52.316864,2
1371,212,21.058449,9682,2021-06-28 17:05:15,52.300674,5
1372,152,21.041494,9683,2021-06-28 17:05:16,52.326595,4
1373,212,21.06702,9684,2021-06-28 17:05:17,52.276981,1
1374,212,21.031088,9685,2021-06-28 17:05:20,52.266785,2
1375,326,21.002312,9686,2021-06-28 17:05:20,52.313614,05
1376,326,21.06188,9688,2021-06-28 17:05:13,52.36171,03
1377,118,21.019503,9689,2021-06-28 17:05:14,52.223625,4
1378,212,21.027143,9690,2021-06-28 17:05:16,52.259594,3
1379,326,20.968603,9692,2021-06-28 17:05:17,52.272064,01
1380,212,21.051813,9693,2021-06-28 17:05:18,52.292397,4
1381,152,20.952492,9695,2021-06-28 17:05:19,52.317062,1
1382,118,21.002014,9696,2021-06-28 17:05:13,52.267368,6
1383,118,21.018393,9697,2021-06-28 17:05:20,52.22348,3
1384,152,21.004251,9698,2021-06-28 17:05:16,52.336338,3
1385,710,21.011272,9801,2021-06-28 17:05:16,52.074207,4
1386,525,21.114084,9802,2021-06-28 17:05:15,52.23304,1
1387,184,20.938951,9803,2021-06-28 17:05:20,52.246426,069
1388,127,21.019457,9804,2021-06-28 17:05:15,52.246243,56
1389,710,21.072489,9805,2021-06-28 17:05:17,52.132328,2
1390,719,20.883299,9806,2021-06-28 17:05:18,52.206573,1
1391,525,21.037329,9807,2021-06-28 17:05:19,52.222454,319
1392,127,20.929861,9808,2021-06-28 17:05:20,52.202709,2
1393,109,21.002146,9809,2021-06-28 17:05:20,52.233974,07
1394,710,21.049234,9810,2021-06-28 17:05:20,52.076939,5
1395,109,20.995146,9813,2021-06-28 16:59:50,52.232382,08
1396,Z10,20.912985,9814,2021-06-28 17:05:17,52.239296,2
1397,525,21.119724,9815,2021-06-28 17:05:14,52.232616,09
1398,742,21.067894,9816,2021-06-28 17:05:19,52.129173,1
1399,719,20.950481,9820,2021-06-28 17:05:15,52.238567,2
1400,710,21.113253,9821,2021-06-28 17:05:18,52.106442,1
1401,525,21.163094,9822,2021-06-28 17:05:17,52.22123,010
1402,184,20.964138,9823,2021-06-28 17:05:13,52.207996,010
1403,525,21.164489,9825,2021-06-28 16:06:46,52.217367,5
1404,525,21.016687,9826,2021-06-28 17:05:13,52.22221,7
1405,185,21.048663,9827,2021-06-28 17:05:21,52.205727,8
1406,525,21.003952,9829,2021-06-28 17:05:20,52.229523,6
1407,Z10,20.913235,9830,2021-06-28 17:05:12,52.238174,8
1408,710,21.119162,9831,2021-06-28 17:05:18,52.082523,3
1409,127,20.905832,9833,2021-06-28 17:05:16,52.207466,1
1410,525,21.063829,9834,2021-06-28 17:05:14,52.228718,4
1411,525,21.182524,9836,2021-06-28 17:05:20,52.206905,3
1412,185,21.010941,9837,2021-06-28 17:05:19,52.256023,12
1413,525,21.196561,9838,2021-06-28 17:05:14,52.208265,2
1414,724,21.065435,9839,2021-06-28 17:05:14,52.084637,1
1415,127,21.035667,9840,2021-06-28 17:05:16,52.231354,6
1416,724,21.116428,9841,2021-06-28 17:05:12,52.097141,02
1417,127,20.973837,9843,2021-06-28 17:05:20,52.220638,7
1418,127,21.010025,9844,2021-06-28 17:05:19,52.22959,09
1419,127,20.965849,9845,2021-06-28 17:05:16,52.218052,3
1420,Z10,20.914988,9847,2021-06-28 17:05:19,52.233673,4
1421,109,21.034487,9849,2021-06-28 17:05:19,52.225204,6
1422,109,21.033981,9851,2021-06-28 17:05:17,52.22654,5
1423,109,20.949616,9852,2021-06-28 17:05:21,52.230525,4
1424,109,20.956861,9853,2021-06-28 17:05:15,52.227669,1
1425,127,20.937218,9854,2021-06-28 17:05:16,52.201664,335
1426,186,20.963812,9901,2021-06-28 17:05:20,52.207836,1
1427,210,20.767408,9902,2021-06-28 17:05:18,52.307827,5
1428,140,21.114197,9903,2021-06-28 17:05:18,52.334026,04
1429,520,21.143181,9905,2021-06-28 17:05:19,52.237308,011
1430,520,21.112629,9906,2021-06-28 17:05:20,52.232964,3
1431,140,21.093313,9907,2021-06-28 17:05:18,52.308884,08
1432,140,21.115856,9908,2021-06-28 17:05:21,52.336418,09
1433,140,21.126036,9909,2021-06-28 17:05:19,52.348309,2
1434,719,20.875673,9912,2021-06-28 17:05:20,52.242046,05
1435,520,21.127798,9913,2021-06-28 17:05:20,52.23484,08
1436,520,21.001724,9914,2021-06-28 17:05:20,52.244442,09
1437,520,21.00193,9915,2021-06-28 17:05:18,52.243233,6
1438,520,21.056929,9916,2021-06-28 17:05:20,52.226944,4
1439,193,21.017227,9918,2021-06-28 17:05:16,52.173805,2
1440,193,21.042864,9919,2021-06-28 17:05:19,52.15591,3
1441,140,21.08876,9920,2021-06-28 17:05:20,52.30302,05
1442,140,21.052868,9921,2021-06-28 17:05:19,52.276752,06
1443,520,21.015682,9922,2021-06-28 17:05:18,52.222443,5
1444,193,21.036961,9923,2021-06-28 17:05:18,52.161938,4
1445,140,21.05843,9924,2021-06-28 17:05:17,52.274437,07
1446,193,20.995436,9926,2021-06-28 17:05:19,52.170189,1
1447,520,21.002565,9927,2021-06-28 17:05:16,52.242935,010
1448,140,21.063808,9928,2021-06-28 17:05:16,52.272823,3
1449,186,20.963789,9929,2021-06-28 17:05:20,52.207817,12
1450,193,21.050674,9930,2021-06-28 17:05:20,52.15974,5
1451,186,20.952028,9932,2021-06-28 17:05:17,52.318691,4
1452,520,21.155903,9933,2021-06-28 17:05:19,52.240273,2
1453,186,20.960041,9934,2021-06-28 17:05:19,52.218723,2
1454,520,21.066849,9935,2021-06-28 17:05:18,52.229778,1
1455,186,20.968166,9936,2021-06-28 17:05:20,52.319584,6
1456,520,21.036978,9937,2021-06-28 17:05:16,52.222355,7
1457,186,20.977432,9940,2021-06-28 17:05:16,52.279335,3
1458,186,20.980192,9941,2021-06-28 17:05:18,52.310638,8
1459,210,20.838728,9942,2021-06-28 17:05:20,52.2911,4
1460,109,20.912476,9943,2021-06-28 17:05:16,52.238922,2
1461,186,20.972874,9945,2021-06-28 17:05:17,52.276527,9
1462,210,20.929346,9946,2021-06-28 17:05:17,52.285271,3
1463,109,20.908129,9948,2021-06-28 17:05:18,52.238945,3
1464,210,20.808792,9949,2021-06-28 17:05:17,52.293808,1
1465,210,20.932684,9950,2021-06-28 17:05:19,52.288246,2
1466,186,20.942211,9951,2021-06-28 17:05:20,52.334145,5
1467,186,20.953588,9953,2021-06-28 17:05:20,52.25441,67
1468,140,21.111216,9954,2021-06-28 17:05:19,52.360924,1
1469,o97B,21.423098,9999,2021-06-28 14:27:55,50.302967,7
