,Lines,Lon,VehicleNumber,Time,Lat,Brigade
0,213,21.0931283,1001,2021-06-28 16:56:37,52.2257948,1
1,213,21.2061138,1003,2021-06-28 16:56:43,52.1828838,05
2,213,21.2129878,1004,2021-06-28 16:56:35,52.1611875,3
3,196,21.1781588,1005,2021-06-28 16:56:37,52.2579898,2
4,196,21.175548,1008,2021-06-28 16:56:36,52.261886,03
5,213,21.1341983,1009,2021-06-28 16:56:24,52.2142515,4
6,213,21.188768,1010,2021-06-28 16:56:33,52.149828,2
7,311,21.0847386,1012,2021-06-28 16:56:37,52.2279108,1
8,196,21.1762378,1014,2021-06-28 16:56:43,52.2567881,1
9,311,21.085518,1015,2021-06-28 16:56:29,52.234561,2
10,365,21.022083,1021,2021-06-28 16:56:43,52.179176,01
11,107,20.9874314,1023,2021-06-28 16:56:43,52.2434471,3
12,163,21.0845682,1025,2021-06-28 16:56:40,52.1681969,2
13,107,21.048862,1026,2021-06-28 16:56:43,52.206478,5
14,108,21.0245875,1027,2021-06-28 16:56:44,52.1792367,1
15,108,21.0642145,1028,2021-06-28 16:56:42,52.2122969,5
16,108,21.060892,1029,2021-06-28 16:56:42,52.184845,6
17,365,20.9974915,1031,2021-06-28 16:56:41,52.1695466,02
18,108,21.023075,1033,2021-06-28 16:56:44,52.228851,4
19,163,21.0629014,1034,2021-06-28 16:56:43,52.1755527,1
20,192,21.023794,1037,2021-06-28 16:56:41,52.179134,7
21,108,21.061914,1038,2021-06-28 16:56:29,52.212323,3
22,365,21.0213839,1039,2021-06-28 16:56:44,52.1799394,03
23,107,21.045944,1040,2021-06-28 16:56:28,52.215161,6
24,107,20.9793517,1042,2021-06-28 16:56:39,52.2445233,2
25,107,21.0125183,1043,2021-06-28 16:56:34,52.2332633,07
26,107,21.020951,1045,2021-06-28 16:56:37,52.223631,4
27,204,21.023171,1046,2021-06-28 16:56:34,52.277248,05
28,204,21.042181,1047,2021-06-28 16:56:23,52.317491,1
29,204,21.060463,1048,2021-06-28 16:56:26,52.315026,04
30,228,20.970314,1050,2021-06-28 16:56:36,52.193854,1
31,228,20.919548,1051,2021-06-28 16:56:26,52.209996,2
32,328,20.9867733,1052,2021-06-28 16:56:42,52.15809,01
33,129,20.8977967,1053,2021-06-28 16:56:42,52.1956917,4
34,228,20.893031,1054,2021-06-28 16:56:25,52.20033,3
35,129,20.9268767,1055,2021-06-28 16:56:32,52.2338267,3
36,328,20.994708,1058,2021-06-28 16:56:41,52.150851,02
37,129,20.919556,1059,2021-06-28 16:56:36,52.204896,1
38,328,20.943636,1061,2021-06-28 16:56:44,52.202919,03
39,192,21.0606374,1062,2021-06-28 16:56:41,52.1367519,51
40,192,21.031708,1064,2021-06-28 16:56:43,52.150009,2
41,163,21.1020731,1065,2021-06-28 16:56:43,52.161288,04
42,107,20.992268,1066,2021-06-28 16:56:42,52.245113,1
43,163,21.0489719,1068,2021-06-28 16:56:42,52.1783095,3
44,192,21.0687336,1069,2021-06-28 16:56:44,52.1289317,4
45,163,21.1070365,1070,2021-06-28 16:56:44,52.1759379,05
46,192,21.017668,1074,2021-06-28 16:56:44,52.153061,6
47,108,21.0603012,1076,2021-06-28 16:56:43,52.1846234,2
48,192,21.0650397,1077,2021-06-28 16:56:41,52.1378909,3
49,192,21.024069,1079,2021-06-28 16:56:43,52.179932,1
50,736,21.0119428,1101,2021-06-28 16:56:35,52.3881111,02
51,132,21.056938,1109,2021-06-28 16:56:28,52.324206,2
52,303,20.9857593,1112,2021-06-28 16:56:41,52.2693028,3
53,147,21.0523791,1113,2021-06-28 16:56:36,52.25024,06
54,152,20.952474,1114,2021-06-28 16:56:30,52.317036,06
55,166,21.0393135,1115,2021-06-28 16:56:37,52.25121,09
56,132,20.9687561,1116,2021-06-28 16:56:40,52.2720435,3
57,122,20.8986568,1117,2021-06-28 16:56:44,52.2385458,09
58,197,20.9750568,1118,2021-06-28 16:56:42,52.2894621,7
59,126,21.0568408,1119,2021-06-28 16:56:39,52.3018653,3
60,168,21.112667,1200,2021-06-28 16:56:43,52.23632,2
61,119,21.099469,1202,2021-06-28 16:56:42,52.2164077,1
62,178,21.001745,1203,2021-06-28 16:56:44,52.257828,2
63,178,20.89419,1204,2021-06-28 16:56:33,52.182774,5
64,168,20.9955036,1205,2021-06-28 16:56:43,52.191097,6
65,166,21.043714,1206,2021-06-28 16:56:41,52.173025,1
66,166,21.0280072,1208,2021-06-28 16:56:43,52.2102465,5
67,222,20.9957449,1211,2021-06-28 16:56:42,52.1928672,4
68,174,21.005139,1212,2021-06-28 16:56:44,52.2191172,371
69,174,21.017712,1213,2021-06-28 16:56:43,52.183495,3
70,218,21.008142,1214,2021-06-28 16:56:41,52.178226,5
71,166,21.027044,1216,2021-06-28 16:56:40,52.259983,7
72,168,20.9957689,1218,2021-06-28 16:56:43,52.1929799,5
73,119,21.000322,1220,2021-06-28 16:56:41,52.206104,5
74,122,20.9870708,1400,2021-06-28 16:56:32,52.278878,012
75,121,20.9251628,1401,2021-06-28 16:56:41,52.2725053,04
76,134,21.0506365,1403,2021-06-28 16:56:40,52.3165765,1
77,110,20.8835341,1407,2021-06-28 16:56:39,52.3035011,05
78,240,21.047608,1408,2021-06-28 16:56:32,52.286573,4
79,173,21.204454,1411,2021-06-28 16:56:38,52.247459,5
80,117,21.1025085,1412,2021-06-28 16:56:44,52.2221429,1
81,702,21.264637,1413,2021-06-28 16:56:44,52.106522,2
82,168,21.089336,1415,2021-06-28 16:56:42,52.220623,1
83,202,21.081968,1416,2021-06-28 16:56:44,52.250378,04
84,183,21.1437696,1418,2021-06-28 16:56:41,52.2485322,6
85,147,21.0444417,1419,2021-06-28 16:56:43,52.2486755,2
86,199,21.0562849,1422,2021-06-28 16:56:44,52.2750672,4
87,198,21.222826,1423,2021-06-28 16:56:43,52.221645,05
88,173,21.2431,1424,2021-06-28 16:56:43,52.2234,6
89,115,21.169056,1425,2021-06-28 16:56:43,52.205204,4
90,173,21.223257,1426,2021-06-28 16:56:44,52.246841,8
91,147,21.242971,1427,2021-06-28 16:56:44,52.21822,4
92,146,21.2046785,1428,2021-06-28 16:56:43,52.1595007,2
93,142,21.149441,1430,2021-06-28 16:56:42,52.174789,06
94,L41,20.906864,14422,2021-06-28 16:56:36,52.381969,1
95,L10,20.930937,14423,2021-06-28 16:56:39,52.395458,1
96,L11,20.943752,14424,2021-06-28 16:56:38,52.399067,1
97,L10,20.945786,14425,2021-06-28 16:56:38,52.478756,50
98,L-8,20.945215,14426,2021-06-28 14:51:54,52.437912,1
99,L41,20.923923,14427,2021-06-28 16:56:44,52.375694,02
100,L11,20.825058,14429,2021-06-28 16:56:37,52.440319,57
101,L34,20.847055,14430,2021-06-28 16:56:39,52.443085,2
102,L34,20.936848,14431,2021-06-28 16:56:41,52.398979,1
103,L11,20.846809,14432,2021-06-28 16:56:37,52.443592,51
104,L-8,21.098614,14434,2021-06-28 16:56:45,52.409893,02
105,L-8,20.995401,14435,2021-06-28 16:56:41,52.397736,1
106,L49,20.884851,14436,2021-06-28 16:56:42,52.411335,1
107,L31,21.138351,14438,2021-06-28 16:56:38,52.442089,1
108,L-9,20.957857,14439,2021-06-28 16:56:44,52.433258,054
109,L-9,20.957645,14440,2021-06-28 16:56:39,52.410595,055
110,134,20.968171,1500,2021-06-28 16:56:32,52.271801,04
111,134,21.051373,1501,2021-06-28 16:56:39,52.3138028,3
112,110,20.928858,1502,2021-06-28 16:56:31,52.27989,2
113,240,21.0008361,1505,2021-06-28 16:56:42,52.2913568,06
114,132,21.0681633,1506,2021-06-28 16:56:37,52.3238456,07
115,134,20.967368,1507,2021-06-28 16:56:30,52.273239,2
116,126,20.9550233,1508,2021-06-28 16:56:42,52.3301121,5
117,132,21.067158,1509,2021-06-28 16:56:28,52.32372,05
118,166,21.0448346,1510,2021-06-28 16:56:32,52.2485108,6
119,126,21.017977,1513,2021-06-28 16:56:36,52.2914266,4
120,197,20.9478881,1514,2021-06-28 16:56:37,52.2683338,6
121,197,20.951821,1515,2021-06-28 16:56:39,52.276584,8
122,121,20.9567875,1516,2021-06-28 16:56:41,52.282895,1
123,173,21.101655,1519,2021-06-28 16:56:37,52.242494,10
124,202,21.122666,1521,2021-06-28 16:56:35,52.242881,07
125,202,21.0724017,1522,2021-06-28 16:56:38,52.2502217,3
126,146,21.086794,1523,2021-06-28 16:56:33,52.220444,08
127,730,21.377743,1524,2021-06-28 16:56:28,52.199399,052
128,119,21.084031,1525,2021-06-28 16:56:38,52.207214,06
129,147,21.054411,1526,2021-06-28 16:56:42,52.234071,09
130,198,21.243255,1528,2021-06-28 16:56:38,52.221545,3
131,702,21.191485,1530,2021-06-28 16:56:34,52.1381083,03
132,198,21.24329,1531,2021-06-28 16:56:37,52.222104,2
133,115,21.187126,1533,2021-06-28 16:56:36,52.186268,2
134,142,21.088068,1534,2021-06-28 16:56:29,52.244666,07
135,198,21.2237167,1535,2021-06-28 16:56:33,52.2537817,1
136,106,21.011106,1537,2021-06-28 16:56:36,52.239511,4
137,170,21.052913,1538,2021-06-28 16:56:25,52.259678,4
138,120,21.0499083,1539,2021-06-28 16:56:40,52.252995,1
139,199,21.0857333,1540,2021-06-28 16:56:23,52.2950767,1
140,156,20.9476,1541,2021-06-28 16:56:34,52.282388,1
141,170,21.089835,1542,2021-06-28 16:56:23,52.274593,1
142,156,21.039248,1543,2021-06-28 16:56:23,52.288191,3
143,338,21.100841,1544,2021-06-28 16:56:26,52.26057,01
144,122,20.923839,1546,2021-06-28 16:56:37,52.251694,013
145,338,21.083943,1548,2021-06-28 16:56:33,52.260456,04
146,199,21.179715,1549,2021-06-28 16:52:05,52.269108,2
147,170,21.021634,1550,2021-06-28 16:56:43,52.263293,3
148,240,21.101646,1551,2021-06-28 16:56:32,52.319053,3
149,221,20.9771083,1552,2021-06-28 16:56:39,52.2606617,2
150,106,21.02343,1554,2021-06-28 16:56:36,52.2367933,06
151,L-4,21.00111,17451,2021-06-28 16:56:43,52.094807,1
152,L26,21.170155,17452,2021-06-28 16:56:43,52.328922,02
153,L37,21.235052,17453,2021-06-28 16:56:44,52.343296,1
154,L40,21.107878,17454,2021-06-28 16:56:44,52.342133,1
155,L36,21.283655,17456,2021-06-28 16:56:44,52.366508,1
156,L35,21.2232,17458,2021-06-28 16:56:41,52.345081,1
157,L26,21.179102,17460,2021-06-28 16:56:42,52.336884,1
158,L46,21.104156,17461,2021-06-28 16:56:36,52.321728,1
159,L43,21.159964,17462,2021-06-28 16:56:39,52.303951,1
160,L45,21.091002,17464,2021-06-28 16:56:43,52.306053,02
161,L45,21.119846,17465,2021-06-28 16:56:43,52.404121,1
162,L38,21.24231,17466,2021-06-28 16:56:43,52.338874,1
163,L37,21.218784,17467,2021-06-28 16:39:44,52.310253,2
164,L40,21.22175,17468,2021-06-28 16:56:44,52.345398,02
165,197,20.9014665,1800,2021-06-28 16:56:36,52.2170205,4
166,110,20.9315995,1801,2021-06-28 16:56:42,52.2789435,4
167,132,20.9951638,1802,2021-06-28 16:56:37,52.2873895,1
168,166,21.0336133,1803,2021-06-28 16:56:34,52.2303698,8
169,122,20.9624093,1804,2021-06-28 16:56:37,52.2593883,5
170,173,21.184193,1805,2021-06-28 16:56:25,52.246286,4
171,204,21.0259686,1806,2021-06-28 16:56:40,52.2802326,3
172,122,20.9762948,1807,2021-06-28 16:49:35,52.2898141,4
173,303,20.9434816,1808,2021-06-28 16:56:41,52.2944758,1
174,147,21.0522448,1809,2021-06-28 16:56:42,52.2502305,1
175,166,21.063054,1810,2021-06-28 16:56:38,52.137202,2
176,152,21.043346,1811,2021-06-28 10:10:53,52.266126,06
177,204,21.02916,1812,2021-06-28 16:56:34,52.3002773,2
178,736,20.9819091,1813,2021-06-28 16:56:35,52.3912023,1
179,147,21.078093,1814,2021-06-28 16:56:25,52.226086,07
180,240,21.1187548,1815,2021-06-28 16:56:37,52.3382525,2
181,197,20.939137,1817,2021-06-28 16:56:38,52.2462351,9
182,240,21.0667833,1818,2021-06-28 16:56:37,52.322419,05
183,221,20.9941038,1819,2021-06-28 16:56:38,52.2594641,1
184,117,21.0548423,1823,2021-06-28 16:56:41,52.2331406,05
185,146,21.040345,1826,2021-06-28 16:56:39,52.2438413,4
186,183,21.1205081,1828,2021-06-28 16:56:40,52.2372608,3
187,147,21.0979243,1829,2021-06-28 16:56:41,52.2170845,5
188,722,21.269396,1830,2021-06-28 16:56:33,52.0989611,1
189,147,21.1169918,1832,2021-06-28 09:25:20,52.2330478,09
190,146,21.0521896,1833,2021-06-28 16:56:39,52.2376705,5
191,202,21.116848,1834,2021-06-28 09:35:30,52.233074,04
192,115,21.2421366,1835,2021-06-28 16:56:39,52.1698783,3
193,168,21.1127873,1837,2021-06-28 16:56:42,52.2361246,07
194,183,21.09041,1839,2021-06-28 16:56:42,52.24465,1
195,202,21.0454893,1840,2021-06-28 16:56:41,52.2483596,05
196,146,21.202283,1842,2021-06-28 16:56:23,52.159385,07
197,183,21.087223,1843,2021-06-28 16:56:43,52.2447056,2
198,119,21.1759255,1844,2021-06-28 16:56:35,52.206149,3
199,115,21.158155,1846,2021-06-28 16:56:24,52.257384,5
200,730,21.0948476,1847,2021-06-28 16:56:39,52.2438013,61
201,119,21.0327136,1848,2021-06-28 16:56:35,52.204681,4
202,173,21.143534,1849,2021-06-28 16:56:31,52.237478,9
203,183,21.1605198,1850,2021-06-28 16:56:23,52.255289,4
204,173,21.0525871,1851,2021-06-28 16:56:36,52.2501875,1
205,722,21.1547855,1854,2021-06-28 16:56:33,52.2262423,53
206,147,21.1349591,1855,2021-06-28 16:56:39,52.1981931,3
207,117,21.0061605,1857,2021-06-28 16:56:39,52.2285898,2
208,115,21.1870548,1858,2021-06-28 16:56:36,52.246794,1
209,146,21.0526855,1859,2021-06-28 16:56:39,52.2503943,09
210,115,21.1703421,1860,2021-06-28 16:56:32,52.277066,6
211,119,21.17191,1862,2021-06-28 16:56:37,52.2056658,2
212,173,21.08951,1863,2021-06-28 16:56:37,52.245055,3
213,146,21.135358,1866,2021-06-28 16:56:28,52.181691,3
214,183,21.191744,1867,2021-06-28 16:56:40,52.2387436,5
215,147,21.13782,1869,2021-06-28 16:56:39,52.1970998,08
216,251,21.1034023,1903,2021-06-28 16:56:33,52.1211647,53
217,168,21.0301462,1904,2021-06-28 16:56:27,52.2070205,09
218,739,21.0242973,1905,2021-06-28 16:56:32,52.1798254,07
219,251,21.1253413,1906,2021-06-28 16:56:34,52.1009125,52
220,139,21.087405,1907,2021-06-28 16:56:41,52.159298,54
221,178,20.9808021,1908,2021-06-28 16:56:28,52.2294719,012
222,222,21.022525,1909,2021-06-28 16:56:40,52.2295574,2
223,222,21.0208387,1910,2021-06-28 16:56:38,52.2099964,5
224,251,21.028679,1911,2021-06-28 16:56:43,52.178257,56
225,222,21.010689,1912,2021-06-28 16:56:43,52.24474,6
226,251,21.032236,1914,2021-06-28 16:56:43,52.177444,51
227,222,21.014687,1916,2021-06-28 16:56:43,52.19315,3
228,222,20.9955342,1917,2021-06-28 16:56:41,52.1891025,4
229,739,21.01825,1918,2021-06-28 16:56:44,52.128578,08
230,139,21.0560452,1919,2021-06-28 16:56:41,52.1723819,55
231,222,21.005081,1920,2021-06-28 16:56:41,52.244678,1
232,178,20.910358,1991,2021-06-28 16:56:44,52.195469,010
233,178,21.013691,1993,2021-06-28 16:56:43,52.236317,1
234,168,21.021168,1994,2021-06-28 16:56:37,52.210632,08
235,178,20.9607204,1995,2021-06-28 16:56:40,52.2172099,3
236,178,20.9170674,1996,2021-06-28 16:56:42,52.2054231,6
237,178,20.895918,1998,2021-06-28 16:56:40,52.186272,4
238,178,20.915565,1999,2021-06-28 16:56:43,52.204674,013
239,105,20.8971214,2001,2021-06-28 16:56:42,52.2271912,1
240,136,21.0556604,2003,2021-06-28 16:56:43,52.1473857,6
241,Z10,20.914839,2006,2021-06-28 16:56:42,52.234249,3
242,188,21.052019,2007,2021-06-28 16:56:44,52.225876,09
243,517,21.0105909,2008,2021-06-28 16:56:44,52.2316572,07
244,191,20.8858939,2009,2021-06-28 16:56:42,52.1895674,3
245,184,20.938955,2010,2021-06-28 16:56:42,52.246471,4
246,124,20.930655,2011,2021-06-28 16:56:43,52.163876,03
247,401,20.8621014,2013,2021-06-28 16:56:44,52.1903294,1
248,182,21.1129004,2014,2021-06-28 16:56:44,52.236267,012
249,171,21.0070575,2015,2021-06-28 16:56:44,52.2379275,1
250,401,21.0265445,2016,2021-06-28 16:56:43,52.1703814,011
251,190,20.9526112,2019,2021-06-28 16:56:43,52.2382024,014
252,191,20.9633775,2020,2021-06-28 16:56:44,52.2157159,7
253,401,21.00589,2021,2021-06-28 16:56:43,52.178032,5
254,522,21.0796915,2022,2021-06-28 16:56:43,52.1574996,013
255,193,20.995365,2023,2021-06-28 16:56:43,52.170235,06
256,189,21.039142,2024,2021-06-28 16:56:43,52.1725005,14
257,401,20.88526,2026,2021-06-28 16:56:44,52.194916,8
258,522,21.0552959,2027,2021-06-28 16:56:44,52.1824717,318
259,519,21.098322,2028,2021-06-28 16:56:44,52.1231,3
260,501,21.048271,2029,2021-06-28 16:56:43,52.178089,3
261,189,20.952139,2030,2021-06-28 16:56:43,52.191425,9
262,131,21.0026704,2032,2021-06-28 16:56:43,52.2280227,10
263,522,21.029106,2033,2021-06-28 16:56:42,52.206936,07
264,189,21.0592114,2035,2021-06-28 16:56:43,52.1839322,12
265,519,21.015358,2036,2021-06-28 16:56:44,52.223511,5
266,501,21.017162,2037,2021-06-28 16:56:42,52.213448,5
267,138,21.00938,2038,2021-06-28 16:56:43,52.203209,010
268,501,21.0555017,2040,2021-06-28 16:56:41,52.1815701,2
269,189,20.929909,2041,2021-06-28 16:56:43,52.195904,8
270,138,21.026707,2042,2021-06-28 16:56:41,52.219578,012
271,401,20.920568,2044,2021-06-28 16:56:43,52.198112,012
272,172,21.0297012,2045,2021-06-28 16:56:43,52.200686,010
273,172,21.0650812,2200,2021-06-28 16:56:42,52.1857555,4
274,523,20.906082,2201,2021-06-28 16:56:44,52.25502,14
275,187,20.89477,2202,2021-06-28 16:56:44,52.19278,3
276,136,20.96611,2203,2021-06-28 16:56:44,52.243252,1
277,Z10,20.927675,2204,2021-06-28 16:56:43,52.222881,010
278,171,20.9631305,2205,2021-06-28 16:56:44,52.2374485,011
279,Z10,20.9132509,2206,2021-06-28 16:56:43,52.2381702,7
280,189,21.010483,2207,2021-06-28 16:56:40,52.174763,10
281,190,20.914026,2209,2021-06-28 16:56:43,52.229004,8
282,172,20.971939,2210,2021-06-28 16:56:44,52.217438,2
283,122,20.8984187,2212,2021-06-28 16:56:43,52.2520024,6
284,122,20.9765105,2213,2021-06-28 16:56:45,52.2899006,07
285,136,20.9597072,2215,2021-06-28 16:56:40,52.2198905,11
286,190,20.9491379,2216,2021-06-28 16:56:42,52.238729,018
287,401,21.0258077,2217,2021-06-28 16:56:43,52.1733949,09
288,Z10,20.920034,2218,2021-06-28 16:56:42,52.220917,5
289,148,21.087376,2221,2021-06-28 16:56:43,52.2448099,8
290,523,20.899893,2222,2021-06-28 16:56:42,52.258026,1
291,191,20.983925,2223,2021-06-28 16:56:43,52.218147,9
292,189,20.9133709,2224,2021-06-28 16:56:44,52.2095082,2
293,191,20.9167257,2225,2021-06-28 16:56:44,52.2054785,5
294,517,20.9192337,2226,2021-06-28 16:56:43,52.1984382,3
295,136,20.9756807,2231,2021-06-28 16:56:44,52.2113281,013
296,189,21.0427114,2232,2021-06-28 16:56:43,52.1722542,11
297,317,21.0565412,2233,2021-06-28 16:56:43,52.1722504,08
298,Z10,20.924942,2235,2021-06-28 16:56:42,52.260838,011
299,317,20.9437534,2236,2021-06-28 16:56:44,52.1758059,4
300,187,20.937044,2240,2021-06-28 16:56:41,52.201576,2
301,136,20.9853242,2241,2021-06-28 16:56:44,52.1926302,9
302,191,20.9484285,2243,2021-06-28 16:56:44,52.2090719,1
303,171,20.992449,2244,2021-06-28 16:56:44,52.241386,4
304,Z10,20.9145544,2245,2021-06-28 16:56:40,52.2528159,9
305,717,20.964903,2247,2021-06-28 16:56:39,52.218269,3
306,317,20.9867304,2249,2021-06-28 16:56:44,52.1775727,06
307,189,20.8987597,2252,2021-06-28 16:56:42,52.2386999,4
308,112,21.056145,2253,2021-06-28 16:56:43,52.297798,2
309,191,20.897778,2254,2021-06-28 16:56:41,52.19574,010
310,141,20.9589397,2256,2021-06-28 16:56:41,52.1901402,013
311,172,21.011118,2257,2021-06-28 16:56:43,52.195724,7
312,317,21.0602827,2258,2021-06-28 16:56:44,52.171614,1
313,187,20.8602587,2259,2021-06-28 16:56:44,52.1939402,4
314,L48,21.303106,23481,2021-06-28 04:38:21,52.203297,1
315,L47,21.303566,23482,2021-06-28 16:56:41,52.253292,02
316,L47,21.306223,23483,2021-06-28 16:56:43,52.241318,1
317,L20,21.292467,24511,2021-06-28 16:56:43,52.100067,1
318,L20,21.471601,24512,2021-06-28 13:52:17,52.132278,1
319,L20,21.46384,24513,2021-06-28 16:56:42,52.13306,03
320,L20,21.390221,24515,2021-06-28 16:56:41,52.122696,2
321,245,21.0952678,3400,2021-06-28 16:56:33,52.2861745,2
322,112,20.9264563,3401,2021-06-28 16:56:40,52.2625253,018
323,412,21.0746828,3403,2021-06-28 16:56:39,52.3222233,01
324,112,20.9151246,3404,2021-06-28 16:56:40,52.2317535,7
325,412,21.064436,3405,2021-06-28 16:56:41,52.273676,05
326,500,20.987586,3406,2021-06-28 16:56:39,52.2566013,08
327,500,21.0430203,3408,2021-06-28 16:56:38,52.2763421,2
328,245,21.0529436,3410,2021-06-28 16:56:42,52.2764801,05
329,114,21.040856,3411,2021-06-28 16:56:31,52.288809,011
330,500,20.9822005,3413,2021-06-28 16:56:33,52.2532091,1
331,190,21.0869611,3414,2021-06-28 16:56:37,52.3008676,027
332,114,20.9313568,3415,2021-06-28 16:56:41,52.289909,09
333,114,20.9694078,3416,2021-06-28 16:56:38,52.2650791,010
334,738,21.181429,3417,2021-06-28 16:56:36,52.4172881,3
335,738,21.1781268,3418,2021-06-28 16:56:36,52.3996188,4
336,190,21.0647185,3421,2021-06-28 16:56:38,52.2738203,021
337,500,21.0419721,3422,2021-06-28 16:56:40,52.3003125,4
338,185,20.97629,3423,2021-06-28 16:56:44,52.2881466,10
339,512,21.0528018,3424,2021-06-28 16:56:39,52.252699,2
340,512,21.0519695,3426,2021-06-28 16:56:37,52.252903,3
341,169,21.0345401,3427,2021-06-28 16:56:39,52.257846,2
342,185,21.0483556,3428,2021-06-28 16:56:43,52.2082331,7
343,500,21.0389133,3429,2021-06-28 16:56:40,52.2695566,6
344,169,21.051728,3430,2021-06-28 16:56:36,52.2529165,3
345,112,21.0484788,3431,2021-06-28 16:56:41,52.2889746,3
346,Z26,20.973275,3432,2021-06-28 16:56:34,52.2351646,1
347,Z26,21.006498,3434,2021-06-28 16:56:31,52.246028,6
348,175,21.0127223,3435,2021-06-28 16:56:43,52.243187,55
349,509,21.0587131,3437,2021-06-28 16:56:42,52.2358031,5
350,132,21.0577041,3438,2021-06-28 16:56:39,52.3058763,06
351,738,21.0565963,3439,2021-06-28 16:56:35,52.2750101,1
352,414,20.9639178,3440,2021-06-28 16:56:31,52.2079885,07
353,512,21.054907,3441,2021-06-28 16:56:37,52.2834921,5
354,500,20.985898,3442,2021-06-28 16:56:39,52.2556638,7
355,509,20.982661,3443,2021-06-28 16:56:28,52.308861,11
356,245,21.108181,3444,2021-06-28 16:56:42,52.28679,04
357,145,21.0396548,3445,2021-06-28 16:56:42,52.288124,8
358,509,21.0294775,3446,2021-06-28 16:56:40,52.2562665,14
359,162,21.0531701,3447,2021-06-28 16:56:37,52.1958143,6
360,190,21.064818,3448,2021-06-28 16:56:27,52.273843,2
361,112,20.883031,3449,2021-06-28 16:56:36,52.214803,9
362,112,20.964186,3450,2021-06-28 16:56:40,52.2753145,12
363,114,21.043474,3451,2021-06-28 09:14:51,52.2654126,09
364,145,21.0864018,3452,2021-06-28 16:56:38,52.2448333,015
365,527,21.0559133,3453,2021-06-28 16:56:38,52.297567,2
366,190,21.085975,3454,2021-06-28 16:56:38,52.303331,1
367,145,21.0387025,3455,2021-06-28 16:56:37,52.2882016,5
368,509,21.0506378,3458,2021-06-28 16:56:39,52.2403791,355
369,245,21.130033,3459,2021-06-28 16:56:36,52.2875473,1
370,190,21.0332993,3460,2021-06-28 16:56:40,52.2539846,022
371,114,20.9870485,3462,2021-06-28 16:56:42,52.2686063,2
372,190,20.8967478,3463,2021-06-28 16:56:43,52.2314536,6
373,500,21.0423291,3464,2021-06-28 16:56:42,52.29672,5
374,114,20.9244985,3465,2021-06-28 16:56:38,52.2735246,6
375,112,21.034739,3466,2021-06-28 16:56:25,52.296578,1
376,509,20.942221,3467,2021-06-28 16:56:27,52.334536,022
377,245,21.053278,3468,2021-06-28 16:56:39,52.276384,03
378,114,20.992092,3469,2021-06-28 16:56:39,52.28039,7
379,L17,21.029484,36442,2021-06-28 16:56:03,52.07473,02
380,L19,21.051399,36443,2021-06-28 16:56:38,51.991089,1
381,L17,21.002411,36444,2021-06-28 16:56:43,52.024681,1
382,L19,21.029457,36445,2021-06-28 16:56:41,52.075001,02
383,L30,21.135462,36446,2021-06-28 16:56:45,51.949162,1
384,L28,21.128,36447,2021-06-28 16:56:43,52.021748,1
385,L30,21.17379,36448,2021-06-28 16:56:45,51.938728,02
386,L42,21.116165,37531,2021-06-28 16:56:43,52.102646,52
387,L21,21.21788,37533,2021-06-28 16:56:44,52.027077,1
388,L16,21.130848,37534,2021-06-28 16:56:44,52.107048,1
389,L14,21.197998,37535,2021-06-28 16:56:41,52.083145,1
390,L15,21.1189,37536,2021-06-28 16:56:42,52.079762,51
391,L39,21.03373,38541,2021-06-28 16:56:41,52.079205,4
392,L23,21.029486,38543,2021-06-28 16:56:46,52.074886,M53
393,L23,21.023428,38544,2021-06-28 16:56:41,52.075085,052
394,L39,20.992435,38545,2021-06-28 16:56:43,52.109764,3
395,L32,20.97016,38546,2021-06-28 16:56:36,52.00864,1
396,L39,21.004555,38547,2021-06-28 05:46:58,52.110222,1
397,L39,21.051525,38548,2021-06-28 16:56:41,52.101986,2
398,L23,21.048906,38549,2021-06-28 16:56:46,52.058052,51
399,L52,21.023928,38550,2021-06-28 16:56:38,52.068409,1
400,L-2,21.029436,39551,2021-06-28 16:37:26,52.075169,062
401,L12,20.914614,39552,2021-06-28 16:56:36,52.029251,063
402,L25,21.112316,39554,2021-06-28 16:56:40,51.984631,02
403,L25,21.053177,39555,2021-06-28 16:56:37,52.056038,1
404,L-2,20.941452,39556,2021-06-28 16:56:44,52.006466,061
405,L12,21.019943,39557,2021-06-28 16:56:44,52.065689,64
406,L12,21.029461,39558,2021-06-28 16:56:45,52.075169,65
407,L13,21.079468,39560,2021-06-28 16:56:42,52.040974,1
408,L13,21.027519,39561,2021-06-28 16:56:44,52.074787,03
409,L13,21.039968,39562,2021-06-28 16:56:41,52.027126,2
410,L-5,21.008324,39565,2021-06-28 16:56:39,52.057503,1
411,255,20.9520492,4200,2021-06-28 16:56:43,52.2276774,2
412,703,20.874392,4202,2021-06-28 16:56:43,52.126179,52
413,197,20.8625362,4205,2021-06-28 16:56:42,52.1903169,2
414,902,20.9223249,4206,2021-06-28 16:30:27,52.1964574,M1
415,255,20.9733412,4207,2021-06-28 16:56:43,52.2288437,03
416,154,20.97196,4209,2021-06-28 16:56:43,52.2061074,4
417,178,20.979635,4210,2021-06-28 16:56:43,52.229736,011
418,154,20.952906,4211,2021-06-28 16:56:43,52.227535,010
419,711,20.943594,4212,2021-06-28 16:56:39,52.175556,063
420,154,20.963886,4213,2021-06-28 16:56:43,52.217465,1
421,154,20.9052239,4214,2021-06-28 16:56:43,52.2391794,8
422,711,20.8000459,4215,2021-06-28 16:56:44,52.0910147,061
423,122,20.9854149,4216,2021-06-28 16:56:44,52.2689997,3
424,197,20.8679449,4217,2021-06-28 16:56:41,52.1914859,3
425,197,20.874857,4218,2021-06-28 16:56:44,52.216427,1
426,255,20.9310962,4219,2021-06-28 16:56:43,52.2251691,1
427,197,20.9417334,4221,2021-06-28 16:56:43,52.2318551,10
428,129,20.9403352,4224,2021-06-28 16:56:43,52.2466687,2
429,121,20.9250212,4225,2021-06-28 16:56:43,52.2726182,03
430,197,20.943905,4227,2021-06-28 16:56:44,52.239178,5
431,154,20.89802,4228,2021-06-28 16:56:43,52.254395,6
432,902,21.0432902,4229,2021-06-28 16:56:44,52.2464469,M2
433,154,20.8980602,4230,2021-06-28 16:56:44,52.2548064,7
434,178,20.952353,4231,2021-06-28 16:56:44,52.211845,9
435,178,20.895924,4232,2021-06-28 16:56:43,52.185627,7
436,714,20.9501462,4233,2021-06-28 16:56:44,52.2386447,3
437,729,20.839446,4234,2021-06-28 16:56:42,52.248014,02
438,714,20.810308,4235,2021-06-28 16:56:41,52.252815,2
439,L-3,21.015749,42362,2021-06-28 16:56:43,52.07444,02
440,154,20.896369,4237,2021-06-28 16:56:43,52.2394997,5
441,154,20.9492687,4238,2021-06-28 16:56:44,52.180932,3
442,178,20.9501282,4239,2021-06-28 16:56:44,52.2107677,8
443,154,20.958138,4240,2021-06-28 16:56:42,52.224472,011
444,714,20.913376,4241,2021-06-28 16:56:44,52.239059,04
445,154,20.9682049,4242,2021-06-28 16:56:44,52.1944385,2
446,154,20.949873,4243,2021-06-28 16:56:42,52.181889,09
447,901,21.033793,4244,2021-06-28 16:56:28,52.226823,1
448,901,21.003225,4246,2021-06-28 16:56:42,52.229774,3
449,714,20.90555,4247,2021-06-28 16:56:44,52.23885,1
450,729,20.7953372,4248,2021-06-28 16:56:43,52.2552876,1
451,121,20.9729284,4249,2021-06-28 16:56:43,52.2716142,2
452,L-1,20.89422,42494,2021-06-28 16:56:46,52.071133,1
453,L-4,21.0165,42495,2021-06-28 06:12:56,52.098907,2
454,L-3,20.855366,42500,2021-06-28 16:55:31,52.029598,1
455,146,21.1058706,4303,2021-06-28 16:56:40,52.2112435,06
456,119,21.0286252,4304,2021-06-28 16:56:44,52.2074094,07
457,117,21.1026486,4305,2021-06-28 16:56:42,52.2220956,4
458,147,21.1999901,4307,2021-06-28 16:56:40,52.2087476,010
459,142,21.114589,4308,2021-06-28 16:56:44,52.2397544,08
460,198,21.2231613,4309,2021-06-28 16:56:43,52.245672,04
461,702,21.1089615,4312,2021-06-28 16:56:43,52.2407954,1
462,105,16.9750897,4332,2021-06-26 13:35:37,52.5472771,4
463,N72,16.9763326,4333,2021-06-28 15:21:54,52.5456077,215
464,240,21.038853,4400,2021-06-28 16:56:40,52.296284,1
465,132,20.9685162,4401,2021-06-28 16:56:41,52.2719352,09
466,126,21.015465,4402,2021-06-28 16:56:43,52.295601,2
467,120,21.061773,4403,2021-06-28 16:56:42,52.361855,5
468,166,21.0645891,4404,2021-06-28 16:56:43,52.1377387,3
469,156,20.9373264,4406,2021-06-28 16:56:41,52.2874982,2
470,122,20.917494,4407,2021-06-28 16:56:43,52.26004,010
471,134,21.0617159,4408,2021-06-28 16:56:40,52.3618519,05
472,106,21.0205876,4409,2021-06-28 16:56:44,52.2430842,1
473,199,21.157238,4411,2021-06-28 16:56:42,52.263195,3
474,173,21.074331,4413,2021-06-28 16:56:42,52.250862,2
475,106,21.000662,4415,2021-06-28 16:56:41,52.236996,2
476,106,21.02006,4416,2021-06-28 16:56:40,52.237232,07
477,170,21.034781,4417,2021-06-28 16:56:42,52.255779,2
478,106,20.96666,4418,2021-06-28 16:56:40,52.233574,3
479,120,21.0553147,4419,2021-06-28 16:56:43,52.2750225,7
480,901,21.017998,4420,2021-06-28 16:56:41,52.236778,4
481,126,20.968422,4421,2021-06-28 16:56:41,52.327126,1
482,338,21.052237,4422,2021-06-28 16:56:43,52.258835,02
483,106,21.020466,4423,2021-06-28 16:56:42,52.243168,5
484,901,21.01227,4424,2021-06-28 16:56:43,52.229691,2
485,156,21.053093,4425,2021-06-28 16:56:44,52.269367,5
486,166,21.055616,4427,2021-06-28 16:56:41,52.152962,4
487,156,21.052097,4428,2021-06-28 16:56:44,52.253006,4
488,303,20.9343664,4429,2021-06-28 16:56:40,52.2893914,2
489,106,20.966724,4430,2021-06-28 16:56:41,52.231342,08
490,338,21.027514,4434,2021-06-28 16:56:43,52.260353,03
491,122,20.9355823,5200,2021-06-28 16:56:34,52.2709791,08
492,171,20.9218619,5201,2021-06-28 16:56:38,52.2402335,8
493,517,20.9517202,5202,2021-06-28 16:56:37,52.2118562,09
494,523,20.982898,5203,2021-06-28 16:56:29,52.216121,020
495,401,20.91165,5204,2021-06-28 16:56:28,52.196948,013
496,105,20.9105897,5205,2021-06-28 16:56:39,52.2186122,5
497,131,21.0490559,5206,2021-06-28 16:56:43,52.2056556,2
498,182,20.965179,5207,2021-06-28 16:56:35,52.2181739,011
499,517,20.8960244,5208,2021-06-28 16:56:42,52.1941222,2
500,184,20.940494,5210,2021-06-28 16:56:29,52.283439,2
501,105,20.959743,5211,2021-06-28 16:56:28,52.228208,09
502,523,20.9128842,5212,2021-06-28 16:56:38,52.2396569,015
503,Z10,20.9120024,5213,2021-06-28 16:56:40,52.2458012,1
504,184,20.940608,5214,2021-06-28 16:56:40,52.2850046,1
505,523,21.0163215,5215,2021-06-28 16:56:39,52.2174185,7
506,131,21.0219364,5216,2021-06-28 16:56:41,52.2110158,8
507,189,20.9220571,5217,2021-06-28 16:49:01,52.1957361,11
508,122,20.9620673,5218,2021-06-28 16:56:27,52.2594424,011
509,401,20.9984728,5219,2021-06-28 16:56:34,52.1788185,6
510,124,20.965406,5222,2021-06-28 16:56:04,52.154645,1
511,190,20.8967168,5223,2021-06-28 16:56:34,52.2369738,7
512,517,20.9827473,5224,2021-06-28 16:56:38,52.2184255,4
513,523,20.9768913,5225,2021-06-28 16:56:42,52.2178726,6
514,401,20.9638057,5226,2021-06-28 16:56:39,52.1884832,4
515,189,20.8962294,5227,2021-06-28 16:56:42,52.2385882,024
516,124,20.9436617,5228,2021-06-28 16:56:40,52.1761737,2
517,131,21.0687904,5229,2021-06-28 16:56:38,52.1815225,5
518,523,20.9596099,5230,2021-06-28 16:56:42,52.2212152,016
519,189,20.9134705,5232,2021-06-28 16:56:38,52.2109802,7
520,148,21.0483956,5233,2021-06-28 16:56:36,52.1936623,011
521,105,20.971696,5234,2021-06-28 16:56:24,52.228791,011
522,105,20.9618018,5235,2021-06-28 16:56:42,52.228393,3
523,517,20.8617905,5236,2021-06-28 16:56:37,52.1908021,1
524,171,20.9250167,5237,2021-06-28 16:56:40,52.2724997,6
525,401,20.9540204,5238,2021-06-28 16:56:33,52.1909797,7
526,182,21.021276,5239,2021-06-28 16:56:26,52.218358,9
527,184,20.9213389,5240,2021-06-28 16:56:35,52.2566284,3
528,187,20.9883296,5241,2021-06-28 16:56:40,52.2165779,8
529,190,21.0807438,5243,2021-06-28 16:56:36,52.2932971,011
530,189,20.9164089,5244,2021-06-28 16:56:42,52.2195451,018
531,105,20.8988813,5245,2021-06-28 16:56:41,52.2387832,6
532,148,20.9751399,5246,2021-06-28 16:56:38,52.1681277,012
533,716,20.8399699,5247,2021-06-28 16:56:42,52.1852105,1
534,141,21.0286617,5248,2021-06-28 16:56:43,52.2002358,7
535,317,21.0269751,5249,2021-06-28 16:56:42,52.1733215,2
536,188,20.9883587,5250,2021-06-28 16:56:40,52.2138951,3
537,187,20.97755,5251,2021-06-28 16:56:36,52.2174043,1
538,189,21.0687918,5253,2021-06-28 16:56:38,52.1813151,020
539,401,20.8618276,5254,2021-06-28 16:56:36,52.1904831,010
540,190,20.898946,5255,2021-06-28 16:56:36,52.238875,016
541,148,21.0443872,5256,2021-06-28 16:56:37,52.1746055,1
542,716,20.896313,5257,2021-06-28 16:56:30,52.202651,2
543,188,21.0801678,5258,2021-06-28 16:56:41,52.2380005,4
544,105,20.899141,5260,2021-06-28 16:56:40,52.23883,08
545,723,21.000826,5401,2021-06-28 16:56:43,52.291317,3
546,185,21.0473382,5403,2021-06-28 16:56:43,52.1508589,3
547,145,21.074844,5404,2021-06-28 16:56:39,52.287342,4
548,269,21.0406067,5405,2021-06-28 16:56:43,52.2882722,05
549,509,21.0220972,5406,2021-06-28 16:56:44,52.2623982,13
550,120,21.050888,5407,2021-06-28 16:56:43,52.252541,2
551,527,21.0472761,5408,2021-06-28 16:56:43,52.2762487,054
552,E-9,20.968014,5409,2021-06-28 16:56:39,52.271992,01
553,731,20.9392302,5410,2021-06-28 16:56:44,52.4211604,1
554,723,20.9610061,5412,2021-06-28 16:56:42,52.3352026,4
555,705,20.980034,5413,2021-06-28 16:56:44,52.280163,66
556,511,20.9526446,5414,2021-06-28 16:56:41,52.3427612,1
557,723,20.915241,5416,2021-06-28 16:56:43,52.410835,1
558,E-9,20.96772,5417,2021-06-28 16:56:43,52.271564,02
559,511,20.930862,5418,2021-06-28 16:56:40,52.292645,2
560,120,21.0486786,5419,2021-06-28 16:56:42,52.2745459,3
561,160,21.004992,5420,2021-06-28 16:56:44,52.22982,5
562,511,20.9719062,5421,2021-06-28 16:56:44,52.3152886,3
563,160,21.037204,5423,2021-06-28 16:56:42,52.2556015,012
564,511,20.949369,5424,2021-06-28 16:56:41,52.346031,06
565,116,21.020212,5425,2021-06-28 16:56:44,52.231995,14
566,116,21.084515,5426,2021-06-28 16:56:42,52.168385,11
567,527,21.053274,5428,2021-06-28 16:56:43,52.276039,1
568,731,20.9248579,5429,2021-06-28 16:56:44,52.3918197,2
569,145,21.131338,5430,2021-06-28 16:56:44,52.237804,11
570,160,20.996557,5432,2021-06-28 16:56:43,52.236973,7
571,414,20.9758894,5434,2021-06-28 16:56:44,52.2111745,08
572,527,21.064486,5436,2021-06-28 16:56:44,52.324783,3
573,705,21.0289107,5437,2021-06-28 16:56:44,52.3576492,1
574,731,21.0001771,5438,2021-06-28 16:56:42,52.2914417,4
575,738,21.0680907,5439,2021-06-28 16:56:42,52.2783164,2
576,735,20.967587,5441,2021-06-28 16:56:44,52.271751,64
577,160,21.060442,5443,2021-06-28 16:56:42,52.31398,2
578,E-9,20.9848669,5444,2021-06-28 16:56:42,52.2823926,04
579,705,21.048461,5445,2021-06-28 03:52:31,52.264575,65
580,735,21.031012,5446,2021-06-28 16:56:42,52.432434,62
581,114,21.02459,5447,2021-06-28 16:56:43,52.286644,08
582,705,21.0752891,5448,2021-06-28 16:56:43,52.4575844,63
583,160,21.0602,5449,2021-06-28 16:56:43,52.3112,3
584,511,20.9426586,5453,2021-06-28 16:56:44,52.3486039,4
585,160,21.048084,5454,2021-06-28 16:56:43,52.286957,09
586,169,21.037857,5455,2021-06-28 16:56:44,52.266537,4
587,269,21.046047,5457,2021-06-28 16:56:43,52.272545,04
588,180,20.9995862,5459,2021-06-28 16:56:43,52.249401,016
589,735,21.037973,5460,2021-06-28 16:56:41,52.403839,65
590,175,20.989262,5870,2021-06-28 16:56:38,52.224136,53
591,128,20.9634522,5871,2021-06-28 16:56:41,52.2077802,59
592,503,21.049418,5873,2021-06-28 16:56:42,52.154633,1
593,128,20.978483,5874,2021-06-28 16:56:37,52.198711,58
594,138,21.083967,5875,2021-06-28 16:56:41,52.260437,011
595,331,21.010799,5876,2021-06-28 16:56:39,52.154274,01
596,180,21.0838731,5877,2021-06-28 16:56:44,52.1679247,017
597,709,21.017414,5878,2021-06-28 16:56:40,52.151783,013
598,128,20.963713,5880,2021-06-28 16:56:40,52.207687,070
599,128,21.018034,5882,2021-06-28 16:56:43,52.236706,56
600,180,21.083858,5883,2021-06-28 16:56:40,52.168118,10
601,503,21.002285,5885,2021-06-28 16:56:44,52.254745,5
602,180,21.022678,5886,2021-06-28 16:56:43,52.227966,13
603,175,21.0183139,5887,2021-06-28 16:56:43,52.23591,074
604,128,21.010344,5888,2021-06-28 16:56:43,52.229435,069
605,180,21.048769,5889,2021-06-28 16:56:43,52.206543,8
606,128,21.012928,5890,2021-06-28 16:56:39,52.243229,62
607,180,21.021191,5891,2021-06-28 16:56:43,52.231266,7
608,504,20.983793,5892,2021-06-28 16:56:44,52.198891,010
609,503,21.023922,5893,2021-06-28 16:56:43,52.224251,3
610,175,20.978174,5894,2021-06-28 16:56:43,52.169434,066
611,503,21.049904,5895,2021-06-28 16:56:43,52.144619,12
612,503,21.045727,5897,2021-06-28 16:56:42,52.191147,2
613,128,20.987438,5898,2021-06-28 16:56:44,52.209606,071
614,175,20.978048,5899,2021-06-28 16:56:40,52.16946,51
615,158,20.9493521,5900,2021-06-28 16:56:41,52.2116135,5
616,175,20.978886,5902,2021-06-28 16:56:40,52.176243,52
617,158,21.07181,5903,2021-06-28 16:56:43,52.241879,8
618,503,21.02673,5905,2021-06-28 16:56:40,52.212029,8
619,175,20.990736,5906,2021-06-28 16:56:44,52.225056,63
620,503,21.018105,5907,2021-06-28 16:56:44,52.236374,7
621,175,21.0108627,5908,2021-06-28 16:56:43,52.2449452,068
622,175,20.982964,5909,2021-06-28 16:56:40,52.196415,067
623,128,21.0127,5910,2021-06-28 16:56:44,52.2429,073
624,111,20.978416,5911,2021-06-28 16:56:43,52.244469,4
625,116,21.065914,5913,2021-06-28 16:56:43,52.172012,12
626,175,21.015018,5915,2021-06-28 16:56:37,52.230633,54
627,128,21.005987,5918,2021-06-28 16:56:39,52.228725,60
628,158,21.11767,5920,2021-06-28 16:56:43,52.233746, 
629,116,21.006693,5921,2021-06-28 16:56:39,52.248451,15
630,175,21.1163987,5923,2021-06-28 10:17:16,52.2339737,072
631,116,20.938919,5924,2021-06-28 16:56:43,52.277943,17
632,116,20.924534,5926,2021-06-28 16:56:41,52.272823,3
633,158,21.002413,5927,2021-06-28 16:56:42,52.228027,7
634,116,20.987162,5928,2021-06-28 16:56:43,52.268051,5
635,128,20.989944,5929,2021-06-28 16:56:41,52.221077,57
636,158,21.112875,5930,2021-06-28 16:56:39,52.23629,9
637,158,21.03446,5931,2021-06-28 16:56:39,52.23452,3
638,116,21.004499,5932,2021-06-28 16:56:40,52.249771,6
639,111,21.0204,5933,2021-06-28 16:56:44,52.2319,2
640,158,20.982048,5934,2021-06-28 16:56:35,52.221569,4
641,503,21.043461,5935,2021-06-28 16:56:42,52.145668,11
642,503,21.038033,5936,2021-06-28 16:56:41,52.162632,10
643,111,21.102209,5937,2021-06-28 16:56:44,52.222164,10
644,158,21.096687,5939,2021-06-28 16:56:44,52.23484,2
645,128,20.971176,5942,2021-06-28 16:56:40,52.206055,072
646,111,21.0557,5943,2021-06-28 16:56:40,52.2386,7
647,111,21.082912,5944,2021-06-28 16:56:40,52.225971,013
648,158,20.962297,5945,2021-06-28 16:56:43,52.216995,6
649,111,21.082474,5946,2021-06-28 16:56:44,52.226044,8
650,111,20.997253,5947,2021-06-28 16:56:42,52.246841,5
651,503,21.004185,5948,2021-06-28 16:56:43,52.257366,013
652,503,21.008211,5950,2021-06-28 16:56:42,52.247814,4
653,180,20.934536,5951,2021-06-28 16:56:39,52.27121,2
654,518,20.992329,5952,2021-06-28 16:56:43,52.262325,7
655,160,21.05723,5954,2021-06-28 16:56:42,52.322678,010
656,160,20.994516,5956,2021-06-28 16:56:39,52.24115,013
657,111,20.979425,5958,2021-06-28 16:56:39,52.244427,011
658,160,21.036573,5959,2021-06-28 16:56:44,52.255585,08
659,111,21.002151,5960,2021-06-28 16:56:42,52.243187,3
660,190,21.036385,5961,2021-06-28 16:56:40,52.255493,024
661,116,21.047676,5962,2021-06-28 16:56:44,52.189304,13
662,111,21.062281,5963,2021-06-28 16:56:39,52.232594,1
663,518,20.942101,5964,2021-06-28 16:56:44,52.334373,3
664,518,21.023499,5965,2021-06-28 16:56:43,52.228306,08
665,518,20.938213,5966,2021-06-28 16:56:41,52.332588,2
666,160,21.045166,5967,2021-06-28 16:56:39,52.279217,011
667,180,21.064373,5970,2021-06-28 16:56:43,52.186111,11
668,518,20.983994,5972,2021-06-28 16:56:42,52.307205,1
669,E-9,21.05978,5973,2021-06-28 16:56:43,52.324848,03
670,518,20.95789,5975,2021-06-28 16:56:42,52.313221,4
671,180,20.978849,5976,2021-06-28 16:56:40,52.247601,6
672,503,21.045565,5978,2021-06-28 16:56:41,52.18243,9
673,503,21.002527,5979,2021-06-28 16:56:42,52.254841,6
674,111,21.016659,5980,2021-06-28 16:56:40,52.240154,6
675,705,21.069502,5981,2021-06-28 16:56:40,52.473686,07
676,111,21.102465,5982,2021-06-28 16:56:40,52.22208,9
677,175,20.981024,5983,2021-06-28 16:56:39,52.18951,65
678,180,20.926603,5984,2021-06-28 16:56:41,52.272171,4
679,180,21.016586,5985,2021-06-28 16:56:39,52.240185,14
680,180,21.052446,5986,2021-06-28 16:56:41,52.196278,12
681,180,21.064871,5987,2021-06-28 16:56:42,52.186104,9
682,180,20.998348,5988,2021-06-28 16:56:39,52.249203,1
683,116,20.924912,5989,2021-06-28 16:56:44,52.272331,1
684,705,21.013971,5990,2021-06-28 16:56:44,52.317196,08
685,116,20.924759,5991,2021-06-28 16:56:42,52.272438,2
686,518,21.012888,5994,2021-06-28 16:56:40,52.246162,6
687,116,21.018358,5995,2021-06-28 16:56:41,52.23571,7
688,116,20.9632,5996,2021-06-28 16:56:41,52.275276,16
689,116,21.08292,5997,2021-06-28 16:56:39,52.166527,10
690,518,20.967224,5998,2021-06-28 16:56:40,52.273197,5
691,116,21.04948,5999,2021-06-28 16:56:40,52.187965,8
692,184,20.960373,6200,2021-06-28 16:56:44,52.216972,7
693,112,20.933067,6201,2021-06-28 16:56:44,52.269909,11
694,187,21.050083,6203,2021-06-28 16:56:41,52.202148,9
695,167,20.989567,6204,2021-06-28 16:56:43,52.216503,013
696,728,20.923861,6207,2021-06-28 16:56:43,52.1575161,02
697,Z10,20.9177804,6208,2021-06-28 16:56:43,52.2203566,7
698,703,20.884064,6209,2021-06-28 16:56:43,52.129009,91
699,414,20.956919,6210,2021-06-28 16:56:44,52.230122,04
700,713,20.866791,6212,2021-06-28 16:56:44,52.216404,3
701,414,21.031496,6213,2021-06-28 16:56:43,52.288509,03
702,184,20.9662602,6214,2021-06-28 16:56:44,52.2182489,5
703,191,20.951979,6215,2021-06-28 16:56:41,52.211967,6
704,105,20.898788,6216,2021-06-28 16:56:43,52.238766,7
705,167,20.9631264,6217,2021-06-28 16:56:43,52.2158937,1
706,105,20.8968632,6218,2021-06-28 16:56:44,52.227939,010
707,136,20.9928792,6220,2021-06-28 16:56:43,52.1862427,4
708,189,21.068668,6221,2021-06-28 16:56:43,52.181438,13
709,187,20.9102564,6222,2021-06-28 16:56:43,52.1953584,5
710,105,20.94492,6223,2021-06-28 16:56:44,52.226387,4
711,517,20.9024384,6224,2021-06-28 16:56:43,52.1939985,6
712,717,20.8402207,6225,2021-06-28 16:56:44,52.1840195,2
713,716,20.929636,6226,2021-06-28 16:56:44,52.223293,3
714,188,20.9784907,6227,2021-06-28 16:56:44,52.1793159,1
715,190,20.9784764,6228,2021-06-28 16:56:42,52.2380647,3
716,187,20.9521717,6229,2021-06-28 16:56:42,52.212112,6
717,706,20.942955,6231,2021-06-28 16:56:43,52.175495,03
718,190,20.999268,6232,2021-06-28 16:56:41,52.243881,9
719,191,20.909153,6233,2021-06-28 16:56:43,52.193577,4
720,414,21.011843,6234,2021-06-28 16:56:44,52.293652,02
721,112,20.912279,6236,2021-06-28 16:56:44,52.24263,10
722,114,20.9214804,6237,2021-06-28 16:56:43,52.313804,4
723,728,20.8647132,6239,2021-06-28 16:56:42,52.0472697,1
724,414,20.951338,6240,2021-06-28 16:56:44,52.260494,01
725,517,20.943403,6241,2021-06-28 16:56:44,52.205959,5
726,182,20.9649229,6242,2021-06-28 16:56:43,52.2180137,7
727,706,20.942745,6243,2021-06-28 16:56:43,52.174206,2
728,L29,20.46261,65471,2021-06-28 16:56:34,52.267742,1
729,L-7,20.798117,66523,2021-06-28 16:56:39,52.288074,2
730,L-6,20.840791,66524,2021-06-28 16:56:40,52.248967,02
731,L-6,20.814667,66525,2021-06-28 16:56:40,52.256359,1
732,190,21.047485,7200,2021-06-28 16:56:41,52.26038,10
733,189,20.898779,7201,2021-06-28 16:56:42,52.238747,6
734,112,20.9150192,7202,2021-06-28 16:56:43,52.2293324,019
735,141,20.9632079,7203,2021-06-28 16:56:43,52.1884227,4
736,317,21.002102,7204,2021-06-28 16:56:42,52.174995,07
737,131,21.0390116,7205,2021-06-28 16:56:41,52.2065867,011
738,523,21.0845574,7206,2021-06-28 16:56:44,52.2433122,10
739,189,20.965542,7207,2021-06-28 16:56:43,52.187897,019
740,414,20.965866,7208,2021-06-28 16:56:40,52.214947,06
741,721,20.8298091,7212,2021-06-28 16:56:43,52.0550161,02
742,112,20.940346,7213,2021-06-28 16:56:43,52.277748,5
743,191,20.890198,7214,2021-06-28 16:56:44,52.190182,2
744,112,20.8958585,7215,2021-06-28 16:56:43,52.2163352,8
745,713,20.8287536,7216,2021-06-28 16:56:44,52.2127862,2
746,189,21.008698,7219,2021-06-28 16:56:42,52.175793,022
747,187,21.034641,7222,2021-06-28 16:56:43,52.221588,12
748,122,20.914461,7223,2021-06-28 16:56:41,52.251934,2
749,721,20.942892,7225,2021-06-28 16:56:42,52.175411,1
750,706,20.895172,7226,2021-06-28 16:56:44,52.132561,1
751,114,20.961563,7227,2021-06-28 16:56:43,52.266983,3
752,114,21.0417302,7228,2021-06-28 16:56:43,52.300258,1
753,112,21.090002,7229,2021-06-28 16:56:43,52.304619,014
754,517,20.9958742,7230,2021-06-28 16:56:44,52.2263832,08
755,713,20.771288,7231,2021-06-28 16:56:43,52.211143,04
756,717,20.9284652,7232,2021-06-28 16:56:43,52.1953847,1
757,189,20.9131319,7233,2021-06-28 16:56:43,52.2288194,3
758,713,20.91807,7234,2021-06-28 16:56:44,52.220364,1
759,187,21.048258,7235,2021-06-28 16:56:42,52.178223,10
760,184,20.9640239,7237,2021-06-28 16:56:44,52.2080831,6
761,141,20.9441437,7238,2021-06-28 16:56:43,52.1754517,5
762,189,20.975052,7239,2021-06-28 16:56:41,52.184586,16
763,184,20.9334501,7240,2021-06-28 16:56:44,52.2705609,8
764,317,21.003328,7241,2021-06-28 16:56:41,52.178101,5
765,141,21.055321,7242,2021-06-28 16:56:42,52.226566,1
766,523,21.103468,7243,2021-06-28 16:56:43,52.246647,9
767,401,20.908354,7244,2021-06-28 16:56:44,52.192455,3
768,187,20.9655955,7245,2021-06-28 16:56:43,52.2179591,7
769,190,20.935516,7247,2021-06-28 16:56:43,52.239975,017
770,188,21.084238,7248,2021-06-28 16:56:43,52.247684,5
771,171,21.041525,7249,2021-06-28 16:56:43,52.225925,3
772,317,20.9448691,7250,2021-06-28 16:56:41,52.1753542,3
773,105,20.904351,7251,2021-06-28 16:56:22,52.217376,2
774,167,21.062637,7252,2021-06-28 16:56:43,52.2122549,4
775,122,20.897812,7254,2021-06-28 16:56:42,52.256821,1
776,191,20.984579,7256,2021-06-28 16:56:43,52.219631,8
777,190,21.0247262,7257,2021-06-28 16:56:43,52.2504744,012
778,187,21.0626249,7258,2021-06-28 16:56:44,52.1861162,11
779,189,21.0038244,7259,2021-06-28 16:56:44,52.1779102,15
780,125,21.1965372,7301,2021-06-28 16:56:41,52.20838,08
781,507,21.053787,7303,2021-06-28 16:56:41,52.238358,5
782,188,21.1261077,7304,2021-06-28 16:56:44,52.2412131,07
783,138,21.1005199,7305,2021-06-28 16:56:44,52.2606335,4
784,151,21.083181,7306,2021-06-28 16:56:44,52.232536,04
785,509,21.0270105,7307,2021-06-28 16:56:43,52.2582537,7
786,138,21.002567,7308,2021-06-28 16:56:42,52.174492,1
787,188,20.9782734,7310,2021-06-28 16:56:43,52.169475,2
788,182,21.015198,7312,2021-06-28 16:56:43,52.21693,5
789,E-1,21.1023479,7314,2021-06-28 16:56:43,52.2220449,01
790,143,21.006805,7315,2021-06-28 16:56:43,52.217106,7
791,188,20.977827,7316,2021-06-28 16:56:42,52.180885,08
792,402,21.0439754,7317,2021-06-28 16:56:43,52.173548,3
793,182,21.096397,7318,2021-06-28 16:56:42,52.234859,4
794,182,21.1128896,7319,2021-06-28 16:56:43,52.2357707,3
795,411,21.026408,7320,2021-06-28 16:56:43,52.2194846,01
796,182,20.9731212,7322,2021-06-28 16:56:44,52.2189105,8
797,E-1,21.0398416,7323,2021-06-28 16:56:38,52.2438509,02
798,138,21.044966,7325,2021-06-28 16:56:42,52.248463,3
799,141,20.9823057,7326,2021-06-28 16:56:42,52.1945874,6
800,E-1,21.047251,7327,2021-06-28 16:56:44,52.234318,03
801,182,21.074877,7328,2021-06-28 16:56:44,52.23304,1
802,523,21.069056,7329,2021-06-28 16:56:43,52.2304,017
803,171,20.9332999,7330,2021-06-28 16:56:43,52.2402251,5
804,162,21.035023,7331,2021-06-28 16:56:44,52.255852,013
805,141,21.0465419,7333,2021-06-28 16:56:44,52.2135155,8
806,116,21.031378,7334,2021-06-28 16:56:43,52.206474,69
807,110,20.89571,742,2021-06-28 16:56:39,52.322281,1
808,750,20.908098,744,2021-06-28 16:56:41,52.326141,05
809,750,20.819378,745,2021-06-28 16:56:40,52.372826,07
810,250,20.882338,746,2021-06-28 16:56:41,52.299671,1
811,850,20.897116,749,2021-06-28 16:56:38,52.335983,2
812,150,20.939251,750,2021-06-28 16:56:38,52.301788,1
813,750,20.81749,755,2021-06-28 16:56:42,52.351891,2
814,110,20.968586,757,2021-06-28 16:56:38,52.272156,3
815,150,20.860086,758,2021-06-28 16:56:43,52.347633,2
816,750,20.930151,761,2021-06-28 16:56:37,52.291401,4
817,750,20.902863,762,2021-06-28 16:56:40,52.330826,1
818,850,20.77886,763,2021-06-28 16:56:39,52.375622,1
819,151,21.0897351,7701,2021-06-28 16:56:44,52.231105,1
820,411,21.0932081,7702,2021-06-28 16:56:44,52.2247214,04
821,402,21.0522206,7703,2021-06-28 16:56:44,52.1984225,7
822,151,21.0154495,7704,2021-06-28 16:56:44,52.2229924,05
823,150,20.915485667,772,2021-06-28 16:56:41,52.319237667,04
824,150,20.847144167,773,2021-06-28 16:56:42,52.341374,05
825,150,20.892492,774,2021-06-28 16:56:41,52.33918,3
826,250,20.86858,775,2021-06-28 16:56:42,52.332882,3
827,250,20.917559,776,2021-06-28 16:56:44,52.282734,2
828,750,20.8362119,777,2021-06-28 16:56:33,52.3683349,3
829,167,21.0670383,8100,2021-06-28 16:56:37,52.2123611,6
830,143,21.0711796,8103,2021-06-28 16:56:32,52.2311255,011
831,167,21.005523,8108,2021-06-28 16:56:36,52.214553,8
832,217,21.0429161,8109,2021-06-28 16:56:37,52.1756403,2
833,174,21.0163915,8110,2021-06-28 16:56:37,52.1901903,010
834,136,21.027253,8112,2021-06-28 16:56:33,52.151401,014
835,709,21.0221596,8115,2021-06-28 16:56:38,52.0749046,8
836,174,21.0048625,8119,2021-06-28 16:56:38,52.2200376,6
837,136,21.05586,8120,2021-06-28 16:56:35,52.1474803,7
838,143,21.125859,8121,2021-06-28 16:56:23,52.234768,09
839,504,20.997981,8123,2021-06-28 16:56:37,52.2270036,3
840,165,21.0242951,8124,2021-06-28 16:56:24,52.1797548,4
841,727,21.0240535,8125,2021-06-28 16:56:39,52.1790828,3
842,709,21.0185418,8126,2021-06-28 16:56:34,52.1685688,014
843,402,20.9883495,8130,2021-06-28 16:56:32,52.1809723,5
844,136,20.9562816,8131,2021-06-28 16:56:37,52.2373023,012
845,148,21.0367201,8133,2021-06-28 16:56:44,52.1467128,5
846,402,21.1563021,8134,2021-06-28 16:56:37,52.2399483,9
847,167,20.9384833,8135,2021-06-28 16:56:37,52.2357785,9
848,162,21.0275351,8136,2021-06-28 16:56:36,52.2594961,08
849,162,21.0267601,8137,2021-06-28 16:56:19,52.236572,011
850,162,21.045961,8138,2021-06-28 16:56:32,52.21529,7
851,136,20.9677043,8139,2021-06-28 16:56:40,52.2143238,016
852,168,21.0021876,8140,2021-06-28 16:56:34,52.1897653,4
853,504,20.988159,8143,2021-06-28 16:56:37,52.2102715,011
854,504,21.0044526,8144,2021-06-28 16:56:35,52.2300721,4
855,709,21.0184733,8145,2021-06-28 16:56:43,52.1178165,011
856,727,21.0250505,8146,2021-06-28 16:56:36,52.0691653,2
857,148,21.042816,8148,2021-06-28 16:56:36,52.168026,6
858,709,21.018936,8152,2021-06-28 16:56:30,52.091533,1
859,217,21.0240726,8153,2021-06-28 16:56:38,52.1796703,1
860,136,21.027293,8154,2021-06-28 16:56:44,52.151404,8
861,131,21.0039841,8155,2021-06-28 16:56:34,52.2299098,9
862,709,21.0178241,8156,2021-06-28 16:56:37,52.1483666,6
863,308,20.9972211,8158,2021-06-28 16:56:35,52.1888553,01
864,136,21.0281941,8160,2021-06-28 16:56:38,52.1663726,5
865,504,21.0042216,8162,2021-06-28 16:56:34,52.1721611,1
866,331,20.9780055,8164,2021-06-28 16:56:36,52.1690736,05
867,331,21.0177903,8165,2021-06-28 16:56:37,52.155974,03
868,709,21.0129433,8166,2021-06-28 16:56:34,52.0722511,9
869,148,20.9853256,8167,2021-06-28 16:56:37,52.1672201,4
870,218,21.0207045,8168,2021-06-28 16:56:35,52.1896593,3
871,504,20.9901723,8169,2021-06-28 16:56:40,52.2233898,5
872,131,21.0086336,8170,2021-06-28 16:56:43,52.2290501,1
873,167,20.976038,8172,2021-06-28 16:56:42,52.2112423,010
874,143,21.009499,8173,2021-06-28 16:56:31,52.21712,010
875,218,21.023973,8174,2021-06-28 16:56:36,52.179801,1
876,727,21.0185185,8175,2021-06-28 16:56:32,52.1177321,4
877,709,21.0171613,8176,2021-06-28 16:56:41,52.1641178,3
878,143,21.0862303,8177,2021-06-28 16:56:38,52.2450815,5
879,138,21.021604,8178,2021-06-28 16:56:34,52.2051986,7
880,709,21.0189886,8181,2021-06-28 16:56:38,52.0977038,7
881,136,20.9627545,8182,2021-06-28 16:56:37,52.2159631,2
882,218,21.01688,8183,2021-06-28 16:56:24,52.189126,4
883,131,21.064667,8184,2021-06-28 16:56:28,52.185903,6
884,143,21.005482,8185,2021-06-28 16:56:42,52.2149135,8
885,217,21.0428136,8187,2021-06-28 16:56:40,52.1753991,4
886,185,20.997135,8188,2021-06-28 16:56:34,52.270441,9
887,504,21.050285,8189,2021-06-28 16:56:37,52.1367251,7
888,709,21.0238516,8190,2021-06-28 16:56:39,52.1800321,5
889,131,21.016481,8192,2021-06-28 16:56:31,52.222531,4
890,504,20.9809688,8195,2021-06-28 16:56:37,52.1906798,2
891,504,21.0320098,8196,2021-06-28 16:56:40,52.149586,013
892,218,21.0013828,8197,2021-06-28 16:56:40,52.1832771,2
893,331,21.0244625,8198,2021-06-28 16:56:34,52.179895,02
894,174,20.9953761,8199,2021-06-28 16:56:41,52.1701491,4
895,402,20.9935953,8201,2021-06-28 16:56:39,52.178961,4
896,151,21.115749,8202,2021-06-28 10:44:07,52.233741,05
897,151,21.1175305,8204,2021-06-28 10:20:01,52.2338373,06
898,151,21.08372,8208,2021-06-28 16:56:40,52.2358913,2
899,521,21.2048313,8214,2021-06-28 16:56:39,52.159346,1
900,125,21.1718675,8216,2021-06-28 16:56:36,52.2095428,2
901,182,21.054371,8218,2021-06-28 16:56:31,52.226373,013
902,509,20.999673,8220,2021-06-28 16:56:43,52.293819,023
903,182,21.112933,8222,2021-06-28 16:56:39,52.2361001,2
904,509,21.046928,8223,2021-06-28 16:56:35,52.24824,024
905,151,21.007183,8225,2021-06-28 16:56:37,52.217485,06
906,509,20.941343,8228,2021-06-28 16:56:39,52.324375,10
907,521,21.1703128,8229,2021-06-28 16:56:37,52.2020013,2
908,523,21.020178,8231,2021-06-28 16:56:31,52.218023,021
909,162,21.0334558,8233,2021-06-28 16:56:29,52.2502333,014
910,145,21.1063793,8300,2021-06-28 16:56:36,52.2414926,2
911,145,21.071801,8301,2021-06-28 16:56:41,52.2893801,9
912,509,21.1022588,8303,2021-06-28 16:56:34,52.2219406,3
913,171,20.9193496,8304,2021-06-28 16:56:42,52.2573943,010
914,509,21.116975,8305,2021-06-28 09:25:27,52.233583,022
915,117,21.0120983,8306,2021-06-28 16:56:32,52.2301406,3
916,116,20.954773,8309,2021-06-28 16:56:42,52.276159,4
917,141,21.029423,8310,2021-06-28 16:56:24,52.200623,2
918,168,21.089706,8311,2021-06-28 16:56:39,52.220001,3
919,151,21.0659746,8312,2021-06-28 16:56:41,52.2295515,3
920,720,21.2447556,8313,2021-06-28 16:56:36,52.2228623,02
921,162,21.0370801,8314,2021-06-28 16:56:32,52.2519603,2
922,117,21.0574026,8315,2021-06-28 16:56:40,52.2293365,06
923,521,20.963918,8318,2021-06-28 16:56:39,52.207833,4
924,185,21.0099343,8319,2021-06-28 16:56:40,52.257211,11
925,151,21.116836,8320,2021-06-28 09:58:49,52.233566,04
926,162,21.085055,8322,2021-06-28 16:56:36,52.193326,5
927,509,20.9761015,8323,2021-06-28 16:56:44,52.3152186,9
928,148,21.093991,8324,2021-06-28 16:56:37,52.2280105,7
929,143,21.0956405,8326,2021-06-28 16:56:40,52.2438245,1
930,145,21.088266,8328,2021-06-28 16:56:25,52.244795,1
931,507,21.053242,8329,2021-06-28 16:56:38,52.2384636,08
932,148,21.0471816,8330,2021-06-28 16:56:38,52.150702,2
933,145,21.0003953,8332,2021-06-28 16:56:44,52.2913725,7
934,523,20.9612495,8333,2021-06-28 16:56:36,52.2161795,12
935,148,21.0237758,8334,2021-06-28 16:56:38,52.1515691,3
936,145,21.1085073,8335,2021-06-28 16:56:38,52.2865003,014
937,143,21.138184,8337,2021-06-28 16:56:35,52.2443998,2
938,125,21.1357661,8340,2021-06-28 16:56:40,52.230344,4
939,523,20.9660126,8341,2021-06-28 16:56:34,52.2180955,5
940,507,21.0841417,8342,2021-06-28 16:56:41,52.226015,1
941,171,21.011283,8343,2021-06-28 16:56:32,52.230716,09
942,502,21.23003,8344,2021-06-28 16:56:43,52.2165367,1
943,507,21.101806,8345,2021-06-28 16:56:34,52.22227,3
944,145,21.126793,8348,2021-06-28 16:56:37,52.259509,3
945,507,21.003943,8349,2021-06-28 16:56:31,52.230993,6
946,145,21.107431,8350,2021-06-28 16:56:37,52.241199,012
947,507,21.0806817,8351,2021-06-28 16:56:37,52.22615,4
948,502,21.0161767,8352,2021-06-28 16:56:35,52.2229017,4
949,523,20.898208,8353,2021-06-28 16:56:31,52.258491,2
950,502,21.229291,8354,2021-06-28 16:56:37,52.216543,011
951,523,21.088544,8356,2021-06-28 16:56:43,52.250116,8
952,514,21.108296,8358,2021-06-28 16:56:42,52.233403,3
953,523,20.936173,8359,2021-06-28 16:56:41,52.239663,3
954,507,21.005283,8360,2021-06-28 16:56:36,52.229521,7
955,202,21.121155,8361,2021-06-28 16:56:41,52.243645,1
956,502,21.160516,8362,2021-06-28 16:56:28,52.225898,2
957,188,20.9878333,8363,2021-06-28 16:56:28,52.2094467,6
958,138,21.044313,8364,2021-06-28 16:56:29,52.249066,6
959,514,21.124911,8365,2021-06-28 16:56:25,52.233228,1
960,523,20.956526,8366,2021-06-28 16:56:24,52.231893,4
961,502,21.094361,8368,2021-06-28 16:56:40,52.235213,5
962,145,21.002916,8398,2021-06-28 16:56:44,52.290698,013
963,402,21.1559588,8403,2021-06-28 16:56:40,52.2402845,011
964,521,21.109224,8408,2021-06-28 16:56:40,52.240896,07
965,143,21.1666413,8410,2021-06-28 16:56:42,52.262904,012
966,523,20.9369405,8414,2021-06-28 16:56:33,52.239689,13
967,148,21.087014,8417,2021-06-28 16:56:36,52.2104835,9
968,148,21.0837838,8430,2021-06-28 16:56:42,52.2448153,010
969,162,21.0497006,8437,2021-06-28 16:56:28,52.2023955,012
970,125,21.1318531,8438,2021-06-28 16:56:32,52.2322725,1
971,162,21.033868,8440,2021-06-28 16:56:37,52.226566,015
972,145,20.9997706,8441,2021-06-28 16:56:43,52.2912119,6
973,269,21.041668,8442,2021-06-28 16:56:44,52.300438,01
974,723,20.948549,8443,2021-06-28 16:56:41,52.347691,2
975,114,20.9232964,8445,2021-06-28 16:56:43,52.2801644,5
976,120,21.068016,8446,2021-06-28 16:56:42,52.322868,6
977,731,20.975243,8447,2021-06-28 16:56:43,52.317242,3
978,160,21.049442,8448,2021-06-28 16:56:43,52.27441,1
979,132,21.0512712,8449,2021-06-28 16:56:42,52.3140459,04
980,412,21.066607,8450,2021-06-28 16:56:43,52.321377,052
981,112,20.914494,8451,2021-06-28 16:56:43,52.235626,6
982,527,21.0557621,8452,2021-06-28 16:56:43,52.2972792,06
983,160,21.002871,8453,2021-06-28 16:56:42,52.229549,014
984,160,21.0465889,8454,2021-06-28 16:56:42,52.2741264,4
985,160,21.0024219,8455,2021-06-28 16:56:44,52.2294667,6
986,132,20.98995,8457,2021-06-28 16:56:43,52.284763,08
987,527,21.0638374,8458,2021-06-28 16:56:44,52.3252524,055
988,Z26,20.988001,8459,2021-06-28 16:56:41,52.240196,3
989,412,21.0745594,8460,2021-06-28 16:56:43,52.2857637,053
990,120,21.0666547,8461,2021-06-28 16:56:42,52.3140707,4
991,414,20.9583034,8462,2021-06-28 16:56:43,52.2663387,05
992,511,20.974815,8463,2021-06-28 16:56:43,52.315788,05
993,509,21.0862689,8465,2021-06-28 16:56:44,52.225899,2
994,136,20.983148,8500,2021-06-28 16:56:28,52.196008,3
995,501,21.015491,8501,2021-06-28 16:56:39,52.218848,06
996,138,20.9954083,8502,2021-06-28 16:56:43,52.1702433,9
997,189,20.8990383,8503,2021-06-28 16:56:30,52.238685,5
998,522,21.08073,8504,2021-06-28 16:56:37,52.1577683,4
999,401,20.862703,8505,2021-06-28 16:56:41,52.190148,2
1000,131,21.069056,8506,2021-06-28 16:56:25,52.181358,7
1001,501,21.048469,8507,2021-06-28 16:56:35,52.188661,4
1002,138,21.0515833,8508,2021-06-28 16:56:21,52.2259783,2
1003,189,20.955931,8509,2021-06-28 16:56:44,52.190613,1
1004,501,21.0029017,8510,2021-06-28 16:56:36,52.2291917,1
1005,189,20.919456,8511,2021-06-28 16:56:42,52.198366,027
1006,Z26,21.0352567,8512,2021-06-28 16:56:44,52.256005,4
1007,186,20.950835,8513,2021-06-28 16:56:36,52.319261,013
1008,733,20.837551,8514,2021-06-28 16:56:37,52.106286,01
1009,Z26,20.991875,8515,2021-06-28 16:56:39,52.241199,7
1010,522,21.01443,8516,2021-06-28 16:56:23,52.225284,2
1011,141,21.1008633,8517,2021-06-28 16:56:42,52.2403817,10
1012,519,21.08064,8519,2021-06-28 16:56:38,52.166855,7
1013,519,21.014195,8520,2021-06-28 16:56:32,52.225344,1
1014,186,20.977556,8522,2021-06-28 16:56:33,52.210895,10
1015,733,20.7699367,8523,2021-06-28 16:56:41,52.0746933,62
1016,522,21.0258167,8525,2021-06-28 16:56:43,52.2094967,011
1017,172,20.991894,8526,2021-06-28 16:56:35,52.197024,63
1018,172,21.068936,8528,2021-06-28 16:56:39,52.181601,5
1019,308,21.0028117,8530,2021-06-28 16:56:40,52.188985,02
1020,172,20.955455,8532,2021-06-28 16:56:28,52.2120433,1
1021,Z26,20.9742267,8533,2021-06-28 16:56:38,52.2354817,2
1022,138,21.100818,8534,2021-06-28 16:56:33,52.260624,5
1023,522,21.004975,8535,2021-06-28 16:56:36,52.229278,1
1024,172,21.056025,8536,2021-06-28 16:56:40,52.1818283,6
1025,522,21.079991,8537,2021-06-28 16:56:36,52.157671,5
1026,709,21.024081,8539,2021-06-28 16:56:40,52.180008,4
1027,172,20.97982,8540,2021-06-28 16:56:40,52.2003517,8
1028,185,21.0494033,8541,2021-06-28 16:56:38,52.1546733,6
1029,172,20.971203,8543,2021-06-28 16:56:42,52.219549,9
1030,519,21.032126,8544,2021-06-28 16:56:34,52.205294,4
1031,522,21.063898,8546,2021-06-28 16:56:41,52.174241,012
1032,522,21.0649367,8547,2021-06-28 16:56:35,52.1729117,6
1033,402,21.093476,8548,2021-06-28 16:56:37,52.215081,010
1034,186,20.963785,8549,2021-06-28 16:56:36,52.2077683,015
1035,186,20.9657667,8550,2021-06-28 16:56:36,52.3186683,016
1036,709,21.025403,8551,2021-06-28 16:56:28,52.078341,10
1037,136,20.985341,8552,2021-06-28 16:56:42,52.192691,10
1038,Z26,21.034061,8555,2021-06-28 16:56:37,52.254383,5
1039,519,21.027616,8556,2021-06-28 16:56:33,52.208028,6
1040,Z26,21.0032817,8558,2021-06-28 16:56:32,52.24539,08
1041,217,21.034358,8559,2021-06-28 16:56:31,52.176996,06
1042,519,21.084503,8560,2021-06-28 16:56:23,52.16537,2
1043,411,21.039193,8561,2021-06-28 16:56:43,52.22303,02
1044,521,21.210255,8562,2021-06-28 16:56:39,52.162133,09
1045,402,21.044186,8563,2021-06-28 16:56:44,52.174153,2
1046,521,21.186558,8564,2021-06-28 16:56:39,52.18594,08
1047,502,21.01558,8565,2021-06-28 16:56:38,52.2175667,014
1048,502,21.162033,8566,2021-06-28 16:56:37,52.225918,6
1049,402,21.010423,8567,2021-06-28 16:56:33,52.174795,014
1050,509,21.0284633,8568,2021-06-28 16:56:23,52.25704,021
1051,171,21.035081,8569,2021-06-28 16:56:30,52.223498,2
1052,411,21.1024383,8571,2021-06-28 16:56:40,52.222095,03
1053,E-1,21.102386,8572,2021-06-28 16:56:27,52.222053,04
1054,202,21.041966,8573,2021-06-28 16:56:40,52.242101,2
1055,411,21.115896,8574,2021-06-28 10:20:57,52.233514,01
1056,720,21.295349,8576,2021-06-28 16:56:38,52.170616,1
1057,162,21.0496617,8578,2021-06-28 16:56:35,52.20386,4
1058,125,21.043216,8579,2021-06-28 16:56:34,52.246023,09
1059,731,20.924695,8583,2021-06-28 16:56:30,52.3844517,5
1060,269,21.042455,8584,2021-06-28 16:56:34,52.29717,02
1061,269,21.0429717,8585,2021-06-28 16:56:39,52.276175,03
1062,514,21.2437817,8586,2021-06-28 16:56:35,52.2486267,2
1063,523,21.115558,8587,2021-06-28 08:55:25,52.233753,3
1064,145,21.11802,8588,2021-06-28 16:56:28,52.27277,016
1065,514,21.015585,8589,2021-06-28 16:56:34,52.219241,4
1066,502,21.07562,8590,2021-06-28 16:56:37,52.2330867,3
1067,507,21.1023583,8592,2021-06-28 16:56:35,52.221985,2
1068,145,21.126979,8593,2021-06-28 16:56:30,52.257843,10
1069,138,21.00513,8595,2021-06-28 16:56:43,52.1717917,8
1070,186,20.973964,8801,2021-06-28 16:56:28,52.205129,11
1071,185,21.0493718,8802,2021-06-28 16:56:33,52.2049236,1
1072,727,20.9437768,8803,2021-06-28 16:56:41,52.0367986,1
1073,217,21.0764988,8804,2021-06-28 16:56:38,52.156911,3
1074,185,21.0219731,8805,2021-06-28 16:56:39,52.1426683,4
1075,402,21.136248,8806,2021-06-28 16:56:40,52.2413148,8
1076,131,21.0683905,8808,2021-06-28 16:56:42,52.1827766,3
1077,709,21.0174995,8809,2021-06-28 16:56:36,52.145034,2
1078,174,20.9989391,8810,2021-06-28 16:56:42,52.2323656,1
1079,165,20.9963788,8811,2021-06-28 16:56:38,52.1693785,3
1080,167,20.9414098,8812,2021-06-28 16:56:38,52.2326185,011
1081,402,21.1275095,8813,2021-06-28 16:56:38,52.2334286,1
1082,167,20.963955,8814,2021-06-28 16:56:33,52.2155795,2
1083,167,21.0298171,8816,2021-06-28 16:56:42,52.2070396,3
1084,308,21.020476,8817,2021-06-28 16:56:34,52.189638,03
1085,504,21.042558,8818,2021-06-28 16:56:30,52.147656,9
1086,331,21.000136,8819,2021-06-28 16:56:36,52.1559,04
1087,522,21.04534,8820,2021-06-28 16:56:31,52.1915395,014
1088,174,20.9982824,8821,2021-06-28 16:56:44,52.1693878,08
1089,174,21.0044876,8822,2021-06-28 16:56:39,52.1713006,5
1090,522,21.0159065,8823,2021-06-28 16:56:35,52.2218893,015
1091,709,21.0227731,8825,2021-06-28 16:56:38,52.0749331,012
1092,504,21.0686888,8826,2021-06-28 16:56:35,52.1289838,8
1093,143,21.1602018,8828,2021-06-28 16:56:31,52.2587876,4
1094,509,21.0845253,8829,2021-06-28 16:56:41,52.2259128,4
1095,523,21.073172,8830,2021-06-28 16:56:44,52.2315368,11
1096,125,21.0808806,8831,2021-06-28 16:56:41,52.2457263,5
1097,171,20.9202623,8832,2021-06-28 16:56:38,52.2571496,7
1098,141,21.0943435,8833,2021-06-28 16:56:23,52.2440571,9
1099,704,21.3384618,8834,2021-06-28 16:56:39,52.2168918,2
1100,521,20.985013,8835,2021-06-28 16:56:38,52.2208796,5
1101,182,20.9876755,8837,2021-06-28 16:56:41,52.2162381,6
1102,182,20.984151,8838,2021-06-28 16:56:40,52.216138,010
1103,704,21.126008,8839,2021-06-28 16:56:26,52.234846,1
1104,185,21.0219323,8840,2021-06-28 16:56:40,52.1424536,5
1105,125,21.0635853,8841,2021-06-28 16:56:41,52.2465635,6
1106,521,21.018869,8843,2021-06-28 16:56:42,52.231549,3
1107,185,21.0447643,8844,2021-06-28 16:56:24,52.1769683,2
1108,402,20.993328,8845,2021-06-28 16:56:44,52.178776,013
1109,143,21.1717708,8846,2021-06-28 16:56:31,52.2616935,3
1110,143,21.0450145,8847,2021-06-28 16:56:40,52.2244566,6
1111,125,21.1647388,8849,2021-06-28 16:56:44,52.2167625,3
1112,521,21.1263506,8850,2021-06-28 16:56:34,52.2347603,6
1113,523,21.09681,8851,2021-06-28 16:56:34,52.248481,019
1114,141,20.9925325,8852,2021-06-28 16:56:34,52.1967308,3
1115,125,21.0936966,8853,2021-06-28 16:56:37,52.2442281,7
1116,509,21.0095013,8854,2021-06-28 16:56:38,52.2822325,8
1117,402,21.0384206,8855,2021-06-28 16:56:38,52.1728803,6
1118,512,21.0363163,8856,2021-06-28 16:56:35,52.2534701,1
1119,509,21.021174,8857,2021-06-28 16:56:27,52.264863,12
1120,169,21.03284,8858,2021-06-28 16:56:39,52.2992128,1
1121,112,20.994213,8859,2021-06-28 16:56:36,52.286723,4
1122,512,21.058419,8861,2021-06-28 16:56:33,52.2665263,4
1123,412,21.0516923,8862,2021-06-28 16:56:33,52.2527413,04
1124,738,21.1049676,8864,2021-06-28 16:56:39,52.3227836,05
1125,500,21.0459893,8865,2021-06-28 10:43:17,52.2651186,08
1126,169,21.041905,8866,2021-06-28 16:56:31,52.3000861,5
1127,162,21.0354986,8867,2021-06-28 16:56:33,52.2444726,1
1128,190,20.9150825,8868,2021-06-28 16:56:25,52.2322495,5
1129,190,21.0001715,8869,2021-06-28 16:56:43,52.2455436,023
1130,190,21.0646696,8871,2021-06-28 16:56:34,52.2740053,025
1131,190,21.0852993,8872,2021-06-28 16:56:39,52.3040825,026
1132,738,21.1227081,8873,2021-06-28 16:56:38,52.3447695,06
1133,500,21.0416978,8874,2021-06-28 16:56:41,52.300389,3
1134,190,20.9147623,8875,2021-06-28 16:56:39,52.234873,4
1135,162,21.0262206,8876,2021-06-28 16:56:33,52.2371918,3
1136,512,21.074597,8878,2021-06-28 16:56:43,52.2859666,06
1137,509,21.058818,8879,2021-06-28 16:56:37,52.235561,1
1138,709,20.996574,8880,2021-06-25 18:58:33,52.18762,016
1139,186,20.9563626,8881,2021-06-28 16:56:40,52.2375166,014
1140,165,21.0159225,8882,2021-06-28 16:56:14,52.1799723,2
1141,175,20.98518,8883,2021-06-28 16:56:42,52.2019208,64
1142,180,20.9549611,8885,2021-06-28 16:56:43,52.2617028,5
1143,167,21.083016,8886,2021-06-28 16:56:25,52.208286,5
1144,189,21.0606546,8887,2021-06-28 16:56:41,52.1847306,021
1145,128,21.0167295,8888,2021-06-28 16:56:34,52.2399556,61
1146,504,21.0289616,8891,2021-06-28 16:56:38,52.1508356,012
1147,165,20.994556,8892,2021-06-28 16:56:30,52.155284,1
1148,180,20.925029,8893,2021-06-28 16:56:35,52.272424,53
1149,217,21.0701831,8894,2021-06-28 16:56:36,52.164426,05
1150,136,21.0210921,8895,2021-06-28 16:56:33,52.166109,015
1151,174,21.0096326,8896,2021-06-28 16:56:34,52.2045496,07
1152,180,20.979199,8897,2021-06-28 16:56:37,52.2490226,015
1153,167,21.032209,8898,2021-06-28 16:56:36,52.206906,7
1154,504,20.9855986,8899,2021-06-28 16:56:39,52.1819518,6
1155,161,21.189304,9061,2021-06-28 16:56:41,52.183887,2
1156,161,21.175964,9063,2021-06-28 16:56:41,52.176178,3
1157,262,21.067444,9064,2021-06-28 16:56:39,52.277145,03
1158,314,21.036238,9065,2021-06-28 16:56:40,52.358028,04
1159,314,20.953529,9066,2021-06-28 16:56:40,52.317955,02
1160,104,21.000536,9068,2021-06-28 16:56:43,52.291817,2
1161,161,21.224808,9070,2021-06-28 16:56:40,52.186691,1
1162,225,21.163069,9071,2021-06-28 16:56:43,52.274864,2
1163,225,21.102585,9074,2021-06-28 16:56:43,52.222736,4
1164,225,21.127487,9075,2021-06-28 16:56:42,52.2589,3
1165,211,20.962109,9077,2021-06-28 16:56:40,52.315418,08
1166,314,20.975674,9078,2021-06-28 16:56:40,52.315437,01
1167,262,21.087862,9080,2021-06-28 16:56:42,52.286556,1
1168,104,21.032503,9081,2021-06-28 16:56:41,52.299347,1
1169,314,21.021725,9082,2021-06-28 16:56:42,52.31163,03
1170,262,21.065035,9083,2021-06-28 16:56:40,52.274513,2
1171,225,21.095947,9088,2021-06-28 16:56:43,52.231976,1
1172,211,20.990858,9090,2021-06-28 16:56:41,52.301949,2
1173,211,20.988781,9091,2021-06-28 16:56:43,52.303246,07
1174,305,21.133917,9093,2021-06-28 16:56:42,52.206135,1
1175,900,20.952204,9094,2021-06-28 16:56:41,52.355057,1
1176,133,20.952314,9201,2021-06-28 16:56:43,52.316883,2
1177,207,20.907024,9202,2021-06-28 16:56:43,52.190857,03
1178,164,21.115078,9203,2021-06-28 16:56:38,52.161866,05
1179,133,20.952099,9204,2021-06-28 16:56:42,52.328033,1
1180,809,21.038137,9205,2021-06-28 16:56:40,52.154263,51
1181,809,20.992811,9206,2021-06-28 16:56:36,52.109795,52
1182,239,21.037874,9208,2021-06-28 16:56:44,52.15382,54
1183,211,20.953087,9209,2021-06-28 16:56:39,52.331665,4
1184,177,20.900902,9210,2021-06-28 16:56:39,52.190178,3
1185,209,21.017532,9212,2021-06-28 16:56:42,52.121204,53
1186,211,20.943499,9213,2021-06-28 16:56:43,52.345969,6
1187,219,21.148554,9215,2021-06-28 16:56:41,52.186802,3
1188,208,20.975609,9216,2021-06-28 16:56:45,52.210258,1
1189,234,21.014107,9217,2021-06-28 16:56:38,52.31036,1
1190,239,21.015383,9218,2021-06-28 16:56:40,52.148373,057
1191,234,21.060287,9219,2021-06-28 16:56:37,52.341244,2
1192,249,20.898777,9221,2021-06-28 16:56:35,52.238598,1
1193,211,20.951794,9223,2021-06-28 16:56:42,52.331844,1
1194,201,20.928293,9224,2021-06-28 16:56:38,52.263489,3
1195,208,20.975536,9225,2021-06-28 16:56:42,52.210232,04
1196,208,20.947824,9226,2021-06-28 16:56:36,52.208824,05
1197,208,20.967329,9227,2021-06-28 16:56:44,52.214264,2
1198,219,21.145975,9228,2021-06-28 16:56:40,52.190388,2
1199,219,21.10232,9229,2021-06-28 16:56:42,52.222816,1
1200,201,20.92506,9230,2021-06-28 16:56:38,52.260574,2
1201,239,21.037794,9232,2021-06-28 16:56:41,52.15427,056
1202,264,21.119736,9233,2021-06-28 16:56:37,52.130486,1
1203,203,20.918785,9234,2021-06-28 16:56:38,52.275093,2
1204,201,20.926813,9235,2021-06-28 16:56:43,52.233418,5
1205,201,20.939306,9236,2021-06-28 16:56:38,52.245857,4
1206,209,21.017727,9237,2021-06-28 16:56:40,52.136307,055
1207,208,20.968782,9238,2021-06-28 16:55:34,52.202499,03
1208,207,20.870907,9239,2021-06-28 16:56:36,52.184799,02
1209,177,20.889545,9240,2021-06-28 16:56:39,52.190013,1
1210,133,20.975378,9241,2021-06-28 16:56:38,52.346573,3
1211,201,20.944445,9242,2021-06-28 16:56:39,52.239109,06
1212,211,20.943666,9243,2021-06-28 16:56:36,52.346767,5
1213,207,20.883928,9244,2021-06-28 16:56:38,52.194065,01
1214,211,20.960171,9245,2021-06-28 16:56:43,52.311066,3
1215,164,21.134727,9246,2021-06-28 16:56:43,52.148888,04
1216,201,20.931322,9247,2021-06-28 16:56:42,52.256981,1
1217,177,20.883686,9248,2021-06-28 16:56:38,52.205715,2
1218,164,21.066555,9250,2021-06-28 16:56:38,52.171864,3
1219,164,21.065323,9251,2021-06-28 16:56:41,52.172588,2
1220,211,20.941423,9254,2021-06-28 16:56:37,52.355396,09
1221,199,21.111553,9301,2021-06-28 16:56:42,52.291187,06
1222,739,21.017279,9302,2021-06-28 16:56:42,52.157501,2
1223,739,21.017845,9304,2021-06-28 16:56:40,52.166267,3
1224,179,21.058569,9311,2021-06-28 15:56:42,52.140041,10
1225,123,21.051207,9312,2021-06-28 16:56:39,52.252609,08
1226,179,21.068619,9313,2021-06-28 16:56:41,52.128952,11
1227,153,21.156839,9314,2021-06-28 16:56:37,52.27277,2
1228,179,21.057531,9315,2021-06-28 16:56:42,52.151581,2
1229,135,21.043297,9316,2021-06-28 16:56:44,52.263687,3
1230,135,21.046614,9317,2021-06-28 16:56:40,52.247917,6
1231,135,21.028093,9318,2021-06-28 16:56:42,52.259819,2
1232,135,21.035753,9319,2021-06-28 16:56:38,52.252098,1
1233,179,21.037649,9320,2021-06-28 16:56:39,52.15427,4
1234,179,21.030455,9321,2021-06-28 16:56:44,52.162098,5
1235,123,21.096519,9322,2021-06-28 16:56:38,52.233028,5
1236,135,21.062431,9323,2021-06-28 16:56:34,52.246765,07
1237,179,21.049168,9324,2021-06-28 16:56:11,52.154358,9
1238,179,21.056715,9325,2021-06-28 16:56:43,52.131199,51
1239,256,21.052111,9326,2021-06-28 16:56:41,52.292774,2
1240,142,21.133183,9327,2021-06-28 16:56:36,52.211582,3
1241,179,21.031599,9328,2021-06-28 16:56:39,52.142254,8
1242,153,21.177269,9329,2021-06-28 16:56:36,52.256901,04
1243,123,21.0773959,9331,2021-06-28 09:44:24,52.2687066,07
1244,123,21.077486,9332,2021-06-28 15:39:21,52.268074,08
1245,142,21.211067,9333,2021-06-28 16:56:44,52.161251,5
1246,739,21.052706,9334,2021-06-28 16:56:38,52.101009,1
1247,153,21.170279,9335,2021-06-28 16:56:42,52.276939,3
1248,135,21.107121,9336,2021-06-28 16:56:35,52.248348,5
1249,739,21.0771987,9337,2021-06-28 16:56:14,52.2682345,2
1250,179,21.03697,9338,2021-06-28 16:56:44,52.162083,6
1251,256,21.080925,9339,2021-06-28 16:56:36,52.277374,1
1252,153,21.165251,9340,2021-06-28 16:56:39,52.257175,1
1253,142,21.222397,9341,2021-06-28 16:56:45,52.161053,4
1254,739,21.039444,9342,2021-06-28 16:56:40,52.09536,4
1255,256,21.05537,9343,2021-06-28 16:56:37,52.296906,4
1256,135,21.083523,9344,2021-06-28 16:56:39,52.230434,08
1257,739,21.03978,9345,2021-06-28 16:56:40,52.080524,05
1258,179,21.029814,9346,2021-06-28 16:56:40,52.154659,7
1259,135,21.096172,9347,2021-06-28 16:56:42,52.232353,4
1260,123,21.085098,9348,2021-06-28 16:56:39,52.223171,09
1261,179,21.033043,9349,2021-06-28 16:56:36,52.143425,3
1262,123,21.067148,9350,2021-06-28 16:56:41,52.226017,357
1263,142,21.14002,9351,2021-06-28 16:56:40,52.227924,1
1264,123,21.052269,9352,2021-06-28 16:56:42,52.250183,6
1265,739,21.017996,9353,2021-06-28 16:56:43,52.122559,06
1266,123,21.055689,9354,2021-06-28 16:56:38,52.249954,07
1267,199,21.131157,9355,2021-06-28 16:56:39,52.280052,05
1268,256,21.065557,9356,2021-06-28 16:56:36,52.327858,3
1269,142,21.087955,9357,2021-06-28 16:56:39,52.244644,2
1270,142,21.077633,9358,2021-06-28 16:02:28,52.267822,4
1271,256,21.084341,9359,2021-06-28 16:56:44,52.274315,5
1272,176,21.030975,9403,2021-06-28 16:56:44,52.282135,1
1273,176,20.982285,9405,2021-06-28 16:56:40,52.35556,05
1274,176,20.997177,9412,2021-06-28 16:56:38,52.319557,3
1275,197,20.942446,9413,2021-06-28 16:56:43,52.22681,012
1276,197,20.949995,9414,2021-06-28 16:56:40,52.280613,014
1277,103,20.944204,9415,2021-06-28 16:56:43,52.270954,2
1278,102,21.070343,9416,2021-06-28 16:56:43,52.242008,3
1279,157,20.976734,9417,2021-06-28 16:56:41,52.28994,7
1280,712,20.927919,9418,2021-06-28 16:56:40,52.290783,02
1281,516,20.990515,9420,2021-06-28 16:56:44,52.302078,5
1282,157,20.986376,9423,2021-06-28 16:56:42,52.222046,1
1283,103,20.968409,9424,2021-06-28 16:56:39,52.222069,4
1284,123,21.09565,9425,2021-06-28 16:56:42,52.230785,1
1285,157,20.989889,9426,2021-06-28 16:56:40,52.225265,3
1286,157,20.985748,9427,2021-06-28 16:56:42,52.245499,4
1287,157,20.988325,9428,2021-06-28 16:56:40,52.251743,9
1288,103,20.959431,9429,2021-06-28 16:56:42,52.259815,6
1289,157,20.990475,9432,2021-06-28 16:56:43,52.235233,10
1290,743,20.749699,9433,2021-06-28 16:56:42,52.230827,02
1291,176,20.992077,9434,2021-06-28 16:56:42,52.326149,04
1292,516,20.941576,9435,2021-06-28 16:56:43,52.320675,1
1293,157,20.973904,9436,2021-06-28 16:56:41,52.213806,2
1294,157,20.975311,9437,2021-06-28 16:56:40,52.286861,6
1295,197,20.93104,9438,2021-06-28 16:56:43,52.225323,011
1296,197,20.945898,9439,2021-06-28 16:56:42,52.239437,016
1297,516,20.969931,9440,2021-06-28 16:56:38,52.320198,3
1298,123,21.045614,9441,2021-06-28 16:56:43,52.248226,3
1299,103,20.968636,9442,2021-06-28 16:56:42,52.22213,5
1300,102,21.078325,9443,2021-06-28 16:56:41,52.250408,1
1301,103,20.95822,9444,2021-06-28 16:56:40,52.244949,3
1302,103,20.947575,9445,2021-06-28 16:56:42,52.276798,7
1303,103,20.946751,9446,2021-06-28 16:56:43,52.293617,1
1304,123,21.04393,9447,2021-06-28 16:56:43,52.249256,4
1305,157,20.963968,9448,2021-06-28 16:56:41,52.207973,011
1306,516,21.000975,9449,2021-06-28 16:56:42,52.291187,4
1307,102,21.003326,9450,2021-06-28 16:56:36,52.236748,2
1308,157,20.993885,9451,2021-06-28 16:56:42,52.260933,5
1309,157,20.985704,9452,2021-06-28 16:56:41,52.269897,8
1310,176,20.982162,9453,2021-06-28 16:56:40,52.355694,2
1311,197,20.948994,9454,2021-06-28 16:56:42,52.269413,015
1312,712,20.863201,9455,2021-06-28 16:56:43,52.272244,1
1313,743,20.897205,9456,2021-06-28 16:56:45,52.220779,1
1314,197,20.933481,9457,2021-06-28 16:56:40,52.252941,013
1315,103,20.927027,9458,2021-06-28 16:56:43,52.290264,8
1316,194,20.929477333,9501,2021-06-28 16:56:40,52.224677167,5
1317,707,20.909709833,9502,2021-06-28 16:56:42,52.098247,1
1318,159,21.062373167,9503,2021-06-28 16:56:42,52.1925445,1
1319,103,20.968867167,9505,2021-06-28 16:56:40,52.226887667,09
1320,103,20.928176667,9506,2021-06-28 16:56:40,52.289705833,011
1321,220,20.9187285,9509,2021-06-28 16:56:40,52.256445,3
1322,194,20.903257167,9510,2021-06-28 16:56:44,52.207844333,06
1323,737,20.947169333,9511,2021-06-28 16:56:43,52.0690575,56
1324,220,20.897338333,9513,2021-06-28 16:56:42,52.222253,5
1325,715,20.939589833,9514,2021-06-28 16:56:35,52.148960833,53
1326,181,20.970625,9515,2021-06-28 16:56:43,52.285317,2
1327,737,20.967738333,9516,2021-06-28 16:56:39,52.081101833,54
1328,149,20.940275,9518,2021-06-28 16:56:40,52.246606667,06
1329,149,20.898328333,9519,2021-06-28 16:56:40,52.239408167,2
1330,159,21.030463833,9520,2021-06-28 16:56:41,52.224361833,8
1331,715,21.036885667,9521,2021-06-28 16:56:43,52.162009,1
1332,220,20.898175333,9522,2021-06-28 16:56:41,52.248925,4
1333,220,20.918283167,9523,2021-06-28 16:56:40,52.255916,07
1334,220,20.896495833,9524,2021-06-28 16:56:41,52.235248833,2
1335,194,20.872848333,9525,2021-06-28 16:56:40,52.195123333,3
1336,181,20.899950167,9526,2021-06-28 16:56:42,52.297174667,1
1337,715,20.940245333,9528,2021-06-28 16:56:42,52.172694333,058
1338,715,21.0180235,9529,2021-06-28 16:56:35,52.137001833,52
1339,707,20.908091333,9530,2021-06-28 16:56:40,52.098417833,03
1340,159,20.9898405,9531,2021-06-28 16:56:41,52.223797,4
1341,194,20.8961495,9532,2021-06-28 16:56:44,52.201776167,1
1342,181,20.932561,9533,2021-06-28 16:56:41,52.305939833,4
1343,181,20.979433667,9534,2021-06-28 16:56:44,52.277213833,3
1344,159,20.990056,9535,2021-06-28 16:56:43,52.225035,7
1345,159,20.961612833,9537,2021-06-28 16:56:42,52.2166875,6
1346,737,21.037552667,9539,2021-06-28 16:56:44,52.162099,059
1347,220,20.923842167,9540,2021-06-28 16:56:41,52.1742745,1
1348,220,20.9437675,9542,2021-06-28 16:56:41,52.175557667,6
1349,102,20.882447333,9543,2021-06-28 16:56:40,52.207882333,1
1350,737,21.033727833,9544,2021-06-28 16:56:44,52.155648,07
1351,220,20.9018105,9545,2021-06-28 16:56:42,52.1923395,08
1352,149,20.948904833,9546,2021-06-28 16:56:42,52.239596167,5
1353,220,20.898702833,9548,2021-06-28 16:56:44,52.1984115,09
1354,149,20.947957,9550,2021-06-28 16:56:40,52.244173,1
1355,715,21.0002455,9551,2021-06-28 16:56:40,52.109968167,55
1356,149,20.878943333,9552,2021-06-28 16:56:40,52.248176333,3
1357,194,20.929298167,9554,2021-06-28 16:56:44,52.223290167,07
1358,194,20.867975833,9555,2021-06-28 16:56:42,52.201091,2
1359,159,21.039396333,9556,2021-06-28 16:56:44,52.221635167,3
1360,149,20.897236333,9557,2021-06-28 16:56:44,52.243307833,4
1361,194,20.9307965,9558,2021-06-28 16:56:44,52.225015167,4
1362,159,20.954903333,9560,2021-06-28 16:56:41,52.212030833,5
1363,159,21.054273833,9561,2021-06-28 16:56:43,52.194747667,2
1364,118,21.033434,9671,2021-06-28 16:56:43,52.230347,2
1365,118,21.014589,9672,2021-06-28 16:56:29,52.251938,5
1366,326,21.035337,9673,2021-06-28 16:56:39,52.357632,04
1367,118,21.032413,9674,2021-06-28 16:56:41,52.298916,8
1368,152,21.031246,9676,2021-06-28 16:56:39,52.327648,5
1369,212,21.066883,9677,2021-06-28 16:56:39,52.27697,06
1370,118,21.041344,9678,2021-06-28 16:56:42,52.300087,7
1371,118,21.019148,9679,2021-06-28 16:56:37,52.246841,1
1372,326,21.029211,9680,2021-06-28 16:56:37,52.350899,02
1373,152,20.960554,9681,2021-06-28 16:56:41,52.316803,2
1374,212,21.060635,9682,2021-06-28 16:56:40,52.278915,5
1375,152,20.999599,9683,2021-06-28 16:56:41,52.34177,4
1376,212,21.051313,9684,2021-06-28 16:56:42,52.269402,1
1377,212,21.027121,9685,2021-06-28 16:56:42,52.25964,2
1378,326,20.995373,9686,2021-06-28 16:56:41,52.287136,05
1379,326,21.061893,9688,2021-06-28 16:56:44,52.361694,03
1380,118,21.036388,9689,2021-06-28 16:56:36,52.231937,4
1381,212,21.03826,9690,2021-06-28 16:56:42,52.263794,3
1382,326,20.969879,9692,2021-06-28 16:56:42,52.272137,01
1383,212,21.057171,9693,2021-06-28 16:56:39,52.301846,4
1384,152,20.972116,9695,2021-06-28 16:56:37,52.334724,1
1385,118,21.030697,9696,2021-06-28 16:56:37,52.299492,6
1386,118,21.01553,9697,2021-06-28 16:56:42,52.220665,3
1387,152,20.971996,9698,2021-06-28 16:56:42,52.334644,3
1388,525,21.160349,9802,2021-06-28 16:56:42,52.226028,1
1389,184,20.950972,9803,2021-06-28 16:56:37,52.229015,069
1390,127,21.030052,9804,2021-06-28 16:56:39,52.239967,56
1391,710,21.098026,9805,2021-06-28 16:56:42,52.129997,2
1392,525,21.097483,9807,2021-06-28 16:56:39,52.234901,319
1393,127,20.960997,9808,2021-06-28 16:56:43,52.216633,2
1394,109,21.017981,9809,2021-06-28 16:56:42,52.231274,07
1395,710,21.10537,9810,2021-06-28 16:56:37,52.077511,5
1396,719,20.586407,9812,2021-06-28 16:56:37,52.257595,3
1397,109,20.93158,9813,2021-06-28 16:39:15,52.240247,08
1398,Z10,20.914299,9814,2021-06-28 16:56:41,52.236259,2
1399,525,21.077044,9815,2021-06-28 16:56:44,52.233849,09
1400,742,21.068085,9816,2021-06-28 16:56:43,52.128948,1
1401,719,20.941551,9818,2021-06-28 16:56:40,52.239418,04
1402,719,20.598928,9819,2021-06-28 16:56:43,52.258919,1
1403,719,20.937712,9820,2021-06-28 16:56:43,52.239632,2
1404,710,21.077895,9821,2021-06-28 16:56:41,52.130371,1
1405,525,21.196646,9822,2021-06-28 16:56:42,52.208229,010
1406,184,20.964304,9823,2021-06-28 16:56:36,52.209618,010
1407,525,21.164489,9825,2021-06-28 16:06:46,52.217367,5
1408,525,21.061525,9826,2021-06-28 16:56:42,52.228336,7
1409,185,21.04414,9827,2021-06-28 16:56:44,52.22285,8
1410,525,21.012238,9829,2021-06-28 16:56:34,52.229252,6
1411,Z10,20.913675,9830,2021-06-28 16:56:37,52.252525,8
1412,710,21.075798,9831,2021-06-28 16:56:40,52.077942,3
1413,127,20.928246,9833,2021-06-28 16:56:40,52.203053,1
1414,525,21.017571,9834,2021-06-28 16:56:43,52.217346,4
1415,742,21.21694,9835,2021-06-28 16:56:42,51.98111,02
1416,525,21.155184,9836,2021-06-28 16:56:42,52.22604,3
1417,185,21.039782,9837,2021-06-28 16:56:37,52.232765,12
1418,525,21.196625,9838,2021-06-28 16:56:41,52.208302,2
1419,724,21.117041,9839,2021-06-28 16:56:39,52.095673,1
1420,127,21.009995,9840,2021-06-28 16:56:41,52.229313,6
1421,724,21.072144,9841,2021-06-28 16:56:40,52.085052,02
1422,127,20.93882,9843,2021-06-28 16:56:44,52.202782,7
1423,127,21.037418,9844,2021-06-28 16:56:34,52.232536,09
1424,127,20.997995,9845,2021-06-28 16:56:40,52.227016,3
1425,Z10,20.915058,9846,2021-06-28 16:56:41,52.229465,6
1426,Z10,20.915213,9847,2021-06-28 16:56:40,52.230453,4
1427,109,21.011297,9849,2021-06-28 16:56:43,52.229507,6
1428,109,21.044046,9851,2021-06-28 16:56:44,52.223034,5
1429,109,20.977167,9852,2021-06-28 16:56:38,52.229389,4
1430,109,20.936808,9853,2021-06-28 16:56:42,52.239677,1
1431,127,20.912832,9854,2021-06-28 16:56:41,52.206162,335
1432,186,20.978302,9901,2021-06-28 16:56:43,52.210514,1
1433,210,20.767403,9902,2021-06-28 16:56:42,52.307819,5
1434,140,21.093018,9903,2021-06-28 16:56:43,52.308208,04
1435,520,21.125795,9905,2021-06-28 16:56:42,52.232662,011
1436,520,21.065617,9906,2021-06-28 16:56:44,52.229187,3
1437,140,21.12026,9907,2021-06-28 16:56:43,52.34164,08
1438,140,21.110947,9908,2021-06-28 16:56:43,52.360821,09
1439,140,21.106012,9909,2021-06-28 16:56:40,52.323986,2
1440,719,20.821983,9912,2021-06-28 16:56:39,52.251534,05
1441,520,21.150484,9913,2021-06-28 16:56:41,52.238834,08
1442,520,21.014446,9914,2021-06-28 16:56:42,52.225819,09
1443,520,21.004597,9915,2021-06-28 16:56:41,52.245235,6
1444,520,21.015011,9916,2021-06-28 16:56:38,52.217506,4
1445,193,21.041029,9918,2021-06-28 16:56:42,52.170017,2
1446,193,21.036932,9919,2021-06-28 16:56:41,52.161938,3
1447,140,21.06786,9920,2021-06-28 16:56:42,52.277637,05
1448,140,21.062153,9921,2021-06-28 16:56:40,52.273296,06
1449,520,21.005732,9922,2021-06-28 16:56:41,52.238785,5
1450,193,21.041506,9923,2021-06-28 16:56:42,52.155457,4
1451,140,21.081732,9924,2021-06-28 16:56:39,52.294792,07
1452,193,20.995653,9926,2021-06-28 16:56:43,52.170143,1
1453,520,21.002125,9927,2021-06-28 16:56:42,52.243168,010
1454,140,21.052811,9928,2021-06-28 16:56:42,52.276791,3
1455,186,20.972643,9929,2021-06-28 16:56:42,52.205559,12
1456,193,21.026648,9930,2021-06-28 16:56:40,52.173355,5
1457,186,20.942188,9932,2021-06-28 16:56:40,52.334129,4
1458,520,21.138506,9933,2021-06-28 16:56:41,52.238602,2
1459,186,20.957457,9934,2021-06-28 16:56:41,52.246616,2
1460,520,21.124062,9935,2021-06-28 16:56:40,52.233185,1
1461,186,20.982933,9936,2021-06-28 16:56:41,52.308727,6
1462,520,21.092522,9937,2021-06-28 16:56:39,52.235455,7
1463,186,20.976158,9940,2021-06-28 16:56:39,52.314907,3
1464,186,20.969725,9941,2021-06-28 16:56:38,52.274776,8
1465,210,20.779779,9942,2021-06-28 16:56:42,52.302238,4
1466,109,20.898724,9943,2021-06-28 16:56:43,52.238487,2
1467,186,20.948759,9945,2021-06-28 16:56:39,52.256229,9
1468,210,20.89909,9946,2021-06-28 16:56:39,52.284096,3
1469,109,20.937014,9948,2021-06-28 16:56:42,52.239708,3
1470,210,20.863688,9949,2021-06-28 16:56:43,52.288883,1
1471,210,20.931059,9950,2021-06-28 16:53:54,52.290459,2
1472,186,20.943264,9951,2021-06-28 16:56:42,52.32304,5
1473,186,20.957876,9953,2021-06-28 16:56:41,52.22575,67
1474,140,21.134623,9954,2021-06-28 16:56:40,52.358887,1
1475,o97B,21.423098,9999,2021-06-28 14:27:55,50.302967,7
