,Lines,Lon,VehicleNumber,Time,Lat,Brigade
0,213,21.213255,1001,2021-06-28 18:43:54,52.161331,1
1,213,21.188786,1003,2021-06-28 18:43:57,52.149839,05
2,213,21.0926486,1004,2021-06-28 18:44:07,52.2254365,3
3,196,21.165922,1005,2021-06-28 18:44:01,52.2623761,2
4,196,21.176271,1008,2021-06-28 18:44:02,52.256771,03
5,213,21.156792,1009,2021-06-28 18:44:06,52.2139925,4
6,213,21.211375,1010,2021-06-28 18:44:00,52.182634,2
7,311,21.1023298,1012,2021-06-28 18:44:03,52.2224396,1
8,196,21.176391,1014,2021-06-28 18:44:03,52.262019,1
9,311,21.0742575,1015,2021-06-28 18:44:07,52.2516478,2
10,365,21.0043345,1021,2021-06-28 18:44:08,52.1780851,01
11,107,20.9778091,1023,2021-06-28 18:44:08,52.2440314,3
12,163,21.0557079,1025,2021-06-28 18:44:09,52.1817299,2
13,107,21.0459144,1026,2021-06-28 18:44:08,52.2188012,5
14,108,21.023893,1027,2021-06-28 18:44:08,52.179729,1
15,108,21.0745114,1028,2021-06-28 18:44:08,52.2064364,5
16,108,21.043612,1029,2021-06-28 18:44:10,52.175297,6
17,365,21.0239192,1031,2021-06-28 18:44:08,52.1798377,02
18,108,21.0231406,1033,2021-06-28 18:44:08,52.2288144,4
19,163,21.096401,1034,2021-06-28 18:44:09,52.186947,1
20,192,21.0245985,1037,2021-06-28 18:44:08,52.1792642,7
21,108,21.038489,1038,2021-06-28 18:43:56,52.216918,3
22,365,20.996719,1039,2021-06-28 18:44:09,52.175766,03
23,107,21.051214,1040,2021-06-28 18:43:56,52.19745,6
24,107,20.979355,1042,2021-06-28 18:44:03,52.2444983,2
25,107,21.020848,1043,2021-06-28 18:43:51,52.223758,07
26,107,21.013,1045,2021-06-28 18:44:03,52.235741,4
27,204,21.024925,1046,2021-06-28 18:44:04,52.2824183,05
28,204,21.03318,1047,2021-06-28 18:44:02,52.29771,1
29,204,21.060439,1048,2021-06-28 18:43:59,52.315031,04
30,228,20.92534,1050,2021-06-28 18:44:03,52.2080017,1
31,228,20.980771,1051,2021-06-28 18:43:52,52.189958,2
32,328,20.942644,1052,2021-06-28 18:43:57,52.203581,01
33,129,20.883031,1053,2021-06-28 18:44:01,52.195464,4
34,228,20.896031,1054,2021-06-28 18:43:51,52.20223,3
35,129,20.9179667,1055,2021-06-28 18:44:01,52.2320033,3
36,328,20.994703,1058,2021-06-28 18:44:07,52.150861,02
37,129,20.915555,1059,2021-06-28 18:43:52,52.228046,1
38,328,20.994587,1061,2021-06-28 18:44:08,52.151073,03
39,192,21.0663619,1062,2021-06-28 18:44:08,52.1312814,51
40,192,21.017921,1064,2021-06-28 18:44:09,52.154362,2
41,163,21.053724,1065,2021-06-28 18:44:07,52.18029,04
42,107,20.999598,1066,2021-06-28 18:44:08,52.24614,1
43,163,21.0839054,1068,2021-06-28 18:44:08,52.1678067,3
44,192,21.0683557,1069,2021-06-28 18:44:09,52.1293767,4
45,163,21.106329,1070,2021-06-28 18:44:09,52.17704,05
46,192,21.044617,1074,2021-06-28 18:44:09,52.149418,6
47,108,21.0816617,1076,2021-06-28 18:44:09,52.1865187,2
48,192,21.056585,1077,2021-06-28 18:44:09,52.139675,3
49,192,21.023901,1079,2021-06-28 18:44:09,52.179996,1
50,736,20.9231496,1101,2021-06-28 18:44:05,52.3980866,02
51,132,21.0682278,1109,2021-06-28 18:44:06,52.3238195,2
52,303,20.9514151,1112,2021-06-28 18:43:54,52.2700713,3
53,147,21.1109001,1113,2021-06-28 18:43:59,52.2070196,06
54,152,20.952461,1114,2021-06-28 18:43:58,52.316956,06
55,166,21.0681418,1115,2021-06-28 18:44:02,52.1292223,09
56,132,21.0500323,1116,2021-06-28 18:44:05,52.3039113,3
57,122,20.9237348,1117,2021-06-28 18:44:06,52.2518278,09
58,197,20.9413033,1118,2021-06-28 18:44:01,52.2327915,7
59,126,21.0120951,1119,2021-06-28 18:44:03,52.3202161,3
60,168,21.0937234,1200,2021-06-28 18:44:06,52.2271289,2
61,119,21.205515,1202,2021-06-28 18:44:08,52.209965,1
62,178,20.883484,1203,2021-06-28 18:35:29,52.195404,2
63,178,21.00428,1204,2021-06-28 18:44:08,52.255421,5
64,168,21.062759,1205,2021-06-28 18:44:10,52.206364,6
65,166,21.041223,1206,2021-06-28 18:44:07,52.170906,1
66,166,21.0499824,1208,2021-06-28 18:44:08,52.2377314,5
67,222,21.0143021,1211,2021-06-28 18:44:09,52.1932151,4
68,174,21.0022246,1212,2021-06-28 18:44:09,52.2267545,371
69,174,21.013203,1213,2021-06-28 18:44:09,52.197269,3
70,218,21.012835,1214,2021-06-28 18:44:07,52.189133,5
71,166,21.058401,1216,2021-06-28 18:44:08,52.150928,7
72,168,21.0128234,1218,2021-06-28 18:44:07,52.208445,5
73,119,21.049435,1220,2021-06-28 18:44:09,52.195412,5
74,122,20.9349076,1400,2021-06-28 18:44:07,52.271154,012
75,121,21.0445643,1401,2021-06-28 18:43:46,52.2648736,04
76,134,21.047618,1403,2021-06-28 18:43:52,52.339911,1
77,110,20.912598,1407,2021-06-28 18:44:04,52.2834831,05
78,240,21.008963,1408,2021-06-28 18:43:49,52.292205,4
79,173,21.253674,1411,2021-06-28 18:44:04,52.249119,5
80,117,21.102577,1412,2021-06-28 18:44:08,52.222122,1
81,702,21.087795,1413,2021-06-28 18:44:08,52.244644,2
82,168,21.112679,1415,2021-06-28 18:44:07,52.236324,1
83,202,21.0484971,1416,2021-06-28 18:44:09,52.2477592,04
84,183,21.191743,1418,2021-06-28 18:44:08,52.2386707,6
85,147,21.1805297,1419,2021-06-28 18:44:09,52.2069784,2
86,199,21.0534,1422,2021-06-28 18:44:08,52.276112,4
87,198,21.2237609,1423,2021-06-28 18:44:03,52.2538121,05
88,173,21.15694,1424,2021-06-28 18:44:08,52.240055,6
89,115,21.1706489,1425,2021-06-28 18:44:08,52.2769227,4
90,173,21.056927,1426,2021-06-28 18:44:07,52.249969,8
91,147,21.060854,1427,2021-06-28 18:44:08,52.232208,4
92,146,21.1663321,1428,2021-06-28 18:44:09,52.1619909,2
93,142,21.14477,1430,2021-06-28 18:44:06,52.226109,06
94,L41,20.757591,14422,2021-06-28 18:44:03,52.41473,1
95,L11,20.723122,14424,2021-06-28 18:30:17,52.424423,1
96,L10,20.950909,14425,2021-06-28 18:44:03,52.452499,50
97,L-8,20.945215,14426,2021-06-28 14:51:54,52.437912,1
98,L41,20.933367,14427,2021-06-28 18:44:09,52.374321,02
99,L11,20.902367,14429,2021-06-28 18:44:03,52.462147,57
100,L34,20.935467,14430,2021-06-28 18:44:05,52.39817,2
101,L34,20.847103,14431,2021-06-28 18:44:02,52.443069,1
102,L11,20.943808,14432,2021-06-28 18:44:06,52.399258,51
103,L-8,21.062809,14434,2021-06-28 18:44:10,52.419235,02
104,L-8,20.922935,14435,2021-06-28 18:44:04,52.398144,1
105,L49,20.906054,14436,2021-06-28 18:44:11,52.382916,1
106,L31,21.034904,14438,2021-06-28 18:44:08,52.420353,1
107,L-9,20.945366,14439,2021-06-28 18:42:27,52.438046,054
108,L-9,20.935795,14440,2021-06-28 18:44:06,52.393196,055
109,134,20.968135,1500,2021-06-28 18:44:03,52.271765,04
110,134,20.9893963,1501,2021-06-28 18:44:08,52.2847743,3
111,110,20.8807158,1502,2021-06-28 18:44:07,52.286723,2
112,240,21.001471,1505,2021-06-28 18:43:51,52.290186,06
113,132,21.0491331,1506,2021-06-28 18:44:02,52.3230261,07
114,134,21.0201435,1507,2021-06-28 18:44:02,52.2957501,2
115,126,21.0006666,1508,2021-06-28 18:44:05,52.3159096,5
116,132,21.023446,1509,2021-06-28 18:43:54,52.297271,05
117,166,21.0320246,1510,2021-06-28 18:44:06,52.2056511,6
118,126,20.9420093,1513,2021-06-28 18:43:57,52.334154,4
119,197,20.940548,1514,2021-06-28 18:43:56,52.261311,6
120,197,20.8873611,1515,2021-06-28 18:43:59,52.2163823,8
121,121,20.9252411,1516,2021-06-28 18:44:04,52.2724735,1
122,173,21.052998,1519,2021-06-28 18:44:02,52.250354,10
123,202,21.048383,1521,2021-06-28 18:43:57,52.247418,07
124,202,21.078108,1522,2021-06-28 18:44:00,52.250438,3
125,146,21.052581,1523,2021-06-28 18:43:59,52.250361,08
126,730,21.261535,1524,2021-06-28 18:43:58,52.207925,052
127,119,20.999965,1525,2021-06-28 18:43:57,52.2041,06
128,147,21.043836,1526,2021-06-28 18:44:00,52.248488,09
129,198,21.243193,1528,2021-06-28 18:44:00,52.221703,3
130,702,21.249894,1530,2021-06-28 18:43:56,52.099676,03
131,198,21.228429,1531,2021-06-28 18:44:03,52.216581,2
132,115,21.1491783,1533,2021-06-28 18:44:03,52.2385367,2
133,142,21.132721,1534,2021-06-28 18:43:55,52.215206,07
134,198,21.223404,1535,2021-06-28 18:43:49,52.253831,1
135,106,20.980023,1537,2021-06-28 18:44:03,52.232928,4
136,170,21.02184,1538,2021-06-28 18:43:51,52.262479,4
137,120,21.040079,1539,2021-06-28 18:44:03,52.25712,1
138,199,21.114291,1540,2021-06-28 18:43:53,52.293525,1
139,156,20.951175,1541,2021-06-28 18:44:02,52.2812567,1
140,170,21.0264467,1542,2021-06-28 18:43:58,52.2598817,1
141,156,21.052063,1543,2021-06-28 18:44:07,52.252983,3
142,338,21.0483933,1544,2021-06-28 18:44:02,52.255145,01
143,122,20.898801,1546,2021-06-28 18:44:04,52.238573,013
144,338,21.0340467,1548,2021-06-28 18:44:09,52.25515,04
145,199,21.179631,1549,2021-06-28 18:44:01,52.269125,2
146,170,21.054621,1550,2021-06-28 18:44:08,52.262054,3
147,240,21.0628083,1551,2021-06-28 18:44:10,52.3105417,3
148,221,20.9941183,1552,2021-06-28 18:43:54,52.2594667,2
149,106,20.966261,1554,2021-06-28 18:44:04,52.243346,06
150,L-4,21.016438,17451,2021-06-28 18:44:05,52.098824,1
151,L37,21.265661,17453,2021-06-28 18:44:07,52.341629,1
152,L40,21.152872,17454,2021-06-28 18:44:04,52.36031,1
153,L36,21.224562,17456,2021-06-28 18:44:11,52.363197,1
154,L35,21.294441,17458,2021-06-28 18:44:03,52.3601,1
155,L26,21.21788,17460,2021-06-28 18:44:09,52.332626,1
156,L46,21.160257,17461,2021-06-28 18:43:47,52.303265,1
157,L43,21.085245,17462,2021-06-28 18:44:05,52.305058,1
158,L45,21.166933,17465,2021-06-28 18:44:10,52.361675,1
159,L38,21.221627,17466,2021-06-28 18:44:04,52.34538,1
160,L37,21.217886,17467,2021-06-28 18:26:51,52.31123,2
161,L40,21.245564,17468,2021-06-28 18:44:10,52.351109,02
162,197,20.9757211,1800,2021-06-28 18:44:02,52.2869686,4
163,110,20.9684656,1801,2021-06-28 18:44:05,52.2721008,4
164,132,20.9682241,1802,2021-06-28 18:44:06,52.2718825,1
165,166,21.0580066,1803,2021-06-28 18:44:06,52.1400036,8
166,122,20.9241115,1804,2021-06-28 18:44:04,52.254781,5
167,173,21.2190138,1805,2021-06-28 18:43:59,52.217815,4
168,204,21.0231731,1806,2021-06-28 18:44:03,52.2771618,3
169,122,20.986333,1807,2021-06-28 18:43:46,52.2795276,4
170,303,20.9716236,1808,2021-06-28 18:44:02,52.264458,1
171,147,21.0753926,1809,2021-06-28 18:44:06,52.2257883,1
172,166,21.0380618,1810,2021-06-28 18:44:00,52.2328788,2
173,152,21.043346,1811,2021-06-28 10:10:53,52.266126,06
174,204,21.0486573,1812,2021-06-28 18:44:05,52.325193,2
175,736,21.0007856,1813,2021-06-28 18:44:04,52.2913426,1
176,147,21.243068,1814,2021-06-28 18:43:52,52.219231,07
177,240,21.118929,1815,2021-06-28 18:44:08,52.3382621,2
178,197,20.862555,1817,2021-06-28 18:44:01,52.1902233,9
179,240,21.1133978,1818,2021-06-28 18:44:05,52.3333731,05
180,221,20.9686955,1819,2021-06-28 18:44:08,52.2574366,1
181,117,21.1135143,1823,2021-06-28 18:44:01,52.22768,05
182,146,21.0499775,1826,2021-06-28 18:44:05,52.2379698,4
183,183,21.0871355,1828,2021-06-28 18:44:03,52.2446615,3
184,147,21.0522516,1829,2021-06-28 18:44:03,52.2502443,5
185,722,21.1046081,1830,2021-06-28 18:44:11,52.241741,1
186,147,21.1169918,1832,2021-06-28 09:25:20,52.2330478,09
187,146,21.1570751,1833,2021-06-28 18:44:00,52.1686815,5
188,202,21.116848,1834,2021-06-28 09:35:30,52.233074,04
189,115,21.1702278,1835,2021-06-28 18:44:01,52.2770505,3
190,168,21.0308405,1837,2021-06-28 18:44:04,52.2067955,07
191,183,21.1570818,1839,2021-06-28 18:43:51,52.255673,1
192,202,21.087688,1840,2021-06-28 18:44:01,52.2501353,05
193,146,21.101501,1842,2021-06-28 18:43:51,52.21464,07
194,183,21.10332,1843,2021-06-28 18:44:03,52.242053,2
195,119,21.0471046,1844,2021-06-28 18:44:01,52.196713,3
196,115,21.153984,1846,2021-06-28 18:43:50,52.239528,5
197,730,21.2611723,1847,2021-06-28 18:44:05,52.2107636,61
198,119,21.0072423,1848,2021-06-28 18:44:03,52.2102721,4
199,173,21.0527213,1849,2021-06-28 18:44:06,52.250298,9
200,183,21.0962761,1850,2021-06-28 18:44:06,52.2436838,4
201,173,21.131225,1851,2021-06-28 18:43:58,52.23839,1
202,722,21.2683703,1854,2021-06-28 18:44:07,52.0994135,53
203,147,21.1728701,1855,2021-06-28 18:43:58,52.205755,3
204,146,21.2044711,1856,2021-06-28 18:44:06,52.1594853,1
205,117,21.0656498,1857,2021-06-28 18:44:07,52.2243268,2
206,115,21.2263611,1858,2021-06-28 18:44:07,52.1712236,1
207,146,21.0879411,1859,2021-06-28 18:44:07,52.220413,09
208,115,21.2157446,1860,2021-06-28 18:44:05,52.1602848,6
209,119,21.133444,1862,2021-06-28 18:44:09,52.2100475,2
210,173,21.2431851,1863,2021-06-28 18:43:58,52.2225401,3
211,146,21.045844,1866,2021-06-28 18:44:01,52.2354881,3
212,183,21.1570583,1867,2021-06-28 18:44:03,52.2562628,5
213,147,21.0519818,1869,2021-06-28 18:44:03,52.2476058,08
214,139,21.027157,1901,2021-06-28 18:44:04,52.1783919,53
215,251,21.0240126,1903,2021-06-28 18:43:53,52.1795388,53
216,168,21.1131428,1904,2021-06-28 18:44:07,52.2334189,09
217,739,21.009016,1905,2021-06-28 18:44:02,52.1890512,07
218,251,21.1231106,1907,2021-06-28 18:43:56,52.0895229,54
219,178,20.9953009,1908,2021-06-28 18:44:04,52.1870389,012
220,222,21.0219653,1909,2021-06-28 18:44:00,52.2083004,2
221,222,21.0181791,1910,2021-06-28 18:43:58,52.2360507,5
222,251,21.023674,1911,2021-06-28 18:44:08,52.179672,56
223,222,21.005047,1912,2021-06-28 18:44:09,52.244705,6
224,251,21.074696,1914,2021-06-28 18:44:08,52.168419,51
225,222,20.995878,1916,2021-06-28 18:44:09,52.193542,3
226,139,21.092995,1917,2021-06-28 18:44:09,52.1047646,52
227,739,21.02976,1918,2021-06-28 18:44:08,52.096825,08
228,251,21.097666,1919,2021-06-28 18:44:08,52.140354,55
229,222,21.017294,1920,2021-06-28 18:44:08,52.239281,1
230,178,20.8966917,1991,2021-06-28 18:44:09,52.1872206,010
231,178,20.960377,1993,2021-06-28 18:44:08,52.215893,1
232,168,20.9962839,1994,2021-06-28 18:44:09,52.1860237,08
233,178,20.876245,1995,2021-06-28 18:44:06,52.188972,3
234,178,21.0097416,1996,2021-06-28 18:44:10,52.2472654,6
235,178,20.9597515,1998,2021-06-28 18:44:07,52.2282699,4
236,178,20.9961392,1999,2021-06-28 18:44:09,52.1888361,013
237,105,20.898808,2001,2021-06-28 18:44:08,52.238834,1
238,136,20.989614,2003,2021-06-28 18:44:08,52.189075,6
239,Z10,20.916534,2006,2021-06-28 18:44:08,52.22076,3
240,188,20.921663,2007,2021-06-28 18:44:08,52.196819,09
241,517,20.970942,2008,2021-06-28 18:44:09,52.219509,07
242,191,20.9221367,2009,2021-06-28 18:44:06,52.2043206,3
243,184,20.957474,2010,2021-06-28 18:44:07,52.227581,4
244,124,20.920521,2011,2021-06-28 18:44:08,52.196671,03
245,401,20.8617249,2013,2021-06-28 18:44:07,52.1905584,1
246,182,21.062552,2014,2021-06-28 18:44:09,52.228664,012
247,171,20.9947672,2015,2021-06-28 18:44:06,52.2421889,1
248,401,20.999357,2016,2021-06-28 18:44:03,52.178753,011
249,190,20.899616,2019,2021-06-28 18:44:09,52.239029,014
250,191,20.9189954,2020,2021-06-28 18:44:09,52.2050211,7
251,401,21.0186437,2021,2021-06-28 18:44:09,52.1864504,5
252,522,21.015522,2022,2021-06-28 18:44:08,52.21822,013
253,193,21.0378582,2023,2021-06-28 18:44:09,52.1731499,06
254,189,20.8987567,2024,2021-06-28 18:44:08,52.2386845,14
255,401,20.862043,2026,2021-06-28 18:44:06,52.190346,8
256,522,21.047417,2027,2021-06-28 18:44:08,52.189972,318
257,519,21.091152,2028,2021-06-28 18:44:08,52.15321,3
258,501,21.0554014,2029,2021-06-28 18:44:08,52.1824797,3
259,189,21.044411,2030,2021-06-28 18:44:09,52.174843,9
260,131,21.0119724,2032,2021-06-28 18:44:09,52.2295027,10
261,522,21.04476,2033,2021-06-28 18:44:10,52.192066,07
262,189,20.9171084,2035,2021-06-28 18:44:09,52.1989822,12
263,519,21.05228,2036,2021-06-28 18:44:08,52.1848739,5
264,501,21.052374,2037,2021-06-28 18:44:09,52.179649,5
265,138,21.1008359,2038,2021-06-28 18:44:08,52.260625,010
266,501,21.0150864,2040,2021-06-28 18:44:09,52.2245527,2
267,189,21.056753,2041,2021-06-28 18:44:10,52.182285,8
268,138,21.001717,2042,2021-06-28 18:44:08,52.18993,012
269,401,21.0187741,2044,2021-06-28 18:44:09,52.1736224,012
270,172,21.0688,2045,2021-06-28 18:44:08,52.181576,010
271,172,21.045036,2200,2021-06-28 18:44:08,52.19175,4
272,523,20.957554,2201,2021-06-28 18:44:06,52.227551,14
273,187,20.9816964,2202,2021-06-28 18:44:08,52.2161982,3
274,136,21.031902,2203,2021-06-28 18:44:07,52.1499885,1
275,Z10,20.9157967,2204,2021-06-28 18:44:06,52.2540859,010
276,171,21.022726,2205,2021-06-28 18:44:07,52.229362,011
277,189,20.997189,2207,2021-06-28 18:44:08,52.179192,10
278,190,21.0793731,2209,2021-06-28 18:44:09,52.2916809,8
279,172,21.0625896,2210,2021-06-28 18:44:08,52.1861179,2
280,122,20.8979355,2212,2021-06-28 18:44:07,52.25555,6
281,122,20.9674712,2213,2021-06-28 18:44:09,52.2613992,07
282,136,21.002386,2215,2021-06-28 18:44:07,52.180626,11
283,190,20.9213387,2216,2021-06-28 18:11:23,52.197379,018
284,401,20.964157,2217,2021-06-28 18:44:08,52.188148,09
285,Z10,20.9249547,2218,2021-06-28 18:44:09,52.2608645,5
286,148,21.0223934,2221,2021-06-28 18:44:08,52.1518459,8
287,523,20.9736736,2222,2021-06-28 18:44:07,52.2189305,1
288,191,20.983906,2223,2021-06-28 18:44:09,52.218143,9
289,189,20.9269572,2224,2021-06-28 18:44:08,52.1961956,2
290,191,20.870468,2225,2021-06-28 18:44:07,52.183483,5
291,517,20.965883,2226,2021-06-28 18:44:08,52.218067,3
292,136,20.9843732,2231,2021-06-28 18:44:08,52.1993082,013
293,189,20.957401,2232,2021-06-28 18:44:07,52.190262,11
294,317,21.038212,2233,2021-06-28 18:44:08,52.172939,08
295,Z10,20.9136184,2235,2021-06-28 18:44:08,52.2373807,011
296,317,20.947884,2236,2021-06-28 18:44:09,52.1801292,4
297,187,20.9342654,2240,2021-06-28 18:44:09,52.2001277,2
298,136,20.9655259,2241,2021-06-28 18:44:09,52.2381024,9
299,191,20.9811509,2243,2021-06-28 18:44:08,52.2161789,1
300,171,20.932831,2244,2021-06-28 18:44:09,52.271145,4
301,Z10,20.915332,2245,2021-06-28 18:44:08,52.2298649,9
302,717,20.885006,2247,2021-06-28 18:44:06,52.181015,3
303,317,21.001972,2249,2021-06-28 18:44:07,52.178276,06
304,189,21.0321092,2252,2021-06-28 18:44:08,52.1734474,4
305,112,20.9105444,2253,2021-06-28 18:44:08,52.2286887,2
306,191,20.901911,2254,2021-06-28 18:44:08,52.194168,010
307,141,21.0838744,2256,2021-06-28 18:44:08,52.2430341,013
308,172,20.9555,2257,2021-06-28 18:44:08,52.212059,7
309,317,21.0843331,2258,2021-06-28 18:44:09,52.1679099,1
310,187,21.047644,2259,2021-06-28 18:44:07,52.210823,4
311,L48,21.303106,23481,2021-06-28 04:38:21,52.203297,1
312,L47,21.297924,23482,2021-06-28 18:44:09,52.241562,02
313,L47,21.300907,23483,2021-06-28 18:44:10,52.252312,1
314,L20,21.376509,24511,2021-06-28 18:44:09,52.114094,1
315,L20,21.471601,24512,2021-06-28 13:52:17,52.132278,1
316,L20,21.29727,24513,2021-06-28 18:44:08,52.103085,03
317,L20,21.471657,24515,2021-06-28 17:31:13,52.132061,2
318,245,21.089713,3400,2021-06-28 18:43:55,52.286419,2
319,112,20.912478,3401,2021-06-28 18:44:02,52.241311,018
320,412,21.061291,3403,2021-06-28 18:44:04,52.3076436,01
321,112,21.0421353,3404,2021-06-28 18:44:05,52.2955505,7
322,412,21.036415,3405,2021-06-28 18:44:00,52.255454,05
323,500,21.0365998,3406,2021-06-28 18:44:04,52.2679961,08
324,500,20.9818613,3408,2021-06-28 18:44:04,52.2532475,2
325,160,21.0025528,3409,2021-06-28 18:44:03,52.2291678,013
326,245,21.1310745,3410,2021-06-28 18:44:06,52.2807853,05
327,114,21.041585,3411,2021-06-28 18:44:05,52.292009,011
328,500,21.0424451,3413,2021-06-28 18:44:03,52.2852506,1
329,190,21.0468011,3414,2021-06-28 18:38:08,52.2647838,027
330,114,20.9391165,3415,2021-06-28 18:44:05,52.300587,09
331,114,21.0414983,3416,2021-06-28 18:44:08,52.2917031,010
332,738,21.1814285,3417,2021-06-28 18:44:06,52.417239,3
333,738,21.122671,3418,2021-06-28 18:43:51,52.344329,4
334,190,21.0470201,3421,2021-06-28 18:44:08,52.2636786,021
335,500,21.019555,3422,2021-06-28 18:44:04,52.263575,4
336,185,21.0492933,3423,2021-06-28 18:44:05,52.1540266,10
337,512,21.0492766,3424,2021-06-28 18:44:06,52.2609011,2
338,512,21.0521621,3426,2021-06-28 18:43:56,52.2529296,3
339,169,21.047923,3427,2021-06-28 18:43:51,52.285881,2
340,185,21.0210746,3428,2021-06-28 18:44:04,52.246716,7
341,500,21.04164,3429,2021-06-28 18:44:09,52.3002966,6
342,169,21.0517181,3430,2021-06-28 18:44:05,52.2529375,3
343,112,20.896011,3431,2021-06-28 18:44:07,52.216875,3
344,Z26,21.007416,3432,2021-06-28 18:44:04,52.2461145,1
345,Z26,21.035283,3434,2021-06-28 18:43:56,52.255968,6
346,175,21.0193005,3435,2021-06-28 18:44:05,52.2333171,55
347,509,20.9855938,3437,2021-06-28 18:44:02,52.30605,5
348,132,21.0796485,3438,2021-06-28 18:44:07,52.3225481,06
349,738,21.052845,3439,2021-06-28 18:43:48,52.276596,1
350,414,20.963616,3440,2021-06-28 18:44:02,52.207981,07
351,512,21.0474531,3441,2021-06-28 18:44:06,52.2603206,5
352,500,21.0419831,3442,2021-06-28 18:44:06,52.3003841,7
353,509,21.0289523,3443,2021-06-28 18:43:59,52.256607,11
354,245,21.0479963,3444,2021-06-28 18:44:05,52.26316,04
355,145,21.0881933,3445,2021-06-28 18:44:09,52.24478,8
356,509,21.1020958,3446,2021-06-28 18:44:01,52.2220431,14
357,162,21.0486561,3447,2021-06-28 18:44:02,52.2058641,6
358,190,20.8987856,3448,2021-06-28 18:44:07,52.2389351,2
359,112,21.0852191,3449,2021-06-28 18:44:04,52.307661,9
360,112,20.9524075,3450,2021-06-28 18:44:05,52.2764111,12
361,114,21.043474,3451,2021-06-28 09:14:51,52.2654126,09
362,145,21.0470301,3452,2021-06-28 18:44:07,52.2637228,015
363,527,21.0681183,3453,2021-06-28 18:44:07,52.3235495,2
364,190,20.91513,3454,2021-06-28 18:44:06,52.230898,1
365,145,21.0759816,3455,2021-06-28 18:44:02,52.2867615,5
366,509,20.9540123,3458,2021-06-28 18:44:04,52.3177185,355
367,245,21.0527693,3459,2021-06-28 18:44:05,52.2764915,1
368,190,21.0595068,3460,2021-06-28 18:44:02,52.267779,022
369,114,20.92716,3462,2021-06-28 18:43:52,52.283715,2
370,190,20.9933988,3463,2021-06-28 18:44:02,52.241851,6
371,500,21.0405425,3464,2021-06-28 18:44:08,52.2875243,5
372,114,20.9878081,3465,2021-06-28 18:44:02,52.2840435,6
373,112,20.9131663,3466,2021-06-28 18:44:03,52.2518121,1
374,245,21.083745,3468,2021-06-28 18:44:05,52.286508,03
375,114,21.0417383,3469,2021-06-28 18:44:05,52.3001693,7
376,L19,21.039736,36443,2021-06-28 18:44:09,52.009434,1
377,L17,21.008102,36444,2021-06-28 18:44:06,52.056702,1
378,L30,21.199753,36446,2021-06-28 18:43:59,51.939182,1
379,L28,21.124567,36447,2021-06-28 18:44:06,52.025085,1
380,L30,21.130491,36448,2021-06-28 18:18:01,51.968395,02
381,L42,21.131821,37531,2021-06-28 18:44:08,52.080227,52
382,L21,21.217506,37533,2021-06-28 18:44:09,51.981079,1
383,L16,21.097044,37534,2021-06-28 18:44:07,52.055367,1
384,L14,21.13168,37535,2021-06-28 18:44:08,52.108936,1
385,L15,21.115963,37536,2021-06-28 18:44:09,52.102566,51
386,L39,21.016132,38541,2021-06-28 18:44:06,52.068287,4
387,L39,21.028904,38545,2021-06-28 18:44:04,52.09737,3
388,L32,20.985106,38546,2021-06-28 18:44:09,52.003937,1
389,L39,21.004555,38547,2021-06-28 05:46:58,52.110222,1
390,L39,21.008158,38548,2021-06-28 18:44:09,52.110439,2
391,L23,21.020149,38549,2021-06-28 18:44:08,52.065891,51
392,L52,21.05171,38550,2021-06-28 18:44:05,52.082836,1
393,L12,21.029472,39551,2021-06-28 18:44:04,52.074692,062
394,L-2,20.995264,39552,2021-06-28 18:44:08,52.050819,063
395,L25,21.218864,39554,2021-06-28 18:44:05,51.98164,02
396,L25,21.025736,39555,2021-06-28 18:44:08,52.077805,1
397,L12,20.931395,39556,2021-06-28 18:44:06,52.037159,061
398,L-2,20.959282,39557,2021-06-28 18:44:05,52.029167,64
399,L-2,21.029457,39558,2021-06-28 18:44:10,52.074894,65
400,L13,21.040531,39560,2021-06-28 18:44:08,52.026592,1
401,L13,21.028683,39561,2021-06-28 18:44:07,52.075932,03
402,L13,21.079067,39562,2021-06-28 18:44:08,52.040596,2
403,L-5,21.020636,39565,2021-06-28 18:44:07,52.065994,1
404,255,20.931015,4200,2021-06-28 18:44:06,52.225338,2
405,703,20.9192822,4202,2021-06-28 18:44:08,52.1532342,52
406,197,20.939608,4205,2021-06-28 18:44:08,52.235569,2
407,902,20.9223249,4206,2021-06-28 16:30:27,52.1964574,M1
408,255,20.9402797,4207,2021-06-28 18:44:08,52.22327,03
409,154,20.89842,4209,2021-06-28 18:44:07,52.258423,4
410,178,20.980576,4210,2021-06-28 18:44:09,52.2295,011
411,154,20.898214,4211,2021-06-28 18:44:09,52.258198,010
412,711,20.9430806,4212,2021-06-28 18:44:09,52.1746315,063
413,154,20.969521,4213,2021-06-28 18:44:08,52.194149,1
414,154,20.9438487,4214,2021-06-28 18:44:08,52.1752615,8
415,711,20.8042777,4215,2021-06-28 18:44:09,52.1178464,061
416,122,20.97664,4216,2021-06-28 18:44:08,52.2899077,3
417,197,20.932981,4217,2021-06-28 18:44:06,52.257717,3
418,197,20.881579,4218,2021-06-28 18:44:09,52.216629,1
419,255,20.981338,4219,2021-06-28 18:44:07,52.229687,1
420,197,20.8625537,4221,2021-06-28 18:44:09,52.1903111,10
421,129,20.9393657,4224,2021-06-28 18:44:08,52.2459157,2
422,121,20.9389574,4225,2021-06-28 18:44:08,52.292756,03
423,197,20.976368,4227,2021-06-28 18:44:09,52.288086,5
424,154,20.958031,4228,2021-06-28 18:44:08,52.224514,6
425,902,21.0433201,4229,2021-06-28 18:44:08,52.2462214,M2
426,154,20.964165,4230,2021-06-28 18:44:07,52.196655,7
427,178,20.906366,4231,2021-06-28 18:44:08,52.189899,9
428,178,20.895954,4232,2021-06-28 18:44:08,52.185635,7
429,714,20.950317,4233,2021-06-28 18:44:08,52.238617,3
430,729,20.795511,4234,2021-06-28 18:44:09,52.262337,02
431,714,20.8384805,4235,2021-06-28 18:44:08,52.2562545,2
432,L-3,21.019768,42362,2021-06-28 18:44:06,52.081139,02
433,154,20.9427286,4237,2021-06-28 18:44:07,52.2389159,5
434,154,20.942066,4238,2021-06-28 18:44:09,52.230164,3
435,178,20.913467,4239,2021-06-28 18:44:09,52.1991,8
436,154,20.9511705,4240,2021-06-28 18:44:08,52.1826855,011
437,714,20.950115,4241,2021-06-28 18:44:08,52.238594,04
438,154,20.9702339,4242,2021-06-28 18:44:08,52.2157847,2
439,154,20.896797,4243,2021-06-28 18:44:08,52.241329,09
440,901,20.9198046,4244,2021-06-28 18:44:08,52.1973989,1
441,901,20.999203,4246,2021-06-28 18:44:09,52.231541,3
442,714,20.875479,4247,2021-06-28 18:44:10,52.248726,1
443,729,20.847401,4248,2021-06-28 18:44:10,52.247868,1
444,121,20.973667,4249,2021-06-28 18:44:06,52.272068,2
445,L-1,20.90966,42494,2021-06-28 18:44:08,52.143333,1
446,L-4,21.0165,42495,2021-06-28 06:12:56,52.098907,2
447,L-3,20.834269,42500,2021-06-28 18:39:11,52.031113,1
448,146,21.2046581,4303,2021-06-28 18:44:08,52.1594735,06
449,119,21.1328799,4304,2021-06-28 18:44:10,52.213722,07
450,117,21.0552675,4305,2021-06-28 18:44:10,52.2323435,4
451,147,21.1048957,4307,2021-06-28 18:44:10,52.211796,010
452,142,21.0882219,4308,2021-06-28 18:44:10,52.2446252,08
453,702,21.2460225,4312,2021-06-28 18:44:10,52.1063094,1
454,105,16.9750897,4332,2021-06-26 13:35:37,52.5472771,4
455,N72,16.9763326,4333,2021-06-28 15:21:54,52.5456077,215
456,240,21.0555287,4400,2021-06-28 18:44:09,52.2972142,1
457,132,20.967377,4401,2021-06-28 18:44:08,52.271145,09
458,126,21.0547094,4402,2021-06-28 18:44:08,52.296197,2
459,120,21.051926,4403,2021-06-28 18:44:07,52.292301,5
460,166,21.027033,4404,2021-06-28 18:44:08,52.260048,3
461,156,21.0639279,4406,2021-06-28 18:44:08,52.2731862,2
462,122,20.9814369,4407,2021-06-28 18:44:07,52.2746734,010
463,134,21.054653,4408,2021-06-28 18:44:06,52.348656,05
464,106,20.995649,4409,2021-06-28 18:44:10,52.235798,1
465,199,21.124374,4411,2021-06-28 18:44:08,52.279114,3
466,173,21.2231719,4413,2021-06-28 18:44:09,52.2464647,2
467,106,21.020576,4415,2021-06-28 18:44:09,52.243198,2
468,106,21.027277,4416,2021-06-28 18:44:06,52.239304,07
469,170,21.0807142,4417,2021-06-28 18:44:08,52.2775779,2
470,106,21.021349,4418,2021-06-28 18:44:10,52.242123,3
471,120,21.051014,4419,2021-06-28 18:44:08,52.2525197,7
472,901,21.0350377,4420,2021-06-28 18:44:08,52.2239422,4
473,126,21.052076,4421,2021-06-28 18:44:08,52.292797,1
474,338,21.1007856,4422,2021-06-28 18:44:08,52.2606371,02
475,106,20.966127,4423,2021-06-28 18:44:02,52.233185,5
476,901,21.0065559,4424,2021-06-28 18:44:09,52.2382227,2
477,156,20.927999,4425,2021-06-28 18:44:05,52.29081,5
478,166,21.027172,4427,2021-06-28 18:44:07,52.259918,4
479,156,21.022205,4428,2021-06-28 18:44:08,52.286018,4
480,303,20.9001954,4429,2021-06-28 18:44:08,52.2973701,2
481,106,21.011906,4430,2021-06-28 18:44:07,52.239777,08
482,338,21.092848,4434,2021-06-28 18:44:08,52.264427,03
483,122,20.8980123,5200,2021-06-28 18:44:07,52.2478212,08
484,171,21.0444716,5201,2021-06-28 18:44:08,52.2217552,8
485,517,20.9517186,5202,2021-06-28 18:44:07,52.2118528,09
486,523,20.898046,5203,2021-06-28 18:43:49,52.258271,020
487,401,20.918949,5204,2021-06-28 18:44:05,52.19729,013
488,105,20.9277647,5205,2021-06-28 18:44:09,52.222879,5
489,131,21.0494927,5206,2021-06-28 18:44:03,52.2042813,2
490,182,20.921894,5207,2021-06-28 18:44:08,52.196886,011
491,517,20.9100083,5208,2021-06-28 18:44:02,52.1949087,2
492,184,20.940803,5210,2021-06-28 18:43:55,52.2847,2
493,105,20.899088,5211,2021-06-28 18:43:49,52.238713,09
494,523,21.0197229,5212,2021-06-28 18:43:58,52.2181204,015
495,Z10,20.929763,5213,2021-06-28 18:43:59,52.223463,1
496,184,20.9274207,5214,2021-06-28 18:44:00,52.2909974,1
497,523,21.0642272,5215,2021-06-28 18:44:06,52.2287827,7
498,131,21.0175964,5216,2021-06-28 18:44:01,52.2130005,8
499,189,20.9220571,5217,2021-06-28 16:49:01,52.1957361,11
500,122,20.9764398,5218,2021-06-28 18:44:04,52.2898564,011
501,401,20.9154568,5219,2021-06-28 18:44:04,52.1993742,6
502,124,20.943641,5222,2021-06-28 18:43:51,52.175163,1
503,190,21.069086,5223,2021-06-28 18:44:04,52.2796121,7
504,517,21.0067217,5224,2021-06-28 18:44:02,52.2347776,4
505,523,21.0852767,5225,2021-06-28 18:44:02,52.2445242,6
506,401,21.0265874,5226,2021-06-28 18:44:09,52.1702909,4
507,189,21.0180827,5227,2021-06-28 18:44:02,52.1736742,024
508,124,20.965117,5228,2021-06-28 18:44:00,52.1516563,2
509,131,21.0687845,5229,2021-06-28 18:44:04,52.1815101,5
510,523,21.1067594,5230,2021-06-28 18:44:02,52.2479794,016
511,189,21.068664,5232,2021-06-28 18:44:03,52.1814684,7
512,148,21.0569294,5233,2021-06-28 18:44:06,52.2004214,011
513,105,20.89705,5234,2021-06-28 18:44:03,52.227276,011
514,105,20.8978021,5235,2021-06-28 18:44:02,52.2394228,3
515,517,20.8620473,5236,2021-06-28 18:44:07,52.1905757,1
516,171,21.010998,5237,2021-06-28 18:43:57,52.2313656,6
517,401,20.8705512,5238,2021-06-28 18:44:04,52.1982682,7
518,182,20.9652653,5239,2021-06-28 18:44:01,52.2181399,9
519,184,20.9510285,5240,2021-06-28 18:44:05,52.2290079,3
520,187,21.0120079,5241,2021-06-28 18:44:00,52.2170737,8
521,190,20.9221736,5243,2021-06-28 18:44:07,52.1970714,011
522,189,21.0688282,5244,2021-06-28 18:44:08,52.1813259,018
523,105,20.9557323,5245,2021-06-28 18:44:07,52.2275807,6
524,148,21.1034628,5246,2021-06-28 18:44:08,52.2220716,012
525,716,20.9139609,5247,2021-06-28 18:44:02,52.2126958,1
526,141,21.0849978,5248,2021-06-28 18:43:53,52.2443387,7
527,317,20.966178,5249,2021-06-28 18:44:02,52.183395,2
528,188,21.111393,5250,2021-06-28 18:44:00,52.244861,3
529,187,20.8925411,5251,2021-06-28 18:44:06,52.1932259,1
530,189,20.9157971,5253,2021-06-28 18:44:08,52.2269662,020
531,401,20.8916637,5254,2021-06-28 18:44:06,52.19351,010
532,190,21.0012618,5255,2021-06-28 18:43:58,52.2445631,016
533,148,21.0156216,5256,2021-06-28 18:44:07,52.1534163,1
534,716,20.828868,5257,2021-06-28 18:43:56,52.192906,2
535,188,21.0880409,5258,2021-06-28 18:44:01,52.2501002,4
536,105,20.89692,5260,2021-06-28 18:43:52,52.227903,08
537,723,21.0007659,5401,2021-06-28 18:44:06,52.291306,3
538,185,21.0458322,5403,2021-06-28 18:44:09,52.2166547,3
539,145,21.0757594,5404,2021-06-28 18:44:09,52.2869024,4
540,269,21.054632,5405,2021-06-28 18:44:07,52.274609,05
541,509,21.10228,5406,2021-06-28 18:44:06,52.221951,13
542,120,21.058708,5407,2021-06-28 18:44:09,52.3018,2
543,527,21.0606816,5408,2021-06-28 18:44:05,52.3064247,054
544,E-9,20.967571,5409,2021-06-28 18:44:05,52.271835,01
545,731,20.9415599,5410,2021-06-28 18:44:09,52.3681934,1
546,723,20.9170925,5412,2021-06-28 18:44:09,52.3782824,4
547,705,21.02931,5413,2021-06-28 18:44:09,52.351318,66
548,511,20.9293867,5414,2021-06-28 18:44:09,52.2908629,1
549,723,20.919386,5416,2021-06-28 18:44:08,52.4062009,1
550,E-9,21.060251,5417,2021-06-28 18:44:07,52.314583,02
551,511,20.971508,5418,2021-06-28 18:44:09,52.321491,2
552,120,21.036497,5419,2021-06-28 18:44:07,52.357117,3
553,160,20.994282,5420,2021-06-28 18:44:09,52.242214,5
554,511,20.942639,5421,2021-06-28 18:44:08,52.3486127,3
555,160,21.00271,5423,2021-06-28 18:44:08,52.229176,012
556,511,20.942417,5424,2021-06-28 18:44:08,52.348534,06
557,116,20.924994,5425,2021-06-28 18:44:08,52.272343,14
558,116,20.937946,5426,2021-06-28 18:44:08,52.278095,11
559,527,21.04837,5428,2021-06-28 18:44:08,52.276329,1
560,731,21.000835,5429,2021-06-28 18:44:08,52.291241,2
561,145,21.1269279,5430,2021-06-28 18:44:09,52.2582311,11
562,160,21.05825,5432,2021-06-28 18:44:08,52.318707,7
563,414,20.955635,5434,2021-06-28 18:44:09,52.237202,08
564,527,21.05983,5436,2021-06-28 18:44:09,52.304031,3
565,705,20.988556,5437,2021-06-28 18:44:08,52.309605,1
566,731,20.9552855,5438,2021-06-28 18:44:09,52.408972,4
567,738,21.10697,5439,2021-06-28 18:44:07,52.325417,2
568,735,21.00575,5441,2021-06-28 18:44:08,52.4487377,64
569,160,21.0436022,5443,2021-06-28 18:44:09,52.2760467,2
570,E-9,20.9680597,5444,2021-06-28 18:44:08,52.2720317,04
571,705,21.048461,5445,2021-06-28 03:52:31,52.264575,65
572,735,20.96822,5446,2021-06-28 18:44:06,52.272007,62
573,114,20.9494909,5447,2021-06-28 18:44:08,52.2705969,08
574,735,21.033748,5448,2021-06-28 18:44:07,52.3939317,63
575,160,21.021452,5449,2021-06-28 18:44:07,52.249058,3
576,511,20.948071,5453,2021-06-28 18:44:08,52.347946,4
577,160,21.046309,5454,2021-06-28 18:44:09,52.264175,09
578,169,21.034344,5455,2021-06-28 18:44:08,52.255005,4
579,269,21.04744,5457,2021-06-28 18:44:08,52.276276,04
580,180,21.048223,5459,2021-06-28 18:44:07,52.207558,016
581,705,21.041021,5460,2021-06-28 18:44:08,52.433548,65
582,128,21.014023,5870,2021-06-28 18:44:08,52.244755,53
583,175,20.9791687,5871,2021-06-28 18:44:09,52.1748767,59
584,503,21.024925,5873,2021-06-28 18:44:05,52.220276,1
585,175,20.978046,5874,2021-06-28 18:44:06,52.169563,58
586,138,20.998108,5875,2021-06-28 18:32:12,52.18676,011
587,180,20.9292654,5877,2021-06-28 18:44:07,52.2712175,017
588,709,20.9980821,5878,2021-06-28 18:40:30,52.187258,013
589,175,20.978199,5880,2021-06-28 18:44:09,52.169258,070
590,503,21.001976,5881,2021-06-28 18:44:03,52.258354,5
591,175,20.989683,5882,2021-06-28 18:44:05,52.224411,56
592,180,20.925003,5883,2021-06-28 18:44:10,52.272396,10
593,503,20.998091,5885,2021-06-28 18:03:22,52.18679,5
594,180,20.972439,5886,2021-06-28 18:44:09,52.25486,13
595,128,21.003609,5887,2021-06-28 18:44:10,52.227867,074
596,175,20.984283,5888,2021-06-28 18:44:06,52.198845,069
597,180,21.005352,5889,2021-06-28 18:44:09,52.249023,8
598,175,21.012825,5890,2021-06-28 18:44:10,52.243027,62
599,180,21.021923,5891,2021-06-28 18:44:03,52.230125,7
600,503,21.00256,5893,2021-06-28 18:44:08,52.254799,3
601,128,20.964067,5894,2021-06-28 18:44:07,52.208076,066
602,503,21.045033,5895,2021-06-28 18:44:06,52.182076,12
603,503,21.001036,5897,2021-06-28 18:44:04,52.25428,2
604,175,20.993683,5898,2021-06-28 18:44:06,52.22612,071
605,128,20.963434,5899,2021-06-28 18:44:06,52.20776,51
606,158,20.993238,5900,2021-06-28 18:44:10,52.226048,5
607,128,20.989382,5902,2021-06-28 18:44:05,52.219856,52
608,158,21.11721,5903,2021-06-28 18:44:10,52.233868,8
609,503,21.043898,5905,2021-06-28 18:44:08,52.157162,8
610,128,20.98984,5906,2021-06-28 18:44:06,52.215862,63
611,503,21.044621,5907,2021-06-28 18:44:09,52.175972,7
612,175,21.010824,5908,2021-06-28 18:44:06,52.244862,068
613,128,21.003298,5909,2021-06-28 18:44:07,52.228222,067
614,128,21.017344,5910,2021-06-28 18:44:07,52.23914,073
615,111,21.0133,5911,2021-06-28 18:44:07,52.2418,4
616,116,20.924936,5913,2021-06-28 18:44:06,52.272301,12
617,158,21.117674,5914,2021-06-28 18:44:06,52.233475,8
618,128,21.0129212,5915,2021-06-28 18:44:06,52.2432136,54
619,175,21.020006,5918,2021-06-28 18:44:04,52.232281,60
620,158,20.990623,5920,2021-06-28 18:44:06,52.225037,1
621,116,20.942549,5921,2021-06-28 18:44:09,52.277611,15
622,175,21.1163987,5923,2021-06-28 10:17:16,52.2339737,072
623,116,21.004276,5924,2021-06-28 18:44:08,52.250072,17
624,116,21.084116,5926,2021-06-28 18:44:10,52.167767,3
625,158,21.112778,5927,2021-06-28 18:44:09,52.236282,7
626,116,21.0847994,5928,2021-06-28 18:44:10,52.1675977,5
627,175,20.975538,5929,2021-06-28 18:44:08,52.168022,57
628,158,21.088406,5930,2021-06-28 18:44:07,52.235947,9
629,158,20.950138,5931,2021-06-28 18:44:06,52.211647,3
630,116,21.059099,5932,2021-06-28 18:44:09,52.178482,6
631,111,20.9950397,5933,2021-06-28 18:44:10,52.2488937,2
632,158,20.949299,5934,2021-06-28 18:44:05,52.211601,4
633,503,21.046928,5935,2021-06-28 18:44:05,52.150852,11
634,503,21.050169,5936,2021-06-28 18:44:08,52.144707,10
635,111,21.059488,5937,2021-06-28 18:44:08,52.23497,10
636,158,21.042061,5939,2021-06-28 18:44:07,52.236073,2
637,175,20.984653,5942,2021-06-28 18:44:08,52.201565,072
638,111,21.1156,5943,2021-06-28 18:43:50,52.235,7
639,158,21.051054,5945,2021-06-28 18:44:05,52.238304,6
640,111,21.10244,5946,2021-06-28 18:44:05,52.22208,8
641,111,21.056032,5947,2021-06-28 18:44:05,52.238262,5
642,503,21.026587,5948,2021-06-28 18:44:07,52.213127,013
643,503,21.044777,5950,2021-06-28 18:44:09,52.26231,4
644,180,21.076122,5951,2021-06-28 18:44:08,52.176556,2
645,518,20.94211,5952,2021-06-28 18:44:07,52.334572,7
646,160,21.0593877,5954,2021-06-28 18:44:05,52.2694895,010
647,160,21.048412,5956,2021-06-28 18:38:13,52.264847,013
648,111,20.979429,5958,2021-06-28 18:44:09,52.248562,011
649,160,21.041992,5959,2021-06-28 18:44:08,52.271332,08
650,111,20.979134,5960,2021-06-28 18:44:06,52.244339,3
651,116,20.924728,5962,2021-06-28 18:44:06,52.272427,13
652,111,21.022455,5963,2021-06-28 18:44:07,52.232006,1
653,518,20.994984,5964,2021-06-28 18:44:06,52.259583,3
654,518,20.946613,5965,2021-06-28 18:44:07,52.318317,08
655,518,20.974615,5966,2021-06-28 18:44:08,52.31757,2
656,160,20.997574,5967,2021-06-28 18:44:08,52.235481,011
657,180,20.933086,5970,2021-06-28 18:44:10,52.269798, 
658,518,20.941868,5972,2021-06-28 18:44:09,52.333508,1
659,E-9,21.029692,5973,2021-06-28 18:44:08,52.298843,03
660,518,21.023561,5975,2021-06-28 18:44:06,52.228291,4
661,180,21.071472,5976,2021-06-28 18:44:06,52.179512,6
662,503,21.049971,5978,2021-06-28 18:44:06,52.144577,9
663,503,21.019566,5979,2021-06-28 18:44:09,52.233158,6
664,111,21.094296,5980,2021-06-28 18:44:10,52.227516,6
665,705,20.975348,5981,2021-06-28 18:44:08,52.277805,07
666,111,21.083969,5982,2021-06-28 18:44:09,52.227329,9
667,128,20.963717,5983,2021-06-28 18:44:06,52.207687,65
668,180,21.083868,5984,2021-06-28 18:44:08,52.167946,4
669,180,20.995703,5985,2021-06-28 18:44:07,52.249081,14
670,180,20.945412,5986,2021-06-28 18:44:07,52.268604,12
671,180,20.976591,5987,2021-06-28 18:44:08,52.253567,9
672,180,21.018143,5988,2021-06-28 18:44:08,52.236496,1
673,116,21.018059,5989,2021-06-28 18:44:09,52.236774,1
674,705,21.135874,5990,2021-06-28 18:44:06,52.482132,08
675,116,21.026176,5991,2021-06-28 18:44:03,52.21571,2
676,518,20.969492,5994,2021-06-28 18:44:07,52.272285,6
677,116,21.036779,5995,2021-06-28 18:44:07,52.200104,7
678,116,20.989769,5996,2021-06-28 18:44:10,52.265194,16
679,116,20.973471,5997,2021-06-28 18:44:09,52.271408,10
680,518,21.014687,5998,2021-06-28 18:44:08,52.24308,5
681,116,21.002829,5999,2021-06-28 18:44:01,52.251221,8
682,184,20.9385584,6200,2021-06-28 18:44:06,52.246655,7
683,112,21.040024,6201,2021-06-28 18:44:06,52.29615,11
684,187,20.947584,6203,2021-06-28 18:44:07,52.208679,9
685,167,21.082947,6204,2021-06-28 18:44:09,52.208355,013
686,728,20.9433425,6207,2021-06-28 18:44:08,52.1754492,02
687,Z10,20.919245,6208,2021-06-28 18:44:09,52.256771,7
688,703,20.834677,6209,2021-06-28 18:44:09,52.109318,91
689,414,20.9607681,6210,2021-06-28 18:44:09,52.2172989,04
690,713,20.7444342,6212,2021-06-28 18:44:06,52.2145627,3
691,414,21.041677,6213,2021-06-28 18:44:09,52.2922047,03
692,184,20.966465,6214,2021-06-28 18:44:09,52.211884,5
693,191,20.8972584,6215,2021-06-28 18:44:06,52.1959099,6
694,105,20.9159182,6216,2021-06-28 18:44:10,52.2198974,7
695,167,21.008121,6217,2021-06-28 18:44:09,52.20842,1
696,105,20.9848237,6218,2021-06-28 18:44:09,52.2303085,010
697,136,21.050577,6220,2021-06-28 18:44:08,52.150497,4
698,189,20.896839,6221,2021-06-28 18:44:08,52.230774,13
699,187,21.049625,6222,2021-06-28 18:44:08,52.202206,5
700,105,20.919384,6223,2021-06-28 18:44:07,52.220966,4
701,517,20.861826,6224,2021-06-28 18:44:10,52.1908,6
702,717,20.840351,6225,2021-06-28 18:44:09,52.1779652,2
703,716,20.9296842,6226,2021-06-28 18:44:09,52.223676,3
704,188,20.9745969,6227,2021-06-28 18:44:08,52.1686725,1
705,190,20.898811,6228,2021-06-28 18:44:07,52.238865,3
706,187,21.0493471,6229,2021-06-28 18:44:08,52.2031972,6
707,706,20.9296732,6231,2021-06-28 18:44:08,52.1959561,03
708,190,21.000656,6232,2021-06-28 18:44:09,52.244095,9
709,191,20.8703832,6233,2021-06-28 18:44:08,52.1836249,4
710,414,21.0419645,6234,2021-06-28 18:44:08,52.3002137,02
711,112,21.055435,6236,2021-06-28 18:44:09,52.296963,10
712,114,20.927364,6237,2021-06-28 18:44:08,52.271847,4
713,728,20.8962987,6239,2021-06-28 18:44:08,52.0076884,1
714,414,21.000317,6240,2021-06-28 18:44:08,52.289791,01
715,517,20.861526,6241,2021-06-28 18:44:09,52.191185,5
716,182,20.97937,6242,2021-06-28 18:44:09,52.216831,7
717,706,20.923246,6243,2021-06-28 18:44:09,52.137154,2
718,L29,20.518047,65471,2021-06-28 18:43:59,52.259632,1
719,L-6,20.856592,66524,2021-06-28 18:44:09,52.27489,02
720,L-6,20.77552,66525,2021-06-28 18:44:04,52.25613,1
721,190,20.9329639,7200,2021-06-28 18:44:08,52.2402232,10
722,189,21.0689172,7201,2021-06-28 18:44:09,52.1813564,6
723,112,21.082277,7202,2021-06-28 18:44:08,52.304478,019
724,141,21.023605,7203,2021-06-28 18:44:09,52.199867,4
725,317,20.920977,7204,2021-06-28 18:44:09,52.196892,07
726,131,21.032055,7205,2021-06-28 18:44:09,52.2068912,011
727,523,20.944241,7206,2021-06-28 18:44:09,52.239017,10
728,189,21.022039,7207,2021-06-28 18:44:08,52.173164,019
729,414,20.963856,7208,2021-06-28 18:44:06,52.207916,06
730,721,20.8298167,7212,2021-06-28 18:44:09,52.0550329,02
731,112,20.8969379,7213,2021-06-28 18:44:08,52.2266604,5
732,191,20.965734,7214,2021-06-28 18:44:06,52.214855,2
733,112,21.052141,7215,2021-06-28 18:44:08,52.292919,8
734,713,20.930111,7216,2021-06-28 18:44:05,52.224842,2
735,189,20.89904,7219,2021-06-28 18:44:09,52.238667,022
736,517,21.010496,7220,2021-06-28 18:44:09,52.231659,09
737,187,20.860397,7222,2021-06-28 18:44:07,52.193993,12
738,122,20.971188,7223,2021-06-28 18:44:07,52.263744,2
739,721,20.929174,7225,2021-06-28 18:44:08,52.162426,1
740,706,20.942596,7226,2021-06-28 18:44:08,52.176102,1
741,114,20.921419,7227,2021-06-28 18:44:09,52.31382,3
742,114,20.992399,7228,2021-06-28 18:44:08,52.270599,1
743,517,20.914885,7230,2021-06-28 18:44:07,52.199566,08
744,713,20.887077,7231,2021-06-28 18:44:09,52.21637,04
745,717,20.9650047,7232,2021-06-28 18:44:06,52.2182747,1
746,189,20.958937,7233,2021-06-28 18:44:08,52.1901829,3
747,713,20.9196639,7234,2021-06-28 18:44:09,52.2210474,1
748,187,20.884829,7235,2021-06-28 18:44:09,52.194546,10
749,184,20.957056,7237,2021-06-28 18:44:07,52.227047,6
750,141,21.049234,7238,2021-06-28 18:44:05,52.203224,5
751,189,20.899632,7239,2021-06-28 18:44:07,52.238712,16
752,184,20.923893,7240,2021-06-28 18:44:08,52.260822,8
753,317,21.0454574,7241,2021-06-28 18:44:08,52.1748994,5
754,141,20.944138,7242,2021-06-28 18:44:08,52.175491,1
755,523,20.982908,7243,2021-06-28 18:44:09,52.215996,9
756,401,20.972227,7244,2021-06-28 18:44:05,52.185646,3
757,187,21.014378,7245,2021-06-28 18:44:09,52.216835,7
758,190,21.0362362,7247,2021-06-28 18:44:08,52.2551861,017
759,188,20.987823,7248,2021-06-28 18:44:09,52.209328,5
760,171,20.927616,7249,2021-06-28 18:44:09,52.26366,3
761,317,20.9447356,7250,2021-06-28 18:44:08,52.1753981,3
762,105,20.898775,7251,2021-06-28 18:43:55,52.238773,2
763,167,21.0468962,7252,2021-06-28 18:44:08,52.2069486,4
764,122,20.932583,7254,2021-06-28 18:44:09,52.269073,1
765,191,20.9615201,7256,2021-06-28 18:44:09,52.2161889,8
766,190,20.9087735,7257,2021-06-28 18:44:08,52.1956779,012
767,187,20.8620934,7258,2021-06-28 18:44:09,52.1910172,11
768,189,20.899069,7259,2021-06-28 18:44:09,52.238724,15
769,125,21.128216,7301,2021-06-28 18:44:08,52.233578,08
770,507,21.102417,7303,2021-06-28 18:44:10,52.221966,5
771,188,21.0376895,7304,2021-06-28 18:44:09,52.2223342,07
772,138,21.004654,7305,2021-06-28 18:44:08,52.202354,4
773,151,21.0298824,7306,2021-06-28 18:44:08,52.2204314,04
774,509,20.942147,7307,2021-06-28 18:44:09,52.3342229,7
775,138,21.1005244,7308,2021-06-28 18:44:09,52.2606516,1
776,188,20.9858475,7310,2021-06-28 18:44:09,52.2049219,2
777,182,21.0382671,7312,2021-06-28 18:44:07,52.2226127,5
778,E-1,21.0383866,7314,2021-06-28 18:44:08,52.2433904,01
779,143,21.005722,7315,2021-06-28 18:44:06,52.2161946,7
780,188,21.060585,7316,2021-06-28 18:44:06,52.228058,08
781,402,20.9936145,7317,2021-06-28 18:44:08,52.1790224,3
782,182,21.112928,7318,2021-06-28 18:44:08,52.236107,4
783,182,21.1128321,7319,2021-06-28 18:44:06,52.2362639,3
784,411,21.029503,7320,2021-06-28 18:44:09,52.2204666,01
785,182,21.0004751,7322,2021-06-28 18:44:09,52.2168582,8
786,E-1,21.040903,7323,2021-06-28 18:44:08,52.24057,02
787,138,21.055407,7325,2021-06-28 18:44:09,52.23151,3
788,141,21.112862,7326,2021-06-28 18:44:07,52.236313,6
789,E-1,21.09178,7327,2021-06-28 18:44:09,52.225235,03
790,182,21.011089,7328,2021-06-28 18:44:08,52.217312,1
791,523,21.0196082,7329,2021-06-28 18:44:08,52.2178555,017
792,171,20.9111722,7330,2021-06-28 18:44:08,52.2486227,5
793,162,21.124195,7331,2021-06-28 18:44:07,52.232346,013
794,141,21.047443,7333,2021-06-28 18:44:08,52.21191,8
795,116,21.022047,7334,2021-06-28 18:44:09,52.230076,69
796,110,20.899494,742,2021-06-28 18:44:09,52.325764,1
797,750,20.862417,745,2021-06-28 18:44:06,52.358215,07
798,250,20.927704,746,2021-06-28 18:44:06,52.291142,1
799,850,20.720116,749,2021-06-28 18:44:05,52.373245,2
800,150,20.93203,750,2021-06-28 18:44:05,52.293411,1
801,750,20.817572,755,2021-06-28 18:44:08,52.351902,2
802,110,20.968563,757,2021-06-28 18:44:07,52.272175,3
803,150,20.916283,758,2021-06-28 18:44:08,52.318501,2
804,750,20.928175,761,2021-06-28 18:44:09,52.29084,4
805,750,20.87557,762,2021-06-28 18:44:05,52.352463,1
806,850,20.790726,763,2021-06-28 18:44:02,52.37191,1
807,151,21.0823085,7701,2021-06-28 18:44:09,52.2313424,1
808,411,21.0399985,7702,2021-06-28 18:44:10,52.2232234,04
809,402,21.1560335,7703,2021-06-28 18:44:09,52.2402427,7
810,151,21.0262847,7704,2021-06-28 18:44:09,52.2197042,05
811,110,16.9774837,7715,2021-06-28 18:40:35,52.5461099,3
812,150,20.864430833,773,2021-06-28 18:44:07,52.359743667,05
813,150,20.84664,774,2021-06-28 18:44:06,52.34132,3
814,250,20.884859,775,2021-06-28 18:44:09,52.331558,3
815,250,20.881487,776,2021-06-28 18:44:09,52.323193,2
816,750,20.887835,777,2021-06-28 18:44:10,52.3406897,3
817,143,21.094559,8103,2021-06-28 18:44:05,52.2440308,011
818,167,20.9254996,8108,2021-06-28 18:43:58,52.2339911,8
819,217,21.069527,8109,2021-06-28 18:44:04,52.1658916,2
820,174,20.9973471,8110,2021-06-28 18:44:06,52.1833023,010
821,136,21.0019431,8112,2021-06-28 18:44:00,52.1798715,014
822,709,21.0208895,8115,2021-06-28 18:44:03,52.0748851,8
823,174,21.0055288,8119,2021-06-28 18:44:08,52.1719723,6
824,136,20.9857501,8120,2021-06-28 18:44:05,52.2046935,7
825,143,20.997056,8121,2021-06-28 18:42:10,52.187723,09
826,504,20.987942,8123,2021-06-28 18:44:04,52.2097285,3
827,165,21.0209636,8124,2021-06-28 18:44:03,52.1794525,4
828,727,21.0220683,8125,2021-06-28 18:44:03,52.0770383,3
829,709,20.9973375,8126,2021-06-28 18:44:03,52.187446,014
830,402,21.047836,8130,2021-06-28 18:44:08,52.1927376,5
831,136,20.9885023,8131,2021-06-28 18:43:41,52.1836921,012
832,148,21.0871531,8133,2021-06-28 18:44:08,52.2447681,5
833,402,21.0571985,8134,2021-06-28 18:44:07,52.200703,9
834,167,20.9689376,8135,2021-06-28 18:44:02,52.2138473,9
835,162,21.027383,8136,2021-06-28 18:43:51,52.25972,08
836,162,20.995918,8137,2021-06-28 18:43:48,52.1863086,011
837,162,21.0296231,8138,2021-06-28 18:44:04,52.2349716,7
838,136,21.0557968,8139,2021-06-28 18:44:06,52.1475075,016
839,168,20.9957923,8140,2021-06-28 18:44:05,52.1929758,4
840,504,20.9958201,8143,2021-06-28 18:44:04,52.1862735,011
841,504,21.0007358,8144,2021-06-28 18:44:00,52.178524,4
842,709,21.0181866,8145,2021-06-28 18:44:09,52.1331373,011
843,727,21.0243586,8146,2021-06-28 18:43:58,52.1799776,2
844,148,21.098279,8148,2021-06-28 18:44:03,52.236263,6
845,709,21.026719,8152,2021-06-28 18:44:06,52.076114,1
846,217,21.0353726,8153,2021-06-28 18:44:03,52.17711,1
847,136,20.958314,8154,2021-06-28 18:44:04,52.222578,8
848,131,21.0039438,8155,2021-06-28 18:43:58,52.2296081,9
849,709,21.0201018,8156,2021-06-28 18:44:06,52.1729166,6
850,308,20.9958531,8158,2021-06-28 18:44:00,52.1878656,01
851,136,21.025472,8160,2021-06-28 18:44:02,52.1559808,5
852,504,20.9893465,8162,2021-06-28 18:44:04,52.2240236,1
853,709,21.0127115,8164,2021-06-28 18:44:02,52.0732723,9
854,331,20.9970291,8165,2021-06-28 18:44:02,52.1869196,03
855,148,21.0873948,8167,2021-06-28 18:44:02,52.2448048,4
856,218,21.024236,8168,2021-06-28 18:44:03,52.1797596,3
857,504,21.047592,8169,2021-06-28 18:44:03,52.1395181,5
858,131,21.0045386,8170,2021-06-28 18:44:08,52.2295,1
859,167,20.9410361,8172,2021-06-28 18:44:03,52.2338081,010
860,143,21.001281,8173,2021-06-28 18:43:57,52.198081,010
861,218,21.0239868,8174,2021-06-28 18:44:01,52.1899033,1
862,727,20.9438123,8175,2021-06-28 18:44:05,52.0367741,4
863,709,21.0177738,8176,2021-06-28 18:44:04,52.1327186,3
864,143,21.0612016,8177,2021-06-28 18:44:08,52.2280705,5
865,138,21.0189425,8178,2021-06-28 18:44:04,52.21229,7
866,709,21.0191895,8181,2021-06-28 18:44:04,52.0916165,7
867,136,21.0555113,8182,2021-06-28 18:44:01,52.147329,2
868,218,21.01328,8183,2021-06-28 18:43:50,52.179715,4
869,131,21.06466,8184,2021-06-28 18:44:03,52.1859573,6
870,143,21.0521315,8185,2021-06-28 18:44:06,52.2260551,8
871,217,21.0241801,8187,2021-06-28 18:44:00,52.1796673,4
872,185,21.044599,8188,2021-06-28 18:44:00,52.176383,9
873,504,21.0682561,8189,2021-06-28 18:44:07,52.129444,7
874,709,21.0241111,8190,2021-06-28 18:44:02,52.1799713,5
875,131,21.0212633,8192,2021-06-28 18:44:05,52.2110251,4
876,504,21.0041066,8195,2021-06-28 18:44:04,52.2295263,2
877,504,20.9962111,8196,2021-06-28 18:43:59,52.1793373,013
878,218,21.0023141,8197,2021-06-28 18:44:05,52.1829543,2
879,174,21.004758,8199,2021-06-28 18:43:59,52.171455,4
880,402,20.9890956,8201,2021-06-28 18:44:03,52.181198,4
881,151,21.115749,8202,2021-06-28 10:44:07,52.233741,05
882,151,21.1175305,8204,2021-06-28 10:20:01,52.2338373,06
883,151,21.019743,8208,2021-06-28 18:44:05,52.218096,2
884,521,20.9916943,8214,2021-06-28 18:44:06,52.2254528,1
885,125,21.1964585,8216,2021-06-28 18:44:08,52.2083111,2
886,182,21.08455,8218,2021-06-28 18:43:51,52.23604,013
887,509,21.0511071,8220,2021-06-28 18:43:52,52.2396373,023
888,182,21.0995783,8222,2021-06-28 18:44:02,52.2382611,2
889,509,21.0925325,8223,2021-06-28 18:44:06,52.2250286,024
890,151,21.090568,8225,2021-06-28 18:43:43,52.231116,06
891,509,20.999929,8228,2021-06-28 18:44:04,52.293478,10
892,521,20.9643505,8229,2021-06-28 18:43:57,52.20782,2
893,523,20.898275,8231,2021-06-28 18:43:58,52.25844,021
894,162,21.0382668,8233,2021-06-28 18:43:57,52.2169521,014
895,145,21.0001925,8300,2021-06-28 18:44:00,52.2913218,2
896,145,21.0879531,8301,2021-06-28 18:44:05,52.2447776,9
897,509,21.0337495,8303,2021-06-28 18:44:07,52.2555058,3
898,171,20.9614441,8304,2021-06-28 18:44:00,52.2375393,010
899,509,21.116975,8305,2021-06-28 09:25:27,52.233583,022
900,117,21.010911,8306,2021-06-28 18:44:06,52.2293126,3
901,116,21.0840911,8309,2021-06-28 18:44:09,52.1680545,4
902,141,20.94366,8310,2021-06-28 18:43:50,52.175696,2
903,168,20.995551,8311,2021-06-28 18:44:01,52.191441,3
904,151,21.105036,8312,2021-06-28 18:43:57,52.230204,3
905,720,21.1492541,8313,2021-06-28 18:44:00,52.2263686,02
906,162,21.0368323,8314,2021-06-28 18:44:05,52.2519745,2
907,117,21.0050985,8315,2021-06-28 18:44:08,52.2295745,06
908,521,21.1694,8318,2021-06-28 18:44:08,52.2030345,4
909,185,21.021843,8319,2021-06-28 18:43:59,52.142764,11
910,151,21.116836,8320,2021-06-28 09:58:49,52.233566,04
911,162,21.0850475,8322,2021-06-28 18:44:04,52.1934151,5
912,509,20.9669925,8323,2021-06-28 18:44:08,52.3191501,9
913,148,21.0410133,8324,2021-06-28 18:44:01,52.170325,7
914,143,21.13839,8326,2021-06-28 18:44:01,52.2439156,1
915,145,21.036056,8328,2021-06-28 18:44:01,52.288423,1
916,507,21.0493975,8329,2021-06-28 18:44:02,52.2375698,08
917,148,21.0498245,8330,2021-06-28 18:44:07,52.1605221,2
918,145,21.127261,8332,2021-06-28 18:44:06,52.233467,7
919,523,20.898125,8333,2021-06-28 18:44:03,52.2589251,12
920,148,21.0512331,8334,2021-06-28 18:44:04,52.1858241,3
921,145,21.0858815,8335,2021-06-28 18:44:01,52.2452118,014
922,143,21.177188,8337,2021-06-28 18:43:57,52.256946,2
923,125,21.1393395,8340,2021-06-28 18:44:00,52.2287823,4
924,523,21.105874,8341,2021-06-28 18:44:02,52.2467986,5
925,507,21.003371,8342,2021-06-28 18:44:04,52.231465,1
926,171,20.924894,8343,2021-06-28 18:43:58,52.272548,09
927,502,21.220665,8344,2021-06-28 18:43:54,52.2178217,1
928,507,21.05357,8345,2021-06-28 18:44:02,52.2385683,3
929,145,21.000491,8348,2021-06-28 18:44:08,52.291449,3
930,507,21.102139,8349,2021-06-28 18:43:58,52.222076,6
931,145,21.106461,8350,2021-06-28 18:44:04,52.286553,012
932,507,21.0967817,8351,2021-06-28 18:44:01,52.2243133,4
933,502,21.015386,8352,2021-06-28 18:44:03,52.218708,4
934,523,20.97854,8353,2021-06-28 18:44:03,52.217315,2
935,502,21.142456,8354,2021-06-28 18:44:03,52.227449,011
936,523,21.013223,8356,2021-06-28 18:43:51,52.216976,8
937,514,21.020646,8358,2021-06-28 18:43:55,52.21824,3
938,523,21.0593467,8359,2021-06-28 18:43:59,52.22776,3
939,507,21.077709,8360,2021-06-28 18:44:04,52.226083,7
940,202,21.04204,8361,2021-06-28 18:43:51,52.24208,1
941,502,21.079405,8362,2021-06-28 18:44:01,52.2352767,2
942,188,20.978214,8363,2021-06-28 18:44:00,52.16944,6
943,138,20.9966117,8364,2021-06-28 18:43:55,52.16985,6
944,514,21.17385,8365,2021-06-28 18:43:58,52.25053,1
945,523,21.083888,8366,2021-06-28 18:44:09,52.244966,4
946,502,21.149135,8368,2021-06-28 18:44:07,52.226425,5
947,145,21.117193,8398,2021-06-28 18:42:13,52.233339,013
948,402,21.127841,8403,2021-06-28 18:43:57,52.233903,011
949,521,21.1895588,8408,2021-06-28 18:44:00,52.1828253,07
950,143,21.1782355,8410,2021-06-28 18:44:06,52.2610963,012
951,523,20.928249,8414,2021-06-28 18:44:07,52.2407185,13
952,148,20.977709,8417,2021-06-28 18:44:04,52.168934,9
953,148,20.9780888,8430,2021-06-28 18:44:06,52.1695126,010
954,162,21.0332965,8437,2021-06-28 18:44:02,52.2564766,012
955,125,21.1642131,8438,2021-06-28 18:44:03,52.2180366,1
956,162,21.101936,8440,2021-06-28 18:44:04,52.241905,015
957,145,21.109941,8441,2021-06-28 18:44:09,52.284603,6
958,269,21.047148,8442,2021-06-28 18:44:09,52.263763,01
959,723,20.968101,8443,2021-06-28 18:44:06,52.327759,2
960,114,20.9732034,8445,2021-06-28 18:44:07,52.2652842,5
961,120,21.0492182,8446,2021-06-28 18:44:09,52.2609106,6
962,731,20.9612,8447,2021-06-28 18:44:09,52.3349,3
963,160,21.0683814,8448,2021-06-28 18:44:06,52.323432,1
964,132,20.9693192,8449,2021-06-28 18:44:09,52.2718081,04
965,412,21.0672115,8450,2021-06-28 18:44:09,52.323972,052
966,112,20.9386782,8451,2021-06-28 18:44:08,52.2772027,6
967,527,21.0556409,8452,2021-06-28 18:44:08,52.2753347,06
968,160,21.046331,8453,2021-06-28 18:44:07,52.259869,014
969,160,21.002764,8454,2021-06-28 18:44:07,52.229507,4
970,160,21.0529,8455,2021-06-28 18:44:08,52.273537,6
971,132,21.050031,8457,2021-06-28 18:44:08,52.31902,08
972,527,21.0641967,8458,2021-06-28 18:44:08,52.324842,055
973,Z26,20.9742877,8459,2021-06-28 18:44:08,52.235541,3
974,412,21.0918054,8460,2021-06-28 18:44:07,52.306892,053
975,120,21.043621,8461,2021-06-28 18:44:02,52.346833,4
976,414,20.9701244,8462,2021-06-28 18:44:09,52.2749832,05
977,511,20.9280757,8463,2021-06-28 18:44:08,52.2911839,05
978,509,21.0491535,8465,2021-06-28 18:44:08,52.2433919,2
979,136,21.05626,8500,2021-06-28 18:43:55,52.14764,3
980,501,21.0027133,8501,2021-06-28 18:44:07,52.2294433,06
981,138,21.070833,8502,2021-06-28 18:44:04,52.260571,9
982,189,21.054768,8503,2021-06-28 18:44:04,52.181004,5
983,522,21.0804783,8504,2021-06-28 18:43:51,52.1580017,4
984,401,20.91539,8505,2021-06-28 18:44:01,52.1994867,2
985,131,21.083839,8506,2021-06-28 18:43:51,52.168303,7
986,501,21.0483167,8507,2021-06-28 18:44:06,52.17811,4
987,138,21.038493,8508,2021-06-28 18:44:00,52.251773,2
988,189,20.915804,8509,2021-06-28 18:44:05,52.22711,1
989,501,21.0206217,8510,2021-06-28 18:44:06,52.210895,1
990,189,20.91328,8511,2021-06-28 18:44:07,52.211228,027
991,Z26,20.975855,8512,2021-06-28 18:44:01,52.2358,4
992,186,20.971363,8513,2021-06-28 18:44:02,52.320886,013
993,733,20.773861,8514,2021-06-28 18:44:03,52.074963,01
994,Z26,21.0319217,8515,2021-06-28 18:44:05,52.253495,7
995,522,21.011926,8516,2021-06-28 18:43:51,52.229508,2
996,141,20.9757833,8517,2021-06-28 18:44:02,52.184305,10
997,519,21.068048,8519,2021-06-28 18:44:05,52.170095,7
998,519,21.02972,8520,2021-06-28 18:43:50,52.206996,1
999,186,20.96995,8522,2021-06-28 18:44:00,52.21349,10
1000,733,20.7993417,8523,2021-06-28 18:44:05,52.088635,62
1001,522,21.058251,8525,2021-06-28 18:43:53,52.179371,011
1002,172,21.0690633,8526,2021-06-28 18:44:06,52.1813967,63
1003,172,20.992501,8528,2021-06-28 18:44:06,52.196796,5
1004,308,21.003195,8530,2021-06-28 18:44:05,52.188896,02
1005,172,21.023254,8532,2021-06-28 18:44:05,52.197153,1
1006,Z26,20.9801567,8533,2021-06-28 18:43:58,52.23699,2
1007,138,20.9953983,8534,2021-06-28 18:43:51,52.1702417,5
1008,522,21.012699,8535,2021-06-28 18:44:04,52.228368,1
1009,172,20.969156,8536,2021-06-28 18:43:52,52.21363,6
1010,522,21.080096,8537,2021-06-28 18:44:03,52.157726,5
1011,709,21.019918,8539,2021-06-28 18:43:57,52.172938,4
1012,172,20.9611817,8540,2021-06-28 18:44:02,52.2166833,8
1013,185,20.975776,8541,2021-06-28 18:44:08,52.289693,6
1014,172,20.9758533,8543,2021-06-28 18:44:07,52.2021083,9
1015,519,21.015413,8544,2021-06-28 18:44:01,52.218591,4
1016,522,21.018428,8546,2021-06-28 18:43:47,52.212528,012
1017,522,21.06955,8547,2021-06-28 18:44:03,52.1650367,6
1018,402,21.143133,8548,2021-06-28 18:44:04,52.237346,010
1019,186,20.9989233,8549,2021-06-28 18:44:06,52.2940017,015
1020,186,20.95767,8550,2021-06-28 18:44:10,52.2272567,016
1021,709,21.012736,8551,2021-06-28 18:43:55,52.073681,10
1022,136,20.966343,8552,2021-06-28 18:43:48,52.214604,10
1023,Z26,21.0015667,8555,2021-06-28 18:44:00,52.2447083,5
1024,519,21.002735,8556,2021-06-28 18:44:07,52.2292367,6
1025,Z26,20.9744617,8558,2021-06-28 18:44:03,52.2355917,08
1026,217,21.024495,8559,2021-06-28 18:43:57,52.189551,06
1027,519,21.09373,8560,2021-06-28 18:44:04,52.121033,2
1028,411,21.0969917,8561,2021-06-28 18:44:05,52.224285,02
1029,521,21.204716,8562,2021-06-28 18:43:57,52.159399,09
1030,402,21.000985,8563,2021-06-28 18:43:53,52.178353,2
1031,521,21.11886,8564,2021-06-28 18:44:02,52.238015,08
1032,502,21.061833,8565,2021-06-28 18:44:08,52.228418,014
1033,502,21.2384533,8566,2021-06-28 18:44:06,52.2160933,6
1034,402,20.9935167,8567,2021-06-28 18:44:09,52.1788883,014
1035,509,20.9423017,8568,2021-06-28 18:44:04,52.3345783,021
1036,171,20.919215,8569,2021-06-28 18:44:03,52.239773,2
1037,411,21.1018133,8571,2021-06-28 18:43:59,52.2226333,03
1038,E-1,21.102399,8572,2021-06-28 18:43:54,52.222001,04
1039,202,21.128659,8573,2021-06-28 18:43:57,52.240205,2
1040,411,21.115896,8574,2021-06-28 10:20:57,52.233514,01
1041,720,21.3274383,8576,2021-06-28 18:43:46,52.1534283,1
1042,162,21.08499,8578,2021-06-28 18:44:07,52.1932783,4
1043,125,21.04328,8579,2021-06-28 18:44:02,52.245505,09
1044,731,20.92406,8583,2021-06-28 18:44:08,52.4148133,5
1045,269,21.042284,8584,2021-06-28 18:44:03,52.295436,02
1046,269,21.041821,8585,2021-06-28 18:44:04,52.300429,03
1047,514,21.1816617,8586,2021-06-28 18:44:00,52.248055,2
1048,523,21.115558,8587,2021-06-28 08:55:25,52.233753,3
1049,145,21.0148817,8588,2021-06-28 18:44:00,52.2736117,016
1050,514,21.0267117,8589,2021-06-28 18:43:57,52.2198117,4
1051,502,21.015811,8590,2021-06-28 18:44:02,52.22178,3
1052,507,21.008613,8592,2021-06-28 18:43:57,52.229151,2
1053,145,21.120545,8593,2021-06-28 18:44:10,52.2372467,10
1054,138,21.0461583,8595,2021-06-28 18:44:02,52.2480483,8
1055,186,20.9558223,8801,2021-06-28 18:44:03,52.2315296,11
1056,185,21.0406811,8802,2021-06-28 18:43:53,52.1468928,1
1057,727,21.0186613,8803,2021-06-28 18:44:09,52.0984925,1
1058,217,21.037128,8804,2021-06-28 18:43:53,52.176798,3
1059,185,20.994478,8805,2021-06-28 18:43:55,52.271149,4
1060,402,21.155743,8806,2021-06-28 18:44:04,52.2401953,8
1061,131,21.0690388,8808,2021-06-28 18:44:03,52.1813476,3
1062,709,21.0183853,8809,2021-06-28 18:44:03,52.1060226,2
1063,174,21.0109071,8810,2021-06-28 18:44:05,52.201246,1
1064,165,21.0219873,8811,2021-06-28 18:44:07,52.1796305,3
1065,167,20.9969695,8812,2021-06-28 18:44:03,52.1877581,011
1066,402,21.0429923,8813,2021-06-28 18:44:08,52.1720708,1
1067,167,21.0597085,8814,2021-06-28 18:44:06,52.212735,2
1068,167,21.083228,8816,2021-06-28 18:43:51,52.20826,3
1069,308,20.996518,8817,2021-06-28 18:44:00,52.187586,03
1070,504,21.017333,8818,2021-06-28 18:43:56,52.162133,9
1071,331,20.9970058,8819,2021-06-28 18:33:08,52.1877331,04
1072,522,21.018658,8820,2021-06-28 18:44:01,52.186303,014
1073,174,20.9967751,8821,2021-06-28 18:32:49,52.1875216,08
1074,174,20.9952953,8822,2021-06-28 18:44:01,52.1701568,5
1075,522,21.0745998,8823,2021-06-28 18:44:02,52.1585905,015
1076,167,20.978006,8824,2021-06-28 18:44:07,52.2124868,6
1077,709,21.013214,8825,2021-06-28 18:44:02,52.07176,012
1078,504,21.0457305,8826,2021-06-28 18:44:07,52.1414213,8
1079,143,21.0861685,8828,2021-06-28 18:44:08,52.2450815,4
1080,509,21.0134201,8829,2021-06-28 18:44:05,52.2758958,4
1081,523,20.9120913,8830,2021-06-28 18:44:03,52.2434545,11
1082,125,21.0798811,8831,2021-06-28 18:44:04,52.2454693,5
1083,171,21.0432631,8832,2021-06-28 18:44:04,52.2227966,7
1084,141,21.0199981,8833,2021-06-28 18:43:54,52.196778,9
1085,704,21.2749196,8834,2021-06-28 18:44:06,52.2218666,2
1086,521,21.204668,8835,2021-06-28 18:44:07,52.1594106,5
1087,182,21.0138865,8837,2021-06-28 18:44:06,52.2168735,6
1088,182,20.9649131,8838,2021-06-28 18:44:00,52.2180281,010
1089,704,21.131973,8839,2021-06-28 18:43:52,52.232106,1
1090,185,20.9757123,8840,2021-06-28 18:44:07,52.2896081,5
1091,125,21.0412653,8841,2021-06-28 18:44:05,52.2415135,6
1092,521,21.030308,8843,2021-06-28 18:44:07,52.2337923,3
1093,185,21.055108,8844,2021-06-28 18:43:50,52.181226,2
1094,402,21.023194,8845,2021-06-28 18:44:03,52.1732841,013
1095,143,21.138187,8846,2021-06-28 18:43:51,52.2435628,3
1096,143,21.006797,8847,2021-06-28 18:44:02,52.2171878,6
1097,125,21.1829275,8849,2021-06-28 18:44:06,52.2068386,3
1098,521,21.125255,8850,2021-06-28 18:44:04,52.2349231,6
1099,523,20.956611,8851,2021-06-28 18:43:49,52.228735,019
1100,141,20.9572618,8852,2021-06-28 18:44:03,52.1895916,3
1101,125,21.0941326,8853,2021-06-28 18:44:01,52.2441353,7
1102,509,20.9415961,8854,2021-06-28 18:44:02,52.3330838,8
1103,402,21.1249306,8855,2021-06-28 18:43:58,52.2333551,6
1104,512,21.0568218,8856,2021-06-28 18:44:05,52.2838775,1
1105,509,21.0808328,8857,2021-06-28 18:43:59,52.2261506,12
1106,169,21.0418683,8858,2021-06-28 18:43:57,52.3001276,1
1107,112,20.8830373,8859,2021-06-28 18:44:03,52.2147863,4
1108,512,21.0520633,8861,2021-06-28 18:43:49,52.2529011,4
1109,412,21.049589,8862,2021-06-28 18:43:57,52.252786,04
1110,738,21.0453733,8864,2021-06-28 18:44:03,52.2649545,05
1111,500,21.0459893,8865,2021-06-28 10:43:17,52.2651186,08
1112,169,21.042628,8866,2021-06-28 18:43:54,52.299549,5
1113,162,21.027661,8867,2021-06-28 18:44:00,52.2595735,1
1114,190,20.9276705,8868,2021-06-28 18:44:05,52.2407626,5
1115,190,21.086361,8869,2021-06-28 18:44:05,52.30353,023
1116,190,21.0588946,8871,2021-06-28 18:44:00,52.2665858,025
1117,190,20.9914835,8872,2021-06-28 18:44:00,52.244011,026
1118,738,21.1928735,8873,2021-06-28 18:44:02,52.4023526,06
1119,500,20.9818413,8874,2021-06-28 18:44:05,52.2531481,3
1120,190,20.9147738,8875,2021-06-28 18:44:03,52.2317728,4
1121,162,21.0474923,8876,2021-06-28 18:43:57,52.2114426,3
1122,512,21.0638823,8878,2021-06-28 18:44:07,52.2867795,06
1123,509,21.078648,8879,2021-06-28 18:43:56,52.2260655,1
1124,709,20.996574,8880,2021-06-25 18:58:33,52.18762,016
1125,186,20.9802678,8881,2021-06-28 18:43:57,52.2017266,014
1126,165,20.992318,8882,2021-06-28 18:44:01,52.1623293,2
1127,128,20.9669923,8883,2021-06-28 18:43:36,52.20755,64
1128,180,21.0837955,8885,2021-06-28 18:44:03,52.1683708,5
1129,167,21.0077628,8886,2021-06-28 18:43:51,52.2081135,5
1130,189,20.8986955,8887,2021-06-28 18:44:04,52.2386881,021
1131,175,21.0127195,8888,2021-06-28 18:44:03,52.2432163,61
1132,504,21.0360766,8891,2021-06-28 18:43:55,52.155336,012
1133,165,20.992409,8892,2021-06-28 18:43:56,52.159198,1
1134,116,21.056368,8893,2021-06-28 18:44:04,52.181323,53
1135,217,21.069903,8894,2021-06-28 18:44:05,52.16393,05
1136,136,20.9660781,8895,2021-06-28 18:44:02,52.2431356,015
1137,174,20.998965,8896,2021-06-28 18:43:57,52.2310965,07
1138,180,21.0491705,8897,2021-06-28 18:44:08,52.2049911,015
1139,167,20.9397686,8898,2021-06-28 18:44:06,52.2354,7
1140,504,21.068523,8899,2021-06-28 18:39:54,52.129174,6
1141,161,21.2248,9061,2021-06-28 18:44:09,52.186714,2
1142,161,21.205709,9063,2021-06-28 18:44:04,52.166794,3
1143,262,21.087801,9064,2021-06-28 18:44:06,52.286549,03
1144,314,21.031506,9065,2021-06-28 18:44:07,52.317833,04
1145,314,20.97514,9066,2021-06-28 18:44:06,52.317341,02
1146,104,21.032505,9068,2021-06-28 18:44:06,52.317635,2
1147,161,21.197527,9070,2021-06-28 18:44:08,52.18327,1
1148,225,21.16786,9071,2021-06-28 18:44:08,52.276394,2
1149,225,21.10239,9074,2021-06-28 18:44:08,52.222858,4
1150,225,21.128422,9075,2021-06-28 18:44:09,52.234726,3
1151,211,20.943624,9077,2021-06-28 18:44:07,52.346542,08
1152,314,20.95281,9078,2021-06-28 18:44:06,52.317295,01
1153,104,21.000204,9081,2021-06-28 18:44:06,52.291481,1
1154,314,21.046268,9082,2021-06-28 18:44:07,52.34309,03
1155,262,21.053675,9083,2021-06-28 18:44:06,52.276428,2
1156,225,21.131565,9088,2021-06-28 18:44:08,52.249302,1
1157,211,20.955627,9090,2021-06-28 18:44:08,52.330578,2
1158,211,20.965645,9091,2021-06-28 18:44:06,52.312881,07
1159,262,21.054678,9092,2021-06-28 18:44:08,52.275677,1
1160,305,21.144964,9093,2021-06-28 18:44:06,52.2267,1
1161,900,20.941912,9094,2021-06-28 18:44:07,52.348385,1
1162,133,20.945337,9201,2021-06-28 18:44:05,52.321945,2
1163,207,20.870497,9202,2021-06-28 18:44:01,52.183331,03
1164,164,21.138214,9203,2021-06-28 18:44:08,52.145884,05
1165,133,20.952255,9204,2021-06-28 18:44:08,52.316856,1
1166,239,21.027588,9205,2021-06-28 18:44:09,52.151745,51
1167,209,21.034904,9206,2021-06-28 18:44:05,52.155987,52
1168,209,20.98107,9208,2021-06-28 18:44:07,52.132805,54
1169,211,20.982651,9209,2021-06-28 18:44:02,52.302567,4
1170,177,20.883677,9210,2021-06-28 18:44:09,52.205738,3
1171,809,21.006311,9212,2021-06-28 18:44:09,52.123642,53
1172,211,20.945584,9213,2021-06-28 18:44:08,52.349863,6
1173,219,21.162802,9215,2021-06-28 18:44:03,52.185078,3
1174,208,20.960196,9216,2021-06-28 18:44:00,52.215786,1
1175,234,21.01405,9217,2021-06-28 18:44:08,52.310387,1
1176,239,21.037659,9218,2021-06-28 18:44:04,52.15387,057
1177,234,21.057417,9219,2021-06-28 18:44:09,52.340954,2
1178,203,20.902838,9220,2021-06-28 18:44:07,52.275108,1
1179,249,20.892061,9221,2021-06-28 18:44:04,52.23328,1
1180,201,20.92651,9224,2021-06-28 18:44:08,52.234024,3
1181,208,20.97291,9225,2021-06-28 18:44:10,52.21228,04
1182,208,20.975451,9226,2021-06-28 18:44:07,52.210037,05
1183,208,20.956291,9227,2021-06-28 18:44:09,52.202087,2
1184,219,21.105221,9228,2021-06-28 18:44:04,52.221718,2
1185,219,21.143944,9229,2021-06-28 18:44:05,52.214111,1
1186,201,20.931576,9230,2021-06-28 18:44:08,52.254314,2
1187,809,21.024832,9232,2021-06-28 18:44:03,52.1427,056
1188,203,20.928402,9234,2021-06-28 18:44:08,52.291092,2
1189,201,20.925137,9235,2021-06-28 18:44:09,52.260643,5
1190,201,20.94574,9236,2021-06-28 18:44:02,52.239273,4
1191,208,20.975658,9238,2021-06-28 18:44:02,52.210297,03
1192,207,20.896273,9239,2021-06-28 18:44:03,52.196259,02
1193,177,20.900759,9240,2021-06-28 18:44:03,52.19025,1
1194,133,20.981733,9241,2021-06-28 18:44:06,52.35173,3
1195,211,20.961342,9243,2021-06-28 18:44:07,52.314686,5
1196,207,20.906002,9244,2021-06-28 18:44:06,52.192886,01
1197,211,21.000765,9245,2021-06-28 18:44:06,52.291096,3
1198,164,21.086239,9246,2021-06-28 18:44:08,52.160496,04
1199,201,20.925049,9247,2021-06-28 18:44:09,52.260582,1
1200,177,20.866638,9248,2021-06-28 18:44:07,52.19656,2
1201,164,21.060167,9250,2021-06-28 18:44:07,52.192829,3
1202,164,21.144114,9251,2021-06-28 18:44:09,52.139011,2
1203,164,21.093136,9252,2021-06-28 18:44:04,52.160854,1
1204,211,20.948297,9254,2021-06-28 18:44:04,52.331985,09
1205,199,21.076164,9301,2021-06-28 18:44:09,52.28783,06
1206,739,21.024292,9302,2021-06-28 18:44:02,52.179848,2
1207,739,21.018108,9304,2021-06-28 18:44:05,52.133614,3
1208,179,21.05596,9311,2021-06-28 17:44:09,52.131748,10
1209,123,21.06514,9312,2021-06-28 18:44:10,52.233269,08
1210,179,21.068649,9313,2021-06-28 18:44:08,52.128902,11
1211,153,21.177092,9314,2021-06-28 18:44:09,52.256897,2
1212,179,21.056845,9315,2021-06-28 18:44:07,52.152138,2
1213,135,21.046637,9316,2021-06-28 18:44:02,52.248291,3
1214,135,21.035952,9317,2021-06-28 18:44:08,52.251148,6
1215,135,21.03183,9318,2021-06-28 18:44:06,52.262104,2
1216,135,21.034189,9319,2021-06-28 18:44:02,52.262878,1
1217,179,21.036526,9320,2021-06-28 18:44:06,52.154934,4
1218,179,21.036963,9321,2021-06-28 18:44:09,52.162086,5
1219,123,21.052343,9322,2021-06-28 18:44:03,52.25021,5
1220,135,21.0845309,9323,2021-06-28 18:44:08,52.2305637,07
1221,179,21.053024,9324,2021-06-28 18:44:09,52.154297,9
1222,179,21.049646,9325,2021-06-28 18:44:04,52.137573,51
1223,256,21.055229,9326,2021-06-28 18:44:08,52.275417,2
1224,142,21.242058,9327,2021-06-28 18:44:01,52.169876,3
1225,179,21.034157,9328,2021-06-28 18:44:06,52.144409,8
1226,153,21.157225,9329,2021-06-28 18:44:09,52.263233,04
1227,123,21.0773959,9331,2021-06-28 09:44:24,52.2687066,07
1228,123,21.077486,9332,2021-06-28 15:39:21,52.268074,08
1229,142,21.094425,9333,2021-06-28 18:44:09,52.243923,5
1230,739,21.026127,9334,2021-06-28 18:44:07,52.098896,1
1231,153,21.15394,9335,2021-06-28 18:44:04,52.2673,3
1232,135,21.10438,9336,2021-06-28 18:44:09,52.245113,5
1233,739,21.0771987,9337,2021-06-28 16:56:14,52.2682345,2
1234,179,21.037149,9338,2021-06-28 18:44:05,52.162102,6
1235,256,21.080921,9339,2021-06-28 18:44:07,52.27737,1
1236,153,21.172543,9340,2021-06-28 18:44:05,52.285439,1
1237,142,21.167559,9341,2021-06-28 18:44:09,52.172115,4
1238,739,21.039728,9342,2021-06-28 18:44:08,52.080605,4
1239,256,21.06671,9343,2021-06-28 18:44:04,52.319828,4
1240,135,21.0867164,9344,2021-06-28 18:44:10,52.2365097,08
1241,739,21.040014,9345,2021-06-28 18:44:10,52.080814,05
1242,179,21.028511,9346,2021-06-28 18:44:05,52.155399,7
1243,135,21.107201,9347,2021-06-28 18:44:07,52.248398,4
1244,123,21.072332,9348,2021-06-28 18:44:06,52.25164,09
1245,179,21.025835,9349,2021-06-28 18:44:09,52.142517,3
1246,123,21.05118,9350,2021-06-28 18:44:06,52.252598,357
1247,142,21.084743,9351,2021-06-28 18:44:02,52.244423,1
1248,123,21.100868,9352,2021-06-28 18:44:05,52.242657,6
1249,739,21.017511,9353,2021-06-28 18:44:05,52.146641,06
1250,123,21.091076,9354,2021-06-28 18:44:09,52.222034,07
1251,199,21.140217,9355,2021-06-28 18:44:05,52.286213,05
1252,256,21.066639,9356,2021-06-28 18:44:02,52.321899,3
1253,142,21.159075,9357,2021-06-28 18:44:02,52.170677,2
1254,142,21.077633,9358,2021-06-28 16:02:28,52.267822,4
1255,256,21.063749,9359,2021-06-28 18:44:09,52.272976,5
1256,176,20.982372,9403,2021-06-28 18:44:08,52.355568,1
1257,176,21.009384,9405,2021-06-28 18:44:05,52.303444,05
1258,176,20.982206,9412,2021-06-28 18:44:04,52.35561,3
1259,197,20.940634,9413,2021-06-28 18:44:06,52.225918,012
1260,197,20.93886,9414,2021-06-28 18:44:07,52.246841,014
1261,103,20.968489,9415,2021-06-28 18:44:06,52.222057,2
1262,102,21.007044,9416,2021-06-28 18:44:09,52.238388,3
1263,157,20.995764,9417,2021-06-28 18:44:09,52.258446,7
1264,712,20.860697,9418,2021-06-28 18:44:09,52.269379,02
1265,516,20.952522,9420,2021-06-28 18:44:09,52.318821,5
1266,157,20.963734,9423,2021-06-28 18:44:08,52.20805,1
1267,103,20.968863,9424,2021-06-28 18:44:09,52.222126,4
1268,123,21.051229,9425,2021-06-28 18:44:05,52.239189,1
1269,157,20.992668,9426,2021-06-28 18:44:05,52.262028,3
1270,157,20.975489,9427,2021-06-28 18:44:09,52.289524,4
1271,157,20.983797,9428,2021-06-28 18:44:06,52.218143,9
1272,103,20.95454,9429,2021-06-28 18:44:08,52.285011,6
1273,157,20.963881,9432,2021-06-28 18:44:04,52.207958,10
1274,176,20.994953,9434,2021-06-28 18:44:09,52.322445,04
1275,516,20.999649,9435,2021-06-28 18:44:07,52.293789,1
1276,157,20.98505,9436,2021-06-28 18:44:06,52.2463,2
1277,157,20.97296,9437,2021-06-28 18:44:09,52.281204,6
1278,197,20.93265,9438,2021-06-28 18:44:09,52.253189,011
1279,197,20.952179,9439,2021-06-28 18:44:08,52.280399,016
1280,516,20.954708,9440,2021-06-28 18:44:06,52.320335,3
1281,123,21.050732,9441,2021-06-28 18:44:07,52.252449,3
1282,103,20.967382,9442,2021-06-28 18:44:08,52.227947,5
1283,102,21.087788,9443,2021-06-28 18:44:08,52.250195,1
1284,103,20.968676,9444,2021-06-28 18:44:09,52.222095,3
1285,103,20.926901,9445,2021-06-28 18:44:09,52.290237,7
1286,103,20.952921,9446,2021-06-28 18:44:04,52.262737,1
1287,123,21.094069,9447,2021-06-28 18:44:05,52.228065,4
1288,157,20.980207,9448,2021-06-28 18:44:08,52.216743,011
1289,516,20.942041,9449,2021-06-28 18:44:04,52.333942,4
1290,102,21.050285,9450,2021-06-28 18:44:07,52.237659,2
1291,157,20.976572,9451,2021-06-28 18:44:05,52.289894,5
1292,157,20.986637,9452,2021-06-28 18:44:05,52.240299,8
1293,176,21.030853,9453,2021-06-28 18:44:09,52.288101,2
1294,197,20.94998,9454,2021-06-28 18:44:07,52.280647,015
1295,712,20.927275,9455,2021-06-28 18:44:07,52.291187,1
1296,743,20.930265,9456,2021-06-28 18:44:06,52.224861,1
1297,197,20.931055,9457,2021-06-28 18:44:08,52.225143,013
1298,103,20.950546,9458,2021-06-28 18:44:10,52.289536,8
1299,194,20.929373333,9501,2021-06-28 18:44:05,52.2240925,5
1300,707,20.897244667,9502,2021-06-28 18:44:09,52.130640833,1
1301,159,21.085152833,9503,2021-06-28 18:44:07,52.19326,1
1302,103,20.972008167,9505,2021-06-28 18:44:10,52.254931,09
1303,103,20.927378167,9506,2021-06-28 18:44:10,52.289979167,011
1304,220,20.913176667,9509,2021-06-28 18:44:05,52.252361,3
1305,194,20.861088167,9510,2021-06-28 18:44:09,52.1918845,06
1306,737,21.036817,9511,2021-06-28 18:44:07,52.1619915,56
1307,220,20.936726167,9513,2021-06-28 18:44:07,52.171757833,5
1308,715,21.024584,9514,2021-06-28 18:44:10,52.142850667,53
1309,181,20.899865667,9515,2021-06-28 18:44:08,52.297151667,2
1310,737,20.9725015,9516,2021-06-28 18:44:09,52.093741333,54
1311,149,20.9423285,9519,2021-06-28 18:44:10,52.245747667,2
1312,159,21.051463,9520,2021-06-28 18:44:06,52.198938167,8
1313,715,20.9433955,9521,2021-06-28 18:44:08,52.175817833,1
1314,220,20.894808,9522,2021-06-28 18:44:06,52.203085167,4
1315,220,20.8967455,9523,2021-06-28 18:44:05,52.235303833,07
1316,220,20.925039333,9524,2021-06-28 18:44:06,52.260758167,2
1317,194,20.891787833,9525,2021-06-28 18:44:05,52.205984667,3
1318,181,20.955467833,9526,2021-06-28 18:44:07,52.284012333,1
1319,715,21.036939833,9528,2021-06-28 18:44:06,52.161981,058
1320,715,20.944699,9529,2021-06-28 18:44:10,52.147190833,52
1321,707,20.940309167,9530,2021-06-28 18:44:10,52.087787167,03
1322,159,20.9546385,9531,2021-06-28 18:44:06,52.211960167,4
1323,194,20.93085,9532,2021-06-28 18:44:09,52.225076,1
1324,181,20.986311667,9533,2021-06-28 18:44:06,52.269550167,4
1325,181,20.931863833,9534,2021-06-28 18:44:09,52.306616833,3
1326,159,21.024670333,9535,2021-06-28 18:44:10,52.223975333,7
1327,159,20.971787833,9537,2021-06-28 18:44:07,52.220189167,6
1328,737,20.907692,9539,2021-06-28 18:44:10,52.0604755,059
1329,220,20.896772333,9540,2021-06-28 18:44:06,52.2305595,1
1330,220,20.8966665,9542,2021-06-28 18:44:06,52.196046333,6
1331,737,21.031785167,9544,2021-06-28 18:44:04,52.148922833,07
1332,220,20.943932167,9545,2021-06-28 18:44:07,52.175613167,08
1333,149,20.896868667,9546,2021-06-28 18:43:57,52.240241833,5
1334,220,20.915185,9548,2021-06-28 18:44:09,52.253614,09
1335,149,20.947530333,9550,2021-06-28 18:44:10,52.246234,1
1336,715,20.999630333,9551,2021-06-28 18:44:05,52.1099035,55
1337,149,20.916275833,9552,2021-06-28 18:44:10,52.239327167,3
1338,194,20.864904167,9554,2021-06-28 18:44:09,52.190888833,07
1339,194,20.929718,9555,2021-06-28 18:44:07,52.223905667,2
1340,159,20.996778833,9556,2021-06-28 18:44:09,52.223405667,3
1341,149,20.878968833,9557,2021-06-28 18:44:09,52.248180333,4
1342,194,20.891455167,9558,2021-06-28 18:44:09,52.205926667,4
1343,159,20.954824333,9560,2021-06-28 18:44:06,52.212035333,5
1344,159,21.0458905,9561,2021-06-28 18:44:08,52.215992833,2
1345,118,21.015635,9671,2021-06-28 18:44:09,52.219219,2
1346,118,21.002932,9672,2021-06-28 18:44:07,52.290791,5
1347,326,21.061693,9673,2021-06-28 18:44:05,52.361774,04
1348,118,21.007755,9674,2021-06-28 18:44:06,52.259968,8
1349,152,21.004292,9676,2021-06-28 18:44:06,52.336342,5
1350,212,21.038113,9677,2021-06-28 18:44:02,52.263359,06
1351,118,21.042568,9678,2021-06-28 18:44:07,52.29818,7
1352,118,21.033653,9679,2021-06-28 18:44:09,52.23037,1
1353,326,21.014538,9680,2021-06-28 18:44:02,52.317444,02
1354,152,20.971611,9681,2021-06-28 18:44:03,52.322247,2
1355,212,21.056923,9682,2021-06-28 18:44:07,52.301884,5
1356,152,20.952562,9683,2021-06-28 18:44:01,52.317108,4
1357,212,21.057081,9684,2021-06-28 18:44:04,52.301834,1
1358,212,21.056734,9685,2021-06-28 18:44:09,52.274929,2
1359,326,20.988789,9686,2021-06-28 18:44:07,52.309628,05
1360,326,21.061893,9688,2021-06-28 18:44:02,52.361691,03
1361,118,21.020435,9689,2021-06-28 18:44:07,52.246853,4
1362,212,21.027128,9690,2021-06-28 18:44:09,52.259579,3
1363,326,20.969784,9692,2021-06-28 18:44:05,52.271976,01
1364,212,21.064199,9693,2021-06-28 18:44:04,52.273556,4
1365,152,21.060577,9695,2021-06-28 18:44:04,52.314945,1
1366,118,21.041365,9696,2021-06-28 18:44:03,52.300095,6
1367,118,21.01565,9697,2021-06-28 18:44:09,52.221634,3
1368,152,20.967419,9698,2021-06-28 18:44:02,52.332062,3
1369,710,21.136604,9801,2021-06-28 18:44:04,52.095951,4
1370,525,21.196611,9802,2021-06-28 18:44:00,52.20829,1
1371,127,20.960779,9804,2021-06-28 18:44:02,52.215958,56
1372,710,21.011657,9805,2021-06-28 18:44:10,52.074035,2
1373,719,20.910517,9806,2021-06-28 18:44:02,52.239063,1
1374,710,21.067671,9810,2021-06-28 18:44:04,52.129299,5
1375,719,20.736788,9812,2021-06-28 18:44:05,52.251984,3
1376,109,20.941743,9813,2021-06-28 18:08:00,52.239395,08
1377,Z10,20.929548,9814,2021-06-28 18:44:06,52.223244,2
1378,525,21.020248,9815,2021-06-28 18:44:06,52.218067,09
1379,742,21.091414,9816,2021-06-28 18:44:08,52.131092,1
1380,719,20.903011,9818,2021-06-28 18:44:10,52.239028,04
1381,719,20.734428,9820,2021-06-28 18:44:03,52.252266,2
1382,710,21.125511,9821,2021-06-28 18:44:08,52.099895,1
1383,184,20.963295,9823,2021-06-28 18:44:09,52.216854,010
1384,525,21.085449,9825,2021-06-28 18:24:36,52.236231,5
1385,525,21.126673,9826,2021-06-28 18:44:08,52.234169,7
1386,185,21.047692,9827,2021-06-28 18:44:02,52.210701,8
1387,127,21.014889,9828,2021-06-28 18:44:01,52.230423,4
1388,525,21.037135,9829,2021-06-28 18:44:08,52.222395,6
1389,Z10,20.912613,9830,2021-06-28 18:44:04,52.242794,8
1390,127,20.986687,9833,2021-06-28 18:44:06,52.22443,1
1391,525,21.003811,9834,2021-06-28 18:44:02,52.2295,4
1392,742,21.212812,9835,2021-06-28 18:44:03,51.98967,02
1393,525,21.078556,9836,2021-06-28 18:44:07,52.234844,3
1394,185,21.021942,9837,2021-06-28 18:44:10,52.142525,12
1395,525,21.112854,9838,2021-06-28 18:44:03,52.232952,2
1396,724,21.100035,9839,2021-06-28 18:44:06,52.134029,1
1397,127,20.918238,9840,2021-06-28 18:44:05,52.20842,6
1398,724,21.023256,9841,2021-06-28 18:44:07,52.071888,02
1399,127,20.895435,9843,2021-06-28 18:44:10,52.208782,7
1400,127,21.021343,9844,2021-06-28 18:44:09,52.244316,09
1401,127,21.019468,9845,2021-06-28 18:44:08,52.246273,3
1402,Z10,20.924206,9846,2021-06-28 18:43:57,52.260273,6
1403,Z10,20.913214,9847,2021-06-28 18:44:06,52.238159,4
1404,109,20.99217,9849,2021-06-28 18:44:08,52.231762,6
1405,109,21.040674,9851,2021-06-28 18:44:04,52.225807,5
1406,109,21.041117,9852,2021-06-28 18:44:02,52.2216,4
1407,109,20.898725,9853,2021-06-28 18:44:02,52.238461,1
1408,127,20.923634,9854,2021-06-28 18:44:09,52.2048,335
1409,210,20.767387,9902,2021-06-28 18:44:06,52.307812,5
1410,140,21.111448,9903,2021-06-28 18:44:04,52.360794,04
1411,520,21.096376,9905,2021-06-28 18:44:04,52.234802,011
1412,520,21.065092,9906,2021-06-28 18:44:08,52.22905,3
1413,140,21.057539,9907,2021-06-28 18:44:06,52.274731,08
1414,140,21.095465,9908,2021-06-28 18:44:09,52.311546,09
1415,140,21.111189,9909,2021-06-28 18:44:09,52.360889,2
1416,719,20.586376,9912,2021-06-28 18:44:07,52.257576,05
1417,520,21.155926,9913,2021-06-28 18:44:07,52.240379,08
1418,520,21.014902,9914,2021-06-28 18:44:05,52.224979,09
1419,520,21.008791,9915,2021-06-28 18:44:09,52.235081,6
1420,520,21.015806,9916,2021-06-28 18:44:06,52.22226,4
1421,193,20.995691,9918,2021-06-28 18:44:09,52.170151,2
1422,193,21.031841,9919,2021-06-28 18:44:06,52.173477,3
1423,140,21.088575,9920,2021-06-28 18:44:08,52.302879,05
1424,520,21.002134,9922,2021-06-28 18:44:09,52.243118,5
1425,193,21.036606,9923,2021-06-28 18:44:08,52.160072,4
1426,193,20.995392,9926,2021-06-28 18:44:07,52.170208,1
1427,520,21.001953,9927,2021-06-28 18:44:07,52.243225,010
1428,140,21.058634,9928,2021-06-28 18:44:08,52.274342,3
1429,186,20.952946,9929,2021-06-28 18:44:08,52.318188,12
1430,193,21.036274,9930,2021-06-28 18:44:08,52.162254,5
1431,186,20.98373,9932,2021-06-28 18:44:06,52.308037,4
1432,520,21.128336,9933,2021-06-28 18:44:09,52.234627,2
1433,186,20.942244,9934,2021-06-28 18:44:07,52.334122,2
1434,520,21.128719,9935,2021-06-28 18:44:06,52.235714,1
1435,186,20.978811,9936,2021-06-28 18:44:08,52.207794,6
1436,520,21.074909,9937,2021-06-28 18:44:10,52.233036,7
1437,186,20.940956,9940,2021-06-28 18:44:06,52.328308,3
1438,186,20.96372,9941,2021-06-28 18:44:08,52.207798,8
1439,210,20.837452,9942,2021-06-28 18:44:09,52.291157,4
1440,109,20.919018,9943,2021-06-28 18:44:07,52.239845,2
1441,186,20.9638257,9945,2021-06-28 18:44:08,52.2078387,9
1442,210,20.930517,9946,2021-06-28 18:44:06,52.290707,3
1443,109,20.993156,9948,2021-06-28 18:44:05,52.232098,3
1444,210,20.81271,9949,2021-06-28 18:44:05,52.29319,1
1445,210,20.933285,9950,2021-06-28 18:44:10,52.288918,2
1446,186,20.954533,9951,2021-06-28 18:44:06,52.262749,5
1447,186,20.971249,9953,2021-06-28 18:44:09,52.206039,67
1448,140,21.121004,9954,2021-06-28 18:44:07,52.34259,1
1449,o97B,21.423098,9999,2021-06-28 14:27:55,50.302967,7
