,Lines,Lon,VehicleNumber,Time,Lat,Brigade
0,213,21.0900323,1001,2021-06-28 16:53:07,52.2199426,1
1,213,21.2321958,1003,2021-06-28 16:53:07,52.1797913,05
2,213,21.224176,1004,2021-06-28 16:53:07,52.159075,3
3,196,21.1689795,1005,2021-06-28 16:53:02,52.2639716,2
4,196,21.177105,1008,2021-06-28 16:52:56,52.25688,03
5,213,21.1117056,1009,2021-06-28 16:53:08,52.2130846,4
6,213,21.188771,1010,2021-06-28 16:52:53,52.149831,2
7,311,21.0917921,1012,2021-06-28 16:53:07,52.2219558,1
8,196,21.1762228,1014,2021-06-28 16:53:08,52.2567896,1
9,311,21.0805571,1015,2021-06-28 16:53:03,52.2415885,2
10,365,21.01321,1021,2021-06-28 16:53:10,52.179691,01
11,107,21.001621,1023,2021-06-28 16:53:09,52.243969,3
12,163,21.0889052,1025,2021-06-28 16:53:10,52.1599471,2
13,107,21.046009,1026,2021-06-28 16:53:09,52.202202,5
14,108,21.0241837,1027,2021-06-28 16:53:09,52.1796654,1
15,108,21.0758564,1028,2021-06-28 16:53:10,52.2079731,5
16,108,21.052086,1029,2021-06-28 16:53:10,52.179279,6
17,365,20.9966064,1031,2021-06-28 16:53:10,52.169785,02
18,108,21.0231641,1033,2021-06-28 16:53:08,52.2288357,4
19,163,21.081446,1034,2021-06-28 16:53:08,52.184746,1
20,192,21.0243274,1037,2021-06-28 16:53:09,52.1799119,7
21,108,21.047299,1038,2021-06-28 16:52:49,52.211756,3
22,365,21.0242747,1039,2021-06-28 16:53:07,52.1797746,03
23,107,21.036946,1040,2021-06-28 16:53:08,52.221829,6
24,107,20.979108,1042,2021-06-28 16:53:08,52.244473,2
25,107,21.01248,1043,2021-06-28 16:53:06,52.239983,07
26,107,21.033353,1045,2021-06-28 16:52:57,52.222028,4
27,204,21.02315,1046,2021-06-28 16:53:01,52.277238,05
28,204,21.049333,1047,2021-06-28 16:53:01,52.325356,1
29,204,21.060466,1048,2021-06-28 16:53:05,52.315018,04
30,228,20.9806867,1050,2021-06-28 16:52:53,52.1885767,1
31,228,20.927714,1051,2021-06-28 16:52:25,52.214253,2
32,328,20.99461,1052,2021-06-28 16:52:48,52.15614,01
33,129,20.8906683,1053,2021-06-28 16:52:54,52.1937283,4
34,228,20.893043,1054,2021-06-28 16:53:05,52.200324,3
35,129,20.91507,1055,2021-06-28 16:52:52,52.231814,3
36,328,20.994734,1058,2021-06-28 16:53:01,52.150851,02
37,129,20.920731,1059,2021-06-28 16:52:55,52.209485,1
38,328,20.936687,1061,2021-06-28 16:53:08,52.201725,03
39,192,21.048067,1062,2021-06-28 16:53:07,52.138924,51
40,192,21.042805,1064,2021-06-28 16:53:10,52.154545,2
41,163,21.0851204,1065,2021-06-28 16:53:08,52.1619779,04
42,107,20.979444,1066,2021-06-28 16:53:10,52.244587,1
43,163,21.0489839,1068,2021-06-28 16:53:10,52.178298,3
44,192,21.0687361,1069,2021-06-28 16:53:10,52.1288996,4
45,163,21.096092,1070,2021-06-28 16:53:10,52.1870384,05
46,192,21.0175017,1074,2021-06-28 16:53:08,52.1558046,6
47,108,21.0661347,1076,2021-06-28 16:53:10,52.1848149,2
48,192,21.075434,1077,2021-06-28 16:53:06,52.133308,3
49,192,21.023895,1079,2021-06-28 16:53:07,52.179966,1
50,736,20.981764,1101,2021-06-28 16:53:05,52.391369,02
51,132,21.049378,1109,2021-06-28 16:53:04,52.32142,2
52,303,20.9862471,1112,2021-06-28 16:53:01,52.269421,3
53,147,21.051559,1113,2021-06-28 16:53:06,52.2473513,06
54,152,20.958191,1114,2021-06-28 16:52:50,52.31629,06
55,166,21.0462735,1115,2021-06-28 16:53:02,52.2485021,09
56,132,20.9688011,1116,2021-06-28 16:53:05,52.2720425,3
57,122,20.898863,1117,2021-06-28 16:53:04,52.238579,09
58,197,20.9758978,1118,2021-06-28 16:53:07,52.289539,7
59,126,21.0567985,1119,2021-06-28 16:53:09,52.3018233,3
60,168,21.1126674,1200,2021-06-28 16:53:10,52.2363005,2
61,119,21.1091699,1202,2021-06-28 16:53:08,52.2084642,1
62,178,21.002153,1203,2021-06-28 16:53:08,52.251904,2
63,178,20.899673,1204,2021-06-28 16:53:04,52.19022,5
64,168,21.0016414,1205,2021-06-28 16:53:10,52.1892896,6
65,166,21.04099,1206,2021-06-28 16:53:01,52.170208,1
66,166,21.0239396,1208,2021-06-28 16:53:09,52.2241639,5
67,222,20.995489,1211,2021-06-28 16:53:09,52.191544,4
68,174,21.007402,1212,2021-06-28 16:53:06,52.210312,371
69,174,21.0133912,1213,2021-06-28 16:53:09,52.1765009,3
70,218,21.02166,1214,2021-06-28 16:53:09,52.179901,5
71,166,21.027126,1216,2021-06-28 16:53:07,52.260014,7
72,168,20.9957527,1218,2021-06-28 16:53:10,52.1929706,5
73,119,21.0003237,1220,2021-06-28 16:53:10,52.2061134,5
74,122,20.9857095,1400,2021-06-28 16:53:02,52.2699386,012
75,121,20.9251643,1401,2021-06-28 16:53:06,52.2724956,04
76,134,21.0590028,1403,2021-06-28 16:53:05,52.3065868,1
77,110,20.883519,1407,2021-06-28 16:52:59,52.3068703,05
78,240,21.040694,1408,2021-06-28 16:52:50,52.288096,4
79,173,21.224247,1411,2021-06-28 16:53:07,52.2505,5
80,117,21.094682,1412,2021-06-28 16:53:08,52.2213145,1
81,702,21.268749,1413,2021-06-28 16:53:08,52.098999,2
82,168,21.09341,1415,2021-06-28 16:53:10,52.22707,1
83,202,21.069717,1416,2021-06-28 16:53:10,52.250278,04
84,183,21.129385,1418,2021-06-28 16:53:09,52.235703,6
85,147,21.0432705,1419,2021-06-28 16:53:10,52.2382464,2
86,199,21.052992,1422,2021-06-28 16:53:08,52.2764014,4
87,198,21.222376,1423,2021-06-28 16:53:10,52.240738,05
88,173,21.2426,1424,2021-06-28 16:53:10,52.217,6
89,115,21.1738792,1425,2021-06-28 16:53:10,52.2066871,4
90,173,21.1979882,1426,2021-06-28 16:53:09,52.2478282,8
91,147,21.226795,1427,2021-06-28 16:53:08,52.216774,4
92,146,21.204666,1428,2021-06-28 16:53:10,52.159512,2
93,142,21.144279,1430,2021-06-28 16:53:06,52.185238,06
94,L41,20.869436,14422,2021-06-28 16:53:04,52.392475,1
95,L10,20.935028,14423,2021-06-28 16:53:11,52.397896,1
96,L11,20.943779,14424,2021-06-28 16:53:07,52.399082,1
97,L10,20.946848,14425,2021-06-28 16:53:11,52.47823,50
98,L-8,20.945215,14426,2021-06-28 14:51:54,52.437912,1
99,L41,20.933672,14427,2021-06-28 16:53:05,52.374454,02
100,L11,20.788647,14429,2021-06-28 16:53:05,52.438137,57
101,L34,20.847082,14430,2021-06-28 16:53:13,52.443069,2
102,L34,20.924862,14431,2021-06-28 16:53:10,52.391861,1
103,L11,20.860813,14432,2021-06-28 16:53:06,52.447369,51
104,L-8,21.083616,14434,2021-06-28 16:53:05,52.411491,02
105,L-8,20.991789,14435,2021-06-28 16:53:10,52.402458,1
106,L49,20.884798,14436,2021-06-28 16:53:08,52.411358,1
107,L31,21.10692,14438,2021-06-28 16:53:07,52.442234,1
108,L-9,20.967428,14439,2021-06-28 16:53:07,52.448303,054
109,L-9,20.949286,14440,2021-06-28 16:53:05,52.403976,055
110,134,20.964523,1500,2021-06-28 16:52:51,52.273488,04
111,134,21.047704,1501,2021-06-28 16:53:04,52.3288181,3
112,110,20.946201,1502,2021-06-28 16:52:50,52.277111,2
113,240,21.0008273,1505,2021-06-28 16:53:02,52.2913741,06
114,132,21.0790311,1506,2021-06-28 16:53:07,52.3225288,07
115,134,20.9683443,1507,2021-06-28 16:53:00,52.2719383,2
116,126,20.9438778,1508,2021-06-28 16:52:56,52.322697,5
117,132,21.0682071,1509,2021-06-28 16:53:10,52.3238341,05
118,166,21.0359611,1510,2021-06-28 16:53:02,52.2534148,6
119,126,21.007459,1513,2021-06-28 16:52:56,52.306163,4
120,197,20.953376,1514,2021-06-28 16:53:02,52.276384,6
121,197,20.949491,1515,2021-06-28 16:53:05,52.270038,8
122,121,20.9701061,1516,2021-06-28 16:53:06,52.2723826,1
123,173,21.084324,1519,2021-06-28 16:52:56,52.244481,10
124,202,21.128701,1521,2021-06-28 16:53:05,52.240158,07
125,202,21.0890233,1522,2021-06-28 16:53:09,52.2501733,3
126,146,21.059933,1523,2021-06-28 16:53:09,52.22372,08
127,730,21.377741,1524,2021-06-28 16:53:08,52.199399,052
128,119,21.052949,1525,2021-06-28 16:53:06,52.198068,06
129,147,21.046209,1526,2021-06-28 16:52:52,52.236406,09
130,198,21.242843,1528,2021-06-28 16:53:06,52.217491,3
131,702,21.2055733,1530,2021-06-28 16:52:58,52.120675,03
132,198,21.243169,1531,2021-06-28 16:53:10,52.22169,2
133,115,21.191606,1533,2021-06-28 16:52:54,52.181803,2
134,142,21.087365,1534,2021-06-28 16:53:09,52.2447,07
135,198,21.223618,1535,2021-06-28 16:53:04,52.253838,1
136,106,21.017973,1537,2021-06-28 16:52:56,52.237046,4
137,170,21.057986,1538,2021-06-28 16:53:05,52.263145,4
138,120,21.05112,1539,2021-06-28 16:52:56,52.2525967,1
139,199,21.1044683,1540,2021-06-28 16:53:07,52.294755,1
140,156,20.9370967,1541,2021-06-28 16:53:02,52.28718,1
141,170,21.082458,1542,2021-06-28 16:53:03,52.275906,1
142,156,21.048051,1543,2021-06-28 16:53:03,52.286188,3
143,338,21.1008667,1544,2021-06-28 16:53:01,52.2606133,01
144,122,20.912794,1546,2021-06-28 16:52:57,52.252474,013
145,338,21.091138,1548,2021-06-28 16:52:53,52.263723,04
146,199,21.179715,1549,2021-06-28 16:52:05,52.269108,2
147,170,21.02342,1550,2021-06-28 16:53:01,52.2612217,3
148,240,21.0905467,1551,2021-06-28 16:53:01,52.3209583,3
149,221,20.9952283,1552,2021-06-28 16:53:04,52.259475,2
150,106,21.026955,1554,2021-06-28 16:52:57,52.239789,06
151,L-4,21.01676,17451,2021-06-28 16:53:07,52.09676,1
152,L26,21.154003,17452,2021-06-28 16:53:02,52.312428,02
153,L37,21.246265,17453,2021-06-28 16:53:12,52.34811,1
154,L40,21.099623,17454,2021-06-28 16:53:10,52.335495,1
155,L36,21.28369,17456,2021-06-28 16:53:08,52.366455,1
156,L35,21.234442,17458,2021-06-28 16:53:10,52.343216,1
157,L26,21.196621,17460,2021-06-28 16:53:11,52.339443,1
158,L46,21.114838,17461,2021-06-28 16:53:06,52.317982,1
159,L43,21.15473,17462,2021-06-28 16:53:04,52.313316,1
160,L45,21.105154,17464,2021-06-28 16:53:06,52.323238,02
161,L45,21.14192,17465,2021-06-28 16:53:05,52.396587,1
162,L38,21.251136,17466,2021-06-28 16:53:07,52.345745,1
163,L37,21.218784,17467,2021-06-28 16:39:44,52.310253,2
164,L40,21.241528,17468,2021-06-28 16:53:10,52.350109,02
165,197,20.9197326,1800,2021-06-28 16:53:05,52.2210476,4
166,110,20.9157005,1801,2021-06-28 16:52:58,52.2830708,4
167,132,21.0249396,1802,2021-06-28 16:53:02,52.2977591,1
168,166,21.023975,1803,2021-06-28 16:53:04,52.2247246,8
169,122,20.9525143,1804,2021-06-28 16:52:57,52.2625038,5
170,173,21.2103958,1805,2021-06-28 16:53:05,52.2469886,4
171,204,21.0310501,1806,2021-06-28 16:53:05,52.2884991,3
172,122,20.9762948,1807,2021-06-28 16:49:35,52.2898141,4
173,303,20.9388393,1808,2021-06-28 16:53:01,52.3014331,1
174,147,21.0522713,1809,2021-06-28 16:53:02,52.2502463,1
175,166,21.0752006,1810,2021-06-28 16:53:03,52.1331726,2
176,152,21.043346,1811,2021-06-28 10:10:53,52.266126,06
177,204,21.0352566,1812,2021-06-28 16:53:04,52.2965448,2
178,736,21.0123066,1813,2021-06-28 16:52:59,52.3883053,1
179,147,21.092259,1814,2021-06-28 16:53:05,52.224601,07
180,240,21.1188868,1815,2021-06-28 16:53:07,52.3382486,2
181,197,20.9456711,1817,2021-06-28 16:53:00,52.2388955,9
182,240,21.0799468,1818,2021-06-28 16:53:02,52.322625,05
183,221,20.9832576,1819,2021-06-28 16:53:03,52.2598381,1
184,117,21.0506458,1823,2021-06-28 16:52:52,52.237704,05
185,146,21.047988,1826,2021-06-28 16:53:04,52.2477673,4
186,183,21.1332195,1828,2021-06-28 16:53:00,52.2403406,3
187,147,21.0920745,1829,2021-06-28 16:53:06,52.2249445,5
188,722,21.2799376,1830,2021-06-28 16:53:03,52.11811,1
189,147,21.1169918,1832,2021-06-28 09:25:20,52.2330478,09
190,146,21.0588576,1833,2021-06-28 16:53:04,52.2272508,5
191,202,21.116848,1834,2021-06-28 09:35:30,52.233074,04
192,115,21.2412183,1835,2021-06-28 16:52:59,52.1686966,3
193,168,21.113376,1837,2021-06-28 16:53:08,52.233288,07
194,183,21.0872125,1839,2021-06-28 16:53:02,52.24477,1
195,202,21.0434501,1840,2021-06-28 16:53:01,52.2474245,05
196,146,21.178965,1842,2021-06-28 16:53:02,52.156653,07
197,183,21.0869896,1843,2021-06-28 16:53:09,52.2447198,2
198,119,21.165406,1844,2021-06-28 16:52:52,52.204936,3
199,115,21.160548,1846,2021-06-28 16:53:04,52.258398,5
200,730,21.085367,1847,2021-06-28 16:53:04,52.2445333,61
201,119,21.0226195,1848,2021-06-28 16:53:05,52.2110475,4
202,173,21.1361533,1849,2021-06-28 16:53:05,52.241287,9
203,183,21.182418,1850,2021-06-28 16:52:52,52.247808,4
204,173,21.0526881,1851,2021-06-28 16:53:00,52.250269,1
205,722,21.201508,1854,2021-06-28 16:53:08,52.2245601,53
206,147,21.1558366,1855,2021-06-28 16:52:59,52.202389,3
207,117,21.0051341,1857,2021-06-28 16:53:03,52.2296865,2
208,115,21.1749856,1858,2021-06-28 16:53:06,52.2442463,1
209,146,21.046008,1859,2021-06-28 16:53:04,52.24821,09
210,115,21.1702533,1860,2021-06-28 16:53:02,52.277124,6
211,119,21.1899466,1862,2021-06-28 16:53:04,52.2072226,2
212,173,21.1023048,1863,2021-06-28 16:53:04,52.242303,3
213,146,21.122283,1866,2021-06-28 16:53:08,52.192824,3
214,183,21.1906523,1867,2021-06-28 16:53:07,52.2422446,5
215,147,21.129788,1869,2021-06-28 16:53:04,52.201731,08
216,251,21.0998234,1903,2021-06-28 16:53:03,52.1347074,53
217,168,21.0420839,1904,2021-06-28 16:53:07,52.2067899,09
218,739,21.0241038,1905,2021-06-28 16:53:02,52.1798525,07
219,251,21.1322598,1906,2021-06-28 16:53:04,52.0941639,52
220,139,21.092303,1907,2021-06-28 16:53:00,52.149808,54
221,178,20.9807987,1908,2021-06-28 16:52:52,52.2294666,012
222,222,21.0253374,1909,2021-06-28 16:53:00,52.219761,2
223,222,21.0232131,1910,2021-06-28 16:53:08,52.216349,5
224,251,21.045343,1911,2021-06-28 16:53:08,52.17503,56
225,222,21.005049,1912,2021-06-28 16:53:10,52.244671,6
226,251,21.0239419,1914,2021-06-28 16:53:10,52.1795954,51
227,222,21.006937,1916,2021-06-28 16:53:09,52.189007,3
228,222,21.0106944,1917,2021-06-28 16:53:09,52.191787,4
229,739,21.018488,1918,2021-06-28 16:53:08,52.117176,08
230,139,21.043486,1919,2021-06-28 16:53:10,52.175217,55
231,222,21.004887,1920,2021-06-28 16:53:09,52.244789,1
232,178,20.9143432,1991,2021-06-28 16:53:07,52.200109,010
233,178,21.014894,1993,2021-06-28 16:53:10,52.242741,1
234,168,21.0154576,1994,2021-06-28 16:53:08,52.2088316,08
235,178,20.9544217,1995,2021-06-28 16:53:10,52.2132366,3
236,178,20.9359285,1996,2021-06-28 16:53:08,52.2014564,6
237,178,20.8859557,1998,2021-06-28 16:53:10,52.1814266,4
238,178,20.9098129,1999,2021-06-28 16:53:10,52.1944249,013
239,105,20.89756,2001,2021-06-28 16:53:08,52.221451,1
240,136,21.0556877,2003,2021-06-28 16:53:09,52.1473544,6
241,Z10,20.9151114,2006,2021-06-28 16:53:09,52.2321966,3
242,188,21.037699,2007,2021-06-28 16:53:06,52.222321,09
243,517,21.008444,2008,2021-06-28 16:53:05,52.235134,07
244,191,20.870363,2009,2021-06-28 16:53:06,52.183628,3
245,184,20.9440419,2010,2021-06-28 16:53:09,52.244288,4
246,124,20.93891,2011,2021-06-28 16:53:07,52.171745,03
247,401,20.8620682,2013,2021-06-28 16:53:08,52.1903297,1
248,182,21.1129652,2014,2021-06-28 16:53:09,52.2362709,012
249,171,21.0098247,2015,2021-06-28 16:53:08,52.2333782,1
250,401,21.026556,2016,2021-06-28 16:53:10,52.170368,011
251,190,20.937674,2019,2021-06-28 16:53:10,52.23962,014
252,191,20.9677454,2020,2021-06-28 16:53:05,52.2142824,7
253,401,21.018885,2021,2021-06-28 16:53:09,52.173531,5
254,522,21.0696977,2022,2021-06-28 16:53:10,52.1645122,013
255,193,20.9953324,2023,2021-06-28 16:53:10,52.1702352,06
256,189,21.0263155,2024,2021-06-28 16:53:09,52.1734257,14
257,401,20.870679,2026,2021-06-28 16:53:10,52.1983194,8
258,522,21.0614207,2027,2021-06-28 16:53:10,52.1766529,318
259,519,21.1008812,2028,2021-06-28 16:53:08,52.1331005,3
260,501,21.0485731,2029,2021-06-28 16:53:10,52.1781259,3
261,189,20.963655,2030,2021-06-28 16:53:07,52.188576,9
262,131,21.012251,2032,2021-06-28 16:53:10,52.229176,10
263,522,21.020317,2033,2021-06-28 16:53:07,52.21154,07
264,189,21.0648021,2035,2021-06-28 16:53:10,52.1860057,12
265,519,21.008869,2036,2021-06-28 16:53:10,52.229183,5
266,501,21.015781,2037,2021-06-28 16:53:10,52.222267,5
267,138,21.02212,2038,2021-06-28 16:53:09,52.207005,010
268,501,21.048291,2040,2021-06-28 16:53:09,52.1781021,2
269,189,20.9490939,2041,2021-06-28 16:53:07,52.1921607,8
270,138,21.018385,2042,2021-06-28 16:53:09,52.21273,012
271,401,20.929626,2044,2021-06-28 16:53:10,52.1959234,012
272,172,21.0358006,2045,2021-06-28 16:53:08,52.2013541,010
273,172,21.0691072,2200,2021-06-28 16:53:08,52.1813935,4
274,523,20.89831,2201,2021-06-28 16:53:09,52.258492,14
275,187,20.8845051,2202,2021-06-28 16:53:07,52.1948344,3
276,136,20.965075,2203,2021-06-28 16:53:09,52.240944,1
277,Z10,20.930788,2204,2021-06-28 16:53:09,52.224979,010
278,171,20.9735687,2205,2021-06-28 16:53:09,52.2375239,011
279,Z10,20.912004,2206,2021-06-28 16:53:10,52.244232,7
280,189,21.021259,2207,2021-06-28 16:53:10,52.173187,10
281,190,20.9147854,2209,2021-06-28 16:53:10,52.2310171,8
282,172,20.9755731,2210,2021-06-28 16:53:09,52.2115789,2
283,122,20.897802,2212,2021-06-28 16:53:06,52.246605,6
284,122,20.9765239,2213,2021-06-28 16:53:09,52.2899075,07
285,136,20.956314,2215,2021-06-28 16:53:05,52.230251,11
286,190,20.9653412,2216,2021-06-28 16:53:05,52.2372641,018
287,401,21.0135249,2217,2021-06-28 16:53:10,52.174212,09
288,Z10,20.916153,2218,2021-06-28 16:53:10,52.225834,5
289,148,21.0873969,2221,2021-06-28 16:53:07,52.2447692,8
290,523,20.898176,2222,2021-06-28 16:53:10,52.258331,1
291,191,20.982643,2223,2021-06-28 16:53:10,52.217716,9
292,189,20.9163811,2224,2021-06-28 16:53:09,52.2204224,2
293,191,20.934652,2225,2021-06-28 16:53:10,52.201721,5
294,517,20.9286427,2226,2021-06-28 16:53:10,52.1964102,3
295,136,20.966722,2231,2021-06-28 16:53:05,52.214497,013
296,189,21.049662,2232,2021-06-28 16:53:06,52.17802,11
297,317,21.043898,2233,2021-06-28 16:53:10,52.173359,08
298,Z10,20.9209385,2235,2021-06-28 16:53:09,52.2581071,011
299,317,20.9478922,2236,2021-06-28 16:53:10,52.1801316,4
300,187,20.925171,2240,2021-06-28 16:53:08,52.1964527,2
301,136,20.983797,2241,2021-06-28 16:53:09,52.198929,9
302,191,20.937775,2243,2021-06-28 16:53:10,52.202202,1
303,171,20.977194,2244,2021-06-28 16:53:10,52.237919,4
304,Z10,20.9124492,2245,2021-06-28 16:53:09,52.2418611,9
305,717,20.964914,2247,2021-06-28 16:53:00,52.218258,3
306,317,20.99943,2249,2021-06-28 16:53:07,52.175346,06
307,189,20.8987747,2252,2021-06-28 16:53:08,52.2386942,4
308,112,21.0506082,2253,2021-06-28 16:53:08,52.2909924,2
309,191,20.9089024,2254,2021-06-28 16:53:09,52.1932024,010
310,141,20.978731,2256,2021-06-28 16:53:10,52.184071,013
311,172,21.0077625,2257,2021-06-28 16:53:10,52.1953447,7
312,317,21.0791197,2258,2021-06-28 16:53:10,52.1673827,1
313,187,20.8687547,2259,2021-06-28 16:53:09,52.1923419,4
314,L48,21.303106,23481,2021-06-28 04:38:21,52.203297,1
315,L47,21.297934,23482,2021-06-28 16:53:07,52.241539,02
316,L47,21.314764,23483,2021-06-28 16:53:09,52.245327,1
317,L20,21.310415,24511,2021-06-28 16:53:08,52.111786,1
318,L20,21.471601,24512,2021-06-28 13:52:17,52.132278,1
319,L20,21.4638,24513,2021-06-28 16:53:07,52.133003,03
320,L20,21.3743,24515,2021-06-28 16:53:07,52.115543,2
321,245,21.0769398,3400,2021-06-28 16:53:08,52.2866518,2
322,112,20.914573,3401,2021-06-28 16:52:54,52.252851,018
323,412,21.0683283,3403,2021-06-28 16:53:05,52.3236186,01
324,112,20.9023561,3404,2021-06-28 16:53:05,52.227932,7
325,412,21.080133,3405,2021-06-28 16:52:59,52.292756,05
326,500,21.0159765,3406,2021-06-28 16:53:04,52.2628123,08
327,500,21.0423145,3408,2021-06-28 16:53:05,52.2851078,2
328,245,21.0529563,3410,2021-06-28 16:53:07,52.276472,05
329,114,21.042561,3411,2021-06-28 16:52:51,52.299181,011
330,500,20.9824748,3413,2021-06-28 16:53:03,52.2531168,1
331,190,21.0766811,3414,2021-06-28 16:53:04,52.288438,027
332,114,20.930453,3415,2021-06-28 16:53:01,52.2916591,09
333,114,20.9812435,3416,2021-06-28 16:53:05,52.26754,010
334,738,21.1814416,3417,2021-06-28 16:53:01,52.4172895,3
335,738,21.1517828,3418,2021-06-28 16:53:04,52.379177,4
336,190,21.054718,3421,2021-06-28 16:53:08,52.2633593,021
337,500,21.0420236,3422,2021-06-28 16:53:00,52.3003011,4
338,185,20.9734516,3423,2021-06-28 16:53:10,52.2801883,10
339,512,21.052514,3424,2021-06-28 16:53:05,52.2527528,2
340,512,21.0519723,3426,2021-06-28 16:53:07,52.2528626,3
341,169,21.038275,3427,2021-06-28 16:53:04,52.2519688,2
342,185,21.0469268,3428,2021-06-28 16:53:03,52.2123459,7
343,500,21.020524,3429,2021-06-28 16:53:09,52.2634971,6
344,169,21.0463221,3430,2021-06-28 16:53:06,52.2515436,3
345,112,21.0467233,3431,2021-06-28 16:53:08,52.286353,3
346,Z26,20.9743501,3432,2021-06-28 16:53:04,52.2354231,1
347,Z26,20.997676,3434,2021-06-28 16:52:50,52.243131,6
348,175,21.0127091,3435,2021-06-28 16:53:04,52.2430463,55
349,509,21.0511788,3437,2021-06-28 16:53:06,52.239316,5
350,132,21.0333913,3438,2021-06-28 16:53:08,52.2996871,06
351,738,21.0528386,3439,2021-06-28 16:53:00,52.2766551,1
352,414,20.9633703,3440,2021-06-28 16:53:00,52.2080476,07
353,512,21.049671,3441,2021-06-28 16:52:49,52.285986,5
354,500,20.9821076,3442,2021-06-28 16:52:59,52.2532536,7
355,509,20.9879955,3443,2021-06-28 16:53:05,52.3046361,11
356,245,21.1127525,3444,2021-06-28 16:53:05,52.2805863,04
357,145,21.0482338,3445,2021-06-28 16:53:07,52.287809,8
358,509,21.0381481,3446,2021-06-28 16:53:00,52.251877,14
359,162,21.0486413,3447,2021-06-28 16:53:07,52.2060685,6
360,190,21.0560291,3448,2021-06-28 16:53:07,52.2640053,2
361,112,20.883036,3449,2021-06-28 16:52:54,52.214799,9
362,112,20.988112,3450,2021-06-28 16:53:06,52.284111,12
363,114,21.043474,3451,2021-06-28 09:14:51,52.2654126,09
364,145,21.0941461,3452,2021-06-28 16:53:04,52.2440833,015
365,527,21.0618703,3453,2021-06-28 16:53:08,52.3094725,2
366,190,21.08845,3454,2021-06-28 16:52:57,52.302869,1
367,145,21.0255271,3455,2021-06-28 16:53:07,52.2869218,5
368,509,21.0402055,3458,2021-06-28 16:53:04,52.250851,355
369,245,21.126543,3459,2021-06-28 16:53:06,52.2793908,1
370,190,21.014477,3460,2021-06-28 16:53:00,52.2474861,022
371,114,20.9771401,3462,2021-06-28 16:53:02,52.2663611,2
372,190,20.896238,3463,2021-06-28 16:53:03,52.2396371,6
373,500,21.0409293,3464,2021-06-28 16:53:08,52.2851848,5
374,114,20.934464,3465,2021-06-28 16:53:06,52.271501,6
375,112,21.041654,3466,2021-06-28 16:53:03,52.292268,1
376,509,20.940799,3467,2021-06-28 16:53:05,52.325386,022
377,245,21.0531816,3468,2021-06-28 16:53:04,52.276404,03
378,114,21.011385,3469,2021-06-28 16:53:08,52.293448,7
379,L17,21.029537,36442,2021-06-28 16:53:11,52.074753,02
380,L19,21.038681,36443,2021-06-28 16:53:08,52.000088,1
381,L17,20.99367,36444,2021-06-28 16:53:10,52.042931,1
382,L19,21.022934,36445,2021-06-28 16:53:07,52.074955,02
383,L30,21.159384,36446,2021-06-28 16:53:10,51.960262,1
384,L28,21.127996,36447,2021-06-28 16:53:10,52.02174,1
385,L30,21.15481,36448,2021-06-28 16:53:12,51.943008,02
386,L42,21.117817,37531,2021-06-28 16:53:08,52.093601,52
387,L21,21.204613,37533,2021-06-28 16:53:01,52.013607,1
388,L16,21.150269,37534,2021-06-28 16:53:09,52.122364,1
389,L14,21.201904,37535,2021-06-28 16:53:10,52.079739,1
390,L15,21.121754,37536,2021-06-28 16:53:09,52.089806,51
391,L39,21.022448,38541,2021-06-28 16:53:11,52.075047,4
392,L23,21.024429,38543,2021-06-28 16:53:07,52.075256,M53
393,L23,21.028484,38544,2021-06-28 16:53:11,52.073879,052
394,L39,20.995121,38545,2021-06-28 16:53:09,52.109982,3
395,L32,20.984669,38546,2021-06-28 16:53:09,52.004005,1
396,L39,21.004555,38547,2021-06-28 05:46:58,52.110222,1
397,L39,21.034285,38548,2021-06-28 16:53:08,52.10004,2
398,L23,21.069906,38549,2021-06-28 16:53:09,52.060005,51
399,L52,21.022741,38550,2021-06-28 16:53:10,52.075005,1
400,L-2,21.029436,39551,2021-06-28 16:37:26,52.075169,062
401,L12,20.896259,39552,2021-06-28 16:53:09,52.007664,063
402,L25,21.132797,39554,2021-06-28 16:53:09,51.969151,02
403,L25,21.037539,39555,2021-06-28 16:53:04,52.063179,1
404,L-2,20.959246,39556,2021-06-28 16:53:05,52.029194,061
405,L12,21.027142,39557,2021-06-28 16:53:06,52.072075,64
406,L-2,21.022539,39558,2021-06-28 16:53:08,52.074768,65
407,L13,21.112368,39560,2021-06-28 16:53:08,52.028969,1
408,L13,21.028061,39561,2021-06-28 16:53:05,52.075314,03
409,L13,21.039944,39562,2021-06-28 16:53:07,52.027149,2
410,L-5,20.988939,39565,2021-06-28 16:53:07,52.049065,1
411,255,20.9578715,4200,2021-06-28 16:53:09,52.2282257,2
412,703,20.8915847,4202,2021-06-28 16:53:09,52.1333035,52
413,197,20.8625644,4205,2021-06-28 16:53:08,52.1903187,2
414,902,20.9223249,4206,2021-06-28 16:30:27,52.1964574,M1
415,255,20.955931,4207,2021-06-28 16:53:07,52.2277354,03
416,154,20.9750889,4209,2021-06-28 16:53:09,52.2115531,4
417,178,20.983725,4210,2021-06-28 16:53:09,52.229984,011
418,154,20.9421259,4211,2021-06-28 16:53:10,52.2300614,010
419,711,20.943986,4212,2021-06-28 16:52:57,52.175286,063
420,154,20.9726302,4213,2021-06-28 16:53:09,52.2181844,1
421,154,20.9186581,4214,2021-06-28 16:53:09,52.239813,8
422,711,20.799507,4215,2021-06-28 16:53:09,52.091606,061
423,122,20.9829379,4216,2021-06-28 16:53:09,52.2728894,3
424,197,20.869677,4217,2021-06-28 16:53:09,52.19812,3
425,197,20.869314,4218,2021-06-28 16:53:08,52.20686,1
426,255,20.931051,4219,2021-06-28 16:53:08,52.225178,1
427,197,20.9409054,4221,2021-06-28 16:53:09,52.2259434,10
428,129,20.9393115,4224,2021-06-28 16:53:02,52.2459149,2
429,121,20.923107,4225,2021-06-28 16:53:08,52.277122,03
430,197,20.944571,4227,2021-06-28 16:53:07,52.243145,5
431,154,20.898426,4228,2021-06-28 16:53:10,52.258343,6
432,902,21.0430282,4229,2021-06-28 16:53:07,52.2384719,M2
433,154,20.8984857,4230,2021-06-28 16:53:09,52.2514066,7
434,178,20.9462339,4231,2021-06-28 16:53:08,52.2077966,9
435,178,20.9048684,4232,2021-06-28 16:53:08,52.1889324,7
436,714,20.9501204,4233,2021-06-28 16:53:07,52.2386314,3
437,729,20.817009,4234,2021-06-28 16:53:06,52.252415,02
438,714,20.7955229,4235,2021-06-28 16:53:10,52.2613962,2
439,L-3,21.021624,42362,2021-06-28 16:53:10,52.079147,02
440,154,20.897486,4237,2021-06-28 16:53:09,52.245426,5
441,154,20.943563,4238,2021-06-28 16:53:09,52.175625,3
442,178,20.959591,4239,2021-06-28 16:53:10,52.219975,8
443,154,20.96191,4240,2021-06-28 16:53:07,52.216995,011
444,714,20.921911,4241,2021-06-28 16:53:08,52.240234,04
445,154,20.9814962,4242,2021-06-28 16:53:09,52.1910552,2
446,154,20.966763,4243,2021-06-28 16:53:08,52.183617,09
447,901,21.022766,4244,2021-06-28 16:53:07,52.228726,1
448,901,21.00345,4246,2021-06-28 16:53:08,52.229504,3
449,714,20.890856,4247,2021-06-28 16:53:07,52.239944,1
450,729,20.819284,4248,2021-06-28 16:53:09,52.252132,1
451,121,20.9597914,4249,2021-06-28 16:53:09,52.2794432,2
452,L-1,20.894779,42494,2021-06-28 16:53:12,52.080582,1
453,L-4,21.0165,42495,2021-06-28 06:12:56,52.098907,2
454,L-3,20.864759,42500,2021-06-28 16:53:03,52.047951,1
455,146,21.1219103,4303,2021-06-28 16:53:06,52.1936998,06
456,119,21.0358324,4304,2021-06-28 16:53:10,52.2019472,07
457,117,21.1025051,4305,2021-06-28 16:53:09,52.2221385,4
458,147,21.2232991,4307,2021-06-28 16:53:10,52.2177807,010
459,142,21.1278092,4308,2021-06-28 16:53:09,52.234002,08
460,198,21.2231541,4309,2021-06-28 16:53:09,52.2234706,04
461,702,21.0936955,4312,2021-06-28 16:53:10,52.2440582,1
462,105,16.9750897,4332,2021-06-26 13:35:37,52.5472771,4
463,N72,16.9763326,4333,2021-06-28 15:21:54,52.5456077,215
464,240,21.040957,4400,2021-06-28 16:53:07,52.289089,1
465,132,20.9677297,4401,2021-06-28 16:53:09,52.2728865,09
466,126,21.02494,4402,2021-06-28 16:53:09,52.286827,2
467,120,21.061752,4403,2021-06-28 16:53:08,52.361843,5
468,166,21.0588134,4404,2021-06-28 16:53:10,52.1402315,3
469,156,20.9462769,4406,2021-06-28 16:53:10,52.2834237,2
470,122,20.9285822,4407,2021-06-28 16:53:10,52.2644062,010
471,134,21.0617304,4408,2021-06-28 16:53:10,52.361832,05
472,106,21.020538,4409,2021-06-28 16:53:09,52.243046,1
473,199,21.1433741,4411,2021-06-28 16:53:08,52.2702742,3
474,173,21.084526,4413,2021-06-28 16:53:10,52.249977,2
475,106,20.98805,4415,2021-06-28 16:53:07,52.234211,2
476,106,21.016869,4416,2021-06-28 16:53:07,52.240704,07
477,170,21.0348312,4417,2021-06-28 16:53:09,52.2582899,2
478,106,20.966099,4418,2021-06-28 16:53:07,52.243248,3
479,120,21.0459219,4419,2021-06-28 16:53:09,52.271812,7
480,901,21.021095,4420,2021-06-28 16:53:07,52.231541,4
481,126,20.974894,4421,2021-06-28 16:53:10,52.317619,1
482,338,21.0393314,4422,2021-06-28 16:53:09,52.2529606,02
483,106,21.020487,4423,2021-06-28 16:53:10,52.243176,5
484,901,21.01116,4424,2021-06-28 16:53:10,52.230682,2
485,156,21.043003,4425,2021-06-28 16:53:08,52.274033,5
486,166,21.050194,4427,2021-06-28 16:53:05,52.158852,4
487,156,21.052107,4428,2021-06-28 16:53:10,52.253002,4
488,303,20.9403326,4429,2021-06-28 16:53:09,52.2820077,2
489,106,20.974758,4430,2021-06-28 16:53:08,52.231979,08
490,338,21.034597,4434,2021-06-28 16:53:07,52.255306,03
491,122,20.9268314,5200,2021-06-28 16:53:03,52.2636133,08
492,171,20.9358491,5201,2021-06-28 16:53:08,52.2398176,8
493,517,20.9566378,5202,2021-06-28 16:53:07,52.214902,09
494,523,20.971041,5203,2021-06-28 16:53:08,52.219578,020
495,401,20.903878,5204,2021-06-28 16:52:47,52.193473,013
496,105,20.8969713,5205,2021-06-28 16:53:09,52.2201643,5
497,131,21.0530632,5206,2021-06-28 16:53:03,52.1965568,2
498,182,20.9744915,5207,2021-06-28 16:53:05,52.2186764,011
499,517,20.9071271,5208,2021-06-28 16:53:02,52.1925373,2
500,184,20.937216,5210,2021-06-28 16:52:49,52.274503,2
501,105,20.971433,5211,2021-06-28 16:53:07,52.228918,09
502,523,20.9191819,5212,2021-06-28 16:53:03,52.2398615,015
503,Z10,20.9128436,5213,2021-06-28 16:52:59,52.2400347,1
504,184,20.9308515,5214,2021-06-28 16:53:00,52.2900378,1
505,523,21.0378026,5215,2021-06-28 16:53:09,52.2225916,7
506,131,21.0153159,5216,2021-06-28 16:53:01,52.2186879,8
507,189,20.9220571,5217,2021-06-28 16:49:01,52.1957361,11
508,122,20.972691,5218,2021-06-28 16:53:07,52.264656,011
509,401,20.9945876,5219,2021-06-28 16:53:04,52.1796943,6
510,124,20.965016,5222,2021-06-28 16:53:04,52.15176,1
511,190,20.8971565,5223,2021-06-28 16:53:04,52.2282576,7
512,517,20.9885107,5224,2021-06-28 16:53:08,52.2249092,4
513,523,20.9873445,5225,2021-06-28 16:52:52,52.2164065,6
514,401,20.9803514,5226,2021-06-28 16:52:59,52.1832393,4
515,189,20.8988436,5227,2021-06-28 16:53:02,52.238739,024
516,124,20.9437533,5228,2021-06-28 16:53:00,52.1763472,2
517,131,21.0687891,5229,2021-06-28 16:52:48,52.1815247,5
518,523,20.962769,5230,2021-06-28 16:53:02,52.217162,016
519,189,20.9150804,5232,2021-06-28 16:53:08,52.2026176,7
520,148,21.0506098,5233,2021-06-28 16:53:06,52.1969396,011
521,105,20.956426,5234,2021-06-28 16:53:03,52.227806,011
522,105,20.9796215,5235,2021-06-28 16:53:02,52.2297507,3
523,517,20.8626003,5236,2021-06-28 16:53:07,52.1901885,1
524,171,20.925015,5237,2021-06-28 16:53:00,52.2724998,6
525,401,20.9296883,5238,2021-06-28 16:53:03,52.1954529,7
526,182,21.045845,5239,2021-06-28 16:53:01,52.2247452,9
527,184,20.9214311,5240,2021-06-28 16:53:05,52.2487167,3
528,187,21.0133877,5241,2021-06-28 16:53:00,52.2172526,8
529,190,21.0738448,5243,2021-06-28 16:53:06,52.2848004,011
530,189,20.913809,5244,2021-06-28 16:52:52,52.2090961,018
531,105,20.898808,5245,2021-06-28 16:53:04,52.238816,6
532,148,20.9781228,5246,2021-06-28 16:53:08,52.1693573,012
533,716,20.8349983,5247,2021-06-28 16:53:02,52.1929239,1
534,141,21.0363581,5248,2021-06-28 16:53:03,52.2020069,7
535,317,21.0194034,5249,2021-06-28 16:53:02,52.1733093,2
536,188,21.0054831,5250,2021-06-28 16:53:00,52.2173061,3
537,187,20.9632401,5251,2021-06-28 16:53:06,52.2168162,1
538,189,21.0687927,5253,2021-06-28 16:53:08,52.1813133,020
539,401,20.8618262,5254,2021-06-28 16:53:07,52.1904827,010
540,190,20.898958,5255,2021-06-28 16:52:56,52.238871,016
541,148,21.04191,5256,2021-06-28 16:52:57,52.1710218,1
542,716,20.914053,5257,2021-06-28 16:52:50,52.208731,2
543,188,21.0838214,5258,2021-06-28 16:53:01,52.2454889,4
544,105,20.899743,5260,2021-06-28 16:53:00,52.239274,08
545,723,21.000788,5401,2021-06-28 16:53:10,52.291317,3
546,185,21.042469,5403,2021-06-28 16:53:08,52.147835,3
547,145,21.061594,5404,2021-06-28 16:53:09,52.292122,4
548,269,21.0423825,5405,2021-06-28 16:53:08,52.2970354,05
549,509,21.0250434,5406,2021-06-28 16:53:10,52.25984,13
550,120,21.039099,5407,2021-06-28 16:53:09,52.251198,2
551,527,21.04809,5408,2021-06-28 16:53:08,52.287003,054
552,E-9,20.9680099,5409,2021-06-28 16:52:50,52.2719957,01
553,731,20.939259,5410,2021-06-28 16:53:05,52.421169,1
554,723,20.9479585,5412,2021-06-28 16:53:10,52.3476624,4
555,705,20.9663712,5413,2021-06-28 16:53:08,52.2727209,66
556,511,20.964023,5414,2021-06-28 16:52:51,52.333001,1
557,723,20.9152602,5416,2021-06-28 16:53:09,52.4108434,1
558,E-9,20.97678,5417,2021-06-28 16:53:09,52.278893,02
559,511,20.931217,5418,2021-06-28 16:53:07,52.293297,2
560,120,21.045258,5419,2021-06-28 16:53:08,52.276077,3
561,160,21.0029714,5420,2021-06-28 16:53:09,52.229493,5
562,511,20.970356,5421,2021-06-28 16:53:09,52.323166,3
563,160,21.028931,5423,2021-06-28 16:53:08,52.252262,012
564,511,20.942616,5424,2021-06-28 16:53:09,52.348602,06
565,116,21.017582,5425,2021-06-28 16:53:10,52.237766,14
566,116,21.0837852,5426,2021-06-28 16:53:09,52.1660492,11
567,527,21.049784,5428,2021-06-28 16:53:09,52.274311,1
568,731,20.928583,5429,2021-06-28 16:53:10,52.387611,2
569,145,21.1255121,5430,2021-06-28 16:52:38,52.2348956,11
570,160,20.9941544,5432,2021-06-28 16:53:09,52.2421637,7
571,414,20.967585,5434,2021-06-28 16:53:10,52.214184,08
572,527,21.058353,5436,2021-06-28 16:53:08,52.318596,3
573,705,21.0286709,5437,2021-06-28 16:53:10,52.3466164,1
574,731,20.9850701,5438,2021-06-28 16:53:09,52.3064527,4
575,738,21.080624,5439,2021-06-28 16:53:09,52.293541,2
576,705,20.969805,5441,2021-06-28 16:53:10,52.272205,64
577,160,21.0570044,5443,2021-06-28 16:53:09,52.3218711,2
578,E-9,20.965403,5444,2021-06-28 16:53:09,52.272095,04
579,705,21.048461,5445,2021-06-28 03:52:31,52.264575,65
580,735,21.030712,5446,2021-06-28 16:53:09,52.42868,62
581,114,21.01849,5447,2021-06-28 16:53:09,52.290791,08
582,705,21.092346,5448,2021-06-28 16:53:09,52.478874,63
583,160,21.059072,5449,2021-06-28 16:53:07,52.302002,3
584,511,20.9424102,5453,2021-06-28 16:53:08,52.3485219,4
585,160,21.054581,5454,2021-06-28 16:53:09,52.296185,09
586,169,21.041573,5455,2021-06-28 16:53:09,52.270561,4
587,269,21.0530519,5457,2021-06-28 16:53:10,52.2761122,04
588,180,21.012924,5459,2021-06-28 16:53:10,52.246128,016
589,735,21.034201,5460,2021-06-28 16:53:09,52.42363,65
590,175,20.991941,5870,2021-06-28 16:53:08,52.225719,53
591,128,20.9634,5871,2021-06-28 16:53:09,52.2078,59
592,503,21.033499,5873,2021-06-28 16:53:08,52.167152,1
593,128,20.975412,5874,2021-06-28 16:53:09,52.20396,58
594,138,21.090126,5875,2021-06-28 16:53:08,52.263271,011
595,331,21.01725,5876,2021-06-28 16:53:08,52.158936,01
596,180,21.0838911,5877,2021-06-28 16:53:04,52.1679201,017
597,709,21.017256,5878,2021-06-28 16:53:08,52.15955,013
598,128,20.963705,5880,2021-06-28 16:53:07,52.207657,070
599,128,21.021151,5882,2021-06-28 16:53:01,52.231766,56
600,180,21.083849,5883,2021-06-28 16:53:02,52.168118,10
601,503,21.002306,5885,2021-06-28 16:53:06,52.254704,5
602,180,21.01992,5886,2021-06-28 16:53:08,52.232544,13
603,175,21.01935,5887,2021-06-28 16:52:58,52.231407,074
604,128,20.998568,5888,2021-06-28 16:53:06,52.226944,069
605,180,21.052765,5889,2021-06-28 16:53:09,52.196957,8
606,128,21.012922,5890,2021-06-28 16:53:08,52.24321,62
607,180,21.023931,5891,2021-06-28 16:53:09,52.224792,7
608,504,20.987265,5892,2021-06-28 16:53:07,52.20895,010
609,503,21.020073,5893,2021-06-28 16:53:06,52.2323,3
610,175,20.978241,5894,2021-06-28 16:53:06,52.169434,066
611,503,21.050184,5895,2021-06-28 16:53:09,52.144699,12
612,503,21.034851,5897,2021-06-28 16:53:06,52.20211,2
613,128,20.989456,5898,2021-06-28 16:53:08,52.220287,071
614,175,20.977993,5899,2021-06-28 16:53:10,52.16946,51
615,158,20.949369,5900,2021-06-28 16:53:08,52.211609,5
616,175,20.979084,5902,2021-06-28 16:53:07,52.184971,52
617,158,21.081816,5903,2021-06-28 16:53:09,52.235828,8
618,503,21.034502,5905,2021-06-28 16:53:06,52.202919,8
619,175,20.990204,5906,2021-06-28 16:53:09,52.22298,63
620,503,21.022326,5907,2021-06-28 16:53:09,52.229748,7
621,175,21.012806,5908,2021-06-28 16:53:10,52.243172,068
622,175,20.985739,5909,2021-06-28 16:53:05,52.204746,067
623,128,21.0127,5910,2021-06-28 16:53:07,52.2429,073
624,111,20.99272,5911,2021-06-28 16:53:05,52.248428,4
625,116,21.056404,5913,2021-06-28 16:53:06,52.181034,12
626,175,21.018682,5915,2021-06-28 16:53:06,52.23481,54
627,128,21.018253,5918,2021-06-28 16:53:09,52.231342,60
628,158,21.1176601,5920,2021-06-28 16:53:06,52.2337547, 
629,116,20.99773,5921,2021-06-28 16:53:09,52.253597,15
630,175,21.1163987,5923,2021-06-28 10:17:16,52.2339737,072
631,116,20.927933,5924,2021-06-28 16:53:03,52.280178,17
632,116,20.925293,5926,2021-06-28 16:53:05,52.280937,3
633,158,21.013346,5927,2021-06-28 16:53:07,52.230331,7
634,116,20.992989,5928,2021-06-28 16:53:08,52.26186,5
635,128,20.988462,5929,2021-06-28 16:53:08,52.211117,57
636,158,21.112844,5930,2021-06-28 16:53:10,52.236301,9
637,158,21.017994,5931,2021-06-28 16:53:08,52.231041,3
638,116,21.015427,5932,2021-06-28 16:53:05,52.242031,6
639,111,21.0177849,5933,2021-06-28 16:53:10,52.2375517,2
640,158,20.970745,5934,2021-06-28 16:53:06,52.219513,4
641,503,21.049932,5935,2021-06-28 16:53:06,52.144604,11
642,503,21.049734,5936,2021-06-28 16:53:10,52.154671,10
643,111,21.096207,5937,2021-06-28 16:53:09,52.227081,10
644,158,21.086807,5939,2021-06-28 16:53:06,52.236832,2
645,128,20.979309,5942,2021-06-28 16:53:08,52.201843,072
646,111,21.0616,5943,2021-06-28 16:53:09,52.2325,7
647,111,21.066105,5944,2021-06-28 16:53:08,52.226345,013
648,158,20.9644,5945,2021-06-28 16:53:05,52.2176,6
649,111,21.09742,5946,2021-06-28 16:53:07,52.226887,8
650,111,21.003839,5947,2021-06-28 16:53:02,52.242634,5
651,503,21.000935,5948,2021-06-28 16:53:06,52.252731,013
652,503,21.000299,5950,2021-06-28 16:53:08,52.253258,4
653,180,20.924994,5951,2021-06-28 16:53:09,52.272373,2
654,518,20.984564,5952,2021-06-28 16:53:08,52.269157,7
655,160,21.060474,5954,2021-06-28 16:53:07,52.313118,010
656,160,20.997528,5956,2021-06-28 16:53:10,52.235378,013
657,111,20.979433,5958,2021-06-28 16:53:10,52.244389,011
658,160,21.053682,5959,2021-06-28 16:53:05,52.26305,08
659,111,20.998726,5960,2021-06-28 16:53:06,52.249241,3
660,190,21.047428,5961,2021-06-28 16:53:06,52.260307,024
661,116,21.040409,5962,2021-06-28 16:53:10,52.196198,13
662,111,21.055552,5963,2021-06-28 16:53:05,52.238686,1
663,518,20.942081,5964,2021-06-28 16:53:08,52.334373,3
664,518,21.023535,5965,2021-06-28 16:53:08,52.228268,08
665,518,20.942099,5966,2021-06-28 16:53:06,52.334541,2
666,160,21.054323,5967,2021-06-28 16:53:09,52.275745,011
667,180,21.054836,5970,2021-06-28 16:53:09,52.194221,11
668,518,20.971497,5972,2021-06-28 16:53:06,52.320854,1
669,E-9,21.066603,5973,2021-06-28 16:53:09,52.321373,03
670,518,20.963003,5975,2021-06-28 16:53:06,52.317627,4
671,180,20.985483,5976,2021-06-28 16:53:06,52.246387,6
672,503,21.043619,5978,2021-06-28 16:53:04,52.172802,9
673,503,21.002544,5979,2021-06-28 16:53:07,52.254803,6
674,111,21.019484,5980,2021-06-28 16:53:09,52.233269,6
675,705,21.073822,5981,2021-06-28 16:53:07,52.456108,07
676,111,21.102451,5982,2021-06-28 16:53:09,52.22205,9
677,175,20.978802,5983,2021-06-28 16:53:08,52.177799,65
678,180,20.938986,5984,2021-06-28 16:53:02,52.270199,4
679,180,21.011585,5985,2021-06-28 16:53:09,52.246529,14
680,180,21.048597,5986,2021-06-28 16:53:09,52.205727,12
681,180,21.077517,5987,2021-06-28 16:53:08,52.175587,9
682,180,20.991377,5988,2021-06-28 16:53:09,52.248116,1
683,116,20.924906,5989,2021-06-28 16:53:06,52.272312,1
684,705,21.029951,5990,2021-06-28 16:53:08,52.332901,08
685,116,20.924732,5991,2021-06-28 16:53:08,52.272404,2
686,518,21.018085,5994,2021-06-28 16:53:07,52.236717,6
687,116,21.022451,5995,2021-06-28 16:53:09,52.229725,7
688,116,20.949911,5996,2021-06-28 16:53:08,52.276691,16
689,116,21.0840465,5997,2021-06-28 16:53:10,52.1680392,10
690,518,20.974796,5998,2021-06-28 16:53:06,52.271339,5
691,116,21.0583,5999,2021-06-28 16:53:06,52.1796,8
692,184,20.95406,6200,2021-06-28 16:53:08,52.2276,7
693,112,20.938704,6201,2021-06-28 16:53:09,52.277279,11
694,187,21.059166,6203,2021-06-28 16:53:09,52.191029,9
695,167,21.0064089,6204,2021-06-28 16:53:08,52.2135541,013
696,728,20.93672,6207,2021-06-28 16:53:07,52.169693,02
697,Z10,20.89624,6208,2021-06-28 16:53:08,52.215294,7
698,703,20.86866,6209,2021-06-28 16:53:10,52.120396,91
699,414,20.961053,6210,2021-06-28 16:53:01,52.216658,04
700,713,20.890078,6212,2021-06-28 16:53:07,52.216599,3
701,414,21.019407,6213,2021-06-28 16:53:09,52.289639,03
702,184,20.970938,6214,2021-06-28 16:53:09,52.216515,5
703,191,20.9628426,6215,2021-06-28 16:53:10,52.2158449,6
704,105,20.898787,6216,2021-06-28 16:53:09,52.238766,7
705,167,20.967487,6217,2021-06-28 16:53:10,52.214348,1
706,105,20.8964594,6218,2021-06-28 16:53:08,52.2353662,010
707,136,20.99832,6220,2021-06-28 16:53:10,52.183304,4
708,189,21.068724,6221,2021-06-28 16:53:09,52.18145,13
709,187,20.915171,6222,2021-06-28 16:53:06,52.199554,5
710,105,20.931089,6223,2021-06-28 16:53:10,52.223564,4
711,517,20.891338,6224,2021-06-28 16:53:09,52.190422,6
712,717,20.8442467,6225,2021-06-28 16:53:10,52.1732547,2
713,716,20.916809,6226,2021-06-28 16:53:07,52.220104,3
714,188,20.973885,6227,2021-06-28 16:53:10,52.169395,1
715,190,20.966211,6228,2021-06-28 16:53:09,52.237019,3
716,187,20.961376,6229,2021-06-28 16:53:09,52.216743,6
717,706,20.943014,6231,2021-06-28 16:53:09,52.175583,03
718,190,21.01507,6232,2021-06-28 16:53:07,52.246803,9
719,191,20.9135427,6233,2021-06-28 16:53:07,52.1991871,4
720,414,21.02409,6234,2021-06-28 16:53:08,52.286583,02
721,112,20.9107739,6236,2021-06-28 16:53:09,52.2486844,10
722,114,20.9246492,6237,2021-06-28 16:53:07,52.3086502,4
723,728,20.8647567,6239,2021-06-28 16:53:10,52.0372811,1
724,414,20.9731272,6240,2021-06-28 16:53:10,52.2769555,01
725,517,20.927698,6241,2021-06-28 16:53:08,52.19574,5
726,182,20.9648975,6242,2021-06-28 16:53:09,52.2180462,7
727,706,20.931154,6243,2021-06-28 16:53:09,52.164188,2
728,L29,20.462599,65471,2021-06-28 16:53:00,52.267754,1
729,L-7,20.806501,66523,2021-06-28 16:53:04,52.274345,2
730,L-6,20.852763,66524,2021-06-28 16:53:08,52.259655,02
731,L-6,20.802626,66525,2021-06-28 16:53:08,52.27729,1
732,190,21.060833,7200,2021-06-28 16:53:09,52.269505,10
733,189,20.899063,7201,2021-06-28 16:53:09,52.238739,6
734,112,20.914259,7202,2021-06-28 16:53:08,52.235313,019
735,141,20.953779,7203,2021-06-28 16:53:10,52.185043,4
736,317,20.9967789,7204,2021-06-28 16:53:09,52.1757296,07
737,131,21.0304204,7205,2021-06-28 16:53:10,52.2067615,011
738,523,21.078512,7206,2021-06-28 16:53:09,52.235157,10
739,189,20.986696,7207,2021-06-28 16:53:10,52.181759,019
740,414,20.9731642,7208,2021-06-28 16:53:09,52.2123776,06
741,721,20.829779,7212,2021-06-28 16:53:08,52.055042,02
742,112,20.933193,7213,2021-06-28 16:53:10,52.269306,5
743,191,20.874641,7214,2021-06-28 16:53:06,52.188885,2
744,112,20.8801649,7215,2021-06-28 16:53:09,52.2161602,8
745,713,20.803617,7216,2021-06-28 16:53:08,52.210163,2
746,189,20.9990684,7219,2021-06-28 16:53:09,52.1787339,022
747,187,21.014336,7222,2021-06-28 16:53:10,52.216881,12
748,122,20.923964,7223,2021-06-28 16:53:09,52.2537,2
749,721,20.9307254,7225,2021-06-28 16:53:10,52.1637784,1
750,706,20.8979136,7226,2021-06-28 16:53:09,52.132453,1
751,114,20.949673,7227,2021-06-28 16:53:08,52.270546,3
752,114,21.041716,7228,2021-06-28 16:53:10,52.300243,1
753,112,21.085138,7229,2021-06-28 16:53:09,52.304302,014
754,517,20.9849804,7230,2021-06-28 16:53:10,52.2204502,08
755,713,20.799465,7231,2021-06-28 16:53:09,52.210377,04
756,717,20.902901,7232,2021-06-28 16:53:08,52.185337,1
757,189,20.897295,7233,2021-06-28 16:53:09,52.227535,3
758,713,20.9011407,7234,2021-06-28 16:53:10,52.2168234,1
759,187,21.048244,7235,2021-06-28 16:53:10,52.178196,10
760,184,20.964026,7237,2021-06-28 16:53:09,52.208069,6
761,141,20.944271,7238,2021-06-28 16:53:09,52.175453,5
762,189,20.9575805,7239,2021-06-28 16:53:10,52.190244,16
763,184,20.9390497,7240,2021-06-28 16:53:10,52.2781995,8
764,317,21.01861,7241,2021-06-28 16:53:04,52.173576,5
765,141,21.046083,7242,2021-06-28 16:53:07,52.216812,1
766,523,21.088139,7243,2021-06-28 16:53:08,52.25016,9
767,401,20.910799,7244,2021-06-28 16:53:08,52.196072,3
768,187,20.973768,7245,2021-06-28 16:53:10,52.218887,7
769,190,20.9460857,7247,2021-06-28 16:53:07,52.2390179,017
770,188,21.0856,7248,2021-06-28 16:53:07,52.244751,5
771,171,21.031424,7249,2021-06-28 16:53:08,52.229286,3
772,317,20.9450232,7250,2021-06-28 16:53:09,52.1753784,3
773,105,20.919498,7251,2021-06-28 16:53:02,52.22099,2
774,167,21.0792595,7252,2021-06-28 16:53:09,52.2085439,4
775,122,20.9066311,7254,2021-06-28 16:53:10,52.2550926,1
776,191,20.9838622,7256,2021-06-28 16:53:08,52.2181514,8
777,190,21.0027104,7257,2021-06-28 16:53:06,52.2447557,012
778,187,21.056301,7258,2021-06-28 16:53:09,52.192963,11
779,189,20.99671,7259,2021-06-28 16:53:10,52.179283,15
780,125,21.1965007,7301,2021-06-28 16:53:08,52.2083619,08
781,507,21.024506,7303,2021-06-28 16:53:09,52.232529,5
782,188,21.1290399,7304,2021-06-28 16:53:10,52.2400747,07
783,138,21.10051,7305,2021-06-28 16:53:09,52.26062,4
784,151,21.0856174,7306,2021-06-28 16:53:09,52.2361184,04
785,509,21.0210186,7307,2021-06-28 16:53:10,52.2634947,7
786,138,21.001944,7308,2021-06-28 16:53:10,52.182343,1
787,188,20.978292,7310,2021-06-28 16:53:10,52.169506,2
788,182,21.002796,7312,2021-06-28 16:53:08,52.217018,5
789,E-1,21.0919862,7314,2021-06-28 16:53:09,52.2250072,01
790,143,21.00652,7315,2021-06-28 16:53:07,52.2170782,7
791,188,20.981615,7316,2021-06-28 16:53:09,52.19239,08
792,402,21.040163,7317,2021-06-28 16:53:10,52.171398,3
793,182,21.0771582,7318,2021-06-28 16:53:06,52.2339569,4
794,182,21.1023427,7319,2021-06-28 16:53:09,52.2376622,3
795,411,21.015305,7320,2021-06-28 16:53:08,52.218803,01
796,182,20.9632267,7322,2021-06-28 16:53:10,52.2173284,8
797,E-1,21.0446159,7323,2021-06-28 16:53:09,52.2466694,02
798,138,21.037994,7325,2021-06-28 16:53:10,52.252457,3
799,141,20.992033,7326,2021-06-28 16:53:09,52.197063,6
800,E-1,21.0683297,7327,2021-06-28 16:53:08,52.2302589,03
801,182,21.0962909,7328,2021-06-28 16:53:09,52.2350592,1
802,523,21.0834484,7329,2021-06-28 16:53:10,52.2423137,017
803,171,20.917979,7330,2021-06-28 16:53:06,52.2395537,5
804,162,21.0352384,7331,2021-06-28 16:53:07,52.2559975,013
805,141,21.044546,7333,2021-06-28 16:53:10,52.221699,8
806,116,21.0387939,7334,2021-06-28 16:53:10,52.1984024,69
807,110,20.882151,742,2021-06-28 16:53:05,52.317486,1
808,750,20.922768,744,2021-06-28 16:53:09,52.313023,05
809,750,20.785503,745,2021-06-28 16:53:08,52.379688,07
810,250,20.882954,746,2021-06-28 16:50:01,52.310715,1
811,850,20.901899,749,2021-06-28 16:53:10,52.331738,2
812,150,20.930355,750,2021-06-28 16:53:05,52.290928,1
813,750,20.817545,755,2021-06-28 16:53:08,52.351704,2
814,110,20.968538,757,2021-06-28 16:53:10,52.27216,3
815,150,20.852913,758,2021-06-28 16:53:11,52.344734,2
816,750,20.931084,761,2021-06-28 16:53:09,52.293018,4
817,750,20.892155,762,2021-06-28 16:53:08,52.339283,1
818,850,20.738319,763,2021-06-28 16:53:06,52.387962,1
819,151,21.1074034,7701,2021-06-28 16:53:04,52.2295164,1
820,411,21.0762618,7702,2021-06-28 16:53:10,52.2258943,04
821,402,21.0829821,7703,2021-06-28 16:53:10,52.2066489,7
822,151,21.0071446,7704,2021-06-28 16:53:08,52.2229025,05
823,150,20.909818833,772,2021-06-28 16:53:11,52.324341833,04
824,150,20.847179667,773,2021-06-28 16:53:07,52.341247833,05
825,150,20.897264,774,2021-06-28 16:53:08,52.335834,3
826,250,20.868603,775,2021-06-28 16:53:06,52.332874,3
827,250,20.929558,776,2021-06-28 16:53:09,52.285648,2
828,750,20.8602064,777,2021-06-28 16:53:09,52.3587081,3
829,167,21.0476566,8100,2021-06-28 16:53:07,52.2115333,6
830,143,21.0842051,8103,2021-06-28 16:53:05,52.243447,011
831,167,20.9842571,8108,2021-06-28 16:52:52,52.2161188,8
832,217,21.046355,8109,2021-06-28 16:53:02,52.1747685,2
833,174,21.011796,8110,2021-06-28 16:52:47,52.199851,010
834,136,21.037471,8112,2021-06-28 16:53:02,52.1502351,014
835,709,21.0166763,8115,2021-06-28 16:53:03,52.0744725,8
836,174,21.0015076,8119,2021-06-28 16:53:08,52.227964,6
837,136,21.055867,8120,2021-06-28 16:53:05,52.1474953,7
838,143,21.124236,8121,2021-06-28 16:53:03,52.235444,09
839,504,21.0051765,8123,2021-06-28 16:53:06,52.2288651,3
840,165,21.0241101,8124,2021-06-28 16:52:54,52.1798031,4
841,727,21.02448,8125,2021-06-28 16:53:04,52.1799148,3
842,709,21.0179065,8126,2021-06-28 16:53:04,52.1523026,014
843,402,20.9991906,8130,2021-06-28 16:52:57,52.1789001,5
844,136,20.9574211,8131,2021-06-28 16:53:01,52.2280895,012
845,148,21.0455876,8133,2021-06-28 16:53:05,52.1499675,5
846,402,21.141749,8134,2021-06-28 16:52:57,52.237104,9
847,167,20.942729,8135,2021-06-28 16:53:06,52.2271218,9
848,162,21.027421,8136,2021-06-28 16:53:06,52.2595755,08
849,162,21.0378065,8137,2021-06-28 16:52:57,52.2434955,011
850,162,21.0357751,8138,2021-06-28 16:53:02,52.2230448,7
851,136,20.9772545,8139,2021-06-28 16:53:00,52.2110001,016
852,168,20.9955175,8140,2021-06-28 16:52:59,52.190754,4
853,504,20.9839415,8143,2021-06-28 16:53:07,52.1979588,011
854,504,21.0042638,8144,2021-06-28 16:53:05,52.230064,4
855,709,21.0187848,8145,2021-06-28 16:53:15,52.106642,011
856,727,21.0259133,8146,2021-06-28 16:52:55,52.0773325,2
857,148,21.044201,8148,2021-06-28 16:52:56,52.176881,6
858,709,21.0185405,8152,2021-06-28 16:53:07,52.1030775,1
859,217,21.024111,8153,2021-06-28 16:53:03,52.1796116,1
860,136,21.023753,8154,2021-06-28 16:52:56,52.155811,8
861,131,21.003524,8155,2021-06-28 16:53:09,52.2294691,9
862,709,21.0182428,8156,2021-06-28 16:53:08,52.1400656,6
863,308,20.9897166,8158,2021-06-28 16:52:59,52.1853043,01
864,136,21.026986,8160,2021-06-28 16:53:03,52.161971,5
865,504,21.000969,8162,2021-06-28 16:53:04,52.1782995,1
866,331,20.9786913,8164,2021-06-28 16:53:06,52.1728488,05
867,331,21.016006,8165,2021-06-28 16:52:57,52.153145,03
868,709,21.0126658,8166,2021-06-28 16:53:01,52.0733061,9
869,148,20.986823,8167,2021-06-28 16:53:09,52.1579825,4
870,218,21.0248113,8168,2021-06-28 16:53:05,52.1908621,3
871,504,20.9902485,8169,2021-06-28 16:52:57,52.216995,5
872,131,21.0039486,8170,2021-06-28 16:53:03,52.2295226,1
873,167,20.9672396,8172,2021-06-28 16:53:07,52.2142666,010
874,143,21.006708,8173,2021-06-28 16:52:50,52.217056,010
875,218,21.023798,8174,2021-06-28 16:52:56,52.179859,1
876,727,21.0190271,8175,2021-06-28 16:53:02,52.0977535,4
877,709,21.0235666,8176,2021-06-28 16:53:06,52.1791428,3
878,143,21.0813006,8177,2021-06-28 16:53:02,52.238874,5
879,138,21.0090223,8178,2021-06-28 16:52:59,52.2029741,7
880,709,21.0198635,8181,2021-06-28 16:52:58,52.0871241,7
881,136,20.9669168,8182,2021-06-28 16:53:07,52.2146151,2
882,218,21.001173,8183,2021-06-28 16:53:04,52.188876,4
883,131,21.0550025,8184,2021-06-28 16:52:58,52.19408,6
884,143,21.0063696,8185,2021-06-28 16:53:02,52.2173843,8
885,217,21.0411666,8187,2021-06-28 16:53:00,52.1758193,4
886,185,20.985628,8188,2021-06-28 16:52:54,52.268891,9
887,504,21.0648476,8189,2021-06-28 16:53:00,52.1312631,7
888,709,21.02357,8190,2021-06-28 16:53:04,52.1801141,5
889,131,21.0191855,8192,2021-06-28 16:53:01,52.2123775,4
890,504,20.9839323,8195,2021-06-28 16:53:03,52.1991415,2
891,504,21.0175645,8196,2021-06-28 16:53:00,52.1536536,013
892,218,20.9894585,8197,2021-06-28 16:52:56,52.1831386,2
893,331,21.0220381,8198,2021-06-28 16:53:04,52.1789435,02
894,174,20.9954778,8199,2021-06-28 16:53:07,52.1701568,4
895,402,20.9935048,8201,2021-06-28 16:53:04,52.1790491,4
896,151,21.115749,8202,2021-06-28 10:44:07,52.233741,05
897,151,21.1175305,8204,2021-06-28 10:20:01,52.2338373,06
898,151,21.06384,8208,2021-06-28 16:53:07,52.2286863,2
899,521,21.2048283,8214,2021-06-28 16:53:05,52.1593465,1
900,125,21.1911996,8216,2021-06-28 16:53:09,52.2073676,2
901,182,21.038058,8218,2021-06-28 16:53:02,52.2224873,013
902,509,21.013773,8220,2021-06-28 16:53:02,52.275693,023
903,182,21.113544,8222,2021-06-28 16:53:07,52.236119,2
904,509,21.0511843,8223,2021-06-28 16:53:05,52.2394976,024
905,151,21.012423,8225,2021-06-28 16:52:57,52.217363,06
906,509,20.951941,8228,2021-06-28 16:52:59,52.318756,10
907,521,21.1591341,8229,2021-06-28 16:53:02,52.2133618,2
908,523,21.006461,8231,2021-06-28 16:52:51,52.217288,021
909,162,21.0342566,8233,2021-06-28 16:53:04,52.2452598,014
910,145,21.1205688,8300,2021-06-28 16:53:02,52.2372185,2
911,145,21.0800678,8301,2021-06-28 16:53:06,52.2867078,9
912,509,21.1022751,8303,2021-06-28 16:53:01,52.2219148,3
913,171,20.919415,8304,2021-06-28 16:52:59,52.2634396,010
914,509,21.116975,8305,2021-06-28 09:25:27,52.233583,022
915,117,21.0230875,8306,2021-06-28 16:53:07,52.2322858,3
916,116,20.9668118,8309,2021-06-28 16:53:00,52.2735205,4
917,141,21.023948,8310,2021-06-28 16:53:03,52.198826,2
918,168,21.0829726,8311,2021-06-28 16:53:05,52.20637,3
919,151,21.0866418,8312,2021-06-28 16:53:06,52.2359801,3
920,720,21.2346856,8313,2021-06-28 16:53:01,52.223261,02
921,162,21.029351,8314,2021-06-28 16:53:02,52.2480613,2
922,117,21.0665671,8315,2021-06-28 16:53:08,52.2243833,06
923,521,20.9639481,8318,2021-06-28 16:53:06,52.2078153,4
924,185,21.0220526,8319,2021-06-28 16:53:05,52.2461446,11
925,151,21.116836,8320,2021-06-28 09:58:49,52.233566,04
926,162,21.08501,8322,2021-06-28 16:52:56,52.193356,5
927,509,20.9651226,8323,2021-06-28 16:53:09,52.3183121,9
928,148,21.0978016,8324,2021-06-28 16:53:12,52.2352928,7
929,523,21.117114,8325,2021-06-28 09:13:38,52.233506,019
930,143,21.106619,8326,2021-06-28 16:53:07,52.241373,1
931,145,21.087991,8328,2021-06-28 16:53:03,52.244734,1
932,507,21.0606685,8329,2021-06-28 16:53:03,52.232759,08
933,148,21.0429361,8330,2021-06-28 16:53:08,52.1481105,2
934,145,21.0004686,8332,2021-06-28 16:53:09,52.2914368,7
935,523,20.9569923,8333,2021-06-28 16:53:02,52.2272036,12
936,148,21.0142065,8334,2021-06-28 16:53:08,52.1535476,3
937,145,21.1148683,8335,2021-06-28 16:53:03,52.2781241,014
938,143,21.1417338,8337,2021-06-28 16:53:00,52.259499,2
939,125,21.120011,8340,2021-06-28 16:52:40,52.2372573,4
940,523,20.9747563,8341,2021-06-28 16:53:04,52.2185475,5
941,507,21.1004133,8342,2021-06-28 16:53:06,52.2234233,1
942,171,21.010676,8343,2021-06-28 16:52:51,52.231769,09
943,502,21.217526,8344,2021-06-28 16:52:49,52.214358,1
944,507,21.1016733,8345,2021-06-28 16:53:05,52.2222933,3
945,145,21.118596,8348,2021-06-28 16:52:57,52.271843,3
946,507,21.005333,8349,2021-06-28 16:52:51,52.22941,6
947,145,21.088151,8350,2021-06-28 16:52:57,52.244721,012
948,507,21.063348,8351,2021-06-28 16:53:08,52.22831,4
949,502,21.014815,8352,2021-06-28 16:52:55,52.218595,4
950,523,20.897629,8353,2021-06-28 16:53:01,52.258985,2
951,502,21.2431033,8354,2021-06-28 16:53:03,52.2205933,011
952,523,21.103678,8356,2021-06-28 16:53:03,52.246563,8
953,514,21.088393,8358,2021-06-28 16:53:07,52.235984,3
954,523,20.94715,8359,2021-06-28 16:52:56,52.2389383,3
955,507,21.014155,8360,2021-06-28 16:53:04,52.2305633,7
956,202,21.1048683,8361,2021-06-28 16:52:35,52.2463,1
957,502,21.140648,8362,2021-06-28 16:53:08,52.228276,2
958,188,20.9839733,8363,2021-06-28 16:53:00,52.1981533,6
959,138,21.046925,8364,2021-06-28 16:53:05,52.248275,6
960,514,21.1346517,8365,2021-06-28 16:53:04,52.2414017,1
961,523,20.960281,8366,2021-06-28 16:53:02,52.218016,4
962,502,21.119226,8368,2021-06-28 16:53:00,52.23263,5
963,145,21.01818,8398,2021-06-28 16:53:07,52.2918683,013
964,402,21.156123,8403,2021-06-28 16:52:51,52.240349,011
965,521,21.0914255,8408,2021-06-28 16:53:06,52.244529,07
966,143,21.1770955,8410,2021-06-28 16:53:07,52.262065,012
967,523,20.9215718,8414,2021-06-28 16:53:02,52.240037,13
968,148,21.0528726,8417,2021-06-28 16:53:01,52.1979996,9
969,148,21.099163,8430,2021-06-28 16:53:00,52.242991,010
970,162,21.0476406,8437,2021-06-28 16:53:08,52.2099998,012
971,125,21.155349,8438,2021-06-28 16:53:10,52.2261633,1
972,162,21.037569,8440,2021-06-28 16:52:57,52.217395,015
973,145,21.0002424,8441,2021-06-28 16:53:10,52.2913834,6
974,269,21.0416736,8442,2021-06-28 16:53:09,52.3004362,01
975,723,20.9610449,8443,2021-06-28 16:53:10,52.3357019,2
976,114,20.931917,8445,2021-06-28 16:53:09,52.270988,5
977,120,21.066269,8446,2021-06-28 16:53:09,52.312824,6
978,731,20.978567,8447,2021-06-28 16:53:08,52.312248,3
979,160,21.0430966,8448,2021-06-28 16:53:09,52.2760614,1
980,132,21.0526736,8449,2021-06-28 16:53:10,52.3247144,04
981,412,21.06572,8450,2021-06-28 16:53:09,52.3125,052
982,112,20.914934,8451,2021-06-28 16:53:10,52.234135,6
983,527,21.048779,8452,2021-06-28 16:53:08,52.28944,06
984,160,21.0024927,8453,2021-06-28 16:53:09,52.2296014,014
985,160,21.0565662,8454,2021-06-28 16:53:05,52.2698645,4
986,160,21.0022372,8455,2021-06-28 16:53:10,52.2292924,6
987,132,20.967155,8457,2021-06-28 16:53:10,52.273174,08
988,527,21.0684407,8458,2021-06-28 16:53:10,52.3233757,055
989,Z26,21.000723,8459,2021-06-28 16:53:09,52.244461,3
990,412,21.060537,8460,2021-06-28 16:53:07,52.268734,053
991,120,21.0671797,8461,2021-06-28 16:53:09,52.324073,4
992,414,20.948729,8462,2021-06-28 16:53:08,52.257107,05
993,511,20.9399574,8463,2021-06-28 16:53:10,52.3011172,05
994,509,21.0980489,8465,2021-06-28 16:53:07,52.2267724,2
995,136,20.985988,8500,2021-06-28 16:53:08,52.192205,3
996,501,21.025345,8501,2021-06-28 16:53:00,52.210141,06
997,138,20.9954083,8502,2021-06-28 16:52:57,52.1702433,9
998,189,20.899119,8503,2021-06-28 16:52:53,52.238651,5
999,522,21.080105,8504,2021-06-28 16:53:06,52.1576267,4
1000,401,20.8663133,8505,2021-06-28 16:53:01,52.19674,2
1001,131,21.069056,8506,2021-06-28 16:53:05,52.181361,7
1002,501,21.0412867,8507,2021-06-28 16:53:05,52.1953517,4
1003,138,21.05536,8508,2021-06-28 16:53:07,52.232533,2
1004,189,20.936245,8509,2021-06-28 16:53:01,52.1943283,1
1005,501,21.0024633,8510,2021-06-28 16:53:00,52.229115,1
1006,189,20.9155633,8511,2021-06-28 16:53:00,52.2052567,027
1007,Z26,21.033161,8512,2021-06-28 16:52:52,52.256546,4
1008,186,20.9411217,8513,2021-06-28 16:53:09,52.331015,013
1009,733,20.808876,8514,2021-06-28 16:53:10,52.093526,01
1010,Z26,20.977586,8515,2021-06-28 16:53:07,52.238208,7
1011,522,21.015486,8516,2021-06-28 16:53:03,52.217444,2
1012,141,21.092411,8517,2021-06-28 16:52:52,52.244354,10
1013,519,21.0674717,8519,2021-06-28 16:53:08,52.1704967,7
1014,519,21.0154983,8520,2021-06-28 16:53:01,52.2176917,1
1015,186,20.978746,8522,2021-06-28 16:52:52,52.207761,10
1016,733,20.7716233,8523,2021-06-28 16:52:54,52.0770583,62
1017,522,21.03535,8525,2021-06-28 16:53:03,52.201864,011
1018,172,21.002584,8526,2021-06-28 16:53:08,52.195611,63
1019,172,21.062605,8528,2021-06-28 16:52:57,52.186005,5
1020,308,21.016073,8530,2021-06-28 16:53:08,52.1891,02
1021,172,20.9605783,8532,2021-06-28 16:53:00,52.216135,1
1022,Z26,20.9745033,8533,2021-06-28 16:52:50,52.2355483,2
1023,138,21.0920167,8534,2021-06-28 16:53:07,52.2641333,5
1024,522,21.002508,8535,2021-06-28 16:52:54,52.229328,1
1025,172,21.0476417,8536,2021-06-28 16:52:56,52.1893083,6
1026,522,21.079836,8537,2021-06-28 16:52:56,52.157564,5
1027,709,21.024071,8539,2021-06-28 16:53:08,52.180016,4
1028,172,20.9761433,8540,2021-06-28 16:52:38,52.2048033,8
1029,185,21.033651,8541,2021-06-28 16:52:59,52.167245,6
1030,172,20.953531,8543,2021-06-28 16:53:01,52.2126,9
1031,519,21.023044,8544,2021-06-28 16:52:59,52.211163,4
1032,522,21.070125,8546,2021-06-28 16:53:00,52.164335,012
1033,522,21.055373,8547,2021-06-28 16:52:59,52.182254,6
1034,402,21.113776,8548,2021-06-28 16:52:57,52.228106,010
1035,186,20.963785,8549,2021-06-28 16:52:52,52.2077683,015
1036,186,20.9745783,8550,2021-06-28 16:53:03,52.31787,016
1037,709,21.018961,8551,2021-06-28 16:53:08,52.089329,10
1038,136,20.983725,8552,2021-06-28 16:52:58,52.1987483,10
1039,Z26,21.0145433,8555,2021-06-28 16:53:00,52.2467517,5
1040,519,21.041895,8556,2021-06-28 16:52:53,52.195186,6
1041,Z26,21.02957,8558,2021-06-28 16:53:08,52.252615,08
1042,217,21.0323583,8559,2021-06-28 16:53:00,52.177415,06
1043,519,21.089073,8560,2021-06-28 16:53:01,52.156958,2
1044,411,21.06249,8561,2021-06-28 16:53:04,52.230775,02
1045,521,21.200261,8562,2021-06-28 16:52:57,52.172209,09
1046,402,21.041778,8563,2021-06-28 16:53:05,52.170946,2
1047,521,21.19857,8564,2021-06-28 16:52:58,52.173816,08
1048,502,21.037054,8565,2021-06-28 16:53:06,52.222331,014
1049,502,21.194205,8566,2021-06-28 16:53:01,52.2248283,6
1050,402,21.000744,8567,2021-06-28 16:53:01,52.178473,014
1051,509,21.028069,8568,2021-06-28 16:53:02,52.257399,021
1052,171,21.043399,8569,2021-06-28 16:53:08,52.222825,2
1053,411,21.1024383,8571,2021-06-28 16:52:55,52.222095,03
1054,E-1,21.102364,8572,2021-06-28 16:53:07,52.222056,04
1055,202,21.042014,8573,2021-06-28 16:52:56,52.242066,2
1056,411,21.115896,8574,2021-06-28 10:20:57,52.233514,01
1057,720,21.3167683,8576,2021-06-28 16:53:06,52.16386,1
1058,162,21.054635,8578,2021-06-28 16:53:05,52.1948517,4
1059,125,21.0412167,8579,2021-06-28 16:52:54,52.2414817,09
1060,731,20.9238283,8583,2021-06-28 16:53:06,52.3914,5
1061,269,21.040575,8584,2021-06-28 16:53:01,52.287869,02
1062,269,21.055366,8585,2021-06-28 16:52:59,52.275075,03
1063,514,21.224926,8586,2021-06-28 16:52:52,52.250475,2
1064,523,21.115558,8587,2021-06-28 08:55:25,52.233753,3
1065,145,21.11056,8588,2021-06-28 16:53:06,52.2831133,016
1066,514,21.015576,8589,2021-06-28 16:53:06,52.219243,4
1067,502,21.04671,8590,2021-06-28 16:53:10,52.224829,3
1068,507,21.1023583,8592,2021-06-28 16:53:01,52.221985,2
1069,145,21.127145,8593,2021-06-28 16:52:55,52.2575617,10
1070,138,20.996314,8595,2021-06-28 16:53:04,52.169923,8
1071,186,20.9639555,8801,2021-06-28 16:52:59,52.2077661,11
1072,185,21.0535648,8802,2021-06-28 16:53:04,52.1958615,1
1073,727,20.943726,8803,2021-06-28 16:53:06,52.036779,1
1074,217,21.0681748,8804,2021-06-28 16:53:03,52.1687948,3
1075,185,21.0219856,8805,2021-06-28 16:53:06,52.1427406,4
1076,402,21.1455295,8806,2021-06-28 16:53:05,52.2378696,8
1077,131,21.0776971,8808,2021-06-28 16:53:09,52.1754786,3
1078,709,21.0173466,8809,2021-06-28 16:52:58,52.1519161,2
1079,174,20.9999368,8810,2021-06-28 16:53:06,52.2310253,1
1080,165,21.0021455,8811,2021-06-28 16:53:01,52.1768055,3
1081,167,20.9283141,8812,2021-06-28 16:53:03,52.2338875,011
1082,402,21.0991481,8813,2021-06-28 16:53:03,52.2184885,1
1083,167,20.9679595,8814,2021-06-28 16:53:00,52.2141911,2
1084,167,21.0418326,8816,2021-06-28 16:53:08,52.2067695,3
1085,308,21.020478,8817,2021-06-28 16:52:54,52.189655,03
1086,504,21.033754,8818,2021-06-28 16:52:49,52.150108,9
1087,331,20.986149,8819,2021-06-28 16:53:05,52.1619343,04
1088,522,21.0341103,8820,2021-06-28 16:53:09,52.202993,014
1089,174,20.9953728,8821,2021-06-28 16:53:05,52.1703463,08
1090,174,21.0130688,8822,2021-06-28 16:53:06,52.1756433,5
1091,522,21.0167468,8823,2021-06-28 16:53:00,52.2223555,015
1092,709,21.0256441,8825,2021-06-28 16:53:08,52.0778335,012
1093,504,21.0686731,8826,2021-06-28 16:53:05,52.12901,8
1094,143,21.1380948,8828,2021-06-28 16:52:21,52.2482151,4
1095,509,21.067378,8829,2021-06-28 16:53:01,52.2260081,4
1096,523,21.045738,8830,2021-06-28 16:53:10,52.2245826,11
1097,125,21.0701981,8831,2021-06-28 16:53:04,52.2460961,5
1098,171,20.9216143,8832,2021-06-28 16:53:08,52.2493391,7
1099,141,21.101658,8833,2021-06-28 16:53:08,52.2415035,9
1100,704,21.3122295,8834,2021-06-28 16:53:06,52.2164788,2
1101,521,20.9975785,8835,2021-06-28 16:52:58,52.2268371,5
1102,182,20.9759783,8837,2021-06-28 16:53:05,52.2179256,6
1103,182,21.002935,8838,2021-06-28 16:52:58,52.217078,010
1104,704,21.130541,8839,2021-06-28 16:53:06,52.232766,1
1105,185,21.0299426,8840,2021-06-28 16:53:03,52.1421776,5
1106,125,21.0842685,8841,2021-06-28 16:53:01,52.2453865,6
1107,521,21.0110946,8843,2021-06-28 16:53:01,52.2295243,3
1108,185,21.0431726,8844,2021-06-28 16:53:04,52.172239,2
1109,402,20.9925251,8845,2021-06-28 16:53:09,52.1771966,013
1110,143,21.1612908,8846,2021-06-28 16:53:02,52.2587793,3
1111,143,21.0267568,8847,2021-06-28 16:52:59,52.219592,6
1112,125,21.1552885,8849,2021-06-28 16:53:00,52.2259798,3
1113,521,21.1309483,8850,2021-06-28 16:53:02,52.2326275,6
1114,523,21.0844563,8851,2021-06-28 16:53:04,52.2498326,019
1115,141,20.983827,8852,2021-06-28 16:53:04,52.1975745,3
1116,125,21.1023008,8853,2021-06-28 16:53:07,52.2424093,7
1117,509,20.9924268,8854,2021-06-28 16:53:08,52.3002633,8
1118,402,21.044202,8855,2021-06-28 16:53:03,52.1778248,6
1119,512,21.047153,8856,2021-06-28 16:52:50,52.251923,1
1120,509,21.023125,8857,2021-06-28 16:53:07,52.261364,12
1121,169,21.0423025,8858,2021-06-28 16:53:04,52.2955561,1
1122,112,20.967603,8859,2021-06-28 16:52:55,52.273431,4
1123,512,21.0638933,8861,2021-06-28 16:52:58,52.2731745,4
1124,412,21.0467026,8862,2021-06-28 16:53:00,52.2514126,04
1125,738,21.0950003,8864,2021-06-28 16:52:59,52.3105818,05
1126,500,21.0459893,8865,2021-06-28 10:43:17,52.2651186,08
1127,169,21.041851,8866,2021-06-28 16:53:04,52.300123,5
1128,162,21.0317038,8867,2021-06-28 16:53:09,52.2503776,1
1129,190,20.9144816,8868,2021-06-28 16:53:10,52.228941,5
1130,190,21.014783,8869,2021-06-28 16:53:10,52.246721,023
1131,190,21.0738898,8871,2021-06-28 16:53:04,52.2851816,025
1132,190,21.0854121,8872,2021-06-28 16:53:04,52.3050083,026
1133,738,21.1352233,8873,2021-06-28 16:53:03,52.3597026,06
1134,500,21.0416788,8874,2021-06-28 16:53:06,52.3003076,3
1135,190,20.9149953,8875,2021-06-28 16:53:04,52.2335561,4
1136,162,21.0308076,8876,2021-06-28 16:53:03,52.2301663,3
1137,512,21.0695153,8878,2021-06-28 16:53:08,52.279619,06
1138,509,21.0683916,8879,2021-06-28 16:53:07,52.2256948,1
1139,709,20.996574,8880,2021-06-25 18:58:33,52.18762,016
1140,186,20.957176,8881,2021-06-28 16:53:05,52.228661,014
1141,165,21.002591,8882,2021-06-28 16:53:05,52.1773933,2
1142,175,20.9835056,8883,2021-06-28 16:53:02,52.1969725,64
1143,180,20.9677508,8885,2021-06-28 16:53:10,52.256651,5
1144,167,21.083016,8886,2021-06-28 16:53:05,52.208286,5
1145,189,21.0453055,8887,2021-06-28 16:52:57,52.1773533,021
1146,128,21.0110551,8888,2021-06-28 16:52:59,52.244788,61
1147,504,21.040478,8891,2021-06-28 16:53:08,52.1489126,012
1148,165,21.002093,8892,2021-06-28 16:52:50,52.156743,1
1149,180,20.925021,8893,2021-06-28 16:52:54,52.272423,53
1150,217,21.076256,8894,2021-06-28 16:53:05,52.157366,05
1151,136,21.0032855,8895,2021-06-28 16:52:58,52.172992,015
1152,174,21.0148335,8896,2021-06-28 16:52:59,52.1936968,07
1153,180,20.9711651,8897,2021-06-28 16:53:09,52.2553036,015
1154,167,21.0297458,8898,2021-06-28 16:52:51,52.206801,7
1155,504,21.0027896,8899,2021-06-28 16:52:59,52.1752365,6
1156,161,21.184399,9061,2021-06-28 16:53:09,52.184105,2
1157,161,21.179003,9063,2021-06-28 16:53:08,52.184219,3
1158,262,21.055143,9064,2021-06-28 16:53:07,52.275414,03
1159,314,21.045872,9065,2021-06-28 16:53:09,52.343857,04
1160,314,20.961693,9066,2021-06-28 16:53:10,52.314774,02
1161,104,21.024727,9068,2021-06-28 16:53:07,52.297737,2
1162,161,21.224808,9070,2021-06-28 16:53:10,52.186657,1
1163,225,21.167908,9071,2021-06-28 16:53:07,52.276409,2
1164,225,21.102592,9074,2021-06-28 16:53:08,52.22274,4
1165,225,21.127039,9075,2021-06-28 16:53:09,52.257916,3
1166,211,20.973293,9077,2021-06-28 16:53:07,52.308041,08
1167,314,20.967226,9078,2021-06-28 16:53:08,52.319099,01
1168,262,21.087841,9080,2021-06-28 16:53:07,52.286556,1
1169,104,21.012314,9081,2021-06-28 16:53:07,52.293266,1
1170,314,21.032503,9082,2021-06-28 16:53:05,52.31979,03
1171,262,21.074619,9083,2021-06-28 16:53:07,52.279549,2
1172,225,21.106527,9088,2021-06-28 16:53:08,52.233948,1
1173,211,21.000797,9090,2021-06-28 16:53:07,52.291107,2
1174,211,20.977533,9091,2021-06-28 16:53:10,52.30312,07
1175,305,21.147404,9093,2021-06-28 16:53:07,52.200249,1
1176,900,20.953749,9094,2021-06-28 16:53:06,52.358685,1
1177,133,20.952311,9201,2021-06-28 16:53:07,52.316906,2
1178,164,21.133037,9203,2021-06-28 16:53:03,52.151018,05
1179,133,20.948112,9204,2021-06-28 16:53:09,52.320644,1
1180,809,21.038164,9205,2021-06-28 16:53:04,52.154316,51
1181,809,20.984066,9206,2021-06-28 16:53:06,52.111332,52
1182,809,21.034435,9208,2021-06-28 16:53:08,52.156044,54
1183,211,20.941545,9209,2021-06-28 16:52:55,52.332645,4
1184,177,20.904631,9210,2021-06-28 16:53:04,52.185829,3
1185,209,20.993475,9212,2021-06-28 16:53:08,52.126457,53
1186,211,20.94215,9213,2021-06-28 16:53:05,52.336562,6
1187,219,21.147442,9215,2021-06-28 16:53:06,52.190449,3
1188,208,20.975589,9216,2021-06-28 16:53:10,52.210265,1
1189,239,21.007071,9218,2021-06-28 16:53:07,52.142956,057
1190,203,20.933418,9220,2021-06-28 16:53:10,52.288708,1
1191,249,20.898777,9221,2021-06-28 16:53:09,52.238602,1
1192,211,20.959455,9223,2021-06-28 16:53:08,52.324818,1
1193,201,20.931417,9224,2021-06-28 16:53:05,52.260059,3
1194,208,20.97555,9225,2021-06-28 16:53:05,52.210209,04
1195,208,20.950748,9226,2021-06-28 16:53:09,52.202686,05
1196,208,20.952209,9227,2021-06-28 16:53:10,52.211754,2
1197,219,21.157442,9228,2021-06-28 16:53:03,52.185677,2
1198,219,21.102303,9229,2021-06-28 16:53:05,52.222813,1
1199,201,20.92506,9230,2021-06-28 16:53:03,52.260563,2
1200,239,21.037725,9232,2021-06-28 16:53:06,52.154392,056
1201,264,21.101034,9233,2021-06-28 16:53:10,52.132149,1
1202,203,20.924513,9234,2021-06-28 16:53:06,52.281498,2
1203,201,20.926542,9235,2021-06-28 16:53:03,52.234043,5
1204,201,20.945738,9236,2021-06-28 16:53:09,52.239029,4
1205,209,21.018358,9237,2021-06-28 16:53:05,52.1436,055
1206,207,20.882742,9239,2021-06-28 16:53:03,52.194767,02
1207,177,20.8857,9240,2021-06-28 16:53:05,52.195229,1
1208,133,20.982159,9241,2021-06-28 16:53:10,52.35434,3
1209,201,20.943247,9242,2021-06-28 16:53:05,52.24588,06
1210,211,20.941471,9243,2021-06-28 16:53:03,52.355343,5
1211,207,20.878803,9244,2021-06-28 16:53:06,52.188972,01
1212,211,20.961166,9245,2021-06-28 16:53:09,52.316925,3
1213,164,21.109301,9246,2021-06-28 16:53:05,52.164921,04
1214,201,20.929262,9247,2021-06-28 16:53:05,52.263325,1
1215,177,20.883636,9248,2021-06-28 16:53:07,52.205742,2
1216,164,21.084414,9250,2021-06-28 16:53:08,52.16589,3
1217,164,21.05625,9251,2021-06-28 16:53:08,52.182049,2
1218,164,21.138214,9252,2021-06-28 16:53:04,52.145855,1
1219,211,20.942106,9254,2021-06-28 16:53:09,52.348152,09
1220,199,21.114294,9301,2021-06-28 16:53:05,52.293606,06
1221,739,21.019554,9302,2021-06-28 16:53:10,52.172436,2
1222,739,21.01775,9304,2021-06-28 16:53:09,52.150436,3
1223,179,21.052952,9311,2021-06-28 15:53:08,52.134529,10
1224,123,21.051002,9312,2021-06-28 16:53:08,52.252544,08
1225,179,21.068605,9313,2021-06-28 16:53:08,52.128902,11
1226,153,21.156307,9314,2021-06-28 16:53:02,52.264542,2
1227,179,21.049843,9315,2021-06-28 16:53:04,52.154751,2
1228,135,21.036203,9316,2021-06-28 16:53:00,52.255127,3
1229,135,21.040178,9317,2021-06-28 16:53:08,52.248001,6
1230,135,21.026976,9318,2021-06-28 16:53:06,52.25972,2
1231,135,21.040735,9319,2021-06-28 16:53:05,52.257423,1
1232,179,21.028666,9320,2021-06-28 16:53:04,52.155231,4
1233,179,21.036924,9321,2021-06-28 16:53:11,52.162075,5
1234,123,21.099768,9322,2021-06-28 16:53:08,52.238731,5
1235,135,21.074705,9323,2021-06-28 16:53:08,52.245396,07
1236,179,21.06109,9324,2021-06-28 16:53:08,52.147953,9
1237,179,21.049875,9325,2021-06-28 16:53:08,52.137604,51
1238,256,21.05912,9326,2021-06-28 16:53:10,52.302956,2
1239,142,21.135738,9327,2021-06-28 16:53:08,52.196995,3
1240,179,21.042501,9328,2021-06-28 16:53:02,52.148094,8
1241,153,21.177279,9329,2021-06-28 16:53:07,52.256889,04
1242,123,21.0773959,9331,2021-06-28 09:44:24,52.2687066,07
1243,123,21.077486,9332,2021-06-28 15:39:21,52.268074,08
1244,142,21.202869,9333,2021-06-28 16:53:04,52.169197,5
1245,739,21.038532,9334,2021-06-28 16:53:06,52.094524,1
1246,153,21.170311,9335,2021-06-28 16:53:02,52.276924,3
1247,135,21.10709,9336,2021-06-28 16:53:10,52.248367,5
1248,739,21.0772012,9337,2021-06-28 16:53:11,52.2682147,2
1249,179,21.029362,9338,2021-06-28 16:53:08,52.16198,6
1250,256,21.082958,9339,2021-06-28 16:53:10,52.275509,1
1251,153,21.157669,9340,2021-06-28 16:53:09,52.262749,1
1252,142,21.232006,9341,2021-06-28 16:53:09,52.171345,4
1253,739,21.051201,9342,2021-06-28 16:53:07,52.10218,4
1254,256,21.048672,9343,2021-06-28 16:53:07,52.289265,4
1255,135,21.086746,9344,2021-06-28 16:53:04,52.23658,08
1256,739,21.039751,9345,2021-06-28 16:53:07,52.080547,05
1257,179,21.038736,9346,2021-06-28 16:53:07,52.153767,7
1258,135,21.099741,9347,2021-06-28 16:53:03,52.238594,4
1259,123,21.097376,9348,2021-06-28 16:53:07,52.221222,09
1260,179,21.025837,9349,2021-06-28 16:53:07,52.142502,3
1261,123,21.066399,9350,2021-06-28 16:53:09,52.233219,357
1262,142,21.12611,9351,2021-06-28 16:53:08,52.234524,1
1263,123,21.06661,9352,2021-06-28 16:53:07,52.250431,6
1264,739,21.017717,9353,2021-06-28 16:53:07,52.136932,06
1265,123,21.071257,9354,2021-06-28 16:52:53,52.251396,07
1266,199,21.127304,9355,2021-06-28 16:53:08,52.287525,05
1267,256,21.065506,9356,2021-06-28 16:53:03,52.327988,3
1268,142,21.087175,9357,2021-06-28 16:53:05,52.244717,2
1269,142,21.077633,9358,2021-06-28 16:02:28,52.267822,4
1270,256,21.080944,9359,2021-06-28 16:53:11,52.277412,5
1271,176,21.025356,9403,2021-06-28 16:53:06,52.281342,1
1272,176,20.978001,9405,2021-06-28 16:53:09,52.349983,05
1273,176,21.009226,9412,2021-06-28 16:53:07,52.303833,3
1274,197,20.939278,9413,2021-06-28 16:53:08,52.236149,012
1275,197,20.949989,9414,2021-06-28 16:53:08,52.280643,014
1276,103,20.945253,9415,2021-06-28 16:53:08,52.265667,2
1277,102,21.074766,9416,2021-06-28 16:53:10,52.246323,3
1278,157,20.976692,9417,2021-06-28 16:53:08,52.287796,7
1279,712,20.927969,9418,2021-06-28 16:53:06,52.290779,02
1280,516,20.977478,9420,2021-06-28 16:53:08,52.313068,5
1281,157,20.980839,9423,2021-06-28 16:53:09,52.216434,1
1282,103,20.968424,9424,2021-06-28 16:53:07,52.222065,4
1283,123,21.101131,9425,2021-06-28 16:53:06,52.225727,1
1284,157,20.995596,9426,2021-06-28 16:53:07,52.226692,3
1285,157,20.98307,9427,2021-06-28 16:53:05,52.2505,4
1286,157,20.9855,9428,2021-06-28 16:53:07,52.245808,9
1287,103,20.945122,9429,2021-06-28 16:53:08,52.265415,6
1288,157,20.993307,9432,2021-06-28 16:53:10,52.230686,10
1289,743,20.712679,9433,2021-06-28 16:53:07,52.233456,02
1290,176,20.99143,9434,2021-06-28 16:53:10,52.337902,04
1291,516,20.935848,9435,2021-06-28 16:53:08,52.330723,1
1292,157,20.979813,9436,2021-06-28 16:53:08,52.2169,2
1293,157,20.976366,9437,2021-06-28 16:53:09,52.289787,6
1294,197,20.931032,9438,2021-06-28 16:53:08,52.225315,011
1295,197,20.940962,9439,2021-06-28 16:53:07,52.234009,016
1296,516,20.974665,9440,2021-06-28 16:53:07,52.317486,3
1297,123,21.045723,9441,2021-06-28 16:53:09,52.251263,3
1298,103,20.96866,9442,2021-06-28 16:53:10,52.222095,5
1299,102,21.07468,9443,2021-06-28 16:53:04,52.245609,1
1300,103,20.963469,9444,2021-06-28 16:53:10,52.237373,3
1301,103,20.954262,9445,2021-06-28 16:53:07,52.283428,7
1302,103,20.955648,9446,2021-06-28 16:53:08,52.284119,1
1303,123,21.046545,9447,2021-06-28 16:53:06,52.248333,4
1304,157,20.963936,9448,2021-06-28 16:53:09,52.207951,011
1305,516,21.000959,9449,2021-06-28 16:53:08,52.291183,4
1306,102,21.00281,9450,2021-06-28 16:53:04,52.233025,2
1307,157,20.985903,9451,2021-06-28 16:53:09,52.268444,5
1308,157,20.990997,9452,2021-06-28 16:53:06,52.263821,8
1309,176,20.982121,9453,2021-06-28 16:53:10,52.35569,2
1310,197,20.9447,9454,2021-06-28 16:53:07,52.264679,015
1311,712,20.844961,9455,2021-06-28 16:53:08,52.250431,1
1312,743,20.900106,9456,2021-06-28 16:53:06,52.216892,1
1313,197,20.936838,9457,2021-06-28 16:53:10,52.259449,013
1314,103,20.927053,9458,2021-06-28 16:53:07,52.290131,8
1315,194,20.9182545,9501,2021-06-28 16:53:10,52.220403167,5
1316,707,20.886411333,9502,2021-06-28 16:53:08,52.101286833,1
1317,159,21.083103667,9503,2021-06-28 16:53:07,52.190518167,1
1318,103,20.966115667,9505,2021-06-28 16:53:10,52.232686,09
1319,103,20.927174667,9506,2021-06-28 16:53:05,52.290063333,011
1320,220,20.925164833,9509,2021-06-28 16:53:10,52.260835833,3
1321,194,20.913910333,9510,2021-06-28 16:53:09,52.208750667,06
1322,737,20.966316333,9511,2021-06-28 16:53:07,52.074879,56
1323,220,20.896336667,9513,2021-06-28 16:53:07,52.217164333,5
1324,715,20.920092167,9514,2021-06-28 16:53:10,52.153709,53
1325,181,20.977085833,9515,2021-06-28 16:53:08,52.279023333,2
1326,737,20.9611635,9516,2021-06-28 16:53:09,52.068276667,54
1327,149,20.940189167,9518,2021-06-28 16:53:10,52.246640167,06
1328,149,20.897129667,9519,2021-06-28 16:53:10,52.24322,2
1329,159,21.044941333,9520,2021-06-28 16:53:11,52.221245167,8
1330,715,21.037004,9521,2021-06-28 16:53:08,52.162018333,1
1331,220,20.896806333,9522,2021-06-28 16:53:11,52.240612,4
1332,220,20.912333,9523,2021-06-28 16:53:10,52.252683833,07
1333,220,20.897057,9524,2021-06-28 16:53:11,52.243480333,2
1334,194,20.887314167,9525,2021-06-28 16:53:10,52.19742,3
1335,181,20.899940167,9526,2021-06-28 16:53:07,52.297155333,1
1336,715,20.9249715,9528,2021-06-28 16:53:06,52.158289333,058
1337,715,21.018160167,9529,2021-06-28 16:53:10,52.130532333,52
1338,707,20.933905333,9530,2021-06-28 16:53:10,52.091044667,03
1339,159,20.978592833,9531,2021-06-28 16:53:11,52.2221305,4
1340,194,20.874496167,9532,2021-06-28 16:53:09,52.1953295,1
1341,181,20.912930667,9533,2021-06-28 16:53:11,52.3101665,4
1342,181,20.970755833,9534,2021-06-28 16:53:09,52.284808333,3
1343,159,20.996684167,9535,2021-06-28 16:53:08,52.225183833,7
1344,159,20.963121833,9537,2021-06-28 16:53:07,52.217092667,6
1345,737,21.028474,9539,2021-06-28 16:53:10,52.160411333,059
1346,220,20.903894833,9540,2021-06-28 16:53:06,52.183392,1
1347,220,20.943845,9542,2021-06-28 16:53:06,52.175618167,6
1348,737,21.027493667,9544,2021-06-28 16:53:09,52.161552167,07
1349,220,20.905565333,9545,2021-06-28 16:53:07,52.188034667,08
1350,149,20.943313167,9546,2021-06-28 16:52:42,52.246795667,5
1351,220,20.893400333,9548,2021-06-28 16:53:09,52.203703167,09
1352,149,20.944408667,9550,2021-06-28 16:53:10,52.238996833,1
1353,715,21.01828,9551,2021-06-28 16:53:10,52.113601333,55
1354,149,20.8750145,9552,2021-06-28 16:53:10,52.250854,3
1355,194,20.93084,9554,2021-06-28 16:53:09,52.225116,07
1356,194,20.859590667,9555,2021-06-28 16:53:07,52.207366167,2
1357,159,21.023546,9556,2021-06-28 16:53:09,52.2238075,3
1358,149,20.9056815,9557,2021-06-28 16:53:09,52.239260333,4
1359,194,20.930571333,9558,2021-06-28 16:53:09,52.225019,4
1360,159,20.954901,9560,2021-06-28 16:53:11,52.212029,5
1361,159,21.0487085,9561,2021-06-28 16:53:08,52.205802667,2
1362,118,21.023558,9671,2021-06-28 16:53:07,52.223953,2
1363,118,21.007309,9672,2021-06-28 16:53:06,52.259899,5
1364,326,21.028719,9673,2021-06-28 16:53:06,52.340588,04
1365,118,21.00416,9674,2021-06-28 16:53:04,52.290642,8
1366,152,21.04808,9676,2021-06-28 16:53:10,52.326328,5
1367,212,21.051819,9677,2021-06-28 16:53:05,52.284142,06
1368,118,21.041351,9678,2021-06-28 16:53:05,52.300098,7
1369,118,21.022177,9679,2021-06-28 16:53:05,52.24366,1
1370,326,21.040148,9680,2021-06-28 16:53:09,52.359325,02
1371,152,20.971502,9681,2021-06-28 16:53:05,52.321438,2
1372,212,21.065941,9682,2021-06-28 16:53:06,52.275326,5
1373,152,20.985823,9683,2021-06-28 16:53:03,52.334427,4
1374,212,21.042616,9684,2021-06-28 16:53:08,52.272308,1
1375,212,21.027102,9685,2021-06-28 16:53:08,52.259632,2
1376,326,20.969097,9686,2021-06-28 16:53:08,52.274319,05
1377,326,21.061892,9688,2021-06-28 16:53:05,52.361679,03
1378,118,21.028044,9689,2021-06-28 16:53:03,52.238434,4
1379,212,21.03866,9690,2021-06-28 16:53:06,52.269417,3
1380,326,20.976734,9692,2021-06-28 16:53:08,52.278946,01
1381,212,21.057,9693,2021-06-28 16:53:08,52.3018,4
1382,152,20.99394,9695,2021-06-28 16:53:09,52.339706,1
1383,118,21.041538,9696,2021-06-28 16:53:03,52.296188,6
1384,118,21.023354,9697,2021-06-28 16:53:09,52.223942,3
1385,152,20.969816,9698,2021-06-28 16:53:07,52.324688,3
1386,710,21.012421,9801,2021-06-28 16:53:07,52.074169,4
1387,525,21.164364,9802,2021-06-28 16:53:07,52.217762,1
1388,184,20.959646,9803,2021-06-28 16:53:10,52.221195,069
1389,710,21.110256,9805,2021-06-28 16:53:09,52.112892,2
1390,525,21.116554,9807,2021-06-28 16:53:10,52.232788,319
1391,127,20.962326,9808,2021-06-28 16:53:07,52.216988,2
1392,710,21.113655,9810,2021-06-28 16:53:04,52.079968,5
1393,719,20.586441,9812,2021-06-28 16:53:07,52.257603,3
1394,109,20.93158,9813,2021-06-28 16:39:15,52.240247,08
1395,525,21.051374,9815,2021-06-28 16:53:03,52.225773,09
1396,742,21.07411,9816,2021-06-28 16:53:08,52.132828,1
1397,719,20.644373,9819,2021-06-28 16:53:05,52.262764,1
1398,719,20.926878,9820,2021-06-28 16:53:05,52.240757,2
1399,710,21.070637,9821,2021-06-28 16:53:09,52.131813,1
1400,525,21.196648,9822,2021-06-28 16:53:07,52.208229,010
1401,184,20.969912,9823,2021-06-28 16:53:09,52.215435,010
1402,525,21.164489,9825,2021-06-28 16:06:46,52.217367,5
1403,525,21.081539,9826,2021-06-28 16:53:08,52.23579,7
1404,185,21.038274,9827,2021-06-28 16:53:11,52.232812,8
1405,127,21.019449,9828,2021-06-28 16:53:05,52.246235,4
1406,525,21.015754,9829,2021-06-28 16:53:03,52.220966,6
1407,Z10,20.92425,9830,2021-06-28 16:53:09,52.261093,8
1408,710,21.05307,9831,2021-06-28 16:53:05,52.076523,3
1409,127,20.94483,9833,2021-06-28 16:53:04,52.207165,1
1410,525,21.015499,9834,2021-06-28 16:53:09,52.220295,4
1411,742,21.216928,9835,2021-06-28 16:53:06,51.981144,02
1412,525,21.117537,9836,2021-06-28 16:53:03,52.232605,3
1413,185,21.042795,9837,2021-06-28 16:53:09,52.227379,12
1414,525,21.19665,9838,2021-06-28 16:53:05,52.208286,2
1415,724,21.114115,9839,2021-06-28 16:53:08,52.10326,1
1416,127,20.996624,9840,2021-06-28 16:53:06,52.226459,6
1417,724,21.046045,9841,2021-06-28 16:53:05,52.081287,02
1418,127,20.92445,9843,2021-06-28 16:53:11,52.203838,7
1419,127,21.02795,9844,2021-06-28 16:53:01,52.238506,09
1420,127,21.009962,9845,2021-06-28 16:53:08,52.229576,3
1421,Z10,20.913696,9846,2021-06-28 16:53:10,52.237045,6
1422,Z10,20.917002,9847,2021-06-28 16:53:06,52.221302,4
1423,109,21.001389,9849,2021-06-28 16:53:07,52.228115,6
1424,109,21.038086,9851,2021-06-28 16:53:10,52.22546,5
1425,109,20.991589,9852,2021-06-28 16:53:07,52.231869,4
1426,109,20.92157,9853,2021-06-28 16:53:11,52.24004,1
1427,127,20.895485,9854,2021-06-28 16:53:09,52.208801,335
1428,186,20.968048,9901,2021-06-28 16:53:07,52.213997,1
1429,210,20.779951,9902,2021-06-28 16:53:06,52.30217,5
1430,140,21.082182,9903,2021-06-28 16:53:08,52.295109,04
1431,520,21.110886,9905,2021-06-28 16:53:06,52.233154,011
1432,520,21.042683,9906,2021-06-28 16:53:10,52.223972,3
1433,140,21.133291,9907,2021-06-28 16:53:07,52.357365,08
1434,140,21.111179,9908,2021-06-28 16:53:08,52.360916,09
1435,140,21.095951,9909,2021-06-28 16:53:07,52.311752,2
1436,719,20.804062,9912,2021-06-28 16:53:09,52.253338,05
1437,520,21.155933,9913,2021-06-28 16:53:10,52.240368,08
1438,520,21.015635,9914,2021-06-28 16:53:06,52.217937,09
1439,520,21.007504,9915,2021-06-28 16:53:07,52.237213,6
1440,520,21.014845,9916,2021-06-28 16:53:06,52.224419,4
1441,193,21.050804,9918,2021-06-28 16:53:09,52.159897,2
1442,193,21.036911,9919,2021-06-28 16:53:06,52.161926,3
1443,140,21.061285,9920,2021-06-28 16:53:07,52.273525,05
1444,140,21.071688,9921,2021-06-28 16:53:10,52.282841,06
1445,520,21.002134,9922,2021-06-28 16:53:09,52.243114,5
1446,193,21.047844,9923,2021-06-28 16:53:06,52.16246,4
1447,140,21.090527,9924,2021-06-28 16:53:08,52.305546,07
1448,193,21.004349,9926,2021-06-28 16:53:06,52.171188,1
1449,520,21.004255,9927,2021-06-28 16:53:08,52.245724,010
1450,140,21.052841,9928,2021-06-28 16:53:10,52.276779,3
1451,186,20.978201,9929,2021-06-28 16:53:07,52.210533,12
1452,193,21.015324,9930,2021-06-28 16:53:05,52.174042,5
1453,186,20.942196,9932,2021-06-28 16:53:10,52.334137,4
1454,520,21.126652,9933,2021-06-28 16:53:07,52.233124,2
1455,186,20.953419,9934,2021-06-28 16:53:09,52.262974,2
1456,520,21.1355,9935,2021-06-28 16:53:08,52.241753,1
1457,186,20.992901,9936,2021-06-28 16:53:10,52.300163,6
1458,520,21.106663,9937,2021-06-28 16:53:07,52.233925,7
1459,186,20.968203,9940,2021-06-28 16:53:10,52.319435,3
1460,186,20.957998,9941,2021-06-28 16:53:07,52.266048,8
1461,210,20.767355,9942,2021-06-28 16:53:10,52.307796,4
1462,109,20.898739,9943,2021-06-28 16:53:07,52.238487,2
1463,186,20.958206,9945,2021-06-28 16:53:10,52.24485,9
1464,210,20.876175,9946,2021-06-28 16:53:07,52.2873,3
1465,109,20.94845,9948,2021-06-28 16:53:09,52.238403,3
1466,210,20.886267,9949,2021-06-28 16:53:09,52.285984,1
1467,210,20.933855,9950,2021-06-28 16:52:31,52.289181,2
1468,186,20.961872,9951,2021-06-28 16:53:10,52.317169,5
1469,186,20.962088,9953,2021-06-28 16:53:06,52.216148,67
1470,140,21.126589,9954,2021-06-28 16:53:07,52.349026,1
1471,o97B,21.423098,9999,2021-06-28 14:27:55,50.302967,7
