,Lines,Lon,VehicleNumber,Time,Lat,Brigade
0,213,21.188819,1001,2021-06-28 18:15:38,52.149884,1
1,213,21.2070826,1003,2021-06-28 18:15:49,52.182796,05
2,213,21.1194258,1004,2021-06-28 18:15:49,52.2149188,3
3,196,21.1621131,1005,2021-06-28 18:15:47,52.2595571,2
4,196,21.171978,1008,2021-06-28 18:15:40,52.26171,03
5,213,21.2115816,1009,2021-06-28 18:15:47,52.1607158,4
6,213,21.0920788,1010,2021-06-28 18:15:50,52.224427,2
7,311,21.0700335,1012,2021-06-28 18:15:43,52.2501466,1
8,196,21.176321,1014,2021-06-28 18:15:49,52.256786,1
9,311,21.10235,1015,2021-06-28 18:15:48,52.2224625,2
10,365,21.0003144,1021,2021-06-28 18:15:52,52.1751247,01
11,107,21.0452534,1023,2021-06-28 18:15:51,52.2204845,3
12,163,21.083851,1025,2021-06-28 18:15:53,52.167717,2
13,107,21.0288767,1026,2021-06-28 18:15:53,52.2243617,5
14,108,21.0751252,1027,2021-06-28 18:15:51,52.2080046,1
15,108,21.0241957,1028,2021-06-28 18:15:53,52.1796649,5
16,108,21.045883,1029,2021-06-28 18:15:50,52.177521,6
17,365,20.9999277,1031,2021-06-28 18:15:53,52.1753264,02
18,108,21.069593,1033,2021-06-28 18:15:52,52.181328,4
19,163,21.049965,1034,2021-06-28 18:15:51,52.178135,1
20,192,21.0185057,1037,2021-06-28 18:15:53,52.1529667,7
21,108,21.053806,1038,2021-06-28 18:15:34,52.212989,3
22,365,21.0240521,1039,2021-06-28 18:15:53,52.1798954,03
23,107,21.0008417,1040,2021-06-28 18:15:51,52.2444817,6
24,107,21.012928,1042,2021-06-28 18:15:35,52.235819,2
25,107,20.979185,1043,2021-06-28 18:15:46,52.244559,07
26,107,21.0489967,1045,2021-06-28 18:15:50,52.2045233,4
27,204,21.022404,1046,2021-06-28 18:15:40,52.285391,05
28,204,21.060346,1047,2021-06-28 18:15:47,52.314993,1
29,204,21.03319,1048,2021-06-28 18:15:37,52.298101,04
30,228,20.979714,1050,2021-06-28 18:15:42,52.186738,1
31,228,20.892938,1051,2021-06-28 18:15:51,52.20035,2
32,328,20.99469,1052,2021-06-28 18:15:53,52.1509,01
33,129,20.9164467,1053,2021-06-28 18:15:46,52.22053,4
34,228,20.929101,1054,2021-06-28 18:15:49,52.214461,3
35,129,20.883053,1055,2021-06-28 18:15:36,52.195513,3
36,328,20.9949,1058,2021-06-28 18:15:45,52.150738,02
37,129,20.939241,1059,2021-06-28 18:15:40,52.246068,1
38,328,20.93862,1061,2021-06-28 18:15:53,52.203289,03
39,192,21.0200164,1062,2021-06-28 18:15:51,52.1736392,51
40,192,21.068613,1064,2021-06-28 18:15:51,52.129082,2
41,163,21.107336,1065,2021-06-28 18:15:41,52.175072,04
42,107,20.979246,1066,2021-06-28 18:15:52,52.244583,1
43,163,21.0558642,1068,2021-06-28 18:15:52,52.1815639,3
44,192,21.0425812,1069,2021-06-28 18:15:53,52.1479569,4
45,163,21.1085327,1070,2021-06-28 18:15:52,52.1640819,05
46,192,21.024115,1074,2021-06-28 18:15:53,52.179993,6
47,108,21.023179,1076,2021-06-28 18:15:52,52.2288902,2
48,192,21.0748404,1077,2021-06-28 18:15:52,52.1336067,3
49,192,21.0499196,1079,2021-06-28 18:15:52,52.1376924,1
50,736,20.9804013,1101,2021-06-28 18:15:49,52.3923448,02
51,132,21.0607333,1109,2021-06-28 18:15:47,52.3051795,2
52,303,20.9856216,1112,2021-06-28 18:15:48,52.2685606,3
53,147,21.2430406,1113,2021-06-28 18:15:46,52.2191583,06
54,152,20.982071,1114,2021-06-28 18:15:36,52.333903,06
55,166,21.0504295,1115,2021-06-28 18:15:45,52.154859,09
56,132,20.9682348,1116,2021-06-28 18:15:49,52.2718638,3
57,122,20.9854335,1117,2021-06-28 18:15:54,52.2806486,09
58,197,20.8679903,1118,2021-06-28 18:15:41,52.1913496,7
59,126,20.9421263,1119,2021-06-28 18:15:48,52.3341195,3
60,168,21.0057689,1200,2021-06-28 18:15:53,52.202617,2
61,119,21.1056,1202,2021-06-28 18:15:53,52.21117,1
62,178,20.883425,1203,2021-06-28 18:15:52,52.195358,2
63,178,21.015404,1204,2021-06-28 18:15:52,52.242023,5
64,168,21.112597,1205,2021-06-28 18:15:52,52.23632,6
65,166,21.051288,1206,2021-06-28 18:15:46,52.238981,1
66,166,21.0443009,1208,2021-06-28 18:15:51,52.1746347,5
67,222,21.0049456,1211,2021-06-28 18:15:53,52.2447979,4
68,174,21.0137502,1212,2021-06-28 18:15:51,52.1960169,371
69,174,20.9952839,1213,2021-06-28 18:15:53,52.1702215,3
70,218,21.002285,1214,2021-06-28 18:15:52,52.183254,5
71,166,21.068132,1216,2021-06-28 18:15:53,52.129311,7
72,168,21.109318,1218,2021-06-28 18:15:52,52.233597,5
73,119,21.168032,1220,2021-06-28 18:15:53,52.205643,5
74,122,20.8987015,1400,2021-06-28 18:15:51,52.2385555,012
75,121,20.9888426,1401,2021-06-28 18:15:46,52.2566663,04
76,134,20.9650583,1403,2021-06-28 18:15:40,52.2718013,1
77,110,20.8930041,1407,2021-06-28 18:15:48,52.31996,05
78,240,21.04174,1408,2021-06-28 18:15:34,52.292985,4
79,173,21.119839,1411,2021-06-28 18:15:40,52.237362,5
80,117,21.0632,1412,2021-06-28 18:15:52,52.2246,1
81,702,21.1346346,1413,2021-06-28 18:15:50,52.2001407,2
82,168,21.036438,1415,2021-06-28 18:15:50,52.206772,1
83,202,21.128765,1416,2021-06-28 18:15:51,52.240242,04
84,183,21.1148815,1418,2021-06-28 18:15:51,52.2394732,6
85,147,21.1829477,1419,2021-06-28 18:15:52,52.2068915,2
86,199,21.1132,1422,2021-06-28 18:15:53,52.28,4
87,198,21.2231067,1423,2021-06-28 18:15:53,52.2234434,05
88,173,21.0669384,1424,2021-06-28 18:15:51,52.250288,6
89,115,21.1433399,1425,2021-06-28 18:15:52,52.2374829,4
90,173,21.069427,1426,2021-06-28 18:15:52,52.250378,8
91,147,21.052355,1427,2021-06-28 18:15:53,52.250248,4
92,146,21.050627,1428,2021-06-28 18:15:53,52.237743,2
93,142,21.134794,1430,2021-06-28 18:15:53,52.199032,06
94,L41,20.709675,14422,2021-06-28 18:15:52,52.430542,1
95,L11,20.745834,14424,2021-06-28 18:15:53,52.431137,1
96,L10,20.967102,14425,2021-06-28 18:15:50,52.447811,50
97,L-8,20.945215,14426,2021-06-28 14:51:54,52.437912,1
98,L41,20.92592,14427,2021-06-28 18:15:49,52.392422,02
99,L11,20.938139,14429,2021-06-28 18:15:51,52.395096,57
100,L34,20.847353,14430,2021-06-28 17:01:01,52.441017,2
101,L34,20.929522,14431,2021-06-28 18:15:52,52.394375,1
102,L11,20.950415,14432,2021-06-28 18:15:53,52.452473,51
103,L-8,21.040224,14434,2021-06-28 18:15:55,52.376717,02
104,L-8,21.013281,14435,2021-06-28 18:15:53,52.391319,1
105,L49,20.932644,14436,2021-06-28 18:15:51,52.374104,1
106,L31,21.17561,14438,2021-06-28 18:15:49,52.42038,1
107,L-9,20.931473,14439,2021-06-28 18:15:48,52.469471,054
108,L-9,20.951637,14440,2021-06-28 18:15:54,52.405952,055
109,134,21.051656,1500,2021-06-28 18:15:42,52.313074,04
110,134,21.0617841,1501,2021-06-28 18:15:48,52.3617745,3
111,110,20.96856,1502,2021-06-28 18:15:49,52.2721366,2
112,240,21.0685823,1505,2021-06-28 18:15:46,52.3228206,06
113,132,21.0572463,1506,2021-06-28 18:15:47,52.324118,07
114,134,20.9681,1507,2021-06-28 18:15:41,52.2718588,2
115,126,21.0503001,1508,2021-06-28 18:15:45,52.2908593,5
116,132,21.0701893,1509,2021-06-28 18:15:50,52.3226476,05
117,166,21.0682318,1510,2021-06-28 18:15:51,52.1389506,6
118,126,20.9796756,1513,2021-06-28 18:15:47,52.3109505,4
119,197,20.8974698,1514,2021-06-28 18:15:47,52.2163083,6
120,197,20.862529,1515,2021-06-28 18:15:45,52.190256,8
121,121,20.9736193,1516,2021-06-28 18:15:45,52.2719746,1
122,173,21.169461,1519,2021-06-28 18:15:41,52.242576,10
123,202,21.07822,1521,2021-06-28 18:15:43,52.250435,07
124,202,21.046463,1522,2021-06-28 18:15:38,52.248213,3
125,146,21.077506,1523,2021-06-28 18:15:37,52.221546,08
126,730,21.087756,1524,2021-06-28 18:15:33,52.244501,052
127,119,21.021886,1525,2021-06-28 18:15:51,52.211031,06
128,147,21.10995,1526,2021-06-28 18:15:38,52.207761,09
129,198,21.21917,1528,2021-06-28 18:15:45,52.25407,3
130,702,21.144445,1530,2021-06-28 18:15:45,52.185155,03
131,198,21.2230267,1531,2021-06-28 18:15:42,52.24623,2
132,115,21.170305,1533,2021-06-28 18:15:44,52.2771333,2
133,142,21.086321,1534,2021-06-28 18:15:48,52.244856,07
134,198,21.243204,1535,2021-06-28 18:15:48,52.221683,1
135,106,21.001383,1537,2021-06-28 18:15:41,52.237188,4
136,170,21.056061,1538,2021-06-28 18:15:51,52.26359,4
137,120,21.0673817,1539,2021-06-28 18:15:45,52.31645,1
138,199,21.169186,1540,2021-06-28 18:15:32,52.264208,1
139,156,21.0598417,1541,2021-06-28 18:15:43,52.2693667,1
140,170,21.0938067,1542,2021-06-28 18:14:58,52.2709733,1
141,156,21.04105,1543,2021-06-28 18:15:51,52.2847133,3
142,338,21.100688,1544,2021-06-28 18:15:51,52.260559,01
143,122,20.9193583,1546,2021-06-28 18:15:51,52.263565,013
144,338,21.0884667,1548,2021-06-28 18:15:45,52.2620533,04
145,199,21.108241,1549,2021-06-28 18:15:38,52.287235,2
146,170,21.021864,1550,2021-06-28 18:15:45,52.26247,3
147,240,21.00084,1551,2021-06-28 18:15:44,52.2913817,3
148,221,20.993886,1552,2021-06-28 18:15:48,52.259268,2
149,106,21.02063,1554,2021-06-28 18:15:42,52.2367217,06
150,L-4,20.970213,17451,2021-06-28 18:15:53,52.087582,1
151,L26,21.215822,17452,2021-06-28 18:15:51,52.330605,02
152,L37,21.217834,17453,2021-06-28 17:30:49,52.31118,1
153,L40,21.259298,17454,2021-06-28 18:15:49,52.351974,1
154,L36,21.228109,17456,2021-06-28 18:15:51,52.368156,1
155,L35,21.247944,17458,2021-06-28 18:15:51,52.348797,1
156,L26,21.152613,17460,2021-06-28 18:15:50,52.310886,1
157,L46,21.085232,17461,2021-06-28 18:14:38,52.305065,1
158,L43,21.153234,17462,2021-06-28 18:15:45,52.311684,1
159,L45,21.131996,17464,2021-06-28 18:15:51,52.370792,02
160,L45,21.09033,17465,2021-06-28 18:15:50,52.304939,1
161,L38,21.285456,17466,2021-06-28 18:15:51,52.32503,1
162,L37,21.280846,17467,2021-06-28 18:15:46,52.320988,2
163,L40,21.139444,17468,2021-06-28 18:15:50,52.361725,02
164,197,20.951778,1800,2021-06-28 18:15:33,52.276598,4
165,110,20.8806623,1801,2021-06-28 18:15:46,52.297709,4
166,132,21.0493298,1802,2021-06-28 18:15:43,52.3220288,1
167,166,21.0361256,1803,2021-06-28 18:15:48,52.2008298,8
168,122,20.896458,1804,2021-06-28 18:15:44,52.2403026,5
169,173,21.1907266,1805,2021-06-28 18:15:49,52.2475111,4
170,204,21.047361,1806,2021-06-28 18:15:50,52.317725,3
171,122,20.9241903,1807,2021-06-28 18:15:51,52.2540366,4
172,303,20.9021276,1808,2021-06-28 18:15:41,52.2981295,1
173,147,21.1742366,1809,2021-06-28 18:15:46,52.2060443,1
174,166,21.0268605,1810,2021-06-28 18:15:49,52.2601178,2
175,152,21.043346,1811,2021-06-28 10:10:53,52.266126,06
176,204,21.0232135,1812,2021-06-28 18:15:50,52.2773231,2
177,736,20.9970611,1813,2021-06-28 18:15:49,52.2958505,1
178,147,21.124026,1814,2021-06-28 18:15:49,52.200561,07
179,240,21.0482418,1815,2021-06-28 18:15:48,52.2879456,2
180,197,20.8813351,1817,2021-06-28 18:15:44,52.2165633,9
181,240,21.1002105,1818,2021-06-28 18:15:43,52.3180738,05
182,221,20.9658461,1819,2021-06-28 18:15:47,52.2573215,1
183,117,21.0176216,1823,2021-06-28 18:15:41,52.2313363,05
184,146,21.154859,1826,2021-06-28 18:15:44,52.172153,4
185,183,21.156766,1828,2021-06-28 18:15:43,52.256135,3
186,147,21.0612905,1829,2021-06-28 18:15:50,52.2315511,5
187,722,21.1066715,1830,2021-06-28 18:15:48,52.2414376,1
188,147,21.1169918,1832,2021-06-28 09:25:20,52.2330478,09
189,146,21.2117761,1833,2021-06-28 18:15:49,52.160578,5
190,202,21.116848,1834,2021-06-28 09:35:30,52.233074,04
191,115,21.1705901,1835,2021-06-28 18:15:49,52.2768985,3
192,168,20.9957813,1837,2021-06-28 18:15:46,52.1930511,07
193,183,21.0872153,1839,2021-06-28 18:15:44,52.24476,1
194,202,21.0841196,1840,2021-06-28 18:15:46,52.2503678,05
195,146,21.052604,1842,2021-06-28 18:15:48,52.250363,07
196,183,21.094355,1843,2021-06-28 18:15:52,52.244026,2
197,119,21.0005035,1844,2021-06-28 18:15:39,52.2061568,3
198,115,21.214208,1846,2021-06-28 18:15:48,52.161749,5
199,730,21.3779191,1847,2021-06-28 18:15:48,52.1993918,61
200,119,21.1067313,1848,2021-06-28 18:15:49,52.2104421,4
201,173,21.1244355,1849,2021-06-28 18:15:48,52.2355043,9
202,183,21.1918468,1850,2021-06-28 18:15:42,52.2387951,4
203,173,21.2433403,1851,2021-06-28 18:15:46,52.2249631,1
204,722,21.2681175,1854,2021-06-28 18:15:40,52.099733,53
205,147,21.067248,1855,2021-06-28 18:15:47,52.225945,3
206,146,21.1168716,1856,2021-06-28 18:15:51,52.2007971,1
207,117,21.005182,1857,2021-06-28 18:15:47,52.2297393,2
208,115,21.1608268,1858,2021-06-28 18:15:44,52.228243,1
209,146,21.204678,1859,2021-06-28 18:15:50,52.159543,09
210,115,21.2260555,1860,2021-06-28 18:15:48,52.1708576,6
211,119,21.0253158,1862,2021-06-28 18:15:53,52.2101525,2
212,173,21.2552461,1863,2021-06-28 18:15:27,52.2489761,3
213,146,21.0429016,1866,2021-06-28 18:15:43,52.2432948,3
214,183,21.162032,1867,2021-06-28 18:15:44,52.2548258,5
215,147,21.0430963,1869,2021-06-28 18:15:47,52.2439486,08
216,251,21.0436332,1903,2021-06-28 18:15:43,52.1754623,53
217,168,21.0942321,1904,2021-06-28 18:15:47,52.2153108,09
218,739,21.0190396,1905,2021-06-28 18:15:42,52.0986365,07
219,251,21.107663,1907,2021-06-28 18:15:44,52.115248,54
220,178,20.9961797,1908,2021-06-28 18:15:44,52.1884947,012
221,222,20.9960203,1909,2021-06-28 18:15:50,52.1934179,2
222,222,21.004759,1910,2021-06-28 18:15:38,52.2446924,5
223,139,21.092684,1911,2021-06-28 18:15:46,52.148708,56
224,222,21.021288,1912,2021-06-28 18:15:50,52.231152,6
225,251,21.136469,1914,2021-06-28 18:15:51,52.095486,51
226,222,21.0208717,1916,2021-06-28 18:15:49,52.2101606,3
227,139,21.0606362,1917,2021-06-28 18:15:52,52.1714554,52
228,739,21.03981,1918,2021-06-28 18:15:53,52.080593,08
229,251,21.027098,1919,2021-06-28 18:15:51,52.178436,55
230,222,21.014046,1920,2021-06-28 18:15:51,52.193066,1
231,178,20.9845234,1991,2021-06-28 18:15:16,52.2306527,010
232,178,20.881626,1993,2021-06-28 18:15:53,52.194847,1
233,168,21.01309,1994,2021-06-28 18:15:53,52.208416,08
234,178,20.958349,1995,2021-06-28 18:15:52,52.222511,3
235,178,20.9599942,1996,2021-06-28 18:15:53,52.2158019,6
236,178,21.003994,1998,2021-06-28 18:15:53,52.255348,4
237,178,20.899057,1999,2021-06-28 18:15:52,52.189526,013
238,105,20.8971042,2001,2021-06-28 18:15:51,52.2274327,1
239,136,20.965122,2003,2021-06-28 18:15:47,52.241627,6
240,Z10,20.9124997,2006,2021-06-28 18:15:53,52.24164,3
241,188,20.9780482,2007,2021-06-28 18:15:51,52.1695101,09
242,517,20.8740976,2008,2021-06-28 18:15:53,52.1988874,07
243,191,20.8706319,2009,2021-06-28 18:15:50,52.1834724,3
244,184,20.96372,2010,2021-06-28 18:15:52,52.208176,4
245,124,20.947088,2011,2021-06-28 18:15:53,52.192539,03
246,401,20.9506789,2013,2021-06-28 18:15:51,52.1918172,1
247,182,21.080194,2014,2021-06-28 18:15:52,52.235558,012
248,171,20.923951,2015,2021-06-28 18:15:53,52.2527379,1
249,401,20.885292,2016,2021-06-28 18:15:52,52.194923,011
250,190,20.967924,2019,2021-06-28 18:15:51,52.237041,014
251,191,20.982559,2020,2021-06-28 18:15:53,52.217823,7
252,401,20.914923,2021,2021-06-28 18:15:52,52.199635,5
253,522,21.079721,2022,2021-06-28 18:15:53,52.157593,013
254,193,20.99538,2023,2021-06-28 18:15:52,52.170269,06
255,189,20.9170246,2024,2021-06-28 18:15:52,52.2213727,14
256,401,20.9096137,2026,2021-06-28 18:15:51,52.1942885,8
257,522,21.0801682,2027,2021-06-28 18:15:53,52.1576825,318
258,519,21.0158161,2028,2021-06-28 18:15:53,52.2222432,3
259,501,21.0485679,2029,2021-06-28 18:15:52,52.1781362,3
260,189,20.9361817,2030,2021-06-28 18:15:53,52.1944129,9
261,131,21.0693319,2032,2021-06-28 18:15:49,52.1813564,10
262,522,21.010107,2033,2021-06-28 18:15:52,52.229698,07
263,189,20.8987949,2035,2021-06-28 18:15:52,52.2387432,12
264,519,21.001646,2036,2021-06-28 18:15:51,52.228626,5
265,501,21.003016,2037,2021-06-28 18:15:51,52.229832,5
266,138,21.054966,2038,2021-06-28 18:15:52,52.233158,010
267,501,21.048308,2040,2021-06-28 18:15:53,52.1781616,2
268,189,20.9661807,2041,2021-06-28 18:15:52,52.1875492,8
269,138,21.047365,2042,2021-06-28 18:15:53,52.247124,012
270,401,21.0052894,2044,2021-06-28 18:15:51,52.1779669,012
271,172,20.9938069,2045,2021-06-28 18:15:53,52.1965605,010
272,172,20.9769957,2200,2021-06-28 18:15:53,52.2108317,4
273,523,21.0839499,2201,2021-06-28 18:15:49,52.2457959,14
274,187,21.048283,2202,2021-06-28 18:15:51,52.177773,3
275,136,21.05588,2203,2021-06-28 18:15:52,52.14753,1
276,Z10,20.914616,2204,2021-06-28 18:15:52,52.235172,010
277,171,20.9479734,2205,2021-06-28 18:15:52,52.238721,011
278,189,20.902157,2207,2021-06-28 18:15:53,52.228012,10
279,190,20.9798111,2209,2021-06-28 18:15:53,52.2371115,8
280,172,21.06089,2210,2021-06-28 18:15:53,52.184875,2
281,122,20.971001,2212,2021-06-28 18:15:52,52.263645,6
282,122,20.8983474,2213,2021-06-28 18:15:51,52.2501596,07
283,136,21.055597,2215,2021-06-28 18:15:50,52.14743,11
284,190,20.9213387,2216,2021-06-28 18:11:23,52.197379,018
285,401,20.8620979,2217,2021-06-28 18:15:52,52.1903732,09
286,Z10,20.914938,2218,2021-06-28 18:15:53,52.234112,5
287,148,20.9776707,2221,2021-06-28 18:15:52,52.1688089,8
288,523,21.1023437,2222,2021-06-28 18:15:51,52.2469431,1
289,191,20.939255,2223,2021-06-28 18:15:51,52.203178,9
290,189,21.0449302,2224,2021-06-28 18:15:50,52.1773687,2
291,191,20.9624164,2225,2021-06-28 18:15:53,52.2160212,5
292,517,21.004775,2226,2021-06-28 18:15:53,52.2283327,3
293,136,21.032606,2231,2021-06-28 18:15:53,52.149738,013
294,189,20.8976919,2232,2021-06-28 18:15:53,52.2396079,11
295,317,20.9449272,2233,2021-06-28 18:15:52,52.1752849,08
296,Z10,20.9143014,2235,2021-06-28 18:15:51,52.2353294,011
297,317,21.0438482,2236,2021-06-28 18:15:52,52.1748999,4
298,187,21.0473137,2240,2021-06-28 18:15:53,52.2124265,2
299,136,20.984339,2241,2021-06-28 18:15:51,52.199028,9
300,191,20.9028429,2243,2021-06-28 18:15:52,52.1938474,1
301,171,20.9423914,2244,2021-06-28 18:15:52,52.239408,4
302,Z10,20.9137017,2245,2021-06-28 18:15:53,52.2526017,9
303,717,20.964975,2247,2021-06-28 18:15:49,52.218277,3
304,317,21.0843641,2249,2021-06-28 18:15:53,52.1679499,06
305,189,21.0688649,2252,2021-06-28 18:15:50,52.1813159,4
306,112,20.9147572,2253,2021-06-28 18:15:50,52.2310345,2
307,191,20.911827,2254,2021-06-28 18:15:52,52.197247,010
308,141,21.044769,2256,2021-06-28 18:15:52,52.222092,013
309,172,20.984962,2257,2021-06-28 18:15:52,52.198421,7
310,317,21.0072861,2258,2021-06-28 18:15:51,52.1774825,1
311,187,21.0491532,2259,2021-06-28 18:15:49,52.2038929,4
312,L48,21.303106,23481,2021-06-28 04:38:21,52.203297,1
313,L47,21.297909,23482,2021-06-28 18:15:51,52.241585,02
314,L47,21.302433,23483,2021-06-28 18:15:54,52.248703,1
315,L20,21.463892,24511,2021-06-28 18:15:51,52.133099,1
316,L20,21.471601,24512,2021-06-28 13:52:17,52.132278,1
317,L20,21.259762,24513,2021-06-28 18:15:51,52.107639,03
318,L20,21.471657,24515,2021-06-28 17:31:13,52.132061,2
319,245,21.097406,3400,2021-06-28 18:15:33,52.286118,2
320,112,21.0301638,3401,2021-06-28 18:15:50,52.2992633,018
321,412,21.075921,3403,2021-06-28 18:15:49,52.322297,01
322,112,21.082484,3404,2021-06-28 18:15:46,52.304108,7
323,412,21.079681,3405,2021-06-28 18:15:38,52.322638,05
324,500,20.9947883,3406,2021-06-28 18:15:44,52.2581538,08
325,500,21.0478323,3408,2021-06-28 18:15:49,52.2857215,2
326,160,21.0461196,3409,2021-06-28 18:15:51,52.2728331,013
327,245,21.056706,3410,2021-06-28 18:15:43,52.274913,05
328,114,20.940071,3411,2021-06-28 18:15:21,52.274129,011
329,500,20.9821591,3413,2021-06-28 18:15:41,52.2530931,1
330,190,21.0574961,3414,2021-06-28 18:15:49,52.265373,027
331,114,20.9846133,3415,2021-06-28 18:15:47,52.2685003,09
332,114,21.0160845,3416,2021-06-28 18:15:48,52.2934891,010
333,738,21.0965635,3417,2021-06-28 18:15:51,52.3125465,3
334,738,21.0527575,3418,2021-06-28 18:15:52,52.2766325,4
335,190,21.0886763,3421,2021-06-28 18:15:48,52.3031615,021
336,500,21.0419031,3422,2021-06-28 18:15:47,52.3002285,4
337,185,21.0217558,3423,2021-06-28 18:15:47,52.14252,10
338,512,21.0519755,3424,2021-06-28 18:15:48,52.2528851,2
339,512,21.0422415,3426,2021-06-28 18:15:47,52.2495825,3
340,169,21.051716,3427,2021-06-28 18:15:50,52.252908,2
341,185,21.0437946,3428,2021-06-28 18:15:49,52.1731004,7
342,500,21.037355,3429,2021-06-28 18:15:49,52.2682916,6
343,169,21.038033,3430,2021-06-28 18:15:43,52.2690731,3
344,112,20.9141231,3431,2021-06-28 18:15:52,52.2360505,3
345,Z26,20.993566,3432,2021-06-28 18:15:51,52.2418388,1
346,Z26,20.974346,3434,2021-06-28 18:15:34,52.235456,6
347,175,20.9791725,3435,2021-06-28 18:15:44,52.1841411,55
348,509,20.9421201,3437,2021-06-28 18:15:47,52.334108,5
349,132,20.9869665,3438,2021-06-28 18:15:46,52.283382,06
350,738,21.129813,3439,2021-06-28 18:15:38,52.353098,1
351,414,20.9767926,3440,2021-06-28 18:15:47,52.27876,07
352,512,21.0568325,3441,2021-06-28 18:15:50,52.2838926,5
353,500,20.9834541,3442,2021-06-28 18:15:46,52.2546865,7
354,509,21.1027521,3443,2021-06-28 18:15:49,52.2220695,11
355,245,21.1012043,3444,2021-06-28 18:15:40,52.2859518,04
356,145,21.1207166,3445,2021-06-28 18:15:51,52.2371383,8
357,509,21.0467195,3446,2021-06-28 18:15:45,52.2477948,14
358,162,21.0317156,3447,2021-06-28 18:15:47,52.2606791,6
359,190,20.896604,3448,2021-06-28 18:15:52,52.2353741,2
360,112,21.0409236,3449,2021-06-28 18:15:49,52.2889513,9
361,112,20.9143715,3450,2021-06-28 18:15:50,52.2354438,12
362,114,21.043474,3451,2021-06-28 09:14:51,52.2654126,09
363,145,21.062502,3452,2021-06-28 18:15:48,52.2920218,015
364,527,21.0540948,3453,2021-06-28 18:15:41,52.2756956,2
365,190,20.8988483,3454,2021-06-28 18:15:50,52.2388411,1
366,145,21.1315646,3455,2021-06-28 18:15:47,52.249169,5
367,509,20.9421158,3458,2021-06-28 18:15:45,52.3235958,355
368,245,21.1311173,3459,2021-06-28 18:15:45,52.280422,1
369,190,21.0588681,3460,2021-06-28 18:15:49,52.2667448,022
370,114,20.930921,3462,2021-06-28 18:15:36,52.291808,2
371,190,21.0884861,3463,2021-06-28 18:15:48,52.3029813,6
372,500,21.0415353,3464,2021-06-28 18:15:48,52.2921066,5
373,114,21.0422388,3465,2021-06-28 18:15:48,52.300195,6
374,112,20.8963553,3466,2021-06-28 18:15:51,52.2171111,1
375,509,21.039651,3467,2021-06-28 18:15:45,52.2510056,022
376,245,21.0529143,3468,2021-06-28 18:15:46,52.2764785,03
377,114,20.9859183,3469,2021-06-28 18:15:45,52.2684098,7
378,L17,20.950617,36442,2021-06-28 18:15:53,51.946304,02
379,L19,21.029413,36443,2021-06-28 17:49:33,52.07513,1
380,L17,21.029511,36444,2021-06-28 18:15:51,52.074585,1
381,L19,21.02384,36445,2021-06-28 18:15:50,51.959877,02
382,L30,21.215982,36446,2021-06-28 18:15:55,51.981174,1
383,L28,21.116819,36447,2021-06-28 18:15:49,52.071472,1
384,L30,21.130634,36448,2021-06-28 18:15:52,51.968803,02
385,L42,21.116171,37531,2021-06-28 18:15:51,52.102638,52
386,L21,21.217552,37533,2021-06-28 18:15:51,51.981079,1
387,L16,21.127398,37534,2021-06-28 18:15:49,52.103878,1
388,L14,21.160748,37535,2021-06-28 18:15:53,52.095425,1
389,L15,21.154829,37536,2021-06-28 18:15:51,52.062485,51
390,L39,21.014851,38541,2021-06-28 18:15:49,52.075336,4
391,L23,21.026285,38544,2021-06-28 18:15:49,52.075562,052
392,L39,21.01512,38545,2021-06-28 18:15:49,52.075161,3
393,L32,20.998201,38546,2021-06-28 18:15:34,52.051651,1
394,L39,21.004555,38547,2021-06-28 05:46:58,52.110222,1
395,L39,21.018503,38548,2021-06-28 18:15:52,52.110737,2
396,L23,21.041353,38549,2021-06-28 18:15:53,52.054794,51
397,L52,21.037102,38550,2021-06-28 18:15:49,52.076817,1
398,L12,21.029436,39551,2021-06-28 18:12:23,52.075226,062
399,L-2,20.914511,39552,2021-06-28 18:15:49,52.001541,063
400,L25,21.155745,39554,2021-06-28 18:15:55,51.971016,02
401,L25,21.023619,39555,2021-06-28 18:15:49,52.070648,1
402,L12,21.005741,39556,2021-06-28 18:15:48,52.053707,061
403,L-2,21.029457,39557,2021-06-28 18:15:54,52.075016,64
404,L12,20.951647,39558,2021-06-28 18:15:49,52.032738,65
405,L13,21.040411,39560,2021-06-28 18:15:51,52.026516,1
406,L13,21.088533,39561,2021-06-28 18:15:52,52.039867,03
407,L13,21.025003,39562,2021-06-28 18:15:52,52.078819,2
408,L-5,21.007397,39565,2021-06-28 18:15:52,52.05537,1
409,255,20.984169,4200,2021-06-28 18:15:50,52.229904,2
410,703,20.933048,4202,2021-06-28 18:15:52,52.1658861,52
411,197,20.960268,4205,2021-06-28 18:15:52,52.281689,2
412,902,20.9223249,4206,2021-06-28 16:30:27,52.1964574,M1
413,255,20.9310817,4207,2021-06-28 18:15:53,52.2251892,03
414,154,20.93343,4209,2021-06-28 18:15:51,52.240219,4
415,178,20.9093725,4210,2021-06-28 18:15:52,52.1938121,011
416,154,20.950832,4211,2021-06-28 18:15:52,52.228996,010
417,711,20.836266,4212,2021-06-28 18:15:51,52.107433,063
418,154,20.9390035,4213,2021-06-28 18:15:52,52.235918,1
419,154,20.9809722,4214,2021-06-28 18:15:51,52.1907234,8
420,711,20.9082447,4215,2021-06-28 18:15:52,52.1442532,061
421,122,20.9427271,4216,2021-06-28 18:15:52,52.2692502,3
422,197,20.9757272,4217,2021-06-28 18:15:53,52.289699,3
423,197,20.944805,4218,2021-06-28 18:15:52,52.264732,1
424,255,20.933298,4219,2021-06-28 18:15:53,52.221764,1
425,197,20.942321,4221,2021-06-28 18:15:52,52.2289627,10
426,129,20.915585,4224,2021-06-28 18:15:52,52.228683,2
427,121,20.923086,4225,2021-06-28 18:15:50,52.275352,03
428,197,20.940664,4227,2021-06-28 18:15:52,52.236671,5
429,154,20.969118,4228,2021-06-28 18:15:52,52.183414,6
430,902,21.045528,4229,2021-06-28 18:15:52,52.248264,M2
431,154,20.9431324,4230,2021-06-28 18:15:52,52.1747652,7
432,178,20.895889,4231,2021-06-28 18:15:51,52.185684,9
433,178,20.915636,4232,2021-06-28 18:15:53,52.205296,7
434,714,20.885584,4233,2021-06-28 18:15:51,52.24321,3
435,729,20.7043994,4234,2021-06-28 18:15:53,52.2658204,02
436,714,20.948687,4235,2021-06-28 18:15:52,52.238796,2
437,L-3,20.869581,42362,2021-06-28 18:15:52,52.059814,02
438,154,20.96702,4237,2021-06-28 18:15:52,52.199974,5
439,154,20.898476,4238,2021-06-28 18:15:53,52.258419,3
440,178,20.979662,4239,2021-06-28 18:15:53,52.229267,8
441,154,20.973201,4240,2021-06-28 18:15:53,52.2122849,011
442,714,20.950687,4241,2021-06-28 18:15:51,52.23856,04
443,154,20.8963979,4242,2021-06-28 18:15:50,52.2395186,2
444,154,20.8983594,4243,2021-06-28 18:15:52,52.2583127,09
445,901,20.9991852,4244,2021-06-28 18:15:52,52.2317574,1
446,901,21.022814,4246,2021-06-28 18:15:52,52.229298,3
447,714,20.807657,4247,2021-06-28 18:15:53,52.27346,1
448,729,20.9509264,4248,2021-06-28 18:15:53,52.2385534,1
449,121,20.942284,4249,2021-06-28 18:15:53,52.294033,2
450,L-1,20.894108,42494,2021-06-28 18:15:54,52.05825,1
451,L-4,21.0165,42495,2021-06-28 06:12:56,52.098907,2
452,L-3,20.962532,42500,2021-06-28 18:15:48,52.082687,1
453,146,21.1564375,4303,2021-06-28 18:15:52,52.1692378,06
454,119,21.1899477,4304,2021-06-28 18:15:53,52.207226,07
455,117,21.1024396,4305,2021-06-28 18:15:52,52.2221283,4
456,147,21.0490674,4307,2021-06-28 18:15:52,52.2476041,010
457,142,21.1462986,4308,2021-06-28 18:15:53,52.2254722,08
458,198,21.2432468,4309,2021-06-28 18:15:52,52.2213965,04
459,702,21.2628575,4312,2021-06-28 18:15:52,52.1080852,1
460,105,16.9750897,4332,2021-06-26 13:35:37,52.5472771,4
461,N72,16.9763326,4333,2021-06-28 15:21:54,52.5456077,215
462,240,21.118977,4400,2021-06-28 18:15:51,52.338329,1
463,132,21.002909,4401,2021-06-28 18:15:51,52.290771,09
464,126,21.0088182,4402,2021-06-28 18:15:52,52.3156931,2
465,120,21.0520004,4403,2021-06-28 18:15:52,52.2536381,5
466,166,21.0316787,4404,2021-06-28 18:15:53,52.2608245,3
467,156,21.05209,4406,2021-06-28 18:15:52,52.253017,2
468,122,20.9835114,4407,2021-06-28 18:15:52,52.2822939,010
469,134,21.050373,4408,2021-06-28 18:15:50,52.318462,05
470,106,21.0207002,4409,2021-06-28 18:15:52,52.2431212,1
471,199,21.051912,4411,2021-06-28 18:15:50,52.276875,3
472,173,21.243156,4413,2021-06-28 18:15:53,52.220459,2
473,106,20.985275,4415,2021-06-28 18:15:52,52.23381,2
474,106,21.018593,4416,2021-06-28 18:15:50,52.237152,07
475,170,21.034264,4417,2021-06-28 18:15:51,52.254944,2
476,106,20.965176,4418,2021-06-28 18:15:51,52.2402,3
477,120,21.0471967,4419,2021-06-28 18:15:52,52.2762332,7
478,901,21.0048922,4420,2021-06-28 18:15:52,52.229929,4
479,126,21.0567872,4421,2021-06-28 18:15:51,52.3019454,1
480,338,21.0635795,4422,2021-06-28 18:15:53,52.2638669,02
481,106,21.02054,4423,2021-06-28 18:15:51,52.24321,5
482,901,21.043669,4424,2021-06-28 18:15:53,52.222939,2
483,156,20.956984,4425,2021-06-28 18:15:49,52.278542,5
484,166,21.024286,4427,2021-06-28 18:15:53,52.22324,4
485,156,20.9279932,4428,2021-06-28 18:15:52,52.2908857,4
486,303,20.9502794,4429,2021-06-28 18:15:52,52.2709579,2
487,106,20.968349,4430,2021-06-28 18:15:51,52.228882,08
488,338,21.0320679,4434,2021-06-28 18:15:51,52.2605141,03
489,122,20.9145396,5200,2021-06-28 18:15:46,52.2519174,08
490,171,20.9867297,5201,2021-06-28 18:15:48,52.2394841,8
491,517,20.951691,5202,2021-06-28 18:15:47,52.2118815,09
492,523,20.960725,5203,2021-06-28 18:15:34,52.217109,020
493,401,20.880279,5204,2021-06-28 18:15:50,52.19745,013
494,105,20.8960377,5205,2021-06-28 18:15:49,52.2171394,5
495,131,21.068784,5206,2021-06-28 18:15:43,52.1814696,2
496,182,21.0371442,5207,2021-06-28 18:15:44,52.2223836,011
497,517,21.0111743,5208,2021-06-28 18:15:52,52.230346,2
498,184,20.958083,5210,2021-06-28 18:15:34,52.224274,2
499,105,20.9371261,5211,2021-06-28 18:15:46,52.2254916,09
500,523,21.087633,5212,2021-06-28 18:15:48,52.250228,015
501,Z10,20.924912,5213,2021-06-28 18:15:37,52.2607701,1
502,184,20.9394439,5214,2021-06-28 18:15:50,52.24552,1
503,523,20.959464,5215,2021-06-28 18:15:46,52.2209252,7
504,131,21.0022671,5216,2021-06-28 18:15:51,52.2280085,8
505,189,20.9220571,5217,2021-06-28 16:49:01,52.1957361,11
506,122,20.962513,5218,2021-06-28 18:15:32,52.259349,011
507,401,20.8618619,5219,2021-06-28 18:15:44,52.1904704,6
508,124,20.9424223,5222,2021-06-28 18:15:52,52.1586755,1
509,190,21.0573099,5223,2021-06-28 18:15:44,52.264851,7
510,517,20.9162213,5224,2021-06-28 18:15:42,52.1991974,4
511,523,20.9875831,5225,2021-06-28 18:15:42,52.2162016,6
512,401,20.9856426,5226,2021-06-28 18:15:49,52.1815113,4
513,189,21.0688441,5227,2021-06-28 18:15:52,52.1813068,024
514,124,20.9367706,5228,2021-06-28 18:15:50,52.1605928,2
515,131,21.0154816,5229,2021-06-28 18:15:44,52.2203661,5
516,523,21.0289197,5230,2021-06-28 18:15:52,52.22011,016
517,189,21.0053165,5232,2021-06-28 18:15:43,52.1779382,7
518,148,21.046391,5233,2021-06-28 18:15:50,52.150238,011
519,105,20.96636,5234,2021-06-28 18:15:48,52.228441,011
520,105,20.983646,5235,2021-06-28 18:15:52,52.2305115,3
521,517,20.9427382,5236,2021-06-28 18:15:47,52.2058231,1
522,171,21.0434524,5237,2021-06-28 18:15:39,52.2228695,6
523,401,20.8616455,5238,2021-06-28 18:15:50,52.1906095,7
524,182,21.113046,5239,2021-06-28 18:15:50,52.23628,9
525,184,20.9639389,5240,2021-06-28 18:15:35,52.2080803,3
526,187,20.9016972,5241,2021-06-28 18:15:40,52.1992595,8
527,190,20.900685,5243,2021-06-28 18:15:46,52.1999636,011
528,189,21.0304264,5244,2021-06-28 18:15:48,52.1734012,018
529,105,20.8989271,5245,2021-06-28 18:15:43,52.2387532,6
530,148,21.0869397,5246,2021-06-28 18:15:48,52.2447821,012
531,716,20.8289015,5247,2021-06-28 18:15:52,52.1929454,1
532,141,21.0226976,5248,2021-06-28 18:15:43,52.1971044,7
533,317,20.9436613,5249,2021-06-28 18:15:52,52.1759192,2
534,188,21.0684651,5250,2021-06-28 18:15:50,52.229896,3
535,187,20.981745,5251,2021-06-28 18:15:46,52.2162153,1
536,189,20.8991461,5253,2021-06-28 18:15:48,52.2386352,020
537,401,21.0123217,5254,2021-06-28 18:15:46,52.1743842,010
538,190,21.087096,5255,2021-06-28 18:15:01,52.301166,016
539,148,21.0545007,5256,2021-06-28 18:15:47,52.1827972,1
540,716,20.923498,5257,2021-06-28 18:15:34,52.221845,2
541,188,21.0062972,5258,2021-06-28 18:15:51,52.2173159,4
542,105,20.899543,5260,2021-06-28 18:15:37,52.238816,08
543,723,20.926201,5401,2021-06-28 18:15:52,52.3735657,3
544,185,20.9732869,5403,2021-06-28 18:15:52,52.2863742,3
545,145,21.1272339,5404,2021-06-28 18:15:52,52.2572316,4
546,269,21.041969,5405,2021-06-28 18:15:51,52.300495,05
547,509,21.0606894,5406,2021-06-28 18:15:51,52.2325906,13
548,120,21.0615437,5407,2021-06-28 18:15:50,52.3619019,2
549,527,21.059524,5408,2021-06-28 18:15:51,52.3033727,054
550,E-9,21.058538,5409,2021-06-28 18:15:49,52.306046,01
551,731,21.0009725,5410,2021-06-28 18:15:50,52.2913202,1
552,723,20.916111,5412,2021-06-28 18:15:52,52.400085,4
553,705,21.0690441,5413,2021-06-28 18:15:51,52.471953,66
554,511,20.9445757,5414,2021-06-28 18:15:53,52.3494015,1
555,723,20.9579662,5416,2021-06-28 18:15:52,52.3382829,1
556,E-9,20.9680957,5417,2021-06-28 18:15:49,52.2720582,02
557,511,20.96487,5418,2021-06-28 18:15:53,52.332413,2
558,120,21.0675645,5419,2021-06-28 18:15:52,52.3241964,3
559,160,21.048428,5420,2021-06-28 18:15:52,52.288834,5
560,511,20.964951,5421,2021-06-28 18:15:51,52.312428,3
561,160,21.0399779,5423,2021-06-28 18:15:53,52.2570809,012
562,511,20.927729,5424,2021-06-28 18:15:52,52.291492,06
563,116,21.0009507,5425,2021-06-28 18:15:52,52.252745,4
564,116,20.924656,5426,2021-06-28 18:15:51,52.272854,11
565,527,21.064224,5428,2021-06-28 18:15:52,52.32486,1
566,731,20.9715909,5429,2021-06-28 18:15:53,52.3214156,2
567,145,21.030071,5430,2021-06-28 18:15:52,52.288204,11
568,160,21.061995,5432,2021-06-28 18:15:51,52.309975,7
569,414,21.04143,5434,2021-06-28 18:15:53,52.299892,08
570,527,21.05616,5436,2021-06-28 18:15:52,52.297909,3
571,705,21.037912,5437,2021-06-28 18:15:52,52.414618,1
572,731,20.9255372,5438,2021-06-28 18:15:53,52.421651,4
573,738,21.18145,5439,2021-06-28 18:15:52,52.417248,2
574,735,21.011698,5441,2021-06-28 18:15:52,52.453903,64
575,160,20.995783,5443,2021-06-28 18:15:52,52.239361,2
576,E-9,21.0598656,5444,2021-06-28 18:15:51,52.3159941,04
577,705,21.048461,5445,2021-06-28 03:52:31,52.264575,65
578,735,21.0117174,5446,2021-06-28 18:15:49,52.3165796,62
579,114,20.9170484,5447,2021-06-28 18:15:53,52.3129381,08
580,735,20.979614,5448,2021-06-28 18:15:53,52.280067,63
581,160,21.0028127,5449,2021-06-28 18:15:53,52.229279,3
582,511,20.92753,5453,2021-06-28 18:15:53,52.291779,4
583,160,21.0360654,5454,2021-06-28 18:15:52,52.2551274,09
584,169,21.041895,5455,2021-06-28 18:15:52,52.300182,4
585,269,21.0416514,5457,2021-06-28 18:15:53,52.3004739,04
586,180,20.930919,5459,2021-06-28 18:15:52,52.2919739,016
587,705,21.028311,5460,2021-06-28 18:15:53,52.354328,65
588,175,21.018345,5870,2021-06-28 18:15:52,52.23587,53
589,175,21.0203247,5871,2021-06-28 18:15:53,52.231823,59
590,503,21.002539,5873,2021-06-28 18:15:50,52.254807,1
591,175,20.983418,5874,2021-06-28 18:15:50,52.197876,58
592,138,20.998106,5875,2021-06-28 18:15:52,52.186764,011
593,331,20.998089,5876,2021-06-28 18:15:51,52.187309,01
594,180,20.9246452,5877,2021-06-28 18:15:52,52.2726925,017
595,709,20.996239,5878,2021-06-28 18:15:52,52.188671,013
596,175,20.989491,5880,2021-06-28 18:15:51,52.220352,070
597,503,21.044321,5881,2021-06-28 18:15:49,52.174412,5
598,175,20.978174,5882,2021-06-28 18:15:49,52.169449,56
599,180,20.954607,5883,2021-06-28 18:15:49,52.261959,10
600,503,20.998091,5885,2021-06-28 18:03:22,52.18679,5
601,180,21.025118,5886,2021-06-28 18:15:51,52.220161,13
602,128,20.963755,5887,2021-06-28 18:15:49,52.207809,074
603,175,20.978258,5888,2021-06-28 18:15:51,52.16946,069
604,180,20.92499,5889,2021-06-28 18:15:52,52.272434,8
605,128,20.990086,5890,2021-06-28 18:15:52,52.21862,62
606,180,20.952774,5891,2021-06-28 18:15:52,52.262371,7
607,504,20.992195,5892,2021-06-28 18:15:53,52.183281, 
608,503,21.008419,5893,2021-06-28 18:15:49,52.247726,3
609,128,21.01742,5894,2021-06-28 18:15:53,52.238876,066
610,503,21.002317,5895,2021-06-28 18:15:51,52.254726,12
611,503,21.004421,5897,2021-06-28 18:15:51,52.255516,2
612,175,21.012754,5898,2021-06-28 18:15:52,52.243202,071
613,128,21.00449,5899,2021-06-28 18:15:52,52.228432,51
614,158,21.109449,5900,2021-06-28 18:15:52,52.236725,5
615,128,21.012842,5902,2021-06-28 18:15:49,52.243195,52
616,158,21.041054,5903,2021-06-28 18:15:49,52.235912,8
617,503,21.045797,5905,2021-06-28 18:15:52,52.150024,8
618,128,20.963461,5906,2021-06-28 18:15:50,52.20779,63
619,503,21.049957,5907,2021-06-28 18:15:52,52.144596,7
620,175,20.987928,5908,2021-06-28 18:15:50,52.209629,068
621,128,21.012852,5909,2021-06-28 18:15:49,52.24305,067
622,128,20.978657,5910,2021-06-28 18:15:51,52.200272,073
623,111,21.102867,5911,2021-06-28 18:15:50,52.222137,4
624,116,20.939951,5913,2021-06-28 18:15:52,52.27792,12
625,175,21.000954,5915,2021-06-28 18:15:53,52.227375,54
626,128,21.017418,5918,2021-06-28 18:15:50,52.23904,60
627,158,20.949718,5920,2021-06-28 18:15:50,52.211647,1
628,116,21.018377,5921,2021-06-28 18:15:49,52.235725,15
629,175,21.1163987,5923,2021-06-28 10:17:16,52.2339737,072
630,116,21.051222,5924,2021-06-28 18:15:53,52.186321,17
631,116,21.062153,5926,2021-06-28 18:15:50,52.175625,3
632,158,21.108091,5927,2021-06-28 18:15:53,52.236729,7
633,116,21.0207101,5928,2021-06-28 18:15:50,52.2316377,5
634,175,20.97456,5929,2021-06-28 18:15:52,52.168659,57
635,158,21.000067,5930,2021-06-28 18:15:52,52.227268,9
636,158,21.047443,5931,2021-06-28 18:15:53,52.237328,3
637,116,21.013809,5932,2021-06-28 18:15:53,52.245373,6
638,111,20.9896549,5933,2021-06-28 18:15:53,52.2477087,2
639,158,20.987333,5934,2021-06-28 18:15:52,52.224678,4
640,503,21.018171,5935,2021-06-28 18:15:50,52.23621,11
641,503,21.033251,5936,2021-06-28 18:15:52,52.203922,10
642,111,20.979448,5937,2021-06-28 18:15:50,52.244431,10
643,158,20.949047,5939,2021-06-28 18:15:53,52.210621,2
644,175,21.011396,5942,2021-06-28 18:15:51,52.244247,072
645,111,21.0663,5943,2021-06-28 18:15:51,52.2262,7
646,158,21.1176694,5945,2021-06-28 18:15:53,52.2337815, 
647,111,21.027136,5946,2021-06-28 18:15:53,52.233021,8
648,111,21.102451,5947,2021-06-28 18:15:52,52.222084,5
649,503,21.043846,5948,2021-06-28 18:15:49,52.144112,013
650,503,21.027868,5950,2021-06-28 18:15:51,52.210514,4
651,180,21.083828,5951,2021-06-28 18:15:50,52.168339,2
652,518,20.961994,5952,2021-06-28 18:15:52,52.314873,7
653,160,21.00296,5954,2021-06-28 18:15:49,52.229431,010
654,111,21.066273,5958,2021-06-28 18:15:50,52.233536,011
655,160,21.051569,5959,2021-06-28 18:15:51,52.291889,08
656,111,21.017527,5960,2021-06-28 18:15:51,52.238796,3
657,190,21.045603,5961,2021-06-28 18:15:51,52.264973,024
658,116,20.974667,5962,2021-06-28 18:15:53,52.271408,13
659,111,20.979122,5963,2021-06-28 18:15:52,52.244347,1
660,518,21.023558,5964,2021-06-28 18:15:51,52.22831,3
661,518,20.942102,5965,2021-06-28 18:15:53,52.334557,08
662,518,21.014095,5966,2021-06-28 18:15:51,52.244736,2
663,160,21.002119,5967,2021-06-28 18:15:51,52.229145,011
664,180,20.989203,5970,2021-06-28 18:15:50,52.247566,11
665,518,20.974289,5972,2021-06-28 18:15:52,52.277271,1
666,E-9,20.967577,5973,2021-06-28 18:15:50,52.271847,03
667,518,20.999634,5975,2021-06-28 18:15:51,52.253738,4
668,180,21.018082,5976,2021-06-28 18:15:50,52.23645,6
669,503,21.033667,5978,2021-06-28 18:15:48,52.167294,9
670,503,21.036587,5979,2021-06-28 18:15:51,52.164089,6
671,111,21.101927,5980,2021-06-28 18:15:50,52.223881,6
672,705,20.969522,5981,2021-06-28 18:15:53,52.26989, 
673,111,21.007481,5982,2021-06-28 18:15:48,52.243736,9
674,128,20.9862506,5983,2021-06-28 18:15:45,52.2060332,65
675,180,21.052422,5984,2021-06-28 18:15:45,52.196323,4
676,180,21.049418,5985,2021-06-28 18:15:51,52.204319,14
677,180,21.006704,5986,2021-06-28 18:15:52,52.248497,12
678,180,20.924782,5987,2021-06-28 18:15:52,52.272556,9
679,180,21.08095,5988,2021-06-28 18:15:52,52.172272,1
680,116,21.084251,5989,2021-06-28 18:15:52,52.166477,1
681,705,21.030815,5990,2021-06-28 18:15:51,52.431709,08
682,116,21.0841209,5991,2021-06-28 18:15:53,52.1681844,2
683,518,20.941452,5994,2021-06-28 18:15:52,52.332493,6
684,116,20.989891,5995,2021-06-28 18:15:51,52.264782,7
685,116,21.032944,5996,2021-06-28 18:15:47,52.204552,16
686,116,20.924728,5997,2021-06-28 18:15:52,52.272438,10
687,518,20.978397,5998,2021-06-28 18:15:51,52.311794,5
688,116,20.924982,5999,2021-06-28 18:15:52,52.272346,8
689,184,20.9410131,6200,2021-06-28 18:15:52,52.2859757,7
690,112,20.915792,6201,2021-06-28 18:15:53,52.254028,11
691,187,20.861908,6203,2021-06-28 18:15:42,52.191025,9
692,167,21.029617,6204,2021-06-28 18:15:53,52.206879,013
693,728,20.906166,6207,2021-06-28 18:15:52,52.142399,02
694,Z10,20.9308192,6208,2021-06-28 18:15:53,52.2249759,7
695,703,20.836985,6209,2021-06-28 18:15:52,52.056782,91
696,414,20.9639265,6210,2021-06-28 18:15:53,52.2078306,04
697,713,20.9039676,6212,2021-06-28 18:15:52,52.2173577,3
698,414,20.960182,6213,2021-06-28 18:15:51,52.218491,03
699,184,20.9483491,6214,2021-06-28 18:15:50,52.2385884,5
700,191,20.9848659,6215,2021-06-28 18:15:53,52.2190086,6
701,105,20.899069,6216,2021-06-28 18:15:50,52.238785,7
702,167,21.062931,6217,2021-06-28 18:15:52,52.212276,1
703,105,20.896305,6218,2021-06-28 18:15:51,52.238968,010
704,136,20.99724,6220,2021-06-28 18:15:53,52.188942,4
705,189,20.8988,6221,2021-06-28 18:15:53,52.238743,13
706,187,20.987398,6222,2021-06-28 18:15:53,52.216255,5
707,105,20.910698,6223,2021-06-28 18:15:48,52.218651,4
708,517,20.896812,6224,2021-06-28 18:15:52,52.196144,6
709,717,20.876637,6225,2021-06-28 18:15:52,52.179848,2
710,716,20.9163392,6226,2021-06-28 18:15:53,52.2192697,3
711,188,21.0588086,6227,2021-06-28 18:15:53,52.2276514,1
712,190,20.931555,6228,2021-06-28 18:15:51,52.240307,3
713,187,20.980497,6229,2021-06-28 18:15:52,52.216469,6
714,706,20.895164,6231,2021-06-28 18:15:53,52.132656,03
715,190,20.914843,6232,2021-06-28 18:15:53,52.234478,9
716,191,20.9146067,6233,2021-06-28 18:15:53,52.201082,4
717,414,20.976851,6234,2021-06-28 18:15:53,52.278606,02
718,112,20.940385,6236,2021-06-28 18:15:52,52.2778156,10
719,114,21.017235,6237,2021-06-28 18:15:51,52.293423,4
720,728,20.877893,6239,2021-06-28 18:15:52,52.081524,1
721,414,21.0423334,6240,2021-06-28 18:15:52,52.2952807,01
722,517,20.8680305,6241,2021-06-28 18:15:53,52.1936012,5
723,182,20.987206,6242,2021-06-28 18:15:53,52.216377,7
724,706,20.9430689,6243,2021-06-28 18:15:53,52.175655,2
725,L29,20.462612,65471,2021-06-28 18:15:42,52.267769,1
726,L-6,20.864186,66524,2021-06-28 18:15:50,52.277064,02
727,L-6,20.752239,66525,2021-06-28 18:15:51,52.256954,1
728,190,20.898849,7200,2021-06-28 18:15:53,52.2389981,10
729,189,21.0444449,7201,2021-06-28 18:15:53,52.1747644,6
730,112,20.977785,7202,2021-06-28 18:15:51,52.278973,019
731,141,21.0839327,7203,2021-06-28 18:15:52,52.2454112,4
732,317,20.9441887,7204,2021-06-28 18:15:51,52.1751685,07
733,131,21.003809,7205,2021-06-28 18:15:53,52.229458,011
734,523,20.9132489,7206,2021-06-28 18:15:52,52.2519425,10
735,189,20.913246,7207,2021-06-28 18:15:53,52.210266,019
736,414,20.957663,7208,2021-06-28 18:15:52,52.22464,06
737,721,20.925987,7212,2021-06-28 18:15:52,52.159641,02
738,112,20.9513172,7213,2021-06-28 18:15:51,52.2766584,5
739,191,20.8706771,7214,2021-06-28 18:15:53,52.1845254,2
740,112,21.048479,7215,2021-06-28 18:15:53,52.288822,8
741,713,20.831394,7216,2021-06-28 18:15:49,52.213188,2
742,189,20.916929,7219,2021-06-28 18:15:52,52.221188,022
743,517,20.9687326,7220,2021-06-28 18:15:53,52.2187224,09
744,187,20.9363607,7222,2021-06-28 18:15:53,52.2015539,12
745,122,20.974934,7223,2021-06-28 18:15:53,52.289783,2
746,721,20.8513004,7225,2021-06-28 18:15:53,52.0574194,1
747,706,20.9464519,7226,2021-06-28 18:15:40,52.1761157,1
748,114,20.9339509,7227,2021-06-28 18:15:52,52.2716264,3
749,114,20.9304161,7228,2021-06-28 18:15:53,52.2917962,1
750,112,20.8850184,7229,2021-06-28 18:15:53,52.2165917,014
751,517,20.861664,7230,2021-06-28 18:15:50,52.190937,08
752,713,20.75561,7231,2021-06-28 18:15:52,52.21151,04
753,717,20.849329,7232,2021-06-28 18:15:53,52.173763,1
754,189,21.0641941,7233,2021-06-28 18:15:49,52.1865426,3
755,713,20.9239807,7234,2021-06-28 18:15:53,52.2217939,1
756,187,20.862129,7235,2021-06-28 18:15:49,52.190865,10
757,184,20.940594,7237,2021-06-28 18:15:53,52.284966,6
758,141,21.1129295,7238,2021-06-28 18:15:49,52.2363232,5
759,189,20.93615,7239,2021-06-28 18:15:51,52.194542,16
760,184,20.940525,7240,2021-06-28 18:15:51,52.283802,8
761,317,21.056547,7241,2021-06-28 18:15:51,52.172272,5
762,141,20.9543865,7242,2021-06-28 18:15:53,52.1862937,1
763,523,20.900003,7243,2021-06-28 18:15:53,52.257881,9
764,401,21.026575,7244,2021-06-28 18:15:53,52.170204,3
765,187,20.932156,7245,2021-06-28 18:15:49,52.198383,7
766,190,20.9285484,7247,2021-06-28 18:15:52,52.2406674,017
767,188,20.9780949,7248,2021-06-28 18:15:51,52.1695131,5
768,171,20.9268051,7249,2021-06-28 18:15:52,52.2720999,3
769,317,21.002199,7250,2021-06-28 18:15:52,52.17675,3
770,105,20.901594,7251,2021-06-28 18:15:52,52.217152,2
771,167,20.962326,7252,2021-06-28 18:15:49,52.215748,4
772,122,20.976433,7254,2021-06-28 18:15:50,52.289909,1
773,191,20.9766099,7256,2021-06-28 18:15:52,52.2111541,8
774,190,20.914968,7257,2021-06-28 18:15:51,52.229755,012
775,187,20.8830472,7258,2021-06-28 18:15:52,52.196861,11
776,189,20.917202,7259,2021-06-28 18:15:50,52.199024,15
777,125,21.116163,7301,2021-06-28 18:15:53,52.239067,08
778,507,21.047379,7303,2021-06-28 18:15:52,52.237221,5
779,188,20.9817024,7304,2021-06-28 18:15:53,52.1912984,07
780,138,20.9954332,7305,2021-06-28 18:15:53,52.1703084,4
781,151,21.0862904,7306,2021-06-28 18:15:53,52.2354157,04
782,509,21.0057856,7307,2021-06-28 18:15:47,52.2878365,7
783,138,21.04398,7308,2021-06-28 18:15:52,52.254414,1
784,188,21.1127531,7310,2021-06-28 18:15:53,52.2447184,2
785,182,20.963852,7312,2021-06-28 18:15:53,52.217503,5
786,E-1,21.0784622,7314,2021-06-28 18:15:53,52.2262009,01
787,143,21.1304116,7315,2021-06-28 18:15:52,52.2374177,7
788,188,21.084648,7316,2021-06-28 18:15:52,52.250229,08
789,402,21.0189494,7317,2021-06-28 18:15:52,52.1735872,3
790,182,21.00964,7318,2021-06-28 18:15:52,52.217236,4
791,182,21.0180455,7319,2021-06-28 18:15:53,52.2175155,3
792,411,21.102503,7320,2021-06-28 18:15:51,52.222099,01
793,182,20.971973,7322,2021-06-28 18:15:52,52.219543,8
794,E-1,21.102495,7323,2021-06-28 18:15:47,52.22208,02
795,138,21.002432,7325,2021-06-28 18:15:53,52.182919,3
796,141,21.048906,7326,2021-06-28 18:15:53,52.202446,6
797,E-1,21.057953,7327,2021-06-28 18:15:51,52.227219,03
798,182,21.108572,7328,2021-06-28 18:15:52,52.236698,1
799,523,20.9440147,7329,2021-06-28 18:15:53,52.2390682,017
800,171,20.9958182,7330,2021-06-28 18:15:52,52.2427466,5
801,162,21.030808,7331,2021-06-28 18:15:52,52.250099,013
802,141,20.9817357,7333,2021-06-28 18:15:51,52.1914774,8
803,116,20.9506974,7334,2021-06-28 18:15:52,52.2766876,69
804,110,20.927639,742,2021-06-28 18:15:51,52.2803,1
805,750,20.827459,745,2021-06-28 18:15:52,52.370815,07
806,250,20.8806,746,2021-06-28 18:15:51,52.327,1
807,850,20.630308,749,2021-06-28 18:15:47,52.379868,2
808,150,20.915543,750,2021-06-28 18:15:50,52.319138,1
809,750,20.901934,755,2021-06-28 18:15:52,52.331776,2
810,110,20.961998,757,2021-06-28 18:15:53,52.275372,3
811,150,20.846552,758,2021-06-28 18:15:53,52.341179,2
812,750,20.872999,761,2021-06-28 18:15:46,52.345474,4
813,750,20.714991,762,2021-06-28 18:13:33,52.392181,1
814,850,20.922812,763,2021-06-28 18:15:46,52.312908,1
815,151,21.0050076,7701,2021-06-28 18:15:53,52.2205127,1
816,411,21.0934189,7702,2021-06-28 18:15:52,52.2249181,04
817,402,21.0961252,7703,2021-06-28 18:15:53,52.2165915,7
818,151,21.0951862,7704,2021-06-28 18:15:53,52.2311277,05
819,110,16.9775344,7715,2021-06-28 18:15:53,52.5461474,3
820,150,20.860247167,773,2021-06-28 18:15:52,52.348631167,05
821,150,20.934595,774,2021-06-28 18:15:50,52.305252,3
822,250,20.883032,775,2021-06-28 18:15:54,52.329624,3
823,250,20.927603,776,2021-06-28 18:15:52,52.291065,2
824,750,20.9271077,777,2021-06-28 18:15:53,52.291179,3
825,143,21.177082,8103,2021-06-28 18:15:45,52.2569485,011
826,167,20.9642463,8108,2021-06-28 18:15:48,52.2154748,8
827,217,21.034637,8109,2021-06-28 18:15:42,52.1770263,2
828,174,21.0047926,8110,2021-06-28 18:15:47,52.2193061,010
829,136,20.9577498,8112,2021-06-28 18:15:52,52.2242003,014
830,709,21.0249011,8115,2021-06-28 18:15:47,52.0789866,8
831,174,20.9985955,8119,2021-06-28 18:15:48,52.2330661,6
832,136,20.9659023,8120,2021-06-28 18:15:50,52.243561,7
833,143,21.001719,8121,2021-06-28 18:15:48,52.189491,09
834,504,21.0435921,8123,2021-06-28 18:15:47,52.1449963,3
835,165,21.0019123,8124,2021-06-28 18:15:49,52.1567761,4
836,727,20.9437421,8125,2021-06-28 18:15:44,52.0368651,3
837,709,21.0178578,8126,2021-06-28 18:15:48,52.1456995,014
838,402,21.1561036,8130,2021-06-28 18:15:42,52.2402506,5
839,136,21.0519623,8131,2021-06-28 18:15:45,52.1455238,012
840,148,21.0828486,8133,2021-06-28 18:15:53,52.2062816,5
841,402,20.9935533,8134,2021-06-28 18:15:42,52.1789683,9
842,167,21.0491735,8135,2021-06-28 18:15:45,52.2121546,9
843,162,21.0445916,8136,2021-06-28 18:15:40,52.2160786,08
844,162,21.0456658,8137,2021-06-28 18:15:43,52.2158881,011
845,162,21.0274275,8138,2021-06-28 18:15:50,52.2596675,7
846,136,21.029725,8139,2021-06-28 18:15:47,52.1531251,016
847,168,21.068686,8140,2021-06-28 18:15:45,52.2034181,4
848,504,21.0666291,8143,2021-06-28 18:15:46,52.1305263,011
849,504,21.0687961,8144,2021-06-28 18:15:46,52.128846,4
850,709,21.0129183,8145,2021-06-28 18:15:48,52.0723556,011
851,727,21.0185938,8146,2021-06-28 18:15:49,52.113529,2
852,148,21.041343,8148,2021-06-28 18:15:41,52.170721,6
853,709,21.0232708,8152,2021-06-28 18:15:46,52.1792331,1
854,217,21.0430663,8153,2021-06-28 18:15:39,52.1753278,1
855,136,20.9626221,8154,2021-06-28 18:15:44,52.2159936,8
856,131,21.0485785,8155,2021-06-28 18:15:48,52.2066916,9
857,709,21.022372,8156,2021-06-28 18:15:48,52.076194,6
858,308,20.9959348,8158,2021-06-28 18:15:45,52.1835205,01
859,136,20.985829,8160,2021-06-28 18:15:48,52.204745,5
860,504,20.990109,8162,2021-06-28 18:15:43,52.2183121,1
861,331,21.0248055,8165,2021-06-28 18:15:38,52.187237,03
862,709,20.996324,8166,2021-06-28 18:15:49,52.1879743,9
863,148,21.0994931,8167,2021-06-28 18:15:47,52.2381655,4
864,218,21.0041296,8168,2021-06-28 18:15:44,52.1890158,3
865,504,21.068568,8169,2021-06-28 18:15:39,52.1291121,5
866,131,21.022376,8170,2021-06-28 18:15:47,52.2112143,1
867,167,21.0074085,8172,2021-06-28 18:15:46,52.2103093,010
868,143,21.093969,8173,2021-06-28 18:15:35,52.244104,010
869,218,21.0242086,8174,2021-06-28 18:15:50,52.1797721,1
870,727,21.0270585,8175,2021-06-28 18:15:46,52.0716575,4
871,709,21.020986,8176,2021-06-28 18:15:49,52.176198,3
872,143,21.0093788,8177,2021-06-28 18:15:48,52.2174236,5
873,138,21.0607001,8178,2021-06-28 18:15:44,52.2624045,7
874,709,21.026121,8181,2021-06-28 18:15:42,52.075521,7
875,136,21.0419118,8182,2021-06-28 18:15:42,52.1480086,2
876,218,21.024605,8183,2021-06-28 18:15:49,52.190768,4
877,131,21.0067328,8184,2021-06-28 18:15:49,52.2287661,6
878,143,21.1641568,8185,2021-06-28 18:15:46,52.2611545,8
879,217,21.0686141,8187,2021-06-28 18:15:48,52.1684021,4
880,185,21.021893,8188,2021-06-28 18:15:38,52.142614,9
881,504,20.987335,8189,2021-06-28 18:15:45,52.181184,7
882,709,21.0190088,8190,2021-06-28 18:15:44,52.0981888,5
883,131,21.084136,8192,2021-06-28 18:15:45,52.1677898,4
884,504,20.9952918,8195,2021-06-28 18:15:47,52.1797431,2
885,504,21.0040585,8196,2021-06-28 18:15:50,52.2294075,013
886,218,21.0078388,8197,2021-06-28 18:15:48,52.178062,2
887,331,20.9965328,8198,2021-06-28 18:15:44,52.185985,02
888,174,21.007818,8199,2021-06-28 18:15:37,52.171174,4
889,402,21.1046596,8201,2021-06-28 18:15:33,52.2225503,4
890,151,21.115749,8202,2021-06-28 10:44:07,52.233741,05
891,151,21.1175305,8204,2021-06-28 10:20:01,52.2338373,06
892,151,21.0924476,8208,2021-06-28 18:15:43,52.231334,2
893,521,20.9639543,8214,2021-06-28 18:15:50,52.207871,1
894,125,21.166374,8216,2021-06-28 18:15:33,52.212465,2
895,182,20.9828998,8218,2021-06-28 18:15:37,52.2160045,013
896,509,21.102256,8220,2021-06-28 18:15:47,52.221956,023
897,182,21.0536951,8222,2021-06-28 18:15:38,52.2262218,2
898,509,21.0245876,8223,2021-06-28 18:15:42,52.2602573,024
899,151,21.027215,8225,2021-06-28 18:15:41,52.219855,06
900,509,21.078154,8228,2021-06-28 18:15:43,52.226055,10
901,521,21.0217435,8229,2021-06-28 18:15:47,52.2321391,2
902,523,20.935759,8231,2021-06-28 18:15:37,52.239821,021
903,162,21.037125,8233,2021-06-28 18:15:48,52.2568556,014
904,145,21.0724438,8300,2021-06-28 18:15:46,52.288884,2
905,145,21.1225553,8301,2021-06-28 18:15:50,52.2640171,9
906,509,20.9405846,8303,2021-06-28 18:15:51,52.3268646,3
907,171,21.034853,8304,2021-06-28 18:15:34,52.224331,010
908,509,21.116975,8305,2021-06-28 09:25:27,52.233583,022
909,117,21.0517858,8306,2021-06-28 18:15:44,52.2384186,3
910,116,21.03601,8309,2021-06-28 18:15:48,52.200963,4
911,141,20.988698,8310,2021-06-28 18:15:49,52.197625,2
912,168,20.995619,8311,2021-06-28 18:15:41,52.192831,3
913,151,21.0153015,8312,2021-06-28 18:15:50,52.2185576,3
914,720,21.29834,8313,2021-06-28 18:15:48,52.1708975,02
915,162,21.0837041,8314,2021-06-28 18:15:50,52.192409,2
916,117,21.097989,8315,2021-06-28 18:15:50,52.22127,06
917,521,21.2045311,8318,2021-06-28 18:15:43,52.1593756,4
918,185,21.0402261,8319,2021-06-28 18:15:48,52.146711,11
919,151,21.116836,8320,2021-06-28 09:58:49,52.233566,04
920,162,21.030593,8322,2021-06-28 18:15:52,52.23387,5
921,509,21.0474923,8323,2021-06-28 18:15:47,52.2473078,9
922,148,20.9777698,8324,2021-06-28 18:15:37,52.1685213,7
923,143,21.138632,8326,2021-06-28 18:15:44,52.2439608,1
924,145,21.0164493,8328,2021-06-28 18:15:49,52.2944926,1
925,507,21.0555218,8329,2021-06-28 18:15:43,52.2386365,08
926,148,21.103261,8330,2021-06-28 18:15:47,52.221725,2
927,145,21.087986,8332,2021-06-28 18:15:37,52.244908,7
928,523,20.9630918,8333,2021-06-28 18:15:50,52.2172598,12
929,148,21.0948105,8334,2021-06-28 18:15:54,52.2438123,3
930,145,21.1143375,8335,2021-06-28 18:15:52,52.2787981,014
931,143,21.0862585,8337,2021-06-28 18:15:47,52.2450496,2
932,125,21.041409,8340,2021-06-28 18:15:38,52.241476,4
933,523,21.0101778,8341,2021-06-28 18:15:52,52.21718,5
934,507,21.088678,8342,2021-06-28 18:15:42,52.225581,1
935,171,20.920269,8343,2021-06-28 18:15:37,52.248991,09
936,502,21.0702767,8344,2021-06-28 18:15:53,52.230315,1
937,507,21.1022533,8345,2021-06-28 18:15:47,52.2220733,3
938,145,21.074773,8348,2021-06-28 18:15:42,52.28741,3
939,507,21.005258,8349,2021-06-28 18:15:35,52.229506,6
940,145,21.0002433,8350,2021-06-28 18:15:35,52.2914183,012
941,507,21.069396,8351,2021-06-28 18:15:48,52.225448,4
942,502,21.14023,8352,2021-06-28 18:15:43,52.228655,4
943,523,21.106864,8353,2021-06-28 18:15:49,52.247995,2
944,502,21.0153817,8354,2021-06-28 18:15:39,52.2187,011
945,523,20.913018,8356,2021-06-28 18:15:49,52.239364,8
946,514,21.0169767,8358,2021-06-28 18:15:53,52.2175183,3
947,523,21.085741,8359,2021-06-28 18:15:45,52.245118,3
948,507,21.005369,8360,2021-06-28 18:15:40,52.229411,7
949,202,21.124034,8361,2021-06-28 18:15:49,52.242269,1
950,502,21.015615,8362,2021-06-28 18:15:53,52.2188467,2
951,188,20.984155,8363,2021-06-28 18:15:40,52.1999933,6
952,138,21.022245,8364,2021-06-28 18:15:33,52.218586,6
953,514,21.1856317,8365,2021-06-28 18:15:43,52.2468533,1
954,523,21.0791,8366,2021-06-28 18:15:52,52.2359317,4
955,502,21.21743,8368,2021-06-28 18:15:46,52.214388,5
956,145,21.088498,8398,2021-06-28 18:15:51,52.244708,013
957,402,21.011943,8403,2021-06-28 18:15:45,52.174398,011
958,521,21.1013618,8408,2021-06-28 18:15:45,52.2425885,07
959,143,21.0694121,8410,2021-06-28 18:15:51,52.2301606,012
960,523,21.0195576,8414,2021-06-28 18:15:49,52.2180598,13
961,148,21.0480266,8417,2021-06-28 18:15:45,52.1623288,9
962,148,20.993725,8430,2021-06-28 18:15:45,52.156506,010
963,162,21.0493693,8437,2021-06-28 18:15:46,52.2024318,012
964,125,21.1968168,8438,2021-06-28 18:15:47,52.2084426,1
965,162,21.026495,8440,2021-06-28 18:15:42,52.236769,015
966,145,21.088287,8441,2021-06-28 18:15:52,52.244843,6
967,269,21.0464814,8442,2021-06-28 18:15:52,52.2762214,01
968,723,21.0008487,8443,2021-06-28 18:15:53,52.2913054,2
969,114,21.041889,8445,2021-06-28 18:15:53,52.300304,5
970,120,21.0509465,8446,2021-06-28 18:15:53,52.2525604,6
971,731,20.9537286,8447,2021-06-28 18:15:52,52.4076207,3
972,160,21.0501692,8448,2021-06-28 18:15:52,52.2742565,1
973,132,21.0670417,8449,2021-06-28 18:15:53,52.3229879,04
974,412,21.074425,8450,2021-06-28 18:15:53,52.285618,052
975,112,21.059036,8451,2021-06-28 18:15:53,52.302765,6
976,527,21.0632952,8452,2021-06-28 18:15:52,52.3252372,06
977,160,21.059813,8453,2021-06-28 18:15:53,52.316017,014
978,160,20.994242,8454,2021-06-28 18:15:48,52.242161,4
979,160,21.068415,8455,2021-06-28 18:15:51,52.323463,6
980,132,20.968691,8457,2021-06-28 18:15:53,52.2720039,08
981,527,21.04301,8458,2021-06-28 18:15:53,52.2760961,055
982,Z26,21.034666,8459,2021-06-28 18:15:51,52.258038,3
983,412,21.0516599,8460,2021-06-28 18:15:53,52.2527589,053
984,120,21.0542807,8461,2021-06-28 18:15:13,52.2757667,4
985,414,20.9644514,8462,2021-06-28 18:15:53,52.2081446,05
986,511,20.942572,8463,2021-06-28 18:15:53,52.348648,05
987,509,20.977614,8465,2021-06-28 18:15:53,52.3129289,2
988,136,21.026573,8500,2021-06-28 18:15:52,52.165418,3
989,501,21.04765,8501,2021-06-28 18:15:38,52.189755,06
990,138,21.1008983,8502,2021-06-28 18:15:47,52.2606433,9
991,189,21.0630567,8503,2021-06-28 18:15:48,52.186235,5
992,522,21.069716,8504,2021-06-28 18:15:51,52.165128,4
993,401,21.0266017,8505,2021-06-28 18:15:41,52.17039,2
994,131,21.046905,8506,2021-06-28 18:15:42,52.2068483,7
995,501,21.02105,8507,2021-06-28 18:15:48,52.21079,4
996,138,21.020948,8508,2021-06-28 18:15:38,52.209631,2
997,189,21.0007017,8509,2021-06-28 18:15:52,52.1785717,1
998,501,21.016483,8510,2021-06-28 18:15:41,52.222169,1
999,189,21.0267467,8511,2021-06-28 18:15:49,52.1734933,027
1000,Z26,20.9874983,8512,2021-06-28 18:15:40,52.239795,4
1001,186,20.9561133,8513,2021-06-28 18:15:40,52.2364733,013
1002,733,20.7811017,8514,2021-06-28 18:15:39,52.0483167,01
1003,Z26,20.9768517,8515,2021-06-28 18:15:52,52.2360267,7
1004,522,21.070033,8516,2021-06-28 18:15:49,52.164393,2
1005,141,20.943698,8517,2021-06-28 18:15:37,52.175596,10
1006,519,21.0494467,8519,2021-06-28 18:15:43,52.1875917,7
1007,519,21.102688,8520,2021-06-28 18:15:49,52.123683,1
1008,186,20.978484,8522,2021-06-28 18:15:39,52.311751,10
1009,733,20.943715,8523,2021-06-28 18:15:38,52.175229,62
1010,522,21.015344,8525,2021-06-28 18:15:51,52.218294,011
1011,172,21.0344983,8526,2021-06-28 18:15:48,52.2016867,63
1012,172,20.955625,8528,2021-06-28 18:15:44,52.211849,5
1013,308,21.020401,8530,2021-06-28 18:15:53,52.189578,02
1014,172,21.069024,8532,2021-06-28 18:15:42,52.181508,1
1015,Z26,21.029618,8533,2021-06-28 18:15:37,52.252535,2
1016,138,21.001981,8534,2021-06-28 18:15:50,52.184888,5
1017,522,21.033123,8535,2021-06-28 18:15:42,52.204264,1
1018,172,20.9609383,8536,2021-06-28 18:15:42,52.2119667,6
1019,522,21.035691,8537,2021-06-28 18:15:42,52.201291,5
1020,709,21.017861,8539,2021-06-28 18:15:53,52.141395,4
1021,172,21.0218917,8540,2021-06-28 18:15:41,52.1970567,8
1022,185,21.045056,8541,2021-06-28 18:15:47,52.221179,6
1023,172,21.0637667,8543,2021-06-28 18:15:46,52.1868117,9
1024,519,21.022058,8544,2021-06-28 18:15:39,52.211113,4
1025,522,21.056091,8546,2021-06-28 18:15:45,52.181636,012
1026,522,21.007016,8547,2021-06-28 18:15:45,52.228633,6
1027,402,21.0453433,8548,2021-06-28 18:15:50,52.181145,010
1028,186,20.942265,8549,2021-06-28 18:15:44,52.3342083,015
1029,186,20.963825,8550,2021-06-28 18:15:50,52.2078083,016
1030,709,21.017579,8551,2021-06-28 18:15:34,52.14766,10
1031,136,21.0062083,8552,2021-06-28 18:15:42,52.1713267,10
1032,Z26,20.972136,8555,2021-06-28 18:15:42,52.236638,5
1033,519,21.064556,8556,2021-06-28 18:15:39,52.173716,6
1034,Z26,21.0037117,8558,2021-06-28 18:15:38,52.244975,08
1035,217,21.067425,8559,2021-06-28 18:15:36,52.169873,06
1036,519,21.092935,8560,2021-06-28 18:15:38,52.14754,2
1037,411,21.0377067,8561,2021-06-28 18:15:46,52.222325,02
1038,521,21.188459,8562,2021-06-28 18:15:42,52.183973,09
1039,402,20.985216,8563,2021-06-28 18:15:38,52.181541,2
1040,521,21.2047467,8564,2021-06-28 18:15:46,52.1593717,08
1041,502,21.2429433,8565,2021-06-28 18:15:40,52.217215,014
1042,502,21.192853,8566,2021-06-28 18:15:40,52.224618,6
1043,402,21.0444767,8567,2021-06-28 18:15:42,52.1793167,014
1044,509,20.959455,8568,2021-06-28 18:15:50,52.3164733,021
1045,171,20.925135,8569,2021-06-28 18:15:34,52.272518,2
1046,411,21.015545,8571,2021-06-28 18:15:53,52.2186233,03
1047,E-1,21.043188,8572,2021-06-28 18:15:51,52.245021,04
1048,202,21.0471067,8573,2021-06-28 18:15:49,52.2477417,2
1049,411,21.115896,8574,2021-06-28 10:20:57,52.233514,01
1050,720,21.192366,8576,2021-06-28 18:15:41,52.224996,1
1051,162,21.052306,8578,2021-06-28 18:15:46,52.19657,4
1052,125,21.101081,8579,2021-06-28 18:15:50,52.242586,09
1053,731,20.934519,8583,2021-06-28 18:15:32,52.375853,5
1054,269,21.053706,8584,2021-06-28 18:15:46,52.273856,02
1055,269,21.04069,8585,2021-06-28 18:15:43,52.288246,03
1056,514,21.019525,8586,2021-06-28 18:15:45,52.2178483,2
1057,523,21.115558,8587,2021-06-28 08:55:25,52.233753,3
1058,145,21.099728,8588,2021-06-28 18:15:53,52.286021,016
1059,514,21.159394,8589,2021-06-28 18:15:38,52.255315,4
1060,502,21.087756,8590,2021-06-28 18:15:39,52.236196,3
1061,507,21.102251,8592,2021-06-28 18:15:35,52.222046,2
1062,145,21.061908,8593,2021-06-28 18:15:34,52.292176,10
1063,138,21.1006133,8595,2021-06-28 18:15:49,52.2606483,8
1064,186,20.9528936,8801,2021-06-28 18:15:48,52.3182073,11
1065,185,21.0481133,8802,2021-06-28 18:15:48,52.207822,1
1066,727,21.0243751,8803,2021-06-28 18:15:49,52.1797486,1
1067,217,21.0450031,8804,2021-06-28 18:15:50,52.1751255,3
1068,185,20.971934,8805,2021-06-28 18:15:44,52.28582,4
1069,402,21.0442005,8806,2021-06-28 18:15:44,52.174071,8
1070,131,21.0633393,8808,2021-06-28 18:15:49,52.1870866,3
1071,709,21.023874,8809,2021-06-28 18:15:48,52.1800433,2
1072,174,21.0031363,8810,2021-06-28 18:15:52,52.2262421,1
1073,165,20.9943788,8811,2021-06-28 18:15:48,52.168012,3
1074,167,21.0418203,8812,2021-06-28 18:15:51,52.2067726,011
1075,402,20.9935883,8813,2021-06-28 18:15:48,52.178823,1
1076,167,21.047278,8814,2021-06-28 18:15:49,52.207009,2
1077,167,21.005101,8816,2021-06-28 18:15:38,52.216253,3
1078,308,21.015698,8817,2021-06-28 18:15:38,52.189118,03
1079,504,21.001188,8818,2021-06-28 18:14:35,52.227685,9
1080,331,20.9970061,8819,2021-06-28 18:15:43,52.1877356,04
1081,522,21.057423,8820,2021-06-28 18:15:50,52.180101,014
1082,174,20.9928476,8821,2021-06-28 18:15:50,52.1879355,08
1083,174,21.019369,8822,2021-06-28 18:15:42,52.185108,5
1084,522,21.0203468,8823,2021-06-28 18:15:37,52.2113431,015
1085,167,20.9764271,8824,2021-06-28 18:15:47,52.2111996,6
1086,709,21.0180656,8825,2021-06-28 18:15:47,52.1243636,012
1087,504,20.9838115,8826,2021-06-28 18:15:48,52.1990193,8
1088,143,21.0067128,8828,2021-06-28 18:15:49,52.2170171,4
1089,509,20.9422606,8829,2021-06-28 18:15:51,52.3344521,4
1090,523,20.9112016,8830,2021-06-28 18:15:48,52.2482976,11
1091,125,21.0464813,8831,2021-06-28 18:15:49,52.2483698,5
1092,171,21.0263185,8832,2021-06-28 18:15:48,52.2298874,7
1093,141,20.944271,8833,2021-06-28 18:15:45,52.175561,9
1094,704,21.0884611,8834,2021-06-28 18:15:49,52.2446555,2
1095,521,21.128448,8835,2021-06-28 18:15:46,52.2333676,5
1096,182,20.9648953,8837,2021-06-28 18:15:51,52.2180051,6
1097,182,21.088419,8838,2021-06-28 18:15:44,52.236094,010
1098,704,21.345608,8839,2021-06-28 18:15:50,52.22093,1
1099,185,20.986084,8840,2021-06-28 18:15:47,52.269341,5
1100,125,21.1619631,8841,2021-06-28 18:15:45,52.2242491,6
1101,521,21.169689,8843,2021-06-28 18:15:47,52.202643,3
1102,185,20.9994006,8844,2021-06-28 18:15:43,52.2684035,2
1103,402,21.1363426,8845,2021-06-28 18:15:52,52.2412583,013
1104,143,21.018894,8846,2021-06-28 18:15:47,52.2178028,3
1105,143,21.0465256,8847,2021-06-28 18:15:47,52.2248593,6
1106,125,21.070396,8849,2021-06-28 18:15:51,52.2460246,3
1107,521,20.9921155,8850,2021-06-28 18:15:45,52.2254746,6
1108,523,20.8983505,8851,2021-06-28 18:15:33,52.2584836,019
1109,141,21.0485243,8852,2021-06-28 18:15:38,52.2060635,3
1110,125,21.196359,8853,2021-06-28 18:15:45,52.2083451,7
1111,509,21.021981,8854,2021-06-28 18:15:49,52.262753,8
1112,402,21.1541656,8855,2021-06-28 18:15:44,52.2395268,6
1113,512,21.0522503,8856,2021-06-28 18:15:50,52.25293,1
1114,509,21.0762396,8857,2021-06-28 18:15:43,52.2258833,12
1115,169,21.033411,8858,2021-06-28 18:15:44,52.256193,1
1116,112,20.9315695,8859,2021-06-28 18:15:50,52.2670595,4
1117,512,21.0694055,8861,2021-06-28 18:15:47,52.290943,4
1118,412,21.0747731,8862,2021-06-28 18:15:51,52.2864351,04
1119,738,21.075025,8864,2021-06-28 18:15:43,52.28669,05
1120,500,21.0459893,8865,2021-06-28 10:43:17,52.2651186,08
1121,169,21.0349478,8866,2021-06-28 18:15:48,52.296622,5
1122,162,21.032679,8867,2021-06-28 18:15:48,52.2500653,1
1123,190,21.0405325,8868,2021-06-28 18:15:50,52.2573078,5
1124,190,20.9938566,8869,2021-06-28 18:15:39,52.2419885,023
1125,190,21.033371,8871,2021-06-28 18:15:33,52.253925,025
1126,190,21.0655398,8872,2021-06-28 18:15:48,52.2751445,026
1127,738,21.173121,8873,2021-06-28 18:15:41,52.398843,06
1128,500,21.041758,8874,2021-06-28 18:15:47,52.3004,3
1129,190,21.0334395,8875,2021-06-28 18:15:43,52.2541723,4
1130,162,21.083768,8876,2021-06-28 18:15:47,52.1925155,3
1131,512,21.0562721,8878,2021-06-28 18:15:47,52.2640815,06
1132,509,21.0035866,8879,2021-06-28 18:15:52,52.289506,1
1133,709,20.996574,8880,2021-06-25 18:58:33,52.18762,016
1134,186,20.955441,8881,2021-06-28 18:15:44,52.2508196,014
1135,165,21.0183266,8882,2021-06-28 18:15:33,52.1800306,2
1136,128,20.972799,8883,2021-06-28 18:15:45,52.2054195,64
1137,180,21.022453,8885,2021-06-28 18:15:48,52.228258,5
1138,167,20.9351453,8886,2021-06-28 18:15:52,52.234208,5
1139,189,20.896815,8887,2021-06-28 18:15:49,52.239177,021
1140,128,21.007691,8888,2021-06-28 18:15:44,52.229301,61
1141,504,21.0149388,8891,2021-06-28 18:15:47,52.1671131,012
1142,165,21.023869,8892,2021-06-28 18:15:34,52.179884,1
1143,116,21.083946,8893,2021-06-28 18:15:42,52.168505,53
1144,217,21.023983,8894,2021-06-28 18:15:51,52.179723,05
1145,136,20.9778051,8895,2021-06-28 18:15:38,52.2108493,015
1146,174,21.0065063,8896,2021-06-28 18:15:42,52.1717268,07
1147,180,21.083883,8897,2021-06-28 18:15:48,52.167942,015
1148,167,20.9596641,8898,2021-06-28 18:15:42,52.2211888,7
1149,504,21.0465953,8899,2021-06-28 18:15:48,52.1405685,6
1150,161,21.191412,9061,2021-06-28 18:15:48,52.17157,2
1151,161,21.190517,9063,2021-06-28 18:15:52,52.183914,3
1152,262,21.053713,9064,2021-06-28 18:15:49,52.276402,03
1153,314,20.957321,9065,2021-06-28 18:15:52,52.313206,04
1154,104,21.000244,9068,2021-06-28 18:15:47,52.291515,2
1155,161,21.224737,9070,2021-06-28 18:15:51,52.186756,1
1156,225,21.135489,9071,2021-06-28 18:15:50,52.242126,2
1157,225,21.126797,9074,2021-06-28 18:15:51,52.259075,4
1158,225,21.10253,9075,2021-06-28 18:15:49,52.222786,3
1159,211,20.99971,9077,2021-06-28 18:15:49,52.293793,08
1160,314,20.972393,9078,2021-06-28 18:15:49,52.320759,01
1161,104,21.03982,9081,2021-06-28 18:15:51,52.310062,1
1162,314,21.032146,9082,2021-06-28 18:15:52,52.317986,03
1163,262,21.087894,9083,2021-06-28 18:15:50,52.286591,2
1164,225,21.167778,9088,2021-06-28 18:15:52,52.276474,1
1165,211,20.9872649,9090,2021-06-28 18:15:52,52.3025822,2
1166,211,20.961422,9091,2021-06-28 18:15:48,52.314682,07
1167,262,21.083349,9092,2021-06-28 18:15:51,52.280922,1
1168,305,21.149469,9093,2021-06-28 18:15:51,52.225346,1
1169,900,20.954266,9094,2021-06-28 18:15:53,52.357323,1
1170,133,20.947315,9201,2021-06-28 18:15:46,52.324852,2
1171,207,20.896339,9202,2021-06-28 18:15:45,52.196259,03
1172,164,21.086492,9203,2021-06-28 18:15:48,52.160187,05
1173,133,20.970905,9204,2021-06-28 18:15:50,52.350899,1
1174,239,21.03804,9205,2021-06-28 18:15:52,52.153812,51
1175,239,21.014889,9206,2021-06-28 18:15:52,52.153191,52
1176,209,21.017529,9208,2021-06-28 18:15:52,52.140388,54
1177,211,20.942347,9209,2021-06-28 18:15:45,52.348572,4
1178,809,21.038126,9212,2021-06-28 18:15:48,52.154064,53
1179,211,20.9517,9213,2021-06-28 18:15:48,52.331845,6
1180,219,21.157997,9215,2021-06-28 18:15:51,52.213146,3
1181,208,20.961963,9216,2021-06-28 18:15:52,52.215727,1
1182,234,21.067209,9217,2021-06-28 18:15:48,52.339352,1
1183,209,21.013645,9218,2021-06-28 18:15:47,52.122444,057
1184,234,21.014099,9219,2021-06-28 18:15:48,52.310349,2
1185,203,20.907093,9220,2021-06-28 18:15:47,52.274143,1
1186,249,20.895792,9221,2021-06-28 18:15:49,52.239586,1
1187,211,20.962114,9223,2021-06-28 18:15:51,52.315395,1
1188,208,20.975592,9225,2021-06-28 18:15:47,52.210342,04
1189,208,20.973669,9226,2021-06-28 18:15:46,52.20797,05
1190,208,20.949604,9227,2021-06-28 18:15:47,52.202866,2
1191,219,21.17573,9228,2021-06-28 18:15:52,52.184258,2
1192,219,21.102289,9229,2021-06-28 18:15:45,52.22282,1
1193,201,20.940117,9230,2021-06-28 18:15:51,52.23653,2
1194,809,20.981562,9232,2021-06-28 18:15:46,52.112869,056
1195,264,21.103647,9233,2021-06-28 18:15:47,52.127766,1
1196,203,20.928282,9234,2021-06-28 18:15:46,52.291107,2
1197,201,20.923716,9235,2021-06-28 18:15:47,52.26054,5
1198,201,20.924923,9236,2021-06-28 18:15:50,52.260509,4
1199,208,20.97558,9238,2021-06-28 18:15:52,52.210224,03
1200,207,20.896709,9239,2021-06-28 18:15:46,52.196178,02
1201,177,20.870619,9240,2021-06-28 18:15:52,52.198269,1
1202,133,20.952318,9241,2021-06-28 18:15:45,52.316921,3
1203,201,20.939558,9242,2021-06-28 18:15:53,52.245354,06
1204,211,20.941437,9243,2021-06-28 18:15:51,52.355354,5
1205,207,20.870535,9244,2021-06-28 18:15:51,52.183323,01
1206,211,20.956558,9245,2021-06-28 18:15:51,52.33176,3
1207,164,21.138176,9246,2021-06-28 18:15:47,52.145851,04
1208,201,20.925182,9247,2021-06-28 18:15:52,52.232105,1
1209,177,20.883699,9248,2021-06-28 18:15:53,52.205669,2
1210,164,21.093233,9250,2021-06-28 18:15:49,52.160927,3
1211,164,21.057096,9251,2021-06-28 18:15:51,52.192299,2
1212,164,21.147886,9252,2021-06-28 18:15:47,52.14201,1
1213,211,20.941998,9254,2021-06-28 18:15:50,52.348434,09
1214,199,21.074905,9301,2021-06-28 18:15:52,52.286716,06
1215,739,21.017813,9302,2021-06-28 18:15:49,52.151085,2
1216,739,21.040234,9304,2021-06-28 18:15:51,52.080807,3
1217,179,21.057772,9311,2021-06-28 17:15:49,52.151337,10
1218,123,21.084587,9312,2021-06-28 18:15:52,52.250481,08
1219,179,21.036034,9313,2021-06-28 18:15:47,52.145634,11
1220,153,21.157658,9314,2021-06-28 18:15:50,52.273083,2
1221,179,21.036488,9315,2021-06-28 18:15:47,52.162289,2
1222,135,21.107136,9316,2021-06-28 18:15:54,52.248363,3
1223,135,21.037989,9317,2021-06-28 18:15:49,52.267235,6
1224,135,21.086908,9318,2021-06-28 18:15:52,52.236748,2
1225,135,21.038544,9319,2021-06-28 18:15:53,52.248943,1
1226,179,21.021456,9320,2021-06-28 18:15:51,52.157143,4
1227,179,21.029285,9321,2021-06-28 18:15:53,52.142216,5
1228,123,21.095097,9322,2021-06-28 18:15:53,52.221283,5
1229,135,21.107407,9323,2021-06-28 18:15:52,52.248585,07
1230,179,21.05028,9324,2021-06-28 18:15:53,52.137722,9
1231,179,21.035877,9325,2021-06-28 18:15:53,52.15535,51
1232,256,21.065556,9326,2021-06-28 18:15:49,52.328022,2
1233,142,21.16012,9327,2021-06-28 18:15:51,52.170918,3
1234,179,21.068628,9328,2021-06-28 18:15:47,52.128941,8
1235,153,21.177103,9329,2021-06-28 18:15:50,52.256912,04
1236,123,21.0773959,9331,2021-06-28 09:44:24,52.2687066,07
1237,123,21.077486,9332,2021-06-28 15:39:21,52.268074,08
1238,142,21.08617,9333,2021-06-28 18:15:51,52.244793,5
1239,739,21.024273,9334,2021-06-28 18:15:44,52.17989,1
1240,153,21.170378,9335,2021-06-28 18:15:45,52.276886,3
1241,135,21.04203,9336,2021-06-28 18:15:53,52.247898,5
1242,739,21.0771987,9337,2021-06-28 16:56:14,52.2682345,2
1243,179,21.047983,9338,2021-06-28 18:15:52,52.151539,6
1244,256,21.048672,9339,2021-06-28 18:15:53,52.289421,1
1245,153,21.162338,9340,2021-06-28 18:15:49,52.257252,1
1246,142,21.106438,9341,2021-06-28 18:15:51,52.241398,4
1247,739,21.018845,9342,2021-06-28 18:15:49,52.09808,4
1248,256,21.080948,9343,2021-06-28 18:15:46,52.277397,4
1249,135,21.037174,9344,2021-06-28 18:15:45,52.267292,08
1250,739,21.017799,9345,2021-06-28 18:15:51,52.131912,05
1251,179,21.055172,9346,2021-06-28 18:15:46,52.139133,7
1252,135,21.08672,9347,2021-06-28 18:15:49,52.236542,4
1253,123,21.094126,9348,2021-06-28 18:15:48,52.244156,09
1254,179,21.03694,9349,2021-06-28 18:15:47,52.162083,3
1255,123,21.059095,9350,2021-06-28 18:15:47,52.235477,357
1256,142,21.15226,9351,2021-06-28 18:15:46,52.17688,1
1257,123,21.052164,9352,2021-06-28 18:15:52,52.2379,6
1258,739,21.023895,9353,2021-06-28 18:15:52,52.179974,06
1259,123,21.051119,9354,2021-06-28 18:15:52,52.252708,07
1260,199,21.180006,9355,2021-06-28 18:15:50,52.269035,05
1261,256,21.055107,9356,2021-06-28 18:15:51,52.296696,3
1262,142,21.24214,9357,2021-06-28 18:15:44,52.169926,2
1263,142,21.077633,9358,2021-06-28 16:02:28,52.267822,4
1264,256,21.08107,9359,2021-06-28 18:15:48,52.277264,5
1265,176,21.028301,9403,2021-06-28 18:15:53,52.287727,1
1266,176,20.982233,9405,2021-06-28 18:15:53,52.355679,05
1267,176,20.989794,9412,2021-06-28 18:15:52,52.336735,3
1268,197,20.945337,9413,2021-06-28 18:15:50,52.241646,012
1269,197,20.950659,9414,2021-06-28 18:15:50,52.281193,014
1270,102,21.085089,9416,2021-06-28 18:15:51,52.250332,3
1271,157,20.978445,9417,2021-06-28 18:15:51,52.217148,7
1272,712,20.92802,9418,2021-06-28 18:15:49,52.290993,02
1273,516,21.000982,9420,2021-06-28 18:15:49,52.291176,5
1274,157,20.985359,9423,2021-06-28 18:15:49,52.251049,1
1275,103,20.945044,9424,2021-06-28 18:15:50,52.265392,4
1276,123,21.050529,9425,2021-06-28 18:15:49,52.252602,1
1277,157,20.973312,9426,2021-06-28 18:15:48,52.286385,3
1278,157,20.98707,9427,2021-06-28 18:15:53,52.268024,4
1279,157,20.963799,9428,2021-06-28 18:15:49,52.209064,9
1280,103,20.926786,9429,2021-06-28 18:15:49,52.290253,6
1281,157,20.992838,9432,2021-06-28 18:15:50,52.225948,10
1282,743,20.801922,9433,2021-06-28 18:15:52,52.230782,02
1283,176,21.015022,9434,2021-06-28 18:15:53,52.295582,04
1284,516,20.959719,9435,2021-06-28 18:15:53,52.324211,1
1285,157,20.976383,9436,2021-06-28 18:15:49,52.289852,2
1286,157,20.99353,9437,2021-06-28 18:15:53,52.230206,6
1287,197,20.930944,9438,2021-06-28 18:15:53,52.225079,011
1288,197,20.940123,9439,2021-06-28 18:15:51,52.225891,016
1289,516,20.950447,9440,2021-06-28 18:15:50,52.317211,3
1290,123,21.096357,9441,2021-06-28 18:15:52,52.227055,3
1291,103,20.95121,9442,2021-06-28 18:15:50,52.288467,5
1292,102,21.04541,9443,2021-06-28 18:15:49,52.235752,1
1293,103,20.954195,9445,2021-06-28 18:15:47,52.285675,7
1294,103,20.96847,9446,2021-06-28 18:15:52,52.222065,1
1295,123,21.052336,9447,2021-06-28 18:15:48,52.250206,4
1296,157,20.985415,9448,2021-06-28 18:15:51,52.269707,011
1297,516,20.98966,9449,2021-06-28 18:15:53,52.303341,4
1298,102,21.00366,9450,2021-06-28 18:15:50,52.237442,2
1299,157,20.985996,9451,2021-06-28 18:15:49,52.251022,5
1300,157,20.963873,9452,2021-06-28 18:15:52,52.207951,8
1301,176,20.980904,9453,2021-06-28 18:15:51,52.355606,2
1302,197,20.93786,9454,2021-06-28 18:15:49,52.251442,015
1303,712,20.857927,9455,2021-06-28 18:15:51,52.265869,1
1304,743,20.82337,9456,2021-06-28 18:15:52,52.231285,1
1305,197,20.948301,9457,2021-06-28 18:15:50,52.276901,013
1306,103,20.968967,9458,2021-06-28 18:15:48,52.226059,8
1307,194,20.9159835,9501,2021-06-28 18:15:50,52.2072145,5
1308,707,20.944480667,9502,2021-06-28 18:15:52,52.175806833,1
1309,159,21.003730167,9503,2021-06-28 18:15:52,52.223003,1
1310,103,20.927052667,9505,2021-06-28 18:15:50,52.290126,09
1311,103,20.945674667,9506,2021-06-28 18:15:50,52.266061,011
1312,220,20.900575833,9509,2021-06-28 18:15:50,52.200258667,3
1313,194,20.9134395,9510,2021-06-28 18:15:50,52.2060385,06
1314,737,21.037056,9511,2021-06-28 18:15:52,52.162001333,56
1315,220,20.904839167,9513,2021-06-28 18:15:52,52.186189333,5
1316,715,21.036827833,9514,2021-06-28 18:15:50,52.161975833,53
1317,181,20.956180333,9515,2021-06-28 18:15:53,52.283399,2
1318,737,21.033975833,9516,2021-06-28 18:15:49,52.155842667,54
1319,149,20.880649667,9519,2021-06-28 18:15:50,52.250458333,2
1320,159,21.0332785,9520,2021-06-28 18:15:51,52.222112,8
1321,715,20.9366075,9521,2021-06-28 18:15:53,52.1692545,1
1322,220,20.944127333,9522,2021-06-28 18:15:51,52.175927,4
1323,220,20.932827167,9523,2021-06-28 18:15:50,52.172450333,07
1324,220,20.897135,9524,2021-06-28 18:15:51,52.228275,2
1325,194,20.8691375,9525,2021-06-28 18:15:50,52.1946675,3
1326,181,20.899926333,9526,2021-06-28 18:15:52,52.297143,1
1327,715,21.017963667,9528,2021-06-28 18:15:51,52.142658,058
1328,715,21.018263667,9529,2021-06-28 18:15:50,52.114179,52
1329,707,21.002584333,9530,2021-06-28 18:15:50,52.082828333,03
1330,159,20.971252833,9531,2021-06-28 18:15:51,52.220093333,4
1331,194,20.869128333,9532,2021-06-28 18:15:49,52.191876167,1
1332,181,20.933645333,9533,2021-06-28 18:15:46,52.305342167,4
1333,181,20.981537833,9534,2021-06-28 18:15:49,52.274509,3
1334,159,21.083752,9535,2021-06-28 18:15:53,52.1926795,7
1335,159,21.051262833,9537,2021-06-28 18:15:52,52.199157333,6
1336,737,20.9411565,9539,2021-06-28 18:15:50,52.069571833,059
1337,220,20.925244333,9540,2021-06-28 18:15:51,52.260747667,1
1338,220,20.911112333,9542,2021-06-28 18:15:51,52.253284,6
1339,737,20.967811,9544,2021-06-28 18:15:49,52.081285,07
1340,220,20.896860667,9545,2021-06-28 18:15:52,52.226885167,08
1341,149,20.940368667,9546,2021-06-28 18:15:22,52.246661,5
1342,220,20.897776167,9548,2021-06-28 18:15:49,52.258648,09
1343,149,20.918773833,9550,2021-06-28 18:15:50,52.239632833,1
1344,715,20.932974667,9551,2021-06-28 18:15:50,52.150025333,55
1345,149,20.898077167,9552,2021-06-28 18:15:50,52.248613167,3
1346,194,20.930871833,9554,2021-06-28 18:15:49,52.225062167,07
1347,194,20.867767667,9555,2021-06-28 18:15:52,52.203279167,2
1348,159,20.954775,9556,2021-06-28 18:15:49,52.211985167,3
1349,149,20.9447215,9557,2021-06-28 18:15:49,52.2391205,4
1350,194,20.930609667,9558,2021-06-28 18:15:49,52.225067167,4
1351,159,21.020988333,9560,2021-06-28 18:15:51,52.2237045,5
1352,159,20.952729333,9561,2021-06-28 18:15:53,52.212149667,2
1353,118,21.027264,9671,2021-06-28 18:15:48,52.239239,2
1354,118,21.041315,9672,2021-06-28 18:15:52,52.300205,5
1355,326,20.98469,9673,2021-06-28 18:15:51,52.282272,04
1356,118,21.015589,9674,2021-06-28 18:15:47,52.219227,8
1357,152,20.952612,9676,2021-06-28 18:15:51,52.317196,5
1358,212,21.056461,9677,2021-06-28 18:15:49,52.301796,06
1359,118,21.033241,9678,2021-06-28 18:15:48,52.235115,7
1360,118,21.015533,9679,2021-06-28 18:15:48,52.220734,1
1361,326,21.061861,9680,2021-06-28 18:15:47,52.361694,02
1362,152,20.95981,9681,2021-06-28 18:15:45,52.316601,2
1363,212,21.062855,9682,2021-06-28 18:15:47,52.273048,5
1364,152,21.004284,9683,2021-06-28 18:15:48,52.336258,4
1365,212,21.029583,9684,2021-06-28 18:15:51,52.260509,1
1366,212,21.034628,9685,2021-06-28 18:15:50,52.262852,2
1367,326,20.966049,9686,2021-06-28 18:15:52,52.273144,05
1368,326,21.028711,9688,2021-06-28 18:15:52,52.346516,03
1369,118,21.041351,9689,2021-06-28 18:15:52,52.300091,4
1370,212,21.056089,9690,2021-06-28 18:15:51,52.272511,3
1371,326,21.028788,9692,2021-06-28 18:15:45,52.347744,01
1372,212,21.057108,9693,2021-06-28 18:15:52,52.301876,4
1373,152,20.966761,9695,2021-06-28 18:15:50,52.331829,1
1374,118,20.998592,9696,2021-06-28 18:15:43,52.269768,6
1375,118,20.987598,9697,2021-06-28 18:15:52,52.284195,3
1376,152,21.060392,9698,2021-06-28 18:15:49,52.315102,3
1377,710,21.06772,9801,2021-06-28 18:15:51,52.129288,4
1378,525,21.085203,9802,2021-06-28 18:15:45,52.236114,1
1379,184,20.964468,9803,2021-06-28 18:15:48,52.209846,069
1380,127,20.895453,9804,2021-06-28 18:15:53,52.208847,56
1381,710,21.011223,9805,2021-06-28 18:15:44,52.074223,2
1382,525,21.171545,9807,2021-06-28 18:15:42,52.209751,319
1383,127,21.029915,9808,2021-06-28 18:15:52,52.240074,2
1384,109,20.999134,9809,2021-06-28 18:15:52,52.231693,07
1385,710,21.114586,9810,2021-06-28 18:15:45,52.102448,5
1386,719,20.912153,9812,2021-06-28 18:15:46,52.238953,3
1387,109,20.941743,9813,2021-06-28 18:08:00,52.239395,08
1388,Z10,20.92271,9814,2021-06-28 18:15:50,52.259586,2
1389,742,21.195103,9816,2021-06-28 18:15:46,52.013847,1
1390,719,20.737242,9818,2021-06-28 18:15:49,52.251976,04
1391,719,20.915043,9819,2021-06-28 18:15:53,52.239223,1
1392,719,20.586382,9820,2021-06-28 18:15:50,52.257599,2
1393,710,21.018856,9821,2021-06-28 18:15:53,52.074715,1
1394,525,21.042923,9822,2021-06-28 18:15:52,52.224049,010
1395,525,21.133634,9825,2021-06-28 18:13:51,52.231415,5
1396,525,21.196659,9826,2021-06-28 18:15:48,52.208321,7
1397,185,21.049231,9827,2021-06-28 18:15:54,52.155406,8
1398,127,20.924873,9828,2021-06-28 18:15:51,52.208111,4
1399,525,21.180464,9829,2021-06-28 18:15:50,52.206989,6
1400,Z10,20.916597,9830,2021-06-28 18:15:50,52.220108,8
1401,710,21.125458,9831,2021-06-28 18:15:52,52.101463,3
1402,127,21.019461,9833,2021-06-28 18:15:52,52.246311,1
1403,525,21.067186,9834,2021-06-28 18:15:52,52.229927,4
1404,742,21.103859,9835,2021-06-28 18:15:46,52.12849,02
1405,525,21.003674,9836,2021-06-28 18:15:50,52.229679,3
1406,185,21.048483,9837,2021-06-28 18:15:49,52.177795,12
1407,525,21.014934,9838,2021-06-28 18:15:44,52.224707,2
1408,724,21.098232,9839,2021-06-28 18:15:51,52.130589,1
1409,127,20.924156,9840,2021-06-28 18:15:48,52.208229,6
1410,724,21.027557,9841,2021-06-28 18:15:48,52.067352,02
1411,127,20.975191,9843,2021-06-28 18:15:53,52.221199,7
1412,127,20.977814,9844,2021-06-28 18:15:53,52.221733,09
1413,127,21.005129,9845,2021-06-28 18:15:51,52.228298,3
1414,Z10,20.922247,9846,2021-06-28 18:15:49,52.221603,6
1415,109,20.898783,9849,2021-06-28 18:15:52,52.238506,6
1416,109,20.950281,9851,2021-06-28 18:15:49,52.229641,5
1417,109,21.038002,9852,2021-06-28 18:15:51,52.225525,4
1418,109,20.96484,9853,2021-06-28 18:15:49,52.228569,1
1419,127,21.025303,9854,2021-06-28 18:15:47,52.229977,335
1420,186,20.971952,9901,2021-06-28 18:15:50,52.321117,1
1421,210,20.877504,9902,2021-06-28 18:15:52,52.287159,5
1422,140,21.070742,9903,2021-06-28 18:15:53,52.281109,04
1423,520,21.004021,9905,2021-06-28 18:15:49,52.240536,011
1424,520,21.002172,9906,2021-06-28 18:15:52,52.243099,3
1425,140,21.1112012,9907,2021-06-28 18:15:53,52.3608946,08
1426,140,21.111454,9908,2021-06-28 18:15:49,52.360825,09
1427,140,21.0965,9909,2021-06-28 18:15:50,52.312386,2
1428,719,20.688049,9912,2021-06-28 18:15:49,52.260506,05
1429,520,21.050386,9913,2021-06-28 18:15:49,52.225586,08
1430,520,21.155128,9914,2021-06-28 18:15:50,52.239784,09
1431,520,21.134459,9915,2021-06-28 18:15:41,52.24123,6
1432,520,21.003901,9916,2021-06-28 18:15:53,52.242054,4
1433,193,21.035265,9918,2021-06-28 18:15:49,52.155716,2
1434,193,21.036926,9919,2021-06-28 18:15:50,52.161972,3
1435,140,21.052792,9920,2021-06-28 18:15:49,52.276821,05
1436,140,21.087946,9921,2021-06-28 18:15:52,52.302574,06
1437,520,21.015882,9922,2021-06-28 18:15:50,52.217411,5
1438,193,21.041273,9923,2021-06-28 18:15:49,52.169369,4
1439,140,21.115034,9924,2021-06-28 18:15:51,52.3354,07
1440,193,21.024506,9926,2021-06-28 18:15:50,52.173428,1
1441,520,21.077871,9927,2021-06-28 18:15:48,52.235283,010
1442,140,21.069052,9928,2021-06-28 18:15:50,52.27956,3
1443,186,20.941198,9929,2021-06-28 18:15:47,52.32465,12
1444,193,20.99682,9930,2021-06-28 18:15:51,52.16975,5
1445,186,20.963121,9932,2021-06-28 18:15:50,52.215942,4
1446,520,21.015606,9933,2021-06-28 18:15:48,52.220478,2
1447,186,21.003473,9934,2021-06-28 18:15:51,52.289978,2
1448,520,21.124126,9935,2021-06-28 18:15:52,52.232437,1
1449,186,20.977282,9936,2021-06-28 18:15:49,52.210678,6
1450,520,21.124903,9937,2021-06-28 18:15:50,52.232437,7
1451,186,20.959175,9940,2021-06-28 18:15:51,52.267052,3
1452,186,20.970009,9941,2021-06-28 18:15:50,52.213371,8
1453,210,20.767418,9942,2021-06-28 18:15:50,52.307831,4
1454,109,21.010065,9943,2021-06-28 18:15:52,52.22958,2
1455,186,20.961229,9945,2021-06-28 18:15:52,52.215893,9
1456,210,20.780962,9946,2021-06-28 18:15:49,52.301704,3
1457,109,21.043257,9948,2021-06-28 18:15:50,52.222977,3
1458,210,20.928328,9949,2021-06-28 18:15:53,52.290989,1
1459,210,20.910038,9950,2021-06-28 18:15:52,52.28376,2
1460,186,20.965199,9951,2021-06-28 18:15:52,52.207996,5
1461,186,20.988827,9953,2021-06-28 18:15:46,52.284515,67
1462,140,21.111254,9954,2021-06-28 18:15:51,52.330345,1
1463,o97B,21.423098,9999,2021-06-28 14:27:55,50.302967,7
