,Lines,Lon,VehicleNumber,Time,Lat,Brigade
0,213,21.188776,1001,2021-06-28 18:27:24,52.149875,1
1,213,21.2169931,1003,2021-06-28 18:27:23,52.159209,05
2,213,21.095951,1004,2021-06-28 18:27:24,52.2270845,3
3,196,21.1723388,1005,2021-06-28 18:27:16,52.261792,2
4,196,21.176201,1008,2021-06-28 18:27:21,52.256731,03
5,213,21.2313406,1009,2021-06-28 18:27:23,52.1751651,4
6,213,21.1339151,1010,2021-06-28 18:27:16,52.2142458,2
7,311,21.084753,1012,2021-06-28 18:27:25,52.230505,1
8,196,21.17651,1014,2021-06-28 18:27:14,52.256738,1
9,311,21.087866,1015,2021-06-28 18:27:18,52.2279661,2
10,365,21.023411,1021,2021-06-28 18:27:27,52.179916,01
11,107,21.0157309,1023,2021-06-28 18:27:25,52.2321847,3
12,163,21.1082229,1025,2021-06-28 18:27:25,52.1668904,2
13,107,21.051037,1026,2021-06-28 18:27:26,52.19775,5
14,108,21.071058,1027,2021-06-28 18:27:26,52.180347,1
15,108,21.0562497,1028,2021-06-28 18:27:24,52.1819547,5
16,108,21.023596,1029,2021-06-28 18:27:24,52.179852,6
17,365,20.9933837,1031,2021-06-28 18:27:26,52.1704797,02
18,108,21.077047,1033,2021-06-28 18:27:25,52.209042,4
19,163,21.047964,1034,2021-06-28 18:27:27,52.178139,1
20,192,21.0237362,1037,2021-06-28 18:27:25,52.1799936,7
21,108,21.023193,1038,2021-06-28 18:27:15,52.228819,3
22,365,21.0062339,1039,2021-06-28 18:27:25,52.1780817,03
23,107,21.017499,1040,2021-06-28 18:27:16,52.228933,6
24,107,20.986705,1042,2021-06-28 18:27:15,52.24389,2
25,107,20.996838,1043,2021-06-28 18:27:13,52.246618,07
26,107,21.0473683,1045,2021-06-28 18:27:24,52.21211,4
27,204,21.023064,1046,2021-06-28 18:27:22,52.277306,05
28,204,21.060345,1047,2021-06-28 18:27:13,52.314993,1
29,204,21.0529083,1048,2021-06-28 18:27:22,52.324695,04
30,228,20.966729,1050,2021-06-28 18:27:22,52.194755,1
31,228,20.924666,1051,2021-06-28 18:27:12,52.208235,2
32,328,20.979404,1052,2021-06-28 18:27:16,52.175224,01
33,129,20.913465,1053,2021-06-28 18:27:19,52.19909,4
34,228,20.894453,1054,2021-06-28 18:27:10,52.200201,3
35,129,20.907705,1055,2021-06-28 18:27:21,52.1923883,3
36,328,20.994779,1058,2021-06-28 18:27:25,52.150893,02
37,129,20.939193,1059,2021-06-28 18:20:41,52.246011,1
38,328,20.959206,1061,2021-06-28 18:27:26,52.191647,03
39,192,21.0462361,1062,2021-06-28 18:27:23,52.1504225,51
40,192,21.054342,1064,2021-06-28 18:27:26,52.138924,2
41,163,21.0611482,1065,2021-06-28 18:27:25,52.1769741,04
42,107,20.9793791,1066,2021-06-28 18:27:25,52.2445936,1
43,163,21.0992579,1068,2021-06-28 18:27:24,52.1813554,3
44,192,21.0722857,1069,2021-06-28 18:27:26,52.1365856,4
45,163,21.083935,1070,2021-06-28 18:27:26,52.16766,05
46,192,21.024729,1074,2021-06-28 18:27:26,52.179855,6
47,108,21.0471342,1076,2021-06-28 18:27:26,52.21221,2
48,192,21.068544,1077,2021-06-28 18:27:27,52.12915,3
49,192,21.0421927,1079,2021-06-28 18:27:25,52.1553512,1
50,736,20.9389108,1101,2021-06-28 18:27:19,52.3959341,02
51,132,21.06471,1109,2021-06-28 18:27:21,52.3247126,2
52,303,20.9862103,1112,2021-06-28 18:27:14,52.2693821,3
53,147,21.1895046,1113,2021-06-28 18:27:22,52.2072378,06
54,152,20.952545,1114,2021-06-28 18:27:17,52.317078,06
55,166,21.0606528,1115,2021-06-28 18:27:22,52.1366016,09
56,132,20.9687805,1116,2021-06-28 18:27:19,52.271999,3
57,122,20.9569135,1117,2021-06-28 18:27:23,52.2609995,09
58,197,20.874812,1118,2021-06-28 18:27:16,52.2163613,7
59,126,20.96164,1119,2021-06-28 18:27:23,52.3346326,3
60,168,21.0300077,1200,2021-06-28 18:27:25,52.2068557,2
61,119,21.1580224,1202,2021-06-28 18:27:26,52.2130899,1
62,178,20.8834736,1203,2021-06-28 18:27:25,52.1953619,2
63,178,21.004282,1204,2021-06-28 18:27:25,52.255451,5
64,168,21.1126466,1205,2021-06-28 18:27:25,52.2363142,6
65,166,21.024791,1206,2021-06-28 18:27:07,52.220651,1
66,166,21.0264842,1208,2021-06-28 18:27:27,52.2136659,5
67,222,21.0219159,1211,2021-06-28 18:27:26,52.2300024,4
68,174,21.0009152,1212,2021-06-28 18:27:25,52.2296777,371
69,174,21.0008696,1213,2021-06-28 18:27:26,52.1696849,3
70,218,21.011244,1214,2021-06-28 18:27:22,52.189106,5
71,166,21.068216,1216,2021-06-28 18:27:24,52.129494,7
72,168,21.090433,1218,2021-06-28 18:27:25,52.219662,5
73,119,21.13419,1220,2021-06-28 18:27:25,52.202633,5
74,122,20.8980536,1400,2021-06-28 18:27:18,52.254958,012
75,121,21.0470756,1401,2021-06-28 18:27:21,52.2637896,04
76,134,21.0317241,1403,2021-06-28 18:27:20,52.2992068,1
77,110,20.8874338,1407,2021-06-28 18:27:18,52.3209856,05
78,240,21.000524,1408,2021-06-28 18:27:21,52.291216,4
79,173,21.149137,1411,2021-06-28 18:27:19,52.23856,5
80,117,21.102568,1412,2021-06-28 18:27:25,52.222122,1
81,702,21.127953,1413,2021-06-28 18:27:26,52.233784,2
82,168,21.086325,1415,2021-06-28 18:27:22,52.209766,1
83,202,21.124052,1416,2021-06-28 18:27:24,52.242382,04
84,183,21.151737,1418,2021-06-28 18:27:24,52.252853,6
85,147,21.2431964,1419,2021-06-28 18:27:26,52.2215455,2
86,199,21.110981,1422,2021-06-28 18:27:24,52.294777,4
87,198,21.2234637,1423,2021-06-28 18:27:24,52.2538434,05
88,173,21.103315,1424,2021-06-28 18:27:27,52.242039,6
89,115,21.1717931,1425,2021-06-28 18:27:27,52.2514052,4
90,173,21.05299,1426,2021-06-28 18:27:25,52.250423,8
91,147,21.052378,1427,2021-06-28 18:27:26,52.25024,4
92,146,21.095989,1428,2021-06-28 18:27:26,52.218071,2
93,142,21.148354,1430,2021-06-28 18:27:23,52.175163,06
94,L41,20.709656,14422,2021-06-28 18:27:23,52.43055,1
95,L11,20.725445,14424,2021-06-28 18:27:28,52.423401,1
96,L10,20.94532,14425,2021-06-28 18:27:25,52.478893,50
97,L-8,20.945215,14426,2021-06-28 14:51:54,52.437912,1
98,L41,20.94133,14427,2021-06-28 18:27:22,52.400806,02
99,L11,20.95521,14429,2021-06-28 18:27:28,52.42905,57
100,L34,20.915659,14430,2021-06-28 18:27:28,52.410755,2
101,L34,20.891026,14431,2021-06-28 18:27:25,52.411095,1
102,L11,20.957056,14432,2021-06-28 18:27:26,52.410179,51
103,L-8,21.05328,14434,2021-06-28 18:27:23,52.421467,02
104,L-8,20.948862,14435,2021-06-28 18:27:24,52.403763,1
105,L49,20.945551,14436,2021-06-28 18:27:28,52.34977,1
106,L31,21.079988,14438,2021-06-28 18:27:24,52.439388,1
107,L-9,20.92754,14439,2021-06-28 18:27:29,52.451824,054
108,L-9,20.941221,14440,2021-06-28 18:27:28,52.400753,055
109,134,20.966491,1500,2021-06-28 18:27:23,52.27313,04
110,134,21.0489396,1501,2021-06-28 18:27:22,52.3402205,3
111,110,20.964286,1502,2021-06-28 18:27:07,52.2749158,2
112,240,21.0535186,1505,2021-06-28 18:27:21,52.2948266,06
113,132,21.068173,1506,2021-06-28 18:27:23,52.3237811,07
114,134,20.968294,1507,2021-06-28 18:27:19,52.2719643,2
115,126,21.0171866,1508,2021-06-28 18:27:20,52.2930878,5
116,132,21.072958,1509,2021-06-28 18:27:11,52.3222786,05
117,166,21.047157,1510,2021-06-28 18:27:21,52.1635345,6
118,126,20.9590945,1513,2021-06-28 18:27:18,52.3331005,4
119,197,20.9427555,1514,2021-06-28 18:27:22,52.2270698,6
120,197,20.8624841,1515,2021-06-28 18:27:15,52.1902713,8
121,121,20.93799,1516,2021-06-28 18:27:25,52.292145,1
122,173,21.118926,1519,2021-06-28 18:27:22,52.23794,10
123,202,21.0423967,1521,2021-06-28 18:27:18,52.2425817,07
124,202,21.041883,1522,2021-06-28 18:27:19,52.241963,3
125,146,21.0446517,1523,2021-06-28 18:27:13,52.2373017,08
126,730,21.134319,1524,2021-06-28 18:27:14,52.230923,052
127,119,21.000406,1525,2021-06-28 18:27:13,52.206225,06
128,147,21.076656,1526,2021-06-28 18:27:19,52.225971,09
129,198,21.223576,1528,2021-06-28 18:27:18,52.253745,3
130,702,21.186979,1530,2021-06-28 18:27:14,52.152948,03
131,198,21.243144,1531,2021-06-28 18:27:22,52.221681,2
132,115,21.156516,1533,2021-06-28 18:27:19,52.257381,2
133,142,21.088723,1534,2021-06-28 18:27:14,52.244821,07
134,198,21.229455,1535,2021-06-28 18:27:18,52.2166483,1
135,106,20.96505,1537,2021-06-28 18:27:23,52.236375,4
136,170,21.027936,1538,2021-06-28 18:27:10,52.260539,4
137,120,21.0478267,1539,2021-06-28 18:27:16,52.2858083,1
138,199,21.134406,1540,2021-06-28 18:27:14,52.293031,1
139,156,21.040408,1541,2021-06-28 18:27:21,52.288036,1
140,170,21.082078,1542,2021-06-28 18:27:10,52.271541,1
141,156,21.0682017,1543,2021-06-28 18:27:15,52.2729567,3
142,338,21.1007517,1544,2021-06-28 18:27:07,52.2606833,01
143,122,20.899731,1546,2021-06-28 18:27:22,52.25813,013
144,338,21.0498617,1548,2021-06-28 18:27:24,52.256225,04
145,199,21.143656,1549,2021-06-28 18:27:20,52.268986,2
146,170,21.0218633,1550,2021-06-28 18:27:16,52.262465,3
147,240,21.033168,1551,2021-06-28 18:27:21,52.297373,3
148,221,20.978786,1552,2021-06-28 18:27:10,52.260171,2
149,106,20.988413,1554,2021-06-28 18:27:23,52.234281,06
150,L-4,21.016708,17451,2021-06-28 18:27:24,52.098522,1
151,L26,21.176577,17452,2021-06-28 18:27:26,52.312004,02
152,L37,21.219656,17453,2021-06-28 18:27:29,52.315582,1
153,L40,21.222883,17454,2021-06-28 18:27:22,52.342674,1
154,L36,21.286322,17456,2021-06-28 18:27:04,52.368137,1
155,L35,21.229462,17458,2021-06-28 18:27:20,52.345821,1
156,L26,21.170719,17460,2021-06-28 18:27:27,52.330597,1
157,L46,21.106508,17461,2021-06-28 18:27:22,52.32439,1
158,L43,21.119247,17462,2021-06-28 18:27:16,52.315678,1
159,L45,21.145662,17464,2021-06-28 18:27:29,52.311699,02
160,L45,21.097486,17465,2021-06-28 18:27:24,52.343502,1
161,L38,21.250093,17466,2021-06-28 18:27:23,52.341932,1
162,L37,21.217886,17467,2021-06-28 18:26:51,52.31123,2
163,L40,21.199842,17468,2021-06-28 18:27:27,52.343651,02
164,197,20.9759523,1800,2021-06-28 18:27:20,52.2896925,4
165,110,20.9271986,1801,2021-06-28 18:27:21,52.2803905,4
166,132,20.9887761,1802,2021-06-28 18:27:22,52.284538,1
167,166,21.0413786,1803,2021-06-28 18:27:23,52.1693066,8
168,122,20.8987896,1804,2021-06-28 18:27:24,52.2385261,5
169,173,21.2449998,1805,2021-06-28 18:27:24,52.2493185,4
170,204,21.0421695,1806,2021-06-28 18:27:21,52.2955285,3
171,122,20.9452088,1807,2021-06-28 18:27:21,52.2657676,4
172,303,20.9403918,1808,2021-06-28 18:27:21,52.2932996,1
173,147,21.1285328,1809,2021-06-28 18:27:21,52.2014516,1
174,166,21.0327035,1810,2021-06-28 18:27:24,52.2598661,2
175,152,21.043346,1811,2021-06-28 10:10:53,52.266126,06
176,204,21.0402298,1812,2021-06-28 18:27:25,52.2880405,2
177,736,21.0008566,1813,2021-06-28 18:27:04,52.2913375,1
178,147,21.170066,1814,2021-06-28 18:27:10,52.205536,07
179,240,21.0669885,1815,2021-06-28 18:27:18,52.3183525,2
180,197,20.868219,1817,2021-06-28 18:27:19,52.1933745,9
181,240,21.1188086,1818,2021-06-28 18:27:13,52.3382751,05
182,221,20.9940806,1819,2021-06-28 18:27:23,52.259477,1
183,117,21.058506,1823,2021-06-28 18:27:20,52.2277483,05
184,146,21.1108958,1826,2021-06-28 18:27:25,52.207028,4
185,183,21.1116628,1828,2021-06-28 18:27:22,52.2404466,3
186,147,21.0439148,1829,2021-06-28 18:27:19,52.2485758,5
187,722,21.0882571,1830,2021-06-28 18:27:24,52.2446301,1
188,147,21.1169918,1832,2021-06-28 09:25:20,52.2330478,09
189,146,21.2046655,1833,2021-06-28 18:27:22,52.1594375,5
190,202,21.116848,1834,2021-06-28 09:35:30,52.233074,04
191,115,21.1703041,1835,2021-06-28 18:27:22,52.2771101,3
192,168,20.9974475,1837,2021-06-28 18:27:14,52.188855,07
193,183,21.0961485,1839,2021-06-28 18:27:18,52.2435025,1
194,202,21.1288406,1840,2021-06-28 18:27:21,52.2397176,05
195,146,21.038593,1842,2021-06-28 18:27:10,52.243163,07
196,183,21.087164,1843,2021-06-28 18:27:18,52.244708,2
197,119,21.006801,1844,2021-06-28 18:27:23,52.2103961,3
198,115,21.188134,1846,2021-06-28 18:27:09,52.185253,5
199,730,21.3385718,1847,2021-06-28 18:27:18,52.1896571,61
200,119,21.050209,1848,2021-06-28 18:27:13,52.196318,4
201,173,21.0771401,1849,2021-06-28 18:27:21,52.250301,9
202,183,21.1620136,1850,2021-06-28 18:27:11,52.2547351,4
203,173,21.2231668,1851,2021-06-28 18:27:19,52.2469245,1
204,722,21.2629365,1854,2021-06-28 18:27:17,52.1079746,53
205,147,21.1058848,1855,2021-06-28 18:27:22,52.2109788,3
206,146,21.1576598,1856,2021-06-28 18:27:21,52.167526,1
207,117,21.0083673,1857,2021-06-28 18:27:19,52.2289976,2
208,115,21.170819,1858,2021-06-28 18:27:12,52.202621,1
209,146,21.157228,1859,2021-06-28 18:27:10,52.168388,09
210,115,21.2420868,1860,2021-06-28 18:27:25,52.1698711,6
211,119,21.051126,1862,2021-06-28 18:27:23,52.196401,2
212,173,21.2369348,1863,2021-06-28 18:27:19,52.2162843,3
213,146,21.0526493,1866,2021-06-28 18:27:14,52.2504166,3
214,183,21.1917973,1867,2021-06-28 18:27:22,52.2387618,5
215,147,21.0524265,1869,2021-06-28 18:27:23,52.2502961,08
216,139,20.9962554,1901,2021-06-28 18:27:24,52.1885265,53
217,251,21.0239583,1903,2021-06-28 18:27:23,52.1795446,53
218,168,21.1088042,1904,2021-06-28 18:27:17,52.2333421,09
219,739,21.0178766,1905,2021-06-28 18:27:22,52.1429709,07
220,251,21.12261,1907,2021-06-28 18:27:16,52.0907389,54
221,178,20.9953025,1908,2021-06-28 18:27:24,52.1870415,012
222,222,20.9957043,1909,2021-06-28 18:27:20,52.1934978,2
223,222,21.0049854,1910,2021-06-28 18:27:18,52.2447391,5
224,139,21.045087,1911,2021-06-28 18:27:26,52.1751709,56
225,222,21.002041,1912,2021-06-28 18:27:25,52.243679,6
226,251,21.1100236,1914,2021-06-28 18:27:25,52.1131401,51
227,222,21.010418,1916,2021-06-28 18:27:24,52.19249,3
228,139,21.1034174,1917,2021-06-28 18:27:26,52.1270399,52
229,739,21.039808,1918,2021-06-28 18:27:24,52.080662,08
230,251,21.041979,1919,2021-06-28 18:27:26,52.175625,55
231,222,21.020966,1920,2021-06-28 18:27:24,52.212166,1
232,178,20.942797,1991,2021-06-28 18:27:26,52.205914,010
233,178,20.9023159,1993,2021-06-28 18:27:25,52.1896732,1
234,168,21.001661,1994,2021-06-28 18:27:25,52.189308,08
235,178,20.9169602,1995,2021-06-28 18:27:24,52.2055592,3
236,178,20.983643,1996,2021-06-28 18:27:27,52.229961,6
237,178,21.0119047,1998,2021-06-28 18:27:25,52.2464637,4
238,178,20.9505099,1999,2021-06-28 18:27:25,52.1917115,013
239,105,20.8990211,2001,2021-06-28 18:27:25,52.2387841,1
240,136,20.960606,2003,2021-06-28 18:27:26,52.216087,6
241,Z10,20.9250067,2006,2021-06-28 18:27:25,52.2608852,3
242,188,20.978622,2007,2021-06-28 18:27:25,52.182755,09
243,517,20.908777,2008,2021-06-28 18:27:25,52.19305,07
244,191,20.877237,2009,2021-06-28 18:27:24,52.18895,3
245,184,20.9637417,2010,2021-06-28 18:27:26,52.2081832,4
246,124,20.919748,2011,2021-06-28 18:27:23,52.197388,03
247,401,20.909908,2013,2021-06-28 18:27:26,52.194817,1
248,182,21.1129391,2014,2021-06-28 18:27:26,52.2361414,012
249,171,20.921295,2015,2021-06-28 18:27:27,52.240108,1
250,401,20.915052,2016,2021-06-28 18:27:25,52.199596,011
251,190,20.9236887,2019,2021-06-28 18:27:26,52.2404765,014
252,191,20.984081,2020,2021-06-28 18:27:23,52.219818,7
253,401,20.983765,2021,2021-06-28 18:27:25,52.182026,5
254,522,21.064766,2022,2021-06-28 18:27:26,52.173447,013
255,193,20.995403,2023,2021-06-28 18:27:26,52.170288,06
256,189,20.897602,2024,2021-06-28 18:27:26,52.239525,14
257,401,20.8668337,2026,2021-06-28 18:27:24,52.1969597,8
258,522,21.075789,2027,2021-06-28 18:27:26,52.157772,318
259,519,21.04072,2028,2021-06-28 18:27:25,52.195988,3
260,501,21.048311,2029,2021-06-28 18:27:24,52.178097,3
261,189,20.996056,2030,2021-06-28 18:27:25,52.179386,9
262,131,21.0488487,2032,2021-06-28 18:27:26,52.2062722,10
263,522,21.005079,2033,2021-06-28 18:27:26,52.229141,07
264,189,20.89653,2035,2021-06-28 18:27:22,52.23431,12
265,519,21.0132782,2036,2021-06-28 18:27:26,52.2270634,5
266,501,21.014936,2037,2021-06-28 18:27:25,52.217785,5
267,138,21.05225,2038,2021-06-28 18:27:26,52.258938,010
268,501,21.051804,2040,2021-06-28 18:27:25,52.185932,2
269,189,21.0137112,2041,2021-06-28 18:27:26,52.1742425,8
270,138,21.022345,2042,2021-06-28 18:27:25,52.218723,012
271,401,21.026608,2044,2021-06-28 18:27:24,52.170227,012
272,172,21.031565,2045,2021-06-28 18:27:26,52.201149,010
273,172,20.989397,2200,2021-06-28 18:27:26,52.197392,4
274,523,21.025429,2201,2021-06-28 18:27:25,52.21944,14
275,187,21.0489539,2202,2021-06-28 18:27:24,52.2064591,3
276,136,21.0556062,2203,2021-06-28 18:27:26,52.1474004,1
277,Z10,20.9125944,2204,2021-06-28 18:27:24,52.2428771,010
278,171,20.992708,2205,2021-06-28 18:27:26,52.241486,011
279,189,20.915257,2207,2021-06-28 18:27:25,52.203972,10
280,190,21.0301002,2209,2021-06-28 18:27:26,52.2528166,8
281,172,21.069088,2210,2021-06-28 18:27:26,52.181389,2
282,122,20.933317,2212,2021-06-28 18:27:26,52.270409,6
283,122,20.9195389,2213,2021-06-28 18:27:25,52.2574617,07
284,136,21.033855,2215,2021-06-28 18:27:25,52.150517,11
285,190,20.9213387,2216,2021-06-28 18:11:23,52.197379,018
286,401,20.891937,2217,2021-06-28 18:27:26,52.1931001,09
287,Z10,20.912943,2218,2021-06-28 18:27:25,52.238739,5
288,148,20.978186,2221,2021-06-28 18:27:25,52.169514,8
289,523,21.0776319,2222,2021-06-28 18:27:25,52.2347025,1
290,191,20.972971,2223,2021-06-28 18:27:25,52.212372,9
291,189,21.0086095,2224,2021-06-28 18:27:25,52.1759296,2
292,191,20.9143791,2225,2021-06-28 18:27:24,52.2002932,5
293,517,21.0105262,2226,2021-06-28 18:27:26,52.2316879,3
294,136,21.0059714,2231,2021-06-28 18:27:23,52.1714154,013
295,189,20.9167079,2232,2021-06-28 18:27:25,52.2214084,11
296,317,20.9834845,2233,2021-06-28 18:27:26,52.1775919,08
297,Z10,20.930769,2235,2021-06-28 18:27:26,52.224918,011
298,317,21.007341,2236,2021-06-28 18:27:26,52.177814,4
299,187,20.9954307,2240,2021-06-28 18:27:25,52.2168402,2
300,136,20.962774,2241,2021-06-28 18:27:25,52.216049,9
301,191,20.9408476,2243,2021-06-28 18:27:26,52.2040871,1
302,171,20.9126167,2244,2021-06-28 18:27:25,52.2424045,4
303,Z10,20.916491,2245,2021-06-28 18:27:24,52.224533,9
304,717,20.96496,2247,2021-06-28 18:27:25,52.218246,3
305,317,21.0547979,2249,2021-06-28 18:27:26,52.1728699,06
306,189,21.0688862,2252,2021-06-28 18:27:25,52.1813099,4
307,112,20.887056,2253,2021-06-28 18:27:26,52.216583,2
308,191,20.883618,2254,2021-06-28 18:27:23,52.1893516,010
309,141,21.097958,2256,2021-06-28 18:27:27,52.243191,013
310,172,20.9695774,2257,2021-06-28 18:27:26,52.2150767,7
311,317,21.041354,2258,2021-06-28 18:27:25,52.1707319,1
312,187,21.0494496,2259,2021-06-28 18:27:26,52.1783182,4
313,L48,21.303106,23481,2021-06-28 04:38:21,52.203297,1
314,L47,21.303904,23482,2021-06-28 18:27:25,52.257324,02
315,L47,21.302692,23483,2021-06-28 18:27:28,52.242012,1
316,L20,21.463793,24511,2021-06-28 18:27:26,52.133068,1
317,L20,21.471601,24512,2021-06-28 13:52:17,52.132278,1
318,L20,21.259705,24513,2021-06-28 18:27:23,52.107636,03
319,L20,21.471657,24515,2021-06-28 17:31:13,52.132061,2
320,245,21.130311,3400,2021-06-28 18:27:14,52.286356,2
321,112,20.952511,3401,2021-06-28 18:27:21,52.276456,018
322,412,21.0680693,3403,2021-06-28 18:27:25,52.3235528,01
323,112,21.0787311,3404,2021-06-28 18:27:22,52.3076845,7
324,412,21.089645,3405,2021-06-28 18:27:19,52.307164,05
325,500,20.9820828,3406,2021-06-28 18:27:24,52.2531445,08
326,500,20.9878768,3408,2021-06-28 18:27:24,52.25662,2
327,160,21.0332748,3409,2021-06-28 18:27:23,52.2540331,013
328,245,21.097686,3410,2021-06-28 18:27:23,52.286119,05
329,114,20.990921,3411,2021-06-28 18:27:24,52.270153,011
330,500,20.9869865,3413,2021-06-28 18:27:21,52.2561861,1
331,190,21.0470921,3414,2021-06-28 18:27:24,52.263767,027
332,114,20.9387328,3415,2021-06-28 18:27:25,52.2751536,09
333,114,21.042113,3416,2021-06-28 18:27:11,52.300253,010
334,738,21.1380203,3417,2021-06-28 18:27:24,52.3630896,3
335,738,21.076395,3418,2021-06-28 18:27:08,52.288128,4
336,190,21.0698755,3421,2021-06-28 18:27:18,52.2804576,021
337,500,21.041883,3422,2021-06-28 18:27:23,52.300289,4
338,185,21.0219683,3423,2021-06-28 18:27:24,52.14268,10
339,512,21.0522755,3424,2021-06-28 18:27:23,52.2529385,2
340,512,21.0519556,3426,2021-06-28 18:27:22,52.2528471,3
341,169,21.051649,3427,2021-06-28 18:27:10,52.252884,2
342,185,21.0540551,3428,2021-06-28 18:27:24,52.1952883,7
343,500,21.0425033,3429,2021-06-28 18:27:21,52.2975466,6
344,169,21.0362323,3430,2021-06-28 18:27:19,52.2532041,3
345,112,20.88388,3431,2021-06-28 18:27:17,52.2164835,3
346,Z26,20.974306,3432,2021-06-28 18:27:11,52.235426,1
347,Z26,20.982941,3434,2021-06-28 18:27:14,52.238076,6
348,175,20.9902605,3435,2021-06-28 18:27:20,52.2166475,55
349,509,20.9420879,3437,2021-06-28 18:27:24,52.3340885,5
350,132,21.0607623,3438,2021-06-28 18:27:23,52.3064715,06
351,738,21.095556,3439,2021-06-28 18:27:24,52.311661,1
352,414,20.955925,3440,2021-06-28 18:27:18,52.231516,07
353,512,21.056687,3441,2021-06-28 18:27:18,52.2839008,5
354,500,21.038955,3442,2021-06-28 18:27:22,52.269196,7
355,509,21.0629296,3443,2021-06-28 18:27:24,52.2287598,11
356,245,21.0657436,3444,2021-06-28 18:27:20,52.2752916,04
357,145,21.0881283,3445,2021-06-28 18:27:27,52.2447166,8
358,509,21.0789785,3446,2021-06-28 18:27:24,52.2261791,14
359,162,21.0364331,3447,2021-06-28 18:27:02,52.2442206,6
360,190,20.8990728,3448,2021-06-28 18:27:22,52.2388268,2
361,112,21.0641398,3449,2021-06-28 18:27:19,52.306887,9
362,112,20.911191,3450,2021-06-28 18:27:11,52.248323,12
363,114,21.043474,3451,2021-06-28 09:14:51,52.2654126,09
364,145,21.0180071,3452,2021-06-28 18:27:18,52.291934,015
365,527,21.0621056,3453,2021-06-28 18:27:16,52.3102453,2
366,190,20.8988226,3454,2021-06-28 18:27:25,52.238858,1
367,145,21.1207411,3455,2021-06-28 18:27:22,52.267485,5
368,509,20.9419185,3458,2021-06-28 18:27:24,52.3339228,355
369,245,21.1002925,3459,2021-06-28 18:27:26,52.2859563,1
370,190,21.0856521,3460,2021-06-28 18:27:23,52.2993681,022
371,114,20.917045,3462,2021-06-28 18:27:22,52.312913,2
372,190,21.06626,3463,2021-06-28 18:27:19,52.2759756,6
373,500,21.0421778,3464,2021-06-28 18:27:23,52.300401,5
374,114,21.0418438,3465,2021-06-28 18:27:23,52.300203,6
375,112,20.9148456,3466,2021-06-28 18:27:19,52.2339035,1
376,509,21.0469736,3467,2021-06-28 18:27:23,52.2637058,022
377,245,21.0528878,3468,2021-06-28 18:27:26,52.2764846,03
378,114,21.0279455,3469,2021-06-28 18:27:20,52.2875891,7
379,L17,20.958601,36442,2021-06-28 18:27:28,52.00621,02
380,L19,21.020475,36443,2021-06-28 18:27:25,52.066135,1
381,L17,21.02895,36444,2021-06-28 18:27:25,52.07394,1
382,L19,20.998867,36445,2021-06-28 18:27:23,52.031475,02
383,L30,21.21702,36446,2021-06-28 18:27:27,51.981647,1
384,L28,21.124594,36447,2021-06-28 18:27:25,52.025043,1
385,L30,21.130491,36448,2021-06-28 18:18:01,51.968395,02
386,L42,21.116184,37531,2021-06-28 18:27:28,52.102604,52
387,L21,21.217508,37533,2021-06-28 18:27:23,51.981102,1
388,L16,21.074804,37534,2021-06-28 18:27:27,52.085766,1
389,L14,21.130022,37535,2021-06-28 18:27:24,52.106758,1
390,L15,21.118292,37536,2021-06-28 18:27:23,52.078575,51
391,L39,21.024252,38541,2021-06-28 18:21:26,52.061977,4
392,L39,21.03528,38545,2021-06-28 18:27:27,52.077946,3
393,L32,20.985155,38546,2021-06-28 18:27:25,52.003963,1
394,L39,21.004555,38547,2021-06-28 05:46:58,52.110222,1
395,L39,20.992489,38548,2021-06-28 18:27:29,52.109848,2
396,L23,21.069427,38549,2021-06-28 18:27:30,52.078026,51
397,L52,21.07546,38550,2021-06-28 18:27:24,52.078091,1
398,L12,21.029436,39551,2021-06-28 18:12:23,52.075226,062
399,L-2,20.910179,39552,2021-06-28 18:27:27,52.003254,063
400,L25,21.218802,39554,2021-06-28 18:27:30,51.981636,02
401,L25,21.029518,39555,2021-06-28 18:27:20,52.074898,1
402,L12,20.939665,39556,2021-06-28 18:27:21,52.037502,061
403,L-2,21.02688,39557,2021-06-28 18:27:21,52.075832,64
404,L12,21.015356,39558,2021-06-28 18:27:26,52.062836,65
405,L13,21.040487,39560,2021-06-28 18:27:23,52.026627,1
406,L13,21.012325,39561,2021-06-28 18:27:28,52.039249,03
407,L13,21.006172,39562,2021-06-28 18:27:24,52.053905,2
408,L-5,21.029419,39565,2021-06-28 18:27:28,52.075119,1
409,255,20.948463,4200,2021-06-28 18:27:23,52.225796,2
410,703,20.9431477,4202,2021-06-28 18:27:25,52.1740926,52
411,197,20.946434,4205,2021-06-28 18:27:24,52.267033,2
412,902,20.9223249,4206,2021-06-28 16:30:27,52.1964574,M1
413,255,20.9791182,4207,2021-06-28 18:27:24,52.2292654,03
414,154,20.8979832,4209,2021-06-28 18:27:26,52.2476324,4
415,178,20.9488445,4210,2021-06-28 18:27:25,52.2095502,011
416,154,20.925196,4211,2021-06-28 18:27:21,52.240677,010
417,711,20.883701,4212,2021-06-28 18:27:26,52.129021,063
418,154,20.961594,4213,2021-06-28 18:27:26,52.21627,1
419,154,20.943451,4214,2021-06-28 18:27:26,52.175781,8
420,711,20.8446387,4215,2021-06-28 18:27:25,52.1096319,061
421,122,20.9713659,4216,2021-06-28 18:27:25,52.263959,3
422,197,20.9767232,4217,2021-06-28 18:27:25,52.2874974,3
423,197,20.9435634,4218,2021-06-28 18:27:25,52.2392312,1
424,255,20.9310514,4219,2021-06-28 18:27:25,52.2251547,1
425,197,20.895138,4221,2021-06-28 18:27:26,52.216621,10
426,129,20.9490657,4224,2021-06-28 18:27:24,52.2408329,2
427,121,20.9251197,4225,2021-06-28 18:27:26,52.2725377,03
428,197,20.939245,4227,2021-06-28 18:27:26,52.260567,5
429,154,20.968956,4228,2021-06-28 18:27:26,52.202225,6
430,902,21.043304,4229,2021-06-28 18:27:26,52.246235,M2
431,154,20.889853,4230,2021-06-28 18:27:27,52.114452,7
432,178,20.895885,4231,2021-06-28 18:27:25,52.18568,9
433,178,20.8957131,4232,2021-06-28 18:27:25,52.1856997,7
434,714,20.9213559,4233,2021-06-28 18:27:26,52.2400824,3
435,729,20.70812,4234,2021-06-28 18:27:26,52.26918,02
436,714,20.9115971,4235,2021-06-28 18:27:23,52.2389407,2
437,L-3,20.909891,42362,2021-06-28 18:27:27,52.097832,02
438,154,20.96422,4237,2021-06-28 18:27:26,52.217537,5
439,154,20.898012,4238,2021-06-28 18:27:26,52.248119,3
440,178,20.9678562,4239,2021-06-28 18:27:26,52.2288239,8
441,154,20.979683,4240,2021-06-28 18:27:26,52.191849,011
442,714,20.950487,4241,2021-06-28 18:27:25,52.238586,04
443,154,20.9375467,4242,2021-06-28 18:27:26,52.2396335,2
444,154,20.898441,4243,2021-06-28 18:27:23,52.258381,09
445,901,20.9902074,4244,2021-06-28 18:27:25,52.225407,1
446,901,21.043154,4246,2021-06-28 18:27:25,52.222935,3
447,714,20.814535,4247,2021-06-28 18:27:23,52.256626,1
448,729,20.939241,4248,2021-06-28 18:27:26,52.239632,1
449,121,20.974285,4249,2021-06-28 18:27:26,52.2719,2
450,L-1,20.90984,42494,2021-06-28 18:27:26,52.097614,1
451,L-4,21.0165,42495,2021-06-28 06:12:56,52.098907,2
452,L-3,20.9021,42500,2021-06-28 18:24:46,52.088181,1
453,146,21.2044843,4303,2021-06-28 18:27:23,52.1594663,06
454,119,21.2055935,4304,2021-06-28 18:27:27,52.2100369,07
455,117,21.1016772,4305,2021-06-28 18:27:26,52.2229119,4
456,147,21.0541257,4307,2021-06-28 18:27:27,52.2343356,010
457,142,21.0882214,4308,2021-06-28 18:27:27,52.2451185,08
458,702,21.2628641,4312,2021-06-28 18:27:27,52.1080886,1
459,105,16.9750897,4332,2021-06-26 13:35:37,52.5472771,4
460,N72,16.9763326,4333,2021-06-28 15:21:54,52.5456077,215
461,240,21.102427,4400,2021-06-28 18:27:27,52.320057,1
462,132,20.968119,4401,2021-06-28 18:27:26,52.27187,09
463,126,21.008177,4402,2021-06-28 18:27:27,52.305058,2
464,120,21.060345,4403,2021-06-28 18:27:25,52.268658,5
465,166,21.0271,4404,2021-06-28 18:27:26,52.260082,3
466,156,21.0521264,4406,2021-06-28 18:27:25,52.2530072,2
467,122,20.9766919,4407,2021-06-28 18:27:25,52.2899092,010
468,134,21.053106,4408,2021-06-28 18:27:22,52.357849,05
469,106,21.020556,4409,2021-06-28 18:27:26,52.243244,1
470,199,21.0794407,4411,2021-06-28 18:27:25,52.2917101,3
471,173,21.2398,4413,2021-06-28 18:27:24,52.216122,2
472,106,21.01795,4415,2021-06-28 18:27:26,52.237118,2
473,106,21.020542,4416,2021-06-28 18:27:27,52.243099,07
474,170,21.063925,4417,2021-06-28 18:27:26,52.263924,2
475,106,20.996376,4418,2021-06-28 18:27:24,52.23576,3
476,120,21.0561421,4419,2021-06-28 18:27:27,52.2642879,7
477,901,21.02289,4420,2021-06-28 18:27:27,52.228989,4
478,126,21.056807,4421,2021-06-28 18:27:26,52.3019119,1
479,338,21.100849,4422,2021-06-28 18:27:24,52.260586,02
480,106,21.017622,4423,2021-06-28 18:27:23,52.238457,5
481,901,21.017967,4424,2021-06-28 18:27:25,52.237057,2
482,156,20.927956,4425,2021-06-28 18:27:27,52.290859,5
483,166,21.051228,4427,2021-06-28 18:27:24,52.239346,4
484,156,20.946024,4428,2021-06-28 18:27:22,52.283218,4
485,303,20.9346484,4429,2021-06-28 18:27:26,52.2888644,2
486,106,20.965221,4430,2021-06-28 18:27:25,52.2375165,08
487,338,21.0339539,4434,2021-06-28 18:27:25,52.2553726,03
488,122,20.8990989,5200,2021-06-28 18:27:26,52.2385868,08
489,171,21.0109754,5201,2021-06-28 18:27:18,52.2309252,8
490,517,20.951703,5202,2021-06-28 18:27:17,52.2118476,09
491,523,20.932729,5203,2021-06-28 18:27:20,52.240271,020
492,401,20.894944,5204,2021-06-28 18:27:16,52.19988,013
493,105,20.9509931,5205,2021-06-28 18:27:19,52.227379,5
494,131,21.0689447,5206,2021-06-28 18:27:23,52.1813319,2
495,182,20.9767907,5207,2021-06-28 18:27:24,52.2179141,011
496,517,20.9696991,5208,2021-06-28 18:27:22,52.2194266,2
497,184,20.939093,5210,2021-06-28 18:26:54,52.24584,2
498,105,20.897318,5211,2021-06-28 18:26:59,52.223723,09
499,523,21.0889029,5212,2021-06-28 18:27:18,52.2501188,015
500,Z10,20.9137463,5213,2021-06-28 18:27:20,52.2368683,1
501,184,20.9288014,5214,2021-06-28 18:27:20,52.2641211,1
502,523,21.0031085,5215,2021-06-28 18:27:26,52.2169909,7
503,131,21.003989,5216,2021-06-28 18:27:21,52.2294258,8
504,189,20.9220571,5217,2021-06-28 16:49:01,52.1957361,11
505,122,20.9843596,5218,2021-06-28 18:27:17,52.2769161,011
506,401,20.8654611,5219,2021-06-28 18:27:24,52.1909059,6
507,124,20.961046,5222,2021-06-28 18:27:10,52.156128,1
508,190,21.0845034,5223,2021-06-28 18:27:24,52.2978616,7
509,517,20.9668425,5224,2021-06-28 18:27:22,52.2180484,4
510,523,21.0140306,5225,2021-06-28 18:27:22,52.2168912,6
511,401,21.0260446,5226,2021-06-28 18:27:19,52.1733298,4
512,189,21.0598691,5227,2021-06-28 18:27:22,52.1843489,024
513,124,20.9431294,5228,2021-06-28 18:27:20,52.1755171,2
514,131,21.044836,5229,2021-06-28 18:27:20,52.206726,5
515,523,21.0854339,5230,2021-06-28 18:27:22,52.2446419,016
516,189,21.0411584,5232,2021-06-28 18:27:23,52.1705669,7
517,148,21.0411866,5233,2021-06-28 18:27:16,52.1697919,011
518,105,20.955901,5234,2021-06-28 18:27:14,52.227981,011
519,105,20.928432,5235,2021-06-28 18:27:22,52.2230718,3
520,517,20.9000986,5236,2021-06-28 18:27:17,52.194847,1
521,171,21.0434485,5237,2021-06-28 18:27:21,52.2228675,6
522,401,20.8617853,5238,2021-06-28 18:27:06,52.1904504,7
523,182,21.0673749,5239,2021-06-28 18:27:21,52.2299653,9
524,184,20.9642717,5240,2021-06-28 18:27:25,52.2094645,3
525,187,20.9518917,5241,2021-06-28 18:27:20,52.2115224,8
526,190,20.9199858,5243,2021-06-28 18:27:26,52.1974034,011
527,189,21.0537207,5244,2021-06-28 18:27:18,52.1802943,018
528,105,20.8967871,5245,2021-06-28 18:27:17,52.2304726,6
529,148,21.0872257,5246,2021-06-28 18:27:23,52.2447928,012
530,716,20.8409258,5247,2021-06-28 18:27:22,52.184908,1
531,141,21.0487351,5248,2021-06-28 18:27:23,52.2023196,7
532,317,20.9444795,5249,2021-06-28 18:27:22,52.175579,2
533,188,21.0943468,5250,2021-06-28 18:27:20,52.2490554,3
534,187,20.9443898,5251,2021-06-28 18:27:26,52.2068736,1
535,189,20.8988763,5253,2021-06-28 18:27:18,52.2386526,020
536,401,20.9521671,5254,2021-06-28 18:27:17,52.1914628,010
537,190,21.0704554,5255,2021-06-28 18:27:18,52.2812186,016
538,148,21.0457437,5256,2021-06-28 18:27:17,52.1646033,1
539,716,20.885145,5257,2021-06-28 18:27:14,52.196596,2
540,188,21.028001,5258,2021-06-28 18:27:21,52.2198923,4
541,105,20.898826,5260,2021-06-28 18:27:23,52.238768,08
542,723,20.96106,5401,2021-06-28 18:27:23,52.335197,3
543,185,20.996248,5403,2021-06-28 18:27:25,52.271008,3
544,145,21.119761,5404,2021-06-28 18:27:25,52.269527,4
545,269,21.0416479,5405,2021-06-28 18:27:25,52.3004317,05
546,509,21.101753,5406,2021-06-28 18:27:26,52.223732,13
547,120,21.046272,5407,2021-06-28 18:27:26,52.34309,2
548,527,21.068474,5408,2021-06-28 18:27:25,52.323303,054
549,E-9,21.057123,5409,2021-06-28 18:27:24,52.323196,01
550,731,20.970482,5410,2021-06-28 18:27:25,52.323734,1
551,723,20.9152802,5412,2021-06-28 18:27:26,52.410838,4
552,705,21.038687,5413,2021-06-28 18:27:26,52.431896,66
553,511,20.95866,5414,2021-06-28 18:27:25,52.310196,1
554,723,20.925854,5416,2021-06-28 18:27:23,52.374126,1
555,E-9,20.9953,5417,2021-06-28 18:27:26,52.287209,02
556,511,20.9426259,5418,2021-06-28 18:27:25,52.3486509,2
557,120,21.039467,5419,2021-06-28 18:27:25,52.359055,3
558,160,21.0542712,5420,2021-06-28 18:27:26,52.2692667,5
559,511,20.9420957,5421,2021-06-28 18:27:24,52.3482759,3
560,160,20.9949827,5423,2021-06-28 18:27:26,52.2400259,012
561,511,20.973337,5424,2021-06-28 18:27:26,52.319618,06
562,116,20.970966,5425,2021-06-28 18:27:26,52.272213,4
563,116,20.9249369,5426,2021-06-28 18:27:25,52.272375,11
564,527,21.057915,5428,2021-06-28 18:27:26,52.324261,1
565,731,21.0008399,5429,2021-06-28 18:27:24,52.2912461,2
566,145,21.074713,5430,2021-06-28 18:27:26,52.287312,11
567,160,21.068418,5432,2021-06-28 18:27:25,52.323509,7
568,414,21.0163557,5434,2021-06-28 18:27:25,52.2947304,08
569,527,21.0565294,5436,2021-06-28 18:27:26,52.2698812,3
570,705,21.0289975,5437,2021-06-28 18:27:25,52.3490597,1
571,731,20.9254934,5438,2021-06-28 18:27:26,52.4216442,4
572,738,21.1573197,5439,2021-06-28 18:27:26,52.3862341,2
573,735,21.0117509,5441,2021-06-28 18:27:26,52.4538674,64
574,160,21.038731,5443,2021-06-28 18:27:26,52.256397,2
575,E-9,20.9681439,5444,2021-06-28 18:27:26,52.2713904,04
576,705,21.048461,5445,2021-06-28 03:52:31,52.264575,65
577,735,20.994808,5446,2021-06-28 18:27:25,52.297913,62
578,114,20.930542,5447,2021-06-28 18:27:24,52.291981,08
579,735,21.013863,5448,2021-06-28 18:27:26,52.317219,63
580,160,21.004259,5449,2021-06-28 18:27:27,52.230927,3
581,511,20.9278852,5453,2021-06-28 18:27:24,52.2911427,4
582,160,21.0462604,5454,2021-06-28 18:27:25,52.2732061,09
583,169,21.042,5455,2021-06-28 18:27:24,52.2943,4
584,269,21.0456619,5457,2021-06-28 18:27:26,52.2860622,04
585,180,20.963875,5459,2021-06-28 18:27:26,52.295872,016
586,705,21.0363912,5460,2021-06-28 18:27:24,52.4000242,65
587,128,21.012949,5870,2021-06-28 18:27:26,52.243011,53
588,175,20.9890422,5871,2021-06-28 18:27:27,52.2184239,59
589,503,21.002321,5873,2021-06-28 18:27:23,52.254726,1
590,175,20.974546,5874,2021-06-28 18:27:26,52.168674,58
591,138,20.998072,5875,2021-06-28 18:27:26,52.186768,011
592,180,20.9248089,5877,2021-06-28 18:27:26,52.2725481,017
593,709,20.998123,5878,2021-06-28 18:27:25,52.187275,013
594,175,20.982771,5880,2021-06-28 18:27:24,52.195885,070
595,503,21.026632,5881,2021-06-28 18:27:27,52.213696,5
596,175,20.980883,5882,2021-06-28 18:27:27,52.188885,56
597,180,20.924568,5883,2021-06-28 18:27:26,52.272846,10
598,503,20.998091,5885,2021-06-28 18:03:22,52.18679,5
599,180,21.011848,5886,2021-06-28 18:27:25,52.24646,13
600,128,20.981636,5887,2021-06-28 18:27:25,52.19836,074
601,175,20.978317,5888,2021-06-28 18:27:26,52.169464,069
602,180,20.962717,5889,2021-06-28 18:27:22,52.258526,8
603,128,21.012667,5890,2021-06-28 18:27:23,52.229889,62
604,180,20.98477,5891,2021-06-28 18:27:27,52.24612,7
605,504,20.992178,5892,2021-06-28 18:27:26,52.183243, 
606,503,21.002872,5893,2021-06-28 18:27:23,52.254925,3
607,128,20.988674,5894,2021-06-28 18:27:18,52.224644,066
608,503,21.017883,5895,2021-06-28 18:27:21,52.237316,12
609,503,21.002583,5897,2021-06-28 18:27:24,52.254829,2
610,175,21.012192,5898,2021-06-28 18:27:25,52.24609,071
611,128,20.986816,5899,2021-06-28 18:27:23,52.207657,51
612,158,21.060947,5900,2021-06-28 18:27:22,52.240097,5
613,128,21.016649,5902,2021-06-28 18:27:26,52.239952,52
614,158,21.086761,5903,2021-06-28 18:27:24,52.236523,8
615,503,21.049931,5905,2021-06-28 18:27:24,52.144604,8
616,128,20.963722,5906,2021-06-28 18:27:25,52.20768,63
617,503,21.043953,5907,2021-06-28 18:27:26,52.148769,7
618,175,21.001528,5908,2021-06-28 18:27:25,52.227421,068
619,128,21.012857,5909,2021-06-28 18:27:23,52.243191,067
620,128,20.990286,5910,2021-06-28 18:27:19,52.216984,073
621,111,21.065531,5911,2021-06-28 18:27:27,52.231091,4
622,116,20.924776,5913,2021-06-28 18:27:25,52.27243,12
623,175,21.017818,5915,2021-06-28 18:27:27,52.23732,54
624,175,21.012785,5918,2021-06-28 18:27:25,52.243217,60
625,158,20.949301,5920,2021-06-28 18:27:24,52.211571,1
626,116,20.998711,5921,2021-06-28 18:27:24,52.253895,15
627,175,21.1163987,5923,2021-06-28 10:17:16,52.2339737,072
628,116,21.026541,5924,2021-06-28 18:27:19,52.214474,17
629,116,21.0841552,5926,2021-06-28 18:27:27,52.1678782,3
630,158,21.117653,5927,2021-06-28 18:27:25,52.233788, 
631,116,21.0360177,5928,2021-06-28 18:27:27,52.200919,5
632,175,20.978193,5929,2021-06-28 18:27:24,52.169437,57
633,158,21.024817,5930,2021-06-28 18:27:25,52.232513,9
634,158,21.003286,5931,2021-06-28 18:27:22,52.228218,3
635,116,21.024828,5932,2021-06-28 18:27:22,52.220718,6
636,111,20.979117,5933,2021-06-28 18:27:27,52.2443354,2
637,158,20.950077,5934,2021-06-28 18:27:23,52.211662,4
638,503,21.031519,5935,2021-06-28 18:27:23,52.205917,11
639,503,21.035545,5936,2021-06-28 18:27:15,52.164803,10
640,111,21.005407,5937,2021-06-28 18:27:26,52.242977,10
641,158,20.988731,5939,2021-06-28 18:27:27,52.224285,2
642,175,21.010153,5942,2021-06-28 18:27:13,52.229645,072
643,111,21.1017,5943,2021-06-28 18:27:25,52.2223,7
644,158,21.112757,5945,2021-06-28 18:27:22,52.236298,6
645,111,21.06505,5946,2021-06-28 18:27:23,52.226658,8
646,111,21.102621,5947,2021-06-28 18:27:22,52.222023,5
647,503,21.037537,5948,2021-06-28 18:27:23,52.16824,013
648,503,21.014273,5950,2021-06-28 18:27:23,52.243866,4
649,180,21.083853,5951,2021-06-28 18:27:23,52.168121,2
650,518,20.941687,5952,2021-06-28 18:27:25,52.333241,7
651,160,20.997919,5954,2021-06-28 18:27:23,52.243237,010
652,111,21.018414,5958,2021-06-28 18:27:20,52.23547,011
653,160,21.056807,5959,2021-06-28 18:27:24,52.324127,08
654,111,20.989233,5960,2021-06-28 18:27:26,52.247555,3
655,190,21.046658,5961,2021-06-28 18:27:26,52.265312,024
656,116,20.927666,5962,2021-06-28 18:27:24,52.280304,13
657,111,20.979691,5963,2021-06-28 18:27:23,52.244766,1
658,518,21.023357,5964,2021-06-28 18:27:23,52.228394,3
659,518,20.942087,5965,2021-06-28 18:27:24,52.33456,08
660,518,20.974667,5966,2021-06-28 18:27:23,52.271385,2
661,160,21.002934,5967,2021-06-28 18:27:23,52.229317,011
662,180,20.966738,5970,2021-06-28 18:27:26,52.257092,11
663,518,20.968096,5972,2021-06-28 18:27:27,52.319553,1
664,E-9,20.968029,5973,2021-06-28 18:27:26,52.272007,03
665,518,21.021893,5975,2021-06-28 18:27:22,52.230251,4
666,180,21.032152,5976,2021-06-28 18:27:25,52.206913,6
667,503,21.050194,5978,2021-06-28 18:27:21,52.14473,9
668,503,21.045362,5979,2021-06-28 18:27:27,52.181286,6
669,111,21.102322,5980,2021-06-28 18:27:27,52.222118,6
670,705,20.9695217,5981,2021-06-28 18:27:27,52.2698989, 
671,111,21.029003,5982,2021-06-28 18:27:24,52.233395,9
672,128,20.963467,5983,2021-06-28 18:27:27,52.20779,65
673,180,21.08357,5984,2021-06-28 18:27:22,52.16938,4
674,180,21.025101,5985,2021-06-28 18:27:22,52.220173,14
675,180,20.977489,5986,2021-06-28 18:27:25,52.244873,12
676,180,20.924965,5987,2021-06-28 18:27:26,52.272404,9
677,180,21.049688,5988,2021-06-28 18:27:24,52.203819,1
678,116,21.048195,5989,2021-06-28 18:27:25,52.189232,1
679,705,21.079124,5990,2021-06-28 18:27:22,52.461243,08
680,116,21.06802,5991,2021-06-28 18:27:23,52.170292,2
681,518,20.962082,5994,2021-06-28 18:27:23,52.315418,6
682,116,21.016514,5995,2021-06-28 18:27:23,52.240288,7
683,116,21.021738,5996,2021-06-28 18:27:25,52.230518,16
684,116,20.924927,5997,2021-06-28 18:27:26,52.272324,10
685,518,20.966009,5998,2021-06-28 18:27:23,52.273602,5
686,116,20.953117,5999,2021-06-28 18:27:25,52.276318,8
687,184,20.933401,6200,2021-06-28 18:27:26,52.288975,7
688,112,20.946543,6201,2021-06-28 18:27:22,52.27713,11
689,187,20.890015,6203,2021-06-28 18:27:26,52.193996,9
690,167,21.0604437,6204,2021-06-28 18:27:26,52.2126567,013
691,728,20.940557,6207,2021-06-28 18:27:22,52.172951,02
692,Z10,20.914663,6208,2021-06-28 18:27:25,52.235046,7
693,703,20.830399,6209,2021-06-28 18:27:23,52.055519,91
694,414,20.964088,6210,2021-06-28 18:27:25,52.20787,04
695,713,20.8340385,6212,2021-06-28 18:27:23,52.213716,3
696,414,20.959038,6213,2021-06-28 18:27:27,52.266998,03
697,184,20.962626,6214,2021-06-28 18:27:26,52.216648,5
698,191,20.951927,6215,2021-06-28 18:27:25,52.21199,6
699,105,20.8987902,6216,2021-06-28 18:27:25,52.2387789,7
700,167,21.0739231,6217,2021-06-28 18:27:26,52.2119887,1
701,105,20.908787,6218,2021-06-28 18:27:22,52.218281,010
702,136,21.0257452,6220,2021-06-28 18:27:25,52.1660971,4
703,189,20.8987512,6221,2021-06-28 18:27:26,52.2387531,13
704,187,21.013487,6222,2021-06-28 18:27:26,52.216934,5
705,105,20.958231,6223,2021-06-28 18:27:26,52.227886,4
706,517,20.867577,6224,2021-06-28 18:27:27,52.194767,6
707,717,20.8353082,6225,2021-06-28 18:27:26,52.193064,2
708,716,20.930542,6226,2021-06-28 18:27:26,52.225086,3
709,188,20.9882417,6227,2021-06-28 18:27:23,52.2154449,1
710,190,20.897114,6228,2021-06-28 18:27:26,52.228378,3
711,187,21.011576,6229,2021-06-28 18:27:25,52.217106,6
712,706,20.9181389,6231,2021-06-28 18:27:25,52.1518331,03
713,190,20.932962,6232,2021-06-28 18:27:24,52.240208,9
714,191,20.886715,6233,2021-06-28 18:27:25,52.189713,4
715,414,21.037693,6234,2021-06-28 18:27:26,52.288376,02
716,112,21.003897,6236,2021-06-28 18:27:25,52.2905917,10
717,114,20.984561,6237,2021-06-28 18:27:26,52.268566,4
718,728,20.8770367,6239,2021-06-28 18:27:26,52.0255389,1
719,414,21.0419632,6240,2021-06-28 18:27:23,52.3001037,01
720,517,20.861765,6241,2021-06-28 18:27:25,52.191036,5
721,182,20.965216,6242,2021-06-28 18:27:23,52.218155,7
722,706,20.9192994,6243,2021-06-28 18:27:25,52.1532826,2
723,L29,20.511496,65471,2021-06-28 18:27:21,52.260189,1
724,L-6,20.898104,66524,2021-06-28 18:27:26,52.258055,02
725,L-6,20.692984,66525,2021-06-28 18:27:24,52.233047,1
726,190,20.910165,7200,2021-06-28 18:27:25,52.2286767,10
727,189,21.068905,7201,2021-06-28 18:27:26,52.181385,6
728,112,21.040497,7202,2021-06-28 18:27:24,52.287621,019
729,141,21.04452,7203,2021-06-28 18:27:24,52.2217299,4
730,317,20.9229116,7204,2021-06-28 18:27:25,52.1966006,07
731,131,21.0051985,7205,2021-06-28 18:27:25,52.2289607,011
732,523,20.8982844,7206,2021-06-28 18:27:25,52.2585107,10
733,189,20.957191,7207,2021-06-28 18:27:26,52.190357,019
734,414,20.963623,7208,2021-06-28 18:27:25,52.207993,06
735,721,20.888537,7212,2021-06-28 18:27:25,52.1139355,02
736,112,20.920097,7213,2021-06-28 18:27:26,52.257587,5
737,191,20.910162,7214,2021-06-28 18:27:24,52.195,2
738,112,21.082321,7215,2021-06-28 18:27:25,52.304485,8
739,713,20.879854,7216,2021-06-28 18:27:25,52.216393,2
740,189,20.8966966,7219,2021-06-28 18:27:26,52.2384264,022
741,517,20.990677,7220,2021-06-28 18:27:25,52.225067,09
742,187,20.902477,7222,2021-06-28 18:27:26,52.19891,12
743,122,20.976395,7223,2021-06-28 18:27:25,52.289795,2
744,721,20.888903,7225,2021-06-28 18:27:25,52.101036,1
745,706,20.942444,7226,2021-06-28 18:27:25,52.175606,1
746,114,20.933355,7227,2021-06-28 18:27:22,52.295948,3
747,114,20.9256002,7228,2021-06-28 18:27:26,52.2726607,1
748,112,20.905462,7229,2021-06-28 18:27:26,52.197247,014
749,517,20.8681046,7230,2021-06-28 18:27:26,52.1935435,08
750,713,20.776464,7231,2021-06-28 18:27:25,52.210945,04
751,717,20.933228,7232,2021-06-28 18:27:26,52.199055,1
752,189,21.0352822,7233,2021-06-28 18:27:25,52.1735452,3
753,713,20.9302359,7234,2021-06-28 18:27:27,52.22486,1
754,187,20.862022,7235,2021-06-28 18:27:25,52.191013,10
755,184,20.92404,7237,2021-06-28 18:27:25,52.254311,6
756,141,21.084084,7238,2021-06-28 18:27:26,52.243477,5
757,189,20.914816,7239,2021-06-28 18:27:26,52.215366,16
758,184,20.927639,7240,2021-06-28 18:27:25,52.291004,8
759,317,21.084362,7241,2021-06-28 18:27:24,52.167912,5
760,141,20.943853,7242,2021-06-28 18:27:25,52.17561,1
761,523,20.932716,7243,2021-06-28 18:27:26,52.240246,9
762,401,21.026619,7244,2021-06-28 18:27:26,52.170368,3
763,187,20.9724676,7245,2021-06-28 18:27:25,52.2191439,7
764,190,20.9763124,7247,2021-06-28 18:27:25,52.237832,017
765,188,20.9735757,7248,2021-06-28 18:27:25,52.1705987,5
766,171,20.925098,7249,2021-06-28 18:27:27,52.27248,3
767,317,20.948032,7250,2021-06-28 18:27:25,52.180195,3
768,105,20.89958,7251,2021-06-28 18:27:26,52.23877,2
769,167,21.006046,7252,2021-06-28 18:27:24,52.212753,4
770,122,20.9855577,7254,2021-06-28 18:27:25,52.2696267,1
771,191,20.983831,7256,2021-06-28 18:27:26,52.218189,8
772,190,20.899576,7257,2021-06-28 18:27:26,52.239357,012
773,187,20.8621744,7258,2021-06-28 18:27:25,52.1908552,11
774,189,20.9141187,7259,2021-06-28 18:27:25,52.2290772,15
775,125,21.172668,7301,2021-06-28 18:27:26,52.208519,08
776,507,21.085865,7303,2021-06-28 18:27:27,52.225868,5
777,188,20.9914596,7304,2021-06-28 18:27:26,52.2163537,07
778,138,20.995068,7305,2021-06-28 18:27:25,52.170136,4
779,151,21.026043,7306,2021-06-28 18:27:26,52.219719,04
780,509,20.967131,7307,2021-06-28 18:27:26,52.319286,7
781,138,21.0949904,7308,2021-06-28 18:27:26,52.2654861,1
782,188,21.0781627,7310,2021-06-28 18:27:26,52.2353019,2
783,182,20.9933367,7312,2021-06-28 18:27:25,52.2165099,5
784,E-1,21.0427779,7314,2021-06-28 18:27:25,52.2443714,01
785,143,21.0842304,7315,2021-06-28 18:27:25,52.2437102,7
786,188,21.1220932,7316,2021-06-28 18:27:25,52.2433156,08
787,402,20.9923555,7317,2021-06-28 18:27:25,52.1769996,3
788,182,21.029403,7318,2021-06-28 18:27:26,52.2203157,4
789,182,21.0791184,7319,2021-06-28 18:27:26,52.2352267,3
790,411,21.1028822,7320,2021-06-28 18:27:26,52.2221296,01
791,182,20.9649367,7322,2021-06-28 18:27:26,52.2180657,8
792,E-1,21.1000374,7323,2021-06-28 18:27:26,52.2235007,02
793,138,21.0162691,7325,2021-06-28 18:27:26,52.2044762,3
794,141,21.073544,7326,2021-06-28 18:27:25,52.231861,6
795,E-1,21.102438,7327,2021-06-28 18:27:26,52.222023,03
796,182,21.1024709,7328,2021-06-28 18:27:24,52.2376811,1
797,523,20.9712509,7329,2021-06-28 18:27:25,52.2195352,017
798,171,20.954382,7330,2021-06-28 18:27:27,52.238247,5
799,162,21.0340666,7331,2021-06-28 18:27:25,52.2264334,013
800,141,21.0129581,7333,2021-06-28 18:27:26,52.1960487,8
801,116,20.992193,7334,2021-06-28 18:27:26,52.262466,69
802,110,20.881575,742,2021-06-28 18:27:27,52.299912,1
803,750,20.7225,745,2021-06-28 18:27:28,52.3936,07
804,250,20.90498,746,2021-06-28 18:27:28,52.295227,1
805,850,20.629578,749,2021-06-28 18:27:27,52.373165,2
806,150,20.93078,750,2021-06-28 18:27:22,52.292492,1
807,750,20.870333,755,2021-06-28 18:27:27,52.354771,2
808,110,20.968565,757,2021-06-28 18:27:25,52.272175,3
809,150,20.859703,758,2021-06-28 18:27:26,52.346092,2
810,750,20.913544,761,2021-06-28 18:27:26,52.320965,4
811,750,20.755007,762,2021-06-28 18:27:25,52.38987,1
812,850,20.872381,763,2021-06-28 18:27:26,52.346405,1
813,151,21.0182185,7701,2021-06-28 18:27:27,52.2175229,1
814,411,21.0501349,7702,2021-06-28 18:27:27,52.2256619,04
815,402,21.1432269,7703,2021-06-28 18:27:27,52.2373062,7
816,151,21.1005257,7704,2021-06-28 18:27:27,52.2307447,05
817,110,16.9775079,7715,2021-06-28 18:27:27,52.5461476,3
818,150,20.863788833,773,2021-06-28 18:27:22,52.3598,05
819,150,20.892853,774,2021-06-28 18:27:23,52.339085,3
820,250,20.86858,775,2021-06-28 18:27:25,52.332859,3
821,250,20.923544,776,2021-06-28 18:27:26,52.281372,2
822,750,20.9319475,777,2021-06-28 18:27:27,52.2933786,3
823,143,21.159831,8103,2021-06-28 18:27:17,52.2587795,011
824,167,20.9509296,8108,2021-06-28 18:27:22,52.2290298,8
825,217,21.0431536,8109,2021-06-28 18:27:24,52.1752918,2
826,174,21.018471,8110,2021-06-28 18:27:17,52.186405,010
827,136,20.9875438,8112,2021-06-28 18:27:25,52.2098876,014
828,709,21.0128648,8115,2021-06-28 18:27:19,52.0732515,8
829,174,21.0065075,8119,2021-06-28 18:27:23,52.211575,6
830,136,20.9650666,8120,2021-06-28 18:27:20,52.237228,7
831,143,20.996999,8121,2021-06-28 18:27:09,52.187758,09
832,504,21.0024805,8123,2021-06-28 18:27:20,52.1772485,3
833,165,20.9946015,8124,2021-06-28 18:27:24,52.1557795,4
834,727,20.978371,8125,2021-06-28 18:27:18,52.0460011,3
835,709,20.9895846,8126,2021-06-28 18:27:18,52.1831971,014
836,402,21.1361715,8130,2021-06-28 18:27:22,52.241348,5
837,136,21.021204,8131,2021-06-28 18:27:07,52.15896,012
838,148,21.0970485,8133,2021-06-28 18:27:26,52.2336213,5
839,402,21.019349,8134,2021-06-28 18:27:11,52.173336,9
840,167,21.0198656,8135,2021-06-28 18:27:18,52.2097348,9
841,162,21.0377071,8136,2021-06-28 18:27:20,52.2433266,08
842,162,21.033159,8137,2021-06-28 18:27:27,52.201343,011
843,162,21.02739,8138,2021-06-28 18:27:25,52.2596593,7
844,136,21.0560131,8139,2021-06-28 18:27:16,52.147569,016
845,168,21.020755,8140,2021-06-28 18:27:19,52.209751,4
846,504,21.0085405,8143,2021-06-28 18:27:21,52.1701956,011
847,504,21.0446295,8144,2021-06-28 18:27:19,52.1428135,4
848,709,21.0215966,8145,2021-06-28 18:27:23,52.079893,011
849,727,21.0179245,8146,2021-06-28 18:27:24,52.144311,2
850,148,21.049978,8148,2021-06-28 18:27:22,52.195203,6
851,709,21.0177826,8152,2021-06-28 18:27:21,52.1322693,1
852,217,21.0766955,8153,2021-06-28 18:27:23,52.156965,1
853,136,20.9655556,8154,2021-06-28 18:27:17,52.2380485,8
854,131,21.0156523,8155,2021-06-28 18:27:23,52.2165251,9
855,709,21.0187191,8156,2021-06-28 18:27:17,52.1118776,6
856,308,21.001306,8158,2021-06-28 18:27:22,52.1888208,01
857,136,21.0009925,8160,2021-06-28 18:27:22,52.1888571,5
858,504,21.004258,8162,2021-06-28 18:27:22,52.2295215,1
859,709,21.018096,8164,2021-06-28 18:27:25,52.1233356,9
860,331,20.9957355,8165,2021-06-28 18:27:23,52.1868468,03
861,148,21.0871408,8167,2021-06-28 18:27:22,52.2448078,4
862,218,21.0054323,8168,2021-06-28 18:27:24,52.1779501,3
863,504,21.0687186,8169,2021-06-28 18:27:24,52.1289275,5
864,131,21.0084748,8170,2021-06-28 18:26:42,52.2292246,1
865,167,20.975045,8172,2021-06-28 18:27:25,52.211691,010
866,143,21.03329,8173,2021-06-28 18:27:16,52.22135,010
867,218,21.0024535,8174,2021-06-28 18:27:26,52.1805985,1
868,727,20.9629878,8175,2021-06-28 18:27:16,52.0411925,4
869,709,21.0244063,8176,2021-06-28 18:27:19,52.179912,3
870,143,21.0068308,8177,2021-06-28 18:27:18,52.2170681,5
871,138,21.0468275,8178,2021-06-28 18:27:14,52.2478286,7
872,709,21.012973,8181,2021-06-28 18:27:23,52.0723,7
873,136,21.0557766,8182,2021-06-28 18:27:16,52.147463,2
874,218,21.018158,8183,2021-06-28 18:27:09,52.189176,4
875,131,21.0204826,8184,2021-06-28 18:27:18,52.2110373,6
876,143,21.1239098,8185,2021-06-28 18:27:21,52.2357718,8
877,217,21.0235153,8187,2021-06-28 18:27:18,52.1798041,4
878,185,21.044971,8188,2021-06-28 18:27:19,52.14943,9
879,504,21.0176233,8189,2021-06-28 18:27:22,52.1530636,7
880,709,21.0178576,8190,2021-06-28 18:27:22,52.1422428,5
881,131,21.064832,8192,2021-06-28 18:27:22,52.1860503,4
882,504,20.9862493,8195,2021-06-28 18:27:15,52.2046381,2
883,504,20.9894893,8196,2021-06-28 18:27:19,52.223985,013
884,218,21.0238075,8197,2021-06-28 18:27:20,52.1798626,2
885,331,20.9970465,8198,2021-06-28 18:27:19,52.1875891,02
886,174,20.995285,8199,2021-06-28 18:27:21,52.1702295,4
887,402,21.0463088,8201,2021-06-28 18:27:18,52.1901436,4
888,151,21.115749,8202,2021-06-28 10:44:07,52.233741,05
889,151,21.1175305,8204,2021-06-28 10:20:01,52.2338373,06
890,151,21.042923,8208,2021-06-28 18:27:24,52.224116,2
891,521,20.963818,8214,2021-06-28 18:27:18,52.207886,1
892,125,21.1934888,8216,2021-06-28 18:27:25,52.2074318,2
893,182,21.0124826,8218,2021-06-28 18:27:17,52.2170056,013
894,509,21.101506,8220,2021-06-28 18:27:20,52.223098,023
895,182,21.103506,8222,2021-06-28 18:27:13,52.2374,2
896,509,21.0433796,8223,2021-06-28 18:27:21,52.2491038,024
897,151,21.083333,8225,2021-06-28 18:27:22,52.230351,06
898,509,21.04738,8228,2021-06-28 18:27:24,52.247243,10
899,521,20.9795663,8229,2021-06-28 18:27:21,52.2147921,2
900,523,20.912829,8231,2021-06-28 18:27:16,52.251666,021
901,162,21.0361593,8233,2021-06-28 18:27:23,52.2531463,014
902,145,21.026973,8300,2021-06-28 18:27:21,52.28731,2
903,145,21.1281991,8301,2021-06-28 18:27:21,52.253565,9
904,509,20.985504,8303,2021-06-28 18:27:05,52.306143,3
905,171,21.008806,8304,2021-06-28 18:27:18,52.2348788,010
906,509,21.116975,8305,2021-06-28 09:25:27,52.233583,022
907,117,21.0052041,8306,2021-06-28 18:27:17,52.2296025,3
908,116,21.0628793,8309,2021-06-28 18:27:21,52.1749441,4
909,141,20.961144,8310,2021-06-28 18:27:09,52.189216,2
910,168,20.9956596,8311,2021-06-28 18:27:21,52.192877,3
911,151,21.0358078,8312,2021-06-28 18:27:15,52.2218776,3
912,720,21.264057,8313,2021-06-28 18:27:25,52.2075396,02
913,162,21.0472941,8314,2021-06-28 18:27:19,52.2123211,2
914,117,21.058289,8315,2021-06-28 18:27:25,52.22849,06
915,521,21.204781,8318,2021-06-28 18:27:25,52.1593533,4
916,185,21.02194,8319,2021-06-28 18:27:17,52.142436,11
917,151,21.116836,8320,2021-06-28 09:58:49,52.233566,04
918,162,21.0522778,8322,2021-06-28 18:27:25,52.1964486,5
919,509,21.0221226,8323,2021-06-28 18:27:22,52.2623923,9
920,148,21.0303773,8324,2021-06-28 18:27:22,52.1501423,7
921,143,21.1771006,8326,2021-06-28 18:27:20,52.256974,1
922,145,21.0001648,8328,2021-06-28 18:27:24,52.2913376,1
923,507,21.0052666,8329,2021-06-28 18:27:22,52.2295906,08
924,148,21.046851,8330,2021-06-28 18:27:17,52.1900386,2
925,145,21.0882838,8332,2021-06-28 18:27:19,52.244759,7
926,523,20.948843,8333,2021-06-28 18:27:25,52.2387478,12
927,148,21.098504,8334,2021-06-28 18:27:27,52.223676,3
928,145,21.1267398,8335,2021-06-28 18:27:25,52.2589023,014
929,143,21.1282515,8337,2021-06-28 18:27:23,52.2345521,2
930,125,21.0568015,8340,2021-06-28 18:27:27,52.2469128,4
931,523,21.0327098,8341,2021-06-28 18:27:22,52.2210876,5
932,507,21.0366067,8342,2021-06-28 18:27:20,52.2351783,1
933,171,20.928498,8343,2021-06-28 18:27:17,52.271418,09
934,502,21.1551733,8344,2021-06-28 18:27:14,52.2260067,1
935,507,21.1024383,8345,2021-06-28 18:27:26,52.221985,3
936,145,21.0315867,8348,2021-06-28 18:27:23,52.2886017,3
937,507,21.050644,8349,2021-06-28 18:27:17,52.23778,6
938,145,21.031846,8350,2021-06-28 18:27:23,52.288708,012
939,507,21.1021617,8351,2021-06-28 18:27:13,52.2220517,4
940,502,21.08143,8352,2021-06-28 18:27:12,52.2357783,4
941,523,21.082568,8353,2021-06-28 18:27:18,52.240825,2
942,502,21.033146,8354,2021-06-28 18:27:21,52.22124,011
943,523,20.955974,8356,2021-06-28 18:27:09,52.231974,8
944,514,21.015399,8358,2021-06-28 18:27:23,52.219083,3
945,523,21.106848,8359,2021-06-28 18:27:23,52.247973,3
946,507,21.010566,8360,2021-06-28 18:27:21,52.229588,7
947,202,21.0702283,8361,2021-06-28 18:27:20,52.25035,1
948,502,21.0157717,8362,2021-06-28 18:27:26,52.2223017,2
949,188,20.974405,8363,2021-06-28 18:27:18,52.169321,6
950,138,21.004774,8364,2021-06-28 18:27:14,52.202321,6
951,514,21.243755,8365,2021-06-28 18:27:16,52.2485817,1
952,523,21.107513,8366,2021-06-28 18:27:11,52.249048,4
953,502,21.230425,8368,2021-06-28 18:27:07,52.216521,5
954,145,21.118263,8398,2021-06-28 18:27:12,52.234356,013
955,402,21.0446865,8403,2021-06-28 18:27:19,52.1771041,011
956,521,21.1235286,8408,2021-06-28 18:27:20,52.23574,07
957,143,21.1211658,8410,2021-06-28 18:27:17,52.2367088,012
958,523,20.9621846,8414,2021-06-28 18:27:22,52.216968,13
959,148,21.0371093,8417,2021-06-28 18:27:20,52.14619,9
960,148,20.977018,8430,2021-06-28 18:27:24,52.1681615,010
961,162,21.0342373,8437,2021-06-28 18:27:21,52.225873,012
962,125,21.196545,8438,2021-06-28 18:27:23,52.208343,1
963,162,21.034243,8440,2021-06-28 18:27:22,52.257815,015
964,145,21.1285951,8441,2021-06-28 18:27:25,52.2348859,6
965,269,21.042078,8442,2021-06-28 18:27:26,52.300484,01
966,723,21.0008541,8443,2021-06-28 18:27:26,52.2913194,2
967,114,21.025301,8445,2021-06-28 18:27:26,52.286942,5
968,120,21.0509504,8446,2021-06-28 18:27:25,52.2525419,6
969,731,20.924061,8447,2021-06-28 18:27:26,52.383907,3
970,160,21.055128,8448,2021-06-28 18:27:26,52.2966864,1
971,132,21.050589,8449,2021-06-28 18:27:26,52.316715,04
972,412,21.0911,8450,2021-06-28 18:27:26,52.306,052
973,112,21.04212,8451,2021-06-28 18:27:26,52.296185,6
974,527,21.0523462,8452,2021-06-28 18:27:25,52.2932207,06
975,160,21.0479082,8453,2021-06-28 18:27:25,52.2859735,014
976,160,21.0027182,8454,2021-06-28 18:27:24,52.2293221,4
977,160,21.06019,8455,2021-06-28 18:27:27,52.31226,6
978,132,20.998976,8457,2021-06-28 18:27:25,52.288857,08
979,527,21.0483715,8458,2021-06-28 18:27:26,52.2763242,055
980,Z26,20.994444,8459,2021-06-28 18:27:24,52.242359,3
981,412,21.038279,8460,2021-06-28 18:27:26,52.251999,053
982,120,21.0589272,8461,2021-06-28 18:27:26,52.3016492,4
983,414,20.9623885,8462,2021-06-28 18:27:25,52.2160689,05
984,511,20.954332,8463,2021-06-28 18:27:26,52.340874,05
985,509,21.018347,8465,2021-06-28 18:27:26,52.269508,2
986,136,21.033528,8500,2021-06-28 18:27:14,52.149986,3
987,501,21.0156517,8501,2021-06-28 18:27:16,52.219805,06
988,138,21.1005617,8502,2021-06-28 18:27:18,52.26066,9
989,189,21.06875,8503,2021-06-28 18:27:18,52.181458,5
990,522,21.0801483,8504,2021-06-28 18:27:26,52.1576217,4
991,401,21.00282,8505,2021-06-28 18:27:25,52.178285,2
992,131,21.078348,8506,2021-06-28 18:27:10,52.174475,7
993,501,21.0542733,8507,2021-06-28 18:27:11,52.1830717,4
994,138,21.0261917,8508,2021-06-28 18:27:19,52.21947,2
995,189,20.94207,8509,2021-06-28 18:27:11,52.1934767,1
996,501,21.002718,8510,2021-06-28 18:27:22,52.229176,1
997,189,20.9762467,8511,2021-06-28 18:27:23,52.1844417,027
998,Z26,21.03425,8512,2021-06-28 18:27:18,52.2544167,4
999,186,20.967268,8513,2021-06-28 18:27:21,52.273266,013
1000,733,20.810784,8514,2021-06-28 18:27:22,52.031428,01
1001,Z26,20.972124,8515,2021-06-28 18:27:13,52.236646,7
1002,522,21.048518,8516,2021-06-28 18:27:09,52.188798,2
1003,141,20.9441967,8517,2021-06-28 18:27:22,52.1754433,10
1004,519,21.084733,8519,2021-06-28 18:27:24,52.166629,7
1005,519,21.077296,8520,2021-06-28 18:27:09,52.167756,1
1006,186,20.953365,8522,2021-06-28 18:27:19,52.262798,10
1007,733,20.906195,8523,2021-06-28 18:27:23,52.1628767,62
1008,522,21.0151867,8525,2021-06-28 18:27:12,52.2182333,011
1009,172,21.062813,8526,2021-06-28 18:27:13,52.186371,63
1010,172,20.972874,8528,2021-06-28 18:27:26,52.218518,5
1011,308,21.0017333,8530,2021-06-28 18:27:18,52.1883583,02
1012,172,21.068375,8532,2021-06-28 18:27:18,52.1828617,1
1013,Z26,20.9744667,8533,2021-06-28 18:27:18,52.2355783,2
1014,138,20.9956733,8534,2021-06-28 18:27:15,52.170195,5
1015,522,21.015508,8535,2021-06-28 18:27:02,52.22057,1
1016,172,20.955594,8536,2021-06-28 18:27:11,52.211843,6
1017,522,21.06783,8537,2021-06-28 18:27:22,52.169901,5
1018,709,21.022345,8539,2021-06-28 18:27:16,52.179594,4
1019,172,20.984694,8540,2021-06-28 18:27:27,52.200881,8
1020,185,21.003618,8541,2021-06-28 18:27:07,52.26554,6
1021,172,21.0259183,8543,2021-06-28 18:27:13,52.1997983,9
1022,519,21.0026417,8544,2021-06-28 18:27:26,52.22929,4
1023,522,21.02476,8546,2021-06-28 18:27:06,52.211043,012
1024,522,21.029789,8547,2021-06-28 18:27:25,52.206968,6
1025,402,21.099561,8548,2021-06-28 18:27:23,52.218836,010
1026,186,20.944951,8549,2021-06-28 18:27:05,52.322116,015
1027,186,20.963825,8550,2021-06-28 18:27:15,52.2078083,016
1028,709,21.018374,8551,2021-06-28 18:27:14,52.110694,10
1029,136,20.988961,8552,2021-06-28 18:27:20,52.185391,10
1030,Z26,21.0150133,8555,2021-06-28 18:27:14,52.2467617,5
1031,519,21.031123,8556,2021-06-28 18:27:22,52.206375,6
1032,Z26,21.0351283,8558,2021-06-28 18:27:13,52.2559267,08
1033,217,21.0702533,8559,2021-06-28 18:27:17,52.1644517,06
1034,519,21.09271,8560,2021-06-28 18:27:23,52.116766,2
1035,411,21.098536,8561,2021-06-28 18:27:09,52.223675,02
1036,521,21.204464,8562,2021-06-28 18:27:08,52.159356,09
1037,402,20.993269,8563,2021-06-28 18:27:24,52.178781,2
1038,521,21.188931,8564,2021-06-28 18:27:12,52.183483,08
1039,502,21.1841483,8565,2021-06-28 18:27:21,52.2251983,014
1040,502,21.229243,8566,2021-06-28 18:27:06,52.216603,6
1041,402,21.0114067,8567,2021-06-28 18:27:23,52.1745633,014
1042,509,20.9421483,8568,2021-06-28 18:27:18,52.3338083,021
1043,171,20.9174783,8569,2021-06-28 18:27:26,52.260315,2
1044,411,21.017553,8571,2021-06-28 18:27:20,52.217444,03
1045,E-1,21.038735,8572,2021-06-28 18:27:19,52.2429017,04
1046,202,21.08579,8573,2021-06-28 18:27:16,52.250285,2
1047,411,21.115896,8574,2021-06-28 10:20:57,52.233514,01
1048,720,21.2609917,8576,2021-06-28 18:27:18,52.210895,1
1049,162,21.085045,8578,2021-06-28 18:27:23,52.193455,4
1050,125,21.048465,8579,2021-06-28 18:27:20,52.247561,09
1051,731,20.9309283,8583,2021-06-28 18:27:26,52.3946633,5
1052,269,21.0446783,8584,2021-06-28 18:27:23,52.27865,02
1053,269,21.051175,8585,2021-06-28 18:27:21,52.2694217,03
1054,514,21.0936233,8586,2021-06-28 18:27:20,52.235105,2
1055,523,21.115558,8587,2021-06-28 08:55:25,52.233753,3
1056,145,21.0481749,8588,2021-06-28 18:27:19,52.2874066,016
1057,514,21.1320033,8589,2021-06-28 18:27:24,52.2392933,4
1058,502,21.015606,8590,2021-06-28 18:27:21,52.218256,3
1059,507,21.0843883,8592,2021-06-28 18:27:16,52.22601,2
1060,145,21.113761,8593,2021-06-28 18:27:15,52.279546,10
1061,138,21.0850183,8595,2021-06-28 18:27:20,52.2605433,8
1062,186,20.9936096,8801,2021-06-28 18:27:22,52.2991911,11
1063,185,21.0566288,8802,2021-06-28 18:27:12,52.1823456,1
1064,727,21.0173875,8803,2021-06-28 18:27:15,52.151876,1
1065,217,21.0243491,8804,2021-06-28 18:27:25,52.1795586,3
1066,185,20.9756811,8805,2021-06-28 18:27:22,52.2896508,4
1067,402,21.0836916,8806,2021-06-28 18:27:19,52.2068351,8
1068,131,21.0687813,8808,2021-06-28 18:27:21,52.1814378,3
1069,709,21.0213761,8809,2021-06-28 18:27:23,52.1784105,2
1070,174,20.9987491,8810,2021-06-28 18:27:22,52.2328371,1
1071,165,21.0210149,8811,2021-06-28 18:27:22,52.1793706,3
1072,167,21.011093,8812,2021-06-28 18:27:25,52.2008463,011
1073,402,20.9935661,8813,2021-06-28 18:27:23,52.1790206,1
1074,167,21.082848,8814,2021-06-28 18:27:23,52.208269,2
1075,167,21.0361121,8816,2021-06-28 18:27:22,52.2067288,3
1076,308,20.995989,8817,2021-06-28 18:27:19,52.188061,03
1077,504,20.982973,8818,2021-06-28 18:27:15,52.196083,9
1078,331,20.9969928,8819,2021-06-28 18:27:23,52.1877353,04
1079,522,21.078399,8820,2021-06-28 18:27:20,52.157166,014
1080,174,20.9964405,8821,2021-06-28 18:27:19,52.1859256,08
1081,174,20.9963975,8822,2021-06-28 18:27:25,52.169855,5
1082,522,21.0505658,8823,2021-06-28 18:27:22,52.1865686,015
1083,167,20.9582218,8824,2021-06-28 18:27:21,52.224254,6
1084,709,21.018841,8825,2021-06-28 18:27:24,52.091619,012
1085,504,21.0022655,8826,2021-06-28 18:27:18,52.1764066,8
1086,143,21.0167875,8828,2021-06-28 18:27:24,52.2172073,4
1087,509,20.9469986,8829,2021-06-28 18:27:20,52.3211263,4
1088,523,20.8981891,8830,2021-06-28 18:27:27,52.2584285,11
1089,125,21.0411043,8831,2021-06-28 18:27:19,52.2414028,5
1090,171,21.0433978,8832,2021-06-28 18:27:21,52.222832,7
1091,141,20.9642138,8833,2021-06-28 18:27:16,52.1882,9
1092,704,21.140766,8834,2021-06-28 18:27:22,52.2280831,2
1093,521,21.1847351,8835,2021-06-28 18:27:17,52.1877255,5
1094,182,20.9672143,8837,2021-06-28 18:27:23,52.2181963,6
1095,182,21.0137446,8838,2021-06-28 18:27:18,52.2172621,010
1096,704,21.263736,8839,2021-06-28 18:26:51,52.222301,1
1097,185,20.975821,8840,2021-06-28 18:27:09,52.289628,5
1098,125,21.1034798,8841,2021-06-28 18:27:15,52.2421591,6
1099,521,21.1277421,8843,2021-06-28 18:27:26,52.2339105,3
1100,185,21.043888,8844,2021-06-28 18:27:21,52.223531,2
1101,402,21.0761281,8845,2021-06-28 18:27:18,52.2040778,013
1102,143,21.082243,8846,2021-06-28 18:27:21,52.2401006,3
1103,143,21.0062511,8847,2021-06-28 18:27:22,52.2168108,6
1104,125,21.123355,8849,2021-06-28 18:27:24,52.235863,3
1105,521,21.0194036,8850,2021-06-28 18:27:19,52.2315645,6
1106,523,20.9121978,8851,2021-06-28 18:27:08,52.251367,019
1107,141,21.0140903,8852,2021-06-28 18:27:18,52.1961301,3
1108,125,21.164558,8853,2021-06-28 18:27:16,52.2172795,7
1109,509,20.9845315,8854,2021-06-28 18:27:22,52.3073206,8
1110,402,21.155713,8855,2021-06-28 18:27:24,52.2402491,6
1111,512,21.0409601,8856,2021-06-28 18:27:20,52.2572713,1
1112,509,21.102353,8857,2021-06-28 18:27:12,52.221895,12
1113,169,21.0476215,8858,2021-06-28 18:27:19,52.2866586,1
1114,112,20.9137941,8859,2021-06-28 18:27:23,52.2368608,4
1115,512,21.04058,8861,2021-06-28 18:27:18,52.2573625,4
1116,412,21.0412071,8862,2021-06-28 18:27:25,52.2500305,04
1117,738,21.0609421,8864,2021-06-28 18:27:22,52.2736388,05
1118,500,21.0459893,8865,2021-06-28 10:43:17,52.2651186,08
1119,169,21.041924,8866,2021-06-28 18:27:25,52.300119,5
1120,162,21.0272765,8867,2021-06-28 18:27:22,52.2597543,1
1121,190,20.988236,8868,2021-06-28 18:27:12,52.240059,5
1122,190,21.040478,8869,2021-06-28 18:27:16,52.257083,023
1123,190,20.9915271,8871,2021-06-28 18:27:24,52.2440741,025
1124,190,21.0261588,8872,2021-06-28 18:27:18,52.2510633,026
1125,738,21.1813881,8873,2021-06-28 18:27:21,52.4172001,06
1126,500,21.047681,8874,2021-06-28 18:27:20,52.285139,3
1127,190,20.9689838,8875,2021-06-28 18:27:18,52.2368493,4
1128,162,21.0850183,8876,2021-06-28 18:27:17,52.193254,3
1129,512,21.070737,8878,2021-06-28 18:27:22,52.2901355,06
1130,509,21.0297893,8879,2021-06-28 18:27:22,52.2559911,1
1131,709,20.996574,8880,2021-06-25 18:58:33,52.18762,016
1132,186,20.9690736,8881,2021-06-28 18:27:17,52.2136201,014
1133,165,20.992322,8882,2021-06-28 18:27:16,52.159773,2
1134,128,20.9636725,8883,2021-06-28 18:27:25,52.2077426,64
1135,180,21.047991,8885,2021-06-28 18:27:18,52.207046,5
1136,167,20.960428,8886,2021-06-28 18:27:11,52.216563,5
1137,189,20.8990516,8887,2021-06-28 18:27:21,52.2386936,021
1138,175,21.0128255,8888,2021-06-28 18:27:19,52.2430603,61
1139,504,21.049718,8891,2021-06-28 18:27:25,52.137021,012
1140,165,21.024264,8892,2021-06-28 18:27:16,52.179789,1
1141,116,21.083801,8893,2021-06-28 18:27:23,52.16823,53
1142,217,21.024593,8894,2021-06-28 18:27:16,52.179194,05
1143,136,20.9568121,8895,2021-06-28 18:27:23,52.2307365,015
1144,174,21.014652,8896,2021-06-28 18:27:17,52.1937695,07
1145,180,21.083988,8897,2021-06-28 18:27:23,52.1676946,015
1146,167,20.933695,8898,2021-06-28 18:27:18,52.234104,7
1147,504,21.068554,8899,2021-06-28 18:27:13,52.129208,6
1148,161,21.197073,9061,2021-06-28 18:27:27,52.183338,2
1149,161,21.202469,9063,2021-06-28 18:27:23,52.169952,3
1150,262,21.070761,9064,2021-06-28 18:27:23,52.280121,03
1151,314,20.978533,9065,2021-06-28 18:27:23,52.311607,04
1152,314,21.017784,9066,2021-06-28 18:27:24,52.30608,02
1153,104,21.031807,9068,2021-06-28 18:27:26,52.300579,2
1154,161,21.224791,9070,2021-06-28 18:27:22,52.186661,1
1155,225,21.136316,9071,2021-06-28 18:27:27,52.259521,2
1156,225,21.135145,9074,2021-06-28 18:27:27,52.242538,4
1157,225,21.102499,9075,2021-06-28 18:27:25,52.222775,3
1158,211,20.962175,9077,2021-06-28 18:27:24,52.315273,08
1159,314,20.952812,9078,2021-06-28 18:27:27,52.317329,01
1160,104,21.000235,9081,2021-06-28 18:27:25,52.291485,1
1161,314,21.036715,9082,2021-06-28 18:27:26,52.35667,03
1162,262,21.060888,9083,2021-06-28 18:27:23,52.27372,2
1163,225,21.157547,9088,2021-06-28 18:27:26,52.27301,1
1164,211,20.9874685,9090,2021-06-28 18:27:28,52.3026972,2
1165,211,20.990004,9091,2021-06-28 18:27:26,52.302605,07
1166,305,21.173733,9093,2021-06-28 18:27:26,52.218754,1
1167,900,20.952446,9094,2021-06-28 18:27:25,52.343895,1
1168,133,20.982401,9201,2021-06-28 18:27:27,52.355438,2
1169,164,21.138243,9203,2021-06-28 18:27:18,52.145946,05
1170,239,21.037802,9205,2021-06-28 18:27:25,52.15414,51
1171,209,21.037582,9206,2021-06-28 18:27:27,52.153717,52
1172,209,20.98106,9208,2021-06-28 18:27:19,52.13282,54
1173,211,20.953102,9209,2021-06-28 18:27:23,52.331699,4
1174,177,20.882814,9210,2021-06-28 18:27:25,52.197285,3
1175,809,21.031006,9212,2021-06-28 18:27:25,52.154011,53
1176,211,20.945815,9213,2021-06-28 18:27:23,52.349881,6
1177,219,21.144863,9215,2021-06-28 18:27:24,52.186604,3
1178,208,20.975565,9216,2021-06-28 18:27:26,52.210234,1
1179,234,21.050722,9217,2021-06-28 18:27:22,52.340034,1
1180,209,21.024988,9218,2021-06-28 18:27:27,52.143818,057
1181,234,21.014105,9219,2021-06-28 18:27:23,52.310337,2
1182,203,20.929106,9220,2021-06-28 18:27:25,52.29303,1
1183,211,20.948063,9223,2021-06-28 18:27:25,52.332073,1
1184,201,20.943577,9224,2021-06-28 18:27:23,52.245113,3
1185,208,20.972935,9225,2021-06-28 18:27:24,52.207207,04
1186,208,20.948133,9226,2021-06-28 18:27:24,52.209049,05
1187,208,20.969194,9227,2021-06-28 18:27:26,52.213627,2
1188,219,21.168636,9228,2021-06-28 18:27:26,52.199257,2
1189,219,21.100838,9229,2021-06-28 18:27:20,52.223236,1
1190,201,20.926487,9230,2021-06-28 18:27:21,52.234066,2
1191,809,20.979528,9232,2021-06-28 18:27:26,52.122761,056
1192,264,21.083874,9233,2021-06-28 18:27:23,52.167919,1
1193,203,20.914921,9234,2021-06-28 18:27:25,52.273407,2
1194,201,20.92518,9235,2021-06-28 18:27:20,52.260674,5
1195,201,20.924934,9236,2021-06-28 18:27:26,52.260509,4
1196,239,21.015678,9237,2021-06-28 18:27:24,52.153294,055
1197,207,20.870485,9239,2021-06-28 18:27:26,52.183323,02
1198,177,20.885572,9240,2021-06-28 18:27:26,52.18298,1
1199,133,20.952328,9241,2021-06-28 18:27:24,52.316936,3
1200,211,20.943317,9243,2021-06-28 18:27:24,52.345341,5
1201,207,20.885319,9244,2021-06-28 18:27:24,52.194916,01
1202,211,20.961794,9245,2021-06-28 18:27:23,52.314816,3
1203,164,21.107705,9246,2021-06-28 18:27:23,52.163094,04
1204,201,20.939074,9247,2021-06-28 18:27:24,52.246334,1
1205,177,20.883734,9248,2021-06-28 18:27:26,52.205669,2
1206,164,21.059469,9250,2021-06-28 18:27:20,52.184044,3
1207,164,21.082384,9251,2021-06-28 18:27:23,52.166451,2
1208,164,21.138145,9252,2021-06-28 18:27:26,52.145855,1
1209,211,20.941465,9254,2021-06-28 18:27:19,52.355377,09
1210,199,21.0529,9301,2021-06-28 18:27:19,52.276505,06
1211,739,21.023968,9302,2021-06-28 18:27:19,52.17992,2
1212,739,21.041739,9304,2021-06-28 18:27:27,52.097176,3
1213,179,21.056681,9311,2021-06-28 17:27:25,52.13113,10
1214,123,21.095814,9312,2021-06-28 18:27:20,52.231667,08
1215,179,21.064854,9313,2021-06-28 18:27:23,52.143696,11
1216,153,21.171303,9314,2021-06-28 18:27:25,52.279163,2
1217,179,21.037539,9315,2021-06-28 18:27:27,52.153088,2
1218,135,21.084848,9316,2021-06-28 18:27:23,52.23064,3
1219,135,21.029783,9317,2021-06-28 18:27:25,52.260563,6
1220,135,21.048952,9318,2021-06-28 18:27:23,52.247688,2
1221,135,21.039133,9319,2021-06-28 18:27:24,52.26704,1
1222,179,21.037138,9320,2021-06-28 18:27:24,52.162083,4
1223,179,21.021503,9321,2021-06-28 18:27:27,52.156128,5
1224,123,21.099535,9322,2021-06-28 18:27:22,52.238018,5
1225,135,21.107105,9323,2021-06-28 18:27:27,52.248348,07
1226,179,21.068579,9324,2021-06-28 18:27:23,52.128899,9
1227,179,21.037149,9325,2021-06-28 18:27:24,52.145977,51
1228,256,21.066572,9326,2021-06-28 18:27:21,52.313637,2
1229,142,21.2134,9327,2021-06-28 18:27:26,52.16135,3
1230,179,21.057375,9328,2021-06-28 18:27:23,52.139706,8
1231,153,21.163063,9329,2021-06-28 18:27:24,52.274899,04
1232,123,21.0773959,9331,2021-06-28 09:44:24,52.2687066,07
1233,123,21.077486,9332,2021-06-28 15:39:21,52.268074,08
1234,142,21.086594,9333,2021-06-28 18:27:23,52.244778,5
1235,739,21.017584,9334,2021-06-28 18:27:28,52.14307,1
1236,153,21.173321,9335,2021-06-28 18:27:26,52.256901,3
1237,135,21.08053,9336,2021-06-28 18:27:19,52.24165,5
1238,739,21.0771987,9337,2021-06-28 16:56:14,52.2682345,2
1239,179,21.032015,9338,2021-06-28 18:27:25,52.149036,6
1240,256,21.069155,9339,2021-06-28 18:27:25,52.272255,1
1241,153,21.175774,9340,2021-06-28 18:27:25,52.256771,1
1242,142,21.13438,9341,2021-06-28 18:27:25,52.218273,4
1243,739,21.051258,9342,2021-06-28 18:27:26,52.093067,4
1244,256,21.045576,9343,2021-06-28 18:27:22,52.276157,4
1245,135,21.035347,9344,2021-06-28 18:27:23,52.251503,08
1246,739,21.01882,9345,2021-06-28 18:27:24,52.098331,05
1247,179,21.045563,9346,2021-06-28 18:27:19,52.150082,7
1248,135,21.099602,9347,2021-06-28 18:27:23,52.238297,4
1249,123,21.053785,9348,2021-06-28 18:27:26,52.250515,09
1250,179,21.028221,9349,2021-06-28 18:27:21,52.162048,3
1251,123,21.050535,9350,2021-06-28 18:27:20,52.252468,357
1252,142,21.14057,9351,2021-06-28 18:27:20,52.225098,1
1253,123,21.083668,9352,2021-06-28 18:27:25,52.225342,6
1254,739,21.024132,9353,2021-06-28 18:27:22,52.179913,06
1255,123,21.047365,9354,2021-06-28 18:26:38,52.247543,07
1256,199,21.179813,9355,2021-06-28 18:27:22,52.269093,05
1257,256,21.077688,9356,2021-06-28 18:27:24,52.322445,3
1258,142,21.221052,9357,2021-06-28 18:27:18,52.162373,2
1259,142,21.077633,9358,2021-06-28 16:02:28,52.267822,4
1260,256,21.080902,9359,2021-06-28 18:27:27,52.277378,5
1261,176,20.990807,9403,2021-06-28 18:27:26,52.327854,1
1262,176,20.98222,9405,2021-06-28 18:27:24,52.355675,05
1263,176,20.982246,9412,2021-06-28 18:27:24,52.355598,3
1264,197,20.931059,9413,2021-06-28 18:27:26,52.225033,012
1265,197,20.949982,9414,2021-06-28 18:27:27,52.280655,014
1266,102,21.049873,9416,2021-06-28 18:27:27,52.237953,3
1267,157,20.99519,9417,2021-06-28 18:27:26,52.227589,7
1268,712,20.91267,9418,2021-06-28 18:27:26,52.283543,02
1269,516,21.000977,9420,2021-06-28 18:27:27,52.291172,5
1270,157,20.993462,9423,2021-06-28 18:27:26,52.226086,1
1271,103,20.966183,9424,2021-06-28 18:27:20,52.243248,4
1272,123,21.050671,9425,2021-06-28 18:27:26,52.252529,1
1273,157,20.976376,9426,2021-06-28 18:27:24,52.289917,3
1274,157,20.976591,9427,2021-06-28 18:27:27,52.289917,4
1275,157,20.963966,9428,2021-06-28 18:27:23,52.207966,9
1276,103,20.926985,9429,2021-06-28 18:27:22,52.290112,6
1277,157,20.963743,9432,2021-06-28 18:27:22,52.208019,10
1278,743,20.692448,9433,2021-06-28 18:27:24,52.219891,02
1279,176,21.032101,9434,2021-06-28 18:27:26,52.282516,04
1280,516,21.000788,9435,2021-06-28 18:27:24,52.291119,1
1281,157,20.984579,9436,2021-06-28 18:27:27,52.270893,2
1282,157,20.982281,9437,2021-06-28 18:27:25,52.250355,6
1283,197,20.930336,9438,2021-06-28 18:27:25,52.225342,011
1284,197,20.939142,9439,2021-06-28 18:27:18,52.246189,016
1285,516,20.942026,9440,2021-06-28 18:27:26,52.334171,3
1286,123,21.063164,9441,2021-06-28 18:27:24,52.228611,3
1287,103,20.947203,9442,2021-06-28 18:27:25,52.264622,5
1288,102,21.081505,9443,2021-06-28 18:27:26,52.250389,1
1289,103,20.926889,9445,2021-06-28 18:27:24,52.290279,7
1290,103,20.968477,9446,2021-06-28 18:27:22,52.222057,1
1291,123,21.081215,9447,2021-06-28 18:27:26,52.252716,4
1292,157,20.98427,9448,2021-06-28 18:27:25,52.247383,011
1293,516,20.953505,9449,2021-06-28 18:27:27,52.319527,4
1294,102,21.004023,9450,2021-06-28 18:27:25,52.2374,2
1295,157,20.986042,9451,2021-06-28 18:27:24,52.26939,5
1296,157,20.980597,9452,2021-06-28 18:27:26,52.216488,8
1297,176,20.999718,9453,2021-06-28 18:27:27,52.31591,2
1298,197,20.948029,9454,2021-06-28 18:27:24,52.277599,015
1299,712,20.875488,9455,2021-06-28 18:27:25,52.276726,1
1300,743,20.897041,9456,2021-06-28 18:27:19,52.220684,1
1301,197,20.938175,9457,2021-06-28 18:27:22,52.250546,013
1302,103,20.950062,9458,2021-06-28 18:27:26,52.25853,8
1303,194,20.930255333,9501,2021-06-28 18:27:25,52.2249635,5
1304,159,21.044816333,9503,2021-06-28 18:27:22,52.220713833,1
1305,103,20.954006833,9505,2021-06-28 18:27:25,52.283293167,09
1306,103,20.951941833,9506,2021-06-28 18:27:25,52.288100333,011
1307,220,20.897257167,9509,2021-06-28 18:27:25,52.225252833,3
1308,194,20.8692975,9510,2021-06-28 18:27:24,52.194672333,06
1309,737,21.037063333,9511,2021-06-28 18:27:27,52.1619905,56
1310,220,20.944312667,9513,2021-06-28 18:27:27,52.175274833,5
1311,715,21.036853167,9514,2021-06-28 18:27:25,52.161944,53
1312,181,20.909826667,9515,2021-06-28 18:27:23,52.308179,2
1313,737,21.017611167,9516,2021-06-28 18:27:24,52.140992333,54
1314,149,20.912205167,9519,2021-06-28 18:27:25,52.238884833,2
1315,159,21.052430667,9520,2021-06-28 18:27:26,52.1962645,8
1316,715,20.943703833,9521,2021-06-28 18:27:18,52.175192833,1
1317,220,20.941228,9522,2021-06-28 18:27:26,52.173886167,4
1318,220,20.9022225,9523,2021-06-28 18:27:25,52.194083167,07
1319,220,20.897795,9524,2021-06-28 18:27:26,52.256964333,2
1320,194,20.860029167,9525,2021-06-28 18:27:25,52.207466167,3
1321,181,20.899943333,9526,2021-06-28 18:27:27,52.2971685,1
1322,715,21.037626333,9528,2021-06-28 18:27:26,52.162407167,058
1323,715,20.979998167,9529,2021-06-28 18:27:25,52.1316645,52
1324,707,21.015029167,9530,2021-06-28 18:27:25,52.074396667,03
1325,159,20.95484,9531,2021-06-28 18:27:21,52.2120655,4
1326,194,20.9062025,9532,2021-06-28 18:27:24,52.207338667,1
1327,181,20.955582167,9533,2021-06-28 18:27:26,52.278893,4
1328,181,20.981669,9534,2021-06-28 18:27:24,52.2748865,3
1329,159,21.0600515,9535,2021-06-28 18:27:23,52.192842167,7
1330,159,21.030896333,9537,2021-06-28 18:27:27,52.224385667,6
1331,737,20.897672667,9539,2021-06-28 18:27:25,52.056467833,059
1332,220,20.917071333,9540,2021-06-28 18:27:26,52.255149167,1
1333,220,20.89658,9542,2021-06-28 18:27:26,52.233852667,6
1334,737,21.013728333,9544,2021-06-28 18:27:24,52.1106775,07
1335,220,20.9017805,9545,2021-06-28 18:27:27,52.194174167,08
1336,149,20.947569667,9546,2021-06-28 18:27:27,52.246557,5
1337,220,20.925076167,9548,2021-06-28 18:27:24,52.260728167,09
1338,149,20.942410667,9550,2021-06-28 18:27:25,52.245812,1
1339,715,20.951476667,9551,2021-06-28 18:27:25,52.123655667,55
1340,149,20.878892333,9552,2021-06-28 18:27:20,52.248188167,3
1341,194,20.913727833,9554,2021-06-28 18:27:24,52.208937333,07
1342,194,20.896234667,9555,2021-06-28 18:27:27,52.201427667,2
1343,159,20.954476,9556,2021-06-28 18:27:24,52.211691167,3
1344,149,20.897346,9557,2021-06-28 18:27:24,52.2439,4
1345,194,20.930794667,9558,2021-06-28 18:27:14,52.225053667,4
1346,159,20.9898165,9560,2021-06-28 18:27:26,52.225311333,5
1347,159,20.9890035,9561,2021-06-28 18:27:23,52.22433,2
1348,118,21.023895,9671,2021-06-28 18:27:20,52.223961,2
1349,118,21.041279,9672,2021-06-28 18:27:25,52.300083,5
1350,326,21.013498,9673,2021-06-28 18:27:13,52.316971,04
1351,118,21.030115,9674,2021-06-28 18:27:22,52.23019,8
1352,152,20.971426,9676,2021-06-28 18:27:22,52.320835,5
1353,212,21.06535,9677,2021-06-28 18:27:25,52.277462,06
1354,118,21.007727,9678,2021-06-28 18:27:24,52.260048,7
1355,118,21.015579,9679,2021-06-28 18:27:27,52.219051,1
1356,326,21.061817,9680,2021-06-28 18:27:21,52.361679,02
1357,152,20.952415,9681,2021-06-28 18:27:22,52.31707,2
1358,212,21.056536,9682,2021-06-28 18:27:23,52.279873,5
1359,152,20.966101,9683,2021-06-28 18:27:20,52.331669,4
1360,212,21.053637,9684,2021-06-28 18:27:26,52.273849,1
1361,212,21.027147,9685,2021-06-28 18:27:23,52.259575,2
1362,326,20.968571,9686,2021-06-28 18:27:24,52.272049,05
1363,326,21.061716,9688,2021-06-28 18:27:25,52.361828,03
1364,118,21.023308,9689,2021-06-28 18:27:27,52.297352,4
1365,212,21.034605,9690,2021-06-28 18:27:26,52.262859,3
1366,326,21.007963,9692,2021-06-28 18:27:20,52.315407,01
1367,212,21.057116,9693,2021-06-28 18:27:22,52.301868,4
1368,152,21.027557,9695,2021-06-28 18:27:24,52.32959,1
1369,118,21.042585,9696,2021-06-28 18:27:20,52.298409,6
1370,118,21.017879,9697,2021-06-28 18:27:26,52.248878,3
1371,152,21.047384,9698,2021-06-28 18:27:25,52.326321,3
1372,710,21.096758,9801,2021-06-28 18:27:22,52.127785,4
1373,525,21.162994,9802,2021-06-28 18:27:28,52.221481,1
1374,127,20.913425,9804,2021-06-28 18:27:11,52.206062,56
1375,710,21.011215,9805,2021-06-28 18:27:20,52.074207,2
1376,525,21.196882,9807,2021-06-28 18:27:26,52.208374,319
1377,127,21.019457,9808,2021-06-28 18:27:21,52.246296,2
1378,109,21.020258,9809,2021-06-28 18:27:19,52.230026,07
1379,710,21.08112,9810,2021-06-28 18:27:19,52.130718,5
1380,719,20.849045,9812,2021-06-28 18:27:22,52.247417,3
1381,109,20.941743,9813,2021-06-28 18:08:00,52.239395,08
1382,Z10,20.91383,9814,2021-06-28 18:27:21,52.252686,2
1383,525,21.003849,9815,2021-06-28 18:27:19,52.229511,09
1384,742,21.132448,9816,2021-06-28 18:27:24,52.079681,1
1385,719,20.821802,9818,2021-06-28 18:27:25,52.25156,04
1386,719,20.950768,9819,2021-06-28 18:27:25,52.238552,1
1387,719,20.586418,9820,2021-06-28 18:27:25,52.257599,2
1388,525,21.123682,9822,2021-06-28 18:27:22,52.232666,010
1389,184,20.921322,9823,2021-06-28 18:27:21,52.248444,010
1390,525,21.085449,9825,2021-06-28 18:24:36,52.236231,5
1391,525,21.196617,9826,2021-06-28 18:27:19,52.208294,7
1392,127,20.957487,9828,2021-06-28 18:27:20,52.214977,4
1393,525,21.139507,9829,2021-06-28 18:27:18,52.228878,6
1394,Z10,20.922323,9830,2021-06-28 18:27:23,52.221649,8
1395,710,21.117275,9831,2021-06-28 18:27:20,52.077515,3
1396,127,21.034348,9833,2021-06-28 18:27:15,52.23436,1
1397,525,21.015924,9834,2021-06-28 18:27:25,52.223282,4
1398,742,21.127537,9835,2021-06-28 18:27:24,52.084538,02
1399,525,21.013266,9836,2021-06-28 18:27:22,52.226967,3
1400,185,21.048311,9837,2021-06-28 18:27:26,52.15176,12
1401,525,21.022505,9838,2021-06-28 18:27:20,52.218643,2
1402,724,21.068008,9839,2021-06-28 18:27:19,52.128986,1
1403,127,20.895475,9840,2021-06-28 18:27:23,52.208794,6
1404,127,20.928364,9843,2021-06-28 18:27:26,52.203037,7
1405,127,21.008486,9844,2021-06-28 18:27:16,52.229061,09
1406,127,21.033442,9845,2021-06-28 18:27:20,52.234959,3
1407,Z10,20.914188,9846,2021-06-28 18:27:19,52.236324,6
1408,Z10,20.918869,9847,2021-06-28 18:27:21,52.25647,4
1409,109,20.935667,9849,2021-06-28 18:27:25,52.239902,6
1410,109,20.99819,9851,2021-06-28 18:27:26,52.232719,5
1411,109,21.043219,9852,2021-06-28 18:27:25,52.223076,4
1412,109,20.933416,9853,2021-06-28 18:27:24,52.240234,1
1413,127,20.987316,9854,2021-06-28 18:27:27,52.224674,335
1414,210,20.804638,9902,2021-06-28 18:27:27,52.296513,5
1415,140,21.10075,9903,2021-06-28 18:27:26,52.317608,04
1416,520,21.014925,9905,2021-06-28 18:27:27,52.21703,011
1417,520,21.007723,9906,2021-06-28 18:27:26,52.236362,3
1418,140,21.113293,9907,2021-06-28 18:27:23,52.333195,08
1419,140,21.114145,9908,2021-06-28 18:27:23,52.3606,09
1420,140,21.126738,9909,2021-06-28 18:27:23,52.349171,2
1421,719,20.591562,9912,2021-06-28 18:27:25,52.257874,05
1422,520,21.126657,9913,2021-06-28 18:27:24,52.233242,08
1423,520,21.105883,9914,2021-06-28 18:27:24,52.233982,09
1424,520,21.077988,9915,2021-06-28 18:27:23,52.23534,6
1425,520,21.00214,9916,2021-06-28 18:27:26,52.243103,4
1426,193,21.040037,9918,2021-06-28 18:27:26,52.171959,2
1427,193,21.036932,9919,2021-06-28 18:27:25,52.16193,3
1428,140,21.052809,9920,2021-06-28 18:27:25,52.276787,05
1429,520,21.006273,9922,2021-06-28 18:27:26,52.238522,5
1430,193,21.034948,9923,2021-06-28 18:27:23,52.156078,4
1431,140,21.091286,9924,2021-06-28 18:27:27,52.306484,07
1432,193,20.995638,9926,2021-06-28 18:27:23,52.170158,1
1433,520,21.015453,9927,2021-06-28 18:27:26,52.223846,010
1434,140,21.053062,9928,2021-06-28 18:27:22,52.276714,3
1435,186,20.94223,9929,2021-06-28 18:27:25,52.33419,12
1436,193,21.036537,9930,2021-06-28 18:27:24,52.173508,5
1437,186,20.956142,9932,2021-06-28 18:27:24,52.250072,4
1438,520,21.031527,9933,2021-06-28 18:27:26,52.220806,2
1439,186,20.967813,9934,2021-06-28 18:27:25,52.319496,2
1440,520,21.15593,9935,2021-06-28 18:27:24,52.240402,1
1441,186,20.963707,9936,2021-06-28 18:27:27,52.207809,6
1442,520,21.155905,9937,2021-06-28 18:27:23,52.239906,7
1443,186,20.984465,9940,2021-06-28 18:27:25,52.307449,3
1444,186,20.963428,9941,2021-06-28 18:27:24,52.207901,8
1445,210,20.786421,9942,2021-06-28 18:27:27,52.300159,4
1446,109,20.979097,9943,2021-06-28 18:27:27,52.229637,2
1447,186,20.966902,9945,2021-06-28 18:27:26,52.207493,9
1448,210,20.857464,9946,2021-06-28 18:27:25,52.290314,3
1449,109,21.030582,9948,2021-06-28 18:27:26,52.230267,3
1450,210,20.924423,9949,2021-06-28 18:27:27,52.281467,1
1451,210,20.927811,9950,2021-06-28 18:27:25,52.291988,2
1452,186,20.963121,9951,2021-06-28 18:27:25,52.21595,5
1453,186,20.955845,9953,2021-06-28 18:27:25,52.238331,67
1454,140,21.121847,9954,2021-06-28 18:27:27,52.361931,1
1455,o97B,21.423098,9999,2021-06-28 14:27:55,50.302967,7
