,Lines,Lon,VehicleNumber,Time,Lat,Brigade
0,213,21.182498,1001,2021-06-28 16:31:16,52.1841811,1
1,213,21.1887531,1003,2021-06-28 16:31:17,52.1500221,05
2,213,21.1644631,1004,2021-06-28 16:31:21,52.2067335,3
3,196,21.161817,1005,2021-06-28 16:31:20,52.2592198,2
4,196,21.176333,1008,2021-06-28 16:31:15,52.256751,03
5,213,21.1016065,1009,2021-06-28 16:31:17,52.2234188,4
6,213,21.1965905,1010,2021-06-28 16:31:21,52.1582643,2
7,311,21.08519,1012,2021-06-28 16:31:15,52.230608,1
8,196,21.159071,1014,2021-06-28 16:31:08,52.25759,1
9,311,21.0897236,1015,2021-06-28 16:31:25,52.2310875,2
10,365,21.0021439,1021,2021-06-28 16:31:23,52.1768269,01
11,107,21.0449256,1023,2021-06-28 16:31:24,52.2212262,3
12,163,21.0612912,1025,2021-06-28 16:31:23,52.1764956,2
13,107,21.020378,1026,2021-06-28 16:31:24,52.22366,5
14,108,21.062759,1027,2021-06-28 16:31:23,52.186249,1
15,108,21.043188,1028,2021-06-28 16:31:23,52.175377,5
16,108,21.024263,1029,2021-06-28 16:31:23,52.179626,6
17,365,21.0101474,1031,2021-06-28 16:31:23,52.1788304,02
18,108,21.046032,1033,2021-06-28 16:31:24,52.215763,4
19,163,21.083895,1034,2021-06-28 16:31:24,52.167709,1
20,192,21.01799,1037,2021-06-28 16:31:23,52.154057,7
21,108,21.022878,1038,2021-06-28 16:31:08,52.227989,3
22,365,20.9943402,1039,2021-06-28 16:31:24,52.1745359,03
23,107,21.0002933,1040,2021-06-28 16:31:22,52.2451817,6
24,107,21.013419,1042,2021-06-28 16:31:18,52.235661,2
25,107,20.979348,1043,2021-06-28 16:31:05,52.244503,07
26,107,21.047798,1045,2021-06-28 16:31:16,52.209628,4
27,204,21.0405583,1046,2021-06-28 16:31:15,52.288145,05
28,204,21.052309,1047,2021-06-28 16:31:09,52.324755,1
29,204,21.041848,1048,2021-06-28 16:30:24,52.2931,04
30,228,20.933105,1050,2021-06-28 16:31:15,52.20194,1
31,228,20.892926,1051,2021-06-28 16:31:04,52.200294,2
32,328,20.9946983,1052,2021-06-28 16:31:18,52.1508983,01
33,129,20.9154033,1053,2021-06-28 16:31:19,52.2044833,4
34,228,20.965033,1054,2021-06-28 16:31:04,52.198226,3
35,129,20.895686,1055,2021-06-28 16:31:11,52.1936,3
36,328,20.954464,1058,2021-06-28 16:31:19,52.186148,02
37,129,20.947081,1059,2021-06-28 16:31:14,52.238896,1
38,328,20.979095,1061,2021-06-28 16:31:21,52.176373,03
39,192,21.019207,1062,2021-06-28 16:31:24,52.17141,51
40,192,21.068623,1064,2021-06-28 16:31:24,52.129082,2
41,163,21.1089519,1065,2021-06-28 16:31:20,52.1654562,04
42,107,20.979218,1066,2021-06-28 16:31:23,52.244514,1
43,163,21.103329,1068,2021-06-28 16:31:22,52.178566,3
44,192,21.0437069,1069,2021-06-28 16:31:24,52.1442845,4
45,163,21.052382,1070,2021-06-28 16:31:20,52.179611,05
46,192,21.024084,1074,2021-06-28 16:31:23,52.179924,6
47,108,21.046989,1076,2021-06-28 16:31:23,52.212616,2
48,192,21.073862,1077,2021-06-28 16:31:24,52.134827,3
49,192,21.045353,1079,2021-06-28 16:31:22,52.142021,1
50,736,20.9334985,1101,2021-06-28 16:31:20,52.3970271,02
51,132,20.9654611,1109,2021-06-28 16:31:18,52.2715036,2
52,303,20.936238,1112,2021-06-28 16:31:10,52.2876481,3
53,147,21.0669723,1113,2021-06-28 16:31:01,52.2260638,06
54,152,21.0180986,1114,2021-06-28 16:31:14,52.3337031,06
55,166,21.0251188,1115,2021-06-28 16:31:17,52.2200983,09
56,132,21.030965,1116,2021-06-28 16:31:21,52.2995586,3
57,122,20.9176958,1117,2021-06-28 16:31:14,52.261724,09
58,197,20.9448425,1118,2021-06-28 16:31:21,52.2653148,7
59,126,21.028406,1119,2021-06-28 16:31:20,52.287739,3
60,168,21.097338,1200,2021-06-28 16:31:23,52.218838,2
61,119,21.196947,1202,2021-06-28 16:31:23,52.208065,1
62,178,20.986925,1203,2021-06-28 16:31:24,52.230835,2
63,178,20.942778,1204,2021-06-28 16:31:20,52.205837,5
64,168,21.059494,1205,2021-06-28 16:31:22,52.20805,6
65,166,21.06821,1206,2021-06-28 16:26:56,52.129264,1
66,166,21.0351284,1208,2021-06-28 16:31:22,52.2559277,5
67,174,21.0059084,1212,2021-06-28 16:31:24,52.1720737,371
68,174,20.995613,1213,2021-06-28 16:31:21,52.170086,3
69,218,21.006599,1214,2021-06-28 16:31:22,52.177982,5
70,166,21.045547,1216,2021-06-28 16:31:21,52.248657,7
71,168,21.009403,1218,2021-06-28 16:31:24,52.207729,5
72,119,21.031939,1220,2021-06-28 16:31:23,52.205673,5
73,739,20.996096,1221,2021-06-28 16:31:23,52.188515,07
74,122,20.9271818,1400,2021-06-28 16:31:21,52.2635651,012
75,121,20.928221,1401,2021-06-28 16:31:17,52.2845211,04
76,134,20.9683318,1403,2021-06-28 16:31:17,52.27181,1
77,110,20.8832546,1407,2021-06-28 16:31:20,52.3031491,05
78,240,21.000763,1408,2021-06-28 16:31:18,52.291364,4
79,173,21.217897,1411,2021-06-28 16:31:16,52.215401,5
80,117,21.013353,1412,2021-06-28 16:31:23,52.230053,1
81,702,21.187311,1413,2021-06-28 16:31:21,52.152477,2
82,168,21.1125709,1415,2021-06-28 16:31:24,52.2363499,1
83,202,21.041887,1416,2021-06-28 16:31:23,52.241974,04
84,183,21.0871707,1418,2021-06-28 16:31:21,52.244713,6
85,147,21.10466,1419,2021-06-28 16:31:16,52.212269,2
86,199,21.103878,1422,2021-06-28 16:31:24,52.294739,4
87,198,21.222708,1423,2021-06-28 16:31:21,52.218395,05
88,173,21.254505,1424,2021-06-28 16:31:23,52.24905,6
89,115,21.1858846,1425,2021-06-28 16:31:23,52.2466497,4
90,173,21.120548,1426,2021-06-28 16:31:22,52.237019,8
91,147,21.120331,1427,2021-06-28 16:31:23,52.199787,4
92,146,21.171776,1428,2021-06-28 16:31:23,52.159107,2
93,142,21.109262,1430,2021-06-28 16:31:20,52.240719,06
94,L41,20.70978,14422,2021-06-28 16:31:24,52.430515,1
95,L10,20.918613,14423,2021-06-28 16:31:17,52.39669,1
96,L11,20.963394,14424,2021-06-28 16:31:18,52.419586,1
97,L10,20.948767,14425,2021-06-28 16:31:18,52.421158,50
98,L-8,20.945215,14426,2021-06-28 14:51:54,52.437912,1
99,L41,20.94154,14427,2021-06-28 16:31:06,52.400467,02
100,L11,20.724783,14429,2021-06-28 16:31:19,52.423885,57
101,L34,20.917551,14430,2021-06-28 16:31:20,52.408642,2
102,L34,20.866777,14431,2021-06-28 16:31:23,52.436798,1
103,L11,20.962162,14432,2021-06-28 16:31:22,52.440079,51
104,L-8,21.013731,14434,2021-06-28 16:31:24,52.388512,02
105,L-8,20.92524,14435,2021-06-28 16:31:19,52.397339,1
106,L49,20.942244,14436,2021-06-28 16:31:26,52.354908,1
107,L31,21.034903,14438,2021-06-28 16:31:18,52.420334,1
108,L-9,20.918243,14439,2021-06-28 16:31:22,52.478584,054
109,L-9,20.941399,14440,2021-06-28 16:31:25,52.400814,055
110,134,21.046866,1500,2021-06-28 16:31:10,52.337415,04
111,134,21.058713,1501,2021-06-28 16:31:10,52.361764,3
112,110,20.9685335,1502,2021-06-28 16:31:20,52.2721956,2
113,240,21.0472221,1505,2021-06-28 16:31:07,52.2865546,06
114,132,21.029361,1506,2021-06-28 16:31:17,52.298701,07
115,134,20.9661453,1507,2021-06-28 16:31:12,52.2730691,2
116,126,20.962722,1508,2021-06-28 16:31:17,52.334022,5
117,132,21.061221,1509,2021-06-28 16:31:08,52.307155,05
118,166,21.027084,1510,2021-06-28 16:31:16,52.2599803,6
119,126,20.9656386,1513,2021-06-28 16:31:19,52.3310888,4
120,197,20.9758111,1514,2021-06-28 16:31:14,52.289592,6
121,197,20.9418218,1515,2021-06-28 16:31:03,52.231324,8
122,121,20.9545536,1516,2021-06-28 16:31:21,52.2849628,1
123,173,21.053039,1519,2021-06-28 16:30:55,52.250303,10
124,202,21.0526567,1521,2021-06-28 16:31:21,52.2498867,07
125,202,21.1108233,1522,2021-06-28 16:31:06,52.2449683,3
126,146,21.05249,1523,2021-06-28 16:31:08,52.2503767,08
127,730,21.320356,1524,2021-06-28 16:31:18,52.189124,052
128,119,21.006291,1525,2021-06-28 16:31:05,52.210479,06
129,147,21.052458,1526,2021-06-28 16:31:11,52.250295,09
130,198,21.2236967,1528,2021-06-28 16:31:09,52.2538017,3
131,702,21.26292,1530,2021-06-28 16:31:20,52.107968,03
132,198,21.223763,1531,2021-06-28 16:31:15,52.250855,2
133,115,21.2421433,1533,2021-06-28 16:31:12,52.1699283,2
134,142,21.086055,1534,2021-06-28 16:31:07,52.244811,07
135,198,21.243293,1535,2021-06-28 16:31:22,52.221566,1
136,106,21.020448,1537,2021-06-28 16:31:15,52.243111,4
137,170,21.0834083,1538,2021-06-28 16:31:22,52.275115,4
138,120,21.0390117,1539,2021-06-28 16:31:08,52.2512117,1
139,199,21.125914,1540,2021-06-28 16:31:04,52.290821,1
140,156,20.929629,1541,2021-06-28 16:31:21,52.292744,1
141,170,21.032143,1542,2021-06-28 16:31:22,52.260551,1
142,156,21.0521067,1543,2021-06-28 16:31:09,52.25299,3
143,338,21.035634,1544,2021-06-28 16:31:16,52.253774,01
144,122,20.898908,1546,2021-06-28 16:31:15,52.238579,013
145,338,21.089623,1548,2021-06-28 16:31:13,52.260568,04
146,199,21.155744,1549,2021-06-28 16:31:05,52.265258,2
147,170,21.0847517,1550,2021-06-28 16:31:20,52.2727717,3
148,240,21.041825,1551,2021-06-28 16:31:15,52.2936183,3
149,221,20.9676633,1552,2021-06-28 16:31:15,52.2570383,2
150,106,21.027796,1554,2021-06-28 16:31:16,52.238675,06
151,L-4,21.016523,17451,2021-06-28 16:31:25,52.098637,1
152,L26,21.152575,17452,2021-06-28 16:31:21,52.310802,02
153,L37,21.221086,17453,2021-06-28 16:31:23,52.319077,1
154,L40,21.102142,17454,2021-06-28 16:31:24,52.331959,1
155,L36,21.288902,17456,2021-06-28 16:31:23,52.373165,1
156,L35,21.310766,17458,2021-06-28 16:31:21,52.353943,1
157,L26,21.192816,17460,2021-06-28 16:31:20,52.339146,1
158,L46,21.160891,17461,2021-06-28 16:31:16,52.300571,1
159,L43,21.12195,17462,2021-06-28 16:31:16,52.314556,1
160,L45,21.151928,17464,2021-06-28 16:31:20,52.360291,02
161,L45,21.117817,17465,2021-06-28 16:31:21,52.339314,1
162,L38,21.261371,17466,2021-06-28 16:31:20,52.351742,1
163,L37,21.279123,17467,2021-06-28 16:31:25,52.320095,2
164,L40,21.228455,17468,2021-06-28 16:31:24,52.345181,02
165,197,20.9403131,1800,2021-06-28 16:31:07,52.2611195,4
166,110,20.8830758,1801,2021-06-28 16:31:12,52.3097706,4
167,132,21.0682736,1802,2021-06-28 16:31:18,52.3237973,1
168,166,21.0443316,1803,2021-06-28 16:31:20,52.167602,8
169,122,20.9129953,1804,2021-06-28 16:31:17,52.2523656,5
170,173,21.2432371,1805,2021-06-28 16:31:06,52.2212428,4
171,204,21.056966,1806,2021-06-28 16:31:13,52.322123,3
172,122,20.9858645,1807,2021-06-28 16:31:18,52.2683083,4
173,303,20.9430186,1808,2021-06-28 16:31:05,52.2975991,1
174,147,21.0447196,1809,2021-06-28 16:31:22,52.2485366,1
175,166,21.0607113,1810,2021-06-28 16:31:18,52.1366731,2
176,152,21.043346,1811,2021-06-28 10:10:53,52.266126,06
177,204,21.0232788,1812,2021-06-28 16:31:19,52.2772293,2
178,736,20.987918,1813,2021-06-28 16:31:11,52.309386,1
179,147,21.170736,1814,2021-06-28 16:31:03,52.205559,07
180,240,21.076415,1815,2021-06-28 16:31:21,52.322319,2
181,197,20.9032691,1817,2021-06-28 16:31:20,52.2170406,9
182,240,21.1188551,1818,2021-06-28 16:31:16,52.3382808,05
183,221,20.9941143,1819,2021-06-28 16:31:18,52.2594368,1
184,117,21.0050468,1823,2021-06-28 16:31:18,52.2295966,05
185,146,21.044266,1826,2021-06-28 16:31:03,52.237161,4
186,183,21.1917516,1828,2021-06-28 16:31:21,52.2386463,3
187,147,21.0484336,1829,2021-06-28 16:31:21,52.2477133,5
188,722,21.265448,1830,2021-06-28 16:31:16,52.206238,1
189,147,21.1169918,1832,2021-06-28 09:25:20,52.2330478,09
190,146,21.1555351,1833,2021-06-28 16:31:08,52.1712053,5
191,202,21.116848,1834,2021-06-28 09:35:30,52.233074,04
192,115,21.1691196,1835,2021-06-28 16:31:20,52.2052158,3
193,168,21.0472356,1837,2021-06-28 16:31:17,52.2068916,07
194,183,21.098581,1839,2021-06-28 16:31:17,52.243143,1
195,202,21.0554718,1840,2021-06-28 16:31:21,52.2501558,05
196,146,21.098863,1842,2021-06-28 16:31:20,52.216548,07
197,183,21.150948,1843,2021-06-28 16:31:16,52.252338,2
198,119,21.0513278,1844,2021-06-28 16:31:21,52.1964055,3
199,115,21.170259,1846,2021-06-28 16:31:23,52.277013,5
200,730,21.219163,1847,2021-06-28 16:31:19,52.22395,61
201,119,21.0003158,1848,2021-06-28 16:31:21,52.2061171,4
202,173,21.0674066,1849,2021-06-28 16:31:10,52.2503723,9
203,183,21.1595311,1850,2021-06-28 16:31:17,52.2553546,4
204,173,21.0702086,1851,2021-06-28 16:31:10,52.2504178,1
205,722,21.2749971,1854,2021-06-28 16:31:19,52.1963415,53
206,147,21.2432126,1855,2021-06-28 16:31:19,52.2219165,3
207,117,21.0521998,1857,2021-06-28 16:31:15,52.2379263,2
208,115,21.1824093,1858,2021-06-28 16:31:12,52.1910056,1
209,146,21.0969226,1859,2021-06-28 16:31:14,52.2177905,09
210,115,21.162846,1860,2021-06-28 16:31:18,52.254533,6
211,119,21.157196,1862,2021-06-28 16:31:19,52.213986,2
212,173,21.1995001,1863,2021-06-28 16:31:10,52.2477553,3
213,146,21.0460908,1866,2021-06-28 16:31:19,52.2353583,3
214,183,21.1125671,1867,2021-06-28 16:31:20,52.2401456,5
215,147,21.0622965,1869,2021-06-28 16:31:17,52.2299448,08
216,251,21.04164,1903,2021-06-28 16:31:18,52.175699,53
217,168,21.1013309,1904,2021-06-28 16:31:17,52.2344724,09
218,251,21.1230964,1906,2021-06-28 16:31:14,52.0894811,52
219,139,21.103148,1907,2021-06-28 16:31:07,52.122235,54
220,178,20.9464252,1908,2021-06-28 16:31:18,52.2079085,012
221,222,21.0006221,1909,2021-06-28 16:31:20,52.1888346,2
222,222,21.004956,1910,2021-06-28 16:31:18,52.2447127,5
223,251,21.100237,1911,2021-06-28 16:31:21,52.135197,56
224,222,21.004681,1912,2021-06-28 16:31:22,52.244736,6
225,139,21.0494894,1914,2021-06-28 16:31:24,52.1740552,51
226,222,20.995562,1916,2021-06-28 16:31:23,52.189274,3
227,222,21.0232767,1917,2021-06-28 16:31:24,52.2267492,4
228,739,21.043194,1918,2021-06-28 16:31:23,52.083572,08
229,139,21.024042,1919,2021-06-28 16:31:23,52.179577,55
230,222,21.0247,1920,2021-06-28 16:31:20,52.2216,1
231,178,20.957016,1991,2021-06-28 16:31:24,52.227566,010
232,178,21.003979,1993,2021-06-28 16:31:20,52.255344,1
233,168,20.995779,1994,2021-06-28 16:31:24,52.192924,08
234,178,20.9039086,1995,2021-06-28 16:31:23,52.189172,3
235,178,20.998999,1996,2021-06-28 16:31:21,52.233444,6
236,178,20.883442,1998,2021-06-28 16:31:23,52.195305,4
237,178,20.905849,1999,2021-06-28 16:31:24,52.188824,013
238,105,20.984314,2001,2021-06-28 16:31:21,52.230591,1
239,136,21.034069,2003,2021-06-28 16:31:23,52.150368,6
240,Z10,20.916334,2006,2021-06-28 16:31:22,52.224834,3
241,188,20.9831132,2007,2021-06-28 16:31:24,52.1955644,09
242,517,20.9524739,2008,2021-06-28 16:31:23,52.2119386,07
243,191,20.9148359,2009,2021-06-28 16:31:24,52.2018687,3
244,184,20.973053,2010,2021-06-28 16:31:24,52.219128,4
245,124,20.9322732,2011,2021-06-28 16:31:22,52.1624239,03
246,401,20.8745466,2013,2021-06-28 16:31:23,52.1988162,1
247,182,21.07797,2014,2021-06-28 16:31:23,52.234455,012
248,171,21.043343,2015,2021-06-28 16:31:23,52.222893,1
249,401,20.9939875,2016,2021-06-28 16:31:23,52.1799305,011
250,190,20.906544,2019,2021-06-28 16:31:23,52.228306,014
251,191,20.976007,2020,2021-06-28 16:31:24,52.211277,7
252,401,21.0045842,2021,2021-06-28 16:31:23,52.1780239,5
253,522,21.017195,2022,2021-06-28 16:31:23,52.213428,013
254,193,21.030725,2023,2021-06-28 16:31:22,52.173508,06
255,189,20.9574712,2024,2021-06-28 16:31:23,52.1902516,14
256,401,20.861911,2026,2021-06-28 16:31:24,52.1904542,8
257,522,21.080168,2027,2021-06-28 16:31:24,52.157665,318
258,519,21.049826,2028,2021-06-28 16:31:23,52.187286,3
259,501,21.022139,2029,2021-06-28 16:31:23,52.2110175,3
260,189,21.044989,2030,2021-06-28 16:31:23,52.177372,9
261,131,21.0570402,2032,2021-06-28 16:31:22,52.1926549,10
262,522,21.009066,2033,2021-06-28 16:31:22,52.229397,07
263,189,21.060955,2035,2021-06-28 16:31:24,52.18491,12
264,519,21.0192821,2036,2021-06-28 16:31:22,52.2123482,5
265,501,21.0122909,2037,2021-06-28 16:31:24,52.2291816,5
266,138,21.043438,2038,2021-06-28 16:31:24,52.24913,010
267,501,21.0485935,2040,2021-06-28 16:31:24,52.178115,2
268,189,21.038746,2041,2021-06-28 16:31:24,52.172787,8
269,138,21.002563,2042,2021-06-28 16:31:20,52.177292,012
270,401,21.02627,2044,2021-06-28 16:31:23,52.173199,012
271,172,21.0690989,2045,2021-06-28 16:31:24,52.1813779,010
272,172,21.068892,2200,2021-06-28 16:31:24,52.181553,4
273,523,20.937115,2201,2021-06-28 16:31:23,52.239754,14
274,187,20.86828,2202,2021-06-28 16:31:22,52.193027,3
275,136,20.96839,2203,2021-06-28 16:31:23,52.214104,1
276,Z10,20.917064,2204,2021-06-28 16:31:24,52.2551272,010
277,171,21.0294959,2205,2021-06-28 16:31:24,52.2301507,011
278,Z10,20.9132209,2206,2021-06-28 16:31:21,52.2382894,7
279,189,21.0689406,2207,2021-06-28 16:31:24,52.1813125,10
280,190,20.988214,2209,2021-06-28 16:31:24,52.240219,8
281,172,21.0240847,2210,2021-06-28 16:31:23,52.2000911,2
282,122,20.898258,2212,2021-06-28 16:31:24,52.253101,6
283,122,20.9609634,2213,2021-06-28 16:31:24,52.2592337,07
284,136,20.961178,2215,2021-06-28 16:31:22,52.216614,11
285,190,21.0574799,2216,2021-06-28 16:31:24,52.265381,018
286,401,20.9273612,2217,2021-06-28 16:31:23,52.1958305,09
287,Z10,20.9179355,2218,2021-06-28 16:31:23,52.2556889,5
288,148,21.0976269,2221,2021-06-28 16:31:23,52.2346102,8
289,523,20.9531952,2222,2021-06-28 16:31:24,52.2383074,1
290,191,20.918215,2223,2021-06-28 16:31:21,52.205158,9
291,189,20.898825,2224,2021-06-28 16:31:23,52.238697,2
292,191,20.975441,2225,2021-06-28 16:31:24,52.211647,5
293,517,20.975536,2226,2021-06-28 16:31:23,52.218308,3
294,136,20.9562999,2231,2021-06-28 16:31:24,52.2375659,013
295,189,21.0645671,2232,2021-06-28 16:31:24,52.1859335,11
296,317,20.997246,2233,2021-06-28 16:31:23,52.175713,08
297,Z10,20.914938,2235,2021-06-28 16:31:24,52.233677,011
298,317,21.0189437,2236,2021-06-28 16:31:23,52.1735594,4
299,187,20.8684727,2240,2021-06-28 16:31:23,52.1920914,2
300,136,20.9560082,2241,2021-06-28 16:31:23,52.2314714,9
301,191,20.880867,2243,2021-06-28 16:31:23,52.18914,1
302,171,20.9107842,2244,2021-06-28 16:31:21,52.2485737,4
303,Z10,20.9165471,2245,2021-06-28 16:31:23,52.2256259,9
304,717,20.93915,2247,2021-06-28 16:31:17,52.203045,3
305,317,21.0477842,2249,2021-06-28 16:31:21,52.174395,06
306,189,20.9144162,2252,2021-06-28 16:31:23,52.229057,4
307,112,20.9635247,2253,2021-06-28 16:31:24,52.2752309,2
308,191,20.953651,2254,2021-06-28 16:31:20,52.21302,010
309,141,21.023813,2256,2021-06-28 16:31:23,52.197933,013
310,172,20.9728941,2257,2021-06-28 16:31:24,52.2123787,7
311,317,21.0298345,2258,2021-06-28 16:31:23,52.1734744,1
312,187,20.9270276,2259,2021-06-28 16:31:24,52.1962089,4
313,L48,21.303106,23481,2021-06-28 04:38:21,52.203297,1
314,L47,21.302645,23482,2021-06-28 16:31:25,52.249218,02
315,L47,21.297855,23483,2021-06-28 16:31:24,52.241669,1
316,L20,21.423304,24511,2021-06-28 16:31:25,52.129852,1
317,L20,21.471601,24512,2021-06-28 13:52:17,52.132278,1
318,L20,21.387383,24513,2021-06-28 16:31:21,52.127396,03
319,L20,21.260983,24515,2021-06-28 16:31:25,52.108154,2
320,245,21.0663431,3400,2021-06-28 16:31:14,52.2760046,2
321,112,20.9148621,3401,2021-06-28 16:31:20,52.2289705,018
322,412,21.0698343,3403,2021-06-28 16:31:20,52.3075825,01
323,112,20.8830213,3404,2021-06-28 16:31:20,52.2148241,7
324,412,21.068336,3405,2021-06-28 16:31:12,52.323498,05
325,500,21.0417368,3406,2021-06-28 16:31:19,52.3002868,08
326,500,21.0420196,3408,2021-06-28 16:31:19,52.3002948,2
327,245,21.093301,3410,2021-06-28 16:31:15,52.286306,05
328,114,21.041068,3411,2021-06-28 16:31:08,52.289678,011
329,500,21.041145,3413,2021-06-28 16:31:18,52.2901521,1
330,190,20.9933273,3414,2021-06-28 16:31:19,52.2422561,027
331,114,20.93331,3415,2021-06-28 16:31:20,52.2886666,09
332,114,21.0423788,3416,2021-06-28 16:31:18,52.2952601,010
333,738,21.1582101,3417,2021-06-28 16:31:16,52.3869638,3
334,738,21.0886805,3418,2021-06-28 16:31:15,52.3030443,4
335,190,21.0021993,3421,2021-06-28 16:31:20,52.2447668,021
336,500,21.012854,3422,2021-06-28 16:31:17,52.261738,4
337,185,21.0371166,3423,2021-06-28 16:31:19,52.23603,10
338,512,21.0348405,3424,2021-06-28 16:31:15,52.2545221,2
339,512,21.0697868,3426,2021-06-28 16:31:19,52.290703,3
340,169,21.0404615,3427,2021-06-28 16:31:22,52.2506268,2
341,185,21.0065413,3428,2021-06-28 16:31:17,52.2608638,7
342,500,20.9842116,3429,2021-06-28 16:31:21,52.2550833,6
343,169,21.0466896,3430,2021-06-28 16:31:19,52.2817243,3
344,112,20.940384,3431,2021-06-28 16:31:16,52.277828,3
345,Z26,21.0353506,3432,2021-06-28 16:31:22,52.2557995,1
346,Z26,21.001381,3434,2021-06-28 16:31:19,52.244529,6
347,128,20.9987791,3435,2021-06-28 16:31:21,52.2270256,55
348,509,21.0212475,3437,2021-06-28 16:31:19,52.2641596,5
349,132,20.9687048,3438,2021-06-28 16:31:22,52.2720541,06
350,738,21.0891525,3439,2021-06-28 16:31:20,52.3037336,1
351,414,20.9542278,3440,2021-06-28 16:31:21,52.253299,07
352,512,21.054606,3441,2021-06-28 16:31:08,52.263269,5
353,500,21.0378098,3442,2021-06-28 16:31:19,52.2691488,7
354,509,21.0333561,3443,2021-06-28 16:31:20,52.2542343,11
355,245,21.092742,3444,2021-06-28 16:31:24,52.2862741,04
356,145,21.1156061,3445,2021-06-28 16:31:23,52.2771491,8
357,509,21.097765,3446,2021-06-28 16:31:21,52.2267953,14
358,162,21.0333041,3447,2021-06-28 16:31:21,52.2414701,6
359,190,20.9619065,3448,2021-06-28 16:31:22,52.2376935,2
360,112,20.912279,3449,2021-06-28 16:31:22,52.242756,9
361,112,21.059012,3450,2021-06-28 16:31:14,52.30231,12
362,114,21.043474,3451,2021-06-28 09:14:51,52.2654126,09
363,145,21.115394,3452,2021-06-28 16:31:15,52.2774005,015
364,527,21.0588066,3453,2021-06-28 16:31:14,52.3175755,2
365,190,21.0288,3454,2021-06-28 16:31:16,52.252214,1
366,145,21.000507,3455,2021-06-28 16:31:22,52.2914151,5
367,112,20.9333761,3456,2021-06-28 16:31:21,52.2703525,6
368,509,21.0033641,3458,2021-06-28 16:31:10,52.2898123,355
369,245,21.0588728,3459,2021-06-28 16:31:21,52.2743268,1
370,190,21.0522605,3460,2021-06-28 16:31:19,52.2623811,022
371,114,20.9328411,3462,2021-06-28 16:31:22,52.2891961,2
372,190,20.9146296,3463,2021-06-28 16:31:16,52.234448,6
373,500,20.9821358,3464,2021-06-28 16:31:18,52.2531968,5
374,114,21.0052988,3465,2021-06-28 16:31:18,52.2913766,6
375,112,21.085351,3466,2021-06-28 16:31:18,52.3047628,1
376,509,21.008134,3467,2021-06-28 16:31:13,52.285111,022
377,245,21.1310846,3468,2021-06-28 16:31:11,52.2805133,03
378,114,21.041819,3469,2021-06-28 16:31:16,52.3001775,7
379,L17,21.006075,36442,2021-06-28 16:30:46,52.017307,02
380,L19,21.020128,36443,2021-06-28 16:31:18,52.065868,1
381,L17,21.027588,36444,2021-06-28 16:31:23,52.077259,1
382,L19,21.041351,36445,2021-06-28 16:31:20,52.021328,02
383,L30,21.216255,36446,2021-06-28 16:31:25,51.981121,1
384,L28,21.124212,36447,2021-06-28 16:31:24,52.101696,1
385,L30,21.100061,36448,2021-06-28 16:31:27,51.972927,02
386,L42,21.153038,37531,2021-06-28 16:31:22,52.061481,52
387,L21,21.217529,37533,2021-06-28 16:31:22,51.981136,1
388,L16,21.129469,37534,2021-06-28 16:31:23,52.105297,1
389,L14,21.163191,37535,2021-06-28 16:31:20,52.098076,1
390,L15,21.126144,37536,2021-06-28 16:31:24,52.076553,51
391,L39,21.024405,38541,2021-06-28 16:30:30,52.062008,4
392,L23,21.05139,38543,2021-06-28 16:31:20,52.063816,M53
393,L23,21.029526,38544,2021-06-28 16:31:20,52.074738,052
394,L39,21.043339,38545,2021-06-28 16:31:19,52.084045,3
395,L32,20.985186,38546,2021-06-28 16:31:21,52.003967,1
396,L39,21.004555,38547,2021-06-28 05:46:58,52.110222,1
397,L39,20.992395,38548,2021-06-28 16:31:22,52.10989,2
398,L23,21.024635,38549,2021-06-28 16:31:24,52.068802,51
399,L52,21.082531,38550,2021-06-28 16:31:23,52.078072,1
400,L12,21.024034,39551,2021-06-28 16:31:25,52.068478,062
401,L12,20.961203,39552,2021-06-28 16:31:21,52.031219,063
402,L25,21.217524,39554,2021-06-28 16:31:25,51.981628,02
403,L25,21.029467,39555,2021-06-28 16:31:22,52.07486,1
404,L-2,21.02725,39556,2021-06-28 16:31:21,52.072926,061
405,L12,21.029528,39557,2021-06-28 16:31:23,52.0746,64
406,L-2,20.935635,39558,2021-06-28 16:31:23,51.99641,65
407,L13,21.217318,39560,2021-06-28 16:31:22,51.98164,1
408,L13,20.995228,39561,2021-06-28 16:31:19,52.040936,03
409,L13,21.007212,39562,2021-06-28 16:31:25,52.054852,2
410,L-5,20.961613,39565,2021-06-28 16:31:23,52.066517,1
411,255,20.9308082,4200,2021-06-28 16:31:21,52.2214597,2
412,703,20.944189,4202,2021-06-28 16:31:12,52.175163,52
413,197,20.881466,4205,2021-06-28 16:31:21,52.21661,2
414,902,20.9223249,4206,2021-06-28 16:30:27,52.1964574,M1
415,255,20.9360752,4207,2021-06-28 16:31:23,52.2220737,03
416,154,20.9329115,4209,2021-06-28 16:31:24,52.2402059,4
417,178,20.961279,4210,2021-06-28 16:31:23,52.216133,011
418,154,20.8971,4211,2021-06-28 16:31:24,52.244274,010
419,711,20.899008,4212,2021-06-28 16:31:19,52.137115,063
420,154,20.9774797,4213,2021-06-28 16:31:23,52.1802225,1
421,154,20.9619695,4214,2021-06-28 16:31:23,52.2169807,8
422,711,20.834421,4215,2021-06-28 16:31:24,52.109352,061
423,122,20.9765971,4216,2021-06-28 16:31:24,52.2898609,3
424,197,20.941282,4217,2021-06-28 16:31:21,52.233109,3
425,197,20.867798,4218,2021-06-28 16:31:23,52.19418,1
426,255,20.97982,4219,2021-06-28 16:31:21,52.229698,1
427,197,20.8715,4221,2021-06-28 16:31:21,52.198517,10
428,129,20.945545,4224,2021-06-28 16:31:19,52.238907,2
429,121,20.9706521,4225,2021-06-28 16:31:24,52.2851271,03
430,197,20.959126,4227,2021-06-28 16:31:20,52.281273,5
431,154,20.911703,4228,2021-06-28 16:31:23,52.238888,6
432,902,21.04719,4229,2021-06-28 16:31:24,52.247662,M2
433,154,20.9424159,4230,2021-06-28 16:31:24,52.2295092,7
434,178,20.8958072,4231,2021-06-28 16:31:23,52.1856477,9
435,178,20.95265,4232,2021-06-28 16:31:22,52.212376,7
436,714,20.913836,4233,2021-06-28 16:31:23,52.239059,3
437,729,20.7338286,4234,2021-06-28 16:31:23,52.2834277,02
438,714,20.885063,4235,2021-06-28 16:31:24,52.241108,2
439,L-3,20.92717,42362,2021-06-28 16:31:24,52.094273,02
440,154,20.897331,4237,2021-06-28 16:31:21,52.2439,5
441,154,20.969208,4238,2021-06-28 16:31:22,52.202942,3
442,178,20.9796967,4239,2021-06-28 16:31:23,52.2293427,8
443,154,20.9689522,4240,2021-06-28 16:31:22,52.2021262,011
444,714,20.9501155,4241,2021-06-28 16:31:24,52.2386094,04
445,154,20.944214,4242,2021-06-28 16:31:23,52.175758,2
446,154,20.968971,4243,2021-06-28 16:31:22,52.214432,09
447,901,21.00263,4244,2021-06-28 16:31:23,52.2339337,1
448,901,21.036619,4246,2021-06-28 16:31:22,52.221962,3
449,714,20.807032,4247,2021-06-28 16:31:24,52.27219,1
450,729,20.9232619,4248,2021-06-28 16:31:23,52.2404167,1
451,121,20.9251514,4249,2021-06-28 16:31:23,52.2725204,2
452,L-1,20.896587,42494,2021-06-28 16:31:24,52.135777,1
453,L-4,21.0165,42495,2021-06-28 06:12:56,52.098907,2
454,L-3,20.935574,42500,2021-06-28 16:31:20,52.089546,1
455,146,21.2046673,4303,2021-06-28 16:31:22,52.1594538,06
456,119,21.1221092,4304,2021-06-28 16:31:24,52.2001599,07
457,117,21.0664454,4305,2021-06-28 16:31:24,52.2242362,4
458,147,21.1759619,4307,2021-06-28 16:31:24,52.2061222,010
459,142,21.1349027,4308,2021-06-28 16:31:24,52.1843132,08
460,198,21.230905,4309,2021-06-28 16:31:19,52.2164546,04
461,702,21.120265,4312,2021-06-28 16:31:24,52.2373477,1
462,105,16.9750897,4332,2021-06-26 13:35:37,52.5472771,4
463,N72,16.9763326,4333,2021-06-28 15:21:54,52.5456077,215
464,240,21.088587,4400,2021-06-28 16:31:20,52.321312,1
465,132,21.067486,4401,2021-06-28 16:31:22,52.324173,09
466,126,21.05685,4402,2021-06-28 16:31:24,52.301903,2
467,120,21.066229,4403,2021-06-28 16:31:21,52.312798,5
468,166,21.04405,4404,2021-06-28 16:31:24,52.175838,3
469,156,21.0349252,4406,2021-06-28 16:31:23,52.288576,2
470,122,20.9822507,4407,2021-06-28 16:31:23,52.2756964,010
471,134,21.060076,4408,2021-06-28 16:31:21,52.306412,05
472,106,20.990229,4409,2021-06-28 16:31:23,52.234547,1
473,199,21.097229,4411,2021-06-28 16:31:23,52.294575,3
474,173,21.141228,4413,2021-06-28 16:31:23,52.237038,2
475,106,20.971258,4415,2021-06-28 16:31:22,52.231564,2
476,106,20.965666,4416,2021-06-28 16:31:22,52.243164,07
477,170,21.033937,4417,2021-06-28 16:31:20,52.258907,2
478,106,21.0112,4418,2021-06-28 16:31:22,52.239693,3
479,120,21.0509645,4419,2021-06-28 16:31:23,52.2525077,7
480,901,21.01375,4420,2021-06-28 16:31:24,52.230164,4
481,126,21.0020564,4421,2021-06-28 16:31:24,52.313125,1
482,338,21.047874,4422,2021-06-28 16:31:23,52.255112,02
483,106,21.014828,4423,2021-06-28 16:31:24,52.240574,5
484,901,21.0035446,4424,2021-06-28 16:31:24,52.2294679,2
485,156,20.959442,4425,2021-06-28 16:31:21,52.275715,5
486,166,21.029415,4427,2021-06-28 16:31:22,52.208576,4
487,156,21.0655772,4428,2021-06-28 16:31:24,52.2747009,4
488,303,20.9863344,4429,2021-06-28 16:31:23,52.2693842,2
489,106,21.0217082,4430,2021-06-28 16:31:24,52.2439739,08
490,338,21.1002354,4434,2021-06-28 16:31:23,52.2601866,03
491,122,20.8970153,5200,2021-06-28 16:31:13,52.2415797,08
492,171,21.0026033,5201,2021-06-28 16:31:18,52.2430254,8
493,517,21.0083518,5202,2021-06-28 16:31:17,52.2292135,09
494,523,20.910766,5203,2021-06-28 16:31:14,52.248496,020
495,401,20.862123,5204,2021-06-28 16:31:15,52.190351,013
496,105,20.899125,5205,2021-06-28 16:31:21,52.238708,5
497,131,21.0687643,5206,2021-06-28 16:31:23,52.1815344,2
498,182,21.085032,5207,2021-06-28 16:31:15,52.2362097,011
499,517,20.9568362,5208,2021-06-28 16:31:22,52.2149214,2
500,184,20.947738,5210,2021-06-28 16:30:46,52.235199,2
501,105,20.9157043,5211,2021-06-28 16:31:17,52.2197943,09
502,523,20.9664435,5212,2021-06-28 16:31:18,52.2182545,015
503,Z10,20.929758,5213,2021-06-28 16:31:10,52.223678,1
504,184,20.9240925,5214,2021-06-28 16:31:20,52.2606655,1
505,523,21.1076145,5215,2021-06-28 16:31:11,52.2489815,7
506,131,21.003432,5216,2021-06-28 16:31:21,52.2294119,8
507,189,20.9220493,5217,2021-06-28 16:31:11,52.1957285,11
508,122,20.976344,5218,2021-06-28 16:31:16,52.289806,011
509,401,20.8939033,5219,2021-06-28 16:31:14,52.1925113,6
510,124,20.9435096,5222,2021-06-28 16:31:17,52.1760536,1
511,190,20.9555098,5223,2021-06-28 16:31:14,52.2381839,7
512,517,21.0051284,5224,2021-06-28 16:31:18,52.2294648,4
513,523,21.0966617,5225,2021-06-28 16:31:22,52.2484791,6
514,401,21.0265731,5226,2021-06-28 16:31:19,52.1703275,4
515,189,20.8967456,5227,2021-06-28 16:31:12,52.2366066,024
516,124,20.9303971,5228,2021-06-28 16:31:20,52.1636376,2
517,131,21.029508,5229,2021-06-28 16:31:12,52.206906,5
518,523,21.0370867,5230,2021-06-28 16:31:22,52.2223759,016
519,189,20.9869751,5232,2021-06-28 16:31:18,52.1817022,7
520,148,21.1006679,5233,2021-06-28 16:31:16,52.2425292,011
521,105,20.896496,5234,2021-06-28 16:31:11,52.235321,011
522,105,20.896598,5235,2021-06-28 16:31:22,52.2192407,3
523,517,20.9113426,5236,2021-06-28 16:31:17,52.1966555,1
524,171,20.9159604,5237,2021-06-28 16:31:20,52.250977,6
525,401,20.8687754,5238,2021-06-28 16:31:23,52.1978007,7
526,182,21.1129387,5239,2021-06-28 16:31:21,52.2360165,9
527,184,20.9624776,5240,2021-06-28 16:31:15,52.2171402,3
528,187,21.0517199,5241,2021-06-28 16:31:20,52.1790626,8
529,190,20.9839985,5243,2021-06-28 16:31:16,52.2384346,011
530,189,20.9663759,5244,2021-06-28 16:31:22,52.1875896,018
531,105,20.8975688,5245,2021-06-28 16:31:18,52.22137,6
532,148,21.0201627,5246,2021-06-28 16:31:18,52.1524478,012
533,716,20.8649229,5247,2021-06-28 16:31:22,52.1960603,1
534,141,21.0823818,5248,2021-06-28 16:31:13,52.2409157,7
535,317,20.9549933,5249,2021-06-28 16:31:12,52.1855531,2
536,188,21.1044324,5250,2021-06-28 16:31:20,52.2464388,3
537,187,20.8969342,5251,2021-06-28 16:31:16,52.1965977,1
538,189,21.040748,5253,2021-06-28 16:31:18,52.170446,020
539,401,20.9102335,5254,2021-06-28 16:31:17,52.1953611,010
540,190,20.914373,5255,2021-06-28 16:31:14,52.235096,016
541,148,21.0170112,5256,2021-06-28 16:31:17,52.1528728,1
542,716,20.930448,5257,2021-06-28 16:31:09,52.225071,2
543,188,21.1154191,5258,2021-06-28 16:31:21,52.2442817,4
544,105,20.944243,5260,2021-06-28 16:31:19,52.226586,08
545,723,20.97724,5401,2021-06-28 16:31:21,52.313526,3
546,185,21.021984,5403,2021-06-28 16:31:23,52.142689,3
547,145,21.000263,5404,2021-06-28 16:31:24,52.291367,4
548,269,21.041004,5405,2021-06-28 16:31:23,52.289333,05
549,509,21.0687037,5406,2021-06-28 16:31:21,52.2256124,13
550,120,21.0479116,5407,2021-06-28 16:31:21,52.2858934,2
551,527,21.068516,5408,2021-06-28 16:31:23,52.323223,054
552,E-9,21.061504,5409,2021-06-28 16:31:18,52.30862,01
553,731,20.9393454,5410,2021-06-28 16:31:24,52.3960816,1
554,723,20.9155202,5412,2021-06-28 16:31:23,52.4007962,4
555,735,20.991295,5413,2021-06-28 16:31:23,52.285637,66
556,511,20.93515,5414,2021-06-28 16:31:23,52.298653,1
557,723,20.9287302,5416,2021-06-28 16:31:22,52.3705951,1
558,E-9,21.045631,5417,2021-06-28 16:31:21,52.302864,02
559,511,20.942663,5418,2021-06-28 16:31:23,52.34861,2
560,120,21.0544529,5419,2021-06-28 16:31:18,52.3338609,3
561,160,20.997686,5420,2021-06-28 16:31:23,52.233871,5
562,511,20.94241,5421,2021-06-28 16:31:23,52.348522,3
563,160,21.0029425,5423,2021-06-28 16:31:24,52.2293632,012
564,511,20.9651561,5424,2021-06-28 16:31:24,52.3321389,06
565,116,20.97304,5425,2021-06-28 16:31:23,52.271515,14
566,116,21.026772,5426,2021-06-28 16:31:24,52.211674,11
567,527,21.060287,5428,2021-06-28 16:31:22,52.314445,1
568,731,20.9638362,5429,2021-06-28 16:31:22,52.3332082,2
569,145,21.0879591,5430,2021-06-28 16:31:23,52.2447605,11
570,160,21.051558,5432,2021-06-28 16:31:21,52.2764901,7
571,414,21.002989,5434,2021-06-28 16:31:24,52.290752,08
572,527,21.0464477,5436,2021-06-28 16:31:22,52.2737261,3
573,705,20.9660989,5437,2021-06-28 16:31:24,52.2711849,1
574,731,20.9457751,5438,2021-06-28 16:31:22,52.3635784,4
575,738,21.146103,5439,2021-06-28 16:31:24,52.372715,2
576,705,21.029081,5441,2021-06-28 16:31:23,52.352577,64
577,160,21.055079,5443,2021-06-28 16:31:23,52.296638,2
578,E-9,20.986668,5444,2021-06-28 16:31:22,52.28344,04
579,705,21.048461,5445,2021-06-28 03:52:31,52.264575,65
580,735,21.023697,5446,2021-06-28 16:31:23,52.320484,62
581,114,20.949457,5447,2021-06-28 16:31:24,52.270596,08
582,705,21.086714,5448,2021-06-28 16:31:22,52.46862,63
583,160,21.056864,5449,2021-06-28 16:31:22,52.264519,3
584,511,20.93058,5453,2021-06-28 16:31:22,52.2911,4
585,160,21.0671952,5454,2021-06-28 16:31:23,52.3238335,09
586,169,21.0418507,5455,2021-06-28 16:31:24,52.3001657,4
587,269,21.0419675,5457,2021-06-28 16:31:24,52.3004427,04
588,180,21.0474449,5459,2021-06-28 16:31:24,52.207113,016
589,735,21.011826,5460,2021-06-28 16:31:21,52.453825,65
590,175,21.012825,5870,2021-06-28 16:31:20,52.243179,53
591,128,20.9888266,5871,2021-06-28 16:31:24,52.2250146,59
592,503,21.020533,5873,2021-06-28 16:31:16,52.231842,1
593,128,20.963459,5874,2021-06-28 16:31:23,52.207775,58
594,138,21.100847,5875,2021-06-28 16:31:19,52.260609,011
595,331,21.017626,5876,2021-06-28 16:31:24,52.161171,01
596,180,21.0485946,5877,2021-06-28 16:31:24,52.2057914,017
597,709,21.023783,5878,2021-06-28 16:31:22,52.180046,013
598,128,20.980356,5880,2021-06-28 16:31:19,52.201767,070
599,128,20.986307,5882,2021-06-28 16:31:20,52.2048,56
600,180,21.043184,5883,2021-06-28 16:31:20,52.2066,10
601,503,21.00742,5885,2021-06-28 16:31:23,52.248161,5
602,180,20.979774,5886,2021-06-28 16:31:19,52.250523,13
603,175,20.983261,5887,2021-06-28 16:31:19,52.196053,074
604,128,20.975494,5888,2021-06-28 16:31:21,52.204567,069
605,180,21.083868,5889,2021-06-28 16:31:22,52.167988,8
606,175,21.012684,5890,2021-06-28 16:31:24,52.229851,62
607,180,21.07185,5891,2021-06-28 16:31:20,52.179565,7
608,504,21.001682,5892,2021-06-28 16:31:21,52.22876,010
609,503,21.002554,5893,2021-06-28 16:31:21,52.254803,3
610,175,20.985754,5894,2021-06-28 16:31:22,52.204739,066
611,503,21.045502,5895,2021-06-28 16:31:21,52.191372,12
612,503,21.002281,5897,2021-06-28 16:31:22,52.25473,2
613,128,21.012556,5898,2021-06-28 16:31:19,52.243282,071
614,175,20.980797,5899,2021-06-28 16:31:23,52.190098,51
615,158,20.994032,5900,2021-06-28 16:31:21,52.2262,5
616,175,21.004908,5902,2021-06-28 16:31:24,52.228531,52
617,158,21.106503,5903,2021-06-28 16:31:24,52.236732,8
618,503,21.048443,5905,2021-06-28 16:31:19,52.151539,8
619,175,20.979244,5906,2021-06-28 16:31:21,52.170319,63
620,503,21.039972,5907,2021-06-28 16:31:21,52.169556,7
621,128,21.020075,5908,2021-06-28 16:31:22,52.231529,068
622,175,21.016695,5909,2021-06-28 16:31:24,52.240036,067
623,175,20.990751,5910,2021-06-28 16:31:22,52.224987,073
624,111,21.052639,5911,2021-06-28 16:31:19,52.238518,4
625,116,21.0179,5913,2021-06-28 16:31:17,52.237003,12
626,175,21.012793,5915,2021-06-28 16:31:22,52.242992,54
627,128,21.012938,5918,2021-06-28 16:31:23,52.243011,60
628,158,21.063417,5920,2021-06-28 16:31:23,52.240475,1
629,116,20.93401,5921,2021-06-28 16:31:22,52.278515,15
630,175,21.1163987,5923,2021-06-28 10:17:16,52.2339737,072
631,116,20.924744,5924,2021-06-28 16:31:22,52.27243,17
632,116,20.992153,5926,2021-06-28 16:31:22,52.262547,3
633,158,21.105097,5927,2021-06-28 16:31:24,52.237022,7
634,116,21.024334,5928,2021-06-28 16:31:21,52.223236,5
635,128,20.963671,5929,2021-06-28 16:31:22,52.207687,57
636,158,21.117678,5930,2021-06-28 16:31:24,52.233765,9
637,158,20.949078,5931,2021-06-28 16:31:22,52.210312,3
638,116,21.045431,5932,2021-06-28 16:31:19,52.191753,6
639,111,20.9794706,5933,2021-06-28 16:31:21,52.2444224,2
640,158,20.954943,5934,2021-06-28 16:31:18,52.213894,4
641,503,21.041758,5935,2021-06-28 16:31:21,52.171459,11
642,503,21.050217,5936,2021-06-28 16:31:23,52.144699,10
643,111,21.036491,5937,2021-06-28 16:31:21,52.234913,10
644,158,20.9974,5939,2021-06-28 16:31:22,52.2265,2
645,128,21.018066,5942,2021-06-28 16:31:19,52.231308,072
646,111,21.1024,5943,2021-06-28 16:31:20,52.222,7
647,111,21.015932,5944,2021-06-28 16:31:23,52.240765,013
648,158,21.0522,5945,2021-06-28 16:31:24,52.2385,6
649,111,21.102152,5946,2021-06-28 16:31:23,52.22451,8
650,111,21.065727,5947,2021-06-28 16:31:19,52.233383,5
651,503,21.034206,5948,2021-06-28 16:31:23,52.203018,013
652,503,21.002544,5950,2021-06-28 16:31:23,52.258472,4
653,180,20.947353,5951,2021-06-28 16:31:23,52.267799,2
654,518,20.967165,5952,2021-06-28 16:31:20,52.319073,7
655,160,21.048496,5954,2021-06-28 16:31:22,52.274513,010
656,160,21.0008,5956,2021-06-28 16:31:24,52.2285,013
657,111,21.017872,5958,2021-06-28 16:31:22,52.237057,011
658,160,21.058323,5959,2021-06-28 16:31:24,52.300991,08
659,111,20.979113,5960,2021-06-28 16:31:22,52.244366,3
660,190,21.085405,5961,2021-06-28 16:31:23,52.305019,024
661,116,21.008274,5962,2021-06-28 16:31:22,52.247787,13
662,111,20.992435,5963,2021-06-28 16:31:24,52.248363,1
663,518,20.979561,5964,2021-06-28 16:31:22,52.311134,3
664,518,20.986813,5965,2021-06-28 16:31:22,52.268257,08
665,518,20.942101,5966,2021-06-28 16:31:21,52.334373,2
666,160,21.015661,5967,2021-06-28 16:31:22,52.246796,011
667,180,21.020102,5970,2021-06-28 16:31:24,52.232292,11
668,518,20.942099,5972,2021-06-28 16:31:23,52.334572,1
669,E-9,20.969517,5973,2021-06-28 16:31:16,52.269882,03
670,518,20.974718,5975,2021-06-28 16:31:24,52.271362,4
671,180,21.025169,5976,2021-06-28 16:31:23,52.220013,6
672,503,21.049896,5978,2021-06-28 16:31:22,52.144558,9
673,503,21.023104,5979,2021-06-28 16:31:21,52.228302,6
674,111,21.093103,5980,2021-06-28 16:31:22,52.227791,6
675,705,21.037756,5981,2021-06-28 16:31:22,52.416744,07
676,111,21.064701,5982,2021-06-28 16:31:19,52.226795,9
677,175,20.978153,5983,2021-06-28 16:31:23,52.169243,65
678,180,20.981432,5984,2021-06-28 16:31:21,52.245193,4
679,180,20.953709,5985,2021-06-28 16:31:19,52.262009,14
680,180,21.012043,5986,2021-06-28 16:31:21,52.246372,12
681,180,21.0837,5987,2021-06-28 16:31:23,52.1681,9
682,180,20.925749,5988,2021-06-28 16:31:24,52.272415,1
683,116,20.953993,5989,2021-06-28 16:31:21,52.276333,1
684,705,21.033821,5990,2021-06-28 16:31:21,52.432442,08
685,116,20.954361,5991,2021-06-28 16:31:22,52.276302,2
686,518,21.01778,5994,2021-06-28 16:31:20,52.237389,6
687,116,21.066515,5995,2021-06-28 16:31:19,52.17186,7
688,116,20.924942,5996,2021-06-28 16:31:20,52.272282,16
689,116,21.052799,5997,2021-06-28 16:31:19,52.184452,10
690,518,21.020647,5998,2021-06-28 16:31:23,52.232059,5
691,116,21.084814,5999,2021-06-28 16:31:22,52.167255,8
692,184,20.931158,6200,2021-06-28 16:31:23,52.266491,7
693,112,21.0356286,6201,2021-06-28 16:31:23,52.2965542,11
694,187,21.048508,6203,2021-06-28 16:31:20,52.178192,9
695,167,21.068096,6204,2021-06-28 16:31:23,52.212452,013
696,728,20.942331,6207,2021-06-28 16:31:23,52.173958,02
697,Z10,20.920382,6208,2021-06-28 16:31:23,52.19751,7
698,703,20.8437144,6209,2021-06-28 16:31:23,52.066998,91
699,414,20.9673035,6210,2021-06-28 16:31:24,52.2072859,04
700,713,20.9045049,6212,2021-06-28 16:31:21,52.217282,3
701,414,20.9565782,6213,2021-06-28 16:31:20,52.231997,03
702,184,20.9637692,6214,2021-06-28 16:31:19,52.2081382,5
703,191,20.9825864,6215,2021-06-28 16:31:22,52.217667,6
704,105,20.928345,6216,2021-06-28 16:31:24,52.223087,7
705,167,21.00894,6217,2021-06-28 16:31:22,52.207741,1
706,105,20.898827,6218,2021-06-28 16:31:24,52.238808,010
707,136,21.042292,6220,2021-06-28 16:31:22,52.147984,4
708,189,21.031458,6221,2021-06-28 16:31:22,52.173485,13
709,187,20.965717,6222,2021-06-28 16:31:20,52.217972,5
710,105,20.898827,6223,2021-06-28 16:31:23,52.238762,4
711,517,20.8616984,6224,2021-06-28 16:31:24,52.1909531,6
712,717,20.9586567,6225,2021-06-28 16:31:22,52.2158586,2
713,716,20.85354,6226,2021-06-28 16:31:22,52.190792,3
714,188,20.977783,6227,2021-06-28 16:31:21,52.17276,1
715,190,20.915051,6228,2021-06-28 16:31:23,52.23241,3
716,187,20.987762,6229,2021-06-28 16:31:23,52.216473,6
717,706,20.922976,6231,2021-06-28 16:31:22,52.156464,03
718,190,21.085835,6232,2021-06-28 16:31:23,52.303299,9
719,191,20.96386,6233,2021-06-28 16:31:22,52.215599,4
720,414,20.985058,6234,2021-06-28 16:31:21,52.282501,02
721,112,20.9843039,6236,2021-06-28 16:31:23,52.2824947,10
722,114,20.9542009,6237,2021-06-28 16:31:22,52.2692924,4
723,728,20.868176,6239,2021-06-28 16:31:23,52.034252,1
724,414,21.040113,6240,2021-06-28 16:31:23,52.288094,01
725,517,20.875875,6241,2021-06-28 16:31:22,52.198528,5
726,182,21.037252,6242,2021-06-28 16:31:23,52.222435,7
727,706,20.9080184,6243,2021-06-28 16:31:19,52.1440967,2
728,L29,20.561249,65471,2021-06-28 16:31:18,52.256474,1
729,L-7,20.913422,66521,2021-06-28 16:31:22,52.321011,1
730,L-7,20.810484,66523,2021-06-28 16:31:23,52.210098,2
731,L-6,20.898076,66524,2021-06-28 16:31:19,52.258033,02
732,L-6,20.692253,66525,2021-06-28 16:31:21,52.239101,1
733,190,21.0741139,7200,2021-06-28 16:31:24,52.285233,10
734,189,20.915087,7201,2021-06-28 16:31:22,52.20282,6
735,112,20.942467,7202,2021-06-28 16:31:24,52.277607,019
736,141,20.9439219,7203,2021-06-28 16:31:24,52.1756432,4
737,317,20.944441,7204,2021-06-28 16:31:22,52.175346,07
738,131,21.0038717,7205,2021-06-28 16:31:23,52.2297264,011
739,523,20.9826772,7206,2021-06-28 16:31:23,52.2159997,10
740,189,21.062624,7207,2021-06-28 16:31:22,52.186142,019
741,414,20.972134,7208,2021-06-28 16:31:23,52.206261,06
742,721,20.889481,7212,2021-06-28 16:31:23,52.114033,02
743,112,20.914404,7213,2021-06-28 16:31:23,52.235897,5
744,191,20.9140532,7214,2021-06-28 16:31:23,52.199543,2
745,112,20.913719,7215,2021-06-28 16:31:19,52.237003,8
746,713,20.798975,7216,2021-06-28 16:31:24,52.210323,2
747,189,20.9191211,7219,2021-06-28 16:31:24,52.1984152,022
748,187,20.947229,7222,2021-06-28 16:31:23,52.208466,12
749,122,20.976654,7223,2021-06-28 16:31:24,52.266426,2
750,721,20.8760699,7225,2021-06-28 16:31:22,52.0763311,1
751,706,20.943815,7226,2021-06-28 16:31:15,52.175761,1
752,114,20.921804,7227,2021-06-28 16:31:21,52.313564,3
753,114,20.9969492,7228,2021-06-28 16:31:24,52.271049,1
754,112,21.040443,7229,2021-06-28 16:31:23,52.28751,014
755,517,20.912868,7230,2021-06-28 16:31:24,52.198326,08
756,713,20.89995,7231,2021-06-28 16:31:24,52.216904,04
757,717,20.840965,7232,2021-06-28 16:31:23,52.18182,1
758,189,20.899054,7233,2021-06-28 16:31:21,52.238663,3
759,713,20.789885,7234,2021-06-28 16:31:24,52.21056,1
760,187,21.0467692,7235,2021-06-28 16:31:24,52.2128082,10
761,184,20.954067,7237,2021-06-28 16:31:23,52.227627,6
762,141,20.966658,7238,2021-06-28 16:31:23,52.187466,5
763,189,20.9164349,7239,2021-06-28 16:31:22,52.2245749,16
764,184,20.938332,7240,2021-06-28 16:31:23,52.275169,8
765,317,21.084368,7241,2021-06-28 16:31:22,52.167912,5
766,141,21.0233887,7242,2021-06-28 16:31:23,52.1971897,1
767,523,21.014107,7243,2021-06-28 16:31:23,52.216866,9
768,401,20.986349,7244,2021-06-28 16:31:23,52.181824,3
769,187,21.047583,7245,2021-06-28 16:31:23,52.211269,7
770,190,21.034222,7247,2021-06-28 16:31:24,52.254524,017
771,188,21.011135,7248,2021-06-28 16:31:22,52.217136,5
772,171,21.001038,7249,2021-06-28 16:31:22,52.244102,3
773,317,20.9458937,7250,2021-06-28 16:31:22,52.1781247,3
774,105,20.966951,7251,2021-06-28 16:31:22,52.228401,2
775,167,21.0483141,7252,2021-06-28 16:31:22,52.208355,4
776,122,20.952494,7254,2021-06-28 16:31:22,52.26292,1
777,191,20.951859,7256,2021-06-28 16:31:24,52.211548,8
778,190,20.9234676,7257,2021-06-28 16:31:24,52.2404027,012
779,187,21.0133319,7258,2021-06-28 16:31:23,52.2169669,11
780,189,20.9150577,7259,2021-06-28 16:31:17,52.2029789,15
781,125,21.138958,7301,2021-06-28 16:31:21,52.228996,08
782,507,21.052029,7303,2021-06-28 16:31:24,52.236328,5
783,188,21.0742672,7304,2021-06-28 16:31:24,52.232285,07
784,138,21.0426202,7305,2021-06-28 16:31:24,52.2539367,4
785,151,21.005108,7306,2021-06-28 16:31:21,52.218891,04
786,509,20.9407832,7307,2021-06-28 16:31:24,52.3281279,7
787,138,21.0172322,7308,2021-06-28 16:31:24,52.2175564,1
788,188,20.984928,7310,2021-06-28 16:31:23,52.202168,2
789,182,20.9727907,7312,2021-06-28 16:31:24,52.2192424,5
790,E-1,21.0464584,7314,2021-06-28 16:31:24,52.2351511,01
791,143,21.0793067,7315,2021-06-28 16:31:24,52.2367565,7
792,188,21.046705,7316,2021-06-28 16:31:22,52.224945,08
793,402,20.993624,7317,2021-06-28 16:31:23,52.178997,3
794,182,20.982962,7318,2021-06-28 16:31:24,52.215969,4
795,182,21.0109107,7319,2021-06-28 16:31:23,52.2171571,3
796,411,21.09001,7320,2021-06-28 16:31:23,52.225391,01
797,182,21.0112589,7322,2021-06-28 16:31:24,52.2173887,8
798,E-1,21.0810752,7323,2021-06-28 16:31:23,52.2261097,02
799,138,21.100559,7325,2021-06-28 16:31:21,52.260639,3
800,141,21.047606,7326,2021-06-28 16:31:23,52.210026,6
801,E-1,21.1024,7327,2021-06-28 16:31:22,52.222,03
802,182,21.094839,7328,2021-06-28 16:31:23,52.235016,1
803,523,21.091234,7329,2021-06-28 16:31:21,52.249939,017
804,171,20.92515,7330,2021-06-28 16:31:23,52.272469,5
805,162,21.0270397,7331,2021-06-28 16:31:24,52.2364371,013
806,141,21.1128889,7333,2021-06-28 16:31:23,52.2362645,8
807,116,21.084154,7334,2021-06-28 16:31:22,52.167854,69
808,110,20.948135,742,2021-06-28 16:31:19,52.276993,1
809,750,20.91832,744,2021-06-28 16:31:22,52.316689,05
810,750,20.722155,745,2021-06-28 16:31:18,52.393665,07
811,250,20.868591,746,2021-06-28 16:31:24,52.332863,1
812,850,20.953642,749,2021-06-28 16:31:23,52.286243,2
813,150,20.907827,750,2021-06-28 16:31:17,52.32589,1
814,750,20.872408,755,2021-06-28 16:31:25,52.346363,2
815,110,20.92407,757,2021-06-28 16:31:18,52.281223,3
816,150,20.847103,758,2021-06-28 16:31:21,52.341175,2
817,750,20.887484,761,2021-06-28 16:31:17,52.340828,4
818,750,20.773232,762,2021-06-28 16:31:20,52.383881,1
819,850,20.629568,763,2021-06-28 16:31:21,52.371918,1
820,151,21.044621,7701,2021-06-28 16:31:22,52.2243634,1
821,411,21.0161445,7702,2021-06-28 16:31:21,52.2174113,04
822,402,21.1557464,7703,2021-06-28 16:31:23,52.2398769,7
823,151,21.0858017,7704,2021-06-28 16:31:24,52.2347985,05
824,150,20.847250167,772,2021-06-28 16:31:21,52.341612,04
825,150,20.8997585,773,2021-06-28 16:31:22,52.3335725,05
826,150,20.930948,774,2021-06-28 16:31:22,52.292873,3
827,250,20.903799,775,2021-06-28 16:31:26,52.288959,3
828,250,20.901304,776,2021-06-28 16:31:25,52.296864,2
829,750,20.9106759,777,2021-06-28 16:31:25,52.3241444,3
830,167,21.0049061,8100,2021-06-28 16:30:45,52.2168218,6
831,143,21.1419223,8103,2021-06-28 16:31:22,52.2593693,011
832,167,20.934782,8108,2021-06-28 16:31:20,52.2342118,8
833,217,21.0434538,8109,2021-06-28 16:31:17,52.1752606,2
834,174,20.9997778,8110,2021-06-28 16:31:16,52.2312285,010
835,136,21.055971,8112,2021-06-28 16:31:20,52.1475231,014
836,709,21.0193746,8115,2021-06-28 16:31:15,52.0872793,8
837,174,21.008141,8119,2021-06-28 16:31:18,52.2072011,6
838,136,21.021055,8120,2021-06-28 16:31:22,52.160791,7
839,143,21.019678,8121,2021-06-28 16:31:22,52.21793,09
840,504,20.98617,8123,2021-06-28 16:31:09,52.204613,3
841,165,20.992248,8124,2021-06-28 16:31:06,52.163576,4
842,727,21.017768,8125,2021-06-28 16:31:21,52.155918,3
843,709,21.023441,8126,2021-06-28 16:31:14,52.0817793,014
844,402,21.049583,8130,2021-06-28 16:31:17,52.195311,5
845,136,20.9861773,8131,2021-06-28 16:31:16,52.204398,012
846,148,21.0468828,8133,2021-06-28 16:31:23,52.190077,5
847,402,21.045071,8134,2021-06-28 16:31:06,52.179923,9
848,167,20.9697446,8135,2021-06-28 16:31:13,52.2135338,9
849,162,21.0294091,8136,2021-06-28 16:31:21,52.2480388,08
850,162,21.033706,8137,2021-06-28 16:31:07,52.256166,011
851,162,21.0371201,8138,2021-06-28 16:31:17,52.2568228,7
852,136,21.0025388,8139,2021-06-28 16:31:21,52.177698,016
853,168,21.001648,8140,2021-06-28 16:31:11,52.19133,4
854,504,21.0435203,8143,2021-06-28 16:31:14,52.1455568,011
855,504,20.9794148,8144,2021-06-28 16:31:20,52.1846585,4
856,709,21.0129428,8145,2021-06-28 16:31:23,52.0722781,011
857,727,21.0177905,8146,2021-06-28 16:31:21,52.1339755,2
858,148,21.080141,8148,2021-06-28 16:31:15,52.205075,6
859,709,21.0214928,8152,2021-06-28 16:31:17,52.1779115,1
860,217,21.070221,8153,2021-06-28 16:31:18,52.1645288,1
861,136,20.9824518,8154,2021-06-28 16:31:18,52.1944953,8
862,131,21.0393838,8155,2021-06-28 16:31:08,52.2067151,9
863,709,21.0217636,8156,2021-06-28 16:31:18,52.0779065,6
864,308,21.0207051,8158,2021-06-28 16:31:21,52.189589,01
865,136,21.0557005,8160,2021-06-28 16:31:18,52.1473885,5
866,504,20.9896398,8162,2021-06-28 16:31:14,52.2216931,1
867,331,21.0213723,8164,2021-06-28 16:31:11,52.1772955,05
868,331,20.9781088,8165,2021-06-28 16:31:17,52.1695318,03
869,709,21.0183351,8166,2021-06-28 16:31:19,52.1136803,9
870,148,21.0488806,8167,2021-06-28 16:31:17,52.1615456,4
871,218,21.0023445,8168,2021-06-28 16:31:15,52.1829993,3
872,504,21.0056595,8169,2021-06-28 16:31:20,52.1715655,5
873,131,21.0166146,8170,2021-06-28 16:31:05,52.2223253,1
874,167,20.9409743,8172,2021-06-28 16:31:16,52.234027,010
875,143,21.020088,8173,2021-06-28 16:31:08,52.218119,010
876,218,21.0104745,8174,2021-06-28 16:31:11,52.1890706,1
877,727,21.0087136,8175,2021-06-28 16:31:17,52.0578336,4
878,709,21.0176628,8176,2021-06-28 16:31:16,52.158864,3
879,143,21.0070663,8177,2021-06-28 16:31:16,52.2171843,5
880,138,20.9952196,8178,2021-06-28 16:31:15,52.1702586,7
881,709,21.026414,8181,2021-06-28 16:31:19,52.0766506,7
882,136,20.992707,8182,2021-06-28 16:31:18,52.188731,2
883,218,21.024174,8183,2021-06-28 16:31:22,52.179765,4
884,131,21.0156785,8184,2021-06-28 16:31:17,52.223254,6
885,143,21.1147878,8185,2021-06-28 16:31:22,52.2397305,8
886,217,21.023958,8187,2021-06-28 16:31:20,52.179694,4
887,185,20.973964,8188,2021-06-28 16:31:13,52.279286,9
888,504,21.0567106,8189,2021-06-28 16:31:22,52.1311716,7
889,709,21.0185155,8190,2021-06-28 16:31:20,52.1183238,5
890,131,21.0690203,8192,2021-06-28 16:31:21,52.1813841,4
891,504,21.0042321,8195,2021-06-28 16:31:14,52.23011,2
892,504,20.9809773,8196,2021-06-28 16:31:21,52.1906606,013
893,218,21.017191,8197,2021-06-28 16:31:11,52.1891453,2
894,331,21.0021676,8198,2021-06-28 16:31:19,52.158429,02
895,174,21.0094298,8199,2021-06-28 16:31:17,52.2047428,4
896,402,21.0074441,8201,2021-06-28 16:31:19,52.1773638,4
897,151,21.115749,8202,2021-06-28 10:44:07,52.233741,05
898,151,21.1175305,8204,2021-06-28 10:20:01,52.2338373,06
899,151,21.022649,8208,2021-06-28 16:31:15,52.218696,2
900,521,21.1865015,8214,2021-06-28 16:31:09,52.1859281,1
901,125,21.177033,8216,2021-06-28 16:31:07,52.206355,2
902,182,20.964435,8218,2021-06-28 16:31:12,52.217703,013
903,509,21.046949,8220,2021-06-28 16:31:21,52.248229,023
904,182,21.0200453,8222,2021-06-28 16:31:18,52.2179273,2
905,509,21.1024406,8223,2021-06-28 16:31:19,52.221834,024
906,151,21.105091,8225,2021-06-28 16:31:15,52.2305376,06
907,509,21.020673,8228,2021-06-28 16:31:17,52.26668,10
908,521,21.0621471,8229,2021-06-28 16:31:14,52.2402588,2
909,523,20.93778,8231,2021-06-28 16:31:10,52.239633,021
910,162,21.0490903,8233,2021-06-28 16:31:13,52.2023688,014
911,145,21.0923625,8300,2021-06-28 16:31:12,52.286265,2
912,145,21.1268505,8301,2021-06-28 16:31:11,52.2586006,9
913,509,21.0461245,8303,2021-06-28 16:31:20,52.2480701,3
914,171,20.9265648,8304,2021-06-28 16:31:06,52.2721745,010
915,509,21.116975,8305,2021-06-28 09:25:27,52.233583,022
916,117,21.1004143,8306,2021-06-28 16:31:22,52.2221785,3
917,116,21.0158798,8309,2021-06-28 16:31:22,52.241356,4
918,141,20.979251,8310,2021-06-28 16:31:22,52.184118,2
919,168,21.0097321,8311,2021-06-28 16:31:20,52.2030965,3
920,151,21.084643,8312,2021-06-28 16:31:05,52.233573,3
921,720,21.0901865,8313,2021-06-28 16:31:19,52.2447373,02
922,162,21.0460891,8314,2021-06-28 16:31:18,52.2154175,2
923,117,21.1025433,8315,2021-06-28 16:31:11,52.2220768,06
924,521,20.969454,8318,2021-06-28 16:31:13,52.210438,4
925,185,21.0486893,8319,2021-06-28 16:31:15,52.2073055,11
926,151,21.116836,8320,2021-06-28 09:58:49,52.233566,04
927,162,21.0552786,8322,2021-06-28 16:31:16,52.1939116,5
928,509,20.94986,8323,2021-06-28 16:31:17,52.3197938,9
929,148,21.0873641,8324,2021-06-28 16:31:19,52.244727,7
930,523,21.117114,8325,2021-06-28 09:13:38,52.233506,019
931,143,21.1781836,8326,2021-06-28 16:31:19,52.2586005,1
932,145,21.1344461,8328,2021-06-28 16:31:22,52.2442105,1
933,507,21.1024216,8329,2021-06-28 16:31:14,52.2219445,08
934,148,20.9862013,8330,2021-06-28 16:31:12,52.1616346,2
935,145,21.0565398,8332,2021-06-28 16:31:20,52.2923813,7
936,523,20.8983561,8333,2021-06-28 16:31:15,52.2584658,12
937,148,20.973737,8334,2021-06-28 16:31:12,52.1711963,3
938,145,21.1253211,8335,2021-06-28 16:31:22,52.2348646,014
939,143,21.168085,8337,2021-06-28 16:31:10,52.263568,2
940,125,21.041403,8340,2021-06-28 16:30:53,52.241423,4
941,523,21.0841218,8341,2021-06-28 16:31:03,52.2433148,5
942,507,21.102065,8342,2021-06-28 16:31:16,52.22207,1
943,171,20.954521,8343,2021-06-28 16:31:10,52.237998,09
944,502,21.2065717,8344,2021-06-28 16:31:11,52.2242467,1
945,507,21.017345,8345,2021-06-28 16:31:10,52.2308067,3
946,145,21.04733,8348,2021-06-28 16:31:16,52.2865017,3
947,507,21.061665,8349,2021-06-28 16:31:10,52.230831,6
948,145,21.1039817,8350,2021-06-28 16:31:19,52.2420783,012
949,507,21.00524,8351,2021-06-28 16:31:06,52.229503,4
950,502,21.081793,8352,2021-06-28 16:31:13,52.235811,4
951,523,20.9562283,8353,2021-06-28 16:31:19,52.2374983,2
952,502,21.098855,8354,2021-06-28 16:31:15,52.234553,011
953,523,21.085761,8356,2021-06-28 16:31:21,52.245143,8
954,514,21.0156083,8358,2021-06-28 16:31:23,52.219235,3
955,523,20.976001,8359,2021-06-28 16:31:19,52.218058,3
956,507,21.102799,8360,2021-06-28 16:31:23,52.222136,7
957,202,21.043248,8361,2021-06-28 16:31:04,52.246151,1
958,502,21.015425,8362,2021-06-28 16:31:15,52.218175,2
959,188,20.978243,8363,2021-06-28 16:31:21,52.169438,6
960,138,21.0224367,8364,2021-06-28 16:31:14,52.20716,6
961,514,21.243846,8365,2021-06-28 16:31:04,52.248706,1
962,523,21.011868,8366,2021-06-28 16:31:22,52.217163,4
963,502,21.2432417,8368,2021-06-28 16:31:19,52.2214433,5
964,145,21.094801,8398,2021-06-28 16:31:04,52.28618,013
965,402,21.112991,8403,2021-06-28 16:31:10,52.227403,011
966,521,21.1700451,8408,2021-06-28 16:31:19,52.202306,07
967,143,21.138134,8410,2021-06-28 16:31:17,52.243404,012
968,523,20.897723,8414,2021-06-28 16:31:07,52.258806,13
969,148,21.046133,8417,2021-06-28 16:31:14,52.164479,9
970,148,21.051431,8430,2021-06-28 16:31:19,52.196678,010
971,162,21.0366488,8437,2021-06-28 16:31:18,52.2524375,012
972,125,21.1965711,8438,2021-06-28 16:31:18,52.2084118,1
973,162,21.037283,8440,2021-06-28 16:31:15,52.218189,015
974,145,21.021866,8441,2021-06-28 16:31:24,52.286713,6
975,269,21.057276,8442,2021-06-28 16:31:22,52.270615,01
976,723,21.0005762,8443,2021-06-28 16:31:23,52.2929549,2
977,114,20.990763,8445,2021-06-28 16:31:23,52.270267,5
978,120,21.056149,8446,2021-06-28 16:31:19,52.269375,6
979,731,21.000877,8447,2021-06-28 16:31:24,52.291264,3
980,160,21.0683459,8448,2021-06-28 16:31:22,52.3234937,1
981,132,21.0791967,8449,2021-06-28 16:31:22,52.3239914,04
982,412,21.046644,8450,2021-06-28 16:31:20,52.259762,052
983,112,20.938368,8451,2021-06-28 16:31:23,52.275478,6
984,527,21.050222,8452,2021-06-28 16:31:18,52.290867,06
985,160,21.013908,8453,2021-06-28 16:31:23,52.246727,014
986,160,20.997927,8454,2021-06-28 16:31:23,52.234348,4
987,160,21.060024,8455,2021-06-28 16:31:22,52.268475,6
988,132,20.977926,8457,2021-06-28 16:31:22,52.279484,08
989,527,21.05164,8458,2021-06-28 16:31:24,52.291954,055
990,Z26,21.000593,8459,2021-06-28 16:31:23,52.244137,3
991,412,21.051598,8460,2021-06-28 16:31:23,52.252735,053
992,120,21.0617777,8461,2021-06-28 16:31:24,52.3618027,4
993,414,20.9667959,8462,2021-06-28 16:31:20,52.2145954,05
994,511,20.9656644,8463,2021-06-28 16:31:24,52.3310422,05
995,509,21.05591,8465,2021-06-28 16:31:22,52.238354,2
996,136,21.021325,8500,2021-06-28 16:31:14,52.157413,3
997,501,21.0482633,8501,2021-06-28 16:31:24,52.1781,06
998,138,21.001674,8502,2021-06-28 16:31:21,52.190821,9
999,189,20.913966,8503,2021-06-28 16:31:07,52.212913,5
1000,522,21.067621,8504,2021-06-28 16:31:04,52.170315,4
1001,401,20.9383967,8505,2021-06-28 16:31:19,52.1941383,2
1002,131,21.052243,8506,2021-06-28 16:31:04,52.196566,7
1003,501,21.004816,8507,2021-06-28 16:31:11,52.229325,4
1004,138,21.069513,8508,2021-06-28 16:31:12,52.260575,2
1005,189,20.8971567,8509,2021-06-28 16:31:07,52.227525,1
1006,501,21.0417483,8510,2021-06-28 16:31:13,52.19537,1
1007,189,20.8987517,8511,2021-06-28 16:31:21,52.2387067,027
1008,Z26,20.974358,8512,2021-06-28 16:31:12,52.235426,4
1009,186,20.9785283,8513,2021-06-28 16:31:01,52.3123267,013
1010,733,20.81097,8514,2021-06-28 16:31:14,52.041225,01
1011,Z26,21.0298667,8515,2021-06-28 16:31:11,52.2526833,7
1012,522,21.06846,8516,2021-06-28 16:31:22,52.16924,2
1013,141,21.0475233,8517,2021-06-28 16:31:11,52.2023583,10
1014,519,21.016815,8519,2021-06-28 16:31:20,52.2138233,7
1015,519,21.067979,8520,2021-06-28 16:31:20,52.170313,1
1016,733,20.8984817,8523,2021-06-28 16:31:16,52.1540183,62
1017,522,21.079818,8525,2021-06-28 16:31:22,52.157551,011
1018,172,21.05928,8526,2021-06-28 16:31:07,52.183788,63
1019,172,21.024055,8528,2021-06-28 16:31:16,52.19903,5
1020,308,21.0164033,8530,2021-06-28 16:31:17,52.1890367,02
1021,172,20.980226,8532,2021-06-28 16:31:13,52.210298,1
1022,Z26,21.0343283,8533,2021-06-28 16:31:21,52.2544483,2
1023,138,21.0522383,8534,2021-06-28 16:31:06,52.2375017,5
1024,522,21.03443,8535,2021-06-28 16:31:13,52.202803,1
1025,172,20.993586,8536,2021-06-28 16:31:19,52.196573,6
1026,522,21.035109,8537,2021-06-28 16:31:15,52.202145,5
1027,709,21.018139,8539,2021-06-28 16:31:20,52.132069,4
1028,172,20.961395,8540,2021-06-28 16:31:12,52.21673,8
1029,185,21.047351,8541,2021-06-28 16:31:08,52.210853,6
1030,172,20.9694633,8543,2021-06-28 16:31:22,52.2136733,9
1031,519,21.002183,8544,2021-06-28 16:31:13,52.227946,4
1032,522,21.056353,8546,2021-06-28 16:31:19,52.181196,012
1033,522,21.011995,8547,2021-06-28 16:31:13,52.2289267,6
1034,402,21.15615,8548,2021-06-28 16:31:15,52.240348,010
1035,186,20.956386,8549,2021-06-28 16:31:18,52.230463,015
1036,186,20.94964,8550,2021-06-28 16:31:18,52.2580917,016
1037,709,21.017459,8551,2021-06-28 16:31:07,52.153095,10
1038,136,20.959045,8552,2021-06-28 16:31:15,52.2378467,10
1039,Z26,20.979458,8555,2021-06-28 16:31:22,52.236651,5
1040,519,21.0848083,8556,2021-06-28 16:31:16,52.16761,6
1041,Z26,20.979665,8558,2021-06-28 16:31:23,52.237344,08
1042,217,21.0544,8559,2021-06-28 16:31:09,52.172886,06
1043,519,21.097964,8560,2021-06-28 16:31:08,52.122864,2
1044,411,21.10247,8561,2021-06-28 16:31:03,52.222118,02
1045,521,21.125135,8562,2021-06-28 16:31:23,52.235015,09
1046,402,20.995999,8563,2021-06-28 16:31:21,52.179619,2
1047,521,21.204495,8564,2021-06-28 16:31:06,52.159376,08
1048,502,21.157591,8565,2021-06-28 16:31:13,52.226061,014
1049,502,21.2175,8566,2021-06-28 16:31:17,52.214408,6
1050,402,20.99261,8567,2021-06-28 16:31:14,52.1775217,014
1051,509,20.9720183,8568,2021-06-28 16:31:23,52.320745,021
1052,171,21.02288,8569,2021-06-28 16:31:21,52.228933,2
1053,411,21.0448583,8571,2021-06-28 16:31:20,52.2244183,03
1054,E-1,21.0574,8572,2021-06-28 16:31:19,52.227075,04
1055,202,21.0977367,8573,2021-06-28 16:31:21,52.2482033,2
1056,411,21.115896,8574,2021-06-28 10:20:57,52.233514,01
1057,720,21.463806,8576,2021-06-28 16:31:15,52.132971,1
1058,162,21.084988,8578,2021-06-28 16:31:19,52.193314,4
1059,125,21.1144783,8579,2021-06-28 16:31:13,52.2398017,09
1060,731,20.9389317,8583,2021-06-28 16:31:23,52.4214533,5
1061,269,21.0456717,8584,2021-06-28 16:31:15,52.280065,02
1062,269,21.041463,8585,2021-06-28 16:31:18,52.300089,03
1063,514,21.125509,8586,2021-06-28 16:31:15,52.232481,2
1064,523,21.115558,8587,2021-06-28 08:55:25,52.233753,3
1065,145,21.019504,8588,2021-06-28 16:31:13,52.289443,016
1066,514,21.1070267,8589,2021-06-28 16:31:11,52.2338817,4
1067,502,21.0154783,8590,2021-06-28 16:31:20,52.21882,3
1068,507,21.062848,8592,2021-06-28 16:31:07,52.229089,2
1069,145,21.0882017,8593,2021-06-28 16:31:09,52.2447433,10
1070,138,20.996054,8595,2021-06-28 16:31:03,52.16989,8
1071,186,20.9683858,8800,2021-06-28 16:31:18,52.2070285,10
1072,186,20.9715513,8801,2021-06-28 16:31:03,52.2059618,11
1073,185,21.0364261,8802,2021-06-28 16:31:19,52.1642468,1
1074,727,20.9895258,8803,2021-06-28 16:31:21,52.0492586,1
1075,217,21.031499,8804,2021-06-28 16:31:18,52.1775535,3
1076,185,21.038223,8805,2021-06-28 16:31:03,52.162103,4
1077,402,21.1401335,8806,2021-06-28 16:31:20,52.2367515,8
1078,131,21.0727113,8808,2021-06-28 16:31:16,52.1785406,3
1079,709,21.0241498,8809,2021-06-28 16:31:08,52.1799691,2
1080,174,21.0163615,8810,2021-06-28 16:31:22,52.1834735,1
1081,165,21.0239998,8811,2021-06-28 16:31:19,52.1797855,3
1082,167,20.9628825,8812,2021-06-28 16:31:14,52.2159796,011
1083,402,21.0250401,8813,2021-06-28 16:31:14,52.1733638,1
1084,167,21.03117,8814,2021-06-28 16:31:19,52.2069721,2
1085,167,21.0829835,8816,2021-06-28 16:31:17,52.2082913,3
1086,308,20.995648,8817,2021-06-28 16:31:12,52.183196,03
1087,504,20.995908,8818,2021-06-28 16:31:09,52.179601,9
1088,331,20.9855268,8819,2021-06-28 16:31:20,52.1664783,04
1089,522,21.0154328,8820,2021-06-28 16:31:17,52.217725,014
1090,174,21.0140348,8821,2021-06-28 16:31:23,52.1828656,08
1091,174,21.0049116,8822,2021-06-28 16:31:22,52.2186096,5
1092,522,21.0530786,8823,2021-06-28 16:31:18,52.1845191,015
1093,709,21.0177915,8825,2021-06-28 16:31:18,52.1361216,012
1094,504,21.0193986,8826,2021-06-28 16:31:21,52.1523628,8
1095,143,21.063714,8828,2021-06-28 16:31:14,52.228751,4
1096,509,21.0253598,8829,2021-06-28 16:31:16,52.2595948,4
1097,523,20.9605275,8830,2021-06-28 16:31:19,52.2165805,11
1098,125,21.0432233,8831,2021-06-28 16:31:01,52.2472476,5
1099,171,20.9551991,8832,2021-06-28 16:31:22,52.2381603,7
1100,141,21.0687555,8833,2021-06-28 16:31:18,52.2299948,9
1101,704,21.1601415,8834,2021-06-28 16:31:19,52.2258481,2
1102,521,21.1198501,8835,2021-06-28 16:31:22,52.2375638,5
1103,182,21.116311,8836,2021-06-28 10:16:22,52.233706,010
1104,182,20.9772028,8837,2021-06-28 16:31:14,52.2177685,6
1105,182,21.1129873,8838,2021-06-28 16:31:18,52.2362525,010
1106,704,21.262008,8839,2021-06-28 16:31:05,52.222349,1
1107,185,21.051444,8840,2021-06-28 16:31:20,52.178908,5
1108,125,21.1616443,8841,2021-06-28 16:31:16,52.225188,6
1109,521,20.9639011,8843,2021-06-28 16:31:09,52.2078256,3
1110,185,21.0217291,8844,2021-06-28 16:31:18,52.1428225,2
1111,402,21.0442475,8845,2021-06-28 16:31:00,52.177733,013
1112,143,21.095351,8846,2021-06-28 16:31:17,52.243744,3
1113,143,21.0053521,8847,2021-06-28 16:31:20,52.217308,6
1114,125,21.062838,8849,2021-06-28 16:31:20,52.246661,3
1115,521,21.2048953,8850,2021-06-28 16:31:12,52.1593916,6
1116,523,21.0122146,8851,2021-06-28 16:31:19,52.217103,019
1117,141,20.9443006,8852,2021-06-28 16:31:18,52.1754421,3
1118,125,21.1804445,8853,2021-06-28 16:31:17,52.206968,7
1119,509,20.94228,8854,2021-06-28 16:31:18,52.334548,8
1120,402,21.1241088,8855,2021-06-28 16:31:18,52.2331416,6
1121,512,21.051939,8856,2021-06-28 16:31:15,52.2528378,1
1122,509,21.0571061,8857,2021-06-28 16:31:11,52.2371526,12
1123,169,21.0401095,8858,2021-06-28 16:31:19,52.2509401,1
1124,112,20.9117861,8859,2021-06-28 16:31:20,52.2467381,4
1125,512,21.0568175,8861,2021-06-28 16:31:14,52.2839228,4
1126,412,21.0902456,8862,2021-06-28 16:31:10,52.3051433,04
1127,738,21.0527516,8864,2021-06-28 16:31:18,52.2766726,05
1128,500,21.0459893,8865,2021-06-28 10:43:17,52.2651186,08
1129,169,21.035914,8866,2021-06-28 16:31:22,52.296501,5
1130,162,21.0274645,8867,2021-06-28 16:31:19,52.259604,1
1131,190,20.8991636,8868,2021-06-28 16:31:20,52.238852,5
1132,190,21.0779216,8869,2021-06-28 16:31:07,52.2902163,023
1133,190,21.0779925,8871,2021-06-28 16:31:13,52.2899846,025
1134,190,21.0605983,8872,2021-06-28 16:31:09,52.2687305,026
1135,738,21.181482,8873,2021-06-28 16:31:19,52.417159,06
1136,500,21.0474346,8874,2021-06-28 16:31:18,52.2866556,3
1137,190,20.8988218,8875,2021-06-28 16:31:19,52.2388683,4
1138,162,21.083869,8876,2021-06-28 16:31:18,52.1926336,3
1139,512,21.0522778,8878,2021-06-28 16:31:19,52.2529151,06
1140,509,21.1020673,8879,2021-06-28 16:31:18,52.2219693,1
1141,709,20.996574,8880,2021-06-25 18:58:33,52.18762,016
1142,186,20.973117,8881,2021-06-28 16:31:19,52.2123995,014
1143,165,20.9957695,8882,2021-06-28 16:31:19,52.1562441,2
1144,175,20.9781903,8883,2021-06-28 16:31:16,52.1695213,64
1145,180,21.016323,8885,2021-06-28 16:31:18,52.240473,5
1146,167,21.042694,8886,2021-06-28 16:31:04,52.206628,5
1147,189,21.0006431,8887,2021-06-28 16:31:22,52.17843,021
1148,175,21.0132646,8888,2021-06-28 16:31:15,52.24253,61
1149,504,21.0684991,8891,2021-06-28 16:31:18,52.1292355,012
1150,165,21.013046,8892,2021-06-28 16:31:08,52.179749,1
1151,180,20.978958,8893,2021-06-28 16:31:13,52.253433,53
1152,217,21.039671,8894,2021-06-28 16:31:22,52.176191,05
1153,136,20.9787236,8895,2021-06-28 16:31:18,52.2106028,015
1154,174,20.9952056,8896,2021-06-28 16:31:19,52.1701063,07
1155,180,20.925004,8897,2021-06-28 16:30:43,52.272448,015
1156,167,20.9724963,8898,2021-06-28 16:31:21,52.2124978,7
1157,504,21.068761,8899,2021-06-28 16:31:06,52.128906,6
1158,161,21.202534,9061,2021-06-28 16:31:21,52.169903,2
1159,161,21.224827,9063,2021-06-28 16:31:23,52.186623,3
1160,262,21.08783,9064,2021-06-28 16:31:22,52.286556,03
1161,314,21.001247,9065,2021-06-28 16:31:22,52.315201,04
1162,314,21.008846,9066,2021-06-28 16:31:19,52.304256,02
1163,104,21.032402,9068,2021-06-28 16:31:23,52.30724,2
1164,161,21.22683,9070,2021-06-28 16:31:23,52.182171,1
1165,225,21.16032,9071,2021-06-28 16:31:21,52.258751,2
1166,225,21.09717,9074,2021-06-28 16:31:20,52.234257,4
1167,225,21.100142,9075,2021-06-28 16:31:22,52.223469,3
1168,211,20.974741,9077,2021-06-28 16:31:23,52.30632,08
1169,314,20.95281,9078,2021-06-28 16:31:21,52.317291,01
1170,262,21.053682,9080,2021-06-28 16:31:21,52.276299,1
1171,104,21.000214,9081,2021-06-28 16:31:21,52.291477,1
1172,314,21.036196,9082,2021-06-28 16:31:20,52.357979,03
1173,262,21.080151,9083,2021-06-28 16:31:21,52.27961,2
1174,225,21.157707,9088,2021-06-28 16:31:23,52.262692,1
1175,211,20.968719,9090,2021-06-28 16:31:24,52.320621,2
1176,211,20.943859,9091,2021-06-28 16:31:21,52.339085,07
1177,305,21.151606,9093,2021-06-28 16:31:23,52.227146,1
1178,900,20.952572,9094,2021-06-28 16:31:23,52.35482,1
1179,133,20.982347,9201,2021-06-28 16:31:18,52.35548,2
1180,164,21.137438,9203,2021-06-28 16:26:03,52.146651,05
1181,133,20.952532,9204,2021-06-28 16:31:16,52.317059,1
1182,239,21.015276,9205,2021-06-28 16:31:23,52.1464,51
1183,809,21.024397,9206,2021-06-28 16:31:22,52.142857,52
1184,809,20.993454,9208,2021-06-28 16:31:22,52.126465,54
1185,211,20.945274,9209,2021-06-28 16:31:19,52.349651,4
1186,177,20.892687,9210,2021-06-28 16:31:23,52.192799,3
1187,209,20.981068,9212,2021-06-28 16:31:24,52.132851,53
1188,211,20.979871,9213,2021-06-28 16:31:18,52.301265,6
1189,219,21.092064,9215,2021-06-28 16:31:21,52.2243,3
1190,208,20.975473,9216,2021-06-28 16:31:25,52.210246,1
1191,234,21.055767,9217,2021-06-28 16:31:23,52.324677,1
1192,239,21.037529,9218,2021-06-28 16:31:19,52.154903,057
1193,234,21.029976,9219,2021-06-28 16:31:19,52.312965,2
1194,203,20.9284,9220,2021-06-28 16:31:23,52.2911,1
1195,249,20.896233,9221,2021-06-28 16:31:22,52.239681,1
1196,211,21.000751,9223,2021-06-28 16:31:16,52.29108,1
1197,201,20.937851,9224,2021-06-28 16:31:23,52.235382,3
1198,208,20.959703,9225,2021-06-28 16:31:23,52.201645,04
1199,208,20.960724,9226,2021-06-28 16:31:23,52.215885,05
1200,208,20.975849,9227,2021-06-28 16:31:19,52.211147,2
1201,219,21.157753,9228,2021-06-28 16:31:23,52.192135,2
1202,219,21.150967,9229,2021-06-28 16:31:24,52.214077,1
1203,201,20.945129,9230,2021-06-28 16:31:21,52.238995,2
1204,209,21.028374,9232,2021-06-28 16:31:16,52.152134,056
1205,264,21.083921,9233,2021-06-28 16:31:24,52.167793,1
1206,203,20.916647,9234,2021-06-28 16:31:23,52.274105,2
1207,201,20.926756,9235,2021-06-28 16:31:19,52.262669,5
1208,201,20.938946,9236,2021-06-28 16:31:22,52.247116,4
1209,209,21.037813,9237,2021-06-28 16:31:21,52.153996,055
1210,208,20.946861,9238,2021-06-28 16:31:24,52.208214,03
1211,207,20.884754,9239,2021-06-28 16:31:21,52.194508,02
1212,177,20.883823,9240,2021-06-28 16:31:20,52.205662,1
1213,133,20.952057,9241,2021-06-28 16:31:19,52.318367,3
1214,201,20.925022,9242,2021-06-28 16:31:20,52.260551,06
1215,211,20.941973,9243,2021-06-28 16:31:23,52.33559,5
1216,207,20.892843,9244,2021-06-28 16:31:16,52.197365,01
1217,211,20.941439,9245,2021-06-28 16:31:24,52.35535,3
1218,164,21.090382,9246,2021-06-28 16:31:17,52.160164,04
1219,201,20.930513,9247,2021-06-28 16:31:21,52.255375,1
1220,177,20.868174,9248,2021-06-28 16:31:18,52.201481,2
1221,164,21.138184,9250,2021-06-28 16:31:20,52.145824,3
1222,164,21.058506,9251,2021-06-28 16:31:22,52.183346,2
1223,164,21.076582,9252,2021-06-28 16:31:07,52.167728,1
1224,211,20.961983,9254,2021-06-28 16:31:20,52.31715,09
1225,199,21.052961,9301,2021-06-28 16:31:24,52.276386,06
1226,739,21.023483,9302,2021-06-28 16:27:02,52.180019,2
1227,739,21.031565,9304,2021-06-28 16:31:21,52.09557,3
1228,179,21.057898,9311,2021-06-28 15:31:19,52.151245,10
1229,123,21.059111,9312,2021-06-28 16:31:19,52.235332,08
1230,179,21.048523,9313,2021-06-28 16:31:15,52.151657,11
1231,153,21.150221,9314,2021-06-28 16:31:17,52.270508,2
1232,179,21.021208,9315,2021-06-28 16:31:17,52.158131,2
1233,135,21.0835482,9316,2021-06-28 16:31:25,52.2326861,3
1234,135,21.031555,9317,2021-06-28 16:31:24,52.26535,6
1235,135,21.046207,9318,2021-06-28 16:31:24,52.248421,2
1236,135,21.03812,9319,2021-06-28 16:31:20,52.263393,1
1237,179,21.029413,9320,2021-06-28 16:31:23,52.161987,4
1238,179,21.037891,9321,2021-06-28 16:31:24,52.154324,5
1239,123,21.052345,9322,2021-06-28 16:31:18,52.250229,5
1240,135,21.107086,9323,2021-06-28 16:31:19,52.248299,07
1241,179,21.052954,9324,2021-06-28 16:31:23,52.13438,9
1242,179,21.025827,9325,2021-06-28 16:31:25,52.142502,51
1243,256,21.068691,9326,2021-06-28 16:31:22,52.324211,2
1244,142,21.216726,9327,2021-06-28 16:31:19,52.159309,3
1245,179,21.064873,9328,2021-06-28 16:31:20,52.131287,8
1246,153,21.170362,9329,2021-06-28 16:31:20,52.276878,04
1247,123,21.0773959,9331,2021-06-28 09:44:24,52.2687066,07
1248,123,21.077486,9332,2021-06-28 15:39:21,52.268074,08
1249,142,21.132895,9333,2021-06-28 16:31:23,52.21376,5
1250,739,21.017509,9334,2021-06-28 16:31:19,52.148293,1
1251,153,21.177071,9335,2021-06-28 16:31:24,52.256882,3
1252,135,21.082113,9336,2021-06-28 16:31:17,52.24052,5
1253,739,21.077931,9337,2021-06-28 16:31:22,52.266969,2
1254,179,21.045574,9338,2021-06-28 16:31:21,52.149967,6
1255,256,21.058315,9339,2021-06-28 16:31:24,52.300861,1
1256,153,21.161428,9340,2021-06-28 16:31:24,52.260067,1
1257,142,21.222532,9341,2021-06-28 16:31:25,52.167885,4
1258,739,21.044336,9342,2021-06-28 16:31:20,52.084679,4
1259,256,21.080946,9343,2021-06-28 16:31:22,52.27734,4
1260,135,21.035299,9344,2021-06-28 16:31:21,52.253948,08
1261,739,21.018837,9345,2021-06-28 16:31:20,52.097881,05
1262,179,21.060516,9346,2021-06-28 16:31:22,52.148571,7
1263,135,21.097612,9347,2021-06-28 16:31:17,52.2346,4
1264,123,21.084492,9348,2021-06-28 16:31:21,52.252686,09
1265,179,21.03697,9349,2021-06-28 16:31:25,52.162018,3
1266,123,21.051102,9350,2021-06-28 16:31:23,52.252571,357
1267,142,21.088341,9351,2021-06-28 16:31:24,52.244537,1
1268,123,21.094227,9352,2021-06-28 16:31:20,52.228031,6
1269,739,21.024277,9353,2021-06-28 16:31:21,52.179836,06
1270,123,21.091507,9354,2021-06-28 16:31:00,52.221935,07
1271,199,21.179729,9355,2021-06-28 16:31:16,52.269154,05
1272,256,21.044918,9356,2021-06-28 16:31:23,52.27898,3
1273,142,21.132656,9357,2021-06-28 16:31:23,52.215893,2
1274,142,21.077633,9358,2021-06-28 16:02:28,52.267822,4
1275,256,21.074125,9359,2021-06-28 16:31:20,52.268211,5
1276,102,21.043818,9401,2021-06-28 16:31:19,52.237644,2
1277,176,20.984432,9403,2021-06-28 16:31:20,52.35289,1
1278,176,21.030937,9405,2021-06-28 16:31:22,52.288147,05
1279,176,21.01123,9412,2021-06-28 16:31:22,52.300903,3
1280,197,20.953016,9413,2021-06-28 16:31:23,52.274738,012
1281,197,20.930447,9414,2021-06-28 16:31:21,52.256496,014
1282,103,20.968454,9415,2021-06-28 16:31:23,52.222054,2
1283,102,21.088554,9416,2021-06-28 16:31:23,52.250122,3
1284,157,20.9863,9417,2021-06-28 16:31:19,52.251198,7
1285,712,20.876266,9418,2021-06-28 16:31:23,52.284042,02
1286,516,20.942108,9420,2021-06-28 16:31:20,52.334137,5
1287,157,20.970276,9423,2021-06-28 16:31:24,52.210602,1
1288,103,20.965887,9424,2021-06-28 16:31:21,52.23344,4
1289,123,21.050787,9425,2021-06-28 16:31:24,52.240059,1
1290,157,20.986538,9426,2021-06-28 16:31:25,52.268311,3
1291,157,20.975212,9427,2021-06-28 16:31:24,52.289379,4
1292,157,20.984938,9428,2021-06-28 16:31:20,52.22036,9
1293,103,20.930204,9429,2021-06-28 16:31:20,52.290249,6
1294,157,20.963963,9432,2021-06-28 16:31:20,52.207943,10
1295,743,20.699839,9433,2021-06-28 16:31:23,52.212696,02
1296,176,20.982155,9434,2021-06-28 16:31:21,52.355652,04
1297,516,20.944286,9435,2021-06-28 16:31:22,52.319626,1
1298,157,20.986111,9436,2021-06-28 16:31:19,52.251202,2
1299,157,20.987598,9437,2021-06-28 16:31:22,52.267548,6
1300,197,20.943523,9438,2021-06-28 16:31:24,52.24527,011
1301,197,20.930693,9439,2021-06-28 16:31:23,52.223694,016
1302,516,21.00095,9440,2021-06-28 16:31:23,52.291172,3
1303,123,21.043978,9441,2021-06-28 16:31:23,52.249245,3
1304,103,20.963343,9442,2021-06-28 16:31:24,52.258305,5
1305,102,21.016441,9443,2021-06-28 16:31:20,52.240196,1
1306,103,20.968668,9444,2021-06-28 16:31:20,52.222057,3
1307,103,20.926661,9445,2021-06-28 16:31:22,52.290245,7
1308,103,20.958492,9446,2021-06-28 16:31:21,52.237823,1
1309,123,21.101627,9447,2021-06-28 16:31:20,52.223618,4
1310,157,20.99559,9448,2021-06-28 16:31:22,52.226654,011
1311,516,20.958794,9449,2021-06-28 16:31:19,52.32349,4
1312,157,20.976393,9451,2021-06-28 16:31:24,52.28986,5
1313,157,20.990644,9452,2021-06-28 16:31:21,52.235027,8
1314,176,20.988686,9453,2021-06-28 16:31:23,52.335945,2
1315,197,20.94141,9454,2021-06-28 16:31:20,52.226002,015
1316,712,20.886307,9455,2021-06-28 16:31:21,52.285915,1
1317,743,20.89761,9456,2021-06-28 16:31:21,52.21632,1
1318,197,20.951035,9457,2021-06-28 16:31:18,52.281227,013
1319,103,20.945751,9458,2021-06-28 16:31:19,52.26619,8
1320,194,20.862322667,9501,2021-06-28 16:31:15,52.194886833,5
1321,707,20.9421415,9502,2021-06-28 16:31:22,52.174744333,1
1322,159,21.046001167,9503,2021-06-28 16:31:22,52.215118,1
1323,103,20.950081167,9505,2021-06-28 16:31:25,52.280750167,09
1324,103,20.943875833,9506,2021-06-28 16:31:25,52.294603667,011
1325,220,20.901578,9509,2021-06-28 16:31:25,52.257251,3
1326,194,20.930367167,9510,2021-06-28 16:31:24,52.224955667,06
1327,737,21.0179665,9511,2021-06-28 16:31:22,52.127195833,56
1328,220,20.923677833,9513,2021-06-28 16:31:22,52.1743685,5
1329,715,20.943785833,9514,2021-06-28 16:31:25,52.1755285,53
1330,181,20.951144333,9515,2021-06-28 16:31:23,52.280742333,2
1331,737,20.911965833,9516,2021-06-28 16:31:24,52.059800667,54
1332,149,20.914379333,9518,2021-06-28 16:31:21,52.239111167,06
1333,149,20.897978167,9519,2021-06-28 16:31:25,52.247772,2
1334,159,21.085154167,9520,2021-06-28 16:31:21,52.193247667,8
1335,715,21.028926333,9521,2021-06-28 16:31:23,52.161970167,1
1336,220,20.902186833,9522,2021-06-28 16:31:21,52.194114,4
1337,220,20.8971295,9523,2021-06-28 16:31:20,52.226742333,07
1338,220,20.924952333,9524,2021-06-28 16:31:16,52.260644667,2
1339,194,20.931027,9525,2021-06-28 16:31:20,52.225234,3
1340,181,20.972304,9526,2021-06-28 16:31:22,52.282480833,1
1341,715,20.980095167,9528,2021-06-28 16:31:21,52.132705667,058
1342,715,20.964675,9529,2021-06-28 16:31:25,52.1289545,52
1343,707,21.011176667,9530,2021-06-28 16:31:25,52.074065833,03
1344,159,20.9549335,9531,2021-06-28 16:31:21,52.211987833,4
1345,194,20.8679855,9532,2021-06-28 16:31:24,52.1936825,1
1346,181,20.902462833,9533,2021-06-28 16:31:22,52.298443167,4
1347,181,20.907981,9534,2021-06-28 16:31:24,52.305643833,3
1348,159,21.049665833,9535,2021-06-28 16:31:23,52.203680833,7
1349,159,21.027508667,9537,2021-06-28 16:31:22,52.2241905,6
1350,737,21.018305667,9539,2021-06-28 16:31:25,52.124936,059
1351,220,20.896749333,9540,2021-06-28 16:31:16,52.2311275,1
1352,220,20.900633333,9542,2021-06-28 16:31:21,52.191134833,6
1353,737,21.037068667,9544,2021-06-28 16:31:19,52.161995167,07
1354,220,20.942966167,9545,2021-06-28 16:31:22,52.1743115,08
1355,149,20.939339167,9546,2021-06-28 16:31:22,52.245671667,5
1356,220,20.899790333,9548,2021-06-28 16:31:24,52.2581345,09
1357,149,20.8828425,9550,2021-06-28 16:31:25,52.251544333,1
1358,715,21.0363705,9551,2021-06-28 16:31:18,52.162309667,55
1359,149,20.937389833,9552,2021-06-28 16:31:25,52.239749333,3
1360,194,20.913594,9554,2021-06-28 16:31:24,52.209267,07
1361,194,20.9143895,9555,2021-06-28 16:31:22,52.206302667,2
1362,159,20.953556,9556,2021-06-28 16:31:24,52.212604833,3
1363,149,20.940392333,9557,2021-06-28 16:31:24,52.246587667,4
1364,194,20.878125,9558,2021-06-28 16:31:24,52.195841667,4
1365,159,20.993800667,9560,2021-06-28 16:31:21,52.226109167,5
1366,159,21.005389333,9561,2021-06-28 16:31:23,52.223000167,2
1367,118,21.015896,9671,2021-06-28 16:31:20,52.223217,2
1368,118,21.041355,9672,2021-06-28 16:31:24,52.300102,5
1369,326,20.96512,9673,2021-06-28 16:31:19,52.271755,04
1370,118,21.037611,9674,2021-06-28 16:31:21,52.232834,8
1371,152,21.026825,9676,2021-06-28 16:31:24,52.330372,5
1372,212,21.050995,9677,2021-06-28 16:31:23,52.29121,06
1373,118,21.014015,9678,2021-06-28 16:31:24,52.253063,7
1374,118,21.015406,9679,2021-06-28 16:31:23,52.219074,1
1375,326,21.061815,9680,2021-06-28 16:31:21,52.361702,02
1376,152,20.976778,9681,2021-06-28 16:31:18,52.334999,2
1377,212,21.030811,9682,2021-06-28 16:31:18,52.26099,5
1378,152,20.952448,9683,2021-06-28 16:31:19,52.317013,4
1379,212,21.035105,9684,2021-06-28 16:31:22,52.262421,1
1380,212,21.059578,9685,2021-06-28 16:31:21,52.274101,2
1381,326,20.988653,9686,2021-06-28 16:31:22,52.303707,05
1382,326,21.026438,9688,2021-06-28 16:31:22,52.322876,03
1383,118,21.0028,9689,2021-06-28 16:31:21,52.2906,4
1384,212,21.055468,9690,2021-06-28 16:31:25,52.297131,3
1385,326,21.045118,9692,2021-06-28 16:31:22,52.36084,01
1386,212,21.055828,9693,2021-06-28 16:31:20,52.275196,4
1387,152,20.969576,9695,2021-06-28 16:31:18,52.319981,1
1388,118,21.041403,9696,2021-06-28 16:31:21,52.300209,6
1389,118,21.0144,9697,2021-06-28 16:31:24,52.252098,3
1390,152,20.966465,9698,2021-06-28 16:31:18,52.329636,3
1391,710,21.099211,9801,2021-06-28 16:31:23,52.077129,4
1392,525,21.190289,9802,2021-06-28 16:31:21,52.20726,1
1393,184,20.964026,9803,2021-06-28 16:31:20,52.20805,069
1394,127,20.964561,9804,2021-06-28 16:31:23,52.217361,56
1395,710,21.097828,9805,2021-06-28 16:31:18,52.078209,2
1396,525,21.196741,9807,2021-06-28 16:31:22,52.208298,319
1397,127,21.027761,9808,2021-06-28 16:31:17,52.229939,2
1398,109,21.034292,9809,2021-06-28 16:31:21,52.225693,07
1399,710,21.096397,9810,2021-06-28 16:31:20,52.123787,5
1400,719,20.60228,9812,2021-06-28 16:31:22,52.259315,3
1401,109,20.92221,9813,2021-06-28 16:17:45,52.240268,08
1402,Z10,20.930819,9814,2021-06-28 16:31:23,52.224968,2
1403,525,21.003778,9815,2021-06-28 16:31:18,52.229736,09
1404,742,21.11735,9816,2021-06-28 16:31:21,52.094944,1
1405,719,20.875299,9818,2021-06-28 16:31:22,52.242065,04
1406,719,20.837906,9819,2021-06-28 16:31:19,52.248287,1
1407,719,20.844252,9820,2021-06-28 16:31:23,52.250542,2
1408,710,21.085762,9821,2021-06-28 16:31:21,52.131073,1
1409,525,21.161156,9822,2021-06-28 16:31:21,52.225803,010
1410,184,20.927765,9823,2021-06-28 16:31:17,52.247051,010
1411,525,21.164489,9825,2021-06-28 16:06:46,52.217367,5
1412,525,21.162195,9826,2021-06-28 16:31:21,52.223572,7
1413,185,20.972856,9827,2021-06-28 16:31:23,52.281308,8
1414,127,21.022785,9828,2021-06-28 16:31:21,52.228664,4
1415,525,21.130672,9829,2021-06-28 16:31:20,52.232708,6
1416,Z10,20.914495,9830,2021-06-28 16:31:24,52.235558,8
1417,710,21.011305,9831,2021-06-28 16:31:23,52.074207,3
1418,127,20.993532,9833,2021-06-28 16:31:22,52.226101,1
1419,525,21.016384,9834,2021-06-28 16:31:22,52.22263,4
1420,742,21.132151,9835,2021-06-28 16:31:21,52.079922,02
1421,525,21.015442,9836,2021-06-28 16:31:23,52.219139,3
1422,185,21.048811,9837,2021-06-28 16:31:18,52.177761,12
1423,525,21.078787,9838,2021-06-28 16:31:24,52.23502,2
1424,724,21.068043,9839,2021-06-28 16:31:17,52.12899,1
1425,127,20.923294,9840,2021-06-28 16:31:21,52.204117,6
1426,724,21.027542,9841,2021-06-28 16:31:20,52.067329,02
1427,127,20.940006,9843,2021-06-28 16:31:23,52.203938,7
1428,127,21.029572,9844,2021-06-28 16:31:19,52.239857,09
1429,127,21.019484,9845,2021-06-28 16:31:16,52.246254,3
1430,Z10,20.912523,9846,2021-06-28 16:31:19,52.241543,6
1431,Z10,20.912252,9847,2021-06-28 16:31:20,52.2425,4
1432,109,20.9478,9849,2021-06-28 16:31:20,52.234978,6
1433,109,20.997078,9851,2021-06-28 16:31:20,52.232697,5
1434,109,21.043886,9852,2021-06-28 16:31:22,52.222607,4
1435,109,20.93265,9853,2021-06-28 16:31:20,52.240284,1
1436,127,20.951767,9854,2021-06-28 16:31:18,52.211853,335
1437,186,20.987574,9901,2021-06-28 16:31:22,52.283939,1
1438,210,20.915121,9902,2021-06-28 16:31:25,52.283203,5
1439,140,21.052788,9903,2021-06-28 16:31:21,52.276787,04
1440,520,21.012657,9905,2021-06-28 16:31:24,52.228077,011
1441,520,21.002155,9906,2021-06-28 16:31:22,52.243099,3
1442,140,21.133142,9907,2021-06-28 16:31:23,52.35685,08
1443,140,21.090855,9908,2021-06-28 16:31:22,52.305603,09
1444,140,21.054562,9909,2021-06-28 16:31:20,52.275688,2
1445,719,20.61408,9912,2021-06-28 16:31:20,52.260448,05
1446,520,21.089296,9913,2021-06-28 16:31:20,52.235825,08
1447,520,21.136574,9914,2021-06-28 16:31:24,52.241138,09
1448,520,21.105894,9915,2021-06-28 16:31:23,52.233971,6
1449,520,21.001976,9916,2021-06-28 16:31:21,52.24369,4
1450,193,21.036875,9918,2021-06-28 16:31:21,52.16193,2
1451,193,21.024466,9919,2021-06-28 16:31:20,52.173317,3
1452,140,21.071815,9920,2021-06-28 16:31:24,52.282902,05
1453,140,21.129566,9921,2021-06-28 16:31:21,52.35284,06
1454,520,21.016346,9922,2021-06-28 16:31:22,52.222878,5
1455,193,20.995911,9923,2021-06-28 16:31:21,52.169899,4
1456,140,21.111191,9924,2021-06-28 16:31:23,52.360901,07
1457,193,21.035139,9926,2021-06-28 16:31:21,52.155724,1
1458,520,21.061127,9927,2021-06-28 16:31:21,52.228199,010
1459,140,21.102394,9928,2021-06-28 16:31:21,52.320015,3
1460,186,20.956535,9929,2021-06-28 16:31:20,52.265701,12
1461,193,20.995426,9930,2021-06-28 16:31:18,52.170189,5
1462,186,20.985273,9932,2021-06-28 16:31:21,52.306763,4
1463,520,21.021149,9933,2021-06-28 16:31:20,52.218216,2
1464,186,20.956474,9934,2021-06-28 16:31:23,52.316597,2
1465,520,21.134846,9935,2021-06-28 16:31:23,52.240944,1
1466,186,20.957329,9936,2021-06-28 16:31:24,52.240917,6
1467,520,21.143751,9937,2021-06-28 16:31:23,52.237503,7
1468,186,20.966059,9940,2021-06-28 16:31:24,52.318813,3
1469,186,20.96265,9941,2021-06-28 16:31:24,52.216026,8
1470,210,20.812054,9942,2021-06-28 16:31:23,52.3097,4
1471,109,20.970036,9943,2021-06-28 16:31:20,52.228878,2
1472,186,20.967373,9945,2021-06-28 16:31:22,52.214386,9
1473,210,20.809463,9946,2021-06-28 16:31:20,52.304729,3
1474,109,21.005724,9948,2021-06-28 16:31:21,52.228703,3
1475,210,20.928246,9949,2021-06-28 16:31:22,52.291008,1
1476,210,20.871077,9950,2021-06-28 16:31:25,52.288029,2
1477,186,20.962891,9951,2021-06-28 16:31:21,52.270294,5
1478,186,20.963791,9953,2021-06-28 16:31:23,52.207798,67
1479,140,21.074888,9954,2021-06-28 16:31:22,52.286171,1
1480,o97B,21.423098,9999,2021-06-28 14:27:55,50.302967,7
