,Lines,Lon,VehicleNumber,Time,Lat,Brigade
0,213,21.1825651,1001,2021-06-28 17:38:33,52.1841935,1
1,213,21.10237,1003,2021-06-28 17:38:26,52.222783,05
2,213,21.2095506,1004,2021-06-28 17:38:39,52.1607841,3
3,196,21.176218,1005,2021-06-28 17:38:37,52.2567833,2
4,196,21.177118,1008,2021-06-28 17:38:38,52.25695,03
5,213,21.188819,1009,2021-06-28 17:38:23,52.149823,4
6,213,21.1574146,1010,2021-06-28 17:38:30,52.2138961,2
7,311,21.0877601,1012,2021-06-28 17:38:33,52.222494,1
8,196,21.162908,1014,2021-06-28 17:38:26,52.257174,1
9,311,21.084254,1015,2021-06-28 17:38:31,52.239228,2
10,365,21.0208752,1021,2021-06-28 17:38:41,52.1794876,01
11,107,21.0105557,1023,2021-06-28 17:38:41,52.2365122,3
12,163,21.048985,1025,2021-06-28 17:38:39,52.178307,2
13,107,20.979332,1026,2021-06-28 17:38:41,52.2445486,5
14,108,21.0482591,1027,2021-06-28 17:38:42,52.211971,1
15,108,21.077291,1028,2021-06-28 17:38:41,52.200775,5
16,108,21.022633,1029,2021-06-28 17:38:41,52.229813,6
17,365,20.9967081,1031,2021-06-28 17:38:41,52.1697825,02
18,108,21.047382,1033,2021-06-28 17:38:41,52.177692,4
19,163,21.084303,1034,2021-06-28 17:38:40,52.168629,1
20,192,21.0685787,1037,2021-06-28 17:38:42,52.1291756,7
21,108,21.028706,1038,2021-06-28 17:38:32,52.178126,3
22,365,21.0247562,1039,2021-06-28 17:38:41,52.1795937,03
23,107,21.009501,1040,2021-06-28 17:38:32,52.239148,6
24,107,21.04757,1042,2021-06-28 17:38:12,52.210425,2
25,107,21.021049,1043,2021-06-28 17:38:30,52.223576,07
26,107,20.97961,1045,2021-06-28 17:38:40,52.24499,4
27,204,21.060279,1046,2021-06-28 17:38:37,52.315126,05
28,204,21.023128,1047,2021-06-28 17:38:26,52.277264,1
29,204,21.027166,1048,2021-06-28 17:38:34,52.278051,04
30,228,20.89289,1050,2021-06-28 17:38:33,52.2003483,1
31,228,20.936841,1051,2021-06-28 17:38:28,52.201893,2
32,328,20.9780233,1052,2021-06-28 17:38:30,52.1796433,01
33,129,20.939334,1053,2021-06-28 17:38:37,52.245923,4
34,228,20.963336,1054,2021-06-28 17:38:27,52.196998,3
35,129,20.9279467,1055,2021-06-28 17:38:35,52.23397,3
36,328,20.966208,1058,2021-06-28 17:38:23,52.199533,02
37,129,20.920031,1059,2021-06-28 17:38:38,52.209651,1
38,328,20.99466,1061,2021-06-28 17:38:42,52.1509287,03
39,192,21.047363,1062,2021-06-28 17:38:41,52.150951,51
40,192,21.03241,1064,2021-06-28 17:38:42,52.149448,2
41,163,21.091726,1065,2021-06-28 17:38:41,52.183582,04
42,107,21.049042,1066,2021-06-28 17:38:42,52.206364,1
43,163,21.085003,1068,2021-06-28 17:38:40,52.162121,3
44,192,21.0239352,1069,2021-06-28 17:38:42,52.1799686,4
45,163,21.0724269,1070,2021-06-28 17:38:41,52.1796246,05
46,192,21.068031,1074,2021-06-28 17:38:40,52.138897,6
47,108,21.082459,1076,2021-06-28 17:38:42,52.188755,2
48,192,21.024351,1077,2021-06-28 17:38:42,52.1798869,3
49,192,21.058025,1079,2021-06-28 17:38:42,52.139313,1
50,736,21.000834,1101,2021-06-28 17:38:35,52.2913366,02
51,132,20.9973443,1109,2021-06-28 17:38:29,52.2883718,2
52,303,20.9165038,1112,2021-06-28 17:38:36,52.3108973,3
53,147,21.0921941,1113,2021-06-28 17:38:35,52.2244321,06
54,152,20.952478,1114,2021-06-28 17:38:33,52.317019,06
55,166,21.0472778,1115,2021-06-28 17:38:38,52.2475873,09
56,132,21.0682536,1116,2021-06-28 17:38:34,52.3238463,3
57,122,20.9628855,1117,2021-06-28 17:38:35,52.2595856,09
58,197,20.9164026,1118,2021-06-28 17:38:38,52.2201945,7
59,126,21.000985,1119,2021-06-28 17:38:40,52.315465,3
60,168,20.9956711,1200,2021-06-28 17:38:40,52.1927439,2
61,119,21.0004155,1202,2021-06-28 17:38:39,52.2061076,1
62,178,20.9717641,1203,2021-06-28 17:38:42,52.2289614,2
63,178,20.924915,1204,2021-06-28 17:38:41,52.203758,5
64,168,21.021383,1205,2021-06-28 17:38:39,52.210957,6
65,166,21.029796,1206,2021-06-28 17:38:23,52.261483,1
66,166,21.0682497,1208,2021-06-28 17:38:42,52.1293339,5
67,222,21.018158,1211,2021-06-28 17:38:41,52.236324,4
68,174,21.013418,1212,2021-06-28 17:38:41,52.176636,371
69,174,21.0075391,1213,2021-06-28 17:38:43,52.2087557,3
70,218,20.990078,1214,2021-06-28 17:38:42,52.18322,5
71,166,21.0347995,1216,2021-06-28 17:38:37,52.2023369,7
72,168,21.0712257,1218,2021-06-28 17:38:43,52.2031657,5
73,119,21.1319047,1220,2021-06-28 17:38:42,52.2021872,5
74,122,20.9466746,1400,2021-06-28 17:38:34,52.2650935,012
75,121,20.9693911,1401,2021-06-28 17:38:41,52.2725173,04
76,134,21.0309805,1403,2021-06-28 17:38:33,52.2996941,1
77,110,20.9685678,1407,2021-06-28 17:38:39,52.2721878,05
78,240,21.118815,1408,2021-06-28 17:38:35,52.338233,4
79,173,21.052921,1411,2021-06-28 17:38:33,52.250343,5
80,117,21.0118637,1412,2021-06-28 17:38:41,52.2302245,1
81,702,21.2684434,1413,2021-06-28 17:38:41,52.0984332,2
82,168,20.9957169,1415,2021-06-28 17:38:42,52.1929794,1
83,202,21.0420612,1416,2021-06-28 17:38:41,52.2421859,04
84,183,21.1266332,1418,2021-06-28 17:38:41,52.2344179,6
85,147,21.0538114,1419,2021-06-28 17:38:40,52.2348422,2
86,199,21.169172,1422,2021-06-28 17:38:42,52.264126,4
87,198,21.223663,1423,2021-06-28 17:38:42,52.253819,05
88,173,21.0743,1424,2021-06-28 17:38:41,52.2504,6
89,115,21.2314464,1425,2021-06-28 17:38:41,52.171451,4
90,173,21.22542,1426,2021-06-28 17:38:39,52.250393,8
91,147,21.092348,1427,2021-06-28 17:38:41,52.224701,4
92,146,21.053553,1428,2021-06-28 17:38:42,52.23542,2
93,142,21.088047,1430,2021-06-28 17:38:39,52.244675,06
94,L41,20.924786,14422,2021-06-28 17:38:39,52.391861,1
95,L10,20.943937,14423,2021-06-28 17:38:13,52.438354,1
96,L11,20.968147,14424,2021-06-28 17:38:38,52.449451,1
97,L10,20.94359,14425,2021-06-28 17:38:39,52.39946,50
98,L-8,20.945215,14426,2021-06-28 14:51:54,52.437912,1
99,L41,20.726385,14427,2021-06-28 17:38:35,52.422626,02
100,L11,20.935358,14429,2021-06-28 17:38:42,52.393116,57
101,L34,20.847353,14430,2021-06-28 17:01:01,52.441017,2
102,L34,20.857429,14431,2021-06-28 17:38:45,52.441349,1
103,L11,20.709778,14432,2021-06-28 17:38:41,52.430618,51
104,L-8,20.923063,14434,2021-06-28 17:38:36,52.398041,02
105,L-8,21.083555,14435,2021-06-28 17:38:41,52.423389,1
106,L49,20.930332,14436,2021-06-28 17:38:37,52.3736,1
107,L31,21.034904,14438,2021-06-28 17:38:38,52.420349,1
108,L-9,20.93429,14439,2021-06-28 17:38:43,52.397434,054
109,L-9,20.914818,14440,2021-06-28 17:21:52,52.474335,055
110,134,21.050226,1500,2021-06-28 17:38:35,52.318576,04
111,134,20.9743116,1501,2021-06-28 17:38:39,52.2773338,3
112,110,20.876547,1502,2021-06-28 17:38:34,52.2872285,2
113,240,21.1080663,1505,2021-06-28 17:38:32,52.3264658,06
114,132,20.9697636,1506,2021-06-28 17:38:33,52.2722116,07
115,134,21.061834,1507,2021-06-28 17:38:36,52.3617691,2
116,126,21.0470441,1508,2021-06-28 17:38:36,52.2864478,5
117,132,20.9687238,1509,2021-06-28 17:38:39,52.2719901,05
118,166,21.0479106,1510,2021-06-28 17:38:36,52.15546,6
119,126,21.0565576,1513,2021-06-28 17:38:41,52.3019178,4
120,197,20.8699888,1514,2021-06-28 17:38:40,52.1981868,6
121,197,20.9436166,1515,2021-06-28 17:38:19,52.245024,8
122,121,20.9256423,1516,2021-06-28 17:38:35,52.272714,1
123,173,21.24341,1519,2021-06-28 17:38:39,52.224028,10
124,202,21.053186,1521,2021-06-28 17:38:33,52.250046,07
125,202,21.1064517,1522,2021-06-28 17:38:33,52.2458933,3
126,146,21.2046667,1523,2021-06-28 17:38:35,52.159475,08
127,730,21.253341,1524,2021-06-28 17:38:31,52.221466,052
128,119,21.167316,1525,2021-06-28 17:38:29,52.204676,06
129,147,21.2201283,1526,2021-06-28 17:38:35,52.2178117,09
130,198,21.222765,1528,2021-06-28 17:38:31,52.2216767,3
131,702,21.094005,1530,2021-06-28 17:38:26,52.24418,03
132,198,21.243216,1531,2021-06-28 17:38:39,52.221703,2
133,115,21.156743,1533,2021-06-28 17:38:37,52.256075,2
134,142,21.1378767,1534,2021-06-28 17:38:29,52.1801517,07
135,198,21.2230417,1535,2021-06-28 17:38:31,52.2505933,1
136,106,21.014638,1537,2021-06-28 17:38:39,52.240583,4
137,170,21.034941,1538,2021-06-28 17:38:41,52.254321,4
138,120,21.06702,1539,2021-06-28 17:38:30,52.3242367,1
139,199,21.109081,1540,2021-06-28 17:38:31,52.287816,1
140,156,21.050718,1541,2021-06-28 17:38:38,52.253194,1
141,170,21.021946,1542,2021-06-28 17:38:38,52.262273,1
142,156,20.927903,1543,2021-06-28 17:38:38,52.290896,3
143,338,21.0273733,1544,2021-06-28 17:38:32,52.2597783,01
144,122,20.97642,1546,2021-06-28 17:38:39,52.289851,013
145,338,21.054918,1548,2021-06-28 17:38:35,52.263141,04
146,199,21.067246,1549,2021-06-28 17:38:36,52.277155,2
147,170,21.093274,1550,2021-06-28 17:38:25,52.271671,3
148,240,21.0672483,1551,2021-06-28 17:38:31,52.3170883,3
149,221,20.993431,1552,2021-06-28 17:38:35,52.259524,2
150,106,20.9936467,1554,2021-06-28 17:38:28,52.2352667,06
151,L-4,20.898724,17451,2021-06-28 17:38:42,52.056099,1
152,L26,21.152565,17452,2021-06-28 17:38:35,52.310818,02
153,L37,21.217834,17453,2021-06-28 17:30:49,52.31118,1
154,L40,21.257477,17454,2021-06-28 17:38:43,52.35157,1
155,L36,21.231613,17456,2021-06-28 17:38:40,52.349693,1
156,L35,21.333317,17458,2021-06-28 17:30:47,52.363667,1
157,L26,21.218071,17460,2021-06-28 17:38:44,52.326279,1
158,L46,21.154448,17461,2021-06-28 17:38:40,52.313011,1
159,L43,21.125971,17462,2021-06-28 17:38:33,52.312817,1
160,L45,21.125227,17464,2021-06-28 17:38:38,52.347309,02
161,L45,21.123646,17465,2021-06-28 17:38:43,52.345791,1
162,L38,21.229951,17466,2021-06-28 17:38:37,52.349238,1
163,L37,21.278156,17467,2021-06-28 17:38:37,52.319653,2
164,L40,21.090017,17468,2021-06-28 17:38:39,52.332718,02
165,197,20.8746368,1800,2021-06-28 17:38:37,52.2163808,4
166,110,20.920396,1801,2021-06-28 17:38:40,52.28208,4
167,132,21.0555301,1802,2021-06-28 17:38:39,52.3057716,1
168,166,21.0270855,1803,2021-06-28 17:38:39,52.2600576,8
169,122,20.9848905,1804,2021-06-28 17:38:40,52.2683511,5
170,173,21.0527248,1805,2021-06-28 17:38:28,52.2503118,4
171,204,21.0300513,1806,2021-06-28 17:38:36,52.311742,3
172,122,20.9142515,1807,2021-06-28 17:38:31,52.252052,4
173,303,20.9786965,1808,2021-06-28 17:38:36,52.2667486,1
174,147,21.1544883,1809,2021-06-28 17:38:31,52.202144,1
175,166,21.0343281,1810,2021-06-28 17:38:30,52.2307925,2
176,152,21.043346,1811,2021-06-28 10:10:53,52.266126,06
177,204,21.0319611,1812,2021-06-28 17:38:41,52.3178906,2
178,736,20.9456501,1813,2021-06-28 17:38:35,52.4011395,1
179,147,21.052461,1814,2021-06-28 17:38:28,52.250281,07
180,240,21.0327586,1815,2021-06-28 17:38:38,52.2993326,2
181,197,20.9506015,1817,2021-06-28 17:38:31,52.2714556,9
182,240,21.0005916,1818,2021-06-28 17:38:37,52.2912925,05
183,221,20.9927155,1819,2021-06-28 17:38:31,52.2595205,1
184,117,21.068281,1823,2021-06-28 17:38:19,52.225776,05
185,146,21.202996,1826,2021-06-28 17:38:24,52.159471,4
186,183,21.1296708,1828,2021-06-28 17:38:31,52.2360408,3
187,147,21.2191555,1829,2021-06-28 17:38:35,52.2178061,5
188,722,21.325754,1830,2021-06-28 17:38:40,52.1447541,1
189,147,21.1169918,1832,2021-06-28 09:25:20,52.2330478,09
190,146,21.058084,1833,2021-06-28 17:38:32,52.228549,5
191,202,21.116848,1834,2021-06-28 09:35:30,52.233074,04
192,115,21.1615905,1835,2021-06-28 17:38:38,52.2254721,3
193,168,21.035729,1837,2021-06-28 17:38:36,52.2069351,07
194,183,21.1810248,1839,2021-06-28 17:38:27,52.2482671,1
195,202,21.0693778,1840,2021-06-28 17:38:31,52.2503298,05
196,146,21.11456,1842,2021-06-28 17:38:26,52.203434,07
197,183,21.190695,1843,2021-06-28 17:38:32,52.242263,2
198,119,21.090773,1844,2021-06-28 17:38:37,52.213394,3
199,115,21.203994,1846,2021-06-28 17:38:26,52.169539,5
200,730,21.2905195,1847,2021-06-28 17:38:29,52.1786376,61
201,119,21.205485,1848,2021-06-28 17:38:34,52.210021,4
202,173,21.2428831,1849,2021-06-28 17:38:39,52.2171288,9
203,183,21.0869613,1850,2021-06-28 17:38:37,52.2448026,4
204,173,21.2160056,1851,2021-06-28 17:38:34,52.2466908,1
205,722,21.2107448,1854,2021-06-28 17:38:38,52.2241523,53
206,147,21.0523678,1855,2021-06-28 17:38:33,52.2502866,3
207,146,21.0522621,1856,2021-06-28 17:38:33,52.24857,1
208,117,21.102584,1857,2021-06-28 17:38:34,52.2220966,2
209,115,21.170294,1858,2021-06-28 17:38:34,52.276994,1
210,146,21.141193,1859,2021-06-28 17:38:37,52.177696,09
211,115,21.1647808,1860,2021-06-28 17:38:33,52.2416605,6
212,119,21.021789,1862,2021-06-28 17:38:36,52.210844,2
213,173,21.0905608,1863,2021-06-28 17:38:34,52.2447211,3
214,146,21.174074,1866,2021-06-28 17:38:30,52.158206,3
215,183,21.0868851,1867,2021-06-28 17:38:34,52.244831,5
216,147,21.1621891,1869,2021-06-28 17:38:38,52.2036191,08
217,251,21.1276332,1903,2021-06-28 17:38:33,52.0926279,53
218,168,20.997292,1904,2021-06-28 17:38:37,52.1888283,09
219,739,21.0514729,1905,2021-06-28 17:38:32,52.1020106,07
220,251,21.0233558,1906,2021-06-28 17:38:34,52.1797009,52
221,251,21.033439,1907,2021-06-28 17:38:04,52.177278,54
222,178,20.9082953,1908,2021-06-28 17:38:38,52.1924087,012
223,222,21.0140119,1909,2021-06-28 17:38:40,52.2446384,2
224,222,21.0161967,1910,2021-06-28 17:38:38,52.1934436,5
225,139,21.086163,1911,2021-06-28 17:38:42,52.160488,56
226,222,20.995859,1912,2021-06-28 17:38:42,52.193504,6
227,251,21.102783,1914,2021-06-28 17:38:40,52.124249,51
228,222,21.004963,1916,2021-06-28 17:38:41,52.244755,3
229,222,21.0233759,1917,2021-06-28 17:38:42,52.1797862,4
230,739,21.019477,1918,2021-06-28 17:38:41,52.1722917,08
231,139,21.091602,1919,2021-06-28 17:38:40,52.153255,55
232,222,21.023218,1920,2021-06-28 17:38:38,52.202606,1
233,178,20.9535712,1991,2021-06-28 17:38:40,52.2126121,010
234,178,20.897701,1993,2021-06-28 17:38:42,52.188229,1
235,168,21.1127016,1994,2021-06-28 17:38:41,52.2363212,08
236,178,21.000492,1995,2021-06-28 17:38:41,52.253349,3
237,178,20.8834177,1996,2021-06-28 17:38:41,52.1954149,6
238,178,21.0074512,1998,2021-06-28 17:38:42,52.2350285,4
239,178,20.979443,1999,2021-06-28 17:38:42,52.229347,013
240,105,20.9289416,2001,2021-06-28 17:38:41,52.2229967,1
241,136,20.983492,2003,2021-06-28 17:38:42,52.193352,6
242,Z10,20.9237187,2006,2021-06-28 17:38:40,52.2217914,3
243,188,21.084257,2007,2021-06-28 17:38:41,52.244366,09
244,517,20.8867451,2008,2021-06-28 17:38:42,52.1897086,07
245,191,20.9827557,2009,2021-06-28 17:38:41,52.2184037,3
246,184,20.933392,2010,2021-06-28 17:38:41,52.270496,4
247,124,20.937807,2011,2021-06-28 17:38:41,52.170845,03
248,401,21.000599,2013,2021-06-28 17:38:42,52.178478,1
249,182,20.9618,2014,2021-06-28 17:38:42,52.216679,012
250,171,20.9195225,2015,2021-06-28 17:38:41,52.2574801,1
251,401,20.882164,2016,2021-06-28 17:38:39,52.197842,011
252,190,21.085406,2019,2021-06-28 17:38:42,52.3050839,014
253,191,20.888515,2020,2021-06-28 17:38:42,52.189892,7
254,401,20.861542,2021,2021-06-28 17:38:40,52.190945,5
255,522,21.0165591,2022,2021-06-28 17:38:42,52.2226705,013
256,193,21.036877,2023,2021-06-28 17:38:41,52.161919,06
257,189,21.039335,2024,2021-06-28 17:38:42,52.172619,14
258,401,21.026115,2026,2021-06-28 17:38:42,52.172924,8
259,522,21.0204342,2027,2021-06-28 17:38:40,52.2113282,318
260,519,21.0447537,2028,2021-06-28 17:38:41,52.1925169,3
261,501,21.002666,2029,2021-06-28 17:38:41,52.229385,3
262,189,20.899063,2030,2021-06-28 17:38:40,52.238834,9
263,131,21.054167,2032,2021-06-28 17:38:39,52.194889,10
264,522,21.080008,2033,2021-06-28 17:38:42,52.157764,07
265,189,20.916368,2035,2021-06-28 17:38:40,52.205624,12
266,519,21.084427,2036,2021-06-28 17:38:42,52.167576,5
267,501,21.048288,2037,2021-06-28 17:38:41,52.178116,5
268,138,21.003456,2038,2021-06-28 17:38:41,52.17062,010
269,501,21.0149829,2040,2021-06-28 17:38:41,52.217507,2
270,189,20.8987417,2041,2021-06-28 17:38:41,52.2388219,8
271,138,21.100639,2042,2021-06-28 17:38:41,52.260658,012
272,401,20.864153,2044,2021-06-28 17:38:42,52.190845,012
273,172,20.9554367,2045,2021-06-28 17:38:41,52.2121055,010
274,172,20.971787,2200,2021-06-28 17:38:39,52.219601,4
275,523,21.011801,2201,2021-06-28 17:38:40,52.217224,14
276,187,21.014091,2202,2021-06-28 17:38:41,52.216907,3
277,136,21.010997,2203,2021-06-28 17:38:42,52.169,1
278,Z10,20.92511,2204,2021-06-28 17:38:42,52.260956,010
279,171,20.9250844,2205,2021-06-28 17:38:39,52.2724717,011
280,189,20.896984,2207,2021-06-28 17:38:42,52.2313,10
281,190,20.9018324,2209,2021-06-28 17:38:42,52.2279864,8
282,172,20.97875,2210,2021-06-28 17:38:42,52.200283,2
283,122,20.9864842,2212,2021-06-28 17:38:42,52.269335,6
284,122,20.9269909,2213,2021-06-28 17:38:42,52.2637372,07
285,136,21.03227,2215,2021-06-28 17:38:42,52.149567,11
286,190,20.9149559,2216,2021-06-28 17:38:42,52.1996475,018
287,401,20.9150291,2217,2021-06-28 17:38:41,52.199625,09
288,Z10,20.9124949,2218,2021-06-28 17:38:42,52.241636,5
289,148,21.0432925,2221,2021-06-28 17:38:40,52.1728516,8
290,523,21.010302,2222,2021-06-28 17:38:40,52.217167,1
291,191,20.901075,2223,2021-06-28 17:38:40,52.194447,9
292,189,21.0407277,2224,2021-06-28 17:38:41,52.1704116,2
293,191,20.94738,2225,2021-06-28 17:38:42,52.208569,5
294,517,20.89782,2226,2021-06-28 17:38:40,52.195702,3
295,136,21.0473584,2231,2021-06-28 17:38:40,52.150906,013
296,189,20.915912,2232,2021-06-28 17:38:42,52.2187874,11
297,317,20.996256,2233,2021-06-28 17:38:41,52.175987,08
298,Z10,20.915005,2235,2021-06-28 17:38:41,52.233154,011
299,317,21.0193457,2236,2021-06-28 17:38:41,52.1733686,4
300,187,21.047979,2240,2021-06-28 17:38:41,52.208519,2
301,136,21.0557,2241,2021-06-28 17:38:37,52.147411,9
302,191,20.926432,2243,2021-06-28 17:38:42,52.203442,1
303,171,21.043362,2244,2021-06-28 17:38:42,52.222885,4
304,Z10,20.9153837,2245,2021-06-28 17:38:42,52.2295964,9
305,717,20.834858,2247,2021-06-28 17:38:38,52.192966,3
306,317,20.988558,2249,2021-06-28 17:38:40,52.177433,06
307,189,20.968853,2252,2021-06-28 17:38:42,52.186638,4
308,112,21.028896,2253,2021-06-28 17:38:41,52.299026,2
309,191,20.9591427,2254,2021-06-28 17:38:41,52.2154931,010
310,141,20.9840416,2256,2021-06-28 17:38:42,52.1981392,013
311,172,21.069069,2257,2021-06-28 17:38:42,52.18137,7
312,317,20.9437284,2258,2021-06-28 17:38:42,52.1759709,1
313,187,20.9552372,2259,2021-06-28 17:38:40,52.2138052,4
314,L48,21.303106,23481,2021-06-28 04:38:21,52.203297,1
315,L47,21.312037,23482,2021-06-28 17:38:43,52.246178,02
316,L47,21.302536,23483,2021-06-28 17:38:43,52.248508,1
317,L20,21.271093,24511,2021-06-28 17:38:41,52.095959,1
318,L20,21.471601,24512,2021-06-28 13:52:17,52.132278,1
319,L20,21.391071,24513,2021-06-28 17:38:40,52.12402,03
320,L20,21.471657,24515,2021-06-28 17:31:13,52.132061,2
321,245,21.0548961,3400,2021-06-28 17:38:32,52.2755391,2
322,112,21.082398,3401,2021-06-28 17:38:37,52.304378,018
323,412,21.051685,3403,2021-06-28 17:38:39,52.2528116,01
324,112,20.9363068,3404,2021-06-28 17:38:40,52.2737633,7
325,412,21.08123,3405,2021-06-28 17:38:29,52.29402,05
326,500,21.0417023,3406,2021-06-28 17:38:36,52.3003073,08
327,500,21.043135,3408,2021-06-28 17:38:34,52.2768961,2
328,245,21.1080626,3410,2021-06-28 17:38:36,52.2868695,05
329,114,20.935916,3411,2021-06-28 17:38:37,52.298904,011
330,500,21.0418361,3413,2021-06-28 17:38:38,52.3002818,1
331,190,20.9992483,3414,2021-06-28 17:38:38,52.2439575,027
332,114,21.0315855,3415,2021-06-28 17:38:35,52.2888731,09
333,114,20.9308885,3416,2021-06-28 17:38:38,52.292433,010
334,738,21.0655548,3417,2021-06-28 17:38:26,52.2749928,3
335,738,21.1185931,3418,2021-06-28 17:38:36,52.3395055,4
336,190,21.0174931,3421,2021-06-28 17:38:23,52.2472818,021
337,500,20.9821541,3422,2021-06-28 17:38:38,52.2531788,4
338,185,21.0526733,3423,2021-06-28 17:38:32,52.1961466,10
339,512,21.0495463,3424,2021-06-28 17:38:35,52.2860121,2
340,512,21.0751808,3426,2021-06-28 17:38:36,52.286853,3
341,169,21.042286,3427,2021-06-28 17:38:27,52.296354,2
342,185,21.0219293,3428,2021-06-28 17:38:34,52.1426701,7
343,500,21.0378133,3429,2021-06-28 17:38:38,52.26909,6
344,169,21.0417158,3430,2021-06-28 17:38:39,52.300054,3
345,112,21.0371223,3431,2021-06-28 17:38:30,52.2963618,3
346,Z26,20.9746443,3432,2021-06-28 17:38:36,52.2354438,1
347,Z26,20.988061,3434,2021-06-28 17:38:23,52.240051,6
348,175,20.9810733,3435,2021-06-28 17:38:39,52.19065,55
349,509,21.0442171,3437,2021-06-28 17:38:37,52.2489668,5
350,132,21.0517248,3438,2021-06-28 17:38:39,52.3056853,06
351,738,21.1922128,3439,2021-06-28 17:38:30,52.4137546,1
352,414,20.9703356,3440,2021-06-28 17:38:40,52.2752053,07
353,512,21.0523206,3441,2021-06-28 17:38:29,52.2529388,5
354,500,21.0424591,3442,2021-06-28 17:38:41,52.2998553,7
355,509,21.0104803,3443,2021-06-28 17:38:34,52.2807615,11
356,245,21.073223,3444,2021-06-28 17:38:37,52.2841966,04
357,145,21.0477636,3445,2021-06-28 17:38:37,52.2866276,8
358,509,20.941934,3446,2021-06-28 17:38:35,52.3345983,14
359,162,21.0321521,3447,2021-06-28 17:38:37,52.2285476,6
360,190,21.0048936,3448,2021-06-28 17:38:22,52.245531,2
361,112,20.9128126,3449,2021-06-28 17:38:35,52.2397481,9
362,112,20.8827523,3450,2021-06-28 17:38:32,52.214785,12
363,114,21.043474,3451,2021-06-28 09:14:51,52.2654126,09
364,145,21.1280476,3452,2021-06-28 17:38:38,52.2538243,015
365,527,21.068374,3453,2021-06-28 17:38:37,52.323448,2
366,190,20.946039,3454,2021-06-28 17:38:40,52.238973,1
367,145,21.1269325,3455,2021-06-28 17:38:32,52.258816,5
368,509,21.047938,3458,2021-06-28 17:38:35,52.2460528,355
369,245,21.052805,3459,2021-06-28 17:38:36,52.276499,1
370,190,21.063269,3460,2021-06-28 17:38:35,52.272408,022
371,114,21.019358,3462,2021-06-28 17:38:36,52.290123,2
372,190,20.9663041,3463,2021-06-28 17:38:38,52.2372836,6
373,500,20.9864318,3464,2021-06-28 17:38:40,52.2562086,5
374,114,20.9379748,3465,2021-06-28 17:38:32,52.274947,6
375,112,20.900219,3466,2021-06-28 17:38:41,52.2278748,1
376,509,21.0473243,3467,2021-06-28 17:38:38,52.247135,022
377,245,21.1299476,3468,2021-06-28 17:38:35,52.287564,03
378,114,20.9171773,3469,2021-06-28 17:38:40,52.3130228,7
379,L17,21.025661,36442,2021-06-28 17:38:40,52.069546,02
380,L19,21.005798,36443,2021-06-28 17:38:36,52.050144,1
381,L17,20.996296,36444,2021-06-28 17:38:39,52.038704,1
382,L19,21.011318,36445,2021-06-28 17:38:38,52.039417,02
383,L30,21.105124,36446,2021-06-28 17:38:40,51.954674,1
384,L28,21.128223,36447,2021-06-28 17:38:40,52.021526,1
385,L30,21.222643,36448,2021-06-28 17:38:41,51.954838,02
386,L42,21.172642,37531,2021-06-28 17:38:40,52.062054,52
387,L21,21.132353,37533,2021-06-28 17:38:41,52.094162,1
388,L16,21.088198,37534,2021-06-28 17:38:41,52.084797,1
389,L14,21.135151,37535,2021-06-28 17:38:40,52.094849,1
390,L15,21.116068,37536,2021-06-28 17:38:40,52.102589,51
391,L39,20.990152,38541,2021-06-28 17:38:41,52.110554,4
392,L23,21.045252,38544,2021-06-28 17:38:39,52.059715,052
393,L39,21.023579,38545,2021-06-28 17:38:36,52.07513,3
394,L32,21.075212,38546,2021-06-28 17:38:38,52.078194,1
395,L39,21.004555,38547,2021-06-28 05:46:58,52.110222,1
396,L39,21.022539,38548,2021-06-28 17:38:43,52.067383,2
397,L23,21.029411,38549,2021-06-28 17:24:02,52.074871,51
398,L52,20.985233,38550,2021-06-28 17:38:34,52.003998,1
399,L-2,20.896246,39551,2021-06-28 17:36:50,52.007706,062
400,L-2,21.029469,39552,2021-06-28 17:38:40,52.074734,063
401,L25,21.025097,39554,2021-06-28 17:38:42,52.07888,02
402,L25,21.215939,39555,2021-06-28 17:38:42,51.981739,1
403,L12,21.029556,39556,2021-06-28 17:38:38,52.074963,061
404,L12,20.963875,39557,2021-06-28 17:38:41,52.034924,64
405,L12,20.998713,39558,2021-06-28 17:38:39,52.051781,65
406,L13,21.026699,39560,2021-06-28 17:38:40,52.076221,1
407,L13,21.203997,39561,2021-06-28 17:38:36,51.987061,03
408,L13,21.039764,39562,2021-06-28 17:38:37,52.027149,2
409,L-5,20.964485,39565,2021-06-28 17:38:40,52.062553,1
410,255,20.9559207,4200,2021-06-28 17:38:40,52.2280451,2
411,703,20.8149995,4202,2021-06-28 17:38:42,52.0919656,52
412,197,20.9379726,4205,2021-06-28 17:38:40,52.2511602,2
413,902,20.9223249,4206,2021-06-28 16:30:27,52.1964574,M1
414,255,20.9581637,4207,2021-06-28 17:38:41,52.2278652,03
415,154,20.965317,4209,2021-06-28 17:38:42,52.197861,4
416,178,20.8957456,4210,2021-06-28 17:38:41,52.1857159,011
417,154,20.9624195,4211,2021-06-28 17:38:42,52.1839209,010
418,711,20.815699,4212,2021-06-28 17:38:41,52.097778,063
419,154,20.898483,4213,2021-06-28 17:38:42,52.258419,1
420,154,20.933031,4214,2021-06-28 17:38:41,52.240192,8
421,711,20.9299495,4215,2021-06-28 17:38:42,52.1630934,061
422,122,20.8995191,4216,2021-06-28 17:38:42,52.2388922,3
423,197,20.9419087,4217,2021-06-28 17:38:41,52.2313372,3
424,197,20.953547,4218,2021-06-28 17:38:39,52.275925,1
425,255,20.930973,4219,2021-06-28 17:38:40,52.225212,1
426,197,20.9759151,4221,2021-06-28 17:38:41,52.2897212,10
427,129,20.8971482,4224,2021-06-28 17:38:42,52.1959477,2
428,121,20.97345,4225,2021-06-28 17:38:42,52.27153,03
429,197,20.8625117,4227,2021-06-28 17:38:41,52.190321,5
430,154,20.9630807,4228,2021-06-28 17:38:42,52.1959377,6
431,902,21.043089,4229,2021-06-28 17:38:41,52.243927,M2
432,154,20.9551757,4230,2021-06-28 17:38:41,52.2277449,7
433,178,20.949533,4231,2021-06-28 17:38:41,52.210434,9
434,178,20.960642,4232,2021-06-28 17:38:42,52.217304,7
435,714,20.850014,4233,2021-06-28 17:38:40,52.251137,3
436,729,20.9048821,4234,2021-06-28 17:38:41,52.2392337,02
437,714,20.95437,4235,2021-06-28 17:38:41,52.238041,2
438,L-3,20.874435,42362,2021-06-28 17:38:38,52.083149,02
439,154,20.966784,4237,2021-06-28 17:38:39,52.194778,5
440,154,20.955017,4238,2021-06-28 17:38:39,52.22784,3
441,178,20.8959721,4239,2021-06-28 17:38:41,52.1856627,8
442,154,20.898504,4240,2021-06-28 17:38:36,52.258854,011
443,714,20.826101,4241,2021-06-28 17:38:42,52.263466,04
444,154,20.9354876,4242,2021-06-28 17:38:42,52.2399947,2
445,154,20.9631979,4243,2021-06-28 17:38:42,52.2172762,09
446,901,21.0109692,4244,2021-06-28 17:38:42,52.2311406,1
447,901,21.0191622,4246,2021-06-28 17:38:42,52.2339897,3
448,714,20.949902,4247,2021-06-28 17:38:43,52.238686,1
449,729,20.7849631,4248,2021-06-28 17:38:39,52.2637954,1
450,121,20.9251801,4249,2021-06-28 17:38:39,52.2725501,2
451,L-1,21.017693,42494,2021-06-28 17:38:43,52.066921,1
452,L-4,21.0165,42495,2021-06-28 06:12:56,52.098907,2
453,L-3,20.940807,42500,2021-06-28 17:38:38,52.087708,1
454,146,21.0462513,4303,2021-06-28 17:38:40,52.2483965,06
455,119,21.0303032,4304,2021-06-28 17:38:42,52.2066489,07
456,117,21.0051489,4305,2021-06-28 17:38:42,52.2296344,4
457,147,21.0447668,4307,2021-06-28 17:38:42,52.2372896,010
458,142,21.137003,4308,2021-06-28 17:38:38,52.2297963,08
459,198,21.2341006,4309,2021-06-28 17:38:41,52.2164036,04
460,702,21.2148251,4312,2021-06-28 17:38:42,52.11356,1
461,105,16.9750897,4332,2021-06-26 13:35:37,52.5472771,4
462,N72,16.9763326,4333,2021-06-28 15:21:54,52.5456077,215
463,240,21.052414,4400,2021-06-28 17:38:37,52.293118,1
464,132,21.0580869,4401,2021-06-28 17:38:41,52.3243331,09
465,126,20.942099,4402,2021-06-28 17:38:40,52.3341172,2
466,120,21.051153,4403,2021-06-28 17:38:40,52.269455,5
467,166,21.0448377,4404,2021-06-28 17:38:41,52.1779054,3
468,156,21.0034499,4406,2021-06-28 17:38:41,52.2903909,2
469,122,20.897699,4407,2021-06-28 17:38:41,52.258377,010
470,134,20.968229,4408,2021-06-28 17:38:41,52.271851,05
471,106,20.9661367,4409,2021-06-28 17:38:40,52.2432677,1
472,199,21.124716,4411,2021-06-28 17:38:42,52.27924,3
473,173,21.135958,4413,2021-06-28 17:38:42,52.241447,2
474,106,21.019148,4415,2021-06-28 17:38:42,52.237267,2
475,106,20.985374,4416,2021-06-28 17:38:16,52.233864,07
476,170,21.049862,4417,2021-06-28 17:38:42,52.256222,2
477,106,21.020565,4418,2021-06-28 17:38:38,52.243221,3
478,120,21.0616567,4419,2021-06-28 17:38:41,52.3618692,7
479,901,21.043398,4420,2021-06-28 17:38:41,52.222961,4
480,126,20.9802,4421,2021-06-28 17:38:41,52.310307,1
481,338,21.0705032,4422,2021-06-28 17:38:42,52.2667652,02
482,106,20.966982,4423,2021-06-28 17:38:38,52.233665,5
483,901,21.0038217,4424,2021-06-28 17:38:42,52.2295057,2
484,156,21.069532,4425,2021-06-28 17:38:38,52.2663,5
485,166,21.058378,4427,2021-06-28 17:38:38,52.139305,4
486,156,21.0013275,4428,2021-06-28 17:38:39,52.290175,4
487,303,20.952547,4429,2021-06-28 17:38:40,52.276443,2
488,106,21.020649,4430,2021-06-28 17:38:42,52.243084,08
489,338,21.1007717,4434,2021-06-28 17:38:41,52.2605735,03
490,122,20.978791,5200,2021-06-28 17:38:40,52.28537,08
491,171,20.9267875,5201,2021-06-28 17:38:38,52.2637428,8
492,517,20.9516856,5202,2021-06-28 17:38:37,52.2118745,09
493,523,21.100438,5203,2021-06-28 17:38:34,52.247428,020
494,401,21.026559,5204,2021-06-28 17:38:30,52.170378,013
495,105,20.8971363,5205,2021-06-28 17:38:39,52.2267528,5
496,131,21.012098,5206,2021-06-28 17:38:33,52.2287306,2
497,182,21.0440292,5207,2021-06-28 17:38:35,52.2241851,011
498,517,20.9305517,5208,2021-06-28 17:38:32,52.1972222,2
499,184,20.950206,5210,2021-06-28 17:38:32,52.229778,2
500,105,20.8964009,5211,2021-06-28 17:38:36,52.236726,09
501,523,20.988678,5212,2021-06-28 17:38:38,52.2161375,015
502,Z10,20.928106,5213,2021-06-28 17:38:35,52.222976,1
503,184,20.963927,5214,2021-06-28 17:38:40,52.2081115,1
504,523,20.9037988,5215,2021-06-28 17:38:39,52.2561295,7
505,131,21.0688719,5216,2021-06-28 17:38:41,52.1814203,8
506,189,20.9220571,5217,2021-06-28 16:49:01,52.1957361,11
507,122,20.8988251,5218,2021-06-28 17:38:10,52.2386072,011
508,401,20.9434053,5219,2021-06-28 17:38:34,52.1931451,6
509,124,20.964913,5222,2021-06-28 17:38:27,52.151783,1
510,190,20.9142274,5223,2021-06-28 17:38:34,52.2364017,7
511,517,20.8664142,5224,2021-06-28 17:38:38,52.1966644,4
512,523,20.8983028,5225,2021-06-28 17:38:32,52.2584178,6
513,401,20.862043,5226,2021-06-28 17:38:39,52.1903433,4
514,189,20.9970706,5227,2021-06-28 17:38:36,52.1792049,024
515,124,20.9440848,5228,2021-06-28 17:38:40,52.1754805,2
516,131,21.017481,5229,2021-06-28 17:38:37,52.213166,5
517,523,20.9167347,5230,2021-06-28 17:38:32,52.2393724,016
518,189,20.8966337,5232,2021-06-28 17:38:33,52.2323626,7
519,148,20.9854932,5233,2021-06-28 17:38:36,52.166819,011
520,105,20.899221,5234,2021-06-28 17:38:28,52.238819,011
521,105,20.8988591,5235,2021-06-28 17:38:32,52.2388195,3
522,517,20.9822084,5236,2021-06-28 17:38:37,52.2172762,1
523,171,20.9731615,5237,2021-06-28 17:38:30,52.2371261,6
524,401,21.007335,5238,2021-06-28 17:38:40,52.1777425,7
525,182,21.0083337,5239,2021-06-28 17:38:31,52.2172805,9
526,184,20.9283013,5240,2021-06-28 17:38:35,52.2641912,3
527,187,20.8690427,5241,2021-06-28 17:38:40,52.1920002,8
528,190,20.9675828,5243,2021-06-28 17:38:36,52.2370532,011
529,189,20.9159896,5244,2021-06-28 17:38:38,52.2194014,018
530,105,20.9322652,5245,2021-06-28 17:38:33,52.2241023,6
531,148,21.0494842,5246,2021-06-28 17:38:38,52.1880115,012
532,716,20.9306746,5247,2021-06-28 17:38:32,52.2250742,1
533,141,20.9441479,5248,2021-06-28 17:38:33,52.1755233,7
534,317,21.0150948,5249,2021-06-28 17:38:32,52.1741448,2
535,188,20.9788083,5250,2021-06-28 17:38:40,52.1686944,3
536,187,21.0482773,5251,2021-06-28 17:38:36,52.1781183,1
537,189,20.9383403,5253,2021-06-28 17:38:38,52.1941648,020
538,401,20.9589304,5254,2021-06-28 17:38:36,52.1897351,010
539,190,20.9645328,5255,2021-06-28 17:38:38,52.2371321,016
540,148,21.0873434,5256,2021-06-28 17:38:37,52.2447873,1
541,716,20.894031,5257,2021-06-28 17:38:32,52.199598,2
542,188,20.9782699,5258,2021-06-28 17:38:31,52.1694081,4
543,105,20.966963,5260,2021-06-28 17:38:36,52.228431,08
544,723,20.927008,5401,2021-06-28 17:38:41,52.386387,3
545,185,21.0329649,5403,2021-06-28 17:36:56,52.2395016,3
546,145,21.087942,5404,2021-06-28 17:38:41,52.244823,4
547,269,21.0416972,5405,2021-06-28 17:38:41,52.3004044,05
548,509,20.9516361,5406,2021-06-28 17:38:42,52.3188879,13
549,120,21.04434,5407,2021-06-28 17:38:41,52.278347,2
550,527,21.057318,5408,2021-06-28 17:38:42,52.320316,054
551,E-9,20.993473,5409,2021-06-28 17:38:40,52.28672,01
552,731,20.948505,5410,2021-06-28 17:38:41,52.347031,1
553,723,20.9766447,5412,2021-06-28 17:38:40,52.315225,4
554,705,21.0374602,5413,2021-06-28 17:38:41,52.4319657,66
555,511,20.92808,5414,2021-06-28 17:38:41,52.291321,1
556,723,20.999563,5416,2021-06-28 17:38:41,52.293526,1
557,E-9,21.0680676,5417,2021-06-28 17:38:42,52.3241859,02
558,511,20.959045,5418,2021-06-28 17:38:40,52.336933,2
559,120,21.04353,5419,2021-06-28 17:38:41,52.250256,3
560,160,21.050394,5420,2021-06-28 17:38:42,52.290867,5
561,511,20.942652,5421,2021-06-28 17:38:41,52.348637,3
562,160,21.068354,5423,2021-06-28 17:38:42,52.323608,012
563,511,20.9526181,5424,2021-06-28 17:38:41,52.3428289,06
564,116,21.0722817,5425,2021-06-28 17:38:42,52.1689175,4
565,116,21.0180256,5426,2021-06-28 17:38:41,52.2365107,11
566,527,21.0544959,5428,2021-06-28 17:38:40,52.2959955,1
567,731,20.9306019,5429,2021-06-28 17:38:39,52.4149424,2
568,145,21.0204575,5430,2021-06-28 17:38:42,52.2886077,11
569,160,20.994102,5432,2021-06-28 17:38:41,52.24181,7
570,414,20.955984,5434,2021-06-28 17:38:42,52.23436,08
571,527,21.0455859,5436,2021-06-28 17:38:41,52.279824,3
572,705,21.1359257,5437,2021-06-28 17:38:41,52.4821609,1
573,731,20.9416339,5438,2021-06-28 17:38:41,52.3560212,4
574,738,21.108225,5439,2021-06-28 17:38:40,52.326672,2
575,735,21.028721,5441,2021-06-28 17:38:42,52.358936,64
576,160,20.996595,5443,2021-06-28 17:38:41,52.236988,2
577,E-9,20.968069,5444,2021-06-28 17:38:42,52.272038,04
578,705,21.048461,5445,2021-06-28 03:52:31,52.264575,65
579,735,21.011765,5446,2021-06-28 17:38:24,52.453916,62
580,114,20.9912232,5447,2021-06-28 17:38:41,52.2703837,08
581,705,20.989708,5448,2021-06-28 17:38:40,52.309906,63
582,160,21.055838,5449,2021-06-28 17:38:42,52.268993,3
583,511,20.9247437,5453,2021-06-28 17:38:42,52.2862067,4
584,160,21.0025,5454,2021-06-28 17:38:41,52.2295,09
585,169,21.03797,5455,2021-06-28 17:38:42,52.262344,4
586,269,21.0459422,5457,2021-06-28 17:38:42,52.2861285,04
587,180,20.925056,5459,2021-06-28 17:38:41,52.272533,016
588,705,20.968164,5460,2021-06-28 17:38:42,52.27198,65
589,175,20.975676,5870,2021-06-28 17:38:41,52.172096,53
590,128,21.0038234,5871,2021-06-28 17:38:42,52.2279445,59
591,503,21.046774,5873,2021-06-28 17:38:41,52.189518,1
592,175,21.012774,5874,2021-06-28 17:38:40,52.243229,58
593,138,21.009134,5875,2021-06-28 17:38:38,52.203117,011
594,331,21.015678,5876,2021-06-28 17:38:40,52.153267,01
595,180,21.018042,5877,2021-06-28 17:38:39,52.236694,017
596,709,21.021877,5878,2021-06-28 17:38:42,52.07497,013
597,175,21.012808,5880,2021-06-28 17:38:41,52.243042,070
598,175,20.989471,5882,2021-06-28 17:38:28,52.223972,56
599,180,21.0248494,5883,2021-06-28 17:38:42,52.2212015,10
600,503,20.9973989,5885,2021-06-28 17:38:37,52.1878975,5
601,180,21.083933,5886,2021-06-28 17:38:37,52.167721,13
602,128,20.991327,5887,2021-06-28 17:38:38,52.22559,074
603,175,21.006004,5888,2021-06-28 17:38:41,52.228767,069
604,180,20.969311,5889,2021-06-28 17:38:41,52.256142,8
605,128,20.963722,5890,2021-06-28 17:38:38,52.207726,62
606,180,20.924698,5891,2021-06-28 17:38:42,52.272625,7
607,504,21.068382,5892,2021-06-28 17:38:42,52.129311,010
608,503,21.047358,5893,2021-06-28 17:38:38,52.150909,3
609,175,21.00355,5894,2021-06-28 17:38:41,52.227875,066
610,503,21.02409,5895,2021-06-28 17:38:41,52.223946,12
611,503,21.039688,5897,2021-06-28 17:38:38,52.169373,2
612,128,20.98431,5898,2021-06-28 17:38:38,52.199024,071
613,175,21.016966,5899,2021-06-28 17:38:41,52.239719,51
614,158,21.084219,5900,2021-06-28 17:38:39,52.239147,5
615,175,20.986341,5902,2021-06-28 17:38:40,52.204857,52
616,158,20.949259,5903,2021-06-28 17:38:39,52.211655,8
617,503,21.007401,5905,2021-06-28 17:38:41,52.248188,8
618,128,21.018501,5906,2021-06-28 17:38:41,52.235287,63
619,503,21.023069,5907,2021-06-28 17:38:39,52.22773,7
620,175,20.978102,5908,2021-06-28 17:38:40,52.169548,068
621,175,20.981592,5909,2021-06-28 17:38:37,52.190876,067
622,128,20.984875,5910,2021-06-28 17:38:38,52.202011,073
623,111,21.064379,5911,2021-06-28 17:38:39,52.230991,4
624,116,21.023073,5913,2021-06-28 17:38:42,52.228279,12
625,175,20.978046,5915,2021-06-28 17:38:39,52.169598,54
626,128,20.966707,5918,2021-06-28 17:38:40,52.207527,60
627,158,21.0764,5920,2021-06-28 17:38:42,52.2368,1
628,116,21.084122,5921,2021-06-28 17:38:40,52.168007,15
629,175,21.1163987,5923,2021-06-28 10:17:16,52.2339737,072
630,116,21.034868,5924,2021-06-28 17:38:38,52.202103,17
631,116,20.992765,5926,2021-06-28 17:38:38,52.261974,3
632,158,20.973715,5927,2021-06-28 17:38:38,52.220619,7
633,116,20.9232229,5928,2021-06-28 17:38:42,52.276717,5
634,175,21.014311,5929,2021-06-28 17:38:40,52.24374,57
635,158,20.962048,5930,2021-06-28 17:38:35,52.216942,9
636,158,21.117647,5931,2021-06-28 17:38:41,52.233772, 
637,116,20.924929,5932,2021-06-28 17:38:39,52.272312,6
638,111,21.1028946,5933,2021-06-28 17:38:42,52.2221337,2
639,158,21.112749,5934,2021-06-28 17:38:42,52.236305,4
640,503,21.012768,5935,2021-06-28 17:38:33,52.246124,11
641,503,21.000275,5936,2021-06-28 17:38:38,52.256439,10
642,111,21.024462,5937,2021-06-28 17:38:41,52.232655,10
643,158,21.009327,5939,2021-06-28 17:38:32,52.229462,2
644,128,20.990124,5942,2021-06-28 17:38:39,52.222466,072
645,111,20.9794,5943,2021-06-28 17:38:40,52.2444,7
646,111,21.113981,5944,2021-06-28 17:38:42,52.235104, 
647,158,21.023485,5945,2021-06-28 17:38:36,52.232216,6
648,111,20.979113,5946,2021-06-28 17:38:42,52.24437,8
649,111,21.037323,5947,2021-06-28 17:38:39,52.235111,5
650,503,21.028275,5948,2021-06-28 17:38:40,52.209885,013
651,503,21.049965,5950,2021-06-28 17:38:41,52.144634,4
652,180,21.030651,5951,2021-06-28 17:38:38,52.207088,2
653,518,21.005363,5952,2021-06-28 17:38:38,52.249161,7
654,160,21.03718,5954,2021-06-28 17:38:40,52.255821,010
655,160,21.05689,5956,2021-06-28 17:38:41,52.321228,013
656,111,21.094028,5958,2021-06-28 17:38:38,52.227478,011
657,160,21.003109,5959,2021-06-28 17:38:37,52.233139,08
658,111,21.102297,5960,2021-06-28 17:38:38,52.222153,3
659,190,21.085381,5961,2021-06-28 17:38:41,52.304867,024
660,116,21.045975,5962,2021-06-28 17:38:42,52.191292,13
661,111,21.062361,5963,2021-06-28 17:38:42,52.229851,1
662,518,20.985489,5964,2021-06-28 17:38:41,52.306164,3
663,518,21.001232,5965,2021-06-28 17:38:42,52.289326,08
664,518,20.997717,5966,2021-06-28 17:38:40,52.253609,2
665,160,21.046486,5967,2021-06-28 17:38:33,52.281807,011
666,180,21.057869,5970,2021-06-28 17:38:41,52.192039,11
667,518,21.023506,5972,2021-06-28 17:38:40,52.228321,1
668,E-9,20.968193,5973,2021-06-28 17:38:40,52.273846,03
669,518,20.936918,5975,2021-06-28 17:38:40,52.326611,4
670,180,20.924988,5976,2021-06-28 17:38:41,52.272423,6
671,503,21.002296,5978,2021-06-28 17:38:39,52.254753,9
672,503,21.044363,5979,2021-06-28 17:38:38,52.178772,6
673,111,21.000269,5980,2021-06-28 17:38:41,52.245197,6
674,705,21.037226,5981,2021-06-28 17:38:41,52.402214,07
675,111,21.003752,5982,2021-06-28 17:38:40,52.242584,9
676,128,21.012959,5983,2021-06-28 17:38:41,52.243046,65
677,180,20.978848,5984,2021-06-28 17:38:40,52.244518,4
678,180,21.083858,5985,2021-06-28 17:38:42,52.167953,14
679,180,21.084595,5986,2021-06-28 17:38:38,52.16848,12
680,180,20.977962,5987,2021-06-28 17:38:42,52.244423,9
681,180,21.083353,5988,2021-06-28 17:38:37,52.169518,1
682,116,21.025419,5989,2021-06-28 17:38:39,52.218491,1
683,705,20.991081,5990,2021-06-28 17:38:39,52.28524,08
684,116,21.017828,5991,2021-06-28 17:38:40,52.237408,2
685,518,20.94689,5994,2021-06-28 17:38:42,52.318245,6
686,116,20.92465,5995,2021-06-28 17:38:38,52.272495,7
687,116,21.047712,5996,2021-06-28 17:38:41,52.189312,16
688,116,21.003628,5997,2021-06-28 17:38:41,52.250687,10
689,518,20.9421387,5998,2021-06-28 17:38:41,52.3345704,5
690,116,20.974514,5999,2021-06-28 17:38:41,52.271477,8
691,184,20.9611487,6200,2021-06-28 17:38:41,52.2168709,7
692,112,20.883049,6201,2021-06-28 17:38:41,52.214825,11
693,187,20.904749,6203,2021-06-28 17:38:39,52.197811,9
694,167,20.9277672,6204,2021-06-28 17:38:42,52.2339577,013
695,728,20.896149,6207,2021-06-28 17:38:40,52.007759,02
696,Z10,20.913183,6208,2021-06-28 17:38:42,52.238297,7
697,703,20.932337,6209,2021-06-28 17:38:41,52.165565,91
698,414,21.031807,6210,2021-06-28 17:38:40,52.288628,04
699,713,20.8571827,6212,2021-06-28 17:38:41,52.2157124,3
700,414,20.956469,6213,2021-06-28 17:38:40,52.229698,03
701,184,20.9408077,6214,2021-06-28 17:38:42,52.2850511,5
702,191,20.908791,6215,2021-06-28 17:38:42,52.19305,6
703,105,20.984737,6216,2021-06-28 17:38:41,52.230572,7
704,167,20.981181,6217,2021-06-28 17:38:41,52.2160832,1
705,105,20.920679,6218,2021-06-28 17:38:42,52.22126,010
706,136,20.9662122,6220,2021-06-28 17:38:41,52.2433627,4
707,189,20.957281,6221,2021-06-28 17:38:41,52.190655,13
708,187,20.880274,6222,2021-06-28 17:38:40,52.197235,5
709,105,20.898823,6223,2021-06-28 17:38:41,52.238789,4
710,517,21.010576,6224,2021-06-28 17:38:40,52.231632,6
711,717,20.9549744,6225,2021-06-28 17:38:42,52.2136529,2
712,716,20.840101,6226,2021-06-28 17:38:41,52.185242,3
713,188,21.0847344,6227,2021-06-28 17:38:39,52.2435264,1
714,190,21.070019,6228,2021-06-28 17:38:42,52.280598,3
715,187,20.87431,6229,2021-06-28 17:38:42,52.195324,6
716,706,20.943304,6231,2021-06-28 17:38:42,52.17535,03
717,190,20.898859,6232,2021-06-28 17:38:39,52.238983,9
718,191,20.956985,6233,2021-06-28 17:38:41,52.214821,4
719,414,20.963863,6234,2021-06-28 17:38:39,52.207909,02
720,112,20.9036399,6236,2021-06-28 17:38:42,52.2280989,10
721,114,20.9947289,6237,2021-06-28 17:38:43,52.2760771,4
722,728,20.9430327,6239,2021-06-28 17:38:42,52.1756924,1
723,414,20.9641059,6240,2021-06-28 17:38:41,52.2156039,01
724,517,20.985317,6241,2021-06-28 17:38:41,52.220749,5
725,182,21.112446,6242,2021-06-28 17:38:40,52.236614,7
726,706,20.8987799,6243,2021-06-28 17:38:42,52.1370389,2
727,L29,20.462618,65471,2021-06-28 17:38:33,52.267776,1
728,L-7,20.856401,66523,2021-06-28 17:38:40,52.346325,2
729,L-6,20.734356,66524,2021-06-28 17:38:39,52.252287,02
730,L-6,20.875116,66525,2021-06-28 17:38:36,52.273277,1
731,190,20.9150447,7200,2021-06-28 17:38:41,52.2292356,10
732,189,20.914595,7201,2021-06-28 17:38:42,52.201248,6
733,112,20.915035,7202,2021-06-28 17:38:40,52.233974,019
734,141,21.048899,7203,2021-06-28 17:38:40,52.206486,4
735,317,21.066406,7204,2021-06-28 17:38:42,52.170189,07
736,131,21.0646357,7205,2021-06-28 17:38:42,52.186321,011
737,523,21.006908,7206,2021-06-28 17:38:42,52.217377,10
738,189,20.89879,7207,2021-06-28 17:38:41,52.238709,019
739,414,21.041065,7208,2021-06-28 17:38:41,52.289661,06
740,721,20.895248,7212,2021-06-28 17:38:40,52.124905,02
741,112,21.085352,7213,2021-06-28 17:38:40,52.304005,5
742,191,20.967842,7214,2021-06-28 17:38:40,52.214592,2
743,112,20.915518,7215,2021-06-28 17:38:41,52.253635,8
744,713,20.8587526,7216,2021-06-28 17:38:42,52.2159339,2
745,189,21.046009,7219,2021-06-28 17:38:41,52.177483,022
746,517,20.861753,7220,2021-06-28 17:38:39,52.190926,09
747,187,21.057528,7222,2021-06-28 17:38:40,52.192314,12
748,122,20.921398,7223,2021-06-28 17:38:38,52.256569,2
749,721,20.87232,7225,2021-06-28 17:38:40,52.067257,1
750,706,20.943602,7226,2021-06-28 17:38:42,52.175339,1
751,114,21.041887,7227,2021-06-28 17:38:39,52.300282,3
752,114,20.944754,7228,2021-06-28 17:38:39,52.271935,1
753,112,20.9547149,7229,2021-06-28 17:38:42,52.2762909,014
754,517,20.9289681,7230,2021-06-28 17:38:42,52.196695,08
755,713,20.929642,7231,2021-06-28 17:38:42,52.223297,04
756,717,20.918579,7232,2021-06-28 17:38:40,52.189835,1
757,189,21.026665,7233,2021-06-28 17:38:38,52.173386,3
758,713,20.7760484,7234,2021-06-28 17:38:41,52.2110787,1
759,187,20.97221,7235,2021-06-28 17:38:42,52.219501,10
760,184,20.921902,7237,2021-06-28 17:38:41,52.249687,6
761,141,21.025919,7238,2021-06-28 17:38:42,52.199802,5
762,189,21.0688796,7239,2021-06-28 17:38:41,52.1813024,16
763,184,20.9695132,7240,2021-06-28 17:38:42,52.2150826,8
764,317,20.9443359,7241,2021-06-28 17:38:39,52.1753005,5
765,141,21.044634,7242,2021-06-28 17:38:39,52.221474,1
766,523,20.957296,7243,2021-06-28 17:38:41,52.228695,9
767,401,20.8951797,7244,2021-06-28 17:38:41,52.1930425,3
768,187,20.863886,7245,2021-06-28 17:38:40,52.19566,7
769,190,20.898859,7247,2021-06-28 17:38:41,52.238914,017
770,188,21.016335,7248,2021-06-28 17:38:38,52.217457,5
771,171,20.974291,7249,2021-06-28 17:38:42,52.237728,3
772,317,21.056572,7250,2021-06-28 17:38:42,52.172283,3
773,105,20.896025,7251,2021-06-28 17:38:37,52.216385,2
774,167,20.957417,7252,2021-06-28 17:38:41,52.227436,4
775,122,20.93856,7254,2021-06-28 17:38:42,52.27037,1
776,191,20.8703691,7256,2021-06-28 17:38:42,52.183183,8
777,190,21.046343,7257,2021-06-28 17:38:42,52.259884,012
778,187,21.0176934,7258,2021-06-28 17:38:40,52.217777,11
779,189,21.053158,7259,2021-06-28 17:38:42,52.180038,15
780,125,21.057659,7301,2021-06-28 17:38:42,52.247074,08
781,507,21.077868,7303,2021-06-28 17:38:40,52.226069,5
782,188,20.9778,7304,2021-06-28 17:38:42,52.180783,07
783,138,21.0398679,7305,2021-06-28 17:38:41,52.2233754,4
784,151,21.01524,7306,2021-06-28 17:38:41,52.217918,04
785,509,21.1019275,7307,2021-06-28 17:38:41,52.2236672,7
786,138,21.0012381,7308,2021-06-28 17:38:41,52.1996381,1
787,188,21.0134644,7310,2021-06-28 17:38:40,52.2170137,2
788,182,21.097638,7312,2021-06-28 17:38:42,52.2351849,5
789,E-1,21.0460179,7314,2021-06-28 17:38:42,52.2469746,01
790,143,21.116863,7315,2021-06-28 17:38:41,52.2387086,7
791,188,20.985266,7316,2021-06-28 17:38:42,52.201847,08
792,402,21.156046,7317,2021-06-28 17:38:41,52.240273,3
793,182,21.015551,7318,2021-06-28 17:38:42,52.217369,4
794,182,20.9710374,7319,2021-06-28 17:38:40,52.2198699,3
795,411,21.06683,7320,2021-06-28 17:38:42,52.231411,01
796,182,21.1128172,7322,2021-06-28 17:38:41,52.2360322,8
797,E-1,21.051878,7323,2021-06-28 17:38:41,52.229076,02
798,138,20.999166,7325,2021-06-28 17:38:42,52.169262,3
799,141,20.9537697,7326,2021-06-28 17:38:41,52.1850619,6
800,E-1,21.1024222,7327,2021-06-28 17:38:41,52.222038,03
801,182,20.9781797,7328,2021-06-28 17:38:41,52.2171867,1
802,523,20.9265417,7329,2021-06-28 17:38:42,52.2408314,017
803,171,21.043835,7330,2021-06-28 17:38:42,52.222874,5
804,162,21.0355679,7331,2021-06-28 17:38:37,52.2226241,013
805,141,20.943802,7333,2021-06-28 17:38:40,52.175659,8
806,116,20.963995,7334,2021-06-28 17:38:42,52.275223,69
807,110,20.954428,742,2021-06-28 17:38:38,52.276287,1
808,750,20.715023,744,2021-06-28 17:38:29,52.392124,05
809,750,20.928211,745,2021-06-28 17:38:37,52.290962,07
810,250,20.88246,746,2021-06-28 17:38:37,52.299461,1
811,850,20.639799,749,2021-06-28 17:38:37,52.360203,2
812,150,20.847149,750,2021-06-28 17:38:40,52.341309,1
813,750,20.903463,755,2021-06-28 17:38:39,52.330231,2
814,110,20.895834,757,2021-06-28 17:38:38,52.322365,3
815,150,20.928694,758,2021-06-28 17:38:41,52.308384,2
816,750,20.806608,761,2021-06-28 17:38:36,52.375385,4
817,750,20.8951,762,2021-06-28 17:38:36,52.337791,1
818,850,20.955668,763,2021-06-28 17:38:41,52.283844,1
819,151,21.0863074,7701,2021-06-28 17:38:40,52.2357371,1
820,411,21.0157201,7702,2021-06-28 17:38:42,52.2201821,04
821,151,21.0377001,7704,2021-06-28 17:38:42,52.2225592,05
822,150,20.882259833,772,2021-06-28 17:38:41,52.342433333,04
823,150,20.924261,773,2021-06-28 17:38:42,52.311449,05
824,150,20.875111,774,2021-06-28 17:38:40,52.344738,3
825,250,20.933285,775,2021-06-28 17:38:42,52.288628,3
826,250,20.869902,776,2021-06-28 17:38:41,52.332981,2
827,750,20.8303419,777,2021-06-28 17:38:42,52.3700219,3
828,167,20.996324,8100,2021-06-28 17:38:31,52.188593,6
829,143,21.0459785,8103,2021-06-28 17:38:36,52.2246346,011
830,167,21.0828578,8108,2021-06-28 17:38:34,52.2082901,8
831,217,21.0703571,8109,2021-06-28 17:38:35,52.1639578,2
832,174,21.0197656,8110,2021-06-28 17:38:37,52.184599,010
833,136,20.9731455,8112,2021-06-28 17:38:33,52.2124121,014
834,709,21.0241653,8115,2021-06-28 17:38:21,52.1800173,8
835,174,21.009018,8119,2021-06-28 17:38:40,52.171239,6
836,136,20.9898538,8120,2021-06-28 17:38:25,52.1854953,7
837,143,21.120523,8121,2021-06-28 17:38:26,52.237228,09
838,504,21.0441736,8123,2021-06-28 17:38:36,52.1431965,3
839,165,21.002541,8124,2021-06-28 17:38:23,52.177973,4
840,727,21.0211741,8125,2021-06-28 17:38:39,52.066606,3
841,709,21.0183946,8126,2021-06-28 17:38:38,52.1050646,014
842,402,21.0456301,8130,2021-06-28 17:38:24,52.182693,5
843,136,21.0018265,8131,2021-06-28 17:38:31,52.1849156,012
844,148,21.012269,8133,2021-06-28 17:38:38,52.1539608,5
845,402,21.0437403,8134,2021-06-28 17:38:32,52.1744726,9
846,167,21.0193276,8135,2021-06-28 17:38:27,52.2096681,9
847,162,21.0850315,8136,2021-06-28 17:38:38,52.1934703,08
848,162,21.0333323,8137,2021-06-28 17:38:37,52.2504141,011
849,162,21.0513545,8138,2021-06-28 17:38:40,52.1991796,7
850,136,20.9603733,8139,2021-06-28 17:38:37,52.2166255,016
851,168,21.102983,8140,2021-06-28 17:38:36,52.234116,4
852,504,20.9790661,8143,2021-06-28 17:38:37,52.184807,011
853,504,21.0175816,8144,2021-06-28 17:38:25,52.1532336,4
854,709,21.0173498,8145,2021-06-28 17:38:40,52.151888,011
855,727,20.9423543,8146,2021-06-28 17:38:35,52.041301,2
856,148,20.978083,8148,2021-06-28 17:38:39,52.169463,6
857,709,21.0184601,8152,2021-06-28 17:38:26,52.1189728,1
858,217,21.069471,8153,2021-06-28 17:38:22,52.165918,1
859,136,21.0229081,8154,2021-06-28 17:38:41,52.1663371,8
860,131,21.0686386,8155,2021-06-28 17:38:37,52.181773,9
861,709,21.0178518,8156,2021-06-28 17:38:38,52.1326265,6
862,308,20.9929461,8158,2021-06-28 17:38:35,52.1885815,01
863,136,20.959581,8160,2021-06-28 17:38:26,52.221175,5
864,504,21.064956,8162,2021-06-28 17:38:35,52.1312995,1
865,331,21.0242761,8164,2021-06-28 17:38:35,52.1851438,05
866,331,20.9781538,8165,2021-06-28 17:38:34,52.1694521,03
867,709,21.017855,8166,2021-06-28 17:38:32,52.154231,9
868,148,21.0550385,8167,2021-06-28 17:38:28,52.158635,4
869,218,21.0135051,8168,2021-06-28 17:38:40,52.1798596,3
870,504,20.9955086,8169,2021-06-28 17:38:34,52.179601,5
871,131,21.0838575,8170,2021-06-28 17:38:33,52.1681363,1
872,167,21.0831646,8172,2021-06-28 17:38:36,52.208291,010
873,143,21.169544,8173,2021-06-28 17:38:33,52.263424,010
874,218,21.02456,8174,2021-06-28 17:38:36,52.1915688,1
875,727,21.0195756,8175,2021-06-28 17:38:36,52.1724086,4
876,709,21.0129843,8176,2021-06-28 17:38:35,52.0723331,3
877,143,21.1529471,8177,2021-06-28 17:38:29,52.260767,5
878,138,21.0934606,8178,2021-06-28 17:38:34,52.2646771,7
879,709,21.024619,8181,2021-06-28 17:38:38,52.1791396,7
880,136,20.9863635,8182,2021-06-28 17:38:31,52.2064958,2
881,218,21.023621,8183,2021-06-28 17:38:27,52.179916,4
882,131,21.0393026,8184,2021-06-28 17:38:34,52.206713,6
883,143,21.0821256,8185,2021-06-28 17:38:36,52.2399346,8
884,217,21.0245711,8187,2021-06-28 17:38:38,52.1795828,4
885,185,21.043794,8188,2021-06-28 17:38:36,52.174078,9
886,504,20.989928,8189,2021-06-28 17:38:23,52.224818,7
887,709,21.0189078,8190,2021-06-28 17:38:35,52.0884588,5
888,131,21.0220521,8192,2021-06-28 17:38:33,52.2109878,4
889,504,21.0687431,8195,2021-06-28 17:38:38,52.1289341,2
890,504,21.0176768,8196,2021-06-28 17:38:40,52.1570583,013
891,218,21.0067615,8197,2021-06-28 17:38:36,52.1889156,2
892,331,20.9861025,8198,2021-06-28 17:38:39,52.1622988,02
893,174,21.003586,8199,2021-06-28 17:38:38,52.2254146,4
894,402,21.135439,8201,2021-06-28 17:38:39,52.2413386,4
895,151,21.115749,8202,2021-06-28 10:44:07,52.233741,05
896,151,21.1175305,8204,2021-06-28 10:20:01,52.2338373,06
897,151,21.009934,8208,2021-06-28 17:38:39,52.222875,2
898,521,21.0784543,8214,2021-06-28 17:38:34,52.2435866,1
899,125,21.0412371,8216,2021-06-28 17:38:39,52.2415066,2
900,182,21.0371081,8218,2021-06-28 17:38:34,52.2223548,013
901,509,20.9898756,8220,2021-06-28 17:38:38,52.302666,023
902,182,20.9648845,8222,2021-06-28 17:38:38,52.2180565,2
903,509,20.9416373,8223,2021-06-28 17:38:40,52.3328956,024
904,151,21.084299,8225,2021-06-28 17:38:40,52.230429,06
905,509,21.045363,8228,2021-06-28 17:38:21,52.248236,10
906,521,21.198525,8229,2021-06-28 17:38:37,52.1739008,2
907,523,21.082489,8231,2021-06-28 17:38:34,52.240814,021
908,162,21.0482138,8233,2021-06-28 17:38:33,52.2075811,014
909,145,21.129455,8300,2021-06-28 17:38:37,52.2514521,2
910,145,21.0004193,8301,2021-06-28 17:38:38,52.2892228,9
911,509,21.009682,8303,2021-06-28 17:38:38,52.2825413,3
912,171,21.0111811,8304,2021-06-28 17:38:39,52.2308736,010
913,509,21.116975,8305,2021-06-28 09:25:27,52.233583,022
914,117,21.0895921,8306,2021-06-28 17:38:38,52.2223001,3
915,116,20.972024,8309,2021-06-28 17:38:25,52.27172,4
916,141,21.101771,8310,2021-06-28 17:38:27,52.241591,2
917,168,21.0910461,8311,2021-06-28 17:38:41,52.222254,3
918,151,21.097566,8312,2021-06-28 17:38:39,52.230978,3
919,720,21.417306,8313,2021-06-28 17:38:31,52.1309651,02
920,162,21.043486,8314,2021-06-28 17:38:34,52.2162418,2
921,117,21.0448393,8315,2021-06-28 17:38:42,52.2366956,06
922,521,21.1011863,8318,2021-06-28 17:38:37,52.2424893,4
923,185,21.027303,8319,2021-06-28 17:37:36,52.242953,11
924,151,21.116836,8320,2021-06-28 09:58:49,52.233566,04
925,162,21.027316,8322,2021-06-28 17:38:38,52.259788,5
926,509,21.0653605,8323,2021-06-28 17:38:41,52.2265811,9
927,148,21.050993,8324,2021-06-28 17:38:39,52.1554,7
928,143,21.0121556,8326,2021-06-28 17:38:31,52.2170695,1
929,145,21.127209,8328,2021-06-28 17:38:34,52.257323,1
930,507,21.1001233,8329,2021-06-28 17:38:38,52.223261,08
931,148,21.0974206,8330,2021-06-28 17:38:32,52.2341876,2
932,145,21.111249,8332,2021-06-28 17:38:36,52.282409,7
933,523,21.1068175,8333,2021-06-28 17:38:44,52.2479963,12
934,148,21.1044835,8334,2021-06-28 17:38:36,52.221605,3
935,145,21.000193,8335,2021-06-28 17:38:39,52.291371,014
936,143,21.006741,8337,2021-06-28 17:38:29,52.217196,2
937,125,21.1619776,8340,2021-06-28 17:38:41,52.2241963,4
938,523,20.900019,8341,2021-06-28 17:38:41,52.2579645,5
939,507,21.060813,8342,2021-06-28 17:38:40,52.232435,1
940,171,21.010419,8343,2021-06-28 17:38:34,52.232346,09
941,502,21.015495,8344,2021-06-28 17:38:32,52.218625,1
942,507,21.005298,8345,2021-06-28 17:38:39,52.229493,3
943,145,21.124414,8348,2021-06-28 17:38:40,52.235435,3
944,507,21.102258,8349,2021-06-28 17:38:34,52.222048,6
945,145,21.070613,8350,2021-06-28 17:38:40,52.290211,012
946,507,21.05187,8351,2021-06-28 17:38:30,52.238419,4
947,502,21.2428267,8352,2021-06-28 17:38:37,52.217585,4
948,523,21.007836,8353,2021-06-28 17:38:35,52.21755,2
949,502,21.111751,8354,2021-06-28 17:38:39,52.233293,011
950,523,20.946793,8356,2021-06-28 17:38:27,52.2389,8
951,514,21.22312,8358,2021-06-28 17:38:37,52.2463783,3
952,523,20.960245,8359,2021-06-28 17:38:40,52.217371,3
953,507,21.102133,8360,2021-06-28 17:38:38,52.222148,7
954,202,21.042081,8361,2021-06-28 17:38:42,52.241869,1
955,502,21.222383,8362,2021-06-28 17:38:31,52.223821,2
956,188,21.129065,8363,2021-06-28 17:38:36,52.2400917,6
957,138,21.0885367,8364,2021-06-28 17:38:38,52.26259,6
958,514,21.0150517,8365,2021-06-28 17:38:31,52.2176883,1
959,523,20.952678,8366,2021-06-28 17:38:28,52.238161,4
960,502,21.055751,8368,2021-06-28 17:38:24,52.226721,5
961,145,21.082444,8398,2021-06-28 17:38:29,52.286603,013
962,402,21.0042901,8403,2021-06-28 17:38:36,52.1780655,011
963,521,21.204599,8408,2021-06-28 17:38:31,52.159388,07
964,143,21.005471,8410,2021-06-28 17:38:37,52.2151105,012
965,523,21.067776,8414,2021-06-28 17:38:32,52.22986,13
966,148,21.0944846,8417,2021-06-28 17:38:31,52.2291365,9
967,148,21.048895,8430,2021-06-28 17:38:23,52.194381,010
968,162,21.0351663,8437,2021-06-28 17:38:38,52.2557203,012
969,125,21.0507748,8438,2021-06-28 17:38:39,52.2473663,1
970,162,21.030341,8440,2021-06-28 17:38:39,52.240119,015
971,145,21.126257,8441,2021-06-28 17:38:39,52.26041,6
972,269,21.0419554,8442,2021-06-28 17:38:42,52.3004961,01
973,723,20.927608,8443,2021-06-28 17:38:42,52.388802,2
974,114,20.9488656,8445,2021-06-28 17:38:40,52.2707719,5
975,120,21.062262,8446,2021-06-28 17:38:42,52.310402,6
976,731,20.952251,8447,2021-06-28 17:38:41,52.406395,3
977,160,21.002916,8448,2021-06-28 17:38:41,52.229969,1
978,132,21.011637,8449,2021-06-28 17:38:41,52.293049,04
979,412,21.0639004,8450,2021-06-28 17:38:41,52.273089,052
980,112,21.010378,8451,2021-06-28 17:38:39,52.292656,6
981,527,21.053215,8452,2021-06-28 17:38:39,52.269409,06
982,160,21.048443,8453,2021-06-28 17:38:42,52.270023,014
983,160,21.060505,8454,2021-06-28 17:38:40,52.305996,4
984,160,21.046272,8455,2021-06-28 17:38:41,52.25959,6
985,132,21.079437,8457,2021-06-28 17:38:42,52.32341,08
986,527,21.060909,8458,2021-06-28 17:38:42,52.306522,055
987,Z26,20.9983986,8459,2021-06-28 17:38:42,52.2436237,3
988,412,21.066959,8460,2021-06-28 17:38:40,52.323025,053
989,120,21.05085,8461,2021-06-28 17:38:42,52.252514,4
990,414,20.976023,8462,2021-06-28 17:38:40,52.278534,05
991,511,20.9507824,8463,2021-06-28 17:38:42,52.3063997,05
992,509,20.9796126,8465,2021-06-28 17:38:42,52.3110636,2
993,136,20.960155,8500,2021-06-28 17:38:31,52.237748,3
994,501,21.046154,8501,2021-06-28 17:38:23,52.190841,06
995,138,21.03458,8502,2021-06-28 17:38:26,52.2215717,9
996,189,20.925083,8503,2021-06-28 17:38:36,52.196526,5
997,522,21.002758,8504,2021-06-28 17:38:28,52.229266,4
998,401,20.924043,8505,2021-06-28 17:38:24,52.196906,2
999,131,21.003495,8506,2021-06-28 17:38:41,52.229284,7
1000,501,21.026744,8507,2021-06-28 17:38:29,52.20873,4
1001,138,20.9954417,8508,2021-06-28 17:38:32,52.17023,2
1002,189,21.0662683,8509,2021-06-28 17:38:30,52.1843983,1
1003,501,21.048731,8510,2021-06-28 17:38:39,52.178048,1
1004,189,21.0443583,8511,2021-06-28 17:38:40,52.1748133,027
1005,Z26,21.034304,8512,2021-06-28 17:38:31,52.255425,4
1006,186,20.9788483,8513,2021-06-28 17:38:29,52.210445,013
1007,733,20.8509983,8514,2021-06-28 17:38:39,52.11198,01
1008,Z26,20.9732283,8515,2021-06-28 17:38:27,52.23524,7
1009,522,21.058805,8516,2021-06-28 17:38:39,52.17874,2
1010,141,21.041425,8517,2021-06-28 17:38:35,52.202021,10
1011,519,21.0143917,8519,2021-06-28 17:38:34,52.2255717,7
1012,519,21.0767083,8520,2021-06-28 17:38:37,52.1677233,1
1013,186,20.988593,8522,2021-06-28 17:38:36,52.304225,10
1014,733,20.8599917,8523,2021-06-28 17:38:40,52.11542,62
1015,522,21.076055,8525,2021-06-28 17:38:29,52.157316,011
1016,172,20.960754,8526,2021-06-28 17:38:30,52.216036,63
1017,172,20.990638,8528,2021-06-28 17:38:22,52.197234,5
1018,308,21.0176317,8530,2021-06-28 17:38:41,52.1892617,02
1019,172,21.0242517,8532,2021-06-28 17:38:40,52.19818,1
1020,Z26,20.981045,8533,2021-06-28 17:38:34,52.23731,2
1021,138,21.04475,8534,2021-06-28 17:38:36,52.2545617,5
1022,522,21.079836,8535,2021-06-28 17:38:40,52.157555,1
1023,172,21.035689,8536,2021-06-28 17:38:38,52.201385,6
1024,522,21.029083,8537,2021-06-28 17:38:20,52.207191,5
1025,709,21.018288,8539,2021-06-28 17:38:33,52.074641,4
1026,172,21.069019,8540,2021-06-28 17:38:29,52.181531,8
1027,185,21.038275,8541,2021-06-28 17:38:27,52.1461567,6
1028,172,21.035315,8543,2021-06-28 17:38:25,52.2016183,9
1029,519,21.0928117,8544,2021-06-28 17:38:27,52.11673,4
1030,522,21.036943,8546,2021-06-28 17:38:24,52.200068,012
1031,522,21.05665,8547,2021-06-28 17:38:38,52.181056,6
1032,402,20.993346,8548,2021-06-28 17:38:40,52.178806,010
1033,186,20.9510167,8549,2021-06-28 17:38:33,52.2595017,015
1034,186,20.9930067,8550,2021-06-28 17:38:31,52.2865117,016
1035,709,21.017739,8551,2021-06-28 17:38:30,52.145738,10
1036,136,21.055835,8552,2021-06-28 17:38:42,52.147525,10
1037,Z26,21.00063,8555,2021-06-28 17:38:40,52.2441833,5
1038,519,21.030139,8556,2021-06-28 17:38:37,52.207056,6
1039,Z26,21.033174,8558,2021-06-28 17:38:37,52.254151,08
1040,217,21.0471167,8559,2021-06-28 17:38:26,52.1746233,06
1041,519,21.00523,8560,2021-06-28 17:38:27,52.2288367,2
1042,411,21.102468,8561,2021-06-28 17:38:26,52.222116,02
1043,521,21.1308917,8562,2021-06-28 17:38:33,52.2326883,09
1044,402,21.123005,8563,2021-06-28 17:38:33,52.2329417,2
1045,521,21.167625,8564,2021-06-28 17:38:24,52.20488,08
1046,502,21.135286,8565,2021-06-28 17:38:31,52.230604,014
1047,502,21.0155367,8566,2021-06-28 17:38:34,52.21883,6
1048,402,21.1560283,8567,2021-06-28 17:38:38,52.2403517,014
1049,509,21.074661,8568,2021-06-28 17:38:27,52.225544,021
1050,171,20.9124817,8569,2021-06-28 17:38:27,52.2433017,2
1051,411,21.093431,8571,2021-06-28 17:38:30,52.224598,03
1052,E-1,21.087051,8572,2021-06-28 17:38:29,52.225818,04
1053,202,21.115294,8573,2021-06-28 17:38:37,52.244329,2
1054,411,21.115896,8574,2021-06-28 10:20:57,52.233514,01
1055,720,21.109149,8576,2021-06-28 17:38:41,52.240961,1
1056,162,21.02736,8578,2021-06-28 17:38:23,52.2596567,4
1057,125,21.196751,8579,2021-06-28 17:38:38,52.208401,09
1058,731,21.000835,8583,2021-06-28 17:38:33,52.2912733,5
1059,269,21.046128,8584,2021-06-28 17:38:38,52.286183,02
1060,269,21.0512167,8585,2021-06-28 17:38:22,52.2694317,03
1061,514,21.0734233,8586,2021-06-28 17:38:42,52.23214,2
1062,523,21.115558,8587,2021-06-28 08:55:25,52.233753,3
1063,145,21.08819,8588,2021-06-28 17:38:36,52.2447617,016
1064,514,21.1383817,8589,2021-06-28 17:38:32,52.2436367,4
1065,502,21.217395,8590,2021-06-28 17:38:30,52.214415,3
1066,507,21.01111,8592,2021-06-28 17:38:23,52.2295367,2
1067,145,21.0004367,8593,2021-06-28 17:38:32,52.2914917,10
1068,138,21.0479367,8595,2021-06-28 17:38:29,52.2461317,8
1069,186,20.9888271,8801,2021-06-28 17:38:28,52.3041398,11
1070,185,20.9755768,8802,2021-06-28 17:38:32,52.289687,1
1071,727,21.0188201,8803,2021-06-28 17:38:37,52.1047123,1
1072,217,21.0369835,8804,2021-06-28 17:38:33,52.1767806,3
1073,185,21.057193,8805,2021-06-28 17:38:32,52.192541,4
1074,402,20.9870413,8806,2021-06-28 17:38:35,52.1811831,8
1075,131,21.0040985,8808,2021-06-28 17:38:38,52.2294348,3
1076,709,21.0193076,8809,2021-06-28 17:38:33,52.0888243,2
1077,174,20.995323,8810,2021-06-28 17:38:41,52.170159,1
1078,165,21.0240786,8811,2021-06-28 17:38:34,52.1797973,3
1079,167,21.0477226,8812,2021-06-28 17:38:40,52.207046,011
1080,402,21.052385,8813,2021-06-28 17:38:30,52.198503,1
1081,167,20.9595868,8814,2021-06-28 17:38:27,52.2205846,2
1082,167,20.9257425,8816,2021-06-28 17:38:28,52.2340466,3
1083,308,21.020469,8817,2021-06-28 17:38:37,52.189579,03
1084,504,20.978996,8818,2021-06-28 17:38:33,52.183795,9
1085,331,21.0056521,8819,2021-06-28 17:38:33,52.1550838,04
1086,522,21.0313446,8820,2021-06-28 17:38:39,52.2063275,014
1087,174,21.0011613,8821,2021-06-28 17:38:39,52.228414,08
1088,174,21.007622,8822,2021-06-28 17:38:37,52.2095741,5
1089,522,21.0703086,8823,2021-06-28 17:38:37,52.1643066,015
1090,709,21.0177553,8825,2021-06-28 17:38:38,52.1470933,012
1091,504,20.9878981,8826,2021-06-28 17:38:37,52.2094495,8
1092,143,21.0828321,8828,2021-06-28 17:38:34,52.2415808,4
1093,509,21.0282531,8829,2021-06-28 17:38:36,52.2573318,4
1094,523,21.0372728,8830,2021-06-28 17:38:41,52.2224565,11
1095,125,21.196409,8831,2021-06-28 17:38:34,52.2084053,5
1096,171,20.9261775,8832,2021-06-28 17:38:36,52.240741,7
1097,141,20.9844466,8833,2021-06-28 17:38:28,52.198444,9
1098,704,21.2122143,8834,2021-06-28 17:38:36,52.224181,2
1099,521,20.9783786,8835,2021-06-28 17:38:29,52.2129383,5
1100,182,21.1129696,8837,2021-06-28 17:38:36,52.2365191,6
1101,182,21.011886,8838,2021-06-28 17:38:24,52.217356,010
1102,704,21.229418,8839,2021-06-28 17:38:28,52.223521,1
1103,185,21.0418628,8840,2021-06-28 17:38:35,52.1710188,5
1104,125,21.1628975,8841,2021-06-28 17:38:30,52.221473,6
1105,521,21.210709,8843,2021-06-28 17:38:42,52.161728,3
1106,185,20.977091,8844,2021-06-28 17:38:34,52.279036,2
1107,402,21.0515463,8845,2021-06-28 17:38:37,52.1967453,013
1108,143,21.016557,8846,2021-06-28 17:38:34,52.2175941,3
1109,143,21.1772141,8847,2021-06-28 17:38:39,52.2569836,6
1110,125,21.1097916,8849,2021-06-28 17:38:37,52.2408518,3
1111,521,20.9640558,8850,2021-06-28 17:38:35,52.2077911,6
1112,523,20.9645488,8851,2021-06-28 17:38:38,52.2176201,019
1113,141,21.0872505,8852,2021-06-28 17:38:33,52.2449931,3
1114,125,21.1006868,8853,2021-06-28 17:38:30,52.2425475,7
1115,509,21.10273,8854,2021-06-28 17:38:37,52.2216983,8
1116,402,21.0191305,8855,2021-06-28 17:38:39,52.1733988,6
1117,512,21.0632143,8856,2021-06-28 17:38:35,52.2723211,1
1118,509,20.965704,8857,2021-06-28 17:38:29,52.3185508,12
1119,169,21.037016,8858,2021-06-28 17:38:36,52.26874,1
1120,112,21.061333,8859,2021-06-28 17:38:39,52.3079531,4
1121,512,21.0443003,8861,2021-06-28 17:38:37,52.2504963,4
1122,412,21.0785065,8862,2021-06-28 17:38:41,52.322442,04
1123,738,21.1880341,8864,2021-06-28 17:38:41,52.4146103,05
1124,500,21.0459893,8865,2021-06-28 10:43:17,52.2651186,08
1125,169,21.051748,8866,2021-06-28 17:38:39,52.252918,5
1126,162,21.0850015,8867,2021-06-28 17:38:32,52.1933093,1
1127,190,21.007064,8868,2021-06-28 17:38:36,52.2461625,5
1128,190,21.086166,8869,2021-06-28 17:38:41,52.300216,023
1129,190,21.0678536,8871,2021-06-28 17:38:24,52.277612,025
1130,190,21.0290116,8872,2021-06-28 17:38:34,52.2523331,026
1131,738,21.055264,8873,2021-06-28 17:38:34,52.2754151,06
1132,500,21.0052446,8874,2021-06-28 17:38:36,52.2592965,3
1133,190,21.049001,8875,2021-06-28 17:38:34,52.2608331,4
1134,162,21.035476,8876,2021-06-28 17:38:32,52.2538465,3
1135,512,21.0441751,8878,2021-06-28 17:38:36,52.2499863,06
1136,509,20.9515985,8879,2021-06-28 17:38:39,52.3189543,1
1137,709,20.996574,8880,2021-06-25 18:58:33,52.18762,016
1138,186,20.9422768,8881,2021-06-28 17:38:34,52.3341875,014
1139,165,21.000391,8882,2021-06-28 17:38:30,52.156246,2
1140,128,21.01272,8883,2021-06-28 17:38:36,52.2433885,64
1141,180,20.9492155,8885,2021-06-28 17:38:41,52.2638256,5
1142,167,20.9660475,8886,2021-06-28 17:38:32,52.214967,5
1143,189,20.986826,8887,2021-06-28 17:38:40,52.18168,021
1144,128,20.9638166,8888,2021-06-28 17:38:34,52.2077548,61
1145,504,21.0040285,8891,2021-06-28 17:38:32,52.2295275,012
1146,165,21.000029,8892,2021-06-28 17:38:32,52.173716,1
1147,180,21.013761,8893,2021-06-28 17:38:37,52.245636,53
1148,217,21.067993,8894,2021-06-28 17:38:30,52.169611,05
1149,136,21.0275581,8895,2021-06-28 17:38:38,52.1510951,015
1150,174,21.0150138,8896,2021-06-28 17:38:34,52.192924,07
1151,180,21.0589468,8897,2021-06-28 17:38:39,52.1908778,015
1152,167,21.0481081,8898,2021-06-28 17:38:38,52.2079126,7
1153,504,20.9893328,8899,2021-06-28 17:38:28,52.224139,6
1154,161,21.224802,9061,2021-06-28 17:28:56,52.186687,2
1155,161,21.224712,9063,2021-06-28 17:38:40,52.186726,3
1156,262,21.05658,9064,2021-06-28 17:38:41,52.274994,03
1157,314,20.988502,9065,2021-06-28 17:38:39,52.309654,04
1158,314,21.017649,9066,2021-06-28 17:38:40,52.305767,02
1159,104,21.032,9068,2021-06-28 17:38:38,52.329689,2
1160,161,21.212593,9070,2021-06-28 17:38:41,52.154442,1
1161,225,21.102488,9071,2021-06-28 17:38:36,52.222786,2
1162,225,21.127066,9074,2021-06-28 17:38:38,52.25787,4
1163,225,21.141945,9075,2021-06-28 17:38:39,52.260162,3
1164,211,20.939089,9077,2021-06-28 17:38:41,52.340214,08
1165,314,21.057598,9078,2021-06-28 17:38:41,52.361664,01
1166,262,21.087803,9080,2021-06-28 17:38:38,52.286572,1
1167,104,21.000237,9081,2021-06-28 17:38:41,52.291512,1
1168,314,20.952833,9082,2021-06-28 17:38:42,52.317329,03
1169,262,21.074556,9083,2021-06-28 17:38:39,52.279606,2
1170,225,21.09726,9088,2021-06-28 17:38:41,52.233917,1
1171,211,20.941444,9090,2021-06-28 17:38:42,52.35535,2
1172,211,20.942459,9091,2021-06-28 17:38:38,52.348606,07
1173,305,21.151672,9093,2021-06-28 17:38:39,52.227154,1
1174,900,20.958231,9094,2021-06-28 17:38:38,52.349365,1
1175,133,20.965097,9201,2021-06-28 17:38:41,52.337425,2
1176,207,20.899496,9202,2021-06-28 17:38:39,52.190002,03
1177,164,21.138256,9203,2021-06-28 17:38:33,52.145828,05
1178,133,20.952276,9204,2021-06-28 17:38:39,52.31694,1
1179,809,20.989626,9205,2021-06-28 17:38:37,52.11079,51
1180,239,21.038013,9206,2021-06-28 17:38:40,52.153934,52
1181,239,21.016619,9208,2021-06-28 17:38:36,52.153049,54
1182,211,20.965961,9209,2021-06-28 17:38:35,52.318642,4
1183,177,20.883842,9210,2021-06-28 17:38:41,52.205715,3
1184,239,21.038048,9212,2021-06-28 17:38:39,52.155132,53
1185,211,20.959694,9213,2021-06-28 17:38:38,52.31131,6
1186,208,20.951504,9216,2021-06-28 17:38:42,52.202646,1
1187,234,21.029829,9217,2021-06-28 17:38:37,52.314869,1
1188,234,21.053597,9219,2021-06-28 17:38:41,52.324715,2
1189,203,20.923056,9220,2021-06-28 17:38:37,52.278152,1
1190,249,20.897047,9221,2021-06-28 17:38:39,52.224461,1
1191,211,20.958672,9223,2021-06-28 17:38:33,52.325321,1
1192,201,20.934509,9224,2021-06-28 17:38:35,52.234249,3
1193,208,20.948664,9225,2021-06-28 17:38:40,52.209412,04
1194,208,20.975601,9226,2021-06-28 17:38:39,52.210224,05
1195,208,20.974661,9227,2021-06-28 17:38:42,52.209114,2
1196,219,21.104921,9228,2021-06-28 17:38:38,52.22168,2
1197,219,21.187532,9229,2021-06-28 17:38:39,52.183956,1
1198,201,20.937874,9230,2021-06-28 17:38:36,52.251282,2
1199,809,21.037979,9232,2021-06-28 17:38:34,52.154179,056
1200,264,21.083954,9233,2021-06-28 17:38:38,52.167809,1
1201,203,20.933384,9234,2021-06-28 17:38:36,52.288712,2
1202,201,20.937815,9235,2021-06-28 17:38:37,52.251526,5
1203,201,20.938463,9236,2021-06-28 17:38:38,52.23579,4
1204,209,21.018179,9237,2021-06-28 17:38:37,52.129456,055
1205,208,20.973417,9238,2021-06-28 17:38:41,52.212158,03
1206,207,20.874012,9239,2021-06-28 17:38:37,52.188385,02
1207,177,20.883757,9240,2021-06-28 17:38:38,52.205772,1
1208,133,20.961092,9241,2021-06-28 17:38:35,52.334541,3
1209,201,20.925024,9242,2021-06-28 17:38:34,52.260582,06
1210,211,20.983881,9243,2021-06-28 17:38:35,52.303196,5
1211,207,20.883005,9244,2021-06-28 17:38:40,52.189251,01
1212,211,20.942099,9245,2021-06-28 17:38:37,52.332397,3
1213,164,21.083933,9246,2021-06-28 17:38:34,52.167931,04
1214,201,20.924931,9247,2021-06-28 17:38:38,52.260502,1
1215,177,20.89641,9248,2021-06-28 17:38:40,52.186768,2
1216,164,21.096598,9250,2021-06-28 17:38:37,52.161316,3
1217,164,21.130512,9251,2021-06-28 17:38:36,52.154339,2
1218,164,21.085308,9252,2021-06-28 17:38:40,52.193539,1
1219,211,20.999687,9254,2021-06-28 17:38:37,52.293396,09
1220,199,21.158585,9301,2021-06-28 17:38:41,52.262074,06
1221,739,21.039738,9302,2021-06-28 17:33:39,52.080597,2
1222,739,21.018171,9304,2021-06-28 17:38:37,52.11692,3
1223,179,21.036966,9311,2021-06-28 16:38:38,52.162029,10
1224,123,21.098385,9312,2021-06-28 17:38:37,52.236298,08
1225,179,21.021288,9313,2021-06-28 17:38:36,52.158958,11
1226,153,21.171349,9314,2021-06-28 17:38:38,52.279613,2
1227,179,21.045568,9315,2021-06-28 17:38:41,52.150032,2
1228,135,21.067904,9316,2021-06-28 17:38:33,52.246243,3
1229,135,21.097843,9317,2021-06-28 17:38:41,52.23542,6
1230,135,21.101362,9318,2021-06-28 17:38:40,52.241154,2
1231,135,21.107141,9319,2021-06-28 17:38:36,52.248409,1
1232,179,21.068094,9320,2021-06-28 17:38:41,52.128914,4
1233,179,21.054911,9321,2021-06-28 17:38:39,52.132896,5
1234,123,21.051104,9322,2021-06-28 17:38:35,52.252613,5
1235,135,21.044292,9323,2021-06-28 17:38:42,52.258972,07
1236,179,21.0366,9324,2021-06-28 17:35:33,52.162136,9
1237,179,21.038263,9325,2021-06-28 17:38:41,52.153324,51
1238,256,21.08502,9326,2021-06-28 17:38:40,52.272858,2
1239,142,21.088245,9327,2021-06-28 17:38:37,52.244762,3
1240,179,21.031702,9328,2021-06-28 17:38:39,52.149002,8
1241,153,21.164566,9329,2021-06-28 17:38:38,52.257217,04
1242,123,21.0773959,9331,2021-06-28 09:44:24,52.2687066,07
1243,123,21.077486,9332,2021-06-28 15:39:21,52.268074,08
1244,142,21.188204,9333,2021-06-28 17:38:34,52.171986,5
1245,739,21.018366,9334,2021-06-28 17:38:41,52.123798,1
1246,153,21.16968,9335,2021-06-28 17:38:37,52.27692,3
1247,135,21.04697,9336,2021-06-28 17:38:41,52.260017,5
1248,739,21.0771987,9337,2021-06-28 16:56:14,52.2682345,2
1249,179,21.061758,9338,2021-06-28 17:38:42,52.146976,6
1250,256,21.060053,9339,2021-06-28 17:38:38,52.304836,1
1251,153,21.177601,9340,2021-06-28 17:38:42,52.256874,1
1252,142,21.1146239,9341,2021-06-28 17:38:43,52.2397866,4
1253,739,21.02413,9342,2021-06-28 17:38:39,52.179916,4
1254,256,21.048111,9343,2021-06-28 17:38:40,52.286861,4
1255,135,21.062529,9344,2021-06-28 17:38:42,52.246799,08
1256,739,21.020531,9345,2021-06-28 17:38:40,52.17429,05
1257,179,21.04208,9346,2021-06-28 17:38:40,52.147594,7
1258,135,21.02718,9347,2021-06-28 17:38:41,52.259636,4
1259,123,21.044872,9348,2021-06-28 17:38:37,52.250816,09
1260,179,21.058687,9349,2021-06-28 17:38:41,52.140068,3
1261,123,21.062788,9350,2021-06-28 17:38:36,52.251472,357
1262,142,21.241501,9351,2021-06-28 17:38:40,52.169086,1
1263,123,21.047432,9352,2021-06-28 17:38:39,52.248009,6
1264,739,21.052362,9353,2021-06-28 17:38:40,52.101418,06
1265,123,21.080256,9354,2021-06-28 17:38:09,52.226185,07
1266,199,21.062708,9355,2021-06-28 17:38:38,52.273125,05
1267,256,21.08098,9356,2021-06-28 17:38:39,52.277405,3
1268,142,21.143833,9357,2021-06-28 17:38:41,52.18573,2
1269,142,21.077633,9358,2021-06-28 16:02:28,52.267822,4
1270,256,21.068378,9359,2021-06-28 17:38:39,52.323441,5
1271,176,20.982338,9403,2021-06-28 17:38:38,52.355556,1
1272,176,21.026785,9405,2021-06-28 17:38:38,52.281185,05
1273,176,20.986704,9412,2021-06-28 17:38:37,52.333073,3
1274,197,20.950634,9413,2021-06-28 17:38:40,52.2714,012
1275,197,20.931005,9414,2021-06-28 17:38:41,52.225323,014
1276,102,21.022957,9416,2021-06-28 17:38:40,52.23674,3
1277,157,20.992849,9417,2021-06-28 17:38:42,52.231575,7
1278,712,20.861368,9418,2021-06-28 17:38:38,52.274937,02
1279,516,20.936422,9420,2021-06-28 17:38:38,52.333366,5
1280,157,20.971733,9423,2021-06-28 17:38:41,52.285709,1
1281,103,20.926903,9424,2021-06-28 17:38:34,52.29031,4
1282,123,21.101032,9425,2021-06-28 17:38:38,52.240952,1
1283,157,20.995033,9426,2021-06-28 17:38:41,52.228039,3
1284,157,20.97706,9427,2021-06-28 17:38:38,52.217182,4
1285,157,20.981525,9428,2021-06-28 17:38:38,52.274578,9
1286,103,20.966112,9429,2021-06-28 17:38:40,52.233147,6
1287,157,20.976746,9432,2021-06-28 17:38:40,52.289867,10
1288,743,20.93026,9433,2021-06-28 17:38:41,52.224884,02
1289,176,20.980412,9434,2021-06-28 17:38:41,52.351269,04
1290,516,20.970634,9435,2021-06-28 17:38:39,52.32061,1
1291,157,20.987358,9436,2021-06-28 17:38:40,52.243229,2
1292,157,20.98086,9437,2021-06-28 17:38:42,52.216496,6
1293,197,20.949976,9438,2021-06-28 17:38:41,52.280613,011
1294,197,20.941847,9439,2021-06-28 17:38:39,52.261887,016
1295,516,20.981705,9440,2021-06-28 17:38:38,52.309063,3
1296,123,21.084564,9441,2021-06-28 17:38:41,52.250206,3
1297,103,20.944935,9442,2021-06-28 17:38:41,52.271687,5
1298,102,21.02033,9443,2021-06-28 17:38:38,52.236843,1
1299,103,20.968559,9445,2021-06-28 17:38:41,52.222069,7
1300,103,20.945364,9446,2021-06-28 17:38:38,52.265949,1
1301,123,21.066402,9447,2021-06-28 17:38:40,52.231319,4
1302,157,20.994696,9448,2021-06-28 17:38:37,52.259991,011
1303,516,20.938002,9449,2021-06-28 17:38:40,52.324398,4
1304,102,21.107334,9450,2021-06-28 17:38:37,52.248581,2
1305,157,20.963881,9451,2021-06-28 17:38:40,52.207947,5
1306,157,20.986078,9452,2021-06-28 17:38:41,52.251266,8
1307,176,21.010174,9453,2021-06-28 17:38:39,52.302525,2
1308,197,20.940186,9454,2021-06-28 17:38:42,52.235104,015
1309,712,20.928053,9455,2021-06-28 17:38:39,52.290802,1
1310,743,20.695232,9456,2021-06-28 17:38:37,52.195969,1
1311,197,20.945892,9457,2021-06-28 17:38:39,52.2397,013
1312,103,20.966898,9458,2021-06-28 17:38:41,52.243675,8
1313,194,20.8862165,9501,2021-06-28 17:38:40,52.1970505,5
1314,707,21.022019667,9502,2021-06-28 17:38:42,52.0774775,1
1315,159,20.9607975,9503,2021-06-28 17:38:42,52.2126165,1
1316,103,20.950302167,9505,2021-06-28 17:38:40,52.263677,09
1317,103,20.9687395,9506,2021-06-28 17:38:40,52.22216,011
1318,220,20.909027167,9509,2021-06-28 17:38:40,52.177976333,3
1319,194,20.906812333,9510,2021-06-28 17:38:39,52.207242333,06
1320,737,20.970686833,9511,2021-06-28 17:38:42,52.089261833,56
1321,220,20.925033167,9513,2021-06-28 17:38:42,52.2610845,5
1322,715,21.028409833,9514,2021-06-28 17:38:40,52.146602167,53
1323,181,20.944247,9515,2021-06-28 17:38:38,52.295850333,2
1324,737,21.033921167,9516,2021-06-28 17:38:39,52.162186667,54
1325,149,20.869524667,9518,2021-06-28 17:38:40,52.249406833,06
1326,149,20.944480833,9519,2021-06-28 17:38:40,52.246921833,2
1327,159,20.954744167,9520,2021-06-28 17:38:41,52.212012,8
1328,715,21.008835,9521,2021-06-28 17:38:38,52.1104525,1
1329,220,20.896202333,9522,2021-06-28 17:38:31,52.239899833,4
1330,220,20.896079333,9523,2021-06-28 17:38:40,52.202377,07
1331,220,20.944013833,9524,2021-06-28 17:38:41,52.175756667,2
1332,194,20.914428333,9525,2021-06-28 17:38:40,52.213985167,3
1333,181,20.985291167,9526,2021-06-28 17:38:42,52.269938667,1
1334,715,20.956705833,9528,2021-06-28 17:38:31,52.144981167,058
1335,715,21.036879333,9529,2021-06-28 17:38:40,52.1619485,52
1336,707,20.921145167,9530,2021-06-28 17:38:40,52.154933833,03
1337,159,21.082410333,9531,2021-06-28 17:38:41,52.190502667,4
1338,194,20.913657,9532,2021-06-28 17:38:39,52.211920167,1
1339,181,20.9514715,9533,2021-06-28 17:38:42,52.288535333,4
1340,181,20.899791833,9534,2021-06-28 17:38:39,52.297118167,3
1341,159,20.983061333,9535,2021-06-28 17:38:38,52.221745667,7
1342,159,21.018951167,9537,2021-06-28 17:38:42,52.2234795,6
1343,737,21.027090333,9539,2021-06-28 17:38:40,52.151407,059
1344,220,20.897281333,9540,2021-06-28 17:38:41,52.201966333,1
1345,220,20.896694667,9542,2021-06-28 17:38:41,52.235812667,6
1346,737,20.953330333,9544,2021-06-28 17:38:39,52.068512,07
1347,220,20.9193745,9545,2021-06-28 17:38:42,52.2568365,08
1348,149,20.896336333,9546,2021-06-28 17:38:42,52.2395315,5
1349,220,20.9043335,9548,2021-06-28 17:38:39,52.185113833,09
1350,149,20.897151667,9550,2021-06-28 17:38:40,52.239741167,1
1351,715,20.9439165,9551,2021-06-28 17:38:40,52.175330833,55
1352,149,20.940512333,9552,2021-06-28 17:38:40,52.246618167,3
1353,194,20.868801167,9554,2021-06-28 17:38:39,52.192224167,07
1354,194,20.9305385,9555,2021-06-28 17:38:42,52.225009833,2
1355,159,21.046230333,9556,2021-06-28 17:38:39,52.215661167,3
1356,149,20.9489395,9557,2021-06-28 17:38:41,52.239673,4
1357,194,20.858984833,9558,2021-06-28 17:38:39,52.207296167,4
1358,159,21.0492425,9560,2021-06-28 17:38:41,52.2033545,5
1359,159,20.995693167,9561,2021-06-28 17:38:38,52.226409333,2
1360,118,21.041368,9671,2021-06-28 17:38:36,52.300159,2
1361,118,21.022062,9672,2021-06-28 17:38:41,52.223881,5
1362,326,21.030264,9673,2021-06-28 17:38:38,52.329414,04
1363,118,21.001465,9674,2021-06-28 17:38:38,52.267769,8
1364,152,20.988874,9676,2021-06-28 17:38:42,52.336121,5
1365,212,21.044008,9677,2021-06-28 17:38:42,52.273628,06
1366,118,21.024666,9678,2021-06-28 17:38:40,52.229912,7
1367,118,21.036654,9679,2021-06-28 17:38:41,52.296616,1
1368,326,20.993549,9680,2021-06-28 17:38:40,52.299648,02
1369,212,21.042744,9682,2021-06-28 17:38:35,52.272923,5
1370,152,20.983923,9683,2021-06-28 17:36:08,52.333954,4
1371,212,21.053295,9684,2021-06-28 17:38:41,52.282463,1
1372,212,21.057184,9685,2021-06-28 17:38:42,52.301876,2
1373,326,21.061871,9686,2021-06-28 17:38:38,52.361687,05
1374,326,20.96944,9688,2021-06-28 17:38:40,52.272312,03
1375,118,21.020287,9689,2021-06-28 17:38:40,52.245407,4
1376,212,21.058384,9690,2021-06-28 17:38:34,52.279652,3
1377,326,21.038267,9692,2021-06-28 17:38:37,52.358612,01
1378,212,21.026979,9693,2021-06-28 17:38:35,52.259735,4
1379,152,21.00425,9695,2021-06-28 17:38:42,52.336311,1
1380,118,21.015558,9696,2021-06-28 17:38:35,52.219223,6
1381,118,21.028982,9697,2021-06-28 17:38:42,52.298473,3
1382,152,20.9619,9698,2021-06-28 17:38:36,52.3171,3
1383,710,21.123676,9801,2021-06-28 17:38:35,52.091316,4
1384,525,21.003479,9802,2021-06-28 17:38:33,52.22961,1
1385,184,20.938921,9803,2021-06-28 17:38:39,52.277916,069
1386,127,21.008579,9804,2021-06-28 17:38:34,52.229271,56
1387,710,21.115055,9805,2021-06-28 17:38:38,52.100624,2
1388,525,21.015347,9807,2021-06-28 17:38:37,52.223469,319
1389,127,20.94792,9808,2021-06-28 17:38:39,52.208981,2
1390,109,20.898731,9809,2021-06-28 17:38:41,52.238503,07
1391,710,21.011309,9810,2021-06-28 17:38:40,52.074203,5
1392,719,20.89245,9812,2021-06-28 17:38:36,52.239857,3
1393,109,21.030669,9813,2021-06-28 17:19:50,52.230155,08
1394,Z10,20.929537,9814,2021-06-28 17:38:38,52.224743,2
1395,525,21.169092,9815,2021-06-28 17:38:43,52.210606,09
1396,742,21.172701,9816,2021-06-28 17:38:40,52.045799,1
1397,719,20.702505,9818,2021-06-28 17:38:36,52.259068,04
1398,719,20.809587,9820,2021-06-28 17:38:42,52.252911,2
1399,710,21.034628,9821,2021-06-28 17:38:36,52.076473,1
1400,525,21.009962,9822,2021-06-28 17:38:42,52.229607,010
1401,184,20.9431,9823,2021-06-28 17:38:38,52.245941,010
1402,525,21.089674,9825,2021-06-28 17:19:36,52.235753,5
1403,525,21.055169,9826,2021-06-28 17:38:42,52.226563,7
1404,185,21.03863,9827,2021-06-28 17:38:43,52.141457,8
1405,127,20.949198,9828,2021-06-28 17:38:39,52.210148,4
1406,525,21.115292,9829,2021-06-28 17:38:39,52.232693,6
1407,Z10,20.914415,9830,2021-06-28 17:38:40,52.23576,8
1408,710,21.068773,9831,2021-06-28 17:38:37,52.131367,3
1409,127,20.988327,9833,2021-06-28 17:38:28,52.224186,1
1410,742,21.096247,9835,2021-06-28 17:38:36,52.125885,02
1411,525,21.128099,9836,2021-06-28 17:38:40,52.233673,3
1412,525,21.071037,9838,2021-06-28 17:38:39,52.231129,2
1413,724,21.027569,9839,2021-06-28 17:38:41,52.067345,1
1414,127,21.027767,9840,2021-06-28 17:38:41,52.238712,6
1415,724,21.078102,9841,2021-06-28 17:38:37,52.130226,02
1416,127,21.019459,9843,2021-06-28 17:38:42,52.246269,7
1417,127,20.914293,9844,2021-06-28 17:38:41,52.208374,09
1418,127,20.896347,9845,2021-06-28 17:38:35,52.208977,3
1419,Z10,20.912552,9846,2021-06-28 17:38:38,52.241344,6
1420,Z10,20.920034,9847,2021-06-28 17:38:32,52.257549,4
1421,109,20.997721,9849,2021-06-28 17:38:39,52.233429,6
1422,109,20.948902,9851,2021-06-28 17:38:41,52.231663,5
1423,109,20.932791,9852,2021-06-28 17:38:38,52.240227,4
1424,109,21.043303,9853,2021-06-28 17:38:39,52.223045,1
1425,127,21.037758,9854,2021-06-28 17:38:39,52.232803,335
1426,186,20.962883,9901,2021-06-28 17:38:39,52.215973,1
1427,210,20.924789,9902,2021-06-28 17:38:39,52.28162,5
1428,140,21.108372,9903,2021-06-28 17:38:40,52.32711,04
1429,520,21.03915,9905,2021-06-28 17:38:38,52.22308,011
1430,520,21.110497,9906,2021-06-28 17:38:37,52.23349,3
1431,140,21.073692,9907,2021-06-28 17:38:40,52.284733,08
1432,140,21.052883,9908,2021-06-28 17:38:37,52.276756,09
1433,140,21.076191,9909,2021-06-28 17:38:39,52.288177,2
1434,719,20.935251,9912,2021-06-28 17:38:39,52.24004,05
1435,520,21.004835,9913,2021-06-28 17:38:40,52.245644,08
1436,520,21.015129,9914,2021-06-28 17:38:40,52.217083,09
1437,520,21.085314,9915,2021-06-28 17:38:42,52.236103,6
1438,520,21.143333,9916,2021-06-28 17:38:39,52.237492,4
1439,193,21.0135,9918,2021-06-28 17:38:38,52.174271,2
1440,193,20.995459,9919,2021-06-28 17:38:39,52.170208,3
1441,140,21.13443,9920,2021-06-28 17:38:42,52.358845,05
1442,140,21.13126,9921,2021-06-28 17:38:40,52.354683,06
1443,520,21.147573,9922,2021-06-28 17:38:40,52.238293,5
1444,193,21.006104,9923,2021-06-28 17:38:38,52.171989,4
1445,140,21.10125,9924,2021-06-28 17:38:41,52.31818,07
1446,193,21.048904,9926,2021-06-28 17:38:38,52.15836,1
1447,520,21.126295,9927,2021-06-28 17:38:40,52.232819,010
1448,140,21.111183,9928,2021-06-28 17:38:39,52.360924,3
1449,186,20.956875,9929,2021-06-28 17:38:40,52.230556,12
1450,193,21.045036,9930,2021-06-28 17:38:41,52.166428,5
1451,186,20.95668,9932,2021-06-28 17:38:40,52.229233,4
1452,520,21.01111,9933,2021-06-28 17:38:37,52.231544,2
1453,186,20.975607,9934,2021-06-28 17:38:37,52.204578,2
1454,520,21.002163,9935,2021-06-28 17:38:38,52.243099,1
1455,186,20.968796,9936,2021-06-28 17:38:39,52.319664,6
1456,520,21.008501,9937,2021-06-28 17:38:37,52.235016,7
1457,186,20.963737,9940,2021-06-28 17:38:41,52.207848,3
1458,186,20.950741,9941,2021-06-28 17:38:41,52.319344,8
1459,210,20.928341,9942,2021-06-28 17:38:40,52.291164,4
1460,109,21.001297,9943,2021-06-28 17:38:40,52.2281,2
1461,186,20.941113,9945,2021-06-28 17:38:41,52.33012,9
1462,210,20.854612,9946,2021-06-28 17:38:39,52.291771,3
1463,109,20.983692,9948,2021-06-28 17:38:36,52.229977,3
1464,210,20.804789,9949,2021-06-28 17:38:40,52.294426,1
1465,186,20.95779,9951,2021-06-28 17:38:40,52.26701,5
1466,186,20.941307,9953,2021-06-28 17:38:40,52.33136,67
1467,140,21.053061,9954,2021-06-28 17:38:41,52.276768,1
1468,o97B,21.423098,9999,2021-06-28 14:27:55,50.302967,7
