,Lines,Lon,VehicleNumber,Time,Lat,Brigade
0,213,21.170719,1001,2021-06-28 16:34:05,52.192256,1
1,213,21.187658,1003,2021-06-28 16:33:59,52.151966,05
2,213,21.170521,1004,2021-06-28 16:34:12,52.1950065,3
3,196,21.1720103,1005,2021-06-28 16:34:14,52.2617128,2
4,196,21.176345,1008,2021-06-28 16:33:56,52.256748,03
5,213,21.1033301,1009,2021-06-28 16:34:02,52.2222606,4
6,213,21.184666,1010,2021-06-28 16:34:11,52.154645,2
7,311,21.0946805,1012,2021-06-28 16:34:14,52.2293378,1
8,196,21.17725,1014,2021-06-28 16:34:09,52.256819,1
9,311,21.0841213,1015,2021-06-28 16:34:16,52.2331183,2
10,365,20.9949309,1021,2021-06-28 16:34:15,52.1754505,01
11,107,21.0359396,1023,2021-06-28 16:34:15,52.2217941,3
12,163,21.0660981,1025,2021-06-28 16:34:15,52.1766256,2
13,107,21.0313464,1026,2021-06-28 16:34:14,52.2242112,5
14,108,21.056093,1027,2021-06-28 16:34:14,52.182102,1
15,108,21.053793,1028,2021-06-28 16:34:15,52.180317,5
16,108,21.024244,1029,2021-06-28 16:34:16,52.17963,6
17,365,21.0222125,1031,2021-06-28 16:34:14,52.1792032,02
18,108,21.036442,1033,2021-06-28 16:34:13,52.220268,4
19,163,21.08428,1034,2021-06-28 16:34:16,52.166283,1
20,192,21.0198902,1037,2021-06-28 16:34:12,52.1724064,7
21,108,21.023156,1038,2021-06-28 16:34:08,52.228908,3
22,365,20.9997717,1039,2021-06-28 16:34:16,52.1751871,03
23,107,21.0090467,1040,2021-06-28 16:34:11,52.2433233,6
24,107,21.009815,1042,2021-06-28 16:34:12,52.2392083,2
25,107,20.979353,1043,2021-06-28 16:34:03,52.244503,07
26,107,21.048159,1045,2021-06-28 16:34:12,52.208166,4
27,204,21.02881,1046,2021-06-28 16:34:13,52.2878517,05
28,204,21.058315,1047,2021-06-28 16:34:11,52.318739,1
29,204,21.032856,1048,2021-06-28 16:34:05,52.299061,04
30,228,20.94191,1050,2021-06-28 16:34:11,52.204243,1
31,228,20.892923,1051,2021-06-28 16:33:44,52.200285,2
32,328,20.9946983,1052,2021-06-28 16:34:03,52.1508983,01
33,129,20.914494,1053,2021-06-28 16:34:14,52.200283,4
34,228,20.956555,1054,2021-06-28 16:33:44,52.198601,3
35,129,20.9075917,1055,2021-06-28 16:34:14,52.192395,3
36,328,20.966408,1058,2021-06-28 16:34:03,52.183516,02
37,129,20.942679,1059,2021-06-28 16:34:14,52.238871,1
38,328,20.972567,1061,2021-06-28 16:34:14,52.182236,03
39,192,21.0175057,1062,2021-06-28 16:34:16,52.1554724,51
40,192,21.070082,1064,2021-06-28 16:34:14,52.13166,2
41,163,21.0935074,1065,2021-06-28 16:34:15,52.1609797,04
42,107,20.979231,1066,2021-06-28 16:34:14,52.244514,1
43,163,21.0930914,1068,2021-06-28 16:34:16,52.1846864,3
44,192,21.0500024,1069,2021-06-28 16:34:15,52.1375159,4
45,163,21.049051,1070,2021-06-28 16:34:15,52.178265,05
46,192,21.024084,1074,2021-06-28 16:34:15,52.179928,6
47,108,21.050634,1076,2021-06-28 16:34:16,52.212547,2
48,192,21.070408,1077,2021-06-28 16:34:16,52.131809,3
49,192,21.042654,1079,2021-06-28 16:34:16,52.147617,1
50,736,20.9415013,1101,2021-06-28 16:34:00,52.4004413,02
51,132,20.9777061,1109,2021-06-28 16:34:08,52.278801,2
52,303,20.9398748,1112,2021-06-28 16:34:13,52.2807318,3
53,147,21.0559643,1113,2021-06-28 16:34:11,52.2316811,06
54,152,21.0041086,1114,2021-06-28 16:34:06,52.3361206,06
55,166,21.0231993,1115,2021-06-28 16:34:12,52.2270781,09
56,132,21.0114491,1116,2021-06-28 16:34:11,52.2934271,3
57,122,20.920847,1117,2021-06-28 16:34:14,52.256595,09
58,197,20.949031,1118,2021-06-28 16:34:01,52.269509,7
59,126,21.0403051,1119,2021-06-28 16:34:09,52.2880583,3
60,168,21.0924186,1200,2021-06-28 16:34:16,52.2245682,2
61,119,21.180477,1202,2021-06-28 16:34:13,52.20702,1
62,178,20.995424,1203,2021-06-28 16:34:16,52.232544,2
63,178,20.934715,1204,2021-06-28 16:34:11,52.201698,5
64,168,21.0491556,1205,2021-06-28 16:34:16,52.2072907,6
65,166,21.069088,1206,2021-06-28 16:33:58,52.139225,1
66,166,21.0380812,1208,2021-06-28 16:34:16,52.251549,5
67,174,21.0126992,1212,2021-06-28 16:34:15,52.1748182,371
68,174,20.99563,1213,2021-06-28 16:34:15,52.170109,3
69,218,21.020975,1214,2021-06-28 16:34:11,52.179462,5
70,166,21.0397555,1216,2021-06-28 16:34:15,52.2509942,7
71,168,21.0090837,1218,2021-06-28 16:34:14,52.2054479,5
72,119,21.0208957,1220,2021-06-28 16:34:15,52.2108542,5
73,739,20.9960854,1221,2021-06-28 16:34:16,52.1884945,07
74,122,20.9350908,1400,2021-06-28 16:34:01,52.2711526,012
75,121,20.923148,1401,2021-06-28 16:34:12,52.2761403,04
76,134,20.96836,1403,2021-06-28 16:34:04,52.2718103,1
77,110,20.8837876,1407,2021-06-28 16:34:10,52.3053888,05
78,240,21.000758,1408,2021-06-28 16:34:00,52.291363,4
79,173,21.217569,1411,2021-06-28 16:34:13,52.214378,5
80,117,21.022533,1412,2021-06-28 16:34:14,52.23201,1
81,702,21.190647,1413,2021-06-28 16:34:14,52.141365,2
82,168,21.1125419,1415,2021-06-28 16:34:15,52.2363655,1
83,202,21.04188,1416,2021-06-28 16:34:14,52.241974,04
84,183,21.0871476,1418,2021-06-28 16:34:16,52.2447027,6
85,147,21.092503,1419,2021-06-28 16:34:14,52.219402,2
86,199,21.091152,1422,2021-06-28 16:34:16,52.295086,4
87,198,21.223398,1423,2021-06-28 16:34:15,52.225605,05
88,173,21.262016,1424,2021-06-28 16:34:15,52.243423,6
89,115,21.1769599,1425,2021-06-28 16:34:16,52.2451982,4
90,173,21.1247232,1426,2021-06-28 16:34:16,52.2353109,8
91,147,21.1344784,1427,2021-06-28 16:34:14,52.2015516,4
92,146,21.181128,1428,2021-06-28 16:34:15,52.155815,2
93,142,21.120811,1430,2021-06-28 16:34:11,52.236866,06
94,L41,20.71018,14422,2021-06-28 16:34:15,52.430321,1
95,L10,20.924482,14423,2021-06-28 16:34:11,52.391632,1
96,L11,20.957804,14424,2021-06-28 16:34:14,52.410782,1
97,L10,20.95714,14425,2021-06-28 16:34:11,52.432072,50
98,L-8,20.945215,14426,2021-06-28 14:51:54,52.437912,1
99,L41,20.941446,14427,2021-06-28 16:34:11,52.400574,02
100,L11,20.712311,14429,2021-06-28 16:34:11,52.430351,57
101,L34,20.896687,14430,2021-06-28 16:34:17,52.410446,2
102,L34,20.885469,14431,2021-06-28 16:34:15,52.424797,1
103,L11,20.967363,14432,2021-06-28 16:34:15,52.451351,51
104,L-8,21.023312,14434,2021-06-28 16:34:14,52.380711,02
105,L-8,20.930277,14435,2021-06-28 16:34:18,52.394939,1
106,L49,20.946295,14436,2021-06-28 16:34:11,52.362946,1
107,L31,21.034859,14438,2021-06-28 16:34:13,52.422638,1
108,L-9,20.931654,14439,2021-06-28 16:34:14,52.469349,054
109,L-9,20.941347,14440,2021-06-28 16:34:18,52.400917,055
110,134,21.048448,1500,2021-06-28 16:34:11,52.326521,04
111,134,21.0617415,1501,2021-06-28 16:34:09,52.3617878,3
112,110,20.9685941,1502,2021-06-28 16:34:00,52.2720841,2
113,240,21.0409516,1505,2021-06-28 16:34:07,52.2889395,06
114,132,21.042656,1506,2021-06-28 16:33:37,52.302223,07
115,134,20.9680075,1507,2021-06-28 16:34:11,52.2717608,2
116,126,20.9581206,1508,2021-06-28 16:34:07,52.332356,5
117,132,21.05204,1509,2021-06-28 16:34:09,52.309301,05
118,166,21.027077,1510,2021-06-28 16:34:01,52.2599786,6
119,126,20.9705315,1513,2021-06-28 16:34:08,52.3228153,4
120,197,20.9757948,1514,2021-06-28 16:34:09,52.2895798,6
121,197,20.942816,1515,2021-06-28 16:34:04,52.238759,8
122,121,20.961683,1516,2021-06-28 16:34:13,52.2773821,1
123,173,21.053045,1519,2021-06-28 16:33:56,52.250303,10
124,202,21.0648033,1521,2021-06-28 16:34:05,52.251935,07
125,202,21.128196,1522,2021-06-28 16:34:12,52.240194,3
126,146,21.052685,1523,2021-06-28 16:34:12,52.250376,08
127,730,21.351475,1524,2021-06-28 16:34:01,52.1906317,052
128,119,21.013643,1525,2021-06-28 16:34:14,52.208429,06
129,147,21.052453,1526,2021-06-28 16:34:12,52.250291,09
130,198,21.223705,1528,2021-06-28 16:34:12,52.2538,3
131,702,21.2629033,1530,2021-06-28 16:34:04,52.108045,03
132,198,21.222301,1531,2021-06-28 16:34:03,52.239595,2
133,115,21.242119,1533,2021-06-28 16:34:13,52.169903,2
134,142,21.086328,1534,2021-06-28 16:34:08,52.244903,07
135,198,21.243296,1535,2021-06-28 16:34:04,52.221559,1
136,106,21.0205117,1537,2021-06-28 16:34:07,52.2431783,4
137,170,21.080745,1538,2021-06-28 16:34:04,52.277511,4
138,120,21.042184,1539,2021-06-28 16:33:56,52.24969,1
139,199,21.130498,1540,2021-06-28 16:34:14,52.284431,1
140,156,20.927881,1541,2021-06-28 16:34:04,52.290849,1
141,170,21.036418,1542,2021-06-28 16:34:02,52.256549,1
142,156,21.0628117,1543,2021-06-28 16:34:14,52.2566267,3
143,338,21.042398,1544,2021-06-28 16:33:45,52.254075,01
144,122,20.898906,1546,2021-06-28 16:33:55,52.238585,013
145,338,21.100889,1548,2021-06-28 16:34:12,52.260546,04
146,199,21.164208,1549,2021-06-28 16:34:05,52.261038,2
147,170,21.0716917,1550,2021-06-28 16:34:09,52.2673183,3
148,240,21.04087,1551,2021-06-28 16:34:11,52.285086,3
149,221,20.964228,1552,2021-06-28 16:34:03,52.260224,2
150,106,21.023108,1554,2021-06-28 16:34:07,52.242393,06
151,L-4,21.016525,17451,2021-06-28 16:34:15,52.098724,1
152,L26,21.152571,17452,2021-06-28 16:34:14,52.310761,02
153,L37,21.231586,17453,2021-06-28 16:34:13,52.309616,1
154,L40,21.109739,17454,2021-06-28 16:34:11,52.329533,1
155,L36,21.284706,17456,2021-06-28 16:34:15,52.367062,1
156,L35,21.324127,17458,2021-06-28 16:34:15,52.352924,1
157,L26,21.199858,17460,2021-06-28 16:34:13,52.33868,1
158,L46,21.160606,17461,2021-06-28 16:34:03,52.301723,1
159,L43,21.105141,17462,2021-06-28 16:34:03,52.320824,1
160,L45,21.137169,17464,2021-06-28 16:34:14,52.364998,02
161,L45,21.127399,17465,2021-06-28 16:34:18,52.349964,1
162,L38,21.250894,17466,2021-06-28 16:34:16,52.357279,1
163,L37,21.257044,17467,2021-06-28 16:34:13,52.311455,2
164,L40,21.243612,17468,2021-06-28 16:34:13,52.350597,02
165,197,20.931211,1800,2021-06-28 16:34:07,52.254759,4
166,110,20.885348,1801,2021-06-28 16:33:57,52.305326,4
167,132,21.068248,1802,2021-06-28 16:34:08,52.3238316,1
168,166,21.0419068,1803,2021-06-28 16:34:09,52.1710406,8
169,122,20.9217633,1804,2021-06-28 16:34:12,52.2495795,5
170,173,21.2432135,1805,2021-06-28 16:34:11,52.2215318,4
171,204,21.0486145,1806,2021-06-28 16:34:10,52.3234616,3
172,122,20.9836613,1807,2021-06-28 16:34:03,52.2723783,4
173,303,20.9301608,1808,2021-06-28 16:34:11,52.3075165,1
174,147,21.04926,1809,2021-06-28 16:34:02,52.247464,1
175,166,21.070593,1810,2021-06-28 16:34:13,52.1381836,2
176,152,21.043346,1811,2021-06-28 10:10:53,52.266126,06
177,204,21.0232445,1812,2021-06-28 16:34:09,52.27726,2
178,736,21.011863,1813,2021-06-28 16:34:10,52.3165338,1
179,147,21.165081,1814,2021-06-28 16:33:43,52.204486,07
180,240,21.0950441,1815,2021-06-28 16:34:01,52.3199853,2
181,197,20.9157773,1817,2021-06-28 16:34:06,52.219859,9
182,240,21.1188475,1818,2021-06-28 16:34:12,52.338271,05
183,221,20.994064,1819,2021-06-28 16:34:08,52.2594425,1
184,117,21.0051103,1823,2021-06-28 16:33:53,52.2296098,05
185,146,21.0431018,1826,2021-06-28 16:34:07,52.2437443,4
186,183,21.1917783,1828,2021-06-28 16:34:06,52.2386625,3
187,147,21.0405946,1829,2021-06-28 16:34:11,52.2438305,5
188,722,21.2767813,1830,2021-06-28 16:34:06,52.1975391,1
189,147,21.1169918,1832,2021-06-28 09:25:20,52.2330478,09
190,146,21.1413626,1833,2021-06-28 16:34:08,52.177666,5
191,202,21.116848,1834,2021-06-28 09:35:30,52.233074,04
192,115,21.1739468,1835,2021-06-28 16:34:08,52.1994745,3
193,168,21.0538771,1837,2021-06-28 16:34:02,52.2075535,07
194,183,21.083736,1839,2021-06-28 16:34:01,52.245261,1
195,202,21.0484481,1840,2021-06-28 16:34:07,52.2476998,05
196,146,21.109203,1842,2021-06-28 16:34:00,52.208339,07
197,183,21.1386663,1843,2021-06-28 16:34:12,52.2440431,2
198,119,21.06791,1844,2021-06-28 16:34:11,52.202683,3
199,115,21.170271,1846,2021-06-28 16:34:03,52.277009,5
200,730,21.175999,1847,2021-06-28 16:34:09,52.225386,61
201,119,21.0005196,1848,2021-06-28 16:34:05,52.206006,4
202,173,21.081858,1849,2021-06-28 16:34:11,52.250461,9
203,183,21.1749096,1850,2021-06-28 16:34:09,52.250131,4
204,173,21.0560805,1851,2021-06-28 16:34:10,52.24975,1
205,722,21.2657968,1854,2021-06-28 16:34:14,52.2059698,53
206,147,21.2431973,1855,2021-06-28 16:34:09,52.2222796,3
207,117,21.0349648,1857,2021-06-28 16:34:03,52.2347865,2
208,115,21.1685613,1858,2021-06-28 16:34:05,52.2050398,1
209,146,21.079406,1859,2021-06-28 16:34:03,52.221499,09
210,115,21.156508,1860,2021-06-28 16:34:06,52.257196,6
211,119,21.166345,1862,2021-06-28 16:34:03,52.204233,2
212,173,21.1806185,1863,2021-06-28 16:34:05,52.245598,3
213,146,21.051396,1866,2021-06-28 16:34:07,52.237823,3
214,183,21.1236831,1867,2021-06-28 16:34:10,52.2357243,5
215,147,21.070581,1869,2021-06-28 16:34:02,52.2250245,08
216,251,21.043385,1903,2021-06-28 16:34:00,52.1753,53
217,168,21.0957755,1904,2021-06-28 16:34:07,52.2317027,09
218,251,21.1230952,1906,2021-06-28 16:34:14,52.0894807,52
219,139,21.111705,1907,2021-06-28 16:34:09,52.111036,54
220,178,20.9482577,1908,2021-06-28 16:34:08,52.2090857,012
221,222,21.0105085,1909,2021-06-28 16:34:10,52.1910902,2
222,222,21.0049547,1910,2021-06-28 16:34:08,52.2447131,5
223,251,21.091629,1911,2021-06-28 16:34:12,52.153202,56
224,222,21.004723,1912,2021-06-28 16:34:14,52.244698,6
225,139,21.045824,1914,2021-06-28 16:34:14,52.174934,51
226,222,20.995909,1916,2021-06-28 16:34:15,52.193394,3
227,222,21.0245992,1917,2021-06-28 16:34:14,52.2188287,4
228,739,21.0506559,1918,2021-06-28 16:34:15,52.0909381,08
229,251,21.024603,1919,2021-06-28 16:34:16,52.179195,55
230,222,21.0231,1920,2021-06-28 16:34:15,52.2275,1
231,178,20.959545,1991,2021-06-28 16:34:16,52.220573,010
232,178,21.004009,1993,2021-06-28 16:34:16,52.2553519,1
233,168,20.995747,1994,2021-06-28 16:34:16,52.192947,08
234,178,20.908585,1995,2021-06-28 16:34:16,52.192741,3
235,178,20.995874,1996,2021-06-28 16:33:57,52.232777,6
236,178,20.883429,1998,2021-06-28 16:34:15,52.195332,4
237,178,20.8983727,1999,2021-06-28 16:34:14,52.1888239,013
238,105,20.9764479,2001,2021-06-28 16:34:12,52.2292971,1
239,136,21.0419201,2003,2021-06-28 16:34:13,52.1480335,6
240,Z10,20.918276,2006,2021-06-28 16:34:15,52.220413,3
241,188,20.983921,2007,2021-06-28 16:34:15,52.197937,09
242,517,20.9671815,2008,2021-06-28 16:34:12,52.2182096,07
243,191,20.9114317,2009,2021-06-28 16:34:11,52.1967022,3
244,184,20.9670592,2010,2021-06-28 16:34:14,52.2184591,4
245,124,20.9347594,2011,2021-06-28 16:34:16,52.1671626,03
246,401,20.8676912,2013,2021-06-28 16:34:16,52.1945567,1
247,182,21.096399,2014,2021-06-28 16:34:15,52.23489,012
248,171,21.043335,2015,2021-06-28 16:34:15,52.222889,1
249,401,20.998356,2016,2021-06-28 16:34:11,52.178932,011
250,190,20.915294,2019,2021-06-28 16:34:15,52.2298596,014
251,191,20.9810702,2020,2021-06-28 16:34:16,52.2159924,7
252,401,21.0179825,2021,2021-06-28 16:34:15,52.1736567,5
253,522,21.022024,2022,2021-06-28 16:34:16,52.210983,013
254,193,21.020756,2023,2021-06-28 16:34:13,52.173218,06
255,189,20.9669764,2024,2021-06-28 16:34:15,52.1872371,14
256,401,20.861904,2026,2021-06-28 16:34:16,52.1904664,8
257,522,21.0801581,2027,2021-06-28 16:34:16,52.157661,318
258,519,21.0588064,2028,2021-06-28 16:34:16,52.1787531,3
259,501,21.0318277,2029,2021-06-28 16:34:16,52.2056369,3
260,189,21.0403511,2030,2021-06-28 16:34:15,52.1713014,9
261,131,21.0500642,2032,2021-06-28 16:34:14,52.2020927,10
262,522,21.001915,2033,2021-06-28 16:34:15,52.228943,07
263,189,21.065367,2035,2021-06-28 16:34:16,52.185291,12
264,519,21.015467,2036,2021-06-28 16:34:16,52.218204,5
265,501,21.0033125,2037,2021-06-28 16:34:15,52.2282314,5
266,138,21.047947,2038,2021-06-28 16:34:12,52.245819,010
267,501,21.0485807,2040,2021-06-28 16:34:15,52.1781102,2
268,189,21.0211089,2041,2021-06-28 16:34:15,52.1732141,8
269,138,21.002441,2042,2021-06-28 16:34:14,52.184147,012
270,401,21.017504,2044,2021-06-28 16:34:15,52.173782,012
271,172,21.0691116,2045,2021-06-28 16:34:14,52.1813837,010
272,172,21.068918,2200,2021-06-28 16:34:14,52.181522,4
273,523,20.927658,2201,2021-06-28 16:34:13,52.240784,14
274,187,20.862875,2202,2021-06-28 16:34:15,52.195145,3
275,136,20.9661409,2203,2021-06-28 16:34:14,52.214842,1
276,Z10,20.9117934,2204,2021-06-28 16:34:15,52.2451522,010
277,171,21.021723,2205,2021-06-28 16:34:11,52.230503,011
278,Z10,20.9124949,2206,2021-06-28 16:34:14,52.2414252,7
279,189,21.068951,2207,2021-06-28 16:34:15,52.181313,10
280,190,20.9763959,2209,2021-06-28 16:34:15,52.2379519,8
281,172,21.02346,2210,2021-06-28 16:34:15,52.197247,2
282,122,20.897614,2212,2021-06-28 16:34:09,52.245876,6
283,122,20.9685064,2213,2021-06-28 16:34:15,52.2618549,07
284,136,20.959032,2215,2021-06-28 16:34:16,52.221916,11
285,190,21.0463467,2216,2021-06-28 16:34:15,52.2598894,018
286,401,20.9461566,2217,2021-06-28 16:34:16,52.1925462,09
287,Z10,20.9249659,2218,2021-06-28 16:34:15,52.2608402,5
288,148,21.1015737,2221,2021-06-28 16:34:14,52.241344,8
289,523,20.9415334,2222,2021-06-28 16:34:15,52.2394249,1
290,191,20.936911,2223,2021-06-28 16:34:14,52.201488,9
291,189,20.8988132,2224,2021-06-28 16:34:15,52.2387012,2
292,191,20.9693776,2225,2021-06-28 16:34:16,52.2137366,5
293,517,20.9740777,2226,2021-06-28 16:34:15,52.2187914,3
294,136,20.964689,2231,2021-06-28 16:34:14,52.237263,013
295,189,21.068903,2232,2021-06-28 16:34:16,52.181286,11
296,317,21.002689,2233,2021-06-28 16:34:14,52.175827,08
297,Z10,20.9147232,2235,2021-06-28 16:34:16,52.2348442,011
298,317,21.0079094,2236,2021-06-28 16:34:15,52.1766489,4
299,187,20.879269,2240,2021-06-28 16:34:16,52.195942,2
300,136,20.9580706,2241,2021-06-28 16:34:14,52.2230526,9
301,191,20.8898682,2243,2021-06-28 16:34:15,52.1900321,1
302,171,20.912285,2244,2021-06-28 16:34:15,52.242691,4
303,Z10,20.9151225,2245,2021-06-28 16:34:15,52.2318322,9
304,717,20.9478,2247,2021-06-28 16:34:13,52.208813,3
305,317,21.045639,2249,2021-06-28 16:34:16,52.174892,06
306,189,20.9026841,2252,2021-06-28 16:34:13,52.2281217,4
307,112,20.9708942,2253,2021-06-28 16:34:15,52.2754389,2
308,191,20.950493,2254,2021-06-28 16:34:15,52.210995,010
309,141,21.0185159,2256,2021-06-28 16:34:13,52.1966509,013
310,172,20.975641,2257,2021-06-28 16:34:13,52.211334,7
311,317,21.040362,2258,2021-06-28 16:34:15,52.1710266,1
312,187,20.9153989,2259,2021-06-28 16:34:15,52.1994647,4
313,L48,21.303106,23481,2021-06-28 04:38:21,52.203297,1
314,L47,21.298084,23482,2021-06-28 16:34:15,52.241535,02
315,L47,21.297882,23483,2021-06-28 16:34:17,52.241653,1
316,L20,21.407063,24511,2021-06-28 16:34:13,52.133537,1
317,L20,21.471601,24512,2021-06-28 13:52:17,52.132278,1
318,L20,21.40925,24513,2021-06-28 16:34:16,52.135208,03
319,L20,21.262066,24515,2021-06-28 16:34:13,52.108402,2
320,245,21.056126,3400,2021-06-28 16:34:14,52.275247,2
321,112,20.915058,3401,2021-06-28 16:34:10,52.2320885,018
322,412,21.0656148,3403,2021-06-28 16:34:11,52.3125615,01
323,112,20.8830601,3404,2021-06-28 16:34:06,52.2148771,7
324,412,21.074864,3405,2021-06-28 16:34:12,52.324523,05
325,500,21.0417666,3406,2021-06-28 16:34:14,52.3003063,08
326,500,21.0419771,3408,2021-06-28 16:34:09,52.300307,2
327,245,21.0817531,3410,2021-06-28 16:34:01,52.286699,05
328,114,21.042563,3411,2021-06-28 16:34:08,52.300216,011
329,500,21.0459361,3413,2021-06-28 16:34:13,52.286076,1
330,190,21.0076231,3414,2021-06-28 16:34:14,52.2461453,027
331,114,20.9307025,3415,2021-06-28 16:34:11,52.2913758,09
332,114,21.0408303,3416,2021-06-28 16:34:13,52.2883936,010
333,738,21.1939863,3417,2021-06-28 16:34:11,52.4026,3
334,738,21.0920003,3418,2021-06-28 16:34:10,52.3069923,4
335,190,20.9984725,3421,2021-06-28 16:34:03,52.2472326,021
336,500,21.0235985,3422,2021-06-28 16:34:11,52.2643716,4
337,185,21.0310471,3423,2021-06-28 16:33:30,52.2396021,10
338,512,21.042165,3424,2021-06-28 16:34:10,52.2500761,2
339,512,21.0719181,3426,2021-06-28 16:34:11,52.2829291,3
340,169,21.0426328,3427,2021-06-28 16:33:54,52.2497946,2
341,185,21.0103336,3428,2021-06-28 16:34:13,52.2561773,7
342,500,20.9821983,3429,2021-06-28 16:34:13,52.2532333,6
343,169,21.0430531,3430,2021-06-28 16:34:10,52.2730248,3
344,112,20.9597086,3431,2021-06-28 16:33:57,52.2757371,3
345,Z26,21.0333953,3432,2021-06-28 16:34:09,52.2542643,1
346,Z26,20.994405,3434,2021-06-28 16:33:40,52.242163,6
347,128,21.0076185,3435,2021-06-28 16:34:03,52.2288415,55
348,509,21.0246426,3437,2021-06-28 16:34:14,52.2601141,5
349,132,20.9687125,3438,2021-06-28 16:34:13,52.2720311,06
350,738,21.0815986,3439,2021-06-28 16:34:10,52.2945268,1
351,414,20.9559396,3440,2021-06-28 16:34:10,52.2382978,07
352,512,21.062866,3441,2021-06-28 16:33:58,52.271593,5
353,500,21.0219591,3442,2021-06-28 16:34:14,52.2640235,7
354,509,21.0294628,3443,2021-06-28 16:34:15,52.256116,11
355,245,21.1041146,3444,2021-06-28 16:34:11,52.2859369,04
356,145,21.11013,3445,2021-06-28 16:34:13,52.2838628,8
357,509,21.092825,3446,2021-06-28 16:34:11,52.2253581,14
358,162,21.0253938,3447,2021-06-28 16:34:11,52.238349,6
359,190,20.9776896,3448,2021-06-28 16:34:12,52.2379676,2
360,112,20.913129,3449,2021-06-28 16:34:04,52.238323,9
361,112,21.054043,3450,2021-06-28 16:33:38,52.295486,12
362,114,21.043474,3451,2021-06-28 09:14:51,52.2654126,09
363,145,21.1245395,3452,2021-06-28 16:34:13,52.262038,015
364,527,21.0597223,3453,2021-06-28 16:34:04,52.3248331,2
365,190,21.034686,3454,2021-06-28 16:33:36,52.254566,1
366,145,21.0005,3455,2021-06-28 16:34:12,52.29142,5
367,112,20.9333485,3456,2021-06-28 16:33:41,52.2703656,6
368,509,21.0144303,3458,2021-06-28 16:34:15,52.2743568,355
369,245,21.0654813,3459,2021-06-28 16:34:01,52.2747148,1
370,190,21.039491,3460,2021-06-28 16:34:14,52.2568615,022
371,114,20.9271623,3462,2021-06-28 16:34:13,52.2836656,2
372,190,20.9151001,3463,2021-06-28 16:34:11,52.2295108,6
373,500,20.9819176,3464,2021-06-28 16:34:08,52.2532011,5
374,114,20.9948306,3465,2021-06-28 16:34:08,52.2872018,6
375,112,21.089594,3466,2021-06-28 16:34:11,52.3040691,1
376,509,20.997716,3467,2021-06-28 16:33:55,52.295478,022
377,245,21.1213585,3468,2021-06-28 16:34:06,52.2787838,03
378,114,21.0417791,3469,2021-06-28 16:34:11,52.3001655,7
379,L17,20.996788,36442,2021-06-28 16:34:12,52.03709,02
380,L19,21.014086,36443,2021-06-28 16:34:13,52.062206,1
381,L17,21.02552,36444,2021-06-28 16:34:16,52.077991,1
382,L19,21.035734,36445,2021-06-28 16:34:15,52.027374,02
383,L30,21.213142,36446,2021-06-28 16:34:19,51.968071,1
384,L28,21.13661,36447,2021-06-28 16:34:17,52.095833,1
385,L30,21.084473,36448,2021-06-28 16:34:14,51.965462,02
386,L15,21.15304,37531,2021-06-28 16:34:16,52.061497,52
387,L21,21.217533,37533,2021-06-28 16:34:14,51.981117,1
388,L16,21.144577,37534,2021-06-28 16:34:17,52.119556,1
389,L14,21.183628,37535,2021-06-28 16:34:17,52.108578,1
390,L15,21.117712,37536,2021-06-28 16:34:13,52.074825,51
391,L39,21.024405,38541,2021-06-28 16:30:30,52.062008,4
392,L23,21.042934,38543,2021-06-28 16:34:13,52.055939,M53
393,L23,21.02947,38544,2021-06-28 16:34:15,52.074734,052
394,L39,21.050592,38545,2021-06-28 16:34:11,52.090736,3
395,L32,20.984735,38546,2021-06-28 16:32:38,52.003971,1
396,L39,21.004555,38547,2021-06-28 05:46:58,52.110222,1
397,L39,20.992434,38548,2021-06-28 16:34:11,52.109901,2
398,L23,21.038109,38549,2021-06-28 16:34:18,52.062942,51
399,L52,21.075144,38550,2021-06-28 16:34:14,52.078064,1
400,L12,21.023041,39551,2021-06-28 16:34:12,52.074989,062
401,L12,20.943758,39552,2021-06-28 16:34:10,52.036743,063
402,L25,21.21954,39554,2021-06-28 16:34:19,51.980991,02
403,L25,21.028931,39555,2021-06-28 16:34:11,52.07394,1
404,L-2,21.027077,39556,2021-06-28 16:34:17,52.071903,061
405,L12,21.029556,39557,2021-06-28 16:34:16,52.074581,64
406,L-2,20.948771,39558,2021-06-28 16:34:12,52.014652,65
407,L13,21.217346,39560,2021-06-28 16:34:16,51.981667,1
408,L13,20.996782,39561,2021-06-28 16:34:15,52.051231,03
409,L13,20.989904,39562,2021-06-28 16:34:13,52.049389,2
410,L-5,20.961687,39565,2021-06-28 16:34:15,52.066544,1
411,255,20.9429991,4200,2021-06-28 16:34:16,52.2240177,2
412,703,20.944071,4202,2021-06-28 16:32:24,52.175254,52
413,197,20.8689869,4205,2021-06-28 16:34:15,52.2115897,2
414,902,20.9223249,4206,2021-06-28 16:30:27,52.1964574,M1
415,255,20.930286,4207,2021-06-28 16:34:16,52.223076,03
416,154,20.942795,4209,2021-06-28 16:34:16,52.238537,4
417,178,20.9612009,4210,2021-06-28 16:34:15,52.2166012,011
418,154,20.896404,4211,2021-06-28 16:34:14,52.239994,010
419,711,20.911129,4212,2021-06-28 16:34:16,52.146133,063
420,154,20.9793319,4213,2021-06-28 16:34:14,52.1846194,1
421,154,20.958384,4214,2021-06-28 16:34:13,52.223637,8
422,711,20.823738,4215,2021-06-28 16:34:12,52.10104,061
423,122,20.9765667,4216,2021-06-28 16:34:15,52.2898804,3
424,197,20.9412584,4217,2021-06-28 16:34:11,52.2261182,3
425,197,20.862555,4218,2021-06-28 16:34:10,52.190308,1
426,255,20.968386,4219,2021-06-28 16:34:16,52.228867,1
427,197,20.8766446,4221,2021-06-28 16:34:16,52.2000947,10
428,129,20.947758,4224,2021-06-28 16:34:15,52.245396,2
429,121,20.970181,4225,2021-06-28 16:34:15,52.278866,03
430,197,20.950356,4227,2021-06-28 16:34:15,52.280975,5
431,154,20.900709,4228,2021-06-28 16:34:16,52.2394617,6
432,902,21.0512861,4229,2021-06-28 16:34:14,52.2384292,M2
433,154,20.9397535,4230,2021-06-28 16:34:13,52.2362497,7
434,178,20.895836,4231,2021-06-28 16:34:15,52.185641,9
435,178,20.9500161,4232,2021-06-28 16:34:15,52.2107075,7
436,714,20.923287,4233,2021-06-28 16:34:14,52.2403554,3
437,729,20.7112559,4234,2021-06-28 16:34:12,52.2759384,02
438,714,20.883253,4235,2021-06-28 16:34:14,52.247528,2
439,L-3,20.933159,42362,2021-06-28 16:34:16,52.091415,02
440,154,20.8984314,4237,2021-06-28 16:34:15,52.2518674,5
441,154,20.965611,4238,2021-06-28 16:34:12,52.19878,3
442,178,20.9797165,4239,2021-06-28 16:34:16,52.2293642,8
443,154,20.975657,4240,2021-06-28 16:34:13,52.209881,011
444,714,20.9501129,4241,2021-06-28 16:34:15,52.238603,04
445,154,20.943993,4242,2021-06-28 16:34:14,52.175877,2
446,154,20.975662,4243,2021-06-28 16:34:13,52.211262,09
447,901,21.0072299,4244,2021-06-28 16:34:11,52.2349305,1
448,901,21.0308322,4246,2021-06-28 16:34:16,52.230059,3
449,714,20.822758,4247,2021-06-28 16:34:15,52.265022,1
450,729,20.91461,4248,2021-06-28 16:34:15,52.23917,1
451,121,20.9251709,4249,2021-06-28 16:34:14,52.2725399,2
452,L-1,20.917252,42494,2021-06-28 16:34:16,52.133743,1
453,L-4,21.0165,42495,2021-06-28 06:12:56,52.098907,2
454,L-3,20.909082,42500,2021-06-28 16:34:11,52.095211,1
455,146,21.2017021,4303,2021-06-28 16:34:12,52.1592525,06
456,119,21.1098637,4304,2021-06-28 16:34:16,52.207882,07
457,117,21.0724339,4305,2021-06-28 16:34:15,52.2251059,4
458,147,21.1903752,4307,2021-06-28 16:34:15,52.2072454,010
459,142,21.142756,4308,2021-06-28 16:34:16,52.1867857,08
460,198,21.2430236,4309,2021-06-28 16:34:13,52.2177281,04
461,702,21.1047861,4312,2021-06-28 16:34:15,52.241873,1
462,105,16.9750897,4332,2021-06-26 13:35:37,52.5472771,4
463,N72,16.9763326,4333,2021-06-28 15:21:54,52.5456077,215
464,240,21.07115,4400,2021-06-28 16:34:15,52.322575,1
465,132,21.052149,4401,2021-06-28 16:34:16,52.324776,09
466,126,21.056856,4402,2021-06-28 16:34:14,52.30191,2
467,120,21.0665819,4403,2021-06-28 16:34:14,52.3214267,5
468,166,21.0407075,4404,2021-06-28 16:34:16,52.1703041,3
469,156,21.02631,4406,2021-06-28 16:34:16,52.287125,2
470,122,20.985661,4407,2021-06-28 16:34:16,52.269493,010
471,134,21.062103,4408,2021-06-28 16:34:15,52.307625,05
472,106,20.9979632,4409,2021-06-28 16:34:15,52.2360675,1
473,199,21.111874,4411,2021-06-28 16:34:15,52.295254,3
474,173,21.136908,4413,2021-06-28 16:34:16,52.241013,2
475,106,20.9673102,4415,2021-06-28 16:34:15,52.2289157,2
476,106,20.96517,4416,2021-06-28 16:34:07,52.240124,07
477,170,21.02557,4417,2021-06-28 16:34:16,52.259506,2
478,106,20.998335,4418,2021-06-28 16:34:12,52.236332,3
479,120,21.050972,4419,2021-06-28 16:34:13,52.252529,7
480,901,21.0217467,4420,2021-06-28 16:34:13,52.2291791,4
481,126,21.012461,4421,2021-06-28 16:34:15,52.318207,1
482,338,21.036261,4422,2021-06-28 16:34:15,52.25354,02
483,106,21.017878,4423,2021-06-28 16:34:12,52.237282,5
484,901,21.003788,4424,2021-06-28 16:34:14,52.22961,2
485,156,20.967394,4425,2021-06-28 16:34:11,52.273296,5
486,166,21.034803,4427,2021-06-28 16:34:15,52.20219,4
487,156,21.0716732,4428,2021-06-28 16:34:14,52.268891,4
488,303,20.9863236,4429,2021-06-28 16:34:16,52.269402,2
489,106,21.027273,4430,2021-06-28 16:34:14,52.239208,08
490,338,21.094954,4434,2021-06-28 16:34:15,52.265423,03
491,122,20.8983464,5200,2021-06-28 16:34:13,52.2494897,08
492,171,20.9953802,5201,2021-06-28 16:34:08,52.242571,8
493,517,20.9975257,5202,2021-06-28 16:34:07,52.2269399,09
494,523,20.912156,5203,2021-06-28 16:33:35,52.243538,020
495,401,20.862124,5204,2021-06-28 16:33:57,52.190351,013
496,105,20.8991853,5205,2021-06-28 16:34:11,52.2387442,5
497,131,21.0687636,5206,2021-06-28 16:34:13,52.1815343,2
498,182,21.0671009,5207,2021-06-28 16:34:05,52.2299085,011
499,517,20.9532203,5208,2021-06-28 16:34:12,52.2126827,2
500,184,20.945898,5210,2021-06-28 16:34:07,52.23949,2
501,105,20.9239823,5211,2021-06-28 16:34:07,52.2217711,09
502,523,20.9636188,5212,2021-06-28 16:34:08,52.217337,015
503,Z10,20.9184529,5213,2021-06-28 16:34:09,52.2207348,1
504,184,20.9319561,5214,2021-06-28 16:34:10,52.2670854,1
505,523,21.106846,5215,2021-06-28 16:34:03,52.248041,7
506,131,21.0040053,5216,2021-06-28 16:34:11,52.2295727,8
507,189,20.9220508,5217,2021-06-28 16:34:11,52.1957317,11
508,122,20.9763904,5218,2021-06-28 16:34:06,52.2898104,011
509,401,20.9032161,5219,2021-06-28 16:34:14,52.1936946,6
510,124,20.9435089,5222,2021-06-28 16:34:07,52.1760704,1
511,190,20.9461361,5223,2021-06-28 16:34:14,52.2390212,7
512,517,21.0062141,5224,2021-06-28 16:34:08,52.2346632,4
513,523,21.0844539,5225,2021-06-28 16:34:12,52.2498334,6
514,401,21.0265778,5226,2021-06-28 16:34:09,52.1703248,4
515,189,20.8969312,5227,2021-06-28 16:34:12,52.23942,024
516,124,20.9434304,5228,2021-06-28 16:34:10,52.158513,2
517,131,21.0386117,5229,2021-06-28 16:34:08,52.2064936,5
518,523,21.0182715,5230,2021-06-28 16:34:12,52.2177827,016
519,189,20.9709995,5232,2021-06-28 16:34:08,52.1860407,7
520,148,21.0997349,5233,2021-06-28 16:34:06,52.2384727,011
521,105,20.896886,5234,2021-06-28 16:34:13,52.229856,011
522,105,20.9059563,5235,2021-06-28 16:34:12,52.2175292,3
523,517,20.908576,5236,2021-06-28 16:34:01,52.192593,1
524,171,20.9240528,5237,2021-06-28 16:34:10,52.2529974,6
525,401,20.880974,5238,2021-06-28 16:34:03,52.197555,7
526,182,21.1129573,5239,2021-06-28 16:34:11,52.2361795,9
527,184,20.960049,5240,2021-06-28 16:34:15,52.220271,3
528,187,21.0582716,5241,2021-06-28 16:34:10,52.1832329,8
529,190,20.9946938,5243,2021-06-28 16:34:06,52.2420677,011
530,189,20.9573181,5244,2021-06-28 16:34:12,52.1906118,018
531,105,20.8973662,5245,2021-06-28 16:34:08,52.2238051,6
532,148,21.0128225,5246,2021-06-28 16:34:08,52.1539046,012
533,716,20.8577234,5247,2021-06-28 16:34:02,52.1926945,1
534,141,21.0703409,5248,2021-06-28 16:34:13,52.2308413,7
535,317,20.9732139,5249,2021-06-28 16:34:12,52.1817638,2
536,188,21.0900949,5250,2021-06-28 16:34:10,52.2501155,3
537,187,20.9106622,5251,2021-06-28 16:34:06,52.1956073,1
538,189,21.043333,5253,2021-06-28 16:34:07,52.172474,020
539,401,20.9060616,5254,2021-06-28 16:34:06,52.1928978,010
540,190,20.915043,5255,2021-06-28 16:34:15,52.229753,016
541,148,21.029249,5256,2021-06-28 16:34:07,52.1504222,1
542,716,20.930696,5257,2021-06-28 16:34:09,52.225106,2
543,188,21.1287847,5258,2021-06-28 16:34:11,52.2398992,4
544,105,20.926908,5260,2021-06-28 16:33:59,52.222653,08
545,723,20.9898287,5401,2021-06-28 16:34:14,52.3027409,3
546,185,21.0220077,5403,2021-06-28 16:34:13,52.1426714,3
547,145,21.0002682,5404,2021-06-28 16:34:16,52.2913664,4
548,269,21.0427595,5405,2021-06-28 16:34:14,52.3001545,05
549,509,21.0606109,5406,2021-06-28 16:34:16,52.2328496,13
550,120,21.044188,5407,2021-06-28 16:34:15,52.2760304,2
551,527,21.0683281,5408,2021-06-28 16:34:16,52.3236216,054
552,E-9,21.0229,5409,2021-06-28 16:34:11,52.2972,01
553,731,20.9459342,5410,2021-06-28 16:34:15,52.4012835,1
554,723,20.9227331,5412,2021-06-28 16:34:10,52.3985192,4
555,735,20.983646,5413,2021-06-28 16:34:15,52.282188,66
556,511,20.929819,5414,2021-06-28 16:34:15,52.292702,1
557,723,20.917688,5416,2021-06-28 16:34:13,52.378834,1
558,E-9,21.061314,5417,2021-06-28 16:34:14,52.307377,02
559,511,20.9426799,5418,2021-06-28 16:34:15,52.3486207,2
560,120,21.064455,5419,2021-06-28 16:34:15,52.324776,3
561,160,21.002718,5420,2021-06-28 16:34:14,52.229252,5
562,511,20.942392,5421,2021-06-28 16:34:12,52.348515,3
563,160,21.002907,5423,2021-06-28 16:34:16,52.229347,012
564,511,20.962679,5424,2021-06-28 16:34:14,52.334209,06
565,116,20.981491,5425,2021-06-28 16:34:15,52.269863,14
566,116,21.034655,5426,2021-06-28 16:34:15,52.202427,11
567,527,21.05971,5428,2021-06-28 16:34:15,52.304356,1
568,731,20.9549022,5429,2021-06-28 16:34:14,52.3408264,2
569,145,21.0882622,5430,2021-06-28 16:34:16,52.2447539,11
570,160,21.047673,5432,2021-06-28 16:34:15,52.2747039,7
571,414,20.98951,5434,2021-06-28 16:34:12,52.284824,08
572,527,21.055635,5436,2021-06-28 16:34:14,52.275318,3
573,705,20.9741656,5437,2021-06-28 16:34:14,52.2771917,1
574,731,20.9415006,5438,2021-06-28 16:34:15,52.356182,4
575,738,21.133896,5439,2021-06-28 16:34:10,52.35812,2
576,705,21.0305592,5441,2021-06-28 16:34:15,52.3297114,64
577,160,21.059774,5443,2021-06-28 16:34:16,52.304008,2
578,E-9,20.971792,5444,2021-06-28 16:34:13,52.276211,04
579,705,21.048461,5445,2021-06-28 03:52:31,52.264575,65
580,735,21.029915,5446,2021-06-28 16:34:14,52.333359,62
581,114,20.958323,5447,2021-06-28 16:34:15,52.267799,08
582,705,21.096664,5448,2021-06-28 16:34:15,52.479282,63
583,160,21.0581294,5449,2021-06-28 16:34:15,52.2698069,3
584,511,20.9572245,5453,2021-06-28 16:34:15,52.3093721,4
585,160,21.068411,5454,2021-06-28 16:34:14,52.323383,09
586,169,21.0418692,5455,2021-06-28 16:34:13,52.3001655,4
587,269,21.041693,5457,2021-06-28 16:34:16,52.300438,04
588,180,21.034429,5459,2021-06-28 16:34:14,52.2069881,016
589,735,21.011826,5460,2021-06-28 16:34:03,52.453825,65
590,175,21.012829,5870,2021-06-28 16:34:11,52.243214,53
591,128,20.9895749,5871,2021-06-28 16:34:15,52.2208302,59
592,503,21.023855,5873,2021-06-28 16:34:12,52.224796,1
593,128,20.963465,5874,2021-06-28 16:34:15,52.207767,58
594,138,21.100813,5875,2021-06-28 16:34:16,52.260616,011
595,331,21.020081,5876,2021-06-28 16:34:12,52.172905,01
596,180,21.0550945,5877,2021-06-28 16:34:14,52.1940007,017
597,709,21.023773,5878,2021-06-28 16:34:11,52.180054,013
598,128,20.975679,5880,2021-06-28 16:34:13,52.204205,070
599,128,20.98954,5882,2021-06-28 16:34:13,52.215675,56
600,180,21.047491,5883,2021-06-28 16:34:11,52.206879,10
601,503,20.999296,5885,2021-06-28 16:34:16,52.254406,5
602,180,20.977907,5886,2021-06-28 16:34:13,52.24432,13
603,175,20.984835,5887,2021-06-28 16:34:14,52.200642,074
604,128,20.979395,5888,2021-06-28 16:34:14,52.199825,069
605,180,21.083879,5889,2021-06-28 16:34:14,52.167992,8
606,175,21.019251,5890,2021-06-28 16:34:11,52.231346,62
607,180,21.066092,5891,2021-06-28 16:34:10,52.184933,7
608,504,21.003685,5892,2021-06-28 16:34:11,52.229607,010
609,503,21.002296,5893,2021-06-28 16:34:15,52.2547,3
610,175,20.983433,5894,2021-06-28 16:34:14,52.197895,066
611,503,21.045111,5895,2021-06-28 16:34:10,52.182346,12
612,503,21.001028,5897,2021-06-28 16:34:12,52.252567,2
613,128,21.012285,5898,2021-06-28 16:34:13,52.246162,071
614,175,20.978308,5899,2021-06-28 16:34:12,52.182701,51
615,158,20.987827,5900,2021-06-28 16:34:10,52.224792,5
616,175,20.993225,5902,2021-06-28 16:34:12,52.226006,52
617,158,21.1127869,5903,2021-06-28 16:34:16,52.2362977,8
618,503,21.040724,5905,2021-06-28 16:34:16,52.15984,8
619,175,20.9788584,5906,2021-06-28 16:34:14,52.1830839,63
620,503,21.042978,5907,2021-06-28 16:34:15,52.17205,7
621,128,21.019403,5908,2021-06-28 16:34:10,52.23341,068
622,175,21.018412,5909,2021-06-28 16:34:10,52.235588,067
623,175,21.003803,5910,2021-06-28 16:34:14,52.227905,073
624,111,21.039335,5911,2021-06-28 16:34:14,52.235664,4
625,116,21.022501,5913,2021-06-28 16:34:15,52.228107,12
626,175,21.01281,5915,2021-06-28 16:34:11,52.243038,54
627,128,21.012915,5918,2021-06-28 16:34:15,52.243206,60
628,158,21.075211,5920,2021-06-28 16:34:13,52.238297,1
629,116,20.938316,5921,2021-06-28 16:34:14,52.278008,15
630,175,21.1163987,5923,2021-06-28 10:17:16,52.2339737,072
631,116,20.924757,5924,2021-06-28 16:34:13,52.272442,17
632,116,20.988581,5926,2021-06-28 16:34:14,52.266487,3
633,158,21.097965,5927,2021-06-28 16:34:14,52.235649,7
634,116,21.022543,5928,2021-06-28 16:34:15,52.229523,5
635,128,20.963703,5929,2021-06-28 16:34:12,52.20771,57
636,158,21.117641,5930,2021-06-28 16:34:14,52.233761,9
637,158,20.956997,5931,2021-06-28 16:34:08,52.214787,3
638,116,21.036282,5932,2021-06-28 16:34:12,52.201038,6
639,111,20.9794119,5933,2021-06-28 16:34:16,52.2444292,2
640,158,20.94931,5934,2021-06-28 16:34:15,52.211586,4
641,503,21.035748,5935,2021-06-28 16:34:10,52.164608,11
642,503,21.050188,5936,2021-06-28 16:34:14,52.14468,10
643,111,21.054852,5937,2021-06-28 16:34:11,52.238647,10
644,158,21.007627,5939,2021-06-28 16:34:11,52.22884,2
645,128,21.009958,5942,2021-06-28 16:33:59,52.229584,072
646,111,21.1023,5943,2021-06-28 16:34:10,52.222,7
647,111,21.0181384,5944,2021-06-28 16:34:14,52.2362477,013
648,158,21.035229,5945,2021-06-28 16:34:16,52.23484,6
649,111,21.102158,5946,2021-06-28 16:34:13,52.222179,8
650,111,21.057802,5947,2021-06-28 16:34:15,52.236671,5
651,503,21.028406,5948,2021-06-28 16:34:13,52.209713,013
652,503,21.002567,5950,2021-06-28 16:34:13,52.254814,4
653,180,20.940161,5951,2021-06-28 16:34:14,52.269962,2
654,518,20.973705,5952,2021-06-28 16:34:11,52.318531,7
655,160,21.054775,5954,2021-06-28 16:34:15,52.2756,010
656,160,21.001499,5956,2021-06-28 16:34:16,52.2277912,013
657,111,21.011143,5958,2021-06-28 16:34:15,52.244492,011
658,160,21.052158,5959,2021-06-28 16:34:12,52.292908,08
659,111,20.979143,5960,2021-06-28 16:34:14,52.244354,3
660,190,21.085413,5961,2021-06-28 16:34:12,52.305027,024
661,116,21.013838,5962,2021-06-28 16:34:14,52.24535,13
662,111,21.000307,5963,2021-06-28 16:34:14,52.245171,1
663,518,20.973066,5964,2021-06-28 16:34:15,52.319775,3
664,518,20.997252,5965,2021-06-28 16:34:12,52.255787,08
665,518,20.942101,5966,2021-06-28 16:34:16,52.33437,2
666,160,21.030603,5967,2021-06-28 16:34:15,52.252949,011
667,180,21.022434,5970,2021-06-28 16:34:03,52.228401,11
668,518,20.942162,5972,2021-06-28 16:34:12,52.334686,1
669,E-9,20.968466,5973,2021-06-28 16:34:11,52.271332,03
670,518,20.96512,5975,2021-06-28 16:34:15,52.271694,4
671,180,21.023355,5976,2021-06-28 16:34:11,52.226974,6
672,503,21.04966,5978,2021-06-28 16:34:11,52.144382,9
673,503,21.0195965,5979,2021-06-28 16:34:12,52.2330942,6
674,111,21.08359,5980,2021-06-28 16:34:14,52.226044,6
675,705,21.032236,5981,2021-06-28 16:34:16,52.426815,07
676,111,21.076969,5982,2021-06-28 16:34:13,52.225986,9
677,175,20.978148,5983,2021-06-28 16:34:15,52.169254,65
678,180,20.977392,5984,2021-06-28 16:34:12,52.24506,4
679,180,20.966936,5985,2021-06-28 16:34:13,52.256855,14
680,180,21.016441,5986,2021-06-28 16:34:15,52.240383,12
681,180,21.083843,5987,2021-06-28 16:34:15,52.168144,9
682,180,20.939096,5988,2021-06-28 16:34:12,52.270164,1
683,116,20.940184,5989,2021-06-28 16:34:14,52.277889,1
684,705,21.030689,5990,2021-06-28 16:34:14,52.431194,08
685,116,20.940491,5991,2021-06-28 16:34:15,52.27784,2
686,518,21.020344,5994,2021-06-28 16:34:06,52.231976,6
687,116,21.056358,5995,2021-06-28 16:34:16,52.181446,7
688,116,20.924931,5996,2021-06-28 16:34:12,52.272301,16
689,116,21.05896,5997,2021-06-28 16:34:13,52.178612,10
690,518,21.018036,5998,2021-06-28 16:34:12,52.236744,5
691,116,21.084135,5999,2021-06-28 16:34:14,52.1680522,8
692,184,20.921755,6200,2021-06-28 16:34:13,52.258888,7
693,112,21.0234517,6201,2021-06-28 16:34:15,52.2973841,11
694,187,21.048201,6203,2021-06-28 16:34:14,52.178177,9
695,167,21.055412,6204,2021-06-28 16:34:15,52.213207,013
696,728,20.942869,6207,2021-06-28 16:34:13,52.175438,02
697,Z10,20.9209049,6208,2021-06-28 16:34:15,52.196163,7
698,703,20.831335,6209,2021-06-28 16:34:14,52.08181,91
699,414,20.9722065,6210,2021-06-28 16:34:16,52.2058677,04
700,713,20.9246326,6212,2021-06-28 16:34:16,52.2219987,3
701,414,20.9565747,6213,2021-06-28 16:34:15,52.2385906,03
702,184,20.9637684,6214,2021-06-28 16:34:14,52.2081392,5
703,191,20.9838527,6215,2021-06-28 16:34:14,52.2181336,6
704,105,20.915884,6216,2021-06-28 16:34:15,52.220123,7
705,167,21.005322,6217,2021-06-28 16:34:15,52.216774,1
706,105,20.898846,6218,2021-06-28 16:34:16,52.2388,010
707,136,21.035492,6220,2021-06-28 16:34:15,52.15102,4
708,189,21.040438,6221,2021-06-28 16:34:14,52.170868,13
709,187,20.9617122,6222,2021-06-28 16:34:15,52.216829,5
710,105,20.898823,6223,2021-06-28 16:34:16,52.238773,4
711,517,20.8616975,6224,2021-06-28 16:34:14,52.1909299,6
712,717,20.9528349,6225,2021-06-28 16:34:15,52.212478,2
713,716,20.863249,6226,2021-06-28 16:34:13,52.195286,3
714,188,20.978071,6227,2021-06-28 16:34:16,52.169552,1
715,190,20.914968,6228,2021-06-28 16:34:15,52.233597,3
716,187,20.977758,6229,2021-06-28 16:34:16,52.217556,6
717,706,20.929907,6231,2021-06-28 16:34:15,52.163059,03
718,190,21.085655,6232,2021-06-28 16:34:16,52.299595,9
719,191,20.960037,6233,2021-06-28 16:34:15,52.216351,4
720,414,21.016449,6234,2021-06-28 16:34:13,52.293297,02
721,112,20.964365,6236,2021-06-28 16:34:14,52.275211,10
722,114,20.9414957,6237,2021-06-28 16:34:16,52.2731624,4
723,728,20.8807427,6239,2021-06-28 16:34:13,52.0217277,1
724,414,21.042292,6240,2021-06-28 16:34:16,52.295258,01
725,517,20.8829166,6241,2021-06-28 16:34:14,52.1966766,5
726,182,21.019152,6242,2021-06-28 16:34:11,52.217991,7
727,706,20.8961972,6243,2021-06-28 16:34:15,52.1325052,2
728,L29,20.586021,65471,2021-06-28 16:34:11,52.257549,1
729,L-7,20.917768,66521,2021-06-28 16:34:16,52.317112,1
730,L-7,20.815222,66523,2021-06-28 16:34:15,52.227688,2
731,L-6,20.898089,66524,2021-06-28 16:34:11,52.258042,02
732,L-6,20.709682,66525,2021-06-28 16:34:14,52.247814,1
733,190,21.080544,7200,2021-06-28 16:34:15,52.293118,10
734,189,20.91361,7201,2021-06-28 16:34:13,52.209259,6
735,112,20.938311,7202,2021-06-28 16:34:13,52.275726,019
736,141,20.9439541,7203,2021-06-28 16:34:15,52.1737592,4
737,317,20.944777,7204,2021-06-28 16:34:16,52.175343,07
738,131,21.004457,7205,2021-06-28 16:34:13,52.229477,011
739,523,20.9949709,7206,2021-06-28 16:34:12,52.2165899,10
740,189,21.054573,7207,2021-06-28 16:34:15,52.181042,019
741,414,20.968447,7208,2021-06-28 16:34:16,52.206963,06
742,721,20.883791,7212,2021-06-28 16:34:12,52.101986,02
743,112,20.913841,7213,2021-06-28 16:34:15,52.237164,5
744,191,20.91091,7214,2021-06-28 16:34:15,52.196133,2
745,112,20.9148987,7215,2021-06-28 16:34:16,52.2300401,8
746,713,20.777822,7216,2021-06-28 16:34:15,52.21096,2
747,189,20.927618,7219,2021-06-28 16:34:14,52.195786,022
748,187,20.948692,7222,2021-06-28 16:34:15,52.2094,12
749,122,20.967855,7223,2021-06-28 16:34:15,52.261562,2
750,721,20.88274,7225,2021-06-28 16:34:14,52.0933599,1
751,706,20.942511,7226,2021-06-28 16:33:34,52.175333,1
752,114,20.93622,7227,2021-06-28 16:34:14,52.304005,3
753,114,20.990217,7228,2021-06-28 16:34:14,52.284801,1
754,112,21.04748,7229,2021-06-28 16:34:15,52.28653,014
755,517,20.9250309,7230,2021-06-28 16:34:15,52.1964954,08
756,713,20.885508,7231,2021-06-28 16:34:15,52.216572,04
757,717,20.840424,7232,2021-06-28 16:34:16,52.188187,1
758,189,20.8988142,7233,2021-06-28 16:34:14,52.2386904,3
759,713,20.8019911,7234,2021-06-28 16:34:15,52.2101796,1
760,187,21.047586,7235,2021-06-28 16:34:15,52.209885,10
761,184,20.958553,7237,2021-06-28 16:34:15,52.221809,6
762,141,20.957462,7238,2021-06-28 16:34:15,52.189743,5
763,189,20.916004,7239,2021-06-28 16:34:15,52.21917,16
764,184,20.9403482,7240,2021-06-28 16:34:13,52.2820292,8
765,317,21.084316,7241,2021-06-28 16:34:14,52.166813,5
766,141,21.0242017,7242,2021-06-28 16:34:16,52.1983959,1
767,523,21.026632,7243,2021-06-28 16:34:16,52.219578,9
768,401,20.9695989,7244,2021-06-28 16:34:16,52.186518,3
769,187,21.0459007,7245,2021-06-28 16:34:15,52.2188467,7
770,190,21.020391,7247,2021-06-28 16:34:12,52.2486,017
771,188,21.013659,7248,2021-06-28 16:34:14,52.2169,5
772,171,21.007645,7249,2021-06-28 16:34:14,52.236412,3
773,317,20.943855,7250,2021-06-28 16:34:14,52.175934,3
774,105,20.98086,7251,2021-06-28 16:34:10,52.229465,2
775,167,21.058069,7252,2021-06-28 16:34:15,52.213047,4
776,122,20.947361,7254,2021-06-28 16:34:16,52.26783,1
777,191,20.962212,7256,2021-06-28 16:34:16,52.215721,8
778,190,20.936853,7257,2021-06-28 16:34:15,52.239719,012
779,187,21.0146242,7258,2021-06-28 16:34:14,52.2168372,11
780,189,20.914892,7259,2021-06-28 16:34:16,52.199581,15
781,125,21.156441,7301,2021-06-28 16:34:12,52.226032,08
782,507,21.047659,7303,2021-06-28 16:34:15,52.237453,5
783,188,21.0829649,7304,2021-06-28 16:34:14,52.2409672,07
784,138,21.05225,7305,2021-06-28 16:34:16,52.258919,4
785,151,21.009474,7306,2021-06-28 16:34:14,52.22279,04
786,509,20.9472734,7307,2021-06-28 16:34:15,52.3210082,7
787,138,21.016714,7308,2021-06-28 16:34:14,52.21394,1
788,188,20.9831664,7310,2021-06-28 16:34:14,52.1969934,2
789,182,20.9651799,7312,2021-06-28 16:34:16,52.2181389,5
790,E-1,21.0429154,7314,2021-06-28 16:34:15,52.2433064,01
791,143,21.061797,7315,2021-06-28 16:34:14,52.2284394,7
792,188,21.026014,7316,2021-06-28 16:34:14,52.219643,08
793,402,20.993584,7317,2021-06-28 16:34:15,52.179024,3
794,182,20.995781,7318,2021-06-28 16:34:14,52.216579,4
795,182,21.013153,7319,2021-06-28 16:34:14,52.216988,3
796,411,21.0736982,7320,2021-06-28 16:34:15,52.2254301,01
797,182,20.9905802,7322,2021-06-28 16:34:16,52.2166012,8
798,E-1,21.0684174,7323,2021-06-28 16:34:16,52.2256854,02
799,138,21.100561,7325,2021-06-28 16:34:13,52.260647,3
800,141,21.0480909,7326,2021-06-28 16:34:13,52.2082239,6
801,E-1,21.102413,7327,2021-06-28 16:34:13,52.222019,03
802,182,21.0994206,7328,2021-06-28 16:34:16,52.237928,1
803,523,21.1006864,7329,2021-06-28 16:34:15,52.2473665,017
804,171,20.9327662,7330,2021-06-28 16:34:15,52.269391,5
805,162,21.031044,7331,2021-06-28 16:34:15,52.240196,013
806,141,21.111933,7333,2021-06-28 16:34:15,52.236626,8
807,116,21.084156,7334,2021-06-28 16:34:16,52.16787,69
808,110,20.933016,742,2021-06-28 16:34:15,52.278717,1
809,750,20.926838,744,2021-06-28 16:34:15,52.309151,05
810,750,20.714891,745,2021-06-28 16:34:15,52.392151,07
811,250,20.868549,746,2021-06-28 16:34:14,52.33284,1
812,850,20.943691,749,2021-06-28 16:34:16,52.294529,2
813,150,20.910789,750,2021-06-28 16:34:13,52.323399,1
814,750,20.87359,755,2021-06-28 16:34:16,52.353462,2
815,110,20.934055,757,2021-06-28 16:34:14,52.2785,3
816,150,20.847075,758,2021-06-28 16:34:17,52.341187,2
817,750,20.897137,761,2021-06-28 16:34:12,52.336002,4
818,750,20.798664,762,2021-06-28 16:34:12,52.377014,1
819,850,20.631317,763,2021-06-28 16:34:11,52.359989,1
820,151,21.0606111,7701,2021-06-28 16:34:16,52.2279117,1
821,411,21.0162787,7702,2021-06-28 16:34:16,52.2226985,04
822,402,21.143082,7703,2021-06-28 16:34:15,52.2374119,7
823,151,21.081843,7704,2021-06-28 16:34:16,52.2358378,05
824,150,20.857039167,772,2021-06-28 16:34:16,52.346189,04
825,150,20.897458833,773,2021-06-28 16:34:17,52.335647667,05
826,150,20.928064,774,2021-06-28 16:34:15,52.29084,3
827,250,20.901356,775,2021-06-28 16:34:16,52.297588,3
828,250,20.903728,776,2021-06-28 16:34:16,52.287857,2
829,750,20.9032252,777,2021-06-28 16:34:16,52.3305074,3
830,167,21.006573,8100,2021-06-28 16:33:36,52.211623,6
831,143,21.1379143,8103,2021-06-28 16:34:12,52.2484953,011
832,167,20.941755,8108,2021-06-28 16:34:11,52.232013,8
833,217,21.060346,8109,2021-06-28 16:34:06,52.171475,2
834,174,20.9988735,8110,2021-06-28 16:34:06,52.2324038,010
835,136,21.055904,8112,2021-06-28 16:34:10,52.1475615,014
836,709,21.0241745,8115,2021-06-28 16:34:09,52.0800141,8
837,174,21.0073585,8119,2021-06-28 16:34:13,52.210459,6
838,136,21.0252088,8120,2021-06-28 16:34:09,52.1559283,7
839,143,21.030256,8121,2021-06-28 16:33:42,52.220525,09
840,504,20.9888033,8123,2021-06-28 16:34:01,52.2135961,3
841,165,20.9979158,8124,2021-06-28 16:33:54,52.1701523,4
842,727,21.019828,8125,2021-06-28 16:33:49,52.172571,3
843,709,21.019141,8126,2021-06-28 16:33:59,52.089624,014
844,402,21.0482535,8130,2021-06-28 16:34:10,52.1933618,5
845,136,20.9866523,8131,2021-06-28 16:34:11,52.2105136,012
846,148,21.0531703,8133,2021-06-28 16:34:13,52.1841368,5
847,402,21.047676,8134,2021-06-28 16:34:07,52.191551,9
848,167,20.9669703,8135,2021-06-28 16:34:08,52.2145351,9
849,162,21.036868,8136,2021-06-28 16:34:01,52.251829,08
850,162,21.0351895,8137,2021-06-28 16:34:16,52.2559835,011
851,162,21.035131,8138,2021-06-28 16:34:11,52.255855,7
852,136,20.9997411,8139,2021-06-28 16:34:11,52.1833513,016
853,168,20.995664,8140,2021-06-28 16:34:11,52.188883,4
854,504,21.0360756,8143,2021-06-28 16:34:14,52.1506308,011
855,504,20.9822486,8144,2021-06-28 16:34:10,52.193074,4
856,709,21.0129583,8145,2021-06-28 16:34:12,52.0722606,011
857,727,21.018007,8146,2021-06-28 16:34:13,52.1247026,2
858,148,21.05104,8148,2021-06-28 16:34:15,52.197323,6
859,709,21.0170706,8152,2021-06-28 16:34:12,52.1645766,1
860,217,21.0686301,8153,2021-06-28 16:34:13,52.1685006,1
861,136,20.989493,8154,2021-06-28 16:34:09,52.189128,8
862,131,21.0312275,8155,2021-06-28 16:34:13,52.2070085,9
863,709,21.0235451,8156,2021-06-28 16:34:08,52.0811513,6
864,308,21.0238495,8158,2021-06-28 16:34:11,52.1898921,01
865,136,21.0556576,8160,2021-06-28 16:34:13,52.1474153,5
866,504,20.98834,8162,2021-06-28 16:34:13,52.215408,1
867,331,21.0170773,8164,2021-06-28 16:34:06,52.1643056,05
868,331,20.973662,8165,2021-06-28 16:34:12,52.1706823,03
869,709,21.018454,8166,2021-06-28 16:34:08,52.104959,9
870,148,21.0548268,8167,2021-06-28 16:34:13,52.1588195,4
871,218,20.9916123,8168,2021-06-28 16:34:10,52.183204,3
872,504,21.0010315,8169,2021-06-28 16:34:10,52.1784815,5
873,131,21.0135143,8170,2021-06-28 16:33:41,52.2269163,1
874,167,20.9335626,8172,2021-06-28 16:34:11,52.2341211,010
875,143,21.015958,8173,2021-06-28 16:34:08,52.217323,010
876,218,20.9960085,8174,2021-06-28 16:34:13,52.1889203,1
877,727,21.019369,8175,2021-06-28 16:34:12,52.0653335,4
878,709,21.0200775,8176,2021-06-28 16:34:11,52.1731743,3
879,143,21.0069913,8177,2021-06-28 16:34:06,52.2171161,5
880,138,20.99528,8178,2021-06-28 16:34:09,52.1702716,7
881,709,21.023994,8181,2021-06-28 16:34:14,52.0751373,7
882,136,20.9847206,8182,2021-06-28 16:34:13,52.1930838,2
883,218,21.024174,8183,2021-06-28 16:34:02,52.179761,4
884,131,21.015286,8184,2021-06-28 16:34:07,52.2181201,6
885,143,21.1010986,8185,2021-06-28 16:34:08,52.2426536,8
886,217,21.0240146,8187,2021-06-28 16:34:15,52.1796993,4
887,185,20.97344,8188,2021-06-28 16:34:13,52.286358,9
888,504,21.0686043,8189,2021-06-28 16:34:12,52.1290861,7
889,709,21.0182725,8190,2021-06-28 16:34:10,52.1284206,5
890,131,21.0690241,8192,2021-06-28 16:34:11,52.1813821,4
891,504,21.0051141,8195,2021-06-28 16:34:09,52.2289768,2
892,504,20.9788641,8196,2021-06-28 16:34:11,52.1839625,013
893,218,21.024736,8197,2021-06-28 16:34:02,52.1908493,2
894,331,21.0065181,8198,2021-06-28 16:34:09,52.154795,02
895,174,21.01407,8199,2021-06-28 16:34:11,52.195394,4
896,402,21.0034231,8201,2021-06-28 16:34:03,52.1781486,4
897,151,21.115749,8202,2021-06-28 10:44:07,52.233741,05
898,151,21.1175305,8204,2021-06-28 10:20:01,52.2338373,06
899,151,21.0161635,8208,2021-06-28 16:34:16,52.2174035,2
900,521,21.1904685,8214,2021-06-28 16:34:10,52.1819216,1
901,125,21.197286,8216,2021-06-28 16:34:08,52.208486,2
902,182,20.9632333,8218,2021-06-28 16:34:06,52.2168311,013
903,509,21.043994,8220,2021-06-28 16:34:16,52.249141,023
904,182,21.0375106,8222,2021-06-28 16:34:14,52.2222601,2
905,509,21.102419,8223,2021-06-28 16:34:04,52.22189,024
906,151,21.107096,8225,2021-06-28 16:33:55,52.229655,06
907,509,21.015215,8228,2021-06-28 16:33:58,52.273351,10
908,521,21.0792568,8229,2021-06-28 16:34:14,52.2437105,2
909,523,20.950728,8231,2021-06-28 16:34:10,52.238391,021
910,162,21.0483641,8233,2021-06-28 16:33:50,52.2083335,014
911,145,21.1034473,8300,2021-06-28 16:34:12,52.2858963,2
912,145,21.1205015,8301,2021-06-28 16:34:06,52.2680935,9
913,509,21.0511116,8303,2021-06-28 16:33:49,52.239283,3
914,171,20.925119,8304,2021-06-28 16:33:56,52.272491,010
915,509,21.116975,8305,2021-06-28 09:25:27,52.233583,022
916,117,21.0915211,8306,2021-06-28 16:34:17,52.2219631,3
917,116,21.012754,8309,2021-06-28 16:34:02,52.246131,4
918,141,20.981745,8310,2021-06-28 16:34:02,52.191706,2
919,168,21.0084241,8311,2021-06-28 16:34:11,52.2066443,3
920,151,21.091944,8312,2021-06-28 16:34:06,52.231191,3
921,720,21.1018981,8313,2021-06-28 16:34:04,52.2423741,02
922,162,21.037519,8314,2021-06-28 16:34:13,52.217546,2
923,117,21.102598,8315,2021-06-28 16:34:11,52.2220735,06
924,521,20.9633401,8318,2021-06-28 16:34:13,52.2083793,4
925,185,21.0473356,8319,2021-06-28 16:34:12,52.2122695,11
926,151,21.116836,8320,2021-06-28 09:58:49,52.233566,04
927,162,21.0599333,8322,2021-06-28 16:34:06,52.192815,5
928,509,20.9427593,8323,2021-06-28 16:33:42,52.3232963,9
929,148,21.087369,8324,2021-06-28 16:33:55,52.244791,7
930,523,21.117114,8325,2021-06-28 09:13:38,52.233506,019
931,143,21.169563,8326,2021-06-28 16:34:09,52.2627453,1
932,145,21.1332806,8328,2021-06-28 16:33:54,52.2403251,1
933,507,21.1024298,8329,2021-06-28 16:34:14,52.2219711,08
934,148,20.9864666,8330,2021-06-28 16:34:12,52.1592911,2
935,145,21.0502898,8332,2021-06-28 16:33:59,52.2908503,7
936,523,20.9099081,8333,2021-06-28 16:33:50,52.2538,12
937,148,20.9780705,8334,2021-06-28 16:34:06,52.1695191,3
938,145,21.1291438,8335,2021-06-28 16:33:49,52.235215,014
939,143,21.174259,8337,2021-06-28 16:34:11,52.261806,2
940,125,21.043283,8340,2021-06-28 16:34:13,52.246541,4
941,523,21.0757843,8341,2021-06-28 16:34:18,52.2334371,5
942,507,21.102136,8342,2021-06-28 16:34:15,52.222091,1
943,171,20.966355,8343,2021-06-28 16:34:11,52.237193,09
944,502,21.2318483,8344,2021-06-28 16:34:09,52.2233217,1
945,507,21.03701,8345,2021-06-28 16:34:14,52.23476,3
946,145,21.0505833,8348,2021-06-28 16:34:16,52.29097,3
947,507,21.057661,8349,2021-06-28 16:34:10,52.236731,6
948,145,21.092088,8350,2021-06-28 16:33:56,52.244456,012
949,507,21.003506,8351,2021-06-28 16:34:06,52.23181,4
950,502,21.062266,8352,2021-06-28 16:34:14,52.228518,4
951,523,20.94687,8353,2021-06-28 16:34:02,52.2389583,2
952,502,21.111963,8354,2021-06-28 16:33:55,52.233056,011
953,523,21.085399,8356,2021-06-28 16:34:02,52.250256,8
954,514,21.0163067,8358,2021-06-28 16:34:06,52.222675,3
955,523,20.9745217,8359,2021-06-28 16:34:13,52.218655,3
956,507,21.100165,8360,2021-06-28 16:34:11,52.223438,7
957,202,21.044835,8361,2021-06-28 16:34:04,52.2484233,1
958,502,21.026491,8362,2021-06-28 16:34:07,52.219603,2
959,188,20.9782683,8363,2021-06-28 16:34:05,52.16948,6
960,138,21.019345,8364,2021-06-28 16:34:07,52.21231,6
961,514,21.2424683,8365,2021-06-28 16:34:04,52.24967,1
962,523,20.990783,8366,2021-06-28 16:34:02,52.216421,4
963,502,21.243165,8368,2021-06-28 16:33:59,52.221721,5
964,145,21.082923,8398,2021-06-28 16:34:05,52.286611,013
965,402,21.1315053,8403,2021-06-28 16:34:16,52.2379868,011
966,521,21.158769,8408,2021-06-28 16:34:00,52.2138735,07
967,143,21.14437,8410,2021-06-28 16:34:12,52.2603058,012
968,523,20.8983796,8414,2021-06-28 16:34:11,52.2584556,13
969,148,21.04096,8417,2021-06-28 16:34:14,52.1702535,9
970,148,21.068211,8430,2021-06-28 16:33:59,52.202708,010
971,162,21.0291128,8437,2021-06-28 16:34:13,52.2493526,012
972,125,21.1965345,8438,2021-06-28 16:34:08,52.208405,1
973,162,21.045999,8440,2021-06-28 16:33:36,52.215189,015
974,145,21.0137722,8441,2021-06-28 16:34:14,52.2953716,6
975,269,21.055384,8442,2021-06-28 16:34:14,52.275082,01
976,723,20.994257,8443,2021-06-28 16:34:13,52.298874,2
977,114,20.985409,8445,2021-06-28 16:34:15,52.268776,5
978,120,21.046595,8446,2021-06-28 16:34:13,52.274143,6
979,731,21.000896,8447,2021-06-28 16:34:16,52.291271,3
980,160,21.056826,8448,2021-06-28 16:34:13,52.324226,1
981,132,21.0685834,8449,2021-06-28 16:34:16,52.3228527,04
982,412,21.061554,8450,2021-06-28 16:34:12,52.270008,052
983,112,20.9283236,8451,2021-06-28 16:34:16,52.2640907,6
984,527,21.0439702,8452,2021-06-28 16:34:15,52.2779882,06
985,160,21.000296,8453,2021-06-28 16:34:13,52.2441881,014
986,160,20.9955524,8454,2021-06-28 16:34:15,52.2398325,4
987,160,21.047184,8455,2021-06-28 16:34:16,52.260204,6
988,132,20.9695656,8457,2021-06-28 16:34:16,52.2722444,08
989,527,21.055573,8458,2021-06-28 16:34:16,52.297089,055
990,Z26,21.0096704,8459,2021-06-28 16:34:16,52.2463512,3
991,412,21.0515954,8460,2021-06-28 16:34:16,52.2527297,053
992,120,21.061787,8461,2021-06-28 16:34:16,52.361805,4
993,414,20.964773,8462,2021-06-28 16:34:15,52.215332,05
994,511,20.9711204,8463,2021-06-28 16:34:13,52.3220894,05
995,509,21.061108,8465,2021-06-28 16:34:15,52.231678,2
996,136,21.02698,8500,2021-06-28 16:34:13,52.1619,3
997,501,21.0482633,8501,2021-06-28 16:34:05,52.1781,06
998,138,21.00206,8502,2021-06-28 16:34:01,52.182698,9
999,189,20.916995,8503,2021-06-28 16:34:12,52.221723,5
1000,522,21.069968,8504,2021-06-28 16:34:04,52.164011,4
1001,401,20.923474,8505,2021-06-28 16:34:05,52.197225,2
1002,131,21.060531,8506,2021-06-28 16:34:04,52.189658,7
1003,501,21.0083233,8507,2021-06-28 16:34:12,52.22904,4
1004,138,21.059561,8508,2021-06-28 16:34:11,52.262725,2
1005,189,20.910806,8509,2021-06-28 16:34:13,52.228686,1
1006,501,21.031475,8510,2021-06-28 16:34:08,52.206049,1
1007,189,20.89635,8511,2021-06-28 16:34:01,52.2368333,027
1008,Z26,20.974046,8512,2021-06-28 16:34:11,52.237406,4
1009,186,20.9747967,8513,2021-06-28 16:34:14,52.3177283,013
1010,733,20.7829317,8514,2021-06-28 16:34:03,52.049745,01
1011,Z26,21.013413,8515,2021-06-28 16:33:58,52.246625,7
1012,522,21.062908,8516,2021-06-28 16:34:02,52.17513,2
1013,141,21.048459,8517,2021-06-28 16:34:11,52.207841,10
1014,519,21.0203533,8519,2021-06-28 16:34:14,52.2112633,7
1015,519,21.06221,8520,2021-06-28 16:34:01,52.175931,1
1016,733,20.88062,8523,2021-06-28 16:34:03,52.136054,62
1017,522,21.075939,8525,2021-06-28 16:34:02,52.157571,011
1018,172,21.052604,8526,2021-06-28 16:34:12,52.184996,63
1019,172,21.027595,8528,2021-06-28 16:33:56,52.199984,5
1020,308,21.02058,8530,2021-06-28 16:34:07,52.1895517,02
1021,172,20.975511,8532,2021-06-28 16:34:08,52.211551,1
1022,Z26,21.037101,8533,2021-06-28 16:34:10,52.25706,2
1023,138,21.047386,8534,2021-06-28 16:34:12,52.247276,5
1024,522,21.029253,8535,2021-06-28 16:34:13,52.207058,1
1025,172,21.0089817,8536,2021-06-28 16:34:03,52.1954467,6
1026,522,21.044068,8537,2021-06-28 16:33:55,52.192779,5
1027,709,21.018,8539,2021-06-28 16:34:06,52.135461,4
1028,172,20.960864,8540,2021-06-28 16:34:05,52.213558,8
1029,185,21.048158,8541,2021-06-28 16:33:58,52.208316,6
1030,172,20.972936,8543,2021-06-28 16:34:01,52.218559,9
1031,519,21.002895,8544,2021-06-28 16:34:08,52.2292867,4
1032,522,21.063351,8546,2021-06-28 16:34:13,52.174521,012
1033,522,21.01571,8547,2021-06-28 16:33:44,52.22239,6
1034,402,21.156163,8548,2021-06-28 16:33:55,52.240338,010
1035,186,20.95802,8549,2021-06-28 16:34:13,52.223579,015
1036,186,20.956318,8550,2021-06-28 16:34:07,52.26467,016
1037,709,21.017533,8551,2021-06-28 16:34:07,52.150493,10
1038,136,20.956575,8552,2021-06-28 16:34:12,52.229045,10
1039,Z26,20.974446,8555,2021-06-28 16:34:06,52.235396,5
1040,519,21.0848083,8556,2021-06-28 16:34:00,52.16761,6
1041,Z26,20.989015,8558,2021-06-28 16:34:09,52.240255,08
1042,217,21.04608,8559,2021-06-28 16:34:09,52.174855,06
1043,519,21.092931,8560,2021-06-28 16:34:10,52.116808,2
1044,411,21.102435,8561,2021-06-28 16:34:03,52.2220933,02
1045,521,21.1263867,8562,2021-06-28 16:34:13,52.2342617,09
1046,402,20.998823,8563,2021-06-28 16:34:09,52.179023,2
1047,521,21.204756,8564,2021-06-28 16:34:08,52.159383,08
1048,502,21.1349467,8565,2021-06-28 16:34:03,52.2309467,014
1049,502,21.217484,8566,2021-06-28 16:34:05,52.214399,6
1050,402,20.99323,8567,2021-06-28 16:33:40,52.17669,014
1051,509,20.983355,8568,2021-06-28 16:34:05,52.3076817,021
1052,171,21.0314067,8569,2021-06-28 16:34:06,52.22928,2
1053,411,21.0633267,8571,2021-06-28 16:34:06,52.2278617,03
1054,E-1,21.067248,8572,2021-06-28 16:34:06,52.225985,04
1055,202,21.0884517,8573,2021-06-28 16:34:06,52.2501917,2
1056,411,21.115896,8574,2021-06-28 10:20:57,52.233514,01
1057,720,21.463366,8576,2021-06-28 16:34:10,52.132939,1
1058,162,21.0849433,8578,2021-06-28 16:34:11,52.1933083,4
1059,125,21.099463,8579,2021-06-28 16:34:13,52.242964,09
1060,731,20.926605,8583,2021-06-28 16:33:54,52.4210917,5
1061,269,21.055099,8584,2021-06-28 16:34:10,52.275455,02
1062,269,21.041773,8585,2021-06-28 16:33:58,52.292858,03
1063,514,21.12657,8586,2021-06-28 16:34:11,52.2331533,2
1064,523,21.115558,8587,2021-06-28 08:55:25,52.233753,3
1065,145,21.033525,8588,2021-06-28 16:34:15,52.2886483,016
1066,514,21.098395,8589,2021-06-28 16:34:13,52.234743,4
1067,502,21.015438,8590,2021-06-28 16:34:14,52.218826,3
1068,507,21.0743633,8592,2021-06-28 16:34:10,52.2255633,2
1069,145,21.094846,8593,2021-06-28 16:34:09,52.243873,10
1070,138,20.99564,8595,2021-06-28 16:34:14,52.1701533,8
1071,186,20.9635268,8800,2021-06-28 16:34:13,52.2078498,10
1072,186,20.963799,8801,2021-06-28 16:34:05,52.2077798,11
1073,185,21.037841,8802,2021-06-28 16:33:54,52.1683493,1
1074,727,20.9705666,8803,2021-06-28 16:34:11,52.0416839,1
1075,217,21.0333875,8804,2021-06-28 16:34:08,52.1772101,3
1076,185,21.0492188,8805,2021-06-28 16:34:15,52.1543541,4
1077,402,21.1491203,8806,2021-06-28 16:34:10,52.2384591,8
1078,131,21.0806483,8808,2021-06-28 16:34:15,52.1722145,3
1079,709,21.024041,8809,2021-06-28 16:34:08,52.180051,2
1080,174,21.0196371,8810,2021-06-28 16:34:14,52.1834128,1
1081,165,21.023932,8811,2021-06-28 16:34:09,52.1798003,3
1082,167,20.9620061,8812,2021-06-28 16:34:09,52.2161785,011
1083,402,21.039347,8813,2021-06-28 16:34:06,52.1724081,1
1084,167,21.021525,8814,2021-06-28 16:34:11,52.2110288,2
1085,167,21.082885,8816,2021-06-28 16:33:58,52.208146,3
1086,308,20.99099,8817,2021-06-28 16:34:12,52.183076,03
1087,504,20.998609,8818,2021-06-28 16:34:09,52.179233,9
1088,331,20.9854461,8819,2021-06-28 16:34:15,52.1669763,04
1089,522,21.0165758,8820,2021-06-28 16:33:57,52.2222568,014
1090,174,21.0135345,8821,2021-06-28 16:34:12,52.1769108,08
1091,174,21.0063018,8822,2021-06-28 16:34:16,52.212417,5
1092,522,21.0474816,8823,2021-06-28 16:34:13,52.189915,015
1093,709,21.017978,8825,2021-06-28 16:33:58,52.13049,012
1094,504,21.0360895,8826,2021-06-28 16:34:10,52.1505873,8
1095,143,21.08069,8828,2021-06-28 16:34:14,52.238161,4
1096,509,21.028383,8829,2021-06-28 16:34:11,52.257131,4
1097,523,20.9778145,8830,2021-06-28 16:34:13,52.2173086,11
1098,125,21.0412636,8831,2021-06-28 16:33:49,52.2415176,5
1099,171,20.946317,8832,2021-06-28 16:34:11,52.2389666,7
1100,141,21.0826148,8833,2021-06-28 16:34:11,52.2405366,9
1101,704,21.1887908,8834,2021-06-28 16:34:11,52.2256658,2
1102,521,21.1067938,8835,2021-06-28 16:34:12,52.2414895,5
1103,182,21.116311,8836,2021-06-28 10:16:22,52.233706,010
1104,182,20.9750141,8837,2021-06-28 16:34:09,52.2184335,6
1105,182,21.107045,8838,2021-06-28 16:34:09,52.2367391,010
1106,704,21.258793,8839,2021-06-28 16:33:45,52.222464,1
1107,185,21.0461831,8840,2021-06-28 16:34:13,52.177469,5
1108,125,21.1596963,8841,2021-06-28 16:34:11,52.2260481,6
1109,521,20.9689136,8843,2021-06-28 16:33:50,52.2080288,3
1110,185,21.0332623,8844,2021-06-28 16:34:03,52.141573,2
1111,402,21.0405665,8845,2021-06-28 16:34:09,52.1709105,013
1112,143,21.109228,8846,2021-06-28 16:33:59,52.2408,3
1113,143,21.0057046,8847,2021-06-28 16:34:10,52.2170745,6
1114,125,21.072541,8849,2021-06-28 16:34:09,52.245921,3
1115,521,21.209361,8850,2021-06-28 16:34:07,52.1630145,6
1116,523,21.0141616,8851,2021-06-28 16:34:09,52.2169213,019
1117,141,20.9443351,8852,2021-06-28 16:34:08,52.1754345,3
1118,125,21.1663808,8853,2021-06-28 16:34:12,52.2122471,7
1119,509,20.942176,8854,2021-06-28 16:34:08,52.3345021,8
1120,402,21.1041738,8855,2021-06-28 16:34:08,52.2222151,6
1121,512,21.0519303,8856,2021-06-28 16:34:10,52.2528523,1
1122,509,21.055903,8857,2021-06-28 16:34:06,52.238321,12
1123,169,21.0351626,8858,2021-06-28 16:34:04,52.2545708,1
1124,112,20.914574,8859,2021-06-28 16:34:14,52.252833,4
1125,512,21.0495586,8861,2021-06-28 16:34:14,52.2860445,4
1126,412,21.0852346,8862,2021-06-28 16:33:50,52.2990318,04
1127,738,21.052719,8864,2021-06-28 16:34:00,52.2766898,05
1128,500,21.0459893,8865,2021-06-28 10:43:17,52.2651186,08
1129,169,21.0328568,8866,2021-06-28 16:34:02,52.299251,5
1130,162,21.0274608,8867,2021-06-28 16:34:14,52.2596168,1
1131,190,20.899251,8868,2021-06-28 16:34:04,52.238938,5
1132,190,21.0696015,8869,2021-06-28 16:34:10,52.2801063,023
1133,190,21.08509,8871,2021-06-28 16:33:53,52.298738,025
1134,190,21.0655048,8872,2021-06-28 16:34:13,52.274729,026
1135,738,21.18138,8873,2021-06-28 16:33:55,52.417176,06
1136,500,21.0406815,8874,2021-06-28 16:34:09,52.2882786,3
1137,190,20.8988778,8875,2021-06-28 16:34:09,52.2389288,4
1138,162,21.0691693,8876,2021-06-28 16:34:08,52.1919105,3
1139,512,21.0522341,8878,2021-06-28 16:34:04,52.2529028,06
1140,509,21.1021741,8879,2021-06-28 16:34:04,52.2219171,1
1141,709,20.996574,8880,2021-06-25 18:58:33,52.18762,016
1142,186,20.9691366,8881,2021-06-28 16:34:09,52.2138043,014
1143,165,21.0017451,8882,2021-06-28 16:34:09,52.1567575,2
1144,175,20.9781655,8883,2021-06-28 16:34:06,52.1694856,64
1145,180,21.012561,8885,2021-06-28 16:34:11,52.246188,5
1146,167,21.046643,8886,2021-06-28 16:34:05,52.206874,5
1147,189,21.007286,8887,2021-06-28 16:33:56,52.177455,021
1148,128,21.0129808,8888,2021-06-28 16:34:10,52.2430551,61
1149,504,21.0687655,8891,2021-06-28 16:34:13,52.1289348,012
1150,165,21.00251,8892,2021-06-28 16:34:09,52.178159,1
1151,180,20.967888,8893,2021-06-28 16:34:13,52.256588,53
1152,217,21.0416581,8894,2021-06-28 16:34:12,52.1756346,05
1153,136,20.9873721,8895,2021-06-28 16:34:13,52.2097195,015
1154,174,20.9952161,8896,2021-06-28 16:34:04,52.1701361,07
1155,180,20.9250895,8897,2021-06-28 16:34:13,52.2724256,015
1156,167,20.9773255,8898,2021-06-28 16:34:03,52.21155,7
1157,504,21.058841,8899,2021-06-28 16:34:06,52.131178,6
1158,161,21.210436,9061,2021-06-28 16:34:12,52.160816,2
1159,161,21.224813,9063,2021-06-28 16:34:12,52.186646,3
1160,262,21.083403,9064,2021-06-28 16:34:14,52.286598,03
1161,314,20.99979,9065,2021-06-28 16:34:15,52.315849,04
1162,314,20.997616,9066,2021-06-28 16:34:14,52.318874,02
1163,104,21.037888,9068,2021-06-28 16:34:15,52.315025,2
1164,161,21.219341,9070,2021-06-28 16:34:13,52.185303,1
1165,225,21.156963,9071,2021-06-28 16:34:16,52.263691,2
1166,225,21.092783,9074,2021-06-28 16:34:15,52.225559,4
1167,225,21.093594,9075,2021-06-28 16:34:15,52.226875,3
1168,211,20.985624,9077,2021-06-28 16:34:14,52.303795,08
1169,314,20.952799,9078,2021-06-28 16:34:16,52.317287,01
1170,262,21.05368,9080,2021-06-28 16:34:16,52.276337,1
1171,104,21.000221,9081,2021-06-28 16:34:16,52.291496,1
1172,314,21.05266,9082,2021-06-28 16:34:13,52.361149,03
1173,262,21.082872,9083,2021-06-28 16:34:16,52.286366,2
1174,225,21.154261,9088,2021-06-28 16:34:17,52.260098,1
1175,211,20.961218,9090,2021-06-28 16:34:16,52.316936,2
1176,211,20.942657,9091,2021-06-28 16:34:14,52.332256,07
1177,305,21.141186,9093,2021-06-28 16:34:16,52.225967,1
1178,900,20.953716,9094,2021-06-28 16:34:13,52.358814,1
1179,133,20.982318,9201,2021-06-28 16:34:16,52.351969,2
1180,207,20.870495,9202,2021-06-28 16:34:07,52.183323,03
1181,164,21.137438,9203,2021-06-28 16:26:03,52.146651,05
1182,239,21.008093,9205,2021-06-28 16:34:14,52.14325,51
1183,809,21.019133,9206,2021-06-28 16:34:11,52.143475,52
1184,809,21.015968,9208,2021-06-28 16:34:14,52.121555,54
1185,211,20.94145,9209,2021-06-28 16:34:12,52.355629,4
1186,177,20.891933,9210,2021-06-28 16:34:16,52.190666,3
1187,209,20.981043,9212,2021-06-28 16:34:08,52.132847,53
1188,211,20.970964,9213,2021-06-28 16:34:08,52.310291,6
1189,219,21.100298,9215,2021-06-28 16:34:09,52.221947,3
1190,208,20.969227,9216,2021-06-28 16:34:15,52.203054,1
1191,234,21.049759,9217,2021-06-28 16:34:15,52.319813,1
1192,239,21.037649,9218,2021-06-28 16:34:12,52.154728,057
1193,234,21.043695,9219,2021-06-28 16:34:11,52.317501,2
1194,203,20.932545,9220,2021-06-28 16:34:12,52.288078,1
1195,249,20.89666,9221,2021-06-28 16:34:12,52.232117,1
1196,211,21.000772,9223,2021-06-28 16:34:15,52.292717,1
1197,201,20.926453,9224,2021-06-28 16:34:11,52.234009,3
1198,208,20.943443,9225,2021-06-28 16:34:13,52.205254,04
1199,208,20.970337,9226,2021-06-28 16:34:10,52.213207,05
1200,208,20.975517,9227,2021-06-28 16:34:13,52.210236,2
1201,219,21.140783,9228,2021-06-28 16:34:16,52.189743,2
1202,219,21.131994,9229,2021-06-28 16:34:15,52.214306,1
1203,201,20.94433,9230,2021-06-28 16:34:11,52.243839,2
1204,209,21.038279,9232,2021-06-28 16:34:16,52.153423,056
1205,264,21.083904,9233,2021-06-28 16:34:15,52.167789,1
1206,203,20.92345,9234,2021-06-28 16:34:16,52.280384,2
1207,201,20.932343,9235,2021-06-28 16:34:16,52.26263,5
1208,201,20.945246,9236,2021-06-28 16:34:09,52.241875,4
1209,209,21.037697,9237,2021-06-28 16:34:09,52.154209,055
1210,208,20.948795,9238,2021-06-28 16:34:13,52.209499,03
1211,177,20.883831,9240,2021-06-28 16:34:16,52.205685,1
1212,133,20.944901,9241,2021-06-28 16:34:15,52.322983,3
1213,201,20.925016,9242,2021-06-28 16:34:16,52.260551,06
1214,211,20.940729,9243,2021-06-28 16:34:09,52.341179,5
1215,207,20.883703,9244,2021-06-28 16:34:16,52.193813,01
1216,211,20.945803,9245,2021-06-28 16:34:14,52.349892,3
1217,164,21.086336,9246,2021-06-28 16:34:11,52.160637,04
1218,201,20.932505,9247,2021-06-28 16:34:12,52.262768,1
1219,177,20.87948,9248,2021-06-28 16:34:09,52.20396,2
1220,164,21.13818,9250,2021-06-28 16:34:13,52.145844,3
1221,164,21.062902,9251,2021-06-28 16:34:11,52.187828,2
1222,164,21.084448,9252,2021-06-28 16:34:10,52.163517,1
1223,211,20.967825,9254,2021-06-28 16:34:14,52.319317,09
1224,199,21.05298,9301,2021-06-28 16:34:10,52.276409,06
1225,739,21.023863,9302,2021-06-28 16:34:09,52.179947,2
1226,739,21.024691,9304,2021-06-28 16:34:14,52.099445,3
1227,179,21.064058,9311,2021-06-28 15:34:11,52.144501,10
1228,123,21.056549,9312,2021-06-28 16:34:11,52.237743,08
1229,179,21.056725,9313,2021-06-28 16:34:16,52.152218,11
1230,153,21.160545,9314,2021-06-28 16:34:10,52.260376,2
1231,179,21.030735,9315,2021-06-28 16:34:07,52.153889,2
1232,135,21.086897,9316,2021-06-28 16:34:09,52.237167,3
1233,135,21.032343,9317,2021-06-28 16:34:12,52.267159,6
1234,135,21.038498,9318,2021-06-28 16:34:12,52.248962,2
1235,135,21.029831,9319,2021-06-28 16:34:12,52.261513,1
1236,179,21.037153,9320,2021-06-28 16:34:13,52.162086,4
1237,179,21.027658,9321,2021-06-28 16:34:17,52.1558342,5
1238,123,21.052383,9322,2021-06-28 16:34:13,52.250244,5
1239,135,21.102703,9323,2021-06-28 16:34:06,52.243374,07
1240,179,21.062712,9324,2021-06-28 16:34:16,52.131199,9
1241,179,21.032301,9325,2021-06-28 16:34:09,52.14262,51
1242,256,21.065504,9326,2021-06-28 16:34:11,52.327988,2
1243,142,21.211193,9327,2021-06-28 16:34:10,52.161205,3
1244,179,21.05401,9328,2021-06-28 16:34:11,52.133671,8
1245,153,21.1703451,9329,2021-06-28 16:34:17,52.2768954,04
1246,123,21.0773959,9331,2021-06-28 09:44:24,52.2687066,07
1247,123,21.077486,9332,2021-06-28 15:39:21,52.268074,08
1248,142,21.134296,9333,2021-06-28 16:34:16,52.202778,5
1249,739,21.017651,9334,2021-06-28 16:34:12,52.141163,1
1250,153,21.177032,9335,2021-06-28 16:34:13,52.256889,3
1251,135,21.08567,9336,2021-06-28 16:34:16,52.234913,5
1252,739,21.077738,9337,2021-06-28 16:34:14,52.26718,2
1253,179,21.038372,9338,2021-06-28 16:34:10,52.146336,6
1254,256,21.05228,9339,2021-06-28 16:34:14,52.293072,1
1255,153,21.150475,9340,2021-06-28 16:34:16,52.270279,1
1256,142,21.231524,9341,2021-06-28 16:34:16,52.17138,4
1257,739,21.039743,9342,2021-06-28 16:34:16,52.080524,4
1258,256,21.080948,9343,2021-06-28 16:34:13,52.277344,4
1259,135,21.0371162,9344,2021-06-28 16:34:17,52.2500871,08
1260,739,21.032116,9345,2021-06-28 16:34:07,52.095173,05
1261,179,21.050251,9346,2021-06-28 16:34:10,52.155052,7
1262,135,21.100145,9347,2021-06-28 16:34:15,52.239098,4
1263,123,21.084236,9348,2021-06-28 16:34:15,52.247467,09
1264,179,21.037011,9349,2021-06-28 16:34:15,52.162026,3
1265,123,21.051115,9350,2021-06-28 16:34:15,52.252537,357
1266,142,21.088282,9351,2021-06-28 16:34:13,52.244568,1
1267,123,21.097464,9352,2021-06-28 16:34:11,52.234329,6
1268,739,21.024611,9353,2021-06-28 16:34:16,52.179268,06
1269,123,21.101797,9354,2021-06-28 16:34:17,52.223545,07
1270,199,21.175253,9355,2021-06-28 16:34:13,52.267193,05
1271,256,21.048426,9356,2021-06-28 16:34:15,52.288681,3
1272,142,21.141542,9357,2021-06-28 16:34:13,52.225983,2
1273,142,21.077633,9358,2021-06-28 16:02:28,52.267822,4
1274,256,21.082499,9359,2021-06-28 16:34:12,52.27597,5
1275,102,21.028522,9401,2021-06-28 16:34:16,52.239479,2
1276,176,20.981028,9403,2021-06-28 16:34:16,52.345436,1
1277,176,21.020283,9405,2021-06-28 16:34:15,52.288834,05
1278,176,21.021368,9412,2021-06-28 16:34:14,52.286617,3
1279,197,20.948193,9413,2021-06-28 16:34:16,52.268662,012
1280,197,20.945061,9414,2021-06-28 16:34:10,52.264626,014
1281,103,20.96917,9415,2021-06-28 16:34:11,52.223434,2
1282,102,21.098444,9416,2021-06-28 16:34:13,52.247944,3
1283,157,20.994516,9417,2021-06-28 16:34:13,52.253719,7
1284,712,20.876507,9418,2021-06-28 16:34:16,52.286526,02
1285,516,20.943319,9420,2021-06-28 16:34:12,52.337971,5
1286,157,20.963945,9423,2021-06-28 16:34:12,52.207985,1
1287,103,20.969149,9424,2021-06-28 16:34:14,52.225426,4
1288,123,21.056185,9425,2021-06-28 16:34:13,52.238052,1
1289,157,20.994333,9426,2021-06-28 16:34:16,52.260464,3
1290,157,20.971903,9427,2021-06-28 16:34:14,52.283005,4
1291,157,20.98838,9428,2021-06-28 16:34:14,52.224102,9
1292,103,20.93701,9429,2021-06-28 16:34:13,52.291412,6
1293,157,20.96623,9432,2021-06-28 16:34:14,52.207676,10
1294,743,20.697067,9433,2021-06-28 16:34:09,52.199505,02
1295,176,20.982204,9434,2021-06-28 16:34:15,52.35564,04
1296,516,20.937092,9435,2021-06-28 16:34:13,52.326241,1
1297,157,20.985388,9436,2021-06-28 16:34:15,52.245979,2
1298,157,20.985649,9437,2021-06-28 16:34:16,52.269951,6
1299,197,20.945599,9438,2021-06-28 16:34:16,52.239002,011
1300,197,20.931059,9439,2021-06-28 16:34:15,52.225288,016
1301,516,21.000965,9440,2021-06-28 16:34:15,52.29118,3
1302,123,21.050648,9441,2021-06-28 16:34:15,52.25246,3
1303,103,20.97205,9442,2021-06-28 16:34:15,52.25494,5
1304,102,21.019373,9443,2021-06-28 16:34:15,52.237129,1
1305,103,20.968519,9444,2021-06-28 16:34:13,52.222015,3
1306,103,20.92679,9445,2021-06-28 16:34:12,52.29034,7
1307,103,20.958069,9446,2021-06-28 16:34:16,52.245522,1
1308,123,21.092848,9447,2021-06-28 16:34:16,52.221695,4
1309,157,20.990406,9448,2021-06-28 16:34:17,52.225311,011
1310,516,20.970484,9449,2021-06-28 16:34:16,52.32037,4
1311,157,20.976419,9451,2021-06-28 16:34:16,52.289848,5
1312,157,20.987997,9452,2021-06-28 16:34:15,52.238724,8
1313,176,20.981888,9453,2021-06-28 16:34:12,52.345692,2
1314,197,20.942663,9454,2021-06-28 16:34:12,52.227173,015
1315,712,20.876163,9455,2021-06-28 16:34:14,52.283417,1
1316,743,20.915852,9456,2021-06-28 16:34:14,52.219833,1
1317,197,20.950003,9457,2021-06-28 16:34:12,52.280617,013
1318,103,20.943525,9458,2021-06-28 16:34:09,52.270332,8
1319,194,20.868948333,9501,2021-06-28 16:34:15,52.191721833,5
1320,707,20.932823333,9502,2021-06-28 16:34:17,52.1661055,1
1321,159,21.04768,9503,2021-06-28 16:34:17,52.210314667,1
1322,103,20.9464405,9505,2021-06-28 16:34:15,52.273878333,09
1323,103,20.930672,9506,2021-06-28 16:34:15,52.2906345,011
1324,220,20.911823167,9509,2021-06-28 16:34:15,52.252921167,3
1325,194,20.930537167,9510,2021-06-28 16:34:14,52.225015167,06
1326,737,21.018216,9511,2021-06-28 16:34:17,52.117939167,56
1327,220,20.906006,9513,2021-06-28 16:34:17,52.180192,5
1328,715,20.943700667,9514,2021-06-28 16:34:10,52.175687333,53
1329,181,20.961325,9515,2021-06-28 16:34:13,52.282013167,2
1330,737,20.897747333,9516,2021-06-28 16:34:14,52.056491167,54
1331,149,20.923907333,9518,2021-06-28 16:34:15,52.240431833,06
1332,149,20.888553,9519,2021-06-28 16:34:14,52.250702833,2
1333,159,21.085176667,9520,2021-06-28 16:34:16,52.193229833,8
1334,715,21.037034,9521,2021-06-28 16:34:13,52.161979167,1
1335,220,20.898695,9522,2021-06-28 16:34:16,52.198390333,4
1336,220,20.896676,9523,2021-06-28 16:34:15,52.236747167,07
1337,220,20.924945667,9524,2021-06-28 16:34:16,52.260629667,2
1338,194,20.9222935,9525,2021-06-28 16:34:10,52.221637833,3
1339,181,20.966038833,9526,2021-06-28 16:34:17,52.283558,1
1340,715,20.976139667,9528,2021-06-28 16:34:16,52.134927333,058
1341,715,20.9801095,9529,2021-06-28 16:34:15,52.132654333,52
1342,707,21.021475167,9530,2021-06-28 16:34:15,52.074908667,03
1343,159,20.9548375,9531,2021-06-28 16:34:16,52.212048333,4
1344,194,20.860178333,9532,2021-06-28 16:34:14,52.1938315,1
1345,181,20.899994167,9533,2021-06-28 16:34:16,52.297162333,4
1346,181,20.920113333,9534,2021-06-28 16:34:14,52.308869167,3
1347,159,21.048094,9535,2021-06-28 16:34:13,52.208983667,7
1348,159,21.017472,9537,2021-06-28 16:34:17,52.223478333,6
1349,737,21.018159333,9539,2021-06-28 16:34:15,52.131171667,059
1350,220,20.897093667,9540,2021-06-28 16:34:16,52.225662667,1
1351,220,20.904649333,9542,2021-06-28 16:34:16,52.185759,6
1352,737,21.0368965,9544,2021-06-28 16:34:14,52.161967333,07
1353,220,20.944029833,9545,2021-06-28 16:34:17,52.175417333,08
1354,149,20.940213,9546,2021-06-28 16:34:17,52.246564667,5
1355,220,20.898423167,9548,2021-06-28 16:34:14,52.2522825,09
1356,149,20.8980405,9550,2021-06-28 16:34:15,52.2487385,1
1357,715,21.031078833,9551,2021-06-28 16:34:15,52.158147333,55
1358,149,20.928194667,9552,2021-06-28 16:34:15,52.240711667,3
1359,194,20.916277,9554,2021-06-28 16:34:14,52.219123833,07
1360,194,20.897287167,9555,2021-06-28 16:34:12,52.208794667,2
1361,159,20.9654875,9556,2021-06-28 16:34:14,52.217647833,3
1362,149,20.9403745,9557,2021-06-28 16:34:14,52.246652167,4
1363,194,20.895322333,9558,2021-06-28 16:34:14,52.200030167,4
1364,159,20.987546333,9560,2021-06-28 16:34:16,52.224719333,5
1365,159,21.015337,9561,2021-06-28 16:34:13,52.223134333,2
1366,118,21.015066,9671,2021-06-28 16:34:14,52.217506,2
1367,118,21.041338,9672,2021-06-28 16:34:05,52.300095,5
1368,326,20.978678,9673,2021-06-28 16:34:12,52.279476,04
1369,118,21.028334,9674,2021-06-28 16:34:11,52.238319,8
1370,152,21.040792,9676,2021-06-28 16:34:16,52.326515,5
1371,212,21.05545,9677,2021-06-28 16:34:17,52.29694,06
1372,118,21.005293,9678,2021-06-28 16:34:12,52.262997,7
1373,118,21.015692,9679,2021-06-28 16:34:15,52.219723,1
1374,326,21.061825,9680,2021-06-28 16:34:07,52.361717,02
1375,152,20.993454,9681,2021-06-28 16:34:10,52.339268,2
1376,212,21.032656,9682,2021-06-28 16:34:10,52.264458,5
1377,152,20.95244,9683,2021-06-28 16:34:15,52.317028,4
1378,212,21.02713,9684,2021-06-28 16:34:16,52.259583,1
1379,212,21.054144,9685,2021-06-28 16:34:13,52.273067,2
1380,326,20.999584,9686,2021-06-28 16:34:13,52.291771,05
1381,326,21.029846,9688,2021-06-28 16:34:11,52.333801,03
1382,118,20.9863,9689,2021-06-28 16:34:10,52.283657,4
1383,212,21.052053,9690,2021-06-28 16:34:08,52.292732,3
1384,326,21.029058,9692,2021-06-28 16:34:09,52.355808,01
1385,212,21.065041,9693,2021-06-28 16:34:11,52.274185,4
1386,152,20.970945,9695,2021-06-28 16:34:09,52.320641,1
1387,118,21.041397,9696,2021-06-28 16:34:10,52.300186,6
1388,118,21.023001,9697,2021-06-28 16:34:10,52.245247,3
1389,152,20.971516,9698,2021-06-28 16:34:09,52.321457,3
1390,710,21.08396,9801,2021-06-28 16:34:15,52.078056,4
1391,525,21.196625,9802,2021-06-28 16:34:16,52.208279,1
1392,184,20.964056,9803,2021-06-28 16:34:11,52.208054,069
1393,710,21.117224,9805,2021-06-28 16:34:13,52.077427,2
1394,525,21.191576,9807,2021-06-28 16:34:11,52.207386,319
1395,127,21.021166,9808,2021-06-28 16:34:11,52.231285,2
1396,109,21.043062,9809,2021-06-28 16:34:13,52.225815,07
1397,710,21.112598,9810,2021-06-28 16:34:14,52.109905,5
1398,719,20.58643,9812,2021-06-28 16:34:10,52.257572,3
1399,109,20.92221,9813,2021-06-28 16:17:45,52.240268,08
1400,Z10,20.930843,9814,2021-06-28 16:34:15,52.224964,2
1401,525,21.004166,9815,2021-06-28 16:34:09,52.229534,09
1402,742,21.113869,9816,2021-06-28 16:34:16,52.104961,1
1403,719,20.887012,9818,2021-06-28 16:34:14,52.24022,04
1404,719,20.819233,9819,2021-06-28 16:34:13,52.252113,1
1405,719,20.85581,9820,2021-06-28 16:34:15,52.245476,2
1406,710,21.076254,9821,2021-06-28 16:34:16,52.132427,1
1407,525,21.164555,9822,2021-06-28 16:34:13,52.217117,010
1408,184,20.942913,9823,2021-06-28 16:34:15,52.246265,010
1409,525,21.164489,9825,2021-06-28 16:06:46,52.217367,5
1410,525,21.161602,9826,2021-06-28 16:34:15,52.225292,7
1411,185,20.980787,9827,2021-06-28 16:34:17,52.275462,8
1412,127,21.033024,9828,2021-06-28 16:34:12,52.230206,4
1413,525,21.126411,9829,2021-06-28 16:34:09,52.233841,6
1414,Z10,20.914109,9830,2021-06-28 16:34:17,52.236506,8
1415,710,21.011333,9831,2021-06-28 16:34:11,52.074211,3
1416,127,20.986427,9833,2021-06-28 16:34:16,52.224342,1
1417,525,21.01306,9834,2021-06-28 16:34:11,52.22768,4
1418,742,21.150864,9835,2021-06-28 16:34:14,52.063091,02
1419,525,21.015633,9836,2021-06-28 16:34:11,52.216942,3
1420,185,21.056952,9837,2021-06-28 16:34:12,52.182423,12
1421,525,21.096886,9838,2021-06-28 16:34:14,52.234749,2
1422,724,21.068026,9839,2021-06-28 16:34:09,52.128994,1
1423,127,20.937181,9840,2021-06-28 16:34:10,52.201656,6
1424,724,21.027585,9841,2021-06-28 16:34:13,52.067329,02
1425,127,20.926615,9843,2021-06-28 16:34:17,52.203365,7
1426,127,21.022713,9845,2021-06-28 16:34:15,52.244839,3
1427,Z10,20.912022,9846,2021-06-28 16:34:09,52.250862,6
1428,Z10,20.913607,9847,2021-06-28 16:34:06,52.237278,4
1429,109,20.950296,9849,2021-06-28 16:33:37,52.229607,6
1430,109,21.000124,9851,2021-06-28 16:34:09,52.230213,5
1431,109,21.035582,9852,2021-06-28 16:34:13,52.22258,4
1432,109,20.91865,9853,2021-06-28 16:34:16,52.239822,1
1433,127,20.942692,9854,2021-06-28 16:34:15,52.20578,335
1434,186,20.975536,9901,2021-06-28 16:34:13,52.278137,1
1435,210,20.897413,9902,2021-06-28 16:34:12,52.28439,5
1436,140,21.052763,9903,2021-06-28 16:34:16,52.276768,04
1437,520,21.015553,9905,2021-06-28 16:34:16,52.220531,011
1438,520,21.00214,9906,2021-06-28 16:34:12,52.243103,3
1439,140,21.121519,9907,2021-06-28 16:34:15,52.361862,08
1440,140,21.096586,9908,2021-06-28 16:34:15,52.312504,09
1441,140,21.063442,9909,2021-06-28 16:34:16,52.272842,2
1442,719,20.649572,9912,2021-06-28 16:34:14,52.262974,05
1443,520,21.108595,9913,2021-06-28 16:34:15,52.233414,08
1444,520,21.134903,9914,2021-06-28 16:34:14,52.241482,09
1445,520,21.087479,9915,2021-06-28 16:34:17,52.236244,6
1446,520,21.001543,9916,2021-06-28 16:34:09,52.244587,4
1447,193,21.03688,9918,2021-06-28 16:34:13,52.161926,2
1448,193,21.03804,9919,2021-06-28 16:34:15,52.172977,3
1449,140,21.066444,9920,2021-06-28 16:34:16,52.27636,05
1450,140,21.120153,9921,2021-06-28 16:34:16,52.341518,06
1451,520,21.011606,9922,2021-06-28 16:34:12,52.230495,5
1452,193,20.999886,9923,2021-06-28 16:34:12,52.169174,4
1453,140,21.111208,9924,2021-06-28 16:34:13,52.360886,07
1454,193,21.044043,9926,2021-06-28 16:34:16,52.156326,1
1455,520,21.036823,9927,2021-06-28 16:34:14,52.222263,010
1456,140,21.095642,9928,2021-06-28 16:34:16,52.311775,3
1457,186,20.950714,9929,2021-06-28 16:34:14,52.260132,12
1458,193,20.995413,9930,2021-06-28 16:34:15,52.170231,5
1459,186,20.976337,9932,2021-06-28 16:34:14,52.315575,4
1460,520,21.038494,9933,2021-06-28 16:34:13,52.22266,2
1461,186,20.966915,9934,2021-06-28 16:34:13,52.318985,2
1462,520,21.139202,9935,2021-06-28 16:34:14,52.237377,1
1463,186,20.957232,9936,2021-06-28 16:34:17,52.248234,6
1464,520,21.156408,9937,2021-06-28 16:34:12,52.240364,7
1465,186,20.956413,9940,2021-06-28 16:34:15,52.316658,3
1466,186,20.961388,9941,2021-06-28 16:34:16,52.216431,8
1467,210,20.802277,9942,2021-06-28 16:34:12,52.295258,4
1468,109,20.955908,9943,2021-06-28 16:34:12,52.22802,2
1469,186,20.965094,9945,2021-06-28 16:34:15,52.215191,9
1470,210,20.813328,9946,2021-06-28 16:34:15,52.312321,3
1471,109,21.002794,9948,2021-06-28 16:34:14,52.233482,3
1472,210,20.928295,9949,2021-06-28 16:34:16,52.290989,1
1473,210,20.874403,9950,2021-06-28 16:34:12,52.287579,2
1474,186,20.976946,9951,2021-06-28 16:34:17,52.278561,5
1475,186,20.967043,9953,2021-06-28 16:34:12,52.207428,67
1476,140,21.081064,9954,2021-06-28 16:34:13,52.293739,1
1477,o97B,21.423098,9999,2021-06-28 14:27:55,50.302967,7
