,Lines,Lon,VehicleNumber,Time,Lat,Brigade
0,213,21.2208978,1001,2021-06-28 17:53:18,52.1627181,1
1,213,21.1064003,1003,2021-06-28 17:53:27,52.2121341,05
2,213,21.2233198,1004,2021-06-28 17:53:29,52.1823258,3
3,196,21.1697346,1005,2021-06-28 17:53:27,52.2641338,2
4,196,21.177371,1008,2021-06-28 17:53:19,52.256908,03
5,213,21.188693,1009,2021-06-28 17:53:32,52.149859,4
6,213,21.0892366,1010,2021-06-28 17:53:24,52.2201506,2
7,311,21.0906186,1012,2021-06-28 17:53:27,52.2221143,1
8,196,21.176281,1014,2021-06-28 17:53:28,52.256841,1
9,311,21.0775023,1015,2021-06-28 17:53:21,52.2415453,2
10,365,21.024673,1021,2021-06-28 17:53:31,52.179409,01
11,107,21.045916,1023,2021-06-28 17:53:32,52.215313,3
12,163,21.085924,1025,2021-06-28 17:53:32,52.182896,2
13,107,20.979816,1026,2021-06-28 17:53:30,52.244831,5
14,108,21.022842,1027,2021-06-28 17:53:31,52.228924,1
15,108,21.058847,1028,2021-06-28 17:53:32,52.183762,5
16,108,21.068436,1029,2021-06-28 17:53:31,52.212471,6
17,365,21.020922,1031,2021-06-28 17:53:29,52.17947,02
18,108,21.0238367,1033,2021-06-28 17:53:30,52.1797104,4
19,163,21.086452,1034,2021-06-28 17:53:32,52.160309,1
20,192,21.0693876,1037,2021-06-28 17:53:31,52.1390745,7
21,108,21.044618,1038,2021-06-28 17:53:13,52.175849,3
22,365,20.9967281,1039,2021-06-28 17:53:32,52.1698227,03
23,107,20.979218,1040,2021-06-28 17:53:22,52.244473,6
24,107,21.048671,1042,2021-06-28 17:53:28,52.202473,2
25,107,21.000123,1043,2021-06-28 17:53:31,52.245623,07
26,107,21.010628,1045,2021-06-28 17:53:20,52.235906,4
27,204,21.052738,1046,2021-06-28 17:53:19,52.324668,05
28,204,21.033093,1047,2021-06-28 17:53:14,52.297011,1
29,204,21.023068,1048,2021-06-28 17:53:15,52.277275,04
30,228,20.923201,1050,2021-06-28 17:53:20,52.213618,1
31,228,20.892986,1051,2021-06-28 17:53:29,52.20035,2
32,328,20.994775,1052,2021-06-28 17:53:22,52.150854,01
33,129,20.939553,1053,2021-06-28 17:53:18,52.245973,4
34,228,20.981394,1054,2021-06-28 17:53:28,52.190993,3
35,129,20.922046,1055,2021-06-28 17:53:16,52.209073,3
36,328,20.958306,1058,2021-06-28 17:53:24,52.198276,02
37,129,20.921603,1059,2021-06-28 17:53:19,52.232075,1
38,328,20.9791679,1061,2021-06-28 17:53:32,52.169762,03
39,192,21.0234829,1062,2021-06-28 17:53:32,52.1800532,51
40,192,21.057867,1064,2021-06-28 17:53:33,52.139248,2
41,163,21.0839977,1065,2021-06-28 17:53:32,52.1677522,04
42,107,21.018459,1066,2021-06-28 17:53:32,52.226917,1
43,163,21.087236,1068,2021-06-28 17:53:31,52.18235,3
44,192,21.0243479,1069,2021-06-28 17:53:32,52.1799077,4
45,163,21.048992,1070,2021-06-28 17:53:31,52.178307,05
46,192,21.042509,1074,2021-06-28 17:53:30,52.154972,6
47,108,21.0463537,1076,2021-06-28 17:53:32,52.2148826,2
48,192,21.034277,1077,2021-06-28 17:53:32,52.150589,3
49,192,21.0685646,1079,2021-06-28 17:53:32,52.1291334,1
50,736,21.0186015,1101,2021-06-28 17:53:18,52.3184345,02
51,132,20.9686981,1109,2021-06-28 17:53:28,52.2719771,2
52,303,20.9347846,1112,2021-06-28 17:53:30,52.304849,3
53,147,21.1368388,1113,2021-06-28 17:53:28,52.1968231,06
54,152,20.967414,1114,2021-06-28 17:53:15,52.32865,06
55,166,21.0293805,1115,2021-06-28 17:53:18,52.2087271,09
56,132,21.0666528,1116,2021-06-28 17:53:24,52.3242413,3
57,122,20.9832133,1117,2021-06-28 17:53:25,52.2824433,09
58,197,20.8796368,1118,2021-06-28 17:53:27,52.1983553,7
59,126,20.9691113,1119,2021-06-28 17:53:28,52.3258206,3
60,168,20.995415,1200,2021-06-28 17:53:31,52.191414,2
61,119,21.021576,1202,2021-06-28 17:53:32,52.210754,1
62,178,20.930283,1203,2021-06-28 17:53:32,52.202648,2
63,178,20.960876,1204,2021-06-28 17:53:32,52.219582,5
64,168,21.084038,1205,2021-06-28 17:53:33,52.207226,6
65,166,21.027078,1206,2021-06-28 17:53:24,52.260038,1
66,166,21.075028,1208,2021-06-28 17:53:30,52.1339895,5
67,222,21.0048871,1211,2021-06-28 17:53:31,52.2449026,4
68,174,20.9953264,1212,2021-06-28 17:53:32,52.1701971,371
69,174,21.008438,1213,2021-06-28 17:53:33,52.171257,3
70,218,21.023735,1214,2021-06-28 17:53:29,52.179909,5
71,166,21.050972,1216,2021-06-28 17:53:31,52.159462,7
72,168,21.113392,1218,2021-06-28 17:53:32,52.233543,5
73,119,21.203922,1220,2021-06-28 17:53:32,52.209595,5
74,122,20.919444,1400,2021-06-28 17:53:22,52.2573298,012
75,121,20.9231553,1401,2021-06-28 17:53:31,52.2802911,04
76,134,20.9681783,1403,2021-06-28 17:53:31,52.2717656,1
77,110,20.937349,1407,2021-06-28 17:53:20,52.278156,05
78,240,21.077993,1408,2021-06-28 17:53:23,52.322398,4
79,173,21.052809,1411,2021-06-28 17:52:37,52.250355,5
80,117,21.005087,1412,2021-06-28 17:53:31,52.229633,1
81,702,21.2013314,1413,2021-06-28 17:53:32,52.1230861,2
82,168,20.995748,1415,2021-06-28 17:53:31,52.1888715,1
83,202,21.0482604,1416,2021-06-28 17:53:32,52.2474321,04
84,183,21.0869151,1418,2021-06-28 17:53:32,52.2447574,6
85,147,21.090162,1419,2021-06-28 17:53:32,52.219765,2
86,199,21.178238,1422,2021-06-28 17:53:32,52.268497,4
87,198,21.243252,1423,2021-06-28 17:53:32,52.221413,05
88,173,21.052887,1424,2021-06-28 17:53:32,52.250458,6
89,115,21.1916515,1425,2021-06-28 17:53:32,52.1819034,4
90,173,21.1421949,1426,2021-06-28 17:53:32,52.2372994,8
91,147,21.044504,1427,2021-06-28 17:53:32,52.237225,4
92,146,21.052691,1428,2021-06-28 17:53:31,52.250401,2
93,142,21.0881,1430,2021-06-28 17:53:17,52.244768,06
94,L41,20.879417,14422,2021-06-28 17:53:26,52.390583,1
95,L10,20.945263,14423,2021-06-28 17:51:46,52.437904,1
96,L11,20.893873,14424,2021-06-28 17:53:27,52.462101,1
97,L10,20.934181,14425,2021-06-28 17:53:27,52.397526,50
98,L-8,20.945215,14426,2021-06-28 14:51:54,52.437912,1
99,L41,20.839432,14427,2021-06-28 17:53:30,52.398384,02
100,L11,20.943789,14429,2021-06-28 17:53:27,52.399017,57
101,L34,20.847353,14430,2021-06-28 17:01:01,52.441017,2
102,L34,20.914948,14431,2021-06-28 17:53:30,52.410542,1
103,L11,20.831705,14432,2021-06-28 17:53:26,52.438709,51
104,L-8,20.942926,14434,2021-06-28 17:53:31,52.39888,02
105,L-8,21.0905,14435,2021-06-28 17:53:33,52.414871,1
106,L49,20.884785,14436,2021-06-28 17:53:26,52.411343,1
107,L31,21.101763,14438,2021-06-28 17:53:25,52.441967,1
108,L-9,20.965916,14439,2021-06-28 17:53:31,52.417068,054
109,L-9,20.949356,14440,2021-06-28 17:51:53,52.470913,055
110,134,21.061671,1500,2021-06-28 17:53:15,52.361798,04
111,134,21.0589505,1501,2021-06-28 17:53:29,52.3065765,3
112,110,20.9533953,1502,2021-06-28 17:53:08,52.276266,2
113,240,21.118807,1505,2021-06-28 17:53:27,52.3382581,06
114,132,20.9759105,1506,2021-06-28 17:53:26,52.2782168,07
115,134,21.0481806,1507,2021-06-28 17:53:26,52.3272731,2
116,126,21.0568051,1508,2021-06-28 17:53:26,52.3018786,5
117,132,21.033943,1509,2021-06-28 17:53:25,52.299831,05
118,166,21.07239,1510,2021-06-28 17:53:21,52.1365453,6
119,126,21.0315846,1513,2021-06-28 17:53:31,52.2886215,4
120,197,20.8626438,1514,2021-06-28 17:53:26,52.1902686,6
121,197,20.9188681,1515,2021-06-28 17:53:24,52.2207968,8
122,121,20.9635871,1516,2021-06-28 17:53:28,52.2752998,1
123,173,21.241683,1519,2021-06-28 17:53:20,52.216593,10
124,202,21.118116,1521,2021-06-28 17:53:14,52.244256,07
125,202,21.128624,1522,2021-06-28 17:53:17,52.240238,3
126,146,21.175371,1523,2021-06-28 17:53:16,52.157726,08
127,730,21.1286833,1524,2021-06-28 17:53:12,52.23352,052
128,119,21.112989,1525,2021-06-28 17:53:30,52.205201,06
129,147,21.222466,1526,2021-06-28 17:53:17,52.217836,09
130,198,21.243218,1528,2021-06-28 17:53:16,52.221506,3
131,702,21.092719,1530,2021-06-28 17:53:32,52.244383,03
132,198,21.22423,1531,2021-06-28 17:53:26,52.21762,2
133,115,21.170269,1533,2021-06-28 17:53:18,52.277073,2
134,142,21.12887,1534,2021-06-28 17:53:30,52.2334667,07
135,198,21.2230017,1535,2021-06-28 17:53:22,52.245685,1
136,106,21.020566,1537,2021-06-28 17:53:19,52.243156,4
137,170,21.083533,1538,2021-06-28 17:53:28,52.272208,4
138,120,21.061489,1539,2021-06-28 17:53:21,52.361894,1
139,199,21.163276,1540,2021-06-28 17:53:30,52.260481,1
140,156,21.052018,1541,2021-06-28 17:53:19,52.253011,1
141,170,21.0370417,1542,2021-06-28 17:53:24,52.25689,1
142,156,20.935736,1543,2021-06-28 17:53:25,52.287898,3
143,338,21.053213,1544,2021-06-28 17:53:29,52.260321,01
144,122,20.9829883,1546,2021-06-28 17:53:18,52.2727967,013
145,338,21.100818,1548,2021-06-28 17:53:16,52.260598,04
146,199,21.053003,1549,2021-06-28 17:53:16,52.276351,2
147,170,21.061188,1550,2021-06-28 17:53:13,52.262841,3
148,240,21.041295,1551,2021-06-28 17:53:07,52.284995,3
149,221,20.993993,1552,2021-06-28 17:53:28,52.259463,2
150,106,21.027895,1554,2021-06-28 17:53:24,52.2380733,06
151,L-4,20.876493,17451,2021-06-28 17:53:27,52.077347,1
152,L26,21.158855,17452,2021-06-28 17:53:29,52.315468,02
153,L37,21.217834,17453,2021-06-28 17:30:49,52.31118,1
154,L40,21.241701,17454,2021-06-28 17:42:52,52.347198,1
155,L36,21.23654,17456,2021-06-28 17:53:30,52.336491,1
156,L35,21.324638,17458,2021-06-28 17:53:31,52.366608,1
157,L26,21.193213,17460,2021-06-28 17:53:34,52.339207,1
158,L46,21.104525,17461,2021-06-28 17:53:31,52.32251,1
159,L43,21.155941,17462,2021-06-28 17:53:17,52.307678,1
160,L45,21.154514,17464,2021-06-28 17:53:31,52.384953,02
161,L45,21.100935,17465,2021-06-28 17:53:31,52.318199,1
162,L38,21.250074,17466,2021-06-28 17:53:28,52.344872,1
163,L37,21.227041,17467,2021-06-28 17:53:28,52.347763,2
164,L40,21.094204,17468,2021-06-28 17:53:29,52.328278,02
165,197,20.9419666,1800,2021-06-28 17:53:26,52.2261838,4
166,110,20.8834106,1801,2021-06-28 17:53:27,52.3189196,4
167,132,21.0748595,1802,2021-06-28 17:53:25,52.322274,1
168,166,21.0506541,1803,2021-06-28 17:53:29,52.2403071,8
169,122,20.933398,1804,2021-06-28 17:53:21,52.270481,5
170,173,21.094796,1805,2021-06-28 17:53:30,52.2439186,4
171,204,21.060341,1806,2021-06-28 17:53:30,52.3152186,3
172,122,20.8986628,1807,2021-06-28 17:53:21,52.2386511,4
173,303,20.9407036,1808,2021-06-28 17:53:26,52.2843166,1
174,147,21.2309095,1809,2021-06-28 17:53:26,52.2164881,1
175,166,21.0361523,1810,2021-06-28 17:53:29,52.2535315,2
176,152,21.043346,1811,2021-06-28 10:10:53,52.266126,06
177,204,21.0310688,1812,2021-06-28 17:53:26,52.2884461,2
178,736,21.0155976,1813,2021-06-28 17:53:30,52.3862308,1
179,147,21.048518,1814,2021-06-28 17:53:28,52.237403,07
180,240,21.0007866,1815,2021-06-28 17:53:28,52.2913503,2
181,197,20.9445606,1817,2021-06-28 17:53:24,52.243052,9
182,240,21.0402963,1818,2021-06-28 17:53:25,52.28635,05
183,221,20.9907125,1819,2021-06-28 17:53:27,52.2603421,1
184,117,21.014074,1823,2021-06-28 17:53:20,52.230246,05
185,146,21.2047188,1826,2021-06-28 17:53:31,52.1594945,4
186,183,21.1895945,1828,2021-06-28 17:53:21,52.2446863,3
187,147,21.1404975,1829,2021-06-28 17:53:24,52.1979716,5
188,722,21.261203,1830,2021-06-28 17:53:30,52.2107428,1
189,147,21.1169918,1832,2021-06-28 09:25:20,52.2330478,09
190,146,21.1342291,1833,2021-06-28 17:53:27,52.1825435,5
191,202,21.116848,1834,2021-06-28 09:35:30,52.233074,04
192,115,21.1835218,1835,2021-06-28 17:53:27,52.246118,3
193,168,21.0011473,1837,2021-06-28 17:53:25,52.1980566,07
194,183,21.127236,1839,2021-06-28 17:53:22,52.234295,1
195,202,21.0418813,1840,2021-06-28 17:53:26,52.242029,05
196,146,21.055839,1842,2021-06-28 17:53:27,52.231308,07
197,183,21.176275,1843,2021-06-28 17:53:20,52.249673,2
198,119,21.034218,1844,2021-06-28 17:53:17,52.2030323,3
199,115,21.242056,1846,2021-06-28 17:53:27,52.169946,5
200,730,21.3779695,1847,2021-06-28 17:53:28,52.1994393,61
201,119,21.195631,1848,2021-06-28 17:53:14,52.2077435,4
202,173,21.2239641,1849,2021-06-28 17:53:29,52.2504951,9
203,183,21.1351936,1850,2021-06-28 17:53:26,52.2415041,4
204,173,21.2431641,1851,2021-06-28 17:53:24,52.2232568,1
205,722,21.2888313,1854,2021-06-28 17:53:28,52.1804655,53
206,147,21.0522195,1855,2021-06-28 17:53:28,52.2501955,3
207,146,21.0458823,1856,2021-06-28 17:53:22,52.2483148,1
208,117,21.0665561,1857,2021-06-28 17:53:04,52.2244175,2
209,115,21.158036,1858,2021-06-28 17:53:23,52.25742,1
210,146,21.2022771,1859,2021-06-28 17:53:22,52.1588633,09
211,115,21.1671881,1860,2021-06-28 17:53:30,52.2110305,6
212,119,21.0003996,1862,2021-06-28 17:53:24,52.2063688,2
213,173,21.1362718,1863,2021-06-28 17:53:29,52.2412331,3
214,146,21.1191021,1866,2021-06-28 17:53:27,52.1983721,3
215,183,21.0872018,1867,2021-06-28 17:53:24,52.2447378,5
216,147,21.0911295,1869,2021-06-28 17:53:27,52.2196858,08
217,251,21.107056,1903,2021-06-28 17:53:24,52.116196,53
218,168,21.0211657,1904,2021-06-28 17:53:27,52.2097872,09
219,739,21.0397331,1905,2021-06-28 17:53:22,52.0805712,07
220,251,20.9952852,1906,2021-06-28 17:53:24,52.1858114,52
221,251,21.043198,1907,2021-06-28 17:53:12,52.175294,54
222,178,20.943832,1908,2021-06-28 17:53:28,52.192979,012
223,222,21.018314,1909,2021-06-28 17:53:30,52.2124779,2
224,222,21.0232255,1910,2021-06-28 17:53:28,52.2275169,5
225,139,21.111065,1911,2021-06-28 17:53:31,52.105331,56
226,222,21.001949,1912,2021-06-28 17:53:28,52.188892,6
227,251,21.1353087,1914,2021-06-28 17:53:32,52.0975974,51
228,222,21.005028,1916,2021-06-28 17:53:30,52.244728,3
229,139,21.024405,1917,2021-06-28 17:53:31,52.179665,52
230,739,21.018291,1918,2021-06-28 17:53:30,52.115101,08
231,139,21.045328,1919,2021-06-28 17:53:31,52.175083,55
232,222,20.995903,1920,2021-06-28 17:53:29,52.193432,1
233,178,20.979631,1991,2021-06-28 17:53:32,52.229355,010
234,178,20.883505,1993,2021-06-28 17:53:31,52.195343,1
235,168,21.09304,1994,2021-06-28 17:53:31,52.226318,08
236,178,21.003767,1995,2021-06-28 17:53:32,52.250374,3
237,178,20.893917,1996,2021-06-28 17:53:32,52.182529,6
238,178,21.005699,1998,2021-06-28 17:53:31,52.249001,4
239,178,20.9586901,1999,2021-06-28 17:53:32,52.2218299,013
240,105,20.9843652,2001,2021-06-28 17:53:32,52.2306872,1
241,136,20.9645736,2003,2021-06-28 17:53:32,52.2154847,6
242,Z10,20.9170615,2006,2021-06-28 17:53:31,52.2216602,3
243,188,21.007822,2007,2021-06-28 17:53:32,52.217453,09
244,517,20.8619124,2008,2021-06-28 17:53:30,52.1908287,07
245,191,20.9294237,2009,2021-06-28 17:53:31,52.2028167,3
246,184,20.9445604,2010,2021-06-28 17:53:32,52.2432932,4
247,124,20.964922,2011,2021-06-28 17:53:32,52.151817,03
248,401,21.0266047,2013,2021-06-28 17:53:28,52.1703486,1
249,182,21.003401,2014,2021-06-28 17:53:30,52.217106,012
250,171,20.9234667,2015,2021-06-28 17:53:32,52.274612,1
251,401,20.8617389,2016,2021-06-28 17:53:31,52.1906104,011
252,190,21.0662991,2019,2021-06-28 17:53:31,52.2760399,014
253,191,20.9368537,2020,2021-06-28 17:53:31,52.2015524,7
254,401,20.862116,2021,2021-06-28 17:53:31,52.190399,5
255,522,21.035252,2022,2021-06-28 17:53:32,52.20174,013
256,193,21.0500592,2023,2021-06-28 17:53:31,52.1606431,06
257,189,20.9759182,2024,2021-06-28 17:53:32,52.1845891,14
258,401,21.0194287,2026,2021-06-28 17:53:32,52.1735314,8
259,522,21.056335,2027,2021-06-28 17:53:32,52.181137,318
260,519,21.013258,2028,2021-06-28 17:53:32,52.227665,3
261,501,21.0157904,2029,2021-06-28 17:53:31,52.2223069,3
262,189,20.896229,2030,2021-06-28 17:53:32,52.239727,9
263,131,21.0688369,2032,2021-06-28 17:53:31,52.1815529,10
264,522,21.056721,2033,2021-06-28 17:53:32,52.181252,07
265,189,20.89706,2035,2021-06-28 17:53:31,52.228882,12
266,519,21.047714,2036,2021-06-28 17:53:31,52.189674,5
267,501,21.02198,2037,2021-06-28 17:53:33,52.211235,5
268,138,21.009621,2038,2021-06-28 17:53:31,52.203278,010
269,501,21.042978,2040,2021-06-28 17:53:32,52.193794,2
270,189,20.9080849,2041,2021-06-28 17:53:32,52.2284609,8
271,138,21.088493,2042,2021-06-28 17:53:29,52.261909,012
272,401,20.9014707,2044,2021-06-28 17:53:30,52.1943527,012
273,172,20.9603431,2045,2021-06-28 17:53:31,52.2158787,010
274,172,20.955559,2200,2021-06-28 17:53:32,52.211823,4
275,523,21.074654,2201,2021-06-28 17:53:32,52.232613,14
276,187,21.050461,2202,2021-06-28 17:53:32,52.19928,3
277,136,21.0401587,2203,2021-06-28 17:53:32,52.149111,1
278,Z10,20.914867,2204,2021-06-28 17:53:31,52.231033,010
279,171,20.9203916,2205,2021-06-28 17:53:31,52.2645689,011
280,189,20.8988654,2207,2021-06-28 17:53:32,52.2387624,10
281,190,20.914402,2209,2021-06-28 17:53:32,52.236153,8
282,172,21.012594,2210,2021-06-28 17:53:31,52.195938,2
283,122,20.976418,2212,2021-06-28 17:53:32,52.289867,6
284,122,20.8983675,2213,2021-06-28 17:53:32,52.2520926,07
285,136,21.056095,2215,2021-06-28 17:53:32,52.147663,11
286,190,20.918831,2216,2021-06-28 17:53:32,52.196857,018
287,401,20.8674627,2217,2021-06-28 17:53:31,52.1951452,09
288,Z10,20.911491,2218,2021-06-28 17:53:29,52.246708,5
289,148,21.0413,2221,2021-06-28 17:53:32,52.147297,8
290,523,21.0292914,2222,2021-06-28 17:53:32,52.2203169,1
291,191,20.87039,2223,2021-06-28 17:53:32,52.18364,9
292,189,21.068918,2224,2021-06-28 17:53:32,52.181339,2
293,191,20.98257,2225,2021-06-28 17:53:32,52.217653,5
294,517,20.9480664,2226,2021-06-28 17:53:31,52.2090344,3
295,136,21.0559345,2231,2021-06-28 17:53:32,52.1475446,013
296,189,20.897587,2232,2021-06-28 17:53:32,52.239449,11
297,317,20.943804,2233,2021-06-28 17:53:32,52.175598,08
298,Z10,20.91254,2235,2021-06-28 17:53:32,52.241524,011
299,317,21.0444314,2236,2021-06-28 17:53:32,52.1747635,4
300,187,21.048239,2240,2021-06-28 17:53:32,52.178242,2
301,136,21.0211491,2241,2021-06-28 17:53:32,52.1610467,9
302,191,20.891882,2243,2021-06-28 17:53:31,52.190727,1
303,171,21.0090086,2244,2021-06-28 17:53:32,52.2349396,4
304,Z10,20.913075,2245,2021-06-28 17:53:32,52.2386585,9
305,717,20.897732,2247,2021-06-28 17:53:26,52.183907,3
306,317,21.0270281,2249,2021-06-28 17:53:32,52.1734216,06
307,189,21.019356,2252,2021-06-28 17:53:32,52.173393,4
308,112,20.9481686,2253,2021-06-28 17:53:32,52.2770106,2
309,191,20.976604,2254,2021-06-28 17:53:32,52.211506,010
310,141,21.0242722,2256,2021-06-28 17:53:32,52.1980446,013
311,172,21.0454427,2257,2021-06-28 17:53:31,52.1918029,7
312,317,20.944262,2258,2021-06-28 17:53:32,52.175434,1
313,187,21.001761,2259,2021-06-28 17:53:32,52.2169956,4
314,L48,21.303106,23481,2021-06-28 04:38:21,52.203297,1
315,L47,21.295115,23482,2021-06-28 17:53:33,52.244171,02
316,L47,21.314686,23483,2021-06-28 17:53:30,52.245789,1
317,L20,21.367615,24511,2021-06-28 17:53:29,52.120377,1
318,L20,21.471601,24512,2021-06-28 13:52:17,52.132278,1
319,L20,21.301149,24513,2021-06-28 17:53:29,52.105671,03
320,L20,21.471657,24515,2021-06-28 17:31:13,52.132061,2
321,245,21.0529156,3400,2021-06-28 17:53:28,52.2765006,2
322,112,21.091616,3401,2021-06-28 17:53:18,52.306718,018
323,412,21.0699678,3403,2021-06-28 17:53:29,52.280265,01
324,112,21.003426,3404,2021-06-28 17:53:13,52.290444,7
325,412,21.067383,3405,2021-06-28 17:52:53,52.322904,05
326,500,21.0417058,3406,2021-06-28 17:53:29,52.3002885,08
327,500,21.0420448,3408,2021-06-28 17:53:29,52.3002538,2
328,245,21.0571921,3410,2021-06-28 17:53:31,52.274814,05
329,114,20.917166,3411,2021-06-28 17:53:20,52.313023,011
330,500,21.0409238,3413,2021-06-28 17:53:28,52.2850811,1
331,190,21.069214,3414,2021-06-28 17:53:28,52.279404,027
332,114,21.041883,3415,2021-06-28 17:53:29,52.3001918,09
333,114,20.939613,3416,2021-06-28 17:53:28,52.2746546,010
334,738,21.0527181,3417,2021-06-28 17:53:31,52.2766213,3
335,738,21.0867303,3418,2021-06-28 17:53:28,52.300856,4
336,190,21.0145785,3421,2021-06-28 17:53:23,52.2467983,021
337,500,21.019848,3422,2021-06-28 17:53:22,52.263114,4
338,185,21.040135,3423,2021-06-28 17:53:31,52.170105,10
339,512,21.0608663,3424,2021-06-28 17:53:21,52.2693513,2
340,512,21.049512,3426,2021-06-28 17:53:26,52.2860378,3
341,169,21.042853,3427,2021-06-28 17:53:28,52.273189,2
342,185,21.0388471,3428,2021-06-28 17:53:28,52.142415,7
343,500,20.982485,3429,2021-06-28 17:53:33,52.2531883,6
344,169,21.0418368,3430,2021-06-28 17:53:30,52.3000665,3
345,112,20.960821,3431,2021-06-28 17:53:19,52.27568,3
346,Z26,21.000699,3432,2021-06-28 17:53:27,52.2443614,1
347,Z26,21.035783,3434,2021-06-28 17:53:23,52.25614,6
348,175,20.9777888,3435,2021-06-28 17:53:30,52.1695461,55
349,509,21.0147498,3437,2021-06-28 17:53:28,52.2742613,5
350,132,20.9653301,3438,2021-06-28 17:53:30,52.2727185,06
351,738,21.1814156,3439,2021-06-28 17:53:30,52.4171695,1
352,414,21.042338,3440,2021-06-28 17:53:13,52.296721,07
353,512,21.04983,3441,2021-06-28 17:53:14,52.252936,5
354,500,21.0272476,3442,2021-06-28 17:53:21,52.2659548,7
355,509,21.0511278,3443,2021-06-28 17:53:24,52.2393583,11
356,245,21.110048,3444,2021-06-28 17:53:26,52.2841398,04
357,145,21.1019186,3445,2021-06-28 17:53:27,52.2859311,8
358,509,20.9840371,3446,2021-06-28 17:53:30,52.3071433,14
359,162,21.0338235,3447,2021-06-28 17:53:27,52.2589648,6
360,190,20.9509718,3448,2021-06-28 17:53:27,52.2384696,2
361,112,20.9339703,3449,2021-06-28 17:53:29,52.2708361,9
362,112,20.882928,3450,2021-06-28 17:53:27,52.214816,12
363,114,21.043474,3451,2021-06-28 09:14:51,52.2654126,09
364,145,21.127176,3452,2021-06-28 17:53:21,52.257171,015
365,527,21.0602476,3453,2021-06-28 17:53:31,52.3053758,2
366,190,20.9128208,3454,2021-06-28 17:53:30,52.2288891,1
367,145,21.1081856,3455,2021-06-28 17:53:25,52.2411063,5
368,509,21.0209421,3458,2021-06-28 17:53:25,52.2654511,355
369,245,21.0868848,3459,2021-06-28 17:53:26,52.2864511,1
370,190,21.002216,3460,2021-06-28 17:53:24,52.244616,022
371,114,20.972249,3462,2021-06-28 17:53:24,52.264521,2
372,190,21.0153435,3463,2021-06-28 17:53:28,52.246854,6
373,500,20.9821813,3464,2021-06-28 17:53:28,52.2532376,5
374,114,20.9921196,3465,2021-06-28 17:53:27,52.270647,6
375,112,20.882783,3466,2021-06-28 17:53:24,52.2150006,1
376,509,21.0924306,3467,2021-06-28 17:53:28,52.2250111,022
377,245,21.1085186,3468,2021-06-28 17:53:30,52.2863338,03
378,114,20.9280826,3469,2021-06-28 17:53:30,52.2843951,7
379,L17,21.006035,36442,2021-06-28 17:53:27,52.017323,02
380,L19,21.029413,36443,2021-06-28 17:49:33,52.07513,1
381,L17,21.029562,36444,2021-06-28 17:53:32,52.074612,1
382,L19,21.049023,36445,2021-06-28 17:53:28,51.989822,02
383,L30,21.153576,36446,2021-06-28 17:53:19,51.943295,1
384,L28,21.119738,36447,2021-06-28 17:53:31,52.084129,1
385,L30,21.15457,36448,2021-06-28 17:53:31,51.958611,02
386,L42,21.116163,37531,2021-06-28 17:53:30,52.102642,52
387,L21,21.175648,37533,2021-06-28 17:53:21,52.054482,1
388,L16,21.158482,37534,2021-06-28 17:53:29,52.122307,1
389,L14,21.20191,37535,2021-06-28 17:53:32,52.07972,1
390,L15,21.12188,37536,2021-06-28 17:53:30,52.09013,51
391,L39,21.040825,38541,2021-06-28 17:53:31,52.103279,4
392,L23,21.029324,38544,2021-06-28 17:53:28,52.075462,052
393,L39,21.02434,38545,2021-06-28 17:53:32,52.061977,3
394,L32,21.092947,38546,2021-06-28 17:53:25,52.085361,1
395,L39,21.004555,38547,2021-06-28 05:46:58,52.110222,1
396,L39,21.03462,38548,2021-06-28 17:53:27,52.076443,2
397,L23,21.029411,38549,2021-06-28 17:24:02,52.074871,51
398,L52,20.987133,38550,2021-06-28 17:53:33,52.006577,1
399,L-2,20.954702,39551,2021-06-28 17:53:34,52.019974,062
400,L-2,21.020853,39552,2021-06-28 17:53:29,52.066376,063
401,L25,21.056723,39554,2021-06-28 17:53:31,52.054417,02
402,L25,21.119473,39555,2021-06-28 17:53:31,51.979492,1
403,L12,21.029545,39556,2021-06-28 17:53:29,52.074898,061
404,L12,21.029333,39557,2021-06-28 17:53:29,52.075588,64
405,L12,20.910168,39558,2021-06-28 17:53:31,52.027363,65
406,L13,20.988995,39560,2021-06-28 17:53:33,52.048607,1
407,L13,21.219547,39561,2021-06-28 17:53:33,51.979153,03
408,L13,21.002718,39562,2021-06-28 17:53:33,52.052864,2
409,L-5,20.961435,39565,2021-06-28 17:53:33,52.066681,1
410,255,20.931068,4200,2021-06-28 17:53:32,52.225227,2
411,703,20.8516496,4202,2021-06-28 17:53:27,52.1124564,52
412,197,20.956049,4205,2021-06-28 17:53:32,52.283428,2
413,902,20.9223249,4206,2021-06-28 16:30:27,52.1964574,M1
414,255,20.9537655,4207,2021-06-28 17:53:32,52.2278087,03
415,154,20.9645689,4209,2021-06-28 17:53:32,52.2176884,4
416,178,20.896,4210,2021-06-28 17:53:32,52.185673,011
417,154,20.96904,4211,2021-06-28 17:53:32,52.202217,010
418,711,20.800259,4212,2021-06-28 17:53:32,52.091122,063
419,154,20.8975545,4213,2021-06-28 17:53:31,52.2592684,1
420,154,20.961327,4214,2021-06-28 17:53:31,52.216263,8
421,711,20.9434945,4215,2021-06-28 17:53:32,52.1743604,061
422,122,20.8981009,4216,2021-06-28 17:53:32,52.2485866,3
423,197,20.9352224,4217,2021-06-28 17:53:32,52.2587182,3
424,197,20.9756959,4218,2021-06-28 17:53:32,52.289747,1
425,255,20.955374,4219,2021-06-28 17:53:32,52.227795,1
426,197,20.9509375,4221,2021-06-28 17:53:31,52.2719737,10
427,129,20.89315,4224,2021-06-28 17:53:32,52.192802,2
428,121,20.971617,4225,2021-06-28 17:53:29,52.27924,03
429,197,20.871317,4227,2021-06-28 17:53:32,52.205112,5
430,154,20.947968,4228,2021-06-28 17:53:32,52.180176,6
431,902,21.0429927,4229,2021-06-28 17:53:31,52.2441109,M2
432,154,20.968287,4230,2021-06-28 17:53:31,52.201878,7
433,178,20.9089177,4231,2021-06-28 17:53:31,52.19329,9
434,178,20.983797,4232,2021-06-28 17:53:31,52.230133,7
435,714,20.795389,4233,2021-06-28 17:53:33,52.255939,3
436,729,20.8404316,4234,2021-06-28 17:53:31,52.2481002,02
437,714,20.9500875,4235,2021-06-28 17:53:30,52.2386604,2
438,L-3,20.862499,42362,2021-06-28 17:53:30,52.042175,02
439,154,20.9439614,4237,2021-06-28 17:53:32,52.1754859,5
440,154,20.918695,4238,2021-06-28 17:53:30,52.239826,3
441,178,20.935873,4239,2021-06-28 17:53:33,52.201157,8
442,154,20.926016,4240,2021-06-28 17:53:32,52.24078,011
443,714,20.887808,4241,2021-06-28 17:53:32,52.240192,04
444,154,20.897886,4242,2021-06-28 17:53:31,52.256237,2
445,154,20.942743,4243,2021-06-28 17:53:32,52.238972,09
446,901,21.0426794,4244,2021-06-28 17:53:32,52.2215117,1
447,901,21.0031996,4246,2021-06-28 17:53:32,52.2298181,3
448,714,20.922018,4247,2021-06-28 17:53:32,52.240326,1
449,729,20.860579,4248,2021-06-28 17:53:32,52.244438,1
450,121,20.925167,4249,2021-06-28 17:53:32,52.272552,2
451,L-1,21.015352,42494,2021-06-28 17:53:30,52.074192,1
452,L-4,21.0165,42495,2021-06-28 06:12:56,52.098907,2
453,L-3,21.015825,42500,2021-06-28 17:53:28,52.072048,1
454,146,21.0556876,4303,2021-06-28 17:53:27,52.2318143,06
455,119,21.0890902,4304,2021-06-28 17:53:32,52.2120989,07
456,117,21.0502482,4305,2021-06-28 17:53:32,52.2376806,4
457,147,21.0525282,4307,2021-06-28 17:53:32,52.2503374,010
458,142,21.1488529,4308,2021-06-28 17:53:32,52.1803307,08
459,198,21.223655,4309,2021-06-28 17:53:31,52.2537915,04
460,702,21.265036,4312,2021-06-28 17:53:32,52.1038531,1
461,105,16.9750897,4332,2021-06-26 13:35:37,52.5472771,4
462,N72,16.9763326,4333,2021-06-28 15:21:54,52.5456077,215
463,240,21.0931682,4400,2021-06-28 17:53:31,52.3205344,1
464,132,21.06823,4401,2021-06-28 17:53:31,52.32383,09
465,126,20.9449619,4402,2021-06-28 17:53:32,52.3230684,2
466,120,21.0505812,4403,2021-06-28 17:53:32,52.252461,5
467,166,21.023991,4404,2021-06-28 17:53:31,52.224583,3
468,156,21.0432921,4406,2021-06-28 17:53:32,52.2770866,2
469,122,20.934055,4407,2021-06-28 17:53:32,52.270905,010
470,134,20.968267,4408,2021-06-28 17:53:32,52.271908,05
471,106,20.996685,4409,2021-06-28 17:53:32,52.235775,1
472,199,21.095587,4411,2021-06-28 17:53:31,52.294621,3
473,173,21.2043752,4413,2021-06-28 17:53:31,52.2475267,2
474,106,20.970062,4415,2021-06-28 17:53:31,52.231487,2
475,106,20.966022,4416,2021-06-28 17:53:30,52.243595,07
476,170,21.022209,4417,2021-06-28 17:53:31,52.26236,2
477,106,21.001894,4418,2021-06-28 17:53:32,52.237282,3
478,120,21.059059,4419,2021-06-28 17:53:31,52.329037,7
479,901,21.01792,4420,2021-06-28 17:53:31,52.236954,4
480,126,21.003384,4421,2021-06-28 17:53:32,52.311432,1
481,338,21.0272869,4422,2021-06-28 17:53:32,52.2598941,02
482,106,21.016766,4423,2021-06-28 17:53:31,52.23991,5
483,901,21.008627,4424,2021-06-28 17:53:30,52.234943,2
484,156,21.044815,4425,2021-06-28 17:53:31,52.278839,5
485,166,21.045898,4427,2021-06-28 17:53:27,52.164818,4
486,156,20.932894,4428,2021-06-28 17:53:32,52.289726,4
487,303,20.986351,4429,2021-06-28 17:53:32,52.269447,2
488,106,21.027802,4430,2021-06-28 17:53:32,52.23875,08
489,338,21.094954,4434,2021-06-28 17:53:31,52.265457,03
490,122,20.9679101,5200,2021-06-28 17:53:26,52.261622,08
491,171,20.91226,5201,2021-06-28 17:53:28,52.2426139,8
492,517,20.9516814,5202,2021-06-28 17:53:27,52.211885,09
493,523,21.037016,5203,2021-06-28 17:53:22,52.222411,020
494,401,20.977924,5204,2021-06-28 17:53:18,52.184019,013
495,105,20.898891,5205,2021-06-28 17:53:30,52.238796,5
496,131,21.029697,5206,2021-06-28 17:53:23,52.2067811,2
497,182,21.1129962,5207,2021-06-28 17:53:25,52.2360054,011
498,517,20.9749398,5208,2021-06-28 17:53:22,52.2183206,2
499,184,20.963908,5210,2021-06-28 17:53:12,52.208148,2
500,105,20.931081,5211,2021-06-28 17:53:14,52.223608,09
501,523,21.0163536,5212,2021-06-28 17:53:28,52.2170981,015
502,Z10,20.9142354,5213,2021-06-28 17:53:27,52.2366162,1
503,184,20.9730202,5214,2021-06-28 17:53:30,52.2185507,1
504,523,20.898856,5215,2021-06-28 17:53:28,52.258526,7
505,131,21.0496612,5216,2021-06-28 17:53:31,52.2035912,8
506,189,20.9220571,5217,2021-06-28 16:49:01,52.1957361,11
507,122,20.919398,5218,2021-06-28 17:53:11,52.249463,011
508,401,20.8986937,5219,2021-06-28 17:53:24,52.1953889,6
509,124,20.943764,5222,2021-06-28 17:53:28,52.175538,1
510,190,20.9747171,5223,2021-06-28 17:53:24,52.2375813,7
511,517,20.8617693,5224,2021-06-28 17:53:28,52.1908647,4
512,523,20.9174295,5225,2021-06-28 17:53:22,52.239446,6
513,401,20.880103,5226,2021-06-28 17:53:26,52.197523,4
514,189,21.0404346,5227,2021-06-28 17:53:32,52.170809,024
515,124,20.9395238,5228,2021-06-28 17:53:30,52.1723066,2
516,131,21.003785,5229,2021-06-28 17:53:18,52.229268,5
517,523,20.9604657,5230,2021-06-28 17:53:22,52.2166924,016
518,189,20.9156076,5232,2021-06-28 17:53:23,52.2053241,7
519,148,20.9782388,5233,2021-06-28 17:53:26,52.1694417,011
520,105,20.896423,5234,2021-06-28 17:53:16,52.23664,011
521,105,20.8971464,5235,2021-06-28 17:53:22,52.2227829,3
522,517,21.0081386,5236,2021-06-28 17:53:27,52.2351149,1
523,171,21.011366,5237,2021-06-28 17:53:19,52.23098,6
524,401,20.9237969,5238,2021-06-28 17:53:30,52.1971048,7
525,182,21.028398,5239,2021-06-28 17:53:17,52.219906,9
526,184,20.9483361,5240,2021-06-28 17:53:25,52.2385346,3
527,187,20.8620322,5241,2021-06-28 17:53:20,52.1909272,8
528,190,20.914004,5243,2021-06-28 17:53:16,52.2362062,011
529,189,20.9492674,5244,2021-06-28 17:53:28,52.1918675,018
530,105,20.8968002,5245,2021-06-28 17:53:23,52.2334342,6
531,148,21.0999684,5246,2021-06-28 17:53:28,52.2234706,012
532,716,20.9044722,5247,2021-06-28 17:53:12,52.2031041,1
533,141,20.9578015,5248,2021-06-28 17:53:23,52.1894951,7
534,317,20.955082,5249,2021-06-28 17:53:22,52.1858173,2
535,188,20.9877021,5250,2021-06-28 17:53:30,52.2089666,3
536,187,21.0543647,5251,2021-06-28 17:53:26,52.195058,1
537,189,20.9169748,5253,2021-06-28 17:53:28,52.2211772,020
538,401,21.0202012,5254,2021-06-28 17:53:27,52.1731744,010
539,190,21.00262,5255,2021-06-28 17:53:19,52.24475,016
540,148,21.0963396,5256,2021-06-28 17:53:17,52.2327113,1
541,716,20.930198,5257,2021-06-28 17:53:13,52.225068,2
542,188,20.9786387,5258,2021-06-28 17:53:31,52.1687738,4
543,105,20.954481,5260,2021-06-28 17:53:04,52.227631,08
544,723,20.915216,5401,2021-06-28 17:53:31,52.410892,3
545,185,20.9821429,5403,2021-06-28 17:53:30,52.2742704,3
546,145,21.0961032,5404,2021-06-28 17:53:31,52.2436094,4
547,269,21.0493879,5405,2021-06-28 17:53:30,52.2764892,05
548,509,21.01153,5406,2021-06-28 17:53:32,52.278992,13
549,120,21.06706,5407,2021-06-28 17:53:32,52.318172,2
550,527,21.0488339,5408,2021-06-28 17:53:32,52.2764099,054
551,E-9,20.968048,5409,2021-06-28 17:53:24,52.272038,01
552,731,20.99227,5410,2021-06-28 17:53:32,52.30048,1
553,723,20.9426061,5412,2021-06-28 17:53:30,52.3545316,4
554,705,21.069881,5413,2021-06-28 17:53:31,52.474087,66
555,511,20.9650605,5414,2021-06-28 17:53:32,52.3322417,1
556,723,21.0007912,5416,2021-06-28 17:53:31,52.2913306,1
557,E-9,20.9720599,5417,2021-06-28 17:53:32,52.2763557,02
558,511,20.931238,5418,2021-06-28 17:53:29,52.293243,2
559,120,21.046366,5419,2021-06-28 17:53:31,52.273514,3
560,160,21.068531,5420,2021-06-28 17:53:30,52.323009,5
561,511,20.965963,5421,2021-06-28 17:53:30,52.330605,3
562,160,21.05216,5423,2021-06-28 17:53:32,52.292984,012
563,511,20.9426806,5424,2021-06-28 17:53:31,52.3486461,06
564,116,21.0342492,5425,2021-06-28 17:53:33,52.2031557,4
565,116,20.9872199,5426,2021-06-28 17:53:32,52.2680087,11
566,527,21.051352,5428,2021-06-28 17:53:30,52.273987,1
567,731,20.928802,5429,2021-06-28 17:53:29,52.387924,2
568,145,21.0003125,5430,2021-06-28 17:53:30,52.2913737,11
569,160,21.060052,5432,2021-06-28 17:53:32,52.2693154,7
570,414,20.998207,5434,2021-06-28 17:53:28,52.288525,08
571,527,21.0571,5436,2021-06-28 17:53:31,52.3226,3
572,705,21.0930412,5437,2021-06-28 17:53:32,52.4790349,1
573,731,20.9244642,5438,2021-06-28 17:53:29,52.3910679,4
574,738,21.152674,5439,2021-06-28 17:53:31,52.38028,2
575,735,21.031021,5441,2021-06-28 17:53:31,52.428188,64
576,160,21.0025849,5443,2021-06-28 17:53:32,52.2294134,2
577,E-9,20.9674411,5444,2021-06-28 17:53:31,52.2733049,04
578,705,21.048461,5445,2021-06-28 03:52:31,52.264575,65
579,735,21.034735,5446,2021-06-28 17:53:30,52.422752,62
580,114,20.938778,5447,2021-06-28 17:53:25,52.275223,08
581,705,20.96839,5448,2021-06-28 17:53:31,52.271423,63
582,160,21.0023284,5449,2021-06-28 17:53:31,52.2450415,3
583,511,20.9442,5453,2021-06-28 17:53:30,52.2711,4
584,160,21.002645,5454,2021-06-28 17:53:32,52.229485,09
585,169,21.033152,5455,2021-06-28 17:53:31,52.29829,4
586,269,21.055347,5457,2021-06-28 17:53:32,52.275108,04
587,180,20.9368072,5459,2021-06-28 17:53:32,52.2742337,016
588,705,20.9711811,5460,2021-06-28 17:53:32,52.2757107,65
589,175,20.985273,5870,2021-06-28 17:53:22,52.201641,53
590,175,21.0128596,5871,2021-06-28 17:53:32,52.2430257,59
591,503,21.021137,5873,2021-06-28 17:53:30,52.231407,1
592,175,21.02001,5874,2021-06-28 17:53:32,52.232483,58
593,138,21.004322,5875,2021-06-28 17:53:33,52.171276,011
594,331,21.016527,5876,2021-06-28 17:53:32,52.189194,01
595,180,20.979853,5877,2021-06-28 17:53:31,52.249588,017
596,709,21.018602,5878,2021-06-28 17:53:31,52.115452,013
597,175,21.012791,5880,2021-06-28 17:53:29,52.243206,070
598,175,20.978851,5882,2021-06-28 17:53:29,52.184277,56
599,180,21.004999,5883,2021-06-28 17:53:31,52.249397,10
600,503,20.998056,5885,2021-06-28 17:53:31,52.186783,5
601,180,21.077888,5886,2021-06-28 17:53:28,52.175232,13
602,128,20.975712,5887,2021-06-28 17:53:33,52.204285,074
603,175,20.984434,5888,2021-06-28 17:53:28,52.200867,069
604,180,20.924799,5889,2021-06-28 17:53:30,52.272556,8
605,128,20.963741,5890,2021-06-28 17:53:32,52.207722,62
606,180,20.924986,5891,2021-06-28 17:53:29,52.272423,7
607,504,21.013956,5892,2021-06-28 17:53:31,52.16785,010
608,503,21.045368,5893,2021-06-28 17:53:29,52.181396,3
609,175,21.012976,5894,2021-06-28 17:53:30,52.24305,066
610,503,21.001829,5895,2021-06-28 17:53:31,52.257904,12
611,503,21.030285,5897,2021-06-28 17:53:32,52.207783,2
612,128,20.993263,5898,2021-06-28 17:53:31,52.225742,071
613,128,21.012976,5899,2021-06-28 17:53:32,52.243221,51
614,158,21.1176542,5900,2021-06-28 17:53:31,52.2337752,5
615,175,20.994638,5902,2021-06-28 17:53:31,52.226059,52
616,158,20.972881,5903,2021-06-28 17:53:28,52.220387,8
617,503,21.025364,5905,2021-06-28 17:53:32,52.218666,8
618,128,20.989449,5906,2021-06-28 17:53:29,52.220276,63
619,503,21.044146,5907,2021-06-28 17:53:28,52.176651,7
620,175,20.978117,5908,2021-06-28 17:53:29,52.169548,068
621,175,20.989952,5909,2021-06-28 17:53:29,52.224003,067
622,128,20.963444,5910,2021-06-28 17:53:30,52.207764,073
623,111,21.102194,5911,2021-06-28 17:53:30,52.222168,4
624,116,20.998545,5913,2021-06-28 17:53:31,52.253902,12
625,175,20.978214,5915,2021-06-28 17:53:32,52.180695,54
626,128,20.990145,5918,2021-06-28 17:53:31,52.219006,60
627,158,21.011881,5920,2021-06-28 17:53:30,52.230232,1
628,116,21.058424,5921,2021-06-28 17:53:28,52.179565,15
629,175,21.1163987,5923,2021-06-28 10:17:16,52.2339737,072
630,116,21.067547,5924,2021-06-28 17:53:29,52.17041,17
631,116,21.020159,5926,2021-06-28 17:53:32,52.232212,3
632,158,21.014925,5927,2021-06-28 17:53:29,52.230495,7
633,116,20.981191,5928,2021-06-28 17:53:32,52.2699884,5
634,175,20.991158,5929,2021-06-28 17:53:30,52.225624,57
635,158,20.949276,5930,2021-06-28 17:53:30,52.211617,9
636,158,21.112726,5931,2021-06-28 17:53:30,52.236279,3
637,116,20.941572,5932,2021-06-28 17:53:28,52.27766,6
638,111,21.0603837,5933,2021-06-28 17:53:32,52.233461,2
639,158,21.076435,5934,2021-06-28 17:53:32,52.23679,4
640,503,21.002543,5935,2021-06-28 17:53:32,52.254826,11
641,503,21.002321,5936,2021-06-28 17:53:29,52.25473,10
642,111,20.997709,5937,2021-06-28 17:53:31,52.246986,10
643,158,20.961519,5939,2021-06-28 17:53:32,52.216805,2
644,128,21.021133,5942,2021-06-28 17:53:30,52.231819,072
645,111,21.0131,5943,2021-06-28 17:53:31,52.242,7
646,111,21.1155529,5944,2021-06-28 17:53:31,52.2341432,013
647,158,21.086788,5945,2021-06-28 17:53:29,52.236282,6
648,111,20.979563,5946,2021-06-28 17:53:32,52.244667,8
649,111,21.082243,5947,2021-06-28 17:53:31,52.226021,5
650,503,21.041552,5948,2021-06-28 17:53:29,52.15871,013
651,503,21.045443,5950,2021-06-28 17:53:32,52.156479,4
652,180,21.071175,5951,2021-06-28 17:53:31,52.179817,2
653,518,20.974453,5952,2021-06-28 17:53:33,52.271431,7
654,160,20.997952,5954,2021-06-28 17:53:32,52.232914,010
655,160,21.067038,5956,2021-06-28 17:53:20,52.317974,013
656,111,21.102457,5958,2021-06-28 17:53:29,52.222115,011
657,160,21.03017,5959,2021-06-28 17:53:31,52.2528,08
658,111,21.094269,5960,2021-06-28 17:53:32,52.22757,3
659,190,21.075485,5961,2021-06-28 17:53:28,52.287327,024
660,116,21.02125,5962,2021-06-28 17:53:30,52.231091,13
661,111,21.019245,5963,2021-06-28 17:53:27,52.233616,1
662,518,20.985401,5964,2021-06-28 17:53:28,52.268841,3
663,518,20.962208,5965,2021-06-28 17:53:29,52.315117,08
664,518,21.022949,5966,2021-06-28 17:53:32,52.227951,2
665,160,21.051847,5967,2021-06-28 17:53:28,52.262264,011
666,180,21.025263,5970,2021-06-28 17:53:28,52.219757,11
667,518,21.01556,5972,2021-06-28 17:53:30,52.24184,1
668,E-9,21.06657,5973,2021-06-28 17:53:28,52.321201,03
669,518,20.982697,5975,2021-06-28 17:53:30,52.308273,4
670,180,20.971489,5976,2021-06-28 17:53:30,52.255165,6
671,503,21.018171,5978,2021-06-28 17:53:30,52.236748,9
672,503,21.050001,5979,2021-06-28 17:53:32,52.144588,6
673,111,21.036322,5980,2021-06-28 17:53:32,52.234894,6
674,705,21.028532,5981,2021-06-28 17:53:30,52.32663,07
675,111,20.979332,5982,2021-06-28 17:53:29,52.244389,9
676,128,21.012291,5983,2021-06-28 17:53:28,52.246239,65
677,180,21.018072,5984,2021-06-28 17:53:28,52.236504,4
678,180,21.083858,5985,2021-06-28 17:53:32,52.16777,14
679,180,21.047361,5986,2021-06-28 17:53:28,52.207111,12
680,180,20.947392,5987,2021-06-28 17:53:32,52.267868,9
681,180,21.083857,5988,2021-06-28 17:53:29,52.167973,1
682,116,21.062183,5989,2021-06-28 17:53:30,52.17561,1
683,705,21.0291104,5990,2021-06-28 17:53:25,52.3379482,08
684,116,21.035446,5991,2021-06-28 17:53:28,52.20158,2
685,518,20.94208,5994,2021-06-28 17:53:29,52.334389,6
686,116,20.924948,5995,2021-06-28 17:53:32,52.272346,7
687,116,21.084793,5996,2021-06-28 17:53:28,52.167126,16
688,116,20.974752,5997,2021-06-28 17:53:31,52.271393,10
689,518,20.942112,5998,2021-06-28 17:53:29,52.33456,5
690,116,20.92391,5999,2021-06-28 17:53:28,52.274021,8
691,184,20.939463,6200,2021-06-28 17:53:32,52.24551,7
692,112,20.914526,6201,2021-06-28 17:53:32,52.229015,11
693,187,20.867523,6203,2021-06-28 17:53:31,52.19492,9
694,167,20.975735,6204,2021-06-28 17:53:32,52.211353,013
695,728,20.8614107,6207,2021-06-28 17:53:31,52.038785,02
696,Z10,20.924995,6208,2021-06-28 17:53:31,52.260864,7
697,703,20.861204,6209,2021-06-28 17:53:31,52.116211,91
698,414,20.96027,6210,2021-06-28 17:53:32,52.268185,04
699,713,20.929646,6212,2021-06-28 17:53:29,52.22332,3
700,414,20.963882,6213,2021-06-28 17:53:29,52.207993,03
701,184,20.939842,6214,2021-06-28 17:53:32,52.280842,5
702,191,20.9535064,6215,2021-06-28 17:53:30,52.2126274,6
703,105,20.922176,6216,2021-06-28 17:53:32,52.221664,7
704,167,21.021017,6217,2021-06-28 17:53:32,52.209873,1
705,105,20.896746,6218,2021-06-28 17:53:33,52.238594,010
706,136,20.9576607,6220,2021-06-28 17:53:32,52.2245792,4
707,189,20.913479,6221,2021-06-28 17:53:32,52.211117,13
708,187,20.9127324,6222,2021-06-28 17:53:32,52.1982257,5
709,105,20.898813,6223,2021-06-28 17:53:31,52.238773,4
710,517,20.983324,6224,2021-06-28 17:53:32,52.219013,6
711,717,20.964917,6225,2021-06-28 17:53:32,52.2183126,2
712,716,20.835728,6226,2021-06-28 17:53:31,52.192921,3
713,188,21.1242072,6227,2021-06-28 17:53:32,52.2422982,1
714,190,21.007441,6228,2021-06-28 17:53:30,52.246193,3
715,187,20.9095241,6229,2021-06-28 17:53:32,52.1953116,6
716,706,20.942907,6231,2021-06-28 17:53:31,52.175598,03
717,190,20.89884,6232,2021-06-28 17:53:28,52.23896,9
718,191,20.982653,6233,2021-06-28 17:53:32,52.217834,4
719,414,20.964144,6234,2021-06-28 17:53:31,52.215572,02
720,112,20.9133769,6236,2021-06-28 17:53:32,52.2380947,10
721,114,21.042606,6237,2021-06-28 17:53:29,52.298737,4
722,728,20.935223,6239,2021-06-28 17:53:31,52.168274,1
723,414,20.957787,6240,2021-06-28 17:53:31,52.246941,01
724,517,20.932493,6241,2021-06-28 17:53:31,52.198997,5
725,182,21.1128394,6242,2021-06-28 17:53:31,52.2363174,7
726,706,20.930462,6243,2021-06-28 17:53:28,52.163536,2
727,L29,20.586126,65471,2021-06-28 17:53:20,52.257553,1
728,L-7,20.920755,66523,2021-06-28 17:53:26,52.314552,2
729,L-6,20.807072,66524,2021-06-28 17:53:28,52.271791,02
730,L-6,20.849342,66525,2021-06-28 17:53:28,52.255356,1
731,190,20.899143,7200,2021-06-28 17:53:31,52.238949,10
732,189,20.9840194,7201,2021-06-28 17:53:31,52.1819579,6
733,112,20.9131644,7202,2021-06-28 17:53:31,52.2517779,019
734,141,21.084578,7203,2021-06-28 17:53:31,52.243477,4
735,317,21.019159,7204,2021-06-28 17:53:29,52.173588,07
736,131,21.0313519,7205,2021-06-28 17:53:32,52.2070894,011
737,523,20.9576232,7206,2021-06-28 17:53:32,52.2271429,10
738,189,20.898777,7207,2021-06-28 17:53:31,52.238705,019
739,414,21.031422,7208,2021-06-28 17:53:31,52.288616,06
740,721,20.938717,7212,2021-06-28 17:53:32,52.171185,02
741,112,21.049854,7213,2021-06-28 17:53:31,52.290634,5
742,191,20.930122,7214,2021-06-28 17:53:32,52.203003,2
743,112,20.953632,7215,2021-06-28 17:53:32,52.276291,8
744,713,20.7778647,7216,2021-06-28 17:53:31,52.2109639,2
745,189,21.0007135,7219,2021-06-28 17:53:32,52.1785577,022
746,517,20.896074,7220,2021-06-28 17:53:32,52.194103,09
747,187,21.025162,7222,2021-06-28 17:53:31,52.219398,12
748,122,20.945328,7223,2021-06-28 17:53:33,52.265778,2
749,721,20.829697,7225,2021-06-28 17:53:32,52.054974,1
750,706,20.897764,7226,2021-06-28 17:53:32,52.132164,1
751,114,21.017401,7227,2021-06-28 17:53:32,52.293186,3
752,114,20.930788,7228,2021-06-28 17:53:31,52.291386,1
753,112,20.9178862,7229,2021-06-28 17:53:31,52.2558141,014
754,517,20.895657,7230,2021-06-28 17:53:31,52.193687,08
755,713,20.88805,7231,2021-06-28 17:53:31,52.216602,04
756,717,20.840155,7232,2021-06-28 17:53:31,52.184193,1
757,189,21.0556074,7233,2021-06-28 17:53:32,52.18165,3
758,713,20.7969729,7234,2021-06-28 17:53:30,52.2103819,1
759,187,20.9136809,7235,2021-06-28 17:53:31,52.199307,10
760,184,20.9403289,7237,2021-06-28 17:53:29,52.2821064,6
761,141,21.0484774,7238,2021-06-28 17:53:31,52.208085,5
762,189,21.031797,7239,2021-06-28 17:53:32,52.173489,16
763,184,20.948397,7240,2021-06-28 17:53:31,52.238308,8
764,317,20.993227,7241,2021-06-28 17:53:31,52.176559,5
765,141,21.0243264,7242,2021-06-28 17:53:32,52.1998576,1
766,523,20.912714,7243,2021-06-28 17:53:31,52.24057,9
767,401,20.957325,7244,2021-06-28 17:53:30,52.190281,3
768,187,20.8744144,7245,2021-06-28 17:53:31,52.1952974,7
769,190,20.897007,7247,2021-06-28 17:53:32,52.228142,017
770,188,20.9805449,7248,2021-06-28 17:53:30,52.1894052,5
771,171,20.921646,7249,2021-06-28 17:53:32,52.2402387,3
772,317,21.073139,7250,2021-06-28 17:53:31,52.168797,3
773,105,20.966946,7251,2021-06-28 17:53:26,52.228432,2
774,167,20.9258319,7252,2021-06-28 17:53:32,52.2341172,4
775,122,20.9798035,7254,2021-06-28 17:53:32,52.2670731,1
776,191,20.8967641,7256,2021-06-28 17:53:31,52.1960984,8
777,190,20.980358,7257,2021-06-28 17:53:31,52.2384219,012
778,187,20.9565755,7258,2021-06-28 17:53:32,52.2149514,11
779,189,21.018925,7259,2021-06-28 17:53:29,52.173626,15
780,125,21.0414052,7301,2021-06-28 17:53:32,52.2415867,08
781,507,21.015303,7303,2021-06-28 17:53:29,52.230629,5
782,188,20.9782764,7304,2021-06-28 17:53:31,52.1694992,07
783,138,21.004477,7305,2021-06-28 17:53:32,52.202358,4
784,151,21.068712,7306,2021-06-28 17:53:31,52.230045,04
785,509,21.0558101,7307,2021-06-28 17:53:31,52.2386127,7
786,138,21.01758,7308,2021-06-28 17:53:30,52.217503,1
787,188,21.080332,7310,2021-06-28 17:53:31,52.237614,2
788,182,21.0071965,7312,2021-06-28 17:53:31,52.217428,5
789,E-1,21.0777669,7314,2021-06-28 17:53:31,52.2261907,01
790,143,21.171075,7315,2021-06-28 17:53:32,52.2618887,7
791,188,21.012877,7316,2021-06-28 17:53:31,52.21711,08
792,402,21.1030101,7317,2021-06-28 17:53:31,52.2215645,3
793,182,20.965,7318,2021-06-28 17:53:31,52.218071,4
794,182,20.962688,7319,2021-06-28 17:53:30,52.217106,3
795,411,21.014923,7320,2021-06-28 17:53:31,52.21767,01
796,182,21.0912555,7322,2021-06-28 17:53:30,52.2356804,8
797,E-1,21.0461192,7323,2021-06-28 17:53:27,52.2467297,02
798,138,20.99538,7325,2021-06-28 17:53:30,52.170273,3
799,141,20.995531,7326,2021-06-28 17:53:32,52.196419,6
800,E-1,21.0568207,7327,2021-06-28 17:53:32,52.2271306,03
801,182,21.0131567,7328,2021-06-28 17:53:30,52.2170526,1
802,523,20.8976684,7329,2021-06-28 17:53:32,52.2583489,017
803,171,21.043341,7330,2021-06-28 17:53:31,52.222916,5
804,162,21.0370047,7331,2021-06-28 17:53:31,52.2520079,013
805,141,20.9441131,7333,2021-06-28 17:53:32,52.175459,8
806,116,20.9248979,7334,2021-06-28 17:53:31,52.2724186,69
807,110,20.968618,742,2021-06-28 17:53:30,52.272194,1
808,750,20.863773,744,2021-06-28 17:53:29,52.359768,05
809,750,20.911726,745,2021-06-28 17:53:27,52.323071,07
810,250,20.868549,746,2021-06-28 17:53:29,52.332855,1
811,850,20.630327,749,2021-06-28 17:53:33,52.379963,2
812,150,20.847155,750,2021-06-28 17:53:30,52.341385,1
813,750,20.934647,755,2021-06-28 17:53:31,52.298409,2
814,110,20.885857,757,2021-06-28 17:53:31,52.305298,3
815,150,20.887482,758,2021-06-28 17:53:31,52.340942,2
816,750,20.776417,761,2021-06-28 17:53:32,52.364536,4
817,750,20.833963,762,2021-06-28 17:53:25,52.369007,1
818,850,20.962893,763,2021-06-28 17:53:28,52.2761,1
819,151,21.1074684,7701,2021-06-28 17:53:33,52.2295907,1
820,411,21.0402675,7702,2021-06-28 17:53:32,52.2232892,04
821,402,21.0267641,7703,2021-06-28 17:53:32,52.17337,7
822,151,21.0155546,7704,2021-06-28 17:53:33,52.2202522,05
823,150,20.859713167,772,2021-06-28 17:53:31,52.346234,04
824,150,20.934495667,773,2021-06-28 17:53:33,52.297689,05
825,150,20.917265,774,2021-06-28 17:53:28,52.317585,3
826,250,20.931992,775,2021-06-28 17:53:31,52.287655,3
827,250,20.895004,776,2021-06-28 17:53:32,52.296013,2
828,750,20.8897685,777,2021-06-28 17:53:32,52.3400376,3
829,167,20.9972321,8100,2021-06-28 17:53:26,52.186914,6
830,143,21.1161111,8103,2021-06-28 17:53:31,52.2389993,011
831,167,21.0324706,8108,2021-06-28 17:53:29,52.2070266,8
832,217,21.0257766,8109,2021-06-28 17:53:26,52.178759,2
833,174,21.0050718,8110,2021-06-28 17:53:27,52.2197051,010
834,136,20.9567641,8112,2021-06-28 17:52:56,52.2313878,014
835,709,21.0174688,8115,2021-06-28 17:53:25,52.148722,8
836,174,21.0091151,8119,2021-06-28 17:53:28,52.2053355,6
837,136,20.9763121,8120,2021-06-28 17:53:27,52.211314,7
838,143,21.057088,8121,2021-06-28 17:53:26,52.227021,09
839,504,21.068797,8123,2021-06-28 17:53:26,52.1289043,3
840,165,21.0242491,8124,2021-06-28 17:53:29,52.1797535,4
841,727,20.9334768,8125,2021-06-28 17:53:29,52.0493441,3
842,709,21.0230321,8126,2021-06-28 17:53:23,52.0750763,014
843,402,21.1288881,8130,2021-06-28 17:53:28,52.2351703,5
844,136,21.0238636,8131,2021-06-28 17:53:25,52.1558755,012
845,148,21.0471225,8133,2021-06-28 17:53:28,52.1634563,5
846,402,20.9910478,8134,2021-06-28 17:53:27,52.1805886,9
847,167,21.0476941,8135,2021-06-28 17:53:27,52.2070721,9
848,162,21.0849753,8136,2021-06-28 17:53:30,52.1932858,08
849,162,21.0353145,8137,2021-06-28 17:53:29,52.2558558,011
850,162,21.030303,8138,2021-06-28 17:53:17,52.231616,7
851,136,20.982472,8139,2021-06-28 17:53:27,52.194703,016
852,168,21.1127671,8140,2021-06-28 17:53:27,52.2364471,4
853,504,21.0092888,8143,2021-06-28 17:53:27,52.1696586,011
854,504,21.0685178,8144,2021-06-28 17:53:28,52.1291948,4
855,709,21.0182815,8145,2021-06-28 17:53:32,52.1143248,011
856,727,21.020392,8146,2021-06-28 17:53:30,52.0659696,2
857,148,21.017215,8148,2021-06-28 17:53:20,52.1529,6
858,709,21.0197458,8152,2021-06-28 17:53:21,52.172054,1
859,217,21.0236491,8153,2021-06-28 17:53:26,52.179754,1
860,136,20.989658,8154,2021-06-28 17:53:16,52.185581,8
861,131,21.0690718,8155,2021-06-28 17:53:23,52.1813116,9
862,709,21.0187475,8156,2021-06-28 17:53:21,52.0915761,6
863,308,21.02041,8158,2021-06-28 17:53:25,52.189532,01
864,136,20.9659006,8160,2021-06-28 17:53:22,52.2431518,5
865,504,21.0157415,8162,2021-06-28 17:53:25,52.1673748,1
866,331,20.996672,8164,2021-06-28 17:53:24,52.1875295,05
867,331,20.9866073,8165,2021-06-28 17:53:28,52.1575165,03
868,709,21.018009,8166,2021-06-28 17:53:28,52.15456,9
869,148,21.0515273,8167,2021-06-28 17:53:28,52.1860526,4
870,218,21.0014551,8168,2021-06-28 17:53:28,52.188858,3
871,504,21.0336303,8169,2021-06-28 17:53:23,52.150054,5
872,131,21.0787698,8170,2021-06-28 17:53:22,52.1743165,1
873,167,21.0828388,8172,2021-06-28 17:53:27,52.2083101,010
874,143,21.172975,8173,2021-06-28 17:53:14,52.261858,010
875,218,20.992241,8174,2021-06-28 17:53:20,52.18554,1
876,727,21.0181561,8175,2021-06-28 17:53:25,52.1184671,4
877,709,21.0192141,8176,2021-06-28 17:53:25,52.0909688,3
878,143,21.1146008,8177,2021-06-28 17:53:28,52.2397296,5
879,138,21.100427,8178,2021-06-28 17:53:25,52.2605946,7
880,709,21.0178801,8181,2021-06-28 17:53:27,52.1307793,7
881,136,21.0019191,8182,2021-06-28 17:53:28,52.1848303,2
882,218,21.005613,8183,2021-06-28 17:53:27,52.177995,4
883,131,21.0099963,8184,2021-06-28 17:53:19,52.2297438,6
884,143,21.1383801,8185,2021-06-28 17:53:26,52.2436705,8
885,217,21.0391913,8187,2021-06-28 17:53:28,52.1762706,4
886,185,21.037691,8188,2021-06-28 17:53:17,52.140813,9
887,504,21.0051856,8189,2021-06-28 17:53:22,52.2286348,7
888,709,21.0129203,8190,2021-06-28 17:53:29,52.0722803,5
889,131,21.0619678,8192,2021-06-28 17:53:22,52.1883688,4
890,504,21.065769,8195,2021-06-28 17:53:22,52.1312841,2
891,504,20.9842445,8196,2021-06-28 17:53:30,52.198697,013
892,218,21.0247771,8197,2021-06-28 17:53:26,52.1908135,2
893,331,21.0168318,8198,2021-06-28 17:53:29,52.1530043,02
894,174,21.00469,8199,2021-06-28 17:53:16,52.221384,4
895,402,21.1560275,8201,2021-06-28 17:53:28,52.2402156,4
896,151,21.115749,8202,2021-06-28 10:44:07,52.233741,05
897,151,21.1175305,8204,2021-06-28 10:20:01,52.2338373,06
898,151,21.0289658,8208,2021-06-28 17:53:22,52.220186,2
899,521,20.9931218,8214,2021-06-28 17:53:20,52.2259056,1
900,125,21.0630866,8216,2021-06-28 17:53:24,52.2466051,2
901,182,20.9651726,8218,2021-06-28 17:53:24,52.2181451,013
902,509,21.038933,8220,2021-06-28 17:53:26,52.25115,023
903,182,20.9805206,8222,2021-06-28 17:53:28,52.2164636,2
904,509,20.9516138,8223,2021-06-28 17:53:28,52.318864,024
905,151,21.016576,8225,2021-06-28 17:53:20,52.217358,06
906,509,21.089296,8228,2021-06-28 17:53:22,52.22556,10
907,521,21.1406071,8229,2021-06-28 17:53:28,52.2284368,2
908,523,20.987413,8231,2021-06-28 17:53:16,52.216408,021
909,162,21.0375553,8233,2021-06-28 17:53:22,52.2175078,014
910,145,21.1274833,8300,2021-06-28 17:53:27,52.2557843,2
911,145,21.048152,8301,2021-06-28 17:53:25,52.2867796,9
912,509,20.9503588,8303,2021-06-28 17:53:27,52.3195206,3
913,171,21.04162,8304,2021-06-28 17:53:29,52.226154,010
914,509,21.116975,8305,2021-06-28 09:25:27,52.233583,022
915,117,21.1024631,8306,2021-06-28 17:53:28,52.222169,3
916,116,21.011568,8309,2021-06-28 17:53:26,52.246585,4
917,141,21.045149,8310,2021-06-28 17:53:27,52.219983,2
918,168,21.0346873,8311,2021-06-28 17:53:26,52.2069275,3
919,151,21.0771071,8312,2021-06-28 17:53:28,52.2347651,3
920,720,21.4308681,8313,2021-06-28 17:53:28,52.1340555,02
921,162,21.0850688,8314,2021-06-28 17:53:29,52.1934543,2
922,117,21.091968,8315,2021-06-28 17:53:27,52.2218193,06
923,521,21.1696256,8318,2021-06-28 17:53:30,52.2027335,4
924,185,21.0559453,8319,2021-06-28 17:53:25,52.1932376,11
925,151,21.116836,8320,2021-06-28 09:58:49,52.233566,04
926,162,21.027331,8322,2021-06-28 17:53:28,52.259793,5
927,509,21.1021296,8323,2021-06-28 17:53:32,52.2219426,9
928,148,20.9866288,8324,2021-06-28 17:53:30,52.1594605,7
929,143,21.051039,8326,2021-06-28 17:53:21,52.2256835,1
930,145,21.0973351,8328,2021-06-28 17:53:24,52.2861056,1
931,507,21.1025348,8329,2021-06-28 17:53:32,52.2219516,08
932,148,21.0873628,8330,2021-06-28 17:53:31,52.2446943,2
933,145,21.126631,8332,2021-06-28 17:53:25,52.25959,7
934,523,21.082281,8333,2021-06-28 17:53:34,52.2407663,12
935,148,21.0976096,8334,2021-06-28 17:52:47,52.2434166,3
936,145,21.021616,8335,2021-06-28 17:53:16,52.286535,014
937,143,21.0129073,8337,2021-06-28 17:53:31,52.2173095,2
938,125,21.1008696,8340,2021-06-28 17:53:19,52.2426983,4
939,523,20.9437586,8341,2021-06-28 17:53:25,52.2390193,5
940,507,21.1021117,8342,2021-06-28 17:53:22,52.2220833,1
941,171,20.973451,8343,2021-06-28 17:53:14,52.237326,09
942,502,21.015258,8344,2021-06-28 17:53:13,52.218553,1
943,507,21.050583,8345,2021-06-28 17:53:29,52.237806,3
944,145,21.1283717,8348,2021-06-28 17:53:22,52.2531667,3
945,507,21.058088,8349,2021-06-28 17:53:14,52.236325,6
946,145,21.018333,8350,2021-06-28 17:53:32,52.291578,012
947,507,21.005385,8351,2021-06-28 17:53:31,52.229469,4
948,502,21.217491,8352,2021-06-28 17:53:18,52.214438,4
949,523,21.026371,8353,2021-06-28 17:53:16,52.219651,2
950,502,21.0225633,8354,2021-06-28 17:53:19,52.2187467,011
951,523,20.913211,8356,2021-06-28 17:53:08,52.252038,8
952,514,21.135856,8358,2021-06-28 17:53:31,52.242161,3
953,523,21.0091733,8359,2021-06-28 17:53:23,52.2176567,3
954,507,21.0920417,8360,2021-06-28 17:53:28,52.225245,7
955,202,21.065896,8361,2021-06-28 17:53:28,52.251803,1
956,502,21.113788,8362,2021-06-28 17:53:30,52.233073,2
957,188,21.084028,8363,2021-06-28 17:53:17,52.244624,6
958,138,21.0459517,8364,2021-06-28 17:53:28,52.2547533,6
959,514,21.07607,8365,2021-06-28 17:53:29,52.2332883,1
960,523,20.987525,8366,2021-06-28 17:53:29,52.216451,4
961,502,21.140743,8368,2021-06-28 17:53:26,52.228135,5
962,145,21.126214,8398,2021-06-28 17:53:30,52.260784,013
963,402,20.9942875,8403,2021-06-28 17:53:10,52.1763813,011
964,521,21.196661,8408,2021-06-28 17:53:24,52.175693,07
965,143,21.0067665,8410,2021-06-28 17:53:27,52.2171378,012
966,523,21.106106,8414,2021-06-28 17:53:13,52.247264,13
967,148,21.0521078,8417,2021-06-28 17:53:26,52.198351,9
968,148,21.043569,8430,2021-06-28 17:53:21,52.1677845,010
969,162,21.0331831,8437,2021-06-28 17:53:13,52.241467,012
970,125,21.109381,8438,2021-06-28 17:53:20,52.240765,1
971,162,21.049479,8440,2021-06-28 17:53:20,52.202783,015
972,145,21.111046,8441,2021-06-28 17:53:32,52.240597,6
973,269,21.0423244,8442,2021-06-28 17:53:31,52.2963889,01
974,723,20.950668,8443,2021-06-28 17:53:32,52.344368,2
975,114,20.996643,8445,2021-06-28 17:53:31,52.271034,5
976,120,21.0550077,8446,2021-06-28 17:53:31,52.2749604,6
977,731,20.925598,8447,2021-06-28 17:53:29,52.421696,3
978,160,20.9983196,8448,2021-06-28 17:53:26,52.2340945,1
979,132,21.0514685,8449,2021-06-28 17:53:29,52.3136282,04
980,412,21.051701,8450,2021-06-28 17:53:29,52.252773,052
981,112,21.050558,8451,2021-06-28 17:53:30,52.290962,6
982,527,21.054174,8452,2021-06-28 17:53:31,52.29557,06
983,160,21.054462,8453,2021-06-28 17:53:29,52.295887,014
984,160,21.052799,8454,2021-06-28 17:53:31,52.276234,4
985,160,21.043497,8455,2021-06-28 17:53:31,52.276047,6
986,132,21.0247574,8457,2021-06-28 17:53:29,52.2977899,08
987,527,21.0684196,8458,2021-06-28 17:53:31,52.3234394,055
988,Z26,20.9743199,8459,2021-06-28 17:53:31,52.2355344,3
989,412,21.075922,8460,2021-06-28 17:53:31,52.287876,053
990,120,21.0546239,8461,2021-06-28 17:53:30,52.254144,4
991,414,20.9687302,8462,2021-06-28 17:53:31,52.2137974,05
992,511,20.9588464,8463,2021-06-28 17:53:31,52.3101834,05
993,509,20.942215,8465,2021-06-28 17:53:31,52.334408,2
994,136,20.985833,8500,2021-06-28 17:53:12,52.204813,3
995,501,21.048505,8501,2021-06-28 17:53:22,52.1781367,06
996,138,21.0386633,8502,2021-06-28 17:53:30,52.2527133,9
997,189,20.998421,8503,2021-06-28 17:53:17,52.179301,5
998,522,21.017645,8504,2021-06-28 17:53:31,52.212985,4
999,401,21.0004867,8505,2021-06-28 17:53:28,52.1783767,2
1000,131,21.0040267,8506,2021-06-28 17:53:28,52.2294667,7
1001,501,21.00261,8507,2021-06-28 17:53:31,52.229288,4
1002,138,20.9982933,8508,2021-06-28 17:53:20,52.16937,2
1003,189,21.064186,8509,2021-06-28 17:53:23,52.186433,1
1004,501,21.048523,8510,2021-06-28 17:53:32,52.178038,1
1005,189,21.068825,8511,2021-06-28 17:53:19,52.1812667,027
1006,Z26,20.9874983,8512,2021-06-28 17:53:27,52.2400933,4
1007,186,20.964111,8513,2021-06-28 17:53:19,52.207836,013
1008,733,20.77089,8514,2021-06-28 17:53:28,52.08195,01
1009,Z26,21.015579,8515,2021-06-28 17:53:30,52.247131,7
1010,522,21.079828,8516,2021-06-28 17:53:27,52.157923,2
1011,141,20.997279,8517,2021-06-28 17:53:16,52.196211,10
1012,519,21.0046083,8519,2021-06-28 17:53:16,52.2294367,7
1013,519,21.101953,8520,2021-06-28 17:53:26,52.124573,1
1014,186,20.944573,8522,2021-06-28 17:53:17,52.32233,10
1015,733,20.943443,8523,2021-06-28 17:53:29,52.1751,62
1016,522,21.069746,8525,2021-06-28 17:53:30,52.165616,011
1017,172,20.9798,8526,2021-06-28 17:53:31,52.200228,63
1018,172,20.971949,8528,2021-06-28 17:53:23,52.217661,5
1019,308,20.9928683,8530,2021-06-28 17:53:31,52.1883767,02
1020,172,21.04981,8532,2021-06-28 17:53:21,52.1872417,1
1021,Z26,20.9794667,8533,2021-06-28 17:53:23,52.2374683,2
1022,138,21.037668,8534,2021-06-28 17:53:29,52.222513,5
1023,522,21.079861,8535,2021-06-28 17:53:21,52.157943,1
1024,172,20.991624,8536,2021-06-28 17:53:09,52.197043,6
1025,522,21.002195,8537,2021-06-28 17:53:20,52.229333,5
1026,709,21.022093,8539,2021-06-28 17:53:14,52.075058,4
1027,172,21.06902,8540,2021-06-28 17:53:29,52.1814383,8
1028,185,21.043455,8541,2021-06-28 17:53:25,52.172735,6
1029,172,21.068953,8543,2021-06-28 17:53:26,52.181606,9
1030,519,21.08454,8544,2021-06-28 17:53:31,52.164605,4
1031,522,21.0699267,8546,2021-06-28 17:53:23,52.16395,012
1032,522,21.018643,8547,2021-06-28 17:53:23,52.212648,6
1033,402,21.0014317,8548,2021-06-28 17:53:21,52.1781317,010
1034,186,20.988485,8549,2021-06-28 17:53:30,52.304375,015
1035,186,20.955958,8550,2021-06-28 17:53:15,52.238406,016
1036,709,21.024041,8551,2021-06-28 17:53:13,52.180063,10
1037,136,21.055884,8552,2021-06-28 17:53:21,52.147293,10
1038,Z26,21.03003,8555,2021-06-28 17:53:21,52.252623,5
1039,519,21.067689,8556,2021-06-28 17:53:17,52.170291,6
1040,Z26,20.97464,8558,2021-06-28 17:53:32,52.235516,08
1041,217,21.026401,8559,2021-06-28 17:53:15,52.178616,06
1042,519,21.0297483,8560,2021-06-28 17:53:27,52.2067017,2
1043,411,21.065703,8561,2021-06-28 17:53:27,52.229551,02
1044,521,21.100999,8562,2021-06-28 17:53:30,52.242836,09
1045,402,21.047184,8563,2021-06-28 17:53:26,52.191476,2
1046,521,21.2044817,8564,2021-06-28 17:53:22,52.1593783,08
1047,502,21.2422983,8565,2021-06-28 17:53:30,52.2168617,014
1048,502,21.019165,8566,2021-06-28 17:53:26,52.2177867,6
1049,402,21.143731,8567,2021-06-28 17:53:24,52.237491,014
1050,509,21.0333383,8568,2021-06-28 17:53:25,52.25432,021
1051,171,20.933935,8569,2021-06-28 17:53:33,52.27095,2
1052,411,21.102433,8571,2021-06-28 17:53:31,52.222041,03
1053,E-1,21.102461,8572,2021-06-28 17:53:30,52.221763,04
1054,202,21.052305,8573,2021-06-28 17:53:27,52.249555,2
1055,411,21.115896,8574,2021-06-28 10:20:57,52.233514,01
1056,720,21.087946,8576,2021-06-28 17:53:29,52.244783,1
1057,162,21.027853,8578,2021-06-28 17:53:24,52.248641,4
1058,125,21.19637,8579,2021-06-28 17:53:31,52.2080083,09
1059,731,20.9761683,8583,2021-06-28 17:53:23,52.3158617,5
1060,269,21.041698,8584,2021-06-28 17:53:14,52.300428,02
1061,269,21.0419233,8585,2021-06-28 17:53:18,52.2937,03
1062,514,21.0155933,8586,2021-06-28 17:53:21,52.2192833,2
1063,523,21.115558,8587,2021-06-28 08:55:25,52.233753,3
1064,145,21.1351083,8588,2021-06-28 17:53:31,52.2412467,016
1065,514,21.22327,8589,2021-06-28 17:53:32,52.2472833,4
1066,502,21.241524,8590,2021-06-28 17:53:18,52.223151,3
1067,507,21.0789633,8592,2021-06-28 17:53:28,52.2261117,2
1068,145,21.000309,8593,2021-06-28 17:53:13,52.291353,10
1069,138,21.066393,8595,2021-06-28 17:53:28,52.261549,8
1070,186,20.9457233,8801,2021-06-28 17:53:28,52.3218133,11
1071,185,20.9871735,8802,2021-06-28 17:53:27,52.268691,1
1072,727,21.0185621,8803,2021-06-28 17:53:32,52.1686725,1
1073,217,21.065726,8804,2021-06-28 17:53:30,52.170143,3
1074,185,21.037224,8805,2021-06-28 17:53:23,52.235791,4
1075,402,20.993548,8806,2021-06-28 17:53:24,52.1792646,8
1076,131,21.0148206,8808,2021-06-28 17:53:28,52.2172685,3
1077,709,21.018148,8809,2021-06-28 17:53:23,52.1405921,2
1078,174,21.0124078,8810,2021-06-28 17:53:30,52.1741436,1
1079,165,20.9971456,8811,2021-06-28 17:53:28,52.1696448,3
1080,167,21.083179,8812,2021-06-28 17:53:25,52.2082821,011
1081,402,21.0240628,8813,2021-06-28 17:53:30,52.1733585,1
1082,167,21.006363,8814,2021-06-28 17:53:28,52.212258,2
1083,167,20.940426,8816,2021-06-28 17:53:24,52.234843,3
1084,308,21.011986,8817,2021-06-28 17:53:17,52.189014,03
1085,504,20.990053,8818,2021-06-28 17:53:14,52.222918,9
1086,331,20.9745661,8819,2021-06-28 17:53:29,52.1686885,04
1087,522,21.0160346,8820,2021-06-28 17:53:25,52.2231886,014
1088,174,21.0136211,8821,2021-06-28 17:53:30,52.1957143,08
1089,174,20.9996186,8822,2021-06-28 17:53:29,52.2316446,5
1090,522,21.0385948,8823,2021-06-28 17:53:27,52.198646,015
1091,709,21.0245438,8825,2021-06-28 17:53:27,52.1800055,012
1092,504,21.0040828,8826,2021-06-28 17:53:28,52.2295655,8
1093,143,21.005575,8828,2021-06-28 17:53:24,52.2173546,4
1094,509,20.9921066,8829,2021-06-28 17:53:26,52.3008748,4
1095,523,20.9607481,8830,2021-06-28 17:53:31,52.2169776,11
1096,125,21.1401376,8831,2021-06-28 17:53:24,52.2286333,5
1097,171,20.9798453,8832,2021-06-28 17:53:30,52.2371733,7
1098,141,20.9440298,8833,2021-06-28 17:53:22,52.175781,9
1099,704,21.106718,8834,2021-06-28 17:53:29,52.2414993,2
1100,521,21.0108991,8835,2021-06-28 17:53:30,52.2295118,5
1101,182,21.040949,8837,2021-06-28 17:53:24,52.223701,6
1102,182,21.0584511,8838,2021-06-28 17:53:25,52.2273615,010
1103,704,21.337234,8839,2021-06-28 17:53:29,52.216296,1
1104,185,21.0527768,8840,2021-06-28 17:53:27,52.1969508,5
1105,125,21.196729,8841,2021-06-28 17:53:25,52.208414,6
1106,521,21.2047563,8843,2021-06-28 17:53:27,52.1594066,3
1107,185,20.9757828,8844,2021-06-28 17:53:22,52.2895776,2
1108,402,21.1400453,8845,2021-06-28 17:53:28,52.2367595,013
1109,143,21.0067781,8846,2021-06-28 17:53:22,52.2173116,3
1110,143,21.1415975,8847,2021-06-28 17:53:25,52.2574756,6
1111,125,21.057001,8849,2021-06-28 17:53:26,52.246924,3
1112,521,20.9639265,8850,2021-06-28 17:53:29,52.2079101,6
1113,523,20.9416005,8851,2021-06-28 17:53:26,52.2394058,019
1114,141,21.1015556,8852,2021-06-28 17:53:29,52.24143,3
1115,125,21.1648641,8853,2021-06-28 17:53:26,52.2163416,7
1116,509,21.0851523,8854,2021-06-28 17:53:21,52.2258816,8
1117,402,21.047477,8855,2021-06-28 17:53:31,52.1906528,6
1118,512,21.0506628,8856,2021-06-28 17:53:28,52.2525385,1
1119,509,21.021095,8857,2021-06-28 17:53:28,52.2633941,12
1120,169,21.0517785,8858,2021-06-28 17:53:28,52.252895,1
1121,112,21.038528,8859,2021-06-28 17:53:29,52.296276,4
1122,512,21.0751038,8861,2021-06-28 17:53:28,52.2866488,4
1123,412,21.068291,8862,2021-06-28 17:53:15,52.323668,04
1124,738,21.1339155,8864,2021-06-28 17:53:19,52.3581161,05
1125,500,21.0459893,8865,2021-06-28 10:43:17,52.2651186,08
1126,169,21.0360981,8866,2021-06-28 17:53:14,52.253563,5
1127,162,21.0500426,8867,2021-06-28 17:53:28,52.202178,1
1128,190,21.0707833,8868,2021-06-28 17:53:29,52.2811263,5
1129,190,21.0474326,8869,2021-06-28 17:53:25,52.2602228,023
1130,190,21.0854616,8871,2021-06-28 17:53:19,52.3051916,025
1131,190,21.075218,8872,2021-06-28 17:53:27,52.2865751,026
1132,738,21.0932105,8873,2021-06-28 17:53:29,52.30837,06
1133,500,21.0408755,8874,2021-06-28 17:53:24,52.288902,3
1134,190,21.0886713,8875,2021-06-28 17:53:29,52.3030825,4
1135,162,21.0317596,8876,2021-06-28 17:53:17,52.229201,3
1136,512,21.0522026,8878,2021-06-28 17:53:28,52.2529195,06
1137,509,20.9423011,8879,2021-06-28 17:53:27,52.3345933,1
1138,709,20.996574,8880,2021-06-25 18:58:33,52.18762,016
1139,186,20.9648921,8881,2021-06-28 17:53:28,52.3182525,014
1140,165,21.0164913,8882,2021-06-28 17:53:05,52.180004,2
1141,128,21.0153623,8883,2021-06-28 17:53:26,52.2306828,64
1142,180,20.9841258,8885,2021-06-28 17:53:24,52.2460796,5
1143,167,20.942596,8886,2021-06-28 17:53:28,52.2279485,5
1144,189,20.9186495,8887,2021-06-28 17:53:26,52.198534,021
1145,128,20.9759093,8888,2021-06-28 17:53:29,52.2009588,61
1146,504,20.9897948,8891,2021-06-28 17:53:27,52.2237301,012
1147,165,21.002538,8892,2021-06-28 17:53:13,52.158029,1
1148,180,21.028973,8893,2021-06-28 17:53:21,52.209226,53
1149,217,21.0684773,8894,2021-06-28 17:53:22,52.1690165,05
1150,136,21.0025471,8895,2021-06-28 17:53:28,52.1778246,015
1151,174,20.9954386,8896,2021-06-28 17:53:29,52.1701563,07
1152,180,21.08386,8897,2021-06-28 17:53:24,52.1681683,015
1153,167,21.00597,8898,2021-06-28 17:53:28,52.214273,7
1154,504,20.9852828,8899,2021-06-28 17:53:28,52.181634,6
1155,161,21.175941,9061,2021-06-28 17:53:28,52.176224,2
1156,161,21.224762,9063,2021-06-28 17:53:31,52.186733,3
1157,262,21.087812,9064,2021-06-28 17:53:28,52.28656,03
1158,314,20.951349,9065,2021-06-28 17:53:29,52.317844,04
1159,314,21.047508,9066,2021-06-28 17:53:31,52.340511,02
1160,104,21.020576,9068,2021-06-28 17:53:31,52.296513,2
1161,161,21.187626,9070,2021-06-28 17:53:29,52.183971,1
1162,225,21.102528,9071,2021-06-28 17:53:29,52.222786,2
1163,225,21.16625,9074,2021-06-28 17:53:25,52.276066,4
1164,225,21.12702,9075,2021-06-28 17:53:28,52.259323,3
1165,211,20.962158,9077,2021-06-28 17:53:30,52.317406,08
1166,314,21.029947,9078,2021-06-28 17:53:30,52.313026,01
1167,262,21.070349,9080,2021-06-28 17:53:31,52.280228,1
1168,104,21.013678,9081,2021-06-28 17:53:31,52.293663,1
1169,314,20.974199,9082,2021-06-28 17:53:29,52.317696,03
1170,262,21.056408,9083,2021-06-28 17:53:32,52.275051,2
1171,225,21.12888,9088,2021-06-28 17:53:29,52.251827,1
1172,211,20.941538,9090,2021-06-28 17:53:30,52.332699,2
1173,211,20.942402,9091,2021-06-28 17:53:32,52.35434,07
1174,305,21.136599,9093,2021-06-28 17:53:30,52.19672,1
1175,900,20.953537,9094,2021-06-28 17:53:30,52.359104,1
1176,133,20.95228,9201,2021-06-28 17:53:31,52.316921,2
1177,207,20.882685,9202,2021-06-28 17:53:31,52.195156,03
1178,164,21.132433,9203,2021-06-28 17:53:23,52.151774,05
1179,133,20.945211,9204,2021-06-28 17:53:28,52.322071,1
1180,809,21.010927,9205,2021-06-28 17:53:29,52.123531,51
1181,239,21.03776,9206,2021-06-28 17:53:29,52.154167,52
1182,209,21.038403,9208,2021-06-28 17:53:25,52.154053,54
1183,211,20.943611,9209,2021-06-28 17:53:31,52.346416,4
1184,177,20.891087,9210,2021-06-28 17:53:32,52.193474,3
1185,239,21.012539,9212,2021-06-28 17:53:30,52.144753,53
1186,211,21.001187,9213,2021-06-28 17:53:28,52.291798,6
1187,219,21.102602,9215,2021-06-28 17:53:27,52.222763,3
1188,208,20.975609,9216,2021-06-28 17:53:33,52.210264,1
1189,234,21.014038,9217,2021-06-28 17:53:25,52.310394,1
1190,209,20.981024,9218,2021-06-28 17:53:30,52.13287,057
1191,234,21.066853,9219,2021-06-28 17:53:26,52.33902,2
1192,203,20.93388,9220,2021-06-28 17:53:26,52.289066,1
1193,249,20.898779,9221,2021-06-28 17:53:30,52.238598,1
1194,211,20.978867,9223,2021-06-28 17:53:28,52.301636,1
1195,201,20.930037,9224,2021-06-28 17:53:31,52.258968,3
1196,208,20.975493,9225,2021-06-28 17:53:33,52.210245,04
1197,208,20.944239,9226,2021-06-28 17:53:27,52.206284,05
1198,208,20.953167,9227,2021-06-28 17:53:27,52.212395,2
1199,219,21.167284,9228,2021-06-28 17:53:25,52.201645,2
1200,219,21.16876,9229,2021-06-28 17:53:29,52.199043,1
1201,201,20.925062,9230,2021-06-28 17:53:28,52.260612,2
1202,809,21.024563,9232,2021-06-28 17:53:33,52.142844,056
1203,264,21.110836,9233,2021-06-28 17:53:31,52.130108,1
1204,203,20.923086,9234,2021-06-28 17:53:30,52.280186,2
1205,201,20.926506,9235,2021-06-28 17:53:25,52.234081,5
1206,201,20.944338,9236,2021-06-28 17:53:32,52.243717,4
1207,209,21.035145,9237,2021-06-28 17:53:31,52.155762,055
1208,208,20.97394,9238,2021-06-28 17:53:29,52.208275,03
1209,207,20.883623,9239,2021-06-28 17:53:33,52.189331,02
1210,177,20.883764,9240,2021-06-28 17:53:30,52.205788,1
1211,133,20.983398,9241,2021-06-28 17:53:27,52.354294,3
1212,201,20.94582,9242,2021-06-28 17:53:32,52.239273,06
1213,211,20.959431,9243,2021-06-28 17:53:32,52.324829,5
1214,207,20.89645,9244,2021-06-28 17:53:32,52.186775,01
1215,211,20.941431,9245,2021-06-28 17:53:30,52.355358,3
1216,164,21.126343,9246,2021-06-28 17:53:30,52.156178,04
1217,201,20.930538,9247,2021-06-28 17:53:30,52.263168,1
1218,177,20.888128,9248,2021-06-28 17:53:32,52.182518,2
1219,164,21.138172,9250,2021-06-28 17:53:25,52.145874,3
1220,164,21.066181,9251,2021-06-28 17:53:31,52.172165,2
1221,164,21.060301,9252,2021-06-28 17:53:28,52.177372,1
1222,199,21.1306,9301,2021-06-28 17:53:29,52.283382,06
1223,739,21.052731,9302,2021-06-28 17:53:29,52.101028,2
1224,739,21.049656,9304,2021-06-28 17:53:31,52.102123,3
1225,179,21.030239,9311,2021-06-28 16:53:27,52.154316,10
1226,123,21.071274,9312,2021-06-28 17:53:26,52.251408,08
1227,179,21.036913,9313,2021-06-28 17:53:30,52.162079,11
1228,153,21.157402,9314,2021-06-28 17:53:31,52.263115,2
1229,179,21.037844,9315,2021-06-28 17:53:30,52.154354,2
1230,135,21.097818,9316,2021-06-28 17:53:25,52.235134,3
1231,135,21.075649,9317,2021-06-28 17:53:32,52.24493,6
1232,135,21.107153,9318,2021-06-28 17:53:32,52.24836,2
1233,135,21.097137,9319,2021-06-28 17:53:28,52.234333,1
1234,179,21.050652,9320,2021-06-28 17:53:29,52.155018,4
1235,179,21.054173,9321,2021-06-28 17:53:33,52.133617,5
1236,123,21.04998,9322,2021-06-28 17:53:27,52.252998,5
1237,135,21.063721,9323,2021-06-28 17:53:31,52.246502,07
1238,179,21.025879,9324,2021-06-28 17:53:18,52.142532,9
1239,179,21.03706,9325,2021-06-28 17:53:28,52.162148,51
1240,256,21.049282,9326,2021-06-28 17:53:26,52.290096,2
1241,142,21.128855,9327,2021-06-28 17:53:30,52.233143,3
1242,179,21.055582,9328,2021-06-28 17:53:26,52.153008,8
1243,153,21.170403,9329,2021-06-28 17:53:29,52.276916,04
1244,123,21.0773959,9331,2021-06-28 09:44:24,52.2687066,07
1245,123,21.077486,9332,2021-06-28 15:39:21,52.268074,08
1246,142,21.134396,9333,2021-06-28 17:53:30,52.202244,5
1247,739,21.021774,9334,2021-06-28 17:53:31,52.177799,1
1248,153,21.177103,9335,2021-06-28 17:53:29,52.256901,3
1249,135,21.027168,9336,2021-06-28 17:53:24,52.259655,5
1250,739,21.0771987,9337,2021-06-28 16:56:14,52.2682345,2
1251,179,21.068558,9338,2021-06-28 17:53:24,52.12891,6
1252,256,21.065481,9339,2021-06-28 17:53:27,52.327915,1
1253,153,21.154236,9340,2021-06-28 17:53:31,52.266907,1
1254,142,21.087456,9341,2021-06-28 17:53:27,52.244717,4
1255,739,21.018066,9342,2021-06-28 17:53:28,52.16898,4
1256,256,21.08103,9343,2021-06-28 17:53:28,52.277306,4
1257,135,21.045269,9344,2021-06-28 17:53:33,52.261971,08
1258,739,21.024134,9345,2021-06-28 17:53:23,52.179939,05
1259,179,21.049942,9346,2021-06-28 17:53:25,52.137657,7
1260,135,21.046808,9347,2021-06-28 17:53:28,52.260536,4
1261,123,21.067099,9348,2021-06-28 17:53:32,52.225967,09
1262,179,21.031174,9349,2021-06-28 17:53:30,52.142056,3
1263,123,21.099672,9350,2021-06-28 17:53:29,52.238716,357
1264,142,21.231966,9351,2021-06-28 17:53:31,52.171455,1
1265,123,21.051151,9352,2021-06-28 17:53:31,52.252552,6
1266,739,21.018414,9353,2021-06-28 17:53:31,52.121807,06
1267,123,21.047518,9354,2021-06-28 17:53:31,52.247517,07
1268,199,21.114693,9355,2021-06-28 17:53:19,52.293308,05
1269,256,21.080996,9356,2021-06-28 17:53:26,52.277416,3
1270,142,21.204233,9357,2021-06-28 17:53:32,52.167915,2
1271,142,21.077633,9358,2021-06-28 16:02:28,52.267822,4
1272,256,21.05225,9359,2021-06-28 17:53:29,52.293121,5
1273,176,20.987085,9403,2021-06-28 17:53:29,52.335526,1
1274,176,21.017891,9405,2021-06-28 17:53:27,52.292175,05
1275,176,21.026714,9412,2021-06-28 17:53:31,52.281136,3
1276,197,20.949995,9413,2021-06-28 17:53:30,52.280659,012
1277,197,20.945164,9414,2021-06-28 17:53:32,52.239052,014
1278,102,21.075361,9416,2021-06-28 17:53:31,52.245026,3
1279,157,20.96854,9417,2021-06-28 17:53:29,52.210388,7
1280,712,20.876434,9418,2021-06-28 17:53:29,52.286125,02
1281,516,20.936918,9420,2021-06-28 17:53:31,52.326588,5
1282,157,20.976711,9423,2021-06-28 17:53:27,52.289989,1
1283,103,20.926907,9424,2021-06-28 17:53:26,52.290279,4
1284,123,21.085392,9425,2021-06-28 17:53:31,52.223137,1
1285,157,20.982534,9426,2021-06-28 17:53:32,52.249603,3
1286,157,20.991409,9427,2021-06-28 17:53:28,52.233604,4
1287,157,20.983662,9428,2021-06-28 17:53:26,52.248157,9
1288,103,20.945601,9429,2021-06-28 17:53:30,52.266064,6
1289,157,20.989357,9432,2021-06-28 17:53:32,52.265461,10
1290,743,20.897268,9433,2021-06-28 17:53:31,52.220551,02
1291,176,20.982157,9434,2021-06-28 17:53:31,52.355656,04
1292,516,20.936081,9435,2021-06-28 17:53:32,52.329968,1
1293,157,20.98946,9436,2021-06-28 17:53:32,52.265469,2
1294,157,20.963955,9437,2021-06-28 17:53:27,52.20797,6
1295,197,20.939358,9438,2021-06-28 17:53:31,52.26067,011
1296,197,20.941353,9439,2021-06-28 17:53:29,52.232948,016
1297,516,21.000988,9440,2021-06-28 17:53:29,52.291199,3
1298,123,21.065969,9441,2021-06-28 17:53:31,52.251904,3
1299,103,20.930895,9442,2021-06-28 17:53:28,52.291786,5
1300,102,21.003357,9443,2021-06-28 17:53:32,52.232616,1
1301,103,20.960064,9445,2021-06-28 17:53:31,52.237831,7
1302,103,20.965303,9446,2021-06-28 17:53:32,52.237717,1
1303,123,21.095026,9447,2021-06-28 17:53:31,52.229717,4
1304,157,20.975246,9448,2021-06-28 17:53:32,52.289474,011
1305,516,20.988709,9449,2021-06-28 17:53:30,52.303761,4
1306,102,21.064913,9450,2021-06-28 17:53:31,52.24089,2
1307,157,20.98188,9451,2021-06-28 17:53:28,52.216915,5
1308,157,20.989714,9452,2021-06-28 17:53:26,52.225239,8
1309,176,20.98229,9453,2021-06-28 17:53:30,52.355564,2
1310,197,20.930979,9454,2021-06-28 17:53:30,52.225307,015
1311,712,20.870276,9455,2021-06-28 17:53:30,52.275135,1
1312,743,20.692904,9456,2021-06-28 17:53:30,52.232185,1
1313,197,20.948961,9457,2021-06-28 17:53:30,52.269405,013
1314,103,20.968895,9458,2021-06-28 17:53:31,52.222122,8
1315,194,20.8640055,9501,2021-06-28 17:53:30,52.207929167,5
1316,707,20.909331333,9502,2021-06-28 17:53:32,52.098359667,1
1317,159,20.9544585,9503,2021-06-28 17:53:32,52.211736167,1
1318,103,20.946867667,9505,2021-06-28 17:53:30,52.293513833,09
1319,103,20.968668,9506,2021-06-28 17:53:30,52.222077167,011
1320,220,20.943636833,9509,2021-06-28 17:53:30,52.175672833,3
1321,194,20.930641333,9510,2021-06-28 17:53:24,52.2250535,06
1322,737,21.0182115,9511,2021-06-28 17:53:32,52.129344333,56
1323,220,20.896317333,9513,2021-06-28 17:53:32,52.240054,5
1324,715,21.037023,9514,2021-06-28 17:53:25,52.161960667,53
1325,181,20.972964667,9515,2021-06-28 17:53:33,52.281135,2
1326,737,21.0368055,9516,2021-06-28 17:53:29,52.161998333,54
1327,149,20.8967395,9518,2021-06-28 17:53:30,52.241296167,06
1328,149,20.905071167,9519,2021-06-28 17:53:30,52.239138333,2
1329,159,20.982823,9520,2021-06-28 17:53:31,52.221410667,8
1330,715,20.952260333,9521,2021-06-28 17:53:28,52.124008167,1
1331,220,20.897645333,9522,2021-06-28 17:53:31,52.197391,4
1332,220,20.920012,9523,2021-06-28 17:53:30,52.175099833,07
1333,220,20.905757333,9524,2021-06-28 17:53:31,52.188510333,2
1334,194,20.930763833,9525,2021-06-28 17:53:30,52.225105167,3
1335,181,20.9661945,9526,2021-06-28 17:53:32,52.283636333,1
1336,715,20.9784545,9528,2021-06-28 17:53:31,52.133755333,058
1337,715,21.028328167,9529,2021-06-28 17:53:30,52.160426,52
1338,707,20.887060667,9530,2021-06-28 17:53:30,52.101182167,03
1339,159,21.046129,9531,2021-06-28 17:53:31,52.216528667,4
1340,194,20.873021333,9532,2021-06-28 17:53:29,52.195167167,1
1341,181,20.899827,9533,2021-06-28 17:53:31,52.297133833,4
1342,181,20.923895667,9534,2021-06-28 17:53:29,52.308591667,3
1343,159,21.020010333,9535,2021-06-28 17:53:28,52.223815333,7
1344,159,21.049852333,9537,2021-06-28 17:53:32,52.201410167,6
1345,737,21.01805,9539,2021-06-28 17:53:30,52.1234475,059
1346,220,20.896720833,9540,2021-06-28 17:53:31,52.2389105,1
1347,220,20.918028667,9542,2021-06-28 17:53:31,52.255712833,6
1348,737,20.897793333,9544,2021-06-28 17:53:29,52.0564655,07
1349,220,20.925003167,9545,2021-06-28 17:53:32,52.261139667,08
1350,149,20.947935833,9546,2021-06-28 17:53:32,52.2441545,5
1351,220,20.8943405,9548,2021-06-28 17:53:29,52.210008667,09
1352,149,20.878901333,9550,2021-06-28 17:53:30,52.2482145,1
1353,715,20.944006167,9551,2021-06-28 17:53:30,52.175858167,55
1354,149,20.940431667,9552,2021-06-28 17:53:30,52.246638167,3
1355,194,20.9142945,9554,2021-06-28 17:53:29,52.208583333,07
1356,194,20.9122135,9555,2021-06-28 17:53:32,52.206271333,2
1357,159,20.994193833,9556,2021-06-28 17:53:29,52.226207333,3
1358,149,20.940187,9557,2021-06-28 17:53:29,52.246641,4
1359,194,20.886109667,9558,2021-06-28 17:53:32,52.1969455,4
1360,159,21.083722167,9560,2021-06-28 17:53:31,52.192525833,5
1361,159,20.954812167,9561,2021-06-28 17:53:28,52.211970667,2
1362,118,21.035679,9671,2021-06-28 17:53:25,52.296593,2
1363,118,21.020294,9672,2021-06-28 17:53:28,52.245491,5
1364,326,20.982254,9673,2021-06-28 17:53:30,52.281597,04
1365,118,21.033998,9674,2021-06-28 17:53:29,52.23455,8
1366,152,20.994457,9676,2021-06-28 17:53:29,52.340809,5
1367,212,21.04822,9677,2021-06-28 17:53:31,52.28759,06
1368,118,21.01486,9678,2021-06-28 17:53:26,52.217251,7
1369,118,21.011396,9679,2021-06-28 17:53:28,52.255024,1
1370,326,21.028538,9680,2021-06-28 17:53:30,52.343643,02
1371,152,21.043133,9681,2021-06-28 17:53:26,52.326019,2
1372,212,21.027012,9682,2021-06-28 17:53:24,52.259724,5
1373,152,20.9526,9683,2021-06-28 17:53:30,52.31712,4
1374,212,21.046183,9684,2021-06-28 17:53:27,52.272984,1
1375,212,21.048155,9685,2021-06-28 17:53:31,52.287033,2
1376,326,21.028337,9686,2021-06-28 17:53:32,52.355476,05
1377,326,20.974207,9688,2021-06-28 17:53:29,52.277229,03
1378,118,21.013737,9689,2021-06-28 17:53:25,52.293682,4
1379,212,21.057129,9690,2021-06-28 17:53:28,52.30191,3
1380,326,21.061872,9692,2021-06-28 17:53:27,52.361702,01
1381,212,21.044422,9693,2021-06-28 17:53:27,52.273548,4
1382,152,20.966028,9695,2021-06-28 17:53:28,52.318813,1
1383,118,21.02072,9696,2021-06-28 17:53:28,52.223625,6
1384,118,21.0413,9697,2021-06-28 17:53:31,52.300186,3
1385,152,20.998919,9698,2021-06-28 17:53:32,52.337704,3
1386,710,21.100508,9801,2021-06-28 17:53:26,52.12011,4
1387,525,21.015665,9802,2021-06-28 17:53:30,52.221523,1
1388,184,20.935232,9803,2021-06-28 17:53:31,52.246769,069
1389,127,20.963898,9804,2021-06-28 17:53:32,52.217434,56
1390,710,21.117718,9805,2021-06-28 17:53:31,52.077778,2
1391,525,21.039001,9807,2021-06-28 17:53:29,52.222908,319
1392,109,20.926443,9809,2021-06-28 17:53:29,52.240753,07
1393,710,21.062185,9810,2021-06-28 17:53:29,52.078335,5
1394,719,20.94401,9812,2021-06-28 17:53:24,52.239029,3
1395,109,20.991597,9813,2021-06-28 17:53:15,52.231811,08
1396,Z10,20.915042,9814,2021-06-28 17:53:31,52.232642,2
1397,525,21.117605,9815,2021-06-28 17:53:33,52.232765,09
1398,742,21.216875,9816,2021-06-28 17:53:26,51.981148,1
1399,719,20.586472,9818,2021-06-28 17:53:31,52.257591,04
1400,719,20.811714,9819,2021-06-28 17:53:31,52.252773,1
1401,719,20.653025,9820,2021-06-28 17:53:26,52.263157,2
1402,710,21.011208,9821,2021-06-28 17:53:26,52.074207,1
1403,525,21.003746,9822,2021-06-28 17:53:27,52.229557,010
1404,184,20.939157,9823,2021-06-28 17:53:30,52.277634,010
1405,525,21.089674,9825,2021-06-28 17:19:36,52.235753,5
1406,525,21.140669,9826,2021-06-28 17:53:25,52.228207,7
1407,185,21.022033,9827,2021-06-28 17:53:11,52.142684,8
1408,127,20.899918,9828,2021-06-28 17:53:29,52.208378,4
1409,525,21.183712,9829,2021-06-28 17:53:28,52.206898,6
1410,Z10,20.915102,9830,2021-06-28 17:53:32,52.253319,8
1411,127,21.036905,9833,2021-06-28 17:53:26,52.232201,1
1412,525,21.165298,9834,2021-06-28 17:53:27,52.215145,4
1413,525,21.027338,9836,2021-06-28 17:53:28,52.219944,3
1414,185,21.034328,9837,2021-06-28 17:53:32,52.236607,12
1415,525,21.010361,9838,2021-06-28 17:53:31,52.229752,2
1416,724,21.059607,9839,2021-06-28 17:53:25,52.083984,1
1417,127,20.997957,9840,2021-06-28 17:53:29,52.227055,6
1418,724,21.116253,9841,2021-06-28 17:53:32,52.09753,02
1419,127,21.028881,9843,2021-06-28 17:53:32,52.237839,7
1420,127,20.895428,9844,2021-06-28 17:53:30,52.20879,09
1421,127,20.947817,9845,2021-06-28 17:53:28,52.208881,3
1422,Z10,20.910816,9846,2021-06-28 17:53:31,52.24918,6
1423,Z10,20.916122,9847,2021-06-28 17:53:33,52.225536,4
1424,109,20.950974,9849,2021-06-28 17:53:22,52.229084,6
1425,109,20.89872,9851,2021-06-28 17:53:29,52.238514,5
1426,109,20.983723,9852,2021-06-28 17:53:25,52.230045,4
1427,109,21.029415,9853,2021-06-28 17:53:27,52.230133,1
1428,127,21.019472,9854,2021-06-28 17:53:26,52.246319,335
1429,186,20.95602,9901,2021-06-28 17:53:28,52.250328,1
1430,210,20.928286,9902,2021-06-28 17:53:27,52.291031,5
1431,140,21.069902,9903,2021-06-28 17:53:32,52.280491,04
1432,520,21.005871,9905,2021-06-28 17:53:28,52.238846,011
1433,520,21.016806,9906,2021-06-28 17:53:28,52.222015,3
1434,140,21.111256,9907,2021-06-28 17:53:31,52.330338,08
1435,140,21.086838,9908,2021-06-28 17:53:30,52.300709,09
1436,140,21.052898,9909,2021-06-28 17:53:30,52.276783,2
1437,719,20.874161,9912,2021-06-28 17:53:29,52.242317,05
1438,520,21.002123,9913,2021-06-28 17:53:32,52.243164,08
1439,520,21.103504,9914,2021-06-28 17:53:30,52.23402,09
1440,520,21.141129,9915,2021-06-28 17:53:32,52.237019,6
1441,520,21.087528,9916,2021-06-28 17:53:32,52.236259,4
1442,193,21.048986,9918,2021-06-28 17:53:27,52.158382,2
1443,193,21.011814,9919,2021-06-28 17:53:27,52.17326,3
1444,140,21.096041,9920,2021-06-28 17:53:28,52.312206,05
1445,140,21.111208,9921,2021-06-28 17:53:28,52.360924,06
1446,520,21.134882,9922,2021-06-28 17:53:32,52.24155,5
1447,193,20.995419,9923,2021-06-28 17:53:28,52.170242,4
1448,140,21.118271,9924,2021-06-28 17:53:29,52.361248,07
1449,193,21.036987,9926,2021-06-28 17:53:32,52.161987,1
1450,520,21.147274,9927,2021-06-28 17:46:40,52.23822,010
1451,140,21.128798,9928,2021-06-28 17:53:31,52.352058,3
1452,186,20.977657,9929,2021-06-28 17:53:31,52.278999,12
1453,193,21.005304,9930,2021-06-28 17:53:31,52.171841,5
1454,186,20.972534,9932,2021-06-28 17:53:29,52.205608,4
1455,520,21.001911,9933,2021-06-28 17:53:29,52.243397,2
1456,186,20.959669,9934,2021-06-28 17:53:28,52.22121,2
1457,520,21.015511,9935,2021-06-28 17:53:33,52.220612,1
1458,186,20.971395,9936,2021-06-28 17:53:31,52.276073,6
1459,520,21.016737,9937,2021-06-28 17:53:28,52.217243,7
1460,186,20.968172,9940,2021-06-28 17:53:31,52.214176,3
1461,186,20.994644,9941,2021-06-28 17:53:30,52.287201,8
1462,210,20.88586,9942,2021-06-28 17:53:30,52.286026,4
1463,109,21.034533,9943,2021-06-28 17:53:30,52.22506,2
1464,186,20.994677,9945,2021-06-28 17:53:30,52.298141,9
1465,210,20.767429,9946,2021-06-28 17:53:31,52.308002,3
1466,109,21.007986,9948,2021-06-28 17:53:30,52.229008,3
1467,210,20.903738,9949,2021-06-28 17:53:29,52.283772,1
1468,210,20.769913,9950,2021-06-28 17:53:32,52.306316,2
1469,186,20.967833,9951,2021-06-28 17:53:31,52.214142,5
1470,186,20.942284,9953,2021-06-28 17:53:29,52.33522,67
1471,140,21.062048,9954,2021-06-28 17:53:28,52.273296,1
1472,o97B,21.423098,9999,2021-06-28 14:27:55,50.302967,7
