,Lines,Lon,VehicleNumber,Time,Lat,Brigade
0,213,21.2121588,1001,2021-06-28 18:43:24,52.1608655,1
1,213,21.188786,1003,2021-06-28 18:43:17,52.149839,05
2,213,21.093367,1004,2021-06-28 18:43:20,52.2269931,3
3,196,21.1690853,1005,2021-06-28 18:43:21,52.264229,2
4,196,21.176271,1008,2021-06-28 18:43:22,52.256771,03
5,213,21.1615776,1009,2021-06-28 18:43:16,52.2094996,4
6,213,21.207142,1010,2021-06-28 18:43:21,52.182839,2
7,311,21.1023996,1012,2021-06-28 18:43:18,52.2224526,1
8,196,21.171965,1014,2021-06-28 18:43:23,52.261726,1
9,311,21.0744285,1015,2021-06-28 18:43:22,52.249797,2
10,365,21.0063494,1021,2021-06-28 18:43:26,52.1780987,01
11,107,20.9780284,1023,2021-06-28 18:43:27,52.2435919,3
12,163,21.056133,1025,2021-06-28 18:43:26,52.181549,2
13,107,21.0462115,1026,2021-06-28 18:43:27,52.2158807,5
14,108,21.023668,1027,2021-06-28 18:43:27,52.179783,1
15,108,21.0745214,1028,2021-06-28 18:43:25,52.2062242,5
16,108,21.043589,1029,2021-06-28 18:43:24,52.175312,6
17,365,21.0239057,1031,2021-06-28 18:43:27,52.179857,02
18,108,21.0231667,1033,2021-06-28 18:43:25,52.228815,4
19,163,21.094484,1034,2021-06-28 18:43:26,52.185879,1
20,192,21.0248039,1037,2021-06-28 18:43:26,52.1796476,7
21,108,21.037266,1038,2021-06-28 18:43:16,52.218183,3
22,365,20.995113,1039,2021-06-28 18:43:26,52.175766,03
23,107,21.050805,1040,2021-06-28 18:43:22,52.1981117,6
24,107,20.979355,1042,2021-06-28 18:43:15,52.2444983,2
25,107,21.02016,1043,2021-06-28 18:43:14,52.22384,07
26,107,21.013121,1045,2021-06-28 18:43:23,52.235431,4
27,204,21.025884,1046,2021-06-28 18:43:23,52.280799,05
28,204,21.031736,1047,2021-06-28 18:43:22,52.30001,1
29,204,21.060439,1048,2021-06-28 18:43:19,52.315031,04
30,228,20.924571,1050,2021-06-28 18:43:23,52.206508,1
31,228,20.980638,1051,2021-06-28 18:43:12,52.191548,2
32,328,20.944946,1052,2021-06-28 18:43:17,52.200551,01
33,129,20.883031,1053,2021-06-28 18:43:21,52.195464,4
34,228,20.896031,1054,2021-06-28 18:43:11,52.20223,3
35,129,20.915058,1055,2021-06-28 18:43:18,52.231821,3
36,328,20.994706,1058,2021-06-28 18:43:07,52.15086,02
37,129,20.915328,1059,2021-06-28 18:43:12,52.228558,1
38,328,20.9945914,1061,2021-06-28 18:43:27,52.1541759,03
39,192,21.069546,1062,2021-06-28 18:43:27,52.1315497,51
40,192,21.018707,1064,2021-06-28 18:43:28,52.152889,2
41,163,21.050377,1065,2021-06-28 18:43:24,52.178291,04
42,107,20.997299,1066,2021-06-28 18:43:24,52.24686,1
43,163,21.0838927,1068,2021-06-28 18:43:27,52.1678122,3
44,192,21.0683462,1069,2021-06-28 18:43:26,52.1293662,4
45,163,21.10813,1070,2021-06-28 18:43:27,52.17416,05
46,192,21.045837,1074,2021-06-28 18:43:26,52.150154,6
47,108,21.082867,1076,2021-06-28 18:43:27,52.190125,2
48,192,21.057806,1077,2021-06-28 18:43:27,52.139633,3
49,192,21.023891,1079,2021-06-28 18:43:25,52.179989,1
50,736,20.923136,1101,2021-06-28 18:43:20,52.3980686,02
51,132,21.0682106,1109,2021-06-28 18:43:26,52.3238296,2
52,303,20.954465,1112,2021-06-28 18:43:24,52.2692086,3
53,147,21.1150343,1113,2021-06-28 18:43:19,52.202914,06
54,152,20.952425,1114,2021-06-28 18:43:18,52.316944,06
55,166,21.068229,1115,2021-06-28 18:43:17,52.129274,09
56,132,21.0448511,1116,2021-06-28 18:43:24,52.3026771,3
57,122,20.9239411,1117,2021-06-28 18:43:21,52.2536635,09
58,197,20.9425186,1118,2021-06-28 18:43:21,52.2290226,7
59,126,21.0125995,1119,2021-06-28 18:43:23,52.3195181,3
60,168,21.0929757,1200,2021-06-28 18:43:27,52.2255797,2
61,119,21.205526,1202,2021-06-28 18:43:27,52.210026,1
62,178,20.883484,1203,2021-06-28 18:35:29,52.195404,2
63,178,21.004288,1204,2021-06-28 18:43:26,52.255421,5
64,168,21.065731,1205,2021-06-28 18:43:28,52.204712,6
65,166,21.043745,1206,2021-06-28 18:43:07,52.174451,1
66,166,21.0420745,1208,2021-06-28 18:43:26,52.2361257,5
67,222,21.0166552,1211,2021-06-28 18:43:27,52.193622,4
68,174,21.0020554,1212,2021-06-28 18:43:27,52.2269632,371
69,174,21.01372,1213,2021-06-28 18:43:26,52.196133,3
70,218,21.016216,1214,2021-06-28 18:43:21,52.189175,5
71,166,21.0594522,1216,2021-06-28 18:43:26,52.1497137,7
72,168,21.0144039,1218,2021-06-28 18:43:24,52.2087221,5
73,119,21.0506892,1220,2021-06-28 18:43:26,52.1970559,5
74,122,20.9335015,1400,2021-06-28 18:43:17,52.2699248,012
75,121,21.0445685,1401,2021-06-28 18:43:16,52.2648918,04
76,134,21.0472088,1403,2021-06-28 18:43:17,52.3380618,1
77,110,20.9107878,1407,2021-06-28 18:43:19,52.283699,05
78,240,21.003334,1408,2021-06-28 18:43:09,52.290388,4
79,173,21.245422,1411,2021-06-28 18:43:24,52.249542,5
80,117,21.102577,1412,2021-06-28 18:43:27,52.222126,1
81,702,21.087824,1413,2021-06-28 18:43:26,52.244671,2
82,168,21.1126601,1415,2021-06-28 18:43:27,52.2363234,1
83,202,21.0522007,1416,2021-06-28 18:43:27,52.2487294,04
84,183,21.191744,1418,2021-06-28 18:43:27,52.2386815,6
85,147,21.18556,1419,2021-06-28 18:43:26,52.2068752,2
86,199,21.054926,1422,2021-06-28 18:43:24,52.275608,4
87,198,21.2237685,1423,2021-06-28 18:43:27,52.2538034,05
88,173,21.153448,1424,2021-06-28 18:43:27,52.23938,6
89,115,21.1710437,1425,2021-06-28 18:43:26,52.2765115,4
90,173,21.0535669,1426,2021-06-28 18:43:25,52.2503384,8
91,147,21.059721,1427,2021-06-28 18:43:27,52.23225,4
92,146,21.1635291,1428,2021-06-28 18:43:24,52.1630142,2
93,142,21.142838,1430,2021-06-28 18:43:26,52.226559,06
94,L41,20.752779,14422,2021-06-28 18:43:24,52.415672,1
95,L11,20.723122,14424,2021-06-28 18:30:17,52.424423,1
96,L10,20.96048,14425,2021-06-28 18:43:22,52.452179,50
97,L-8,20.945215,14426,2021-06-28 14:51:54,52.437912,1
98,L41,20.934441,14427,2021-06-28 18:43:26,52.376022,02
99,L11,20.908455,14429,2021-06-28 18:43:23,52.458786,57
100,L34,20.937643,14430,2021-06-28 18:43:24,52.399418,2
101,L34,20.847082,14431,2021-06-28 18:43:20,52.443081,1
102,L11,20.943802,14432,2021-06-28 18:43:26,52.39925,51
103,L-8,21.071484,14434,2021-06-28 18:43:28,52.415581,02
104,L-8,20.922945,14435,2021-06-28 18:43:23,52.398136,1
105,L49,20.912245,14436,2021-06-28 18:43:21,52.379856,1
106,L31,21.034922,14438,2021-06-28 18:43:27,52.420361,1
107,L-9,20.945366,14439,2021-06-28 18:42:27,52.438046,054
108,L-9,20.934591,14440,2021-06-28 18:43:28,52.39286,055
109,134,20.968135,1500,2021-06-28 18:43:23,52.271765,04
110,134,20.9963515,1501,2021-06-28 18:43:23,52.287964,3
111,110,20.8862956,1502,2021-06-28 18:43:19,52.285982,2
112,240,21.004004,1505,2021-06-28 18:43:11,52.291004,06
113,132,21.049064,1506,2021-06-28 18:43:24,52.325286,07
114,134,21.0140063,1507,2021-06-28 18:43:26,52.2937836,2
115,126,21.0027825,1508,2021-06-28 18:43:15,52.3138878,5
116,132,21.029648,1509,2021-06-28 18:43:14,52.299128,05
117,166,21.0342918,1510,2021-06-28 18:43:21,52.2030465,6
118,126,20.9420261,1513,2021-06-28 18:43:22,52.3341271,4
119,197,20.935908,1514,2021-06-28 18:43:16,52.259043,6
120,197,20.8810438,1515,2021-06-28 18:43:19,52.2163763,8
121,121,20.925233,1516,2021-06-28 18:43:19,52.2725031,1
122,173,21.052998,1519,2021-06-28 18:43:22,52.250354,10
123,202,21.0463717,1521,2021-06-28 18:43:07,52.2479667,07
124,202,21.07588,1522,2021-06-28 18:43:20,52.250261,3
125,146,21.052785,1523,2021-06-28 18:43:18,52.250421,08
126,730,21.26184,1524,2021-06-28 18:43:25,52.2096583,052
127,119,21.0011967,1525,2021-06-28 18:43:26,52.2017817,06
128,147,21.043436,1526,2021-06-28 18:43:20,52.247426,09
129,198,21.243191,1528,2021-06-28 18:43:21,52.22169,3
130,702,21.248308,1530,2021-06-28 18:43:16,52.099674,03
131,198,21.232224,1531,2021-06-28 18:43:23,52.216369,2
132,115,21.143355,1533,2021-06-28 18:43:21,52.2373583,2
133,142,21.133755,1534,2021-06-28 18:43:15,52.2176167,07
134,198,21.223404,1535,2021-06-28 18:43:09,52.253835,1
135,106,20.976996,1537,2021-06-28 18:43:23,52.232411,4
136,170,21.02184,1538,2021-06-28 18:43:11,52.262479,4
137,120,21.0452317,1539,2021-06-28 18:43:21,52.259355,1
138,199,21.116589,1540,2021-06-28 18:43:14,52.291521,1
139,156,20.956585,1541,2021-06-28 18:43:11,52.27869,1
140,170,21.029403,1542,2021-06-28 18:43:11,52.261238,1
141,156,21.052064,1543,2021-06-28 18:43:08,52.252986,3
142,338,21.0518333,1544,2021-06-28 18:43:14,52.2585383,01
143,122,20.898801,1546,2021-06-28 18:43:24,52.238573,013
144,338,21.0351317,1548,2021-06-28 18:43:18,52.255925,04
145,199,21.179643,1549,2021-06-28 18:43:21,52.269134,2
146,170,21.0542533,1550,2021-06-28 18:43:21,52.2612983,3
147,240,21.061805,1551,2021-06-28 18:43:22,52.3085383,3
148,221,20.9941183,1552,2021-06-28 18:43:22,52.2594667,2
149,106,20.966261,1554,2021-06-28 18:43:24,52.243346,06
150,L-4,21.016449,17451,2021-06-28 18:43:27,52.098843,1
151,L37,21.270039,17453,2021-06-28 18:43:25,52.336578,1
152,L40,21.15798,17454,2021-06-28 18:43:23,52.359779,1
153,L36,21.225586,17456,2021-06-28 18:43:23,52.367676,1
154,L35,21.289667,17458,2021-06-28 18:43:21,52.361885,1
155,L26,21.216169,17460,2021-06-28 18:43:23,52.330883,1
156,L46,21.159779,17461,2021-06-28 18:43:18,52.304249,1
157,L43,21.085232,17462,2021-06-28 18:43:24,52.305058,1
158,L45,21.166342,17465,2021-06-28 18:43:27,52.35931,1
159,L38,21.221564,17466,2021-06-28 18:43:25,52.345376,1
160,L37,21.217886,17467,2021-06-28 18:26:51,52.31123,2
161,L40,21.236103,17468,2021-06-28 18:43:16,52.348625,02
162,197,20.9767625,1800,2021-06-28 18:43:22,52.287428,4
163,110,20.9684416,1801,2021-06-28 18:43:20,52.2720906,4
164,132,20.9681931,1802,2021-06-28 18:43:21,52.2718833,1
165,166,21.0606211,1803,2021-06-28 18:43:26,52.1408138,8
166,122,20.9240045,1804,2021-06-28 18:43:24,52.2530368,5
167,173,21.222312,1805,2021-06-28 18:43:14,52.217834,4
168,204,21.0232346,1806,2021-06-28 18:43:13,52.2771525,3
169,122,20.9868826,1807,2021-06-28 18:43:11,52.2785748,4
170,303,20.9667416,1808,2021-06-28 18:43:17,52.2657718,1
171,147,21.0781073,1809,2021-06-28 18:43:21,52.226122,1
172,166,21.0366946,1810,2021-06-28 18:43:18,52.235857,2
173,152,21.043346,1811,2021-06-28 10:10:53,52.266126,06
174,204,21.0494213,1812,2021-06-28 18:43:14,52.3214931,2
175,736,21.0007878,1813,2021-06-28 18:43:24,52.2913455,1
176,147,21.243361,1814,2021-06-28 18:43:12,52.222276,07
177,240,21.118887,1815,2021-06-28 18:43:25,52.3382836,2
178,197,20.86256,1817,2021-06-28 18:43:16,52.1902418,9
179,240,21.1157466,1818,2021-06-28 18:43:20,52.3362578,05
180,221,20.971873,1819,2021-06-28 18:43:06,52.258676,1
181,117,21.1086838,1823,2021-06-28 18:43:21,52.2245585,05
182,146,21.0521966,1826,2021-06-28 18:43:25,52.237601,4
183,183,21.0871831,1828,2021-06-28 18:43:23,52.2446556,3
184,147,21.052477,1829,2021-06-28 18:43:14,52.2503051,5
185,722,21.101208,1830,2021-06-28 18:43:24,52.242511,1
186,147,21.1169918,1832,2021-06-28 09:25:20,52.2330478,09
187,146,21.1575741,1833,2021-06-28 18:43:16,52.16728,5
188,202,21.116848,1834,2021-06-28 09:35:30,52.233074,04
189,115,21.1702163,1835,2021-06-28 18:43:21,52.2770491,3
190,168,21.0299668,1837,2021-06-28 18:43:19,52.2068005,07
191,183,21.153286,1839,2021-06-28 18:43:10,52.253729,1
192,202,21.0911306,1840,2021-06-28 18:43:15,52.2500555,05
193,146,21.096976,1842,2021-06-28 18:43:11,52.21759,07
194,183,21.100693,1843,2021-06-28 18:43:23,52.242561,2
195,119,21.046994,1844,2021-06-28 18:43:21,52.197766,3
196,115,21.156018,1846,2021-06-28 18:43:10,52.23991,5
197,730,21.2647501,1847,2021-06-28 18:43:20,52.2067725,61
198,119,21.0072596,1848,2021-06-28 18:43:13,52.210215,4
199,173,21.0527176,1849,2021-06-28 18:43:21,52.2503076,9
200,183,21.1011701,1850,2021-06-28 18:43:19,52.2426661,4
201,173,21.1348328,1851,2021-06-28 18:43:18,52.2414726,1
202,722,21.2658498,1854,2021-06-28 18:43:22,52.1026828,53
203,147,21.1719255,1855,2021-06-28 18:43:23,52.2055993,3
204,146,21.2044803,1856,2021-06-28 18:43:21,52.1594958,1
205,117,21.0607261,1857,2021-06-28 18:43:22,52.2254843,2
206,115,21.2220683,1858,2021-06-28 18:43:22,52.1677186,1
207,146,21.091133,1859,2021-06-28 18:43:25,52.219682,09
208,115,21.2188376,1860,2021-06-28 18:43:25,52.1572255,6
209,119,21.134235,1862,2021-06-28 18:43:26,52.203431,2
210,173,21.243166,1863,2021-06-28 18:43:23,52.222538,3
211,146,21.0427216,1866,2021-06-28 18:43:21,52.238555,3
212,183,21.1567373,1867,2021-06-28 18:43:22,52.2558375,5
213,147,21.0521256,1869,2021-06-28 18:43:23,52.2501318,08
214,139,21.0259641,1901,2021-06-28 18:43:24,52.1786063,53
215,251,21.0239635,1903,2021-06-28 18:43:23,52.1795458,53
216,168,21.112796,1904,2021-06-28 18:43:17,52.2365453,09
217,739,21.0146042,1905,2021-06-28 18:43:22,52.1891029,07
218,251,21.123111,1907,2021-06-28 18:43:26,52.0895232,54
219,178,20.9953013,1908,2021-06-28 18:43:24,52.1870391,012
220,222,21.0228839,1909,2021-06-28 18:43:20,52.206112,2
221,222,21.017855,1910,2021-06-28 18:43:18,52.237211,5
222,251,21.0236682,1911,2021-06-28 18:43:26,52.1796827,56
223,222,21.005028,1912,2021-06-28 18:43:23,52.244705,6
224,251,21.07605,1914,2021-06-28 18:43:26,52.168064,51
225,222,20.995878,1916,2021-06-28 18:43:26,52.193542,3
226,139,21.0925821,1917,2021-06-28 18:43:26,52.1049749,52
227,739,21.031639,1918,2021-06-28 18:43:27,52.095577,08
228,251,21.093977,1919,2021-06-28 18:43:28,52.146053,55
229,222,21.01796,1920,2021-06-28 18:43:27,52.237156,1
230,178,20.8978865,1991,2021-06-28 18:43:28,52.1884132,010
231,178,20.955601,1993,2021-06-28 18:43:25,52.21405,1
232,168,20.9958302,1994,2021-06-28 18:43:27,52.1862026,08
233,178,20.880716,1995,2021-06-28 18:43:27,52.189098,3
234,178,21.0126234,1996,2021-06-28 18:43:27,52.2462502,6
235,178,20.9677742,1998,2021-06-28 18:43:27,52.2288209,4
236,178,20.9946312,1999,2021-06-28 18:43:24,52.1888295,013
237,105,20.898771,2001,2021-06-28 18:43:27,52.238834,1
238,136,20.987186,2003,2021-06-28 18:43:26,52.190472,6
239,Z10,20.916365,2006,2021-06-28 18:43:26,52.224644,3
240,188,20.921665,2007,2021-06-28 18:43:27,52.196842,09
241,517,20.970318,2008,2021-06-28 18:43:26,52.219307,07
242,191,20.9199294,2009,2021-06-28 18:43:27,52.204784,3
243,184,20.957479,2010,2021-06-28 18:43:27,52.227573,4
244,124,20.920546,2011,2021-06-28 18:43:27,52.196678,03
245,401,20.861734,2013,2021-06-28 18:43:27,52.190544,1
246,182,21.067499,2014,2021-06-28 18:43:26,52.230022,012
247,171,20.9930807,2015,2021-06-28 18:43:24,52.241549,1
248,401,20.998768,2016,2021-06-28 18:43:26,52.178814,011
249,190,20.897573,2019,2021-06-28 18:43:26,52.239452,014
250,191,20.9226447,2020,2021-06-28 18:43:27,52.2042295,7
251,401,21.0209232,2021,2021-06-28 18:43:26,52.1815449,5
252,522,21.017701,2022,2021-06-28 18:43:26,52.213045,013
253,193,21.034699,2023,2021-06-28 18:43:24,52.1735179,06
254,189,20.8987539,2024,2021-06-28 18:43:27,52.2386944,14
255,401,20.8620434,2026,2021-06-28 18:43:24,52.1903386,8
256,522,21.047835,2027,2021-06-28 18:43:26,52.1895884,318
257,519,21.088406,2028,2021-06-28 18:43:27,52.157589,3
258,501,21.0558174,2029,2021-06-28 18:43:27,52.1818324,3
259,189,21.043892,2030,2021-06-28 18:43:26,52.173222,9
260,131,21.0132545,2032,2021-06-28 18:43:22,52.227059,10
261,522,21.04244,2033,2021-06-28 18:43:25,52.194271,07
262,189,20.914329,2035,2021-06-28 18:43:24,52.1997334,12
263,519,21.0497804,2036,2021-06-28 18:43:26,52.1872397,5
264,501,21.05471,2037,2021-06-28 18:43:25,52.181137,5
265,138,21.1008462,2038,2021-06-28 18:43:27,52.2606275,010
266,501,21.0164096,2040,2021-06-28 18:43:26,52.2228101,2
267,189,21.055344,2041,2021-06-28 18:43:26,52.181446,8
268,138,21.001627,2042,2021-06-28 18:43:27,52.191597,012
269,401,21.020565,2044,2021-06-28 18:43:26,52.173302,012
270,172,21.068031,2045,2021-06-28 18:43:26,52.182755,010
271,172,21.043764,2200,2021-06-28 18:43:27,52.192989,4
272,523,20.958069,2201,2021-06-28 18:43:26,52.224693,14
273,187,20.9867127,2202,2021-06-28 18:43:28,52.2163352,3
274,136,21.0346079,2203,2021-06-28 18:43:26,52.1509254,1
275,Z10,20.919088,2204,2021-06-28 18:43:26,52.256741,010
276,171,21.0228087,2205,2021-06-28 18:43:26,52.2291105,011
277,189,20.995554,2207,2021-06-28 18:43:26,52.179508,10
278,190,21.0785949,2209,2021-06-28 18:43:26,52.2908044,8
279,172,21.0656114,2210,2021-06-28 18:43:27,52.1852499,2
280,122,20.8976557,2212,2021-06-28 18:43:27,52.2584492,6
281,122,20.9626509,2213,2021-06-28 18:43:27,52.2595292,07
282,136,21.002588,2215,2021-06-28 18:43:23,52.179142,11
283,190,20.9213387,2216,2021-06-28 18:11:23,52.197379,018
284,401,20.9590491,2217,2021-06-28 18:43:27,52.1897499,09
285,Z10,20.9249597,2218,2021-06-28 18:43:26,52.2608709,5
286,148,21.0190622,2221,2021-06-28 18:43:27,52.1524375,8
287,523,20.976658,2222,2021-06-28 18:43:26,52.217953,1
288,191,20.983904,2223,2021-06-28 18:43:24,52.218159,9
289,189,20.9296334,2224,2021-06-28 18:43:27,52.1959382,2
290,191,20.870476,2225,2021-06-28 18:43:26,52.183483,5
291,517,20.967762,2226,2021-06-28 18:43:27,52.218739,3
292,136,20.984039,2231,2021-06-28 18:43:26,52.198303,013
293,189,20.955336,2232,2021-06-28 18:43:26,52.1907247,11
294,317,21.035919,2233,2021-06-28 18:43:27,52.173504,08
295,Z10,20.9139782,2235,2021-06-28 18:43:27,52.2369149,011
296,317,20.9522515,2236,2021-06-28 18:43:24,52.1841224,4
297,187,20.9359045,2240,2021-06-28 18:43:27,52.2012556,2
298,136,20.9649252,2241,2021-06-28 18:43:27,52.2372272,9
299,191,20.98023,2243,2021-06-28 18:43:27,52.2152189,1
300,171,20.933485,2244,2021-06-28 18:43:26,52.270157,4
301,Z10,20.915591,2245,2021-06-28 18:43:26,52.2289151,9
302,717,20.892571,2247,2021-06-28 18:43:21,52.182076,3
303,317,21.002964,2249,2021-06-28 18:43:27,52.178181,06
304,189,21.0345175,2252,2021-06-28 18:43:25,52.1734752,4
305,112,20.908146,2253,2021-06-28 18:43:25,52.228462,2
306,191,20.899763,2254,2021-06-28 18:43:27,52.19492,010
307,141,21.0841531,2256,2021-06-28 18:43:26,52.2444634,013
308,172,20.9554965,2257,2021-06-28 18:43:27,52.2120857,7
309,317,21.084316,2258,2021-06-28 18:43:27,52.167912,1
310,187,21.048532,2259,2021-06-28 18:43:27,52.207867,4
311,L48,21.303106,23481,2021-06-28 04:38:21,52.203297,1
312,L47,21.298458,23482,2021-06-28 18:43:24,52.241604,02
313,L47,21.298565,23483,2021-06-28 18:43:29,52.252975,1
314,L20,21.382746,24511,2021-06-28 18:43:23,52.110447,1
315,L20,21.471601,24512,2021-06-28 13:52:17,52.132278,1
316,L20,21.295452,24513,2021-06-28 18:43:27,52.101917,03
317,L20,21.471657,24515,2021-06-28 17:31:13,52.132061,2
318,245,21.093936,3400,2021-06-28 18:43:15,52.286261,2
319,112,20.912301,3401,2021-06-28 18:43:22,52.242473,018
320,412,21.0621493,3403,2021-06-28 18:43:24,52.3102803,01
321,112,21.0416825,3404,2021-06-28 18:43:20,52.2931576,7
322,412,21.036415,3405,2021-06-28 18:43:20,52.255454,05
323,500,21.0306483,3406,2021-06-28 18:43:24,52.266713,08
324,500,20.98198,3408,2021-06-28 18:43:24,52.253225,2
325,160,21.00237,3409,2021-06-28 18:43:23,52.2293578,013
326,245,21.1306126,3410,2021-06-28 18:43:16,52.2850046,05
327,114,21.041431,3411,2021-06-28 18:43:25,52.291146,011
328,500,21.0472313,3413,2021-06-28 18:43:24,52.2865491,1
329,190,21.0468011,3414,2021-06-28 18:38:08,52.2647838,027
330,114,20.9389793,3415,2021-06-28 18:43:20,52.3006041,09
331,114,21.0418656,3416,2021-06-28 18:43:23,52.293605,010
332,738,21.1813986,3417,2021-06-28 18:43:24,52.4172096,3
333,738,21.1199,3418,2021-06-28 18:43:11,52.340938,4
334,190,21.0469601,3421,2021-06-28 18:43:23,52.2636593,021
335,500,21.0218266,3422,2021-06-28 18:43:19,52.2639843,4
336,185,21.0484,3423,2021-06-28 18:43:25,52.1515483,10
337,512,21.0464583,3424,2021-06-28 18:43:22,52.2596726,2
338,512,21.0521578,3426,2021-06-28 18:43:16,52.2528941,3
339,169,21.046185,3427,2021-06-28 18:43:11,52.280988,2
340,185,21.024813,3428,2021-06-28 18:43:24,52.244388,7
341,500,21.0417516,3429,2021-06-28 18:43:24,52.300385,6
342,169,21.051714,3430,2021-06-28 18:43:25,52.2529468,3
343,112,20.886398,3431,2021-06-28 18:43:27,52.217059,3
344,Z26,21.0028845,3432,2021-06-28 18:43:25,52.2448258,1
345,Z26,21.036995,3434,2021-06-28 18:43:16,52.256695,6
346,175,21.0199758,3435,2021-06-28 18:43:20,52.232532,55
347,509,20.983937,3437,2021-06-28 18:43:23,52.3072019,5
348,132,21.0781058,3438,2021-06-28 18:43:23,52.3242681,06
349,738,21.052845,3439,2021-06-28 18:43:08,52.276596,1
350,414,20.963598,3440,2021-06-28 18:43:21,52.207988,07
351,512,21.056493,3441,2021-06-28 18:43:18,52.264526,5
352,500,21.0419693,3442,2021-06-28 18:43:21,52.3003823,7
353,509,21.0301081,3443,2021-06-28 18:43:19,52.255656,11
354,245,21.0448438,3444,2021-06-28 18:43:15,52.2622446,04
355,145,21.088105,3445,2021-06-28 18:43:26,52.2447133,8
356,509,21.101955,3446,2021-06-28 18:43:23,52.221968,14
357,162,21.0485163,3447,2021-06-28 18:43:22,52.2063531,6
358,190,20.8988075,3448,2021-06-28 18:43:22,52.2389495,2
359,112,21.0914248,3449,2021-06-28 18:43:19,52.3077845,9
360,112,20.9487916,3450,2021-06-28 18:43:22,52.2768565,12
361,114,21.043474,3451,2021-06-28 09:14:51,52.2654126,09
362,145,21.04704,3452,2021-06-28 18:43:22,52.2637338,015
363,527,21.0681011,3453,2021-06-28 18:43:22,52.323563,2
364,190,20.915231,3454,2021-06-28 18:43:06,52.229039,1
365,145,21.0785896,3455,2021-06-28 18:43:22,52.2867403,5
366,509,20.951906,3458,2021-06-28 18:43:19,52.3186523,355
367,245,21.0527961,3459,2021-06-28 18:43:22,52.2764786,1
368,190,21.0608936,3460,2021-06-28 18:43:17,52.2694291,022
369,114,20.928521,3462,2021-06-28 18:43:12,52.28475,2
370,190,20.9946816,3463,2021-06-28 18:43:17,52.242093,6
371,500,21.0407395,3464,2021-06-28 18:43:18,52.288347,5
372,114,20.9980885,3465,2021-06-28 18:43:02,52.2886528,6
373,112,20.9131208,3466,2021-06-28 18:43:23,52.2517778,1
374,245,21.0823901,3468,2021-06-28 18:43:25,52.2865906,03
375,114,21.0417425,3469,2021-06-28 18:43:25,52.3001553,7
376,L19,21.040792,36443,2021-06-28 18:43:20,52.015099,1
377,L17,21.008171,36444,2021-06-28 18:43:27,52.056744,1
378,L30,21.203749,36446,2021-06-28 18:43:28,51.940441,1
379,L28,21.124556,36447,2021-06-28 18:43:26,52.025082,1
380,L30,21.130491,36448,2021-06-28 18:18:01,51.968395,02
381,L42,21.127302,37531,2021-06-28 18:43:27,52.084755,52
382,L21,21.217508,37533,2021-06-28 18:43:23,51.981087,1
383,L16,21.097034,37534,2021-06-28 18:43:26,52.055347,1
384,L14,21.136862,37535,2021-06-28 18:43:28,52.108616,1
385,L15,21.115988,37536,2021-06-28 18:43:24,52.102604,51
386,L39,21.01742,38541,2021-06-28 18:43:25,52.06749,4
387,L39,21.031391,38545,2021-06-28 18:43:21,52.098141,3
388,L32,20.985119,38546,2021-06-28 18:43:20,52.003944,1
389,L39,21.004555,38547,2021-06-28 05:46:58,52.110222,1
390,L39,21.00573,38548,2021-06-28 18:43:28,52.110287,2
391,L23,21.020142,38549,2021-06-28 18:43:28,52.065903,51
392,L52,21.060307,38550,2021-06-28 18:43:17,52.084038,1
393,L12,21.029436,39551,2021-06-28 18:12:23,52.075226,062
394,L-2,20.990025,39552,2021-06-28 18:43:25,52.049377,063
395,L25,21.218878,39554,2021-06-28 18:43:24,51.981655,02
396,L25,21.025461,39555,2021-06-28 18:43:27,52.078194,1
397,L12,20.922417,39556,2021-06-28 18:43:27,52.03587,061
398,L-2,20.962261,39557,2021-06-28 18:43:22,52.032764,64
399,L-2,21.029428,39558,2021-06-28 18:43:29,52.074837,65
400,L13,21.040571,39560,2021-06-28 18:43:22,52.026634,1
401,L13,21.025286,39561,2021-06-28 18:43:27,52.075382,03
402,L13,21.073849,39562,2021-06-28 18:43:24,52.035149,2
403,L-5,21.021126,39565,2021-06-28 18:43:28,52.066418,1
404,255,20.931021,4200,2021-06-28 18:43:25,52.225327,2
405,703,20.9192749,4202,2021-06-28 18:43:27,52.1532289,52
406,197,20.940313,4205,2021-06-28 18:43:27,52.236549,2
407,902,20.9223249,4206,2021-06-28 16:30:27,52.1964574,M1
408,255,20.9426059,4207,2021-06-28 18:43:26,52.2239754,03
409,154,20.898472,4209,2021-06-28 18:43:26,52.258411,4
410,178,20.980581,4210,2021-06-28 18:43:26,52.229507,011
411,154,20.898211,4211,2021-06-28 18:43:25,52.258209,010
412,711,20.943615,4212,2021-06-28 18:43:27,52.175011,063
413,154,20.967548,4213,2021-06-28 18:43:27,52.194588,1
414,154,20.943954,4214,2021-06-28 18:43:27,52.175468,8
415,711,20.807349,4215,2021-06-28 18:43:27,52.1173237,061
416,122,20.9766381,4216,2021-06-28 18:43:26,52.2898905,3
417,197,20.9355154,4217,2021-06-28 18:43:26,52.2588477,3
418,197,20.8829206,4218,2021-06-28 18:43:26,52.2165931,1
419,255,20.979826,4219,2021-06-28 18:43:26,52.229347,1
420,197,20.8628832,4221,2021-06-28 18:43:28,52.1905809,10
421,129,20.9393517,4224,2021-06-28 18:43:27,52.2458984,2
422,121,20.9368422,4225,2021-06-28 18:43:26,52.2913225,03
423,197,20.973257,4227,2021-06-28 18:43:27,52.286259,5
424,154,20.958616,4228,2021-06-28 18:43:27,52.222397,6
425,902,21.0432814,4229,2021-06-28 18:43:26,52.2462282,M2
426,154,20.963203,4230,2021-06-28 18:43:26,52.195709,7
427,178,20.905733,4231,2021-06-28 18:43:26,52.188686,9
428,178,20.895962,4232,2021-06-28 18:43:26,52.185627,7
429,714,20.950317,4233,2021-06-28 18:43:26,52.238605,3
430,729,20.7955632,4234,2021-06-28 18:43:26,52.2646732,02
431,714,20.8385524,4235,2021-06-28 18:43:27,52.2539624,2
432,L-3,21.014544,42362,2021-06-28 18:43:24,52.081612,02
433,154,20.9420019,4237,2021-06-28 18:43:26,52.2372257,5
434,154,20.941734,4238,2021-06-28 18:43:27,52.231697,3
435,178,20.9145066,4239,2021-06-28 18:43:27,52.2009029,8
436,154,20.947159,4240,2021-06-28 18:43:25,52.17897,011
437,714,20.950119,4241,2021-06-28 18:43:24,52.238594,04
438,154,20.9728,4242,2021-06-28 18:43:25,52.2184964,2
439,154,20.897087,4243,2021-06-28 18:43:22,52.243942,09
440,901,20.9198154,4244,2021-06-28 18:43:27,52.1974877,1
441,901,20.997866,4246,2021-06-28 18:43:26,52.232914,3
442,714,20.868797,4247,2021-06-28 18:43:27,52.249447,1
443,729,20.850822,4248,2021-06-28 18:43:26,52.246922,1
444,121,20.973732,4249,2021-06-28 18:43:25,52.272171,2
445,L-1,20.915817,42494,2021-06-28 18:43:28,52.14045,1
446,L-4,21.0165,42495,2021-06-28 06:12:56,52.098907,2
447,L-3,20.834269,42500,2021-06-28 18:39:11,52.031113,1
448,146,21.2046488,4303,2021-06-28 18:43:27,52.1594695,06
449,119,21.1369631,4304,2021-06-28 18:43:27,52.2142324,07
450,117,21.0559508,4305,2021-06-28 18:43:27,52.2313988,4
451,147,21.1021479,4307,2021-06-28 18:43:27,52.2140169,010
452,142,21.0882234,4308,2021-06-28 18:43:27,52.2446307,08
453,702,21.2470714,4312,2021-06-28 18:43:28,52.1033207,1
454,105,16.9750897,4332,2021-06-26 13:35:37,52.5472771,4
455,N72,16.9763326,4333,2021-06-28 15:21:54,52.5456077,215
456,240,21.058166,4400,2021-06-28 18:43:27,52.300468,1
457,132,20.968704,4401,2021-06-28 18:43:27,52.271992,09
458,126,21.053492,4402,2021-06-28 18:43:27,52.2947577,2
459,120,21.0516311,4403,2021-06-28 18:43:24,52.2919485,5
460,166,21.027033,4404,2021-06-28 18:43:27,52.260033,3
461,156,21.0655862,4406,2021-06-28 18:43:27,52.275051,2
462,122,20.9839732,4407,2021-06-28 18:43:24,52.2767699,010
463,134,21.053804,4408,2021-06-28 18:43:25,52.352596,05
464,106,20.997635,4409,2021-06-28 18:43:26,52.236206,1
465,199,21.122202,4411,2021-06-28 18:43:26,52.278915,3
466,173,21.2238725,4413,2021-06-28 18:43:26,52.2505642,2
467,106,21.020542,4415,2021-06-28 18:43:23,52.243206,2
468,106,21.027023,4416,2021-06-28 18:43:23,52.23975,07
469,170,21.080711,4417,2021-06-28 18:43:26,52.277584,2
470,106,21.023071,4418,2021-06-28 18:43:24,52.241436,3
471,120,21.0509836,4419,2021-06-28 18:43:26,52.2525335,7
472,901,21.0363105,4420,2021-06-28 18:43:25,52.221995,4
473,126,21.0521659,4421,2021-06-28 18:43:27,52.2929754,1
474,338,21.1007185,4422,2021-06-28 18:43:25,52.2606124,02
475,106,20.966146,4423,2021-06-28 18:43:26,52.233185,5
476,901,21.0060404,4424,2021-06-28 18:43:27,52.2380434,2
477,156,20.927982,4425,2021-06-28 18:43:25,52.290848,5
478,166,21.027176,4427,2021-06-28 18:43:26,52.259918,4
479,156,21.02157,4428,2021-06-28 18:43:26,52.286705,4
480,303,20.9002199,4429,2021-06-28 18:43:27,52.297374,2
481,106,21.010714,4430,2021-06-28 18:43:27,52.239399,08
482,338,21.0886,4434,2021-06-28 18:43:25,52.261433,03
483,122,20.8976617,5200,2021-06-28 18:43:17,52.2457142,08
484,171,21.0441281,5201,2021-06-28 18:43:08,52.2226853,8
485,517,20.9517185,5202,2021-06-28 18:43:17,52.2118527,09
486,523,20.897729,5203,2021-06-28 18:43:08,52.257878,020
487,401,20.919961,5204,2021-06-28 18:43:25,52.197398,013
488,105,20.9310982,5205,2021-06-28 18:43:19,52.223752,5
489,131,21.0500268,5206,2021-06-28 18:43:23,52.2023934,2
490,182,20.9227371,5207,2021-06-28 18:43:24,52.1966418,011
491,517,20.9103301,5208,2021-06-28 18:43:22,52.1953996,2
492,184,20.940319,5210,2021-06-28 18:43:15,52.282155,2
493,105,20.899088,5211,2021-06-28 18:43:08,52.238713,09
494,523,21.024143,5212,2021-06-28 18:43:18,52.2191492,015
495,Z10,20.929664,5213,2021-06-28 18:43:19,52.223601,1
496,184,20.9274146,5214,2021-06-28 18:43:20,52.2910063,1
497,523,21.0627079,5215,2021-06-28 18:43:26,52.2283775,7
498,131,21.0157278,5216,2021-06-28 18:43:21,52.2154273,8
499,189,20.9220571,5217,2021-06-28 16:49:01,52.1957361,11
500,122,20.9764403,5218,2021-06-28 18:43:24,52.2898574,011
501,401,20.9139661,5219,2021-06-28 18:43:24,52.1995077,6
502,124,20.943706,5222,2021-06-28 18:43:11,52.175216,1
503,190,21.0700992,5223,2021-06-28 18:43:24,52.2807933,7
504,517,21.0027082,5224,2021-06-28 18:43:22,52.233784,4
505,523,21.0847186,5225,2021-06-28 18:43:22,52.2438742,6
506,401,21.026588,5226,2021-06-28 18:43:19,52.1702902,4
507,189,21.019711,5227,2021-06-28 18:43:22,52.1734104,024
508,124,20.9651168,5228,2021-06-28 18:43:20,52.1516565,2
509,131,21.0687854,5229,2021-06-28 18:43:24,52.18151,5
510,523,21.1067591,5230,2021-06-28 18:43:22,52.2479794,016
511,189,21.0686643,5232,2021-06-28 18:43:23,52.1814682,7
512,148,21.0528732,5233,2021-06-28 18:43:16,52.1979151,011
513,105,20.89705,5234,2021-06-28 18:43:22,52.227276,011
514,105,20.8968163,5235,2021-06-28 18:43:22,52.2392473,3
515,517,20.8620533,5236,2021-06-28 18:43:17,52.1905716,1
516,171,21.0125036,5237,2021-06-28 18:43:17,52.2302136,6
517,401,20.8684955,5238,2021-06-28 18:43:24,52.1977197,7
518,182,20.9652658,5239,2021-06-28 18:43:21,52.21814,9
519,184,20.9510283,5240,2021-06-28 18:43:25,52.2290053,3
520,187,21.0085546,5241,2021-06-28 18:43:20,52.2172493,8
521,190,20.9221736,5243,2021-06-28 18:43:17,52.1970713,011
522,189,21.068829,5244,2021-06-28 18:43:18,52.1813257,018
523,105,20.9526894,5245,2021-06-28 18:43:17,52.2275065,6
524,148,21.0991953,5246,2021-06-28 18:43:18,52.2234918,012
525,716,20.9133829,5247,2021-06-28 18:43:22,52.2108528,1
526,141,21.0848297,5248,2021-06-28 18:43:23,52.2440764,7
527,317,20.965668,5249,2021-06-28 18:43:22,52.1833643,2
528,188,21.115153,5250,2021-06-28 18:43:20,52.24432,3
529,187,20.8943328,5251,2021-06-28 18:43:26,52.1923746,1
530,189,20.9153016,5253,2021-06-28 18:43:18,52.2285196,020
531,401,20.8932987,5254,2021-06-28 18:43:26,52.192744,010
532,190,21.0013205,5255,2021-06-28 18:43:18,52.2445806,016
533,148,21.0204372,5256,2021-06-28 18:43:17,52.1524616,1
534,716,20.828868,5257,2021-06-28 18:43:16,52.192906,2
535,188,21.0852978,5258,2021-06-28 18:43:21,52.2502145,4
536,105,20.89685,5260,2021-06-28 18:43:11,52.230243,08
537,723,21.000776,5401,2021-06-28 18:43:27,52.2913067,3
538,185,21.045774,5403,2021-06-28 18:43:27,52.217426,3
539,145,21.0767834,5404,2021-06-28 18:43:26,52.2868159,4
540,269,21.055267,5405,2021-06-28 18:43:26,52.275364,05
541,509,21.102272,5406,2021-06-28 18:43:24,52.221966,13
542,120,21.059116,5407,2021-06-28 18:43:24,52.302917,2
543,527,21.0617992,5408,2021-06-28 18:43:24,52.3094736,054
544,E-9,20.96759,5409,2021-06-28 18:43:25,52.271839,01
545,731,20.9450582,5410,2021-06-28 18:43:26,52.3646265,1
546,723,20.9181102,5412,2021-06-28 18:43:27,52.3793022,4
547,705,21.028614,5413,2021-06-28 18:43:26,52.356567,66
548,511,20.9293816,5414,2021-06-28 18:43:27,52.290859,1
549,723,20.915316,5416,2021-06-28 18:43:27,52.403019,1
550,E-9,21.059959,5417,2021-06-28 18:43:26,52.315735,02
551,511,20.969578,5418,2021-06-28 18:43:26,52.324272,2
552,120,21.036844,5419,2021-06-28 18:43:26,52.358204,3
553,160,20.99423,5420,2021-06-28 18:43:26,52.242153,5
554,511,20.94264,5421,2021-06-28 18:43:26,52.348614,3
555,160,21.002718,5423,2021-06-28 18:43:27,52.229172,012
556,511,20.9424362,5424,2021-06-28 18:43:23,52.3485336,06
557,116,20.924986,5425,2021-06-28 18:43:26,52.272335,14
558,116,20.934029,5426,2021-06-28 18:43:27,52.278522,11
559,527,21.044874,5428,2021-06-28 18:43:26,52.276039,1
560,731,21.000826,5429,2021-06-28 18:43:27,52.291245,2
561,145,21.126431,5430,2021-06-28 18:43:28,52.260254,11
562,160,21.0568302,5432,2021-06-28 18:43:26,52.3213244,7
563,414,20.955837,5434,2021-06-28 18:43:26,52.238327,08
564,527,21.059177,5436,2021-06-28 18:43:26,52.302456,3
565,705,20.9940884,5437,2021-06-28 18:43:27,52.3112287,1
566,731,20.9517234,5438,2021-06-28 18:43:27,52.4103397,4
567,738,21.1083297,5439,2021-06-28 18:43:27,52.3270979,2
568,735,21.0099344,5441,2021-06-28 18:43:27,52.4521784,64
569,160,21.046234,5443,2021-06-28 18:43:26,52.276169,2
570,E-9,20.9680462,5444,2021-06-28 18:43:27,52.2720269,04
571,705,21.048461,5445,2021-06-28 03:52:31,52.264575,65
572,735,20.9682244,5446,2021-06-28 18:43:24,52.2719969,62
573,114,20.94948,5447,2021-06-28 18:43:26,52.270599,08
574,735,21.031843,5448,2021-06-28 18:43:26,52.3894637,63
575,160,21.016529,5449,2021-06-28 18:43:27,52.246983,3
576,511,20.951368,5453,2021-06-28 18:43:23,52.344181,4
577,160,21.047113,5454,2021-06-28 18:43:25,52.263733,09
578,169,21.033997,5455,2021-06-28 18:43:24,52.255539,4
579,269,21.051809,5457,2021-06-28 18:43:27,52.276485,04
580,180,21.048189,5459,2021-06-28 18:43:27,52.207798,016
581,705,21.038319,5460,2021-06-28 18:43:26,52.431629,65
582,128,21.013775,5870,2021-06-28 18:43:27,52.245472,53
583,175,20.9785226,5871,2021-06-28 18:43:26,52.1777854,59
584,503,21.024822,5873,2021-06-28 18:43:24,52.220646,1
585,175,20.978039,5874,2021-06-28 18:43:23,52.169567,58
586,138,20.998108,5875,2021-06-28 18:32:12,52.18676,011
587,180,20.9282152,5877,2021-06-28 18:43:27,52.271524,017
588,709,20.9980821,5878,2021-06-28 18:40:30,52.187258,013
589,175,20.978201,5880,2021-06-28 18:43:24,52.169262,070
590,503,20.998394,5881,2021-06-28 18:43:24,52.255508,5
591,175,20.989609,5882,2021-06-28 18:43:24,52.224369,56
592,180,20.92499,5883,2021-06-28 18:43:25,52.272392,10
593,503,20.998091,5885,2021-06-28 18:03:22,52.18679,5
594,180,20.97345,5886,2021-06-28 18:43:24,52.254505,13
595,128,21.001057,5887,2021-06-28 18:43:24,52.227371,074
596,175,20.983709,5888,2021-06-28 18:43:23,52.197361,069
597,180,21.003712,5889,2021-06-28 18:43:23,52.250038,8
598,175,21.012825,5890,2021-06-28 18:43:24,52.243027,62
599,180,21.020971,5891,2021-06-28 18:43:27,52.231293,7
600,503,21.002539,5893,2021-06-28 18:43:21,52.254803,3
601,128,20.964191,5894,2021-06-28 18:43:24,52.208363,066
602,503,21.045252,5895,2021-06-28 18:43:24,52.182838,12
603,503,21.002295,5897,2021-06-28 18:43:27,52.254723,2
604,175,20.995176,5898,2021-06-28 18:43:23,52.226448,071
605,128,20.963463,5899,2021-06-28 18:43:26,52.207745,51
606,158,20.994761,5900,2021-06-28 18:43:22,52.226372,5
607,128,20.989592,5902,2021-06-28 18:43:23,52.221279,52
608,158,21.117201,5903,2021-06-28 18:43:26,52.233875,8
609,503,21.047619,5905,2021-06-28 18:43:26,52.155762,8
610,128,20.988832,5906,2021-06-28 18:43:26,52.212402,63
611,503,21.04417,5907,2021-06-28 18:43:27,52.173969,7
612,175,21.012709,5908,2021-06-28 18:43:27,52.242836,068
613,128,21.007147,5909,2021-06-28 18:43:24,52.22897,067
614,128,21.018007,5910,2021-06-28 18:43:25,52.236969,073
615,111,21.014223,5911,2021-06-28 18:43:24,52.240536,4
616,116,20.924938,5913,2021-06-28 18:43:22,52.272305,12
617,158,21.117779,5914,2021-06-28 18:37:45,52.233616,8
618,128,21.0129137,5915,2021-06-28 18:43:26,52.2432187,54
619,175,21.019461,5918,2021-06-28 18:43:23,52.233238,60
620,158,20.98908,5920,2021-06-28 18:43:27,52.224422,1
621,116,20.944895,5921,2021-06-28 18:43:26,52.277344,15
622,175,21.1163987,5923,2021-06-28 10:17:16,52.2339737,072
623,116,21.005362,5924,2021-06-28 18:43:23,52.249134,17
624,116,21.08415,5926,2021-06-28 18:43:26,52.167862,3
625,158,21.112803,5927,2021-06-28 18:43:27,52.236309,7
626,116,21.0847382,5928,2021-06-28 18:43:22,52.1666226,5
627,175,20.973511,5929,2021-06-28 18:43:22,52.170475,57
628,158,21.086771,5930,2021-06-28 18:43:23,52.236343,9
629,158,20.950132,5931,2021-06-28 18:43:26,52.211647,3
630,116,21.056358,5932,2021-06-28 18:43:19,52.1810749,6
631,111,20.993502,5933,2021-06-28 18:43:25,52.2485734,2
632,158,20.949305,5934,2021-06-28 18:43:25,52.211613,4
633,503,21.048948,5935,2021-06-28 18:43:27,52.153301,11
634,503,21.050179,5936,2021-06-28 18:43:23,52.144737,10
635,111,21.057335,5937,2021-06-28 18:43:26,52.237091,10
636,158,21.035566,5939,2021-06-28 18:43:16,52.234718,2
637,175,20.98576,5942,2021-06-28 18:43:26,52.204731,072
638,111,21.1156,5943,2021-06-28 18:43:17,52.235,7
639,158,21.052988,5945,2021-06-28 18:43:26,52.238533,6
640,111,21.102428,5946,2021-06-28 18:43:25,52.222065,8
641,111,21.059242,5947,2021-06-28 18:43:25,52.23526,5
642,503,21.029472,5948,2021-06-28 18:43:27,52.208603,013
643,503,21.042736,5950,2021-06-28 18:43:26,52.264099,4
644,180,21.078545,5951,2021-06-28 18:43:23,52.174587,2
645,518,20.942102,5952,2021-06-28 18:43:26,52.334572,7
646,160,21.060083,5954,2021-06-28 18:43:26,52.269238,010
647,160,21.048412,5956,2021-06-28 18:38:13,52.264847,013
648,111,20.97761,5958,2021-06-28 18:43:26,52.244427,011
649,160,21.042971,5959,2021-06-28 18:43:23,52.275288,08
650,111,20.979151,5960,2021-06-28 18:43:26,52.244339,3
651,116,20.924778,5962,2021-06-28 18:43:24,52.272434,13
652,111,21.020245,5963,2021-06-28 18:43:20,52.232094,1
653,518,20.996319,5964,2021-06-28 18:43:26,52.257504,3
654,518,20.942495,5965,2021-06-28 18:43:25,52.320526,08
655,518,20.977896,5966,2021-06-28 18:43:26,52.313187,2
656,160,20.997877,5967,2021-06-28 18:43:18,52.2346,011
657,180,20.933479,5970,2021-06-28 18:43:24,52.271103,11
658,518,20.941536,5972,2021-06-28 18:43:26,52.33252,1
659,E-9,21.017805,5973,2021-06-28 18:43:25,52.295132,03
660,518,21.023579,5975,2021-06-28 18:43:22,52.228313,4
661,180,21.069101,5976,2021-06-28 18:43:27,52.181656,6
662,503,21.049953,5978,2021-06-28 18:43:26,52.144573,9
663,503,21.02092,5979,2021-06-28 18:43:26,52.231979,6
664,111,21.095119,5980,2021-06-28 18:43:24,52.227371,6
665,705,20.969542,5981,2021-06-28 18:43:18,52.274658,07
666,111,21.083834,5982,2021-06-28 18:43:26,52.226048,9
667,128,20.963722,5983,2021-06-28 18:43:25,52.207706,65
668,180,21.083847,5984,2021-06-28 18:43:23,52.167942,4
669,180,20.998133,5985,2021-06-28 18:43:23,52.249268,14
670,180,20.945614,5986,2021-06-28 18:43:27,52.268589,12
671,180,20.973194,5987,2021-06-28 18:43:25,52.254532,9
672,180,21.018349,5988,2021-06-28 18:43:27,52.235722,1
673,116,21.018322,5989,2021-06-28 18:43:16,52.235909,1
674,705,21.135857,5990,2021-06-28 18:43:26,52.482136,08
675,116,21.026524,5991,2021-06-28 18:43:27,52.214436,2
676,518,20.965713,5994,2021-06-28 18:43:27,52.273716,6
677,116,21.035648,5995,2021-06-28 18:43:27,52.201282,7
678,116,20.992216,5996,2021-06-28 18:43:27,52.262547,16
679,116,20.97291,5997,2021-06-28 18:43:24,52.271549,10
680,518,21.013903,5998,2021-06-28 18:43:27,52.245239,5
681,116,21.000856,5999,2021-06-28 18:43:25,52.252697,8
682,184,20.9318209,6200,2021-06-28 18:43:24,52.246899,7
683,112,21.037045,6201,2021-06-28 18:43:27,52.29641,11
684,187,20.943275,6203,2021-06-28 18:43:26,52.205837,9
685,167,21.082964,6204,2021-06-28 18:43:24,52.208359,013
686,728,20.9433752,6207,2021-06-28 18:43:27,52.1754792,02
687,Z10,20.9174561,6208,2021-06-28 18:43:26,52.2553212,7
688,703,20.835955,6209,2021-06-28 18:43:26,52.107212,91
689,414,20.961506,6210,2021-06-28 18:43:26,52.216698,04
690,713,20.7444302,6212,2021-06-28 18:43:27,52.2145816,3
691,414,21.0415214,6213,2021-06-28 18:43:26,52.2916499,03
692,184,20.963938,6214,2021-06-28 18:43:26,52.209152,5
693,191,20.8982236,6215,2021-06-28 18:43:27,52.1955647,6
694,105,20.9106969,6216,2021-06-28 18:43:26,52.2186621,7
695,167,21.008905,6217,2021-06-28 18:43:27,52.207745,1
696,105,20.9802769,6218,2021-06-28 18:43:26,52.2294831,010
697,136,21.047903,6220,2021-06-28 18:43:26,52.150997,4
698,189,20.896694,6221,2021-06-28 18:43:26,52.232204,13
699,187,21.048601,6222,2021-06-28 18:43:27,52.205795,5
700,105,20.922194,6223,2021-06-28 18:43:26,52.221634,4
701,517,20.861841,6224,2021-06-28 18:43:26,52.190815,6
702,717,20.8413182,6225,2021-06-28 18:43:27,52.180639,2
703,716,20.9294554,6226,2021-06-28 18:43:26,52.2239411,3
704,188,20.9745829,6227,2021-06-28 18:43:27,52.1686867,1
705,190,20.898821,6228,2021-06-28 18:43:26,52.238876,3
706,187,21.0484685,6229,2021-06-28 18:43:26,52.2061641,6
707,706,20.934198,6231,2021-06-28 18:43:26,52.194904,03
708,190,21.000607,6232,2021-06-28 18:43:23,52.244095,9
709,191,20.870371,6233,2021-06-28 18:43:27,52.18359,4
710,414,21.041981,6234,2021-06-28 18:43:27,52.3002054,02
711,112,21.0544392,6236,2021-06-28 18:43:27,52.2958825,10
712,114,20.929144,6237,2021-06-28 18:43:27,52.271271,4
713,728,20.8963629,6239,2021-06-28 18:43:27,52.0076942,1
714,414,21.003069,6240,2021-06-28 18:43:27,52.290791,01
715,517,20.86158,6241,2021-06-28 18:43:26,52.191135,5
716,182,20.978157,6242,2021-06-28 18:43:27,52.217232,7
717,706,20.9232687,6243,2021-06-28 18:43:27,52.136882,2
718,L29,20.526161,65471,2021-06-28 18:43:17,52.259003,1
719,L-6,20.863389,66524,2021-06-28 18:43:23,52.274942,02
720,L-6,20.771368,66525,2021-06-28 18:43:29,52.25642,1
721,190,20.9329689,7200,2021-06-28 18:43:27,52.2402342,10
722,189,21.0689069,7201,2021-06-28 18:43:26,52.1813422,6
723,112,21.082275,7202,2021-06-28 18:43:26,52.30447,019
724,141,21.024158,7203,2021-06-28 18:43:27,52.200104,4
725,317,20.9209959,7204,2021-06-28 18:43:26,52.1968915,07
726,131,21.0304059,7205,2021-06-28 18:43:26,52.2067711,011
727,523,20.940256,7206,2021-06-28 18:43:26,52.239384,10
728,189,21.019758,7207,2021-06-28 18:43:25,52.173286,019
729,414,20.963865,7208,2021-06-28 18:43:27,52.207909,06
730,721,20.8296544,7212,2021-06-28 18:43:27,52.0552035,02
731,112,20.8976614,7213,2021-06-28 18:43:26,52.2277157,5
732,191,20.962269,7214,2021-06-28 18:43:24,52.215729,2
733,112,21.054523,7215,2021-06-28 18:43:25,52.296059,8
734,713,20.930071,7216,2021-06-28 18:43:25,52.224846,2
735,189,20.8990412,7219,2021-06-28 18:43:27,52.2386667,022
736,517,21.010498,7220,2021-06-28 18:43:26,52.231663,09
737,187,20.862473,7222,2021-06-28 18:43:27,52.194984,12
738,122,20.972588,7223,2021-06-28 18:43:27,52.264774,2
739,721,20.927528,7225,2021-06-28 18:43:27,52.160789,1
740,706,20.942831,7226,2021-06-28 18:43:26,52.175983,1
741,114,20.920868,7227,2021-06-28 18:43:26,52.314312,3
742,114,20.9902,7228,2021-06-28 18:43:27,52.269932,1
743,517,20.913677,7230,2021-06-28 18:43:26,52.199223,08
744,713,20.881794,7231,2021-06-28 18:43:26,52.216351,04
745,717,20.964998,7232,2021-06-28 18:43:26,52.218266,1
746,189,20.962103,7233,2021-06-28 18:43:26,52.189007,3
747,713,20.9224614,7234,2021-06-28 18:43:26,52.2216975,1
748,187,20.882824,7235,2021-06-28 18:43:27,52.197163,10
749,184,20.955793,7237,2021-06-28 18:43:27,52.227806,6
750,141,21.048492,7238,2021-06-28 18:43:27,52.205978,5
751,189,20.899654,7239,2021-06-28 18:43:26,52.238724,16
752,184,20.926252,7240,2021-06-28 18:43:26,52.262672,8
753,317,21.045477,7241,2021-06-28 18:43:26,52.174915,5
754,141,20.9441277,7242,2021-06-28 18:43:24,52.1754777,1
755,523,20.981504,7243,2021-06-28 18:43:26,52.216099,9
756,401,20.977468,7244,2021-06-28 18:43:26,52.184158,3
757,187,21.014172,7245,2021-06-28 18:43:27,52.216858,7
758,190,21.0344509,7247,2021-06-28 18:43:27,52.2543951,017
759,188,20.987051,7248,2021-06-28 18:43:26,52.207119,5
760,171,20.931852,7249,2021-06-28 18:43:25,52.267578,3
761,317,20.9447716,7250,2021-06-28 18:43:27,52.1755309,3
762,105,20.898781,7251,2021-06-28 18:43:23,52.238777,2
763,167,21.044844,7252,2021-06-28 18:43:26,52.206745,4
764,122,20.9333575,7254,2021-06-28 18:43:26,52.270494,1
765,191,20.9663184,7256,2021-06-28 18:43:26,52.214678,8
766,190,20.901445,7257,2021-06-28 18:43:25,52.1994964,012
767,187,20.8620734,7258,2021-06-28 18:43:26,52.1909907,11
768,189,20.899063,7259,2021-06-28 18:43:25,52.23872,15
769,125,21.134897,7301,2021-06-28 18:43:23,52.230911,08
770,507,21.102417,7303,2021-06-28 18:43:26,52.221966,5
771,188,21.0324711,7304,2021-06-28 18:43:27,52.2210644,07
772,138,21.001911,7305,2021-06-28 18:43:26,52.2018484,4
773,151,21.0262782,7306,2021-06-28 18:43:26,52.2194664,04
774,509,20.9421665,7307,2021-06-28 18:43:27,52.3342189,7
775,138,21.1005299,7308,2021-06-28 18:43:26,52.2606377,1
776,188,20.9864864,7310,2021-06-28 18:43:26,52.2065815,2
777,182,21.0358347,7312,2021-06-28 18:43:26,52.2219121,5
778,E-1,21.0388299,7314,2021-06-28 18:43:26,52.2437229,01
779,143,21.0059544,7315,2021-06-28 18:43:26,52.214763,7
780,188,21.064142,7316,2021-06-28 18:43:26,52.22905,08
781,402,20.9935839,7317,2021-06-28 18:43:24,52.1790171,3
782,182,21.112938,7318,2021-06-28 18:43:25,52.236107,4
783,182,21.1128267,7319,2021-06-28 18:43:26,52.2362779,3
784,411,21.0366524,7320,2021-06-28 18:43:26,52.2222567,01
785,182,20.993812,7322,2021-06-28 18:43:27,52.2164699,8
786,E-1,21.0437979,7323,2021-06-28 18:43:26,52.2376592,02
787,138,21.05267,7325,2021-06-28 18:43:27,52.230793,3
788,141,21.11286,7326,2021-06-28 18:43:26,52.23632,6
789,E-1,21.093,7327,2021-06-28 18:43:25,52.224972,03
790,182,21.013937,7328,2021-06-28 18:43:27,52.217312,1
791,523,21.0153967,7329,2021-06-28 18:43:27,52.2169309,017
792,171,20.9118355,7330,2021-06-28 18:43:26,52.2467521,5
793,162,21.115978,7331,2021-06-28 18:43:26,52.229256,013
794,141,21.0479937,7333,2021-06-28 18:43:25,52.2096579,8
795,116,21.021128,7334,2021-06-28 18:43:26,52.231079,69
796,110,20.899509,742,2021-06-28 18:43:21,52.325787,1
797,750,20.857386,745,2021-06-28 18:43:25,52.359943,07
798,250,20.927679,746,2021-06-28 18:43:23,52.291214,1
799,850,20.715483,749,2021-06-28 18:43:27,52.373405,2
800,150,20.93082,750,2021-06-28 18:43:24,52.291466,1
801,750,20.817562,755,2021-06-28 18:43:28,52.351868,2
802,110,20.968567,757,2021-06-28 18:43:27,52.272163,3
803,150,20.911907,758,2021-06-28 18:43:25,52.322403,2
804,750,20.928026,761,2021-06-28 18:43:21,52.290863,4
805,750,20.871243,762,2021-06-28 18:43:17,52.354347,1
806,850,20.796408,763,2021-06-28 18:43:22,52.370098,1
807,151,21.0834643,7701,2021-06-28 18:43:28,52.2327465,1
808,411,21.0372906,7702,2021-06-28 18:43:27,52.2222139,04
809,402,21.1560112,7703,2021-06-28 18:43:28,52.2402519,7
810,151,21.033201,7704,2021-06-28 18:43:27,52.2213734,05
811,110,16.9774837,7715,2021-06-28 18:40:35,52.5461099,3
812,150,20.8644425,773,2021-06-28 18:43:27,52.359740833,05
813,150,20.846651,774,2021-06-28 18:43:25,52.341343,3
814,250,20.886492,775,2021-06-28 18:43:27,52.333271,3
815,250,20.884846,776,2021-06-28 18:43:26,52.321903,2
816,750,20.8905094,777,2021-06-28 18:43:26,52.3398195,3
817,143,21.1003146,8103,2021-06-28 18:43:25,52.2427963,011
818,167,20.9255143,8108,2021-06-28 18:43:23,52.2339986,8
819,217,21.0701948,8109,2021-06-28 18:43:19,52.1643595,2
820,174,20.9977073,8110,2021-06-28 18:43:21,52.1818356,010
821,136,21.0019431,8112,2021-06-28 18:43:25,52.1798715,014
822,709,21.017749,8115,2021-06-28 18:43:23,52.0745423,8
823,174,21.008088,8119,2021-06-28 18:43:24,52.171106,6
824,136,20.9865391,8120,2021-06-28 18:43:19,52.206898,7
825,143,20.997056,8121,2021-06-28 18:42:10,52.187723,09
826,504,20.98707,8123,2021-06-28 18:43:19,52.207198,3
827,165,21.0205235,8124,2021-06-28 18:43:23,52.1796305,4
828,727,21.0228556,8125,2021-06-28 18:43:13,52.0750586,3
829,709,20.9972848,8126,2021-06-28 18:43:23,52.187465,014
830,402,21.0505076,8130,2021-06-28 18:43:23,52.1968861,5
831,136,20.989712,8131,2021-06-28 18:43:21,52.1832215,012
832,148,21.0871038,8133,2021-06-28 18:43:28,52.2447421,5
833,402,21.0530561,8134,2021-06-28 18:43:22,52.1981676,9
834,167,20.9737673,8135,2021-06-28 18:43:17,52.2121456,9
835,162,21.027274,8136,2021-06-28 18:43:10,52.25981,08
836,162,20.995932,8137,2021-06-28 18:43:27,52.1863866,011
837,162,21.0261903,8138,2021-06-28 18:43:19,52.2370571,7
838,136,21.0558343,8139,2021-06-28 18:43:16,52.1474948,016
839,168,20.9957791,8140,2021-06-28 18:43:25,52.1929685,4
840,504,20.9958145,8143,2021-06-28 18:43:19,52.186446,011
841,504,21.0025161,8144,2021-06-28 18:43:24,52.1778383,4
842,709,21.0182151,8145,2021-06-28 18:43:26,52.1315736,011
843,727,21.0243918,8146,2021-06-28 18:43:23,52.179976,2
844,148,21.097571,8148,2021-06-28 18:43:22,52.234708,6
845,709,21.0257346,8152,2021-06-28 18:43:21,52.0777753,1
846,217,21.0429656,8153,2021-06-28 18:43:23,52.1756073,1
847,136,20.957368,8154,2021-06-28 18:43:24,52.2265,8
848,131,21.0036658,8155,2021-06-28 18:43:18,52.2295615,9
849,709,21.0194315,8156,2021-06-28 18:43:21,52.1711833,6
850,308,20.9959045,8158,2021-06-28 18:43:20,52.1878135,01
851,136,21.0227096,8160,2021-06-28 18:43:22,52.155786,5
852,504,20.9885558,8162,2021-06-28 18:43:22,52.2247375,1
853,709,21.0126745,8164,2021-06-28 18:43:17,52.0735085,9
854,331,20.9970525,8165,2021-06-28 18:43:22,52.186926,03
855,148,21.0873745,8167,2021-06-28 18:43:22,52.2447845,4
856,218,21.024207,8168,2021-06-28 18:43:23,52.1797601,3
857,504,21.049099,8169,2021-06-28 18:43:18,52.1379786,5
858,131,21.0044811,8170,2021-06-28 18:43:23,52.2296993,1
859,167,20.9423571,8172,2021-06-28 18:43:17,52.2295415,010
860,143,21.000938,8173,2021-06-28 18:43:17,52.19915,010
861,218,21.0232703,8174,2021-06-28 18:43:26,52.1899248,1
862,727,20.9438021,8175,2021-06-28 18:43:10,52.036794,4
863,709,21.017769,8176,2021-06-28 18:43:11,52.137111,3
864,143,21.0547185,8177,2021-06-28 18:43:23,52.2263545,5
865,138,21.016793,8178,2021-06-28 18:43:19,52.2137623,7
866,709,21.0192851,8181,2021-06-28 18:43:17,52.0887906,7
867,136,21.0555338,8182,2021-06-28 18:43:21,52.1473361,2
868,218,21.009698,8183,2021-06-28 18:43:10,52.178683,4
869,131,21.0645538,8184,2021-06-28 18:43:15,52.1859756,6
870,143,21.0551205,8185,2021-06-28 18:43:21,52.2266741,8
871,217,21.0241998,8187,2021-06-28 18:43:15,52.17968,4
872,185,21.044308,8188,2021-06-28 18:43:20,52.174773,9
873,504,21.0682775,8189,2021-06-28 18:43:22,52.1294413,7
874,709,21.0241105,8190,2021-06-28 18:43:22,52.1799346,5
875,131,21.0250643,8192,2021-06-28 18:43:20,52.2107346,4
876,504,21.004094,8195,2021-06-28 18:43:24,52.2294848,2
877,504,20.9962111,8196,2021-06-28 18:43:24,52.1793373,013
878,218,21.0024401,8197,2021-06-28 18:43:20,52.1801771,2
879,174,21.004284,8199,2021-06-28 18:43:19,52.171104,4
880,402,20.9954726,8201,2021-06-28 18:43:23,52.1798033,4
881,151,21.115749,8202,2021-06-28 10:44:07,52.233741,05
882,151,21.1175305,8204,2021-06-28 10:20:01,52.2338373,06
883,151,21.015398,8208,2021-06-28 18:43:27,52.216818,2
884,521,20.9903441,8214,2021-06-28 18:43:21,52.2249231,1
885,125,21.1964666,8216,2021-06-28 18:43:23,52.208313,2
886,182,21.078478,8218,2021-06-28 18:43:11,52.234799,013
887,509,21.052323,8220,2021-06-28 18:43:20,52.238481,023
888,182,21.102034,8222,2021-06-28 18:43:17,52.237713,2
889,509,21.091886,8223,2021-06-28 18:43:16,52.2250841,024
890,151,21.092539,8225,2021-06-28 18:43:23,52.231209,06
891,509,21.002061,8228,2021-06-28 18:43:24,52.291426,10
892,521,20.9641665,8229,2021-06-28 18:43:22,52.2078196,2
893,523,20.898289,8231,2021-06-28 18:43:18,52.258451,021
894,162,21.0373306,8233,2021-06-28 18:43:23,52.2178985,014
895,145,21.0002015,8300,2021-06-28 18:43:15,52.2913345,2
896,145,21.0879883,8301,2021-06-28 18:43:15,52.2448115,9
897,509,21.032472,8303,2021-06-28 18:43:14,52.2551416,3
898,171,20.9637791,8304,2021-06-28 18:43:17,52.2373191,010
899,509,21.116975,8305,2021-06-28 09:25:27,52.233583,022
900,117,21.0086561,8306,2021-06-28 18:43:21,52.2289825,3
901,116,21.084078,8309,2021-06-28 18:43:29,52.1680293,4
902,141,20.943691,8310,2021-06-28 18:43:10,52.175694,2
903,168,20.995493,8311,2021-06-28 18:43:18,52.1913718,3
904,151,21.105036,8312,2021-06-28 18:43:17,52.230204,3
905,720,21.154366,8313,2021-06-28 18:43:25,52.2262065,02
906,162,21.0352295,8314,2021-06-28 18:43:25,52.251227,2
907,117,21.0051321,8315,2021-06-28 18:43:22,52.2296166,06
908,521,21.171599,8318,2021-06-28 18:43:20,52.2008393,4
909,185,21.021871,8319,2021-06-28 18:43:19,52.142753,11
910,151,21.116836,8320,2021-06-28 09:58:49,52.233566,04
911,162,21.085073,8322,2021-06-28 18:43:22,52.193416,5
912,509,20.9678126,8323,2021-06-28 18:43:23,52.319452,9
913,148,21.043471,8324,2021-06-28 18:43:21,52.1679398,7
914,143,21.1378245,8326,2021-06-28 18:43:16,52.248425,1
915,145,21.0314561,8328,2021-06-28 18:43:23,52.2885166,1
916,507,21.0420766,8329,2021-06-28 18:43:17,52.2361218,08
917,148,21.0487508,8330,2021-06-28 18:43:22,52.1616396,2
918,145,21.1266546,8332,2021-06-28 18:43:21,52.2342926,7
919,523,20.8996335,8333,2021-06-28 18:43:18,52.258168,12
920,148,21.0495345,8334,2021-06-28 18:43:19,52.187507,3
921,145,21.0871951,8335,2021-06-28 18:43:21,52.245211,014
922,143,21.177188,8337,2021-06-28 18:43:17,52.256946,2
923,125,21.13448,8340,2021-06-28 18:43:25,52.230862,4
924,523,21.102643,8341,2021-06-28 18:43:25,52.246893,5
925,507,21.005308,8342,2021-06-28 18:43:24,52.229489,1
926,171,20.924894,8343,2021-06-28 18:43:18,52.272548,09
927,502,21.22246,8344,2021-06-28 18:43:21,52.2179383,1
928,507,21.055531,8345,2021-06-28 18:43:25,52.238581,3
929,145,21.000481,8348,2021-06-28 18:38:43,52.291424,3
930,507,21.102003,8349,2021-06-28 18:43:18,52.222124,6
931,145,21.100636,8350,2021-06-28 18:43:23,52.286018,012
932,507,21.10083,8351,2021-06-28 18:43:14,52.2232883,4
933,502,21.015399,8352,2021-06-28 18:43:22,52.218715,4
934,523,20.98159,8353,2021-06-28 18:43:15,52.2162733,2
935,502,21.140703,8354,2021-06-28 18:43:23,52.228209,011
936,523,21.012205,8356,2021-06-28 18:43:11,52.217151,8
937,514,21.017285,8358,2021-06-28 18:43:15,52.217398,3
938,523,21.061725,8359,2021-06-28 18:43:27,52.228415,3
939,507,21.074961,8360,2021-06-28 18:43:22,52.225743,7
940,202,21.04204,8361,2021-06-28 18:43:11,52.24208,1
941,502,21.0761017,8362,2021-06-28 18:43:13,52.2332883,2
942,188,20.978223,8363,2021-06-28 18:43:20,52.169441,6
943,138,20.99925,8364,2021-06-28 18:43:13,52.1692267,6
944,514,21.1814767,8365,2021-06-28 18:43:11,52.248165,1
945,523,21.0842633,8366,2021-06-28 18:43:12,52.2482617,4
946,502,21.1549783,8368,2021-06-28 18:43:15,52.22627,5
947,145,21.117193,8398,2021-06-28 18:42:13,52.233339,013
948,402,21.126481,8403,2021-06-28 18:43:18,52.233056,011
949,521,21.1882636,8408,2021-06-28 18:43:20,52.1841771,07
950,143,21.173201,8410,2021-06-28 18:43:13,52.261823,012
951,523,20.9328586,8414,2021-06-28 18:43:22,52.2402626,13
952,148,20.974155,8417,2021-06-28 18:43:14,52.1695298,9
953,148,20.9781195,8430,2021-06-28 18:43:26,52.1695406,010
954,162,21.0345641,8437,2021-06-28 18:43:22,52.2553371,012
955,125,21.1653338,8438,2021-06-28 18:43:10,52.215111,1
956,162,21.096053,8440,2021-06-28 18:43:23,52.243625,015
957,145,21.11141,8441,2021-06-28 18:43:27,52.2822674,6
958,269,21.047234,8442,2021-06-28 18:43:25,52.263737,01
959,723,20.970129,8443,2021-06-28 18:43:28,52.324272,2
960,114,20.975523,8445,2021-06-28 18:43:27,52.266155,5
961,120,21.0461137,8446,2021-06-28 18:43:26,52.2595097,6
962,731,20.958261,8447,2021-06-28 18:43:27,52.337524,3
963,160,21.0683819,8448,2021-06-28 18:43:26,52.3234362,1
964,132,20.9697945,8449,2021-06-28 18:43:26,52.2721939,04
965,412,21.071903,8450,2021-06-28 18:43:27,52.3243876,052
966,112,20.940567,8451,2021-06-28 18:43:27,52.277817,6
967,527,21.0540556,8452,2021-06-28 18:43:26,52.2742162,06
968,160,21.048275,8453,2021-06-28 18:43:26,52.260681,014
969,160,21.002747,8454,2021-06-28 18:43:27,52.229496,4
970,160,21.054976,8455,2021-06-28 18:43:25,52.274921,6
971,132,21.050654,8457,2021-06-28 18:43:07,52.315384,08
972,527,21.0606947,8458,2021-06-28 18:43:26,52.3250199,055
973,Z26,20.974306,8459,2021-06-28 18:43:27,52.235527,3
974,412,21.0917964,8460,2021-06-28 18:43:26,52.3068884,053
975,120,21.0458259,8461,2021-06-28 18:42:52,52.3439377,4
976,414,20.967455,8462,2021-06-28 18:43:26,52.273323,05
977,511,20.928022,8463,2021-06-28 18:43:23,52.2911622,05
978,509,21.047224,8465,2021-06-28 18:43:26,52.247635,2
979,136,21.056249,8500,2021-06-28 18:43:15,52.147643,3
980,501,21.002828,8501,2021-06-28 18:43:23,52.229451,06
981,138,21.075865,8502,2021-06-28 18:43:09,52.260833,9
982,189,21.056143,8503,2021-06-28 18:43:19,52.18186,5
983,522,21.080053,8504,2021-06-28 18:43:13,52.157693,4
984,401,20.9196833,8505,2021-06-28 18:43:25,52.1983417,2
985,131,21.083815,8506,2021-06-28 18:43:11,52.168235,7
986,501,21.0483167,8507,2021-06-28 18:43:19,52.17811,4
987,138,21.042428,8508,2021-06-28 18:43:20,52.249696,2
988,189,20.916363,8509,2021-06-28 18:43:25,52.225526,1
989,501,21.0206217,8510,2021-06-28 18:43:23,52.210895,1
990,189,20.914021,8511,2021-06-28 18:43:10,52.20852,027
991,Z26,20.9792233,8512,2021-06-28 18:43:12,52.2368367,4
992,186,20.972331,8513,2021-06-28 18:43:22,52.320684,013
993,733,20.771615,8514,2021-06-28 18:43:23,52.077193,01
994,Z26,21.029345,8515,2021-06-28 18:43:16,52.2524317,7
995,522,21.013025,8516,2021-06-28 18:43:11,52.2280517,2
996,141,20.972335,8517,2021-06-28 18:43:19,52.1854667,10
997,519,21.069011,8519,2021-06-28 18:43:25,52.169606,7
998,519,21.031071,8520,2021-06-28 18:43:09,52.206324,1
999,186,20.969103,8522,2021-06-28 18:43:20,52.213754,10
1000,733,20.7998233,8523,2021-06-28 18:43:18,52.0891767,62
1001,522,21.056186,8525,2021-06-28 18:43:13,52.181298,011
1002,172,21.06914,8526,2021-06-28 18:43:13,52.181438,63
1003,172,20.989736,8528,2021-06-28 18:43:06,52.197319,5
1004,308,21.001276,8530,2021-06-28 18:43:25,52.188858,02
1005,172,21.02393,8532,2021-06-28 18:43:25,52.197608,1
1006,Z26,20.9798683,8533,2021-06-28 18:43:26,52.237185,2
1007,138,20.9953983,8534,2021-06-28 18:43:19,52.1702417,5
1008,522,21.008523,8535,2021-06-28 18:43:04,52.229143,1
1009,172,20.96883,8536,2021-06-28 18:43:11,52.214123,6
1010,522,21.079879,8537,2021-06-28 18:43:23,52.157623,5
1011,709,21.020691,8539,2021-06-28 18:43:17,52.175133,4
1012,172,20.9611817,8540,2021-06-28 18:43:27,52.2166833,8
1013,185,20.975776,8541,2021-06-28 18:43:24,52.289693,6
1014,172,20.980344,8543,2021-06-28 18:43:18,52.201728,9
1015,519,21.0155233,8544,2021-06-28 18:43:18,52.2202,4
1016,522,21.016899,8546,2021-06-28 18:43:07,52.21388,012
1017,522,21.0680933,8547,2021-06-28 18:43:11,52.16899,6
1018,402,21.1479883,8548,2021-06-28 18:43:26,52.238395,010
1019,186,20.9955733,8549,2021-06-28 18:43:26,52.297205,015
1020,186,20.9582783,8550,2021-06-28 18:43:22,52.2241783,016
1021,709,21.015938,8551,2021-06-28 18:43:15,52.074441,10
1022,136,20.968516,8552,2021-06-28 18:43:08,52.213738,10
1023,Z26,21.00188,8555,2021-06-28 18:43:12,52.2448383,5
1024,519,21.002735,8556,2021-06-28 18:43:19,52.2292367,6
1025,Z26,20.9744617,8558,2021-06-28 18:43:16,52.2355917,08
1026,217,21.024615,8559,2021-06-28 18:43:17,52.187008,06
1027,519,21.0926717,8560,2021-06-28 18:43:23,52.1172833,2
1028,411,21.1005533,8561,2021-06-28 18:43:17,52.2233817,02
1029,521,21.2046267,8562,2021-06-28 18:43:17,52.1593317,09
1030,402,21.000985,8563,2021-06-28 18:43:13,52.178353,2
1031,521,21.120735,8564,2021-06-28 18:43:12,52.2371783,08
1032,502,21.0674,8565,2021-06-28 18:43:06,52.2299783,014
1033,502,21.234595,8566,2021-06-28 18:43:19,52.2163167,6
1034,402,20.9935167,8567,2021-06-28 18:43:21,52.1788883,014
1035,509,20.942036,8568,2021-06-28 18:43:23,52.33451,021
1036,171,20.917921,8569,2021-06-28 18:43:09,52.239583,2
1037,411,21.0975333,8571,2021-06-28 18:43:11,52.2239017,03
1038,E-1,21.102381,8572,2021-06-28 18:43:13,52.222031,04
1039,202,21.128735,8573,2021-06-28 18:43:06,52.2402167,2
1040,411,21.115896,8574,2021-06-28 10:20:57,52.233514,01
1041,720,21.32193,8576,2021-06-28 18:43:10,52.1535283,1
1042,162,21.08499,8578,2021-06-28 18:43:18,52.1932783,4
1043,125,21.042346,8579,2021-06-28 18:43:22,52.244086,09
1044,731,20.929921,8583,2021-06-28 18:43:14,52.415128,5
1045,269,21.042496,8584,2021-06-28 18:43:22,52.297298,02
1046,269,21.042381,8585,2021-06-28 18:43:24,52.297538,03
1047,514,21.1735033,8586,2021-06-28 18:43:12,52.2506417,2
1048,523,21.115558,8587,2021-06-28 08:55:25,52.233753,3
1049,145,21.0136483,8588,2021-06-28 18:43:23,52.27563,016
1050,514,21.0319533,8589,2021-06-28 18:43:25,52.2210817,4
1051,502,21.01562,8590,2021-06-28 18:43:14,52.2231167,3
1052,507,21.010463,8592,2021-06-28 18:43:17,52.229601,2
1053,145,21.1256617,8593,2021-06-28 18:43:22,52.2350033,10
1054,138,21.0437167,8595,2021-06-28 18:43:23,52.2489517,8
1055,186,20.9556568,8801,2021-06-28 18:43:18,52.2330226,11
1056,185,21.042078,8802,2021-06-28 18:43:23,52.1478356,1
1057,727,21.0186115,8803,2021-06-28 18:43:15,52.0986745,1
1058,217,21.0359685,8804,2021-06-28 18:43:20,52.176921,3
1059,185,20.991331,8805,2021-06-28 18:43:15,52.270311,4
1060,402,21.1557606,8806,2021-06-28 18:43:24,52.2401793,8
1061,131,21.0689988,8808,2021-06-28 18:43:26,52.1813135,3
1062,709,21.018347,8809,2021-06-28 18:43:23,52.1105261,2
1063,174,21.0101241,8810,2021-06-28 18:43:23,52.2028376,1
1064,165,21.0232145,8811,2021-06-28 18:43:24,52.1792323,3
1065,167,20.996967,8812,2021-06-28 18:43:26,52.1877556,011
1066,402,21.0421146,8813,2021-06-28 18:43:23,52.1712991,1
1067,167,21.0670428,8814,2021-06-28 18:43:12,52.2124,2
1068,167,21.083228,8816,2021-06-28 18:43:11,52.20826,3
1069,308,20.996518,8817,2021-06-28 18:43:20,52.187586,03
1070,504,21.01642,8818,2021-06-28 18:43:16,52.166544,9
1071,331,20.9970058,8819,2021-06-28 18:33:08,52.1877331,04
1072,522,21.020878,8820,2021-06-28 18:43:21,52.181483,014
1073,174,20.9967751,8821,2021-06-28 18:32:49,52.1875216,08
1074,174,20.9952979,8822,2021-06-28 18:43:25,52.1701678,5
1075,522,21.0782483,8823,2021-06-28 18:43:22,52.1572626,015
1076,167,20.9773608,8824,2021-06-28 18:43:25,52.211625,6
1077,709,21.0127388,8825,2021-06-28 18:43:24,52.0732143,012
1078,504,21.045552,8826,2021-06-28 18:43:22,52.1415656,8
1079,143,21.0853936,8828,2021-06-28 18:43:24,52.2445221,4
1080,509,21.0120678,8829,2021-06-28 18:43:20,52.2780841,4
1081,523,20.9109683,8830,2021-06-28 18:43:26,52.2476006,11
1082,125,21.0769155,8831,2021-06-28 18:43:19,52.2456536,5
1083,171,21.0432435,8832,2021-06-28 18:43:23,52.2227926,7
1084,141,21.0153446,8833,2021-06-28 18:43:21,52.1962286,9
1085,704,21.2684716,8834,2021-06-28 18:43:20,52.2221083,2
1086,521,21.204641,8835,2021-06-28 18:43:17,52.1594071,5
1087,182,21.013312,8837,2021-06-28 18:43:19,52.2169291,6
1088,182,20.9649148,8838,2021-06-28 18:43:18,52.2180178,010
1089,704,21.138823,8839,2021-06-28 18:43:12,52.229126,1
1090,185,20.9757145,8840,2021-06-28 18:43:22,52.2895963,5
1091,125,21.0412701,8841,2021-06-28 18:43:20,52.2414966,6
1092,521,21.045196,8843,2021-06-28 18:43:15,52.23682,3
1093,185,21.056033,8844,2021-06-28 18:43:21,52.1820338,2
1094,402,21.0252215,8845,2021-06-28 18:43:27,52.173468,013
1095,143,21.1380086,8846,2021-06-28 18:43:19,52.243398,3
1096,143,21.0067901,8847,2021-06-28 18:43:22,52.2171463,6
1097,125,21.1771221,8849,2021-06-28 18:43:23,52.2063026,3
1098,521,21.1211796,8850,2021-06-28 18:43:25,52.2366568,6
1099,523,20.956353,8851,2021-06-28 18:43:09,52.230313,019
1100,141,20.9575461,8852,2021-06-28 18:43:23,52.189826,3
1101,125,21.0982685,8853,2021-06-28 18:43:14,52.243264,7
1102,509,20.9414096,8854,2021-06-28 18:43:22,52.3321531,8
1103,402,21.1262775,8855,2021-06-28 18:43:23,52.2337376,6
1104,512,21.0611845,8856,2021-06-28 18:43:14,52.2850726,1
1105,509,21.082711,8857,2021-06-28 18:43:27,52.2260568,12
1106,169,21.0418755,8858,2021-06-28 18:43:22,52.3001176,1
1107,112,20.8830436,8859,2021-06-28 18:43:23,52.2147985,4
1108,512,21.0520285,8861,2021-06-28 18:43:19,52.2528648,4
1109,412,21.0519286,8862,2021-06-28 18:43:14,52.253583,04
1110,738,21.0455805,8864,2021-06-28 18:43:23,52.2649311,05
1111,500,21.0459893,8865,2021-06-28 10:43:17,52.2651186,08
1112,169,21.036406,8866,2021-06-28 18:43:13,52.299651,5
1113,162,21.0274393,8867,2021-06-28 18:43:19,52.2596415,1
1114,190,20.932239,8868,2021-06-28 18:43:15,52.2403103,5
1115,190,21.088586,8869,2021-06-28 18:43:17,52.303058,023
1116,190,21.0544075,8871,2021-06-28 18:43:25,52.2631633,025
1117,190,20.9914595,8872,2021-06-28 18:43:21,52.2440253,026
1118,738,21.194508,8873,2021-06-28 18:43:22,52.402823,06
1119,500,20.9823921,8874,2021-06-28 18:43:20,52.2531805,3
1120,190,20.9143651,8875,2021-06-28 18:43:23,52.234994,4
1121,162,21.0479383,8876,2021-06-28 18:43:22,52.2094541,3
1122,512,21.0617275,8878,2021-06-28 18:43:22,52.2851876,06
1123,509,21.0730253,8879,2021-06-28 18:43:13,52.2252665,1
1124,709,20.996574,8880,2021-06-25 18:58:33,52.18762,016
1125,186,20.9751778,8881,2021-06-28 18:43:22,52.2022836,014
1126,165,20.9923708,8882,2021-06-28 18:43:16,52.1595756,2
1127,128,20.96489,8883,2021-06-28 18:43:16,52.208101,64
1128,180,21.0838,8885,2021-06-28 18:43:21,52.1683791,5
1129,167,21.007775,8886,2021-06-28 18:43:26,52.2081348,5
1130,189,20.8986955,8887,2021-06-28 18:43:21,52.2386881,021
1131,175,21.0127433,8888,2021-06-28 18:43:23,52.2432021,61
1132,504,21.039687,8891,2021-06-28 18:43:20,52.1532266,012
1133,165,20.992419,8892,2021-06-28 18:43:16,52.16019,1
1134,116,21.05638,8893,2021-06-28 18:43:24,52.1813,53
1135,217,21.06944,8894,2021-06-28 18:43:25,52.165435,05
1136,136,20.9660483,8895,2021-06-28 18:43:22,52.2431311,015
1137,174,20.9990245,8896,2021-06-28 18:43:22,52.2311163,07
1138,180,21.0499155,8897,2021-06-28 18:43:23,52.2026738,015
1139,167,20.937208,8898,2021-06-28 18:43:19,52.235046,7
1140,504,21.068523,8899,2021-06-28 18:39:54,52.129174,6
1141,161,21.224705,9061,2021-06-28 18:43:24,52.186787,2
1142,161,21.207367,9063,2021-06-28 18:43:27,52.165077,3
1143,262,21.08778,9064,2021-06-28 18:43:21,52.286549,03
1144,314,21.029856,9065,2021-06-28 18:43:27,52.315418,04
1145,314,20.975279,9066,2021-06-28 18:43:26,52.317192,02
1146,104,21.032482,9068,2021-06-28 18:43:26,52.318485,2
1147,161,21.203743,9070,2021-06-28 18:43:24,52.182972,1
1148,225,21.16787,9071,2021-06-28 18:43:23,52.276394,2
1149,225,21.102417,9074,2021-06-28 18:43:23,52.222855,4
1150,225,21.126818,9075,2021-06-28 18:43:23,52.233372,3
1151,211,20.943014,9077,2021-06-28 18:43:27,52.344006,08
1152,314,20.952816,9078,2021-06-28 18:43:25,52.317303,01
1153,104,21.000208,9081,2021-06-28 18:43:26,52.291481,1
1154,314,21.045115,9082,2021-06-28 18:43:26,52.345066,03
1155,262,21.053667,9083,2021-06-28 18:43:26,52.276432,2
1156,225,21.128351,9088,2021-06-28 18:43:23,52.252823,1
1157,211,20.955429,9090,2021-06-28 18:43:24,52.329388,2
1158,211,20.966864,9091,2021-06-28 18:43:24,52.311913,07
1159,305,21.148468,9093,2021-06-28 18:43:26,52.227142,1
1160,900,20.944653,9094,2021-06-28 18:43:23,52.349457,1
1161,133,20.944559,9201,2021-06-28 18:43:20,52.322826,2
1162,207,20.870478,9202,2021-06-28 18:43:25,52.183331,03
1163,164,21.138053,9203,2021-06-28 18:43:23,52.145776,05
1164,239,21.030718,9205,2021-06-28 18:43:17,52.153927,51
1165,209,21.034914,9206,2021-06-28 18:43:23,52.155975,52
1166,209,20.981079,9208,2021-06-28 18:43:23,52.132809,54
1167,211,20.979927,9209,2021-06-28 18:43:25,52.301281,4
1168,177,20.88368,9210,2021-06-28 18:43:22,52.205738,3
1169,809,21.01231,9212,2021-06-28 18:43:23,52.123104,53
1170,211,20.942777,9213,2021-06-28 18:43:26,52.353727,6
1171,219,21.169224,9215,2021-06-28 18:43:26,52.184242,3
1172,208,20.954419,9216,2021-06-28 18:43:04,52.213246,1
1173,234,21.01404,9217,2021-06-28 18:43:25,52.310394,1
1174,239,21.03776,9218,2021-06-28 18:43:22,52.153988,057
1175,234,21.050922,9219,2021-06-28 18:43:22,52.340008,2
1176,249,20.89151,9221,2021-06-28 18:43:26,52.232029,1
1177,211,20.941349,9223,2021-06-28 18:43:25,52.355385,1
1178,201,20.926502,9224,2021-06-28 18:43:26,52.234016,3
1179,208,20.969683,9225,2021-06-28 18:43:22,52.213428,04
1180,208,20.975544,9226,2021-06-28 18:43:25,52.210251,05
1181,208,20.960476,9227,2021-06-28 18:43:26,52.201561,2
1182,219,21.106348,9228,2021-06-28 18:43:19,52.221436,2
1183,219,21.138302,9229,2021-06-28 18:43:21,52.214207,1
1184,201,20.935326,9230,2021-06-28 18:43:24,52.252495,2
1185,809,21.021347,9232,2021-06-28 18:43:26,52.143082,056
1186,264,21.083893,9233,2021-06-28 18:43:19,52.167671,1
1187,203,20.92835,9234,2021-06-28 18:43:26,52.291115,2
1188,201,20.925121,9235,2021-06-28 18:43:28,52.260651,5
1189,201,20.9459,9236,2021-06-28 18:43:23,52.239849,4
1190,239,21.032848,9237,2021-06-28 18:43:24,52.15498,055
1191,208,20.975639,9238,2021-06-28 18:43:22,52.210316,03
1192,207,20.891146,9239,2021-06-28 18:43:20,52.19717,02
1193,177,20.903465,9240,2021-06-28 18:43:24,52.189327,1
1194,133,20.973999,9241,2021-06-28 18:43:19,52.35088,3
1195,211,20.962051,9243,2021-06-28 18:43:21,52.315235,5
1196,207,20.908199,9244,2021-06-28 18:43:19,52.192184,01
1197,211,21.000778,9245,2021-06-28 18:43:24,52.291096,3
1198,164,21.084335,9246,2021-06-28 18:43:20,52.163464,04
1199,201,20.925055,9247,2021-06-28 18:43:23,52.260578,1
1200,164,21.063835,9250,2021-06-28 18:43:21,52.19239,3
1201,164,21.143543,9251,2021-06-28 18:43:22,52.141224,2
1202,164,21.100716,9252,2021-06-28 18:43:24,52.161282,1
1203,211,20.946697,9254,2021-06-28 18:43:24,52.332085,09
1204,199,21.075247,9301,2021-06-28 18:43:26,52.28669,06
1205,739,21.024326,9302,2021-06-28 18:43:21,52.179867,2
1206,739,21.018169,9304,2021-06-28 18:43:27,52.132465,3
1207,179,21.05785,9311,2021-06-28 17:43:22,52.131168,10
1208,123,21.06686,9312,2021-06-28 18:43:27,52.232807,08
1209,179,21.068657,9313,2021-06-28 18:43:21,52.128902,11
1210,153,21.177094,9314,2021-06-28 18:43:22,52.256916,2
1211,179,21.054024,9315,2021-06-28 18:43:21,52.15374,2
1212,135,21.048195,9316,2021-06-28 18:43:24,52.247822,3
1213,135,21.035324,9317,2021-06-28 18:43:22,52.25177,6
1214,135,21.034529,9318,2021-06-28 18:43:27,52.262905,2
1215,135,21.031124,9319,2021-06-28 18:43:24,52.261463,1
1216,179,21.035091,9320,2021-06-28 18:43:25,52.155735,4
1217,179,21.036978,9321,2021-06-28 18:43:27,52.162075,5
1218,123,21.052347,9322,2021-06-28 18:43:23,52.250206,5
1219,135,21.089705,9323,2021-06-28 18:43:28,52.231106,07
1220,179,21.056484,9324,2021-06-28 18:43:18,52.152649,9
1221,179,21.054272,9325,2021-06-28 18:43:26,52.138927,51
1222,256,21.051531,9326,2021-06-28 18:43:20,52.27655,2
1223,142,21.242058,9327,2021-06-28 18:43:20,52.169876,3
1224,179,21.036421,9328,2021-06-28 18:43:24,52.145943,8
1225,153,21.155579,9329,2021-06-28 18:43:23,52.265369,04
1226,123,21.0773959,9331,2021-06-28 09:44:24,52.2687066,07
1227,123,21.077486,9332,2021-06-28 15:39:21,52.268074,08
1228,142,21.089315,9333,2021-06-28 18:43:25,52.244884,5
1229,739,21.02157,9334,2021-06-28 18:43:24,52.098602,1
1230,153,21.155598,9335,2021-06-28 18:43:25,52.265392,3
1231,135,21.10261,9336,2021-06-28 18:43:23,52.243023,5
1232,739,21.0771987,9337,2021-06-28 16:56:14,52.2682345,2
1233,179,21.037127,9338,2021-06-28 18:43:26,52.162079,6
1234,256,21.0809004,9339,2021-06-28 18:43:27,52.2773629,1
1235,153,21.172606,9340,2021-06-28 18:43:20,52.285435,1
1236,142,21.164507,9341,2021-06-28 18:43:26,52.17215,4
1237,739,21.039721,9342,2021-06-28 18:43:24,52.080597,4
1238,256,21.067041,9343,2021-06-28 18:43:25,52.318142,4
1239,135,21.085987,9344,2021-06-28 18:43:21,52.238083,08
1240,739,21.043226,9345,2021-06-28 18:43:21,52.083603,05
1241,179,21.030973,9346,2021-06-28 18:43:27,52.154034,7
1242,135,21.107201,9347,2021-06-28 18:43:27,52.248394,4
1243,123,21.070326,9348,2021-06-28 18:43:24,52.250217,09
1244,179,21.024635,9349,2021-06-28 18:43:23,52.142925,3
1245,123,21.051167,9350,2021-06-28 18:43:27,52.252613,357
1246,142,21.083418,9351,2021-06-28 18:43:23,52.245174,1
1247,123,21.102047,9352,2021-06-28 18:43:23,52.242233,6
1248,739,21.017458,9353,2021-06-28 18:43:23,52.148342,06
1249,123,21.085417,9354,2021-06-28 18:43:25,52.223057,07
1250,199,21.141304,9355,2021-06-28 18:43:24,52.281265,05
1251,256,21.067125,9356,2021-06-28 18:43:25,52.323715,3
1252,142,21.163046,9357,2021-06-28 18:43:22,52.171783,2
1253,142,21.077633,9358,2021-06-28 16:02:28,52.267822,4
1254,256,21.065609,9359,2021-06-28 18:43:21,52.275051,5
1255,176,20.982359,9403,2021-06-28 18:43:22,52.35556,1
1256,176,21.006451,9405,2021-06-28 18:43:23,52.307423,05
1257,176,20.98222,9412,2021-06-28 18:43:27,52.355614,3
1258,197,20.936623,9413,2021-06-28 18:43:26,52.225136,012
1259,197,20.938309,9414,2021-06-28 18:43:21,52.250229,014
1260,103,20.968472,9415,2021-06-28 18:43:26,52.222054,2
1261,102,21.011213,9416,2021-06-28 18:43:26,52.239635,3
1262,157,20.99748,9417,2021-06-28 18:43:22,52.254917,7
1263,712,20.865021,9418,2021-06-28 18:43:25,52.27459,02
1264,516,20.95343,9420,2021-06-28 18:43:27,52.319519,5
1265,157,20.963739,9423,2021-06-28 18:43:27,52.20805,1
1266,103,20.968838,9424,2021-06-28 18:43:23,52.222107,4
1267,123,21.050421,9425,2021-06-28 18:43:23,52.240738,1
1268,157,20.992025,9426,2021-06-28 18:43:27,52.262573,3
1269,157,20.97644,9427,2021-06-28 18:43:25,52.289875,4
1270,157,20.981892,9428,2021-06-28 18:43:26,52.216907,9
1271,103,20.95223,9429,2021-06-28 18:43:25,52.287491,6
1272,157,20.96389,9432,2021-06-28 18:43:25,52.207951,10
1273,176,20.997227,9434,2021-06-28 18:43:25,52.319424,04
1274,516,21.000319,9435,2021-06-28 18:43:22,52.293129,1
1275,157,20.984232,9436,2021-06-28 18:43:27,52.247349,2
1276,157,20.974056,9437,2021-06-28 18:43:25,52.279282,6
1277,197,20.93716,9438,2021-06-28 18:43:23,52.252041,011
1278,197,20.950493,9439,2021-06-28 18:43:27,52.281075,016
1279,516,20.952972,9440,2021-06-28 18:43:27,52.318996,3
1280,123,21.050722,9441,2021-06-28 18:43:26,52.25246,3
1281,103,20.96736,9442,2021-06-28 18:43:26,52.228176,5
1282,102,21.090763,9443,2021-06-28 18:43:23,52.249989,1
1283,103,20.968698,9444,2021-06-28 18:43:25,52.222099,3
1284,103,20.926882,9445,2021-06-28 18:43:25,52.290237,7
1285,103,20.953466,9446,2021-06-28 18:43:25,52.261852,1
1286,123,21.09495,9447,2021-06-28 18:43:26,52.230076,4
1287,157,20.981161,9448,2021-06-28 18:43:25,52.21666,011
1288,516,20.942028,9449,2021-06-28 18:43:24,52.333935,4
1289,102,21.046343,9450,2021-06-28 18:43:23,52.236904,2
1290,157,20.976566,9451,2021-06-28 18:43:24,52.289902,5
1291,157,20.98667,9452,2021-06-28 18:43:24,52.240311,8
1292,176,21.031799,9453,2021-06-28 18:43:25,52.286835,2
1293,197,20.949974,9454,2021-06-28 18:43:22,52.280651,015
1294,712,20.93009,9455,2021-06-28 18:43:24,52.292557,1
1295,743,20.930273,9456,2021-06-28 18:43:26,52.224842,1
1296,197,20.929556,9457,2021-06-28 18:43:23,52.224751,013
1297,103,20.951935,9458,2021-06-28 18:43:23,52.288094,8
1298,194,20.930726,9501,2021-06-28 18:43:25,52.225030333,5
1299,707,20.898065667,9502,2021-06-28 18:43:24,52.132723667,1
1300,159,21.0848775,9503,2021-06-28 18:43:27,52.193921333,1
1301,103,20.969323333,9505,2021-06-28 18:43:25,52.255895333,09
1302,103,20.927322667,9506,2021-06-28 18:43:25,52.2899445,011
1303,220,20.913168667,9509,2021-06-28 18:43:25,52.252378833,3
1304,194,20.860129833,9510,2021-06-28 18:43:24,52.193837667,06
1305,737,21.036804167,9511,2021-06-28 18:43:27,52.161985333,56
1306,220,20.938656333,9513,2021-06-28 18:43:27,52.1715345,5
1307,715,21.024643333,9514,2021-06-28 18:43:25,52.143029667,53
1308,181,20.8998865,9515,2021-06-28 18:43:23,52.297153167,2
1309,737,20.973387667,9516,2021-06-28 18:43:24,52.096127833,54
1310,149,20.942806333,9519,2021-06-28 18:43:25,52.246793833,2
1311,159,21.054520167,9520,2021-06-28 18:43:26,52.194893167,8
1312,715,20.943519,9521,2021-06-28 18:43:23,52.176072167,1
1313,220,20.897489833,9522,2021-06-28 18:43:21,52.201883333,4
1314,220,20.896972,9523,2021-06-28 18:43:25,52.232279833,07
1315,220,20.925029667,9524,2021-06-28 18:43:26,52.2607655,2
1316,194,20.8951705,9525,2021-06-28 18:43:25,52.202949167,3
1317,181,20.952272167,9526,2021-06-28 18:43:27,52.287327,1
1318,715,21.036967333,9528,2021-06-28 18:43:26,52.1619805,058
1319,715,20.9496565,9529,2021-06-28 18:43:25,52.1455535,52
1320,707,20.946368167,9530,2021-06-28 18:43:25,52.086477833,03
1321,159,20.954647833,9531,2021-06-28 18:43:26,52.211968833,4
1322,194,20.930329333,9532,2021-06-28 18:43:24,52.224985833,1
1323,181,20.986328833,9533,2021-06-28 18:43:26,52.2695515,4
1324,181,20.934234333,9534,2021-06-28 18:43:24,52.30541,3
1325,159,21.027606833,9535,2021-06-28 18:43:23,52.224197167,7
1326,159,20.975790833,9537,2021-06-28 18:43:27,52.221233833,6
1327,737,20.904235,9539,2021-06-28 18:43:25,52.056359667,059
1328,220,20.896708333,9540,2021-06-28 18:43:26,52.231802333,1
1329,220,20.896689833,9542,2021-06-28 18:43:26,52.196395667,6
1330,737,21.028393833,9544,2021-06-28 18:43:24,52.1465505,07
1331,220,20.943807167,9545,2021-06-28 18:43:27,52.175323833,08
1332,149,20.897109833,9546,2021-06-28 18:43:22,52.239846167,5
1333,220,20.918722,9548,2021-06-28 18:43:24,52.256455333,09
1334,149,20.947520333,9550,2021-06-28 18:43:25,52.246897667,1
1335,715,20.9933935,9551,2021-06-28 18:43:25,52.110224833,55
1336,149,20.9143985,9552,2021-06-28 18:43:26,52.239119833,3
1337,194,20.867923167,9554,2021-06-28 18:43:24,52.191476833,07
1338,194,20.929678833,9555,2021-06-28 18:43:27,52.223276333,2
1339,159,20.992038,9556,2021-06-28 18:43:25,52.223628833,3
1340,149,20.878991167,9557,2021-06-28 18:43:19,52.2481765,4
1341,194,20.8931725,9558,2021-06-28 18:43:24,52.208999833,4
1342,159,20.9548245,9560,2021-06-28 18:43:26,52.211961833,5
1343,159,21.045827333,9561,2021-06-28 18:43:18,52.216192167,2
1344,118,21.015591,9671,2021-06-28 18:43:26,52.219227,2
1345,118,21.011045,9672,2021-06-28 18:43:23,52.293346,5
1346,326,21.061699,9673,2021-06-28 18:43:24,52.361828,04
1347,118,21.010588,9674,2021-06-28 18:43:22,52.256401,8
1348,152,21.004282,9676,2021-06-28 18:43:25,52.336342,5
1349,212,21.038303,9677,2021-06-28 18:43:24,52.263828,06
1350,118,21.042509,9678,2021-06-28 18:43:27,52.296734,7
1351,118,21.032694,9679,2021-06-28 18:43:25,52.230167,1
1352,326,21.016142,9680,2021-06-28 18:43:22,52.317894,02
1353,152,20.972183,9681,2021-06-28 18:43:25,52.321312,2
1354,212,21.056915,9682,2021-06-28 18:43:20,52.301888,5
1355,152,20.952568,9683,2021-06-28 18:43:20,52.317104,4
1356,212,21.057085,9684,2021-06-28 18:43:23,52.301849,1
1357,212,21.055021,9685,2021-06-28 18:43:25,52.27478,2
1358,326,20.984856,9686,2021-06-28 18:43:24,52.308331,05
1359,326,21.061899,9688,2021-06-28 18:43:20,52.361706,03
1360,118,21.019484,9689,2021-06-28 18:43:19,52.247578,4
1361,212,21.027155,9690,2021-06-28 18:43:21,52.259579,3
1362,326,20.969469,9692,2021-06-28 18:43:23,52.272263,01
1363,212,21.066233,9693,2021-06-28 18:43:24,52.276058,4
1364,152,21.060572,9695,2021-06-28 18:43:23,52.314949,1
1365,118,21.041363,9696,2021-06-28 18:43:23,52.300098,6
1366,118,21.015873,9697,2021-06-28 18:43:24,52.223217,3
1367,152,20.971453,9698,2021-06-28 18:43:22,52.334595,3
1368,710,21.135372,9801,2021-06-28 18:43:24,52.097427,4
1369,525,21.196848,9802,2021-06-28 18:43:21,52.208328,1
1370,127,20.960785,9804,2021-06-28 18:43:23,52.215965,56
1371,719,20.912872,9806,2021-06-28 18:43:20,52.23901,1
1372,127,21.03508,9808,2021-06-28 18:43:24,52.231075,2
1373,710,21.067675,9810,2021-06-28 18:43:25,52.129311,5
1374,719,20.738642,9812,2021-06-28 18:43:23,52.252113,3
1375,109,20.941743,9813,2021-06-28 18:08:00,52.239395,08
1376,Z10,20.924372,9814,2021-06-28 18:43:23,52.221912,2
1377,525,21.017302,9815,2021-06-28 18:43:20,52.217319,09
1378,742,21.093964,9816,2021-06-28 18:43:22,52.131035,1
1379,719,20.898174,9818,2021-06-28 18:43:27,52.239414,04
1380,719,20.731991,9820,2021-06-28 18:43:25,52.252956,2
1381,710,21.125254,9821,2021-06-28 18:43:21,52.101463,1
1382,184,20.960754,9823,2021-06-28 18:43:21,52.216347,010
1383,525,21.085449,9825,2021-06-28 18:24:36,52.236231,5
1384,525,21.129005,9826,2021-06-28 18:43:21,52.233307,7
1385,185,21.048409,9827,2021-06-28 18:43:27,52.208111,8
1386,127,21.013266,9828,2021-06-28 18:43:25,52.230053,4
1387,525,21.046799,9829,2021-06-28 18:43:19,52.224964,6
1388,Z10,20.912523,9830,2021-06-28 18:43:23,52.241436,8
1389,710,21.025051,9831,2021-06-28 18:43:22,52.075356,3
1390,127,20.988668,9833,2021-06-28 18:43:25,52.22506,1
1391,525,21.003799,9834,2021-06-28 18:43:23,52.229565,4
1392,742,21.209726,9835,2021-06-28 18:43:23,51.99398,02
1393,525,21.076345,9836,2021-06-28 18:43:25,52.233448,3
1394,185,21.021944,9837,2021-06-28 18:43:25,52.142529,12
1395,525,21.112856,9838,2021-06-28 18:43:23,52.232952,2
1396,724,21.097881,9839,2021-06-28 18:43:24,52.130783,1
1397,127,20.91349,9840,2021-06-28 18:43:26,52.206028,6
1398,127,20.895435,9843,2021-06-28 18:43:28,52.208786,7
1399,127,21.025032,9844,2021-06-28 18:43:27,52.241596,09
1400,127,21.019487,9845,2021-06-28 18:43:27,52.246273,3
1401,Z10,20.922222,9846,2021-06-28 18:43:27,52.259151,6
1402,Z10,20.912857,9847,2021-06-28 18:43:22,52.239273,4
1403,109,20.99156,9849,2021-06-28 18:43:20,52.231636,6
1404,109,21.036396,9851,2021-06-28 18:43:22,52.225227,5
1405,109,21.043144,9852,2021-06-28 18:43:19,52.22263,4
1406,210,20.767387,9902,2021-06-28 18:43:26,52.307816,5
1407,140,21.111465,9903,2021-06-28 18:43:24,52.360783,04
1408,520,21.096397,9905,2021-06-28 18:43:24,52.234795,011
1409,520,21.06295,9906,2021-06-28 18:43:23,52.228493,3
1410,140,21.06176,9907,2021-06-28 18:43:23,52.273434,08
1411,140,21.097166,9908,2021-06-28 18:43:24,52.31356,09
1412,140,21.111189,9909,2021-06-28 18:43:24,52.360901,2
1413,719,20.586391,9912,2021-06-28 18:43:22,52.257572,05
1414,520,21.15596,9913,2021-06-28 18:43:27,52.240383,08
1415,520,21.016415,9914,2021-06-28 18:43:25,52.222893,09
1416,520,21.00947,9915,2021-06-28 18:43:27,52.233978,6
1417,520,21.015257,9916,2021-06-28 18:43:23,52.223663,4
1418,193,20.99564,9918,2021-06-28 18:43:24,52.170147,2
1419,193,21.034166,9919,2021-06-28 18:43:23,52.1735,3
1420,140,21.087452,9920,2021-06-28 18:43:27,52.301529,05
1421,520,21.00211,9922,2021-06-28 18:43:24,52.243114,5
1422,193,21.036438,9923,2021-06-28 18:43:27,52.162266,4
1423,193,20.995359,9926,2021-06-28 18:43:26,52.170212,1
1424,520,21.001949,9927,2021-06-28 18:43:22,52.243259,010
1425,140,21.056559,9928,2021-06-28 18:43:26,52.274967,3
1426,186,20.950073,9929,2021-06-28 18:43:27,52.319649,12
1427,193,21.036409,9930,2021-06-28 18:43:24,52.161098,5
1428,186,20.987505,9932,2021-06-28 18:43:23,52.305027,4
1429,520,21.126675,9933,2021-06-28 18:43:23,52.23325,2
1430,186,20.942217,9934,2021-06-28 18:43:27,52.334114,2
1431,520,21.133648,9935,2021-06-28 18:43:26,52.240685,1
1432,186,20.975662,9936,2021-06-28 18:43:23,52.204521,6
1433,520,21.079567,9937,2021-06-28 18:43:24,52.235527,7
1434,186,20.94067,9940,2021-06-28 18:43:24,52.326595,3
1435,186,20.963728,9941,2021-06-28 18:43:23,52.207802,8
1436,210,20.828774,9942,2021-06-28 18:43:24,52.290867,4
1437,109,20.922331,9943,2021-06-28 18:43:27,52.240295,2
1438,186,20.963778,9945,2021-06-28 18:43:27,52.207848,9
1439,210,20.93125,9946,2021-06-28 18:43:25,52.290371,3
1440,109,20.996658,9948,2021-06-28 18:43:00,52.232769,3
1441,210,20.815783,9949,2021-06-28 18:43:22,52.292557,1
1442,210,20.931385,9950,2021-06-28 18:43:27,52.289875,2
1443,186,20.952648,9951,2021-06-28 18:43:26,52.261002,5
1444,186,20.972397,9953,2021-06-28 18:43:23,52.205639,67
1445,140,21.122805,9954,2021-06-28 18:43:28,52.344845,1
1446,o97B,21.423098,9999,2021-06-28 14:27:55,50.302967,7
