,Lines,Lon,VehicleNumber,Time,Lat,Brigade
0,213,21.2205731,1001,2021-06-28 17:55:18,52.1575753,1
1,213,21.117769,1003,2021-06-28 17:55:22,52.2145693,05
2,213,21.2070296,1004,2021-06-28 17:55:19,52.182807,3
3,196,21.177983,1005,2021-06-28 17:55:12,52.2620505,2
4,196,21.178228,1008,2021-06-28 17:55:19,52.259643,03
5,213,21.1887123,1009,2021-06-28 17:55:27,52.149851,4
6,213,21.0924298,1010,2021-06-28 17:55:19,52.224517,2
7,311,21.0838893,1012,2021-06-28 17:55:21,52.226433,1
8,196,21.176286,1014,2021-06-28 17:55:08,52.256844,1
9,311,21.0850985,1015,2021-06-28 17:55:21,52.238593,2
10,365,21.022858,1021,2021-06-28 17:55:21,52.179344,01
11,107,21.0480077,1023,2021-06-28 17:55:23,52.2084367,3
12,163,21.0952379,1025,2021-06-28 17:55:23,52.1863226,2
13,107,20.986031,1026,2021-06-28 17:55:23,52.245209,5
14,108,21.0232202,1027,2021-06-28 17:55:23,52.2288429,1
15,108,21.05617,1028,2021-06-28 17:55:22,52.18211,5
16,108,21.077394,1029,2021-06-28 17:55:21,52.208878,6
17,365,21.0237474,1031,2021-06-28 17:55:22,52.1798807,02
18,108,21.023853,1033,2021-06-28 17:55:20,52.17976,4
19,163,21.086958,1034,2021-06-28 17:55:23,52.159718,1
20,192,21.064753,1037,2021-06-28 17:55:23,52.137794,7
21,108,21.053796,1038,2021-06-28 17:55:14,52.180406,3
22,365,20.9968569,1039,2021-06-28 17:55:22,52.1699054,03
23,107,20.9793533,1040,2021-06-28 17:55:13,52.2445133,6
24,107,21.048646,1042,2021-06-28 17:55:14,52.206595,2
25,107,20.9924117,1043,2021-06-28 17:55:16,52.2451567,07
26,107,21.014793,1045,2021-06-28 17:55:20,52.232399,4
27,204,21.04933,1046,2021-06-28 17:55:19,52.321756,05
28,204,21.028613,1047,2021-06-28 17:55:15,52.300306,1
29,204,21.023091,1048,2021-06-28 17:55:15,52.27727,04
30,228,20.919686,1050,2021-06-28 17:55:20,52.210058,1
31,228,20.892963,1051,2021-06-28 17:55:09,52.200356,2
32,328,20.994775,1052,2021-06-28 17:55:14,52.150854,01
33,129,20.939558,1053,2021-06-28 17:55:18,52.245971,4
34,228,20.973661,1054,2021-06-28 17:55:08,52.193201,3
35,129,20.9226483,1055,2021-06-28 17:55:21,52.2042467,3
36,328,20.96273,1058,2021-06-28 17:55:04,52.195569,02
37,129,20.928191,1059,2021-06-28 17:55:19,52.233939,1
38,328,20.978844,1061,2021-06-28 17:55:23,52.177166,03
39,192,21.0238519,1062,2021-06-28 17:55:22,52.1799784,51
40,192,21.064728,1064,2021-06-28 17:55:23,52.137764,2
41,163,21.0839765,1065,2021-06-28 17:55:23,52.1677552,04
42,107,21.016714,1066,2021-06-28 17:55:23,52.229908,1
43,163,21.079298,1068,2021-06-28 17:55:23,52.183723,3
44,192,21.024347,1069,2021-06-28 17:55:23,52.1799219,4
45,163,21.049013,1070,2021-06-28 17:55:23,52.17831,05
46,192,21.036062,1074,2021-06-28 17:55:23,52.15192,6
47,108,21.0384467,1076,2021-06-28 17:55:22,52.2169702,2
48,192,21.0409317,1077,2021-06-28 17:55:21,52.1550659,3
49,192,21.068575,1079,2021-06-28 17:55:22,52.129124,1
50,736,21.029868,1101,2021-06-28 17:55:18,52.3287761,02
51,132,20.9687058,1109,2021-06-28 17:55:13,52.2719695,2
52,303,20.942403,1112,2021-06-28 17:55:11,52.297821,3
53,147,21.1495583,1113,2021-06-28 17:55:21,52.2009398,06
54,152,20.970381,1114,2021-06-28 17:55:15,52.334071,06
55,166,21.031653,1115,2021-06-28 17:55:14,52.205869,09
56,132,21.0565701,1116,2021-06-28 17:55:19,52.3243086,3
57,122,20.9754913,1117,2021-06-28 17:55:20,52.2891653,09
58,197,20.869153,1118,2021-06-28 17:55:17,52.1980786,7
59,126,20.9651353,1119,2021-06-28 17:55:18,52.3321578,3
60,168,20.995344,1200,2021-06-28 17:55:23,52.191387,2
61,119,21.026808,1202,2021-06-28 17:55:22,52.208588,1
62,178,20.9221959,1203,2021-06-28 17:55:23,52.2044267,2
63,178,20.957617,1204,2021-06-28 17:55:23,52.227283,5
64,168,21.0989522,1205,2021-06-28 17:55:23,52.2180617,6
65,166,21.027091,1206,2021-06-28 17:55:04,52.260028,1
66,166,21.069441,1208,2021-06-28 17:55:23,52.139118,5
67,222,21.004755,1211,2021-06-28 17:55:22,52.244846,4
68,174,20.9953482,1212,2021-06-28 17:55:22,52.1702304,371
69,174,21.005457,1213,2021-06-28 17:55:20,52.171944,3
70,218,21.023922,1214,2021-06-28 17:55:19,52.179863,5
71,166,21.045132,1216,2021-06-28 17:55:23,52.156212,7
72,168,21.1126135,1218,2021-06-28 17:55:22,52.2361361,5
73,119,21.205574,1220,2021-06-28 17:55:23,52.2100812,5
74,122,20.923962,1400,2021-06-28 17:55:18,52.2537533,012
75,121,20.923368,1401,2021-06-28 17:55:21,52.274753,04
76,134,20.9681773,1403,2021-06-28 17:55:21,52.2717568,1
77,110,20.9302641,1407,2021-06-28 17:55:19,52.2793813,05
78,240,21.070013,1408,2021-06-28 17:55:04,52.322698,4
79,173,21.052822,1411,2021-06-28 17:55:23,52.250355,5
80,117,21.004286,1412,2021-06-28 17:55:24,52.230743,1
81,702,21.1948466,1413,2021-06-28 17:55:22,52.1316589,2
82,168,21.001194,1415,2021-06-28 17:55:23,52.18898,1
83,202,21.052214,1416,2021-06-28 17:55:24,52.2477226,04
84,183,21.086937,1418,2021-06-28 17:55:21,52.244751,6
85,147,21.1018564,1419,2021-06-28 17:55:21,52.2143214,2
86,199,21.169632,1422,2021-06-28 17:55:21,52.264633,4
87,198,21.243261,1423,2021-06-28 17:55:22,52.221409,05
88,173,21.052887,1424,2021-06-28 17:55:22,52.250442,6
89,115,21.1881314,1425,2021-06-28 17:55:22,52.1854139,4
90,173,21.136295,1426,2021-06-28 17:55:23,52.241329,8
91,147,21.04203,1427,2021-06-28 17:55:20,52.239544,4
92,146,21.0526231,1428,2021-06-28 17:55:22,52.2504634,2
93,142,21.0881,1430,2021-06-28 17:55:19,52.244768,06
94,L41,20.850267,14422,2021-06-28 17:55:22,52.396259,1
95,L10,20.945259,14423,2021-06-28 17:55:07,52.437901,1
96,L11,20.889406,14424,2021-06-28 17:55:17,52.454205,1
97,L10,20.929451,14425,2021-06-28 17:55:24,52.394135,50
98,L-8,20.945215,14426,2021-06-28 14:51:54,52.437912,1
99,L41,20.854481,14427,2021-06-28 17:55:18,52.39539,02
100,L11,20.943783,14429,2021-06-28 17:55:20,52.399055,57
101,L34,20.847353,14430,2021-06-28 17:01:01,52.441017,2
102,L34,20.919453,14431,2021-06-28 17:55:27,52.406395,1
103,L11,20.855547,14432,2021-06-28 17:55:19,52.446747,51
104,L-8,20.945896,14434,2021-06-28 17:55:25,52.401253,02
105,L-8,21.079216,14435,2021-06-28 17:55:19,52.412254,1
106,L49,20.88476,14436,2021-06-28 17:55:22,52.411346,1
107,L31,21.117567,14438,2021-06-28 17:55:22,52.443867,1
108,L-9,20.959347,14439,2021-06-28 17:55:26,52.425041,054
109,L-9,20.949356,14440,2021-06-28 17:51:53,52.470913,055
110,134,21.061671,1500,2021-06-28 17:53:35,52.361798,04
111,134,21.0520751,1501,2021-06-28 17:55:19,52.3090115,3
112,110,20.963266,1502,2021-06-28 17:55:15,52.275293,2
113,240,21.1188291,1505,2021-06-28 17:55:22,52.3382571,06
114,132,20.9881228,1506,2021-06-28 17:55:21,52.2840943,07
115,134,21.050133,1507,2021-06-28 17:55:19,52.319043,2
116,126,21.0568316,1508,2021-06-28 17:55:16,52.3018775,5
117,132,21.0586955,1509,2021-06-28 17:55:22,52.3061315,05
118,166,21.07486,1510,2021-06-28 17:55:16,52.1336736,6
119,126,21.0253413,1513,2021-06-28 17:55:26,52.2868381,4
120,197,20.8625576,1514,2021-06-28 17:55:21,52.1902283,6
121,197,20.908919,1515,2021-06-28 17:55:19,52.2184546,8
122,121,20.9719445,1516,2021-06-28 17:55:15,52.2717315,1
123,173,21.243206,1519,2021-06-28 17:55:20,52.222116,10
124,202,21.128419,1521,2021-06-28 17:55:14,52.240146,07
125,202,21.128634,1522,2021-06-28 17:55:17,52.240228,3
126,146,21.16919,1523,2021-06-28 17:55:16,52.160564,08
127,730,21.120819,1524,2021-06-28 17:55:12,52.237123,052
128,119,21.105754,1525,2021-06-28 17:55:10,52.211291,06
129,147,21.209838,1526,2021-06-28 17:55:17,52.210909,09
130,198,21.243224,1528,2021-06-28 17:55:16,52.221506,3
131,702,21.100708,1530,2021-06-28 17:55:13,52.242924,03
132,198,21.222866,1531,2021-06-28 17:55:22,52.22232,2
133,115,21.170305,1533,2021-06-28 17:55:17,52.2771333,2
134,142,21.1212717,1534,2021-06-28 17:55:17,52.2369467,07
135,198,21.2243317,1535,2021-06-28 17:55:19,52.2338717,1
136,106,21.020585,1537,2021-06-28 17:55:20,52.243136,4
137,170,21.083058,1538,2021-06-28 17:55:09,52.275411,4
138,120,21.061489,1539,2021-06-28 17:55:21,52.361894,1
139,199,21.170166,1540,2021-06-28 17:55:11,52.265013,1
140,156,21.05211,1541,2021-06-28 17:55:13,52.252995,1
141,170,21.034908,1542,2021-06-28 17:55:08,52.255743,1
142,156,20.93814,1543,2021-06-28 17:55:06,52.286799,3
143,338,21.060981,1544,2021-06-28 17:55:10,52.262815,01
144,122,20.984961,1546,2021-06-28 17:55:20,52.268486,013
145,338,21.100788,1548,2021-06-28 17:55:16,52.260598,04
146,199,21.052998,1549,2021-06-28 17:55:17,52.276356,2
147,170,21.057318,1550,2021-06-28 17:55:15,52.263395,3
148,240,21.041603,1551,2021-06-28 17:55:18,52.292158,3
149,221,20.988271,1552,2021-06-28 17:55:21,52.260396,2
150,106,21.0256383,1554,2021-06-28 17:55:20,52.2410083,06
151,L-4,20.882559,17451,2021-06-28 17:55:19,52.080624,1
152,L26,21.166536,17452,2021-06-28 17:55:23,52.32148,02
153,L37,21.217834,17453,2021-06-28 17:30:49,52.31118,1
154,L40,21.241701,17454,2021-06-28 17:42:52,52.347198,1
155,L36,21.236439,17456,2021-06-28 17:55:19,52.336529,1
156,L35,21.316994,17458,2021-06-28 17:55:26,52.370995,1
157,L26,21.180492,17460,2021-06-28 17:55:25,52.337513,1
158,L46,21.100847,17461,2021-06-28 17:55:19,52.318066,1
159,L43,21.160637,17462,2021-06-28 17:55:06,52.303539,1
160,L45,21.145453,17464,2021-06-28 17:55:26,52.394615,02
161,L45,21.095732,17465,2021-06-28 17:55:20,52.311913,1
162,L38,21.243231,17466,2021-06-28 17:55:20,52.342316,1
163,L37,21.221617,17467,2021-06-28 17:55:22,52.344463,2
164,L40,21.10594,17468,2021-06-28 17:55:23,52.324619,02
165,197,20.9419636,1800,2021-06-28 17:55:11,52.2305381,4
166,110,20.8897263,1801,2021-06-28 17:55:21,52.3201795,4
167,132,21.0683843,1802,2021-06-28 17:55:18,52.3233695,1
168,166,21.0511486,1803,2021-06-28 17:55:14,52.2392865,8
169,122,20.9265571,1804,2021-06-28 17:55:20,52.2637045,5
170,173,21.101283,1805,2021-06-28 17:55:08,52.242595,4
171,204,21.0603493,1806,2021-06-28 17:55:10,52.3151911,3
172,122,20.8987216,1807,2021-06-28 17:55:06,52.2386418,4
173,303,20.9378065,1808,2021-06-28 17:55:19,52.2873418,1
174,147,21.2384576,1809,2021-06-28 17:55:16,52.2160883,1
175,166,21.0332573,1810,2021-06-28 17:55:19,52.2564588,2
176,152,21.043346,1811,2021-06-28 10:10:53,52.266126,06
177,204,21.0222258,1812,2021-06-28 17:55:21,52.285605,2
178,736,21.0282496,1813,2021-06-28 17:55:19,52.3794161,1
179,147,21.052838,1814,2021-06-28 17:55:08,52.236556,07
180,240,21.0008095,1815,2021-06-28 17:55:18,52.2914066,2
181,197,20.9457113,1817,2021-06-28 17:55:15,52.2392896,9
182,240,21.0471441,1818,2021-06-28 17:55:15,52.2864748,05
183,221,20.9941103,1819,2021-06-28 17:55:17,52.2594435,1
184,117,21.006406,1823,2021-06-28 17:55:20,52.2287,05
185,146,21.2047846,1826,2021-06-28 17:55:21,52.159475,4
186,183,21.191777,1828,2021-06-28 17:55:21,52.238627,3
187,147,21.134753,1829,2021-06-28 17:55:19,52.1996136,5
188,722,21.2537045,1830,2021-06-28 17:55:20,52.2210341,1
189,147,21.1169918,1832,2021-06-28 09:25:20,52.2330478,09
190,146,21.1467811,1833,2021-06-28 17:55:17,52.1754983,5
191,202,21.116848,1834,2021-06-28 09:35:30,52.233074,04
192,115,21.1866195,1835,2021-06-28 17:55:17,52.2467411,3
193,168,21.001505,1837,2021-06-28 17:55:07,52.195046,07
194,183,21.120733,1839,2021-06-28 17:55:03,52.237123,1
195,202,21.0418511,1840,2021-06-28 17:55:21,52.2419951,05
196,146,21.053411,1842,2021-06-28 17:55:07,52.235241,07
197,183,21.167601,1843,2021-06-28 17:55:21,52.253008,2
198,119,21.023151,1844,2021-06-28 17:55:17,52.211341,3
199,115,21.242026,1846,2021-06-28 17:55:07,52.169938,5
200,730,21.3780563,1847,2021-06-28 17:55:18,52.1993393,61
201,119,21.1817333,1848,2021-06-28 17:55:14,52.2070118,4
202,173,21.2217425,1849,2021-06-28 17:55:18,52.2462563,9
203,183,21.1383211,1850,2021-06-28 17:55:16,52.2435248,4
204,173,21.2431878,1851,2021-06-28 17:55:14,52.2212533,1
205,722,21.292276,1854,2021-06-28 17:55:19,52.171779,53
206,147,21.0522793,1855,2021-06-28 17:55:13,52.2501285,3
207,146,21.043213,1856,2021-06-28 17:55:20,52.247328,1
208,117,21.0590025,1857,2021-06-28 17:55:19,52.2270138,2
209,115,21.1579078,1858,2021-06-28 17:55:15,52.2574248,1
210,146,21.2109133,1859,2021-06-28 17:55:19,52.1544956,09
211,115,21.1722166,1860,2021-06-28 17:55:20,52.2057648,6
212,119,21.000261,1862,2021-06-28 17:55:05,52.206086,2
213,173,21.1382633,1863,2021-06-28 17:55:19,52.2392093,3
214,146,21.1134951,1866,2021-06-28 17:55:12,52.2046258,3
215,183,21.0871021,1867,2021-06-28 17:55:14,52.2446405,5
216,147,21.0909003,1869,2021-06-28 17:55:17,52.2216241,08
217,251,21.1029456,1903,2021-06-28 17:55:13,52.1248261,53
218,168,21.0211969,1904,2021-06-28 17:55:17,52.2105386,09
219,739,21.0397039,1905,2021-06-28 17:55:22,52.0805494,07
220,251,20.9952959,1906,2021-06-28 17:55:14,52.1858481,52
221,251,21.046358,1907,2021-06-28 17:55:13,52.174594,54
222,178,20.959212,1908,2021-06-28 17:55:18,52.1897604,012
223,222,21.0209266,1909,2021-06-28 17:55:20,52.2101413,2
224,222,21.021162,1910,2021-06-28 17:55:18,52.2314097,5
225,139,21.094978,1911,2021-06-28 17:55:22,52.10471,56
226,222,21.007372,1912,2021-06-28 17:55:18,52.189804,6
227,251,21.130177,1914,2021-06-28 17:55:24,52.093563,51
228,222,21.0058999,1916,2021-06-28 17:55:24,52.244685,3
229,139,21.027182,1917,2021-06-28 17:55:22,52.178455,52
230,739,21.018353,1918,2021-06-28 17:55:22,52.111408,08
231,139,21.03747,1919,2021-06-28 17:55:21,52.176964,55
232,222,20.995886,1920,2021-06-28 17:55:20,52.193439,1
233,178,20.9795909,1991,2021-06-28 17:55:23,52.2293427,010
234,178,20.883484,1993,2021-06-28 17:55:23,52.195381,1
235,168,21.091013,1994,2021-06-28 17:55:24,52.222347,08
236,178,21.0088294,1995,2021-06-28 17:55:23,52.2475312,3
237,178,20.8965319,1996,2021-06-28 17:55:24,52.1868527,6
238,178,21.0001237,1998,2021-06-28 17:55:22,52.2537154,4
239,178,20.959959,1999,2021-06-28 17:55:23,52.217522,013
240,105,20.9814737,2001,2021-06-28 17:55:20,52.2299271,1
241,136,20.963772,2003,2021-06-28 17:55:23,52.215717,6
242,Z10,20.915619,2006,2021-06-28 17:55:22,52.22879,3
243,188,20.9942412,2007,2021-06-28 17:55:23,52.2168136,09
244,517,20.8619234,2008,2021-06-28 17:55:21,52.1908294,07
245,191,20.920481,2009,2021-06-28 17:55:22,52.204742,3
246,184,20.945835,2010,2021-06-28 17:55:22,52.239445,4
247,124,20.9650376,2011,2021-06-28 17:55:23,52.1528904,03
248,401,21.026623,2013,2021-06-28 17:55:23,52.170345,1
249,182,21.009262,2014,2021-06-28 17:55:21,52.217323,012
250,171,20.9234865,2015,2021-06-28 17:55:22,52.2805207,1
251,401,20.8617501,2016,2021-06-28 17:55:23,52.1905981,011
252,190,21.061994,2019,2021-06-28 17:55:23,52.2707804,014
253,191,20.943272,2020,2021-06-28 17:55:22,52.205898,7
254,401,20.862053,2021,2021-06-28 17:55:23,52.1903676,5
255,522,21.041655,2022,2021-06-28 17:55:18,52.19503,013
256,193,21.0452487,2023,2021-06-28 17:55:22,52.1655244,06
257,189,20.961409,2024,2021-06-28 17:55:19,52.189312,14
258,401,21.01133,2026,2021-06-28 17:55:22,52.174603,8
259,522,21.0621824,2027,2021-06-28 17:55:23,52.175622,318
260,519,21.0100791,2028,2021-06-28 17:55:23,52.2296772,3
261,501,21.0154181,2029,2021-06-28 17:55:23,52.2193184,3
262,189,20.896614,2030,2021-06-28 17:55:22,52.233017,9
263,131,21.0688059,2032,2021-06-28 17:55:23,52.1815594,10
264,522,21.05213,2033,2021-06-28 17:55:22,52.185631,07
265,189,20.896709,2035,2021-06-28 17:55:23,52.235245,12
266,519,21.040312,2036,2021-06-28 17:55:22,52.196735,5
267,501,21.016813,2037,2021-06-28 17:55:21,52.214321,5
268,138,21.017637,2038,2021-06-28 17:55:23,52.204739,010
269,501,21.046391,2040,2021-06-28 17:55:22,52.190567,2
270,189,20.915367,2041,2021-06-28 17:55:20,52.228428,8
271,138,21.093468,2042,2021-06-28 17:55:23,52.26474,012
272,401,20.908138,2044,2021-06-28 17:55:22,52.192295,012
273,172,20.9641575,2045,2021-06-28 17:55:24,52.2172827,010
274,172,20.9557094,2200,2021-06-28 17:55:20,52.2118809,4
275,523,21.082525,2201,2021-06-28 17:55:23,52.240425,14
276,187,21.055294,2202,2021-06-28 17:55:23,52.193863,3
277,136,21.043333,2203,2021-06-28 17:55:22,52.14838,1
278,Z10,20.916355,2204,2021-06-28 17:55:23,52.224907,010
279,171,20.9181099,2205,2021-06-28 17:55:23,52.2580637,011
280,189,20.8988392,2207,2021-06-28 17:55:22,52.2387549,10
281,190,20.9139109,2209,2021-06-28 17:55:21,52.2391407,8
282,172,21.017855,2210,2021-06-28 17:55:21,52.196564,2
283,122,20.976362,2212,2021-06-28 17:55:20,52.289814,6
284,122,20.8977001,2213,2021-06-28 17:55:23,52.2464375,07
285,136,21.055983,2215,2021-06-28 17:55:21,52.147602,11
286,190,20.921337,2216,2021-06-28 17:55:23,52.197392,018
287,401,20.8674079,2217,2021-06-28 17:55:22,52.1913434,09
288,Z10,20.9128174,2218,2021-06-28 17:55:23,52.2394927,5
289,148,21.0364764,2221,2021-06-28 17:55:23,52.1470999,8
290,523,21.0444562,2222,2021-06-28 17:55:23,52.2243717,1
291,191,20.870298,2223,2021-06-28 17:55:22,52.184044,9
292,189,21.0689117,2224,2021-06-28 17:55:23,52.1813551,2
293,191,20.9826252,2225,2021-06-28 17:55:20,52.2178107,5
294,517,20.948757,2226,2021-06-28 17:55:22,52.209469,3
295,136,21.055722,2231,2021-06-28 17:55:23,52.1474149,013
296,189,20.89908,2232,2021-06-28 17:55:20,52.238709,11
297,317,20.9438412,2233,2021-06-28 17:55:21,52.1758872,08
298,Z10,20.911661,2235,2021-06-28 17:55:22,52.247067,011
299,317,21.0500746,2236,2021-06-28 17:55:23,52.1737907,4
300,187,21.0482946,2240,2021-06-28 17:55:22,52.178247,2
301,136,21.0277464,2241,2021-06-28 17:55:24,52.163041,9
302,191,20.884566,2243,2021-06-28 17:55:22,52.1894345,1
303,171,21.007393,2244,2021-06-28 17:55:22,52.237656,4
304,Z10,20.9128305,2245,2021-06-28 17:55:20,52.2399077,9
305,717,20.9077372,2247,2021-06-28 17:55:22,52.1866447,3
306,317,21.0359562,2249,2021-06-28 17:55:22,52.1735456,06
307,189,21.021027,2252,2021-06-28 17:55:22,52.173138,4
308,112,20.9405192,2253,2021-06-28 17:55:21,52.2778649,2
309,191,20.9707002,2254,2021-06-28 17:55:22,52.2133402,010
310,141,21.024147,2256,2021-06-28 17:55:23,52.19915,013
311,172,21.038979,2257,2021-06-28 17:55:23,52.198277,7
312,317,20.9442844,2258,2021-06-28 17:55:23,52.1754047,1
313,187,21.0079174,2259,2021-06-28 17:55:22,52.2173001,4
314,L48,21.303106,23481,2021-06-28 04:38:21,52.203297,1
315,L47,21.302134,23482,2021-06-28 17:55:22,52.247238,02
316,L47,21.318716,23483,2021-06-28 17:55:23,52.241379,1
317,L20,21.377247,24511,2021-06-28 17:55:24,52.113377,1
318,L20,21.471601,24512,2021-06-28 13:52:17,52.132278,1
319,L20,21.29233,24513,2021-06-28 17:55:21,52.099957,03
320,L20,21.471657,24515,2021-06-28 17:31:13,52.132061,2
321,245,21.0528791,3400,2021-06-28 17:55:13,52.2765061,2
322,112,21.092089,3401,2021-06-28 17:55:18,52.30733,018
323,412,21.0762493,3403,2021-06-28 17:55:19,52.2879145,01
324,112,21.020793,3404,2021-06-28 17:55:14,52.295956,7
325,412,21.079383,3405,2021-06-28 17:55:14,52.322606,05
326,500,21.0417608,3406,2021-06-28 17:55:19,52.3003143,08
327,500,21.0420315,3408,2021-06-28 17:55:19,52.3002718,2
328,245,21.0531236,3410,2021-06-28 17:55:16,52.2764186,05
329,114,20.921939,3411,2021-06-28 17:55:20,52.313453,011
330,500,21.0479005,3413,2021-06-28 17:55:18,52.2858356,1
331,190,21.0737265,3414,2021-06-28 17:55:18,52.2849105,027
332,114,21.0426485,3415,2021-06-28 17:55:14,52.2995258,09
333,114,20.9463613,3416,2021-06-28 17:55:23,52.2715223,010
334,738,21.0528013,3417,2021-06-28 17:55:21,52.2766395,3
335,738,21.076423,3418,2021-06-28 17:55:08,52.288478,4
336,190,21.0284666,3421,2021-06-28 17:55:23,52.2520911,021
337,500,21.030051,3422,2021-06-28 17:55:22,52.266483,4
338,185,21.0350316,3423,2021-06-28 17:55:23,52.1653483,10
339,512,21.0540195,3424,2021-06-28 17:55:16,52.2631223,2
340,512,21.0493386,3426,2021-06-28 17:55:21,52.28618,3
341,169,21.038761,3427,2021-06-28 17:55:08,52.269374,2
342,185,21.0375135,3428,2021-06-28 17:55:23,52.1457548,7
343,500,20.9821743,3429,2021-06-28 17:55:22,52.2531715,6
344,169,21.0418513,3430,2021-06-28 17:55:20,52.300063,3
345,112,20.951333,3431,2021-06-28 17:55:20,52.276643,3
346,Z26,21.0026208,3432,2021-06-28 17:55:18,52.244855,1
347,Z26,21.03534,3434,2021-06-28 17:55:04,52.255931,6
348,175,20.9778316,3435,2021-06-28 17:55:20,52.1695678,55
349,509,21.00833,3437,2021-06-28 17:55:22,52.2847511,5
350,132,20.9692753,3438,2021-06-28 17:55:09,52.2717636,06
351,738,21.1814503,3439,2021-06-28 17:55:15,52.4172031,1
352,414,21.042051,3440,2021-06-28 17:55:14,52.300086,07
353,512,21.042848,3441,2021-06-28 17:55:21,52.249794,5
354,500,21.016563,3442,2021-06-28 17:55:21,52.263033,7
355,509,21.0514683,3443,2021-06-28 17:55:19,52.2388008,11
356,245,21.1147883,3444,2021-06-28 17:55:17,52.2781708,04
357,145,21.1078155,3445,2021-06-28 17:55:17,52.2870515,8
358,509,20.9899583,3446,2021-06-28 17:55:20,52.3026516,14
359,162,21.026996,3447,2021-06-28 17:55:12,52.260088,6
360,190,20.9467876,3448,2021-06-28 17:55:17,52.2389041,2
361,112,20.9387998,3449,2021-06-28 17:55:19,52.2764285,9
362,112,20.884126,3450,2021-06-28 17:55:07,52.214958,12
363,114,21.043474,3451,2021-06-28 09:14:51,52.2654126,09
364,145,21.127169,3452,2021-06-28 17:55:21,52.25717,015
365,527,21.0581763,3453,2021-06-28 17:55:06,52.3004875,2
366,190,20.900185,3454,2021-06-28 17:55:19,52.2277823,1
367,145,21.1010648,3455,2021-06-28 17:55:06,52.2425601,5
368,509,21.0155755,3458,2021-06-28 17:55:15,52.2726966,355
369,245,21.0962096,3459,2021-06-28 17:55:21,52.2861628,1
370,190,21.0000433,3460,2021-06-28 17:55:19,52.2455868,022
371,114,20.966708,3462,2021-06-28 17:55:05,52.26583,2
372,190,21.0286828,3463,2021-06-28 17:55:23,52.2522023,6
373,500,20.9817451,3464,2021-06-28 17:55:13,52.2538528,5
374,114,20.9951536,3465,2021-06-28 17:55:17,52.2749556,6
375,112,20.8827711,3466,2021-06-28 17:55:18,52.2147993,1
376,509,21.094933,3467,2021-06-28 17:55:21,52.227334,022
377,245,21.1039088,3468,2021-06-28 17:55:20,52.2858933,03
378,114,20.9236348,3469,2021-06-28 17:55:20,52.2807453,7
379,L17,21.005386,36442,2021-06-28 17:55:21,52.004761,02
380,L19,21.029413,36443,2021-06-28 17:49:33,52.07513,1
381,L17,21.029497,36444,2021-06-28 17:55:20,52.074608,1
382,L19,21.037468,36445,2021-06-28 17:55:22,51.985596,02
383,L30,21.157167,36446,2021-06-28 17:54:15,51.94257,1
384,L28,21.122272,36447,2021-06-28 17:55:23,52.09024,1
385,L30,21.139324,36448,2021-06-28 17:55:24,51.949001,02
386,L42,21.116156,37531,2021-06-28 17:55:22,52.102623,52
387,L21,21.174351,37533,2021-06-28 17:54:11,52.049229,1
388,L16,21.173695,37534,2021-06-28 17:55:17,52.122166,1
389,L14,21.201895,37535,2021-06-28 17:55:24,52.079731,1
390,L15,21.11931,37536,2021-06-28 17:55:24,52.083572,51
391,L39,21.05221,38541,2021-06-28 17:55:24,52.101398,4
392,L23,21.025372,38543,2021-06-28 17:55:22,52.067509,M53
393,L23,21.029448,38544,2021-06-28 17:55:17,52.075039,052
394,L39,21.024372,38545,2021-06-28 17:55:17,52.061974,3
395,L32,21.075542,38546,2021-06-28 17:55:23,52.084949,1
396,L39,21.004555,38547,2021-06-28 05:46:58,52.110222,1
397,L39,21.030804,38548,2021-06-28 17:55:20,52.079792,2
398,L23,21.028242,38549,2021-06-28 17:55:26,52.074551,51
399,L52,21.000957,38550,2021-06-28 17:55:26,52.008015,1
400,L-2,20.962229,39551,2021-06-28 17:55:22,52.032654,062
401,L-2,21.018747,39552,2021-06-28 17:55:17,52.065014,063
402,L25,21.071053,39554,2021-06-28 17:55:20,52.047844,02
403,L25,21.109472,39555,2021-06-28 17:55:19,51.990265,1
404,L12,21.029478,39556,2021-06-28 17:55:23,52.07473,061
405,L12,21.029516,39557,2021-06-28 17:55:19,52.075436,64
406,L12,20.900269,39558,2021-06-28 17:55:26,52.012035,65
407,L13,20.995892,39560,2021-06-28 17:55:21,52.039543,1
408,L13,21.219599,39561,2021-06-28 17:55:22,51.979156,03
409,L13,21.012154,39562,2021-06-28 17:55:22,52.061085,2
410,L-5,20.961475,39565,2021-06-28 17:55:22,52.066689,1
411,255,20.9310695,4200,2021-06-28 17:55:24,52.2252214,2
412,703,20.856554,4202,2021-06-28 17:55:22,52.113846,52
413,197,20.959259,4205,2021-06-28 17:55:23,52.281258,2
414,902,20.9223249,4206,2021-06-28 16:30:27,52.1964574,M1
415,255,20.9523634,4207,2021-06-28 17:55:22,52.2277332,03
416,154,20.9636282,4209,2021-06-28 17:55:22,52.2174202,4
417,178,20.895956,4210,2021-06-28 17:55:22,52.185673,011
418,154,20.9741,4211,2021-06-28 17:55:19,52.208118,010
419,711,20.800045,4212,2021-06-28 17:55:21,52.090965,063
420,154,20.8984346,4213,2021-06-28 17:55:24,52.2516034,1
421,154,20.9671259,4214,2021-06-28 17:55:22,52.2181756,8
422,711,20.940641,4215,2021-06-28 17:55:24,52.173698,061
423,122,20.8985024,4216,2021-06-28 17:55:21,52.2510865,3
424,197,20.945395,4217,2021-06-28 17:55:22,52.264542,3
425,197,20.9756994,4218,2021-06-28 17:55:22,52.289756,1
426,255,20.960571,4219,2021-06-28 17:55:22,52.228115,1
427,197,20.9472091,4221,2021-06-28 17:55:21,52.2677702,10
428,129,20.8962424,4224,2021-06-28 17:55:23,52.1946664,2
429,121,20.974072,4225,2021-06-28 17:55:21,52.272858,03
430,197,20.87252,4227,2021-06-28 17:55:22,52.213257,5
431,154,20.9464609,4228,2021-06-28 17:55:23,52.1786676,6
432,902,21.0433167,4229,2021-06-28 17:55:23,52.2461704,M2
433,154,20.96298,4230,2021-06-28 17:55:23,52.195812,7
434,178,20.907569,4231,2021-06-28 17:55:22,52.1915982,9
435,178,20.984013,4232,2021-06-28 17:55:22,52.230618,7
436,714,20.808039,4233,2021-06-28 17:55:23,52.252972,3
437,729,20.8325634,4234,2021-06-28 17:55:19,52.2494079,02
438,714,20.9500815,4235,2021-06-28 17:55:22,52.238671,2
439,L-3,20.857769,42362,2021-06-28 17:55:21,52.029964,02
440,154,20.9444832,4237,2021-06-28 17:55:22,52.1755439,5
441,154,20.913408,4238,2021-06-28 17:55:22,52.239086,3
442,178,20.945345,4239,2021-06-28 17:55:21,52.207199,8
443,154,20.932703,4240,2021-06-28 17:55:19,52.240276,011
444,714,20.898252,4241,2021-06-28 17:55:22,52.239471,04
445,154,20.898466,4242,2021-06-28 17:55:24,52.258411,2
446,154,20.939313,4243,2021-06-28 17:55:24,52.2396292,09
447,901,21.0409417,4244,2021-06-28 17:55:22,52.221591,1
448,901,21.00322,4246,2021-06-28 17:55:22,52.229778,3
449,714,20.914577,4247,2021-06-28 17:55:21,52.23954,1
450,729,20.8775172,4248,2021-06-28 17:55:22,52.2417689,1
451,121,20.925173,4249,2021-06-28 17:55:20,52.27256,2
452,L-1,21.010132,42494,2021-06-28 17:55:20,52.073971,1
453,L-4,21.0165,42495,2021-06-28 06:12:56,52.098907,2
454,L-3,21.017653,42500,2021-06-28 17:55:16,52.067085,1
455,146,21.0585686,4303,2021-06-28 17:55:20,52.2276908,06
456,119,21.1024642,4304,2021-06-28 17:55:23,52.2138505,07
457,117,21.0534332,4305,2021-06-28 17:55:23,52.2354542,4
458,142,21.1542884,4308,2021-06-28 17:55:24,52.1731395,08
459,198,21.223655,4309,2021-06-28 17:55:23,52.2537185,04
460,702,21.262905,4312,2021-06-28 17:55:21,52.1080574,1
461,105,16.9750897,4332,2021-06-26 13:35:37,52.5472771,4
462,N72,16.9763326,4333,2021-06-28 15:21:54,52.5456077,215
463,240,21.101377,4400,2021-06-28 17:55:23,52.318386,1
464,132,21.068071,4401,2021-06-28 17:55:23,52.324085,09
465,126,20.9529495,4402,2021-06-28 17:55:22,52.3287199,2
466,120,21.0509431,4403,2021-06-28 17:55:23,52.2525824,5
467,166,21.0228622,4404,2021-06-28 17:55:23,52.2293074,3
468,156,21.04611,4406,2021-06-28 17:55:21,52.272865,2
469,122,20.943113,4407,2021-06-28 17:55:22,52.269161,010
470,134,20.968302,4408,2021-06-28 17:55:23,52.271908,05
471,106,21.003162,4409,2021-06-28 17:55:20,52.237293,1
472,199,21.083935,4411,2021-06-28 17:55:21,52.294689,3
473,173,21.21686,4413,2021-06-28 17:55:23,52.246559,2
474,106,20.9692846,4415,2021-06-28 17:55:22,52.2289511,2
475,106,20.965139,4416,2021-06-28 17:55:23,52.24036,07
476,170,21.020916,4417,2021-06-28 17:55:23,52.263752,2
477,106,20.997599,4418,2021-06-28 17:55:23,52.236168,3
478,120,21.066959,4419,2021-06-28 17:55:22,52.324238,7
479,901,21.009792,4420,2021-06-28 17:55:20,52.235554,4
480,126,21.012009,4421,2021-06-28 17:55:23,52.299995,1
481,338,21.0273044,4422,2021-06-28 17:55:23,52.2599019,02
482,106,21.017927,4423,2021-06-28 17:55:23,52.237091,5
483,901,21.011164,4424,2021-06-28 17:55:21,52.230976,2
484,156,21.047974,4425,2021-06-28 17:55:23,52.286003,5
485,166,21.041439,4427,2021-06-28 17:55:20,52.169544,4
486,156,20.930689,4428,2021-06-28 17:55:22,52.29147,4
487,303,20.9863719,4429,2021-06-28 17:55:23,52.2694711,2
488,106,21.0267371,4430,2021-06-28 17:55:23,52.2375832,08
489,338,21.0857189,4434,2021-06-28 17:55:24,52.2606332,03
490,122,20.9578965,5200,2021-06-28 17:55:16,52.2606023,08
491,171,20.912829,5201,2021-06-28 17:55:18,52.2393669,8
492,517,20.9516816,5202,2021-06-28 17:55:17,52.2118856,09
493,523,21.024976,5203,2021-06-28 17:55:03,52.219383,020
494,401,20.958253,5204,2021-06-28 17:55:19,52.190395,013
495,105,20.8989702,5205,2021-06-28 17:55:23,52.2388333,5
496,131,21.0304816,5206,2021-06-28 17:55:23,52.2067363,2
497,182,21.1129998,5207,2021-06-28 17:55:15,52.236001,011
498,517,20.9809086,5208,2021-06-28 17:55:22,52.2163827,2
499,184,20.964036,5210,2021-06-28 17:55:13,52.208088,2
500,105,20.937898,5211,2021-06-28 17:55:14,52.225516,09
501,523,21.017279,5212,2021-06-28 17:55:18,52.2172999,015
502,Z10,20.9136862,5213,2021-06-28 17:55:17,52.2373493,1
503,184,20.9659977,5214,2021-06-28 17:55:20,52.2181363,1
504,523,20.906133,5215,2021-06-28 17:55:08,52.254996,7
505,131,21.0486863,5216,2021-06-28 17:55:21,52.2066973,8
506,189,20.9220571,5217,2021-06-28 16:49:01,52.1957361,11
507,122,20.9239144,5218,2021-06-28 17:55:17,52.2521099,011
508,401,20.8955193,5219,2021-06-28 17:55:14,52.1934714,6
509,124,20.943461,5222,2021-06-28 17:55:08,52.175705,1
510,190,20.9793419,5223,2021-06-28 17:55:14,52.2375358,7
511,517,20.8617712,5224,2021-06-28 17:55:19,52.1908661,4
512,523,20.9310365,5225,2021-06-28 17:55:22,52.2402578,6
513,401,20.884947,5226,2021-06-28 17:55:19,52.1946016,4
514,189,21.0419288,5227,2021-06-28 17:55:22,52.1710216,024
515,124,20.9348159,5228,2021-06-28 17:55:20,52.1679037,2
516,131,21.003886,5229,2021-06-28 17:55:19,52.229281,5
517,523,20.9724979,5230,2021-06-28 17:55:22,52.2191192,016
518,189,20.9148772,5232,2021-06-28 17:55:23,52.1995821,7
519,148,20.9771929,5233,2021-06-28 17:55:16,52.1722537,011
520,105,20.896746,5234,2021-06-28 17:55:17,52.231953,011
521,105,20.8959836,5235,2021-06-28 17:55:22,52.2165445,3
522,517,21.0103626,5236,2021-06-28 17:55:17,52.2317518,1
523,171,21.0111954,5237,2021-06-28 17:55:10,52.2304412,6
524,401,20.914268,5238,2021-06-28 17:55:10,52.1999176,7
525,182,21.04409,5239,2021-06-28 17:55:19,52.224348,9
526,184,20.9480343,5240,2021-06-28 17:55:15,52.2340671,3
527,187,20.8620246,5241,2021-06-28 17:55:20,52.1909259,8
528,190,20.9149618,5243,2021-06-28 17:55:16,52.2294058,011
529,189,20.9587255,5244,2021-06-28 17:55:18,52.1898266,018
530,105,20.8966786,5245,2021-06-28 17:55:13,52.236945,6
531,148,21.0929599,5246,2021-06-28 17:55:18,52.225456,012
532,716,20.8962498,5247,2021-06-28 17:55:22,52.2009542,1
533,141,20.9628984,5248,2021-06-28 17:55:23,52.1885298,7
534,317,20.9507586,5249,2021-06-28 17:55:22,52.1827749,2
535,188,20.9884668,5250,2021-06-28 17:55:10,52.2111808,3
536,187,21.0504122,5251,2021-06-28 17:55:16,52.2010215,1
537,189,20.9167079,5253,2021-06-28 17:55:18,52.2249434,020
538,401,21.026181,5254,2021-06-28 17:55:16,52.173018,010
539,190,21.015673,5255,2021-06-28 17:55:19,52.246843,016
540,148,21.0945901,5256,2021-06-28 17:55:17,52.2293563,1
541,716,20.930233,5257,2021-06-28 17:55:13,52.225073,2
542,188,20.9794667,5258,2021-06-28 17:55:21,52.1752329,4
543,105,20.945074,5260,2021-06-28 17:55:05,52.226693,08
544,723,20.915268,5401,2021-06-28 17:55:22,52.410904,3
545,185,20.977051,5403,2021-06-28 17:55:20,52.279091,3
546,145,21.1017917,5404,2021-06-28 17:55:23,52.2424837,4
547,269,21.0542352,5405,2021-06-28 17:55:22,52.2743964,05
548,509,21.018843,5406,2021-06-28 17:55:22,52.26907,13
549,120,21.068203,5407,2021-06-28 17:55:22,52.322876,2
550,527,21.055084,5408,2021-06-28 17:55:20,52.275021,054
551,E-9,20.968075,5409,2021-06-28 17:55:22,52.272034,01
552,731,21.0008419,5410,2021-06-28 17:55:21,52.2912635,1
553,723,20.9377951,5412,2021-06-28 17:55:22,52.3602321,4
554,705,21.069862,5413,2021-06-28 17:55:24,52.474091,66
555,511,20.9601186,5414,2021-06-28 17:55:22,52.3364027,1
556,723,21.0007791,5416,2021-06-28 17:55:23,52.291335,1
557,E-9,20.9678204,5417,2021-06-28 17:55:22,52.271437,02
558,511,20.9309646,5418,2021-06-28 17:55:22,52.2927842,2
559,120,21.0547832,5419,2021-06-28 17:55:23,52.2746609,3
560,160,21.068449,5420,2021-06-28 17:55:24,52.323402,5
561,511,20.971563,5421,2021-06-28 17:55:20,52.32151,3
562,160,21.050281,5423,2021-06-28 17:55:22,52.2909282,012
563,511,20.9439255,5424,2021-06-28 17:55:23,52.3491744,06
564,116,21.030384,5425,2021-06-28 17:55:22,52.207626,4
565,116,20.9825899,5426,2021-06-28 17:55:22,52.269701,11
566,527,21.05537,5428,2021-06-28 17:55:23,52.275139,1
567,731,20.921368,5429,2021-06-28 17:55:24,52.381672,2
568,145,21.0002667,5430,2021-06-28 17:55:22,52.2913739,11
569,160,21.054058,5432,2021-06-28 17:55:22,52.269394,7
570,414,21.015472,5434,2021-06-28 17:55:24,52.293732,08
571,527,21.0642115,5436,2021-06-28 17:55:22,52.3248612,3
572,705,21.0906117,5437,2021-06-28 17:55:22,52.4703722,1
573,731,20.9310542,5438,2021-06-28 17:55:23,52.3946406,4
574,738,21.162235,5439,2021-06-28 17:55:23,52.391827,2
575,735,21.030506,5441,2021-06-28 17:55:23,52.429813,64
576,160,21.0025037,5443,2021-06-28 17:55:22,52.2294661,2
577,E-9,20.979515,5444,2021-06-28 17:55:22,52.279953,04
578,705,21.048461,5445,2021-06-28 03:52:31,52.264575,65
579,735,21.037952,5446,2021-06-28 17:55:22,52.413902,62
580,114,20.933966,5447,2021-06-28 17:55:19,52.271591,08
581,705,20.968142,5448,2021-06-28 17:55:23,52.272015,63
582,160,20.994341,5449,2021-06-28 17:55:22,52.242249,3
583,511,20.944183,5453,2021-06-28 17:55:23,52.271229,4
584,160,21.003447,5454,2021-06-28 17:55:22,52.229599,09
585,169,21.040726,5455,2021-06-28 17:55:23,52.299896,4
586,269,21.053032,5457,2021-06-28 17:55:23,52.276176,04
587,180,20.944134,5459,2021-06-28 17:55:23,52.272125,016
588,705,20.9817122,5460,2021-06-28 17:55:22,52.2810154,65
589,175,20.986956,5870,2021-06-28 17:55:22,52.20673,53
590,175,21.0128704,5871,2021-06-28 17:55:24,52.2430385,59
591,503,21.018391,5873,2021-06-28 17:55:22,52.235703,1
592,175,21.014648,5874,2021-06-28 17:55:19,52.230587,58
593,138,20.997105,5875,2021-06-28 17:55:21,52.169716,011
594,331,20.998991,5876,2021-06-28 17:55:24,52.188923,01
595,180,20.981113,5877,2021-06-28 17:55:22,52.253357,017
596,709,21.018402,5878,2021-06-28 17:55:21,52.120701,013
597,175,21.012676,5880,2021-06-28 17:55:23,52.243259,070
598,503,20.9970212,5881,2021-06-28 17:55:24,52.1878389,5
599,175,20.977919,5882,2021-06-28 17:55:23,52.180107,56
600,180,20.998054,5883,2021-06-28 17:55:23,52.249271,10
601,180,21.072403,5886,2021-06-28 17:55:22,52.179157,13
602,128,20.9725,5887,2021-06-28 17:55:22,52.205601,074
603,175,20.982674,5888,2021-06-28 17:55:20,52.195625,069
604,180,20.924797,5889,2021-06-28 17:55:20,52.272572,8
605,128,20.963707,5890,2021-06-28 17:55:19,52.207752,62
606,180,20.92503,5891,2021-06-28 17:55:19,52.2724,7
607,504,21.006481,5892,2021-06-28 17:55:19,52.171181,010
608,503,21.047024,5893,2021-06-28 17:55:24,52.190228,3
609,128,21.01296,5894,2021-06-28 17:55:23,52.243042,066
610,503,21.003956,5895,2021-06-28 17:55:22,52.257408,12
611,503,21.025766,5897,2021-06-28 17:55:16,52.217552,2
612,128,21.003483,5898,2021-06-28 17:55:21,52.227837,071
613,128,21.012949,5899,2021-06-28 17:55:22,52.243217,51
614,158,21.11767,5900,2021-06-28 17:55:23,52.233776,5
615,175,21.003717,5902,2021-06-28 17:55:22,52.227936,52
616,158,20.980001,5903,2021-06-28 17:55:20,52.221882,8
617,503,21.02887,5905,2021-06-28 17:55:23,52.209251,8
618,128,20.988037,5906,2021-06-28 17:55:20,52.216202,63
619,503,21.041718,5907,2021-06-28 17:55:20,52.171421,7
620,175,20.978117,5908,2021-06-28 17:55:24,52.16954,068
621,175,20.989674,5909,2021-06-28 17:55:21,52.224483,067
622,128,20.963442,5910,2021-06-28 17:55:23,52.207817,073
623,111,21.102228,5911,2021-06-28 17:55:21,52.22216,4
624,116,20.996702,5913,2021-06-28 17:55:23,52.257038,12
625,175,20.978868,5915,2021-06-28 17:55:14,52.18309,54
626,128,20.990156,5918,2021-06-28 17:55:20,52.222603,60
627,158,21.006311,5920,2021-06-28 17:55:20,52.228825,1
628,116,21.054506,5921,2021-06-28 17:55:19,52.183205,15
629,175,21.1163987,5923,2021-06-28 10:17:16,52.2339737,072
630,116,21.070719,5924,2021-06-28 17:55:23,52.169094,17
631,116,21.022503,5926,2021-06-28 17:55:23,52.228115,3
632,158,21.023462,5927,2021-06-28 17:55:22,52.232262,7
633,116,20.9862892,5928,2021-06-28 17:55:20,52.2683422,5
634,175,20.988668,5929,2021-06-28 17:55:22,52.224697,57
635,158,20.949301,5930,2021-06-28 17:55:20,52.211617,9
636,158,21.112738,5931,2021-06-28 17:55:23,52.236267,3
637,116,20.953262,5932,2021-06-28 17:55:21,52.276344,6
638,111,21.0556902,5933,2021-06-28 17:55:23,52.2386089,2
639,158,21.071957,5934,2021-06-28 17:55:20,52.241772,4
640,503,21.002283,5935,2021-06-28 17:55:21,52.254738,11
641,503,21.000189,5936,2021-06-28 17:55:23,52.253952,10
642,111,20.994085,5937,2021-06-28 17:55:23,52.248775,10
643,158,20.957922,5939,2021-06-28 17:55:23,52.215546,2
644,128,21.01837,5942,2021-06-28 17:55:23,52.235912,072
645,111,21.014,5943,2021-06-28 17:55:20,52.2404,7
646,158,21.09833,5945,2021-06-28 17:55:22,52.236183,6
647,111,20.987616,5946,2021-06-28 17:55:21,52.247044,8
648,111,21.088406,5947,2021-06-28 17:55:23,52.228039,5
649,503,21.049313,5948,2021-06-28 17:55:22,52.154549,013
650,503,21.038261,5950,2021-06-28 17:55:21,52.162388,4
651,180,21.07674,5951,2021-06-28 17:55:23,52.175907,2
652,518,20.970385,5952,2021-06-28 17:55:21,52.272221,7
653,160,21.001116,5954,2021-06-28 17:55:21,52.228432,010
654,160,21.06366,5956,2021-06-28 17:55:23,52.311317,013
655,111,21.102488,5958,2021-06-28 17:55:20,52.222095,011
656,160,21.034178,5959,2021-06-28 17:55:24,52.254318,08
657,111,21.088263,5960,2021-06-28 17:55:23,52.228104,3
658,190,21.07169,5961,2021-06-28 17:55:21,52.282692,024
659,116,21.018812,5962,2021-06-28 17:55:20,52.234528,13
660,111,21.018015,5963,2021-06-28 17:55:20,52.236927,1
661,518,20.990967,5964,2021-06-28 17:55:22,52.263557,3
662,518,20.95742,5965,2021-06-28 17:55:23,52.313141,08
663,518,21.023575,5966,2021-06-28 17:55:23,52.228325,2
664,160,21.042208,5967,2021-06-28 17:55:22,52.258053,011
665,180,21.024343,5970,2021-06-28 17:55:22,52.223228,11
666,518,21.013237,5972,2021-06-28 17:55:22,52.246124,1
667,E-9,21.067539,5973,2021-06-28 17:55:22,52.324184,03
668,518,20.988613,5975,2021-06-28 17:55:21,52.303799,4
669,180,20.979115,5976,2021-06-28 17:55:23,52.253391,6
670,503,21.020082,5978,2021-06-28 17:55:21,52.232311,9
671,503,21.049984,5979,2021-06-28 17:55:20,52.144592,6
672,111,21.050606,5980,2021-06-28 17:55:20,52.237736,6
673,705,21.011948,5981,2021-06-28 17:55:21,52.316612,07
674,111,20.9795,5982,2021-06-28 17:55:23,52.244453,9
675,128,21.015337,5983,2021-06-28 17:55:24,52.241936,65
676,180,21.0201,5984,2021-06-28 17:55:22,52.2319,4
677,180,21.083876,5985,2021-06-28 17:55:22,52.167763,14
678,180,21.040142,5986,2021-06-28 17:55:16,52.20676,12
679,180,20.942856,5987,2021-06-28 17:55:23,52.269264,9
680,180,21.083879,5988,2021-06-28 17:55:22,52.167976,1
681,116,21.067043,5989,2021-06-28 17:55:20,52.171062,1
682,705,21.029345,5990,2021-06-28 17:55:24,52.351898,08
683,116,21.039959,5991,2021-06-28 17:55:22,52.196686,2
684,518,20.942034,5994,2021-06-28 17:55:21,52.334385,6
685,116,20.925482,5995,2021-06-28 17:55:20,52.27227,7
686,116,21.084297,5996,2021-06-28 17:55:24,52.166759, 
687,116,20.970617,5997,2021-06-28 17:55:17,52.272282,10
688,518,20.941805,5998,2021-06-28 17:55:20,52.335087,5
689,116,20.924734,5999,2021-06-28 17:55:19,52.272469,8
690,184,20.936382,6200,2021-06-28 17:55:23,52.24688,7
691,112,20.915131,6201,2021-06-28 17:55:22,52.232143,11
692,187,20.862293,6203,2021-06-28 17:55:22,52.194901,9
693,167,20.977306,6204,2021-06-28 17:55:23,52.211605,013
694,728,20.865402,6207,2021-06-28 17:55:23,52.048958,02
695,Z10,20.924,6208,2021-06-28 17:55:23,52.260914,7
696,703,20.849852,6209,2021-06-28 17:55:22,52.111717,91
697,414,20.950586,6210,2021-06-28 17:55:22,52.262959,04
698,713,20.9302255,6212,2021-06-28 17:55:21,52.2248992,3
699,414,20.9638571,6213,2021-06-28 17:55:20,52.207991,03
700,184,20.9387074,6214,2021-06-28 17:55:21,52.2773177,5
701,191,20.9604479,6215,2021-06-28 17:55:22,52.2158837,6
702,105,20.9114332,6216,2021-06-28 17:55:23,52.2190366,7
703,167,21.02124,6217,2021-06-28 17:55:22,52.210346,1
704,105,20.896875,6218,2021-06-28 17:55:22,52.239441,010
705,136,20.961237,6220,2021-06-28 17:55:24,52.21595,4
706,189,20.915663,6221,2021-06-28 17:55:23,52.218067,13
707,187,20.9210184,6222,2021-06-28 17:55:24,52.1980331,5
708,105,20.898808,6223,2021-06-28 17:55:21,52.238781,4
709,517,20.9771504,6224,2021-06-28 17:55:23,52.2178449,6
710,717,20.9648834,6225,2021-06-28 17:55:23,52.2182997,2
711,716,20.8404204,6226,2021-06-28 17:55:22,52.1897787,3
712,188,21.1290821,6227,2021-06-28 17:55:22,52.2401131,1
713,190,21.001301,6228,2021-06-28 17:55:22,52.244576,3
714,187,20.9159975,6229,2021-06-28 17:55:23,52.1993534,6
715,706,20.942913,6231,2021-06-28 17:55:23,52.175583,03
716,190,20.89883,6232,2021-06-28 17:55:19,52.238956,9
717,191,20.9846754,6233,2021-06-28 17:55:23,52.2196107,4
718,414,20.963316,6234,2021-06-28 17:55:22,52.215794,02
719,112,20.9131489,6236,2021-06-28 17:55:22,52.2385775,10
720,114,21.041853,6237,2021-06-28 17:55:23,52.3002746,4
721,728,20.926983,6239,2021-06-28 17:55:23,52.160519,1
722,414,20.952341,6240,2021-06-28 17:55:24,52.254929,01
723,517,20.923944,6241,2021-06-28 17:55:21,52.19706,5
724,182,21.112885,6242,2021-06-28 17:55:23,52.236298,7
725,706,20.93416,6243,2021-06-28 17:55:22,52.166607,2
726,L29,20.586155,65471,2021-06-28 17:55:22,52.257557,1
727,L-7,20.933048,66523,2021-06-28 17:55:20,52.305779,2
728,L-6,20.812091,66524,2021-06-28 17:55:18,52.261211,02
729,L-6,20.843203,66525,2021-06-28 17:55:23,52.250664,1
730,190,20.8991007,7200,2021-06-28 17:55:22,52.2389709,10
731,189,20.996077,7201,2021-06-28 17:55:23,52.179432,6
732,112,20.9147425,7202,2021-06-28 17:55:23,52.2530339,019
733,141,21.087719,7203,2021-06-28 17:55:22,52.244957,4
734,317,21.008799,7204,2021-06-28 17:55:24,52.175766,07
735,131,21.0258832,7205,2021-06-28 17:55:23,52.2095024,011
736,523,20.956854,7206,2021-06-28 17:55:23,52.230614,10
737,189,20.898767,7207,2021-06-28 17:55:23,52.238701,019
738,414,21.02214,7208,2021-06-28 17:55:23,52.286369,06
739,721,20.94393,7212,2021-06-28 17:55:23,52.17524,02
740,112,21.048079,7213,2021-06-28 17:55:19,52.286926,5
741,191,20.920164,7214,2021-06-28 17:55:22,52.204788,2
742,112,20.963419,7215,2021-06-28 17:55:22,52.27515,8
743,713,20.7688544,7216,2021-06-28 17:55:22,52.2112429,2
744,189,20.987194,7219,2021-06-28 17:55:23,52.181637,022
745,517,20.900379,7220,2021-06-28 17:55:24,52.194695,09
746,187,21.015945,7222,2021-06-28 17:55:22,52.217442,12
747,122,20.95002,7223,2021-06-28 17:55:22,52.263538,2
748,721,20.8297297,7225,2021-06-28 17:55:23,52.0550452,1
749,706,20.895161,7226,2021-06-28 17:55:22,52.132626,1
750,114,21.006729,7227,2021-06-28 17:55:22,52.291927,3
751,114,20.9356837,7228,2021-06-28 17:55:23,52.298741,1
752,112,20.9122426,7229,2021-06-28 17:55:22,52.2514546,014
753,517,20.892067,7230,2021-06-28 17:55:24,52.190784,08
754,713,20.880875,7231,2021-06-28 17:55:23,52.216587,04
755,717,20.84042,7232,2021-06-28 17:55:22,52.188183,1
756,189,21.061062,7233,2021-06-28 17:55:22,52.185097,3
757,713,20.80904,7234,2021-06-28 17:55:21,52.210026,1
758,187,20.909445,7235,2021-06-28 17:55:22,52.195427,10
759,184,20.9411349,7237,2021-06-28 17:55:23,52.2858312,6
760,141,21.046991,7238,2021-06-28 17:55:23,52.213196,5
761,189,21.026701,7239,2021-06-28 17:55:22,52.173489,16
762,184,20.9457632,7240,2021-06-28 17:55:22,52.2391246,8
763,317,20.9979044,7241,2021-06-28 17:55:23,52.1755367,5
764,141,21.0238146,7242,2021-06-28 17:55:23,52.1976065,1
765,523,20.912416,7243,2021-06-28 17:55:24,52.24342,9
766,401,20.972479,7244,2021-06-28 17:55:23,52.1854202,3
767,187,20.882077,7245,2021-06-28 17:55:22,52.1962934,7
768,190,20.901907,7247,2021-06-28 17:55:22,52.22794,017
769,188,20.97891,7248,2021-06-28 17:55:23,52.184452,5
770,171,20.914108,7249,2021-06-28 17:55:22,52.239193,3
771,317,21.06148,7250,2021-06-28 17:55:22,52.171368,3
772,105,20.980576,7251,2021-06-28 17:55:21,52.229458,2
773,167,20.925711,7252,2021-06-28 17:55:23,52.234093,4
774,122,20.9852199,7254,2021-06-28 17:55:22,52.2685634,1
775,191,20.9038179,7256,2021-06-28 17:55:23,52.1935646,8
776,190,20.9770664,7257,2021-06-28 17:55:23,52.2380896,012
777,187,20.949807,7258,2021-06-28 17:55:22,52.210589,11
778,189,21.008465,7259,2021-06-28 17:55:23,52.176178,15
779,125,21.0424555,7301,2021-06-28 17:55:20,52.2441317,08
780,507,21.009104,7303,2021-06-28 17:55:23,52.229298,5
781,188,20.9782555,7304,2021-06-28 17:55:23,52.1694961,07
782,138,21.0011642,7305,2021-06-28 17:55:22,52.1981407,4
783,151,21.0782686,7306,2021-06-28 17:55:22,52.2346861,04
784,509,21.0524374,7307,2021-06-28 17:55:22,52.2385775,7
785,138,21.0183296,7308,2021-06-28 17:55:24,52.218494,1
786,188,21.082613,7310,2021-06-28 17:55:23,52.240582,2
787,182,20.996275,7312,2021-06-28 17:55:22,52.216923,5
788,E-1,21.0839981,7314,2021-06-28 17:55:22,52.2260136,01
789,143,21.178255,7315,2021-06-28 17:55:23,52.260586,7
790,188,21.0138996,7316,2021-06-28 17:55:22,52.2169835,08
791,402,21.0918519,7317,2021-06-28 17:55:24,52.2141134,3
792,182,20.964985,7318,2021-06-28 17:55:20,52.2180702,4
793,182,20.9650169,7319,2021-06-28 17:55:24,52.2175559,3
794,411,21.015028,7320,2021-06-28 17:55:23,52.21748,01
795,182,21.0816349,7322,2021-06-28 17:55:24,52.235814,8
796,E-1,21.0431517,7323,2021-06-28 17:55:22,52.2469767,02
797,138,20.995346,7325,2021-06-28 17:55:22,52.170288,3
798,141,21.002962,7326,2021-06-28 17:55:23,52.195381,6
799,E-1,21.047062,7327,2021-06-28 17:55:23,52.234566,03
800,182,21.0142259,7328,2021-06-28 17:55:23,52.2169237,1
801,523,20.8983139,7329,2021-06-28 17:55:23,52.2585107,017
802,171,21.0396922,7330,2021-06-28 17:55:22,52.2216786,5
803,162,21.0359585,7331,2021-06-28 17:55:23,52.2538856,013
804,141,20.9441809,7333,2021-06-28 17:55:22,52.1754681,8
805,116,20.924909,7334,2021-06-28 17:55:22,52.2723964,69
806,110,20.968618,742,2021-06-28 17:55:22,52.272179,1
807,750,20.864559,744,2021-06-28 17:55:23,52.360432,05
808,750,20.90608,745,2021-06-28 17:55:22,52.327915,07
809,250,20.86853,746,2021-06-28 17:55:24,52.332855,1
810,850,20.630384,749,2021-06-28 17:55:21,52.379925,2
811,150,20.847197,750,2021-06-28 17:55:24,52.341648,1
812,750,20.930284,755,2021-06-28 17:55:22,52.291634,2
813,110,20.881571,757,2021-06-28 17:55:23,52.299812,3
814,150,20.882309,758,2021-06-28 17:55:21,52.342674,2
815,750,20.776451,761,2021-06-28 17:55:20,52.364651,4
816,750,20.812447,762,2021-06-28 17:55:17,52.374279,1
817,850,20.963249,763,2021-06-28 17:55:21,52.275684,1
818,151,21.0984927,7701,2021-06-28 17:55:23,52.2309142,1
819,411,21.0623727,7702,2021-06-28 17:55:23,52.2283411,04
820,402,21.0345704,7703,2021-06-28 17:55:22,52.1735112,7
821,151,21.0151079,7704,2021-06-28 17:55:24,52.2178822,05
822,150,20.860148167,772,2021-06-28 17:55:21,52.347835167,04
823,150,20.939178667,773,2021-06-28 17:55:22,52.300623333,05
824,150,20.923681,774,2021-06-28 17:55:23,52.311848,3
825,250,20.925119,775,2021-06-28 17:55:23,52.282001,3
826,250,20.899963,776,2021-06-28 17:55:21,52.296986,2
827,750,20.8977552,777,2021-06-28 17:55:23,52.3353664,3
828,167,20.9972091,8100,2021-06-28 17:55:16,52.186935,6
829,143,21.1264376,8103,2021-06-28 17:55:21,52.2343415,011
830,167,21.026961,8108,2021-06-28 17:55:14,52.2085428,8
831,217,21.023256,8109,2021-06-28 17:55:11,52.179856,2
832,174,21.0045366,8110,2021-06-28 17:55:17,52.2237165,010
833,136,20.958238,8112,2021-06-28 17:55:14,52.237721,014
834,709,21.0175606,8115,2021-06-28 17:55:09,52.1430363,8
835,174,21.0073661,8119,2021-06-28 17:55:18,52.2103061,6
836,136,20.9674331,8120,2021-06-28 17:55:11,52.214426,7
837,143,21.04351,8121,2021-06-28 17:55:07,52.224291,09
838,504,21.0688006,8123,2021-06-28 17:55:11,52.1289493,3
839,165,21.024246,8124,2021-06-28 17:55:13,52.1797561,4
840,727,20.9350096,8125,2021-06-28 17:55:14,52.0436636,3
841,709,21.0159736,8126,2021-06-28 17:55:18,52.0745255,014
842,402,21.1381136,8130,2021-06-28 17:55:18,52.2393748,5
843,136,21.028806,8131,2021-06-28 17:55:15,52.1525056,012
844,148,21.0438111,8133,2021-06-28 17:55:18,52.1678195,5
845,402,20.983713,8134,2021-06-28 17:55:11,52.182789,9
846,167,21.0485068,8135,2021-06-28 17:55:16,52.2079055,9
847,162,21.0849828,8136,2021-06-28 17:55:15,52.1932705,08
848,162,21.0353351,8137,2021-06-28 17:55:16,52.2557998,011
849,162,21.0267875,8138,2021-06-28 17:55:15,52.2376898,7
850,136,20.988543,8139,2021-06-28 17:55:07,52.1892431,016
851,168,21.1127821,8140,2021-06-28 17:55:17,52.2365813,4
852,504,21.017351,8143,2021-06-28 17:55:20,52.160814,011
853,504,21.068509,8144,2021-06-28 17:55:18,52.1291671,4
854,709,21.0183226,8145,2021-06-28 17:55:24,52.1106288,011
855,727,21.0271698,8146,2021-06-28 17:55:19,52.0694466,2
856,148,21.029123,8148,2021-06-28 17:55:20,52.150446,6
857,709,21.02158,8152,2021-06-28 17:55:14,52.177466,1
858,217,21.0237796,8153,2021-06-28 17:55:11,52.1797286,1
859,136,20.990348,8154,2021-06-28 17:55:21,52.189219,8
860,131,21.069044,8155,2021-06-28 17:55:18,52.181328,9
861,709,21.0189896,8156,2021-06-28 17:55:18,52.0879588,6
862,308,21.0204056,8158,2021-06-28 17:55:20,52.1895926,01
863,136,20.9654733,8160,2021-06-28 17:55:17,52.2425675,5
864,504,21.0046493,8162,2021-06-28 17:55:20,52.17216,1
865,331,20.9966551,8164,2021-06-28 17:55:19,52.1875458,05
866,331,20.9960855,8165,2021-06-28 17:55:08,52.1562688,03
867,709,21.0179698,8166,2021-06-28 17:55:18,52.15454,9
868,148,21.047989,8167,2021-06-28 17:55:20,52.189371,4
869,218,21.0115005,8168,2021-06-28 17:55:14,52.1890423,3
870,504,21.0400343,8169,2021-06-28 17:55:17,52.1491766,5
871,131,21.0723911,8170,2021-06-28 17:55:22,52.178984,1
872,167,21.0815118,8172,2021-06-28 17:55:22,52.2085293,010
873,143,21.168883,8173,2021-06-28 17:55:14,52.264063,010
874,218,20.989363,8174,2021-06-28 17:55:20,52.183205,1
875,727,21.0182343,8175,2021-06-28 17:55:15,52.114635,4
876,709,21.0190185,8176,2021-06-28 17:55:20,52.097214,3
877,143,21.105127,8177,2021-06-28 17:55:18,52.2417791,5
878,138,21.1003233,8178,2021-06-28 17:55:10,52.2605866,7
879,709,21.0180111,8181,2021-06-28 17:55:17,52.1237778,7
880,136,21.0020091,8182,2021-06-28 17:55:23,52.1787953,2
881,218,21.002568,8183,2021-06-28 17:55:07,52.178923,4
882,131,21.0030038,8184,2021-06-28 17:55:06,52.2281448,6
883,143,21.1415978,8185,2021-06-28 17:55:02,52.2568995,8
884,217,21.0407878,8187,2021-06-28 17:55:18,52.1759055,4
885,185,21.025526,8188,2021-06-28 17:55:17,52.142609,9
886,504,20.9987058,8189,2021-06-28 17:55:17,52.2270423,7
887,709,21.0129231,8190,2021-06-28 17:55:14,52.0722825,5
888,131,21.0664148,8192,2021-06-28 17:55:17,52.1842923,4
889,504,21.0594076,8195,2021-06-28 17:55:15,52.1311828,2
890,504,20.986274,8196,2021-06-28 17:55:16,52.204873,013
891,218,21.0243555,8197,2021-06-28 17:55:21,52.1943086,2
892,331,21.0175195,8198,2021-06-28 17:55:14,52.1528753,02
893,174,21.005563,8199,2021-06-28 17:55:17,52.214486,4
894,402,21.1560893,8201,2021-06-28 17:55:18,52.2402835,4
895,151,21.115749,8202,2021-06-28 10:44:07,52.233741,05
896,151,21.1175305,8204,2021-06-28 10:20:01,52.2338373,06
897,151,21.046833,8208,2021-06-28 17:55:22,52.224874,2
898,521,20.9902011,8214,2021-06-28 17:55:15,52.2253085,1
899,125,21.0701195,8216,2021-06-28 17:55:07,52.2461518,2
900,182,20.965168,8218,2021-06-28 17:55:16,52.2181548,013
901,509,21.045211,8220,2021-06-28 17:55:23,52.248378,023
902,182,20.9876086,8222,2021-06-28 17:55:19,52.2162266,2
903,509,20.9605258,8223,2021-06-28 17:55:18,52.3166535,024
904,151,21.013088,8225,2021-06-28 17:55:20,52.217316,06
905,509,21.094478,8228,2021-06-28 17:55:22,52.227433,10
906,521,21.129721,8229,2021-06-28 17:55:18,52.2331243,2
907,523,20.981526,8231,2021-06-28 17:55:16,52.216275,021
908,162,21.0356091,8233,2021-06-28 17:55:19,52.2225695,014
909,145,21.1275048,8300,2021-06-28 17:55:21,52.255801,2
910,145,21.050768,8301,2021-06-28 17:55:20,52.291111,9
911,509,20.9412531,8303,2021-06-28 17:55:14,52.3245465,3
912,171,21.042831,8304,2021-06-28 17:55:22,52.226186,010
913,509,21.116975,8305,2021-06-28 09:25:27,52.233583,022
914,117,21.1025355,8306,2021-06-28 17:55:18,52.2221993,3
915,116,21.0138538,8309,2021-06-28 17:54:59,52.2453801,4
916,141,21.045993,8310,2021-06-28 17:55:07,52.214996,2
917,168,21.028159,8311,2021-06-28 17:55:24,52.2076525,3
918,151,21.067145,8312,2021-06-28 17:55:23,52.2298883,3
919,720,21.4186528,8313,2021-06-28 17:55:23,52.1304275,02
920,162,21.085094,8314,2021-06-28 17:55:19,52.1934661,2
921,117,21.1006336,8315,2021-06-28 17:55:17,52.2222185,06
922,521,21.1812428,8318,2021-06-28 17:55:16,52.1910225,4
923,185,21.0630903,8319,2021-06-28 17:55:20,52.1872941,11
924,151,21.116836,8320,2021-06-28 09:58:49,52.233566,04
925,162,21.0274616,8322,2021-06-28 17:55:15,52.2597471,5
926,509,21.102884,8323,2021-06-28 17:55:22,52.2221331,9
927,148,20.9849513,8324,2021-06-28 17:55:17,52.1673841,7
928,143,21.0638705,8326,2021-06-28 17:55:14,52.2287186,1
929,145,21.0863616,8328,2021-06-28 17:55:19,52.2865453,1
930,507,21.1025156,8329,2021-06-28 17:55:22,52.2219221,08
931,148,21.087419,8330,2021-06-28 17:55:26,52.2447616,2
932,145,21.126631,8332,2021-06-28 17:55:06,52.25959,7
933,523,21.0781623,8333,2021-06-28 17:55:19,52.2352271,12
934,148,21.0907013,8334,2021-06-28 17:54:56,52.2447916,3
935,145,21.027499,8335,2021-06-28 17:55:16,52.287556,014
936,143,21.0135271,8337,2021-06-28 17:55:21,52.2172235,2
937,125,21.0915686,8340,2021-06-28 17:55:23,52.2447,4
938,523,20.9499233,8341,2021-06-28 17:55:06,52.238403,5
939,507,21.1021117,8342,2021-06-28 17:55:14,52.2220833,1
940,171,20.964159,8343,2021-06-28 17:55:14,52.237248,09
941,502,21.015341,8344,2021-06-28 17:55:13,52.219648,1
942,507,21.05559,8345,2021-06-28 17:55:22,52.238855,3
943,145,21.1283717,8348,2021-06-28 17:55:24,52.2531667,3
944,507,21.052734,8349,2021-06-28 17:55:14,52.238521,6
945,145,21.005913,8350,2021-06-28 17:55:21,52.291633,012
946,507,21.004235,8351,2021-06-28 17:55:11,52.230086,4
947,502,21.218274,8352,2021-06-28 17:55:18,52.217016,4
948,523,21.041284,8353,2021-06-28 17:55:16,52.223725,2
949,502,21.015811,8354,2021-06-28 17:55:17,52.217591,011
950,523,20.902889,8356,2021-06-28 17:55:08,52.256521,8
951,514,21.133098,8358,2021-06-28 17:55:11,52.240194,3
952,523,21.0123933,8359,2021-06-28 17:55:17,52.217045,3
953,507,21.083923,8360,2021-06-28 17:55:19,52.225968,7
954,202,21.068155,8361,2021-06-28 17:55:08,52.250576,1
955,502,21.106371,8362,2021-06-28 17:55:11,52.233975,2
956,188,21.082448,8363,2021-06-28 17:55:17,52.24094,6
957,138,21.0402733,8364,2021-06-28 17:55:12,52.2533617,6
958,514,21.088356,8365,2021-06-28 17:55:09,52.236026,1
959,523,20.991505,8366,2021-06-28 17:55:09,52.2163183,4
960,502,21.1540717,8368,2021-06-28 17:55:05,52.2260833,5
961,145,21.1261667,8398,2021-06-28 17:55:10,52.2606183,013
962,402,20.993341,8403,2021-06-28 17:55:14,52.178678,011
963,521,21.1889465,8408,2021-06-28 17:55:12,52.1835491,07
964,143,21.006824,8410,2021-06-28 17:55:22,52.217181,012
965,523,21.107451,8414,2021-06-28 17:55:13,52.249248,13
966,148,21.0491351,8417,2021-06-28 17:55:21,52.1948021,9
967,148,21.0499945,8430,2021-06-28 17:55:21,52.1604871,010
968,162,21.0261671,8437,2021-06-28 17:55:13,52.2371831,012
969,125,21.1207121,8438,2021-06-28 17:55:21,52.236921,1
970,162,21.048538,8440,2021-06-28 17:55:20,52.202216,015
971,145,21.102613,8441,2021-06-28 17:55:23,52.242382,6
972,269,21.0414121,8442,2021-06-28 17:55:22,52.2915907,01
973,723,20.960606,8443,2021-06-28 17:55:23,52.335461,2
974,114,20.994343,8445,2021-06-28 17:55:22,52.276817,5
975,120,21.0483411,8446,2021-06-28 17:55:23,52.2746384,6
976,731,20.9255574,8447,2021-06-28 17:55:23,52.4216899,3
977,160,20.996456,8448,2021-06-28 17:55:22,52.238243,1
978,132,21.049666,8449,2021-06-28 17:55:24,52.3203659,04
979,412,21.05171,8450,2021-06-28 17:55:23,52.252781,052
980,112,21.055874,8451,2021-06-28 17:55:23,52.29744,6
981,527,21.0585705,8452,2021-06-28 17:55:22,52.3007744,06
982,160,21.0588137,8453,2021-06-28 17:55:22,52.3014125,014
983,160,21.0514882,8454,2021-06-28 17:55:22,52.2739946,4
984,160,21.046518,8455,2021-06-28 17:55:24,52.281528,6
985,132,21.0126872,8457,2021-06-28 17:55:24,52.2939124,08
986,527,21.0683844,8458,2021-06-28 17:55:23,52.3235234,055
987,Z26,20.9742974,8459,2021-06-28 17:55:21,52.2355674,3
988,412,21.071941,8460,2021-06-28 17:55:23,52.282955,053
989,120,21.052023,8461,2021-06-28 17:55:24,52.253643,4
990,414,20.9759452,8462,2021-06-28 17:55:23,52.2111502,05
991,511,20.9756584,8463,2021-06-28 17:55:18,52.3166277,05
992,509,20.942213,8465,2021-06-28 17:55:20,52.334412,2
993,136,20.984016,8500,2021-06-28 17:55:12,52.199273,3
994,501,21.048505,8501,2021-06-28 17:55:14,52.1781367,06
995,138,21.04262,8502,2021-06-28 17:55:06,52.2539767,9
996,189,21.000375,8503,2021-06-28 17:55:17,52.1784667,5
997,522,21.0220267,8504,2021-06-28 17:55:17,52.2110483,4
998,401,21.0031717,8505,2021-06-28 17:55:07,52.177915,2
999,131,21.005776,8506,2021-06-28 17:55:08,52.228933,7
1000,501,21.002641,8507,2021-06-28 17:55:23,52.229263,4
1001,138,21.004506,8508,2021-06-28 17:55:17,52.171394,2
1002,189,21.059039,8509,2021-06-28 17:55:16,52.183683,1
1003,501,21.05038,8510,2021-06-28 17:55:20,52.1782467,1
1004,189,21.06895,8511,2021-06-28 17:55:05,52.181305,027
1005,Z26,20.9792183,8512,2021-06-28 17:55:20,52.236835,4
1006,186,20.970946,8513,2021-06-28 17:55:19,52.206113,013
1007,733,20.7710467,8514,2021-06-28 17:55:23,52.08167,01
1008,Z26,21.028208,8515,2021-06-28 17:55:23,52.252066,7
1009,522,21.0798567,8516,2021-06-28 17:55:05,52.1575583,2
1010,141,20.990954,8517,2021-06-28 17:55:16,52.197196,10
1011,519,21.0061733,8519,2021-06-28 17:55:21,52.228545,7
1012,519,21.097541,8520,2021-06-28 17:55:17,52.12272,1
1013,186,20.940948,8522,2021-06-28 17:55:18,52.328324,10
1014,733,20.943415,8523,2021-06-28 17:55:04,52.174505,62
1015,522,21.068428,8525,2021-06-28 17:55:10,52.169056,011
1016,172,20.984323,8526,2021-06-28 17:55:11,52.201368,63
1017,172,20.969248,8528,2021-06-28 17:55:03,52.219241,5
1018,308,20.9968667,8530,2021-06-28 17:55:22,52.1888383,02
1019,172,21.05676,8532,2021-06-28 17:55:21,52.182266,1
1020,Z26,20.979835,8533,2021-06-28 17:55:16,52.237266,2
1021,138,21.0252217,8534,2021-06-28 17:55:15,52.2195733,5
1022,522,21.079856,8535,2021-06-28 17:55:21,52.15794,1
1023,172,20.984703,8536,2021-06-28 17:55:09,52.19836,6
1024,522,21.001986,8537,2021-06-28 17:55:21,52.229101,5
1025,709,21.0216833,8539,2021-06-28 17:55:17,52.0792167,4
1026,172,21.06902,8540,2021-06-28 17:55:20,52.1814383,8
1027,185,21.044536,8541,2021-06-28 17:55:05,52.175463,6
1028,172,21.0689017,8543,2021-06-28 17:55:15,52.18155,9
1029,519,21.083983,8544,2021-06-28 17:55:17,52.166283,4
1030,522,21.073628,8546,2021-06-28 17:55:13,52.159208,012
1031,522,21.015473,8547,2021-06-28 17:55:21,52.217096,6
1032,402,21.010214,8548,2021-06-28 17:55:10,52.174889,010
1033,186,20.982165,8549,2021-06-28 17:55:12,52.30919,015
1034,186,20.956385,8550,2021-06-28 17:55:17,52.230218,016
1035,709,21.024036,8551,2021-06-28 17:55:13,52.180058,10
1036,136,21.0513167,8552,2021-06-28 17:55:15,52.1459983,10
1037,Z26,21.01532,8555,2021-06-28 17:55:22,52.2468067,5
1038,519,21.070943,8556,2021-06-28 17:55:17,52.169085,6
1039,Z26,20.9744167,8558,2021-06-28 17:55:10,52.2355833,08
1040,217,21.03262,8559,2021-06-28 17:55:15,52.177526,06
1041,519,21.0348517,8560,2021-06-28 17:55:23,52.2020633,2
1042,411,21.052448,8561,2021-06-28 17:55:21,52.226059,02
1043,521,21.109216,8562,2021-06-28 17:55:10,52.240921,09
1044,402,21.0452433,8563,2021-06-28 17:55:23,52.1828967,2
1045,521,21.2044817,8564,2021-06-28 17:55:20,52.1593783,08
1046,502,21.23656,8565,2021-06-28 17:55:08,52.2162867,014
1047,502,21.027935,8566,2021-06-28 17:55:24,52.2199333,6
1048,402,21.13814,8567,2021-06-28 17:55:01,52.2395283,014
1049,509,21.027915,8568,2021-06-28 17:55:18,52.257415,021
1050,171,20.9280567,8569,2021-06-28 17:55:13,52.2716733,2
1051,411,21.102433,8571,2021-06-28 17:55:11,52.222066,03
1052,E-1,21.10269,8572,2021-06-28 17:55:16,52.2220167,04
1053,202,21.046703,8573,2021-06-28 17:55:18,52.2481,2
1054,411,21.115896,8574,2021-06-28 10:20:57,52.233514,01
1055,720,21.0879617,8576,2021-06-28 17:55:18,52.2446633,1
1056,162,21.038063,8578,2021-06-28 17:55:04,52.243713,4
1057,125,21.183528,8579,2021-06-28 17:55:18,52.206846,09
1058,731,20.9724167,8583,2021-06-28 17:55:16,52.320985,5
1059,269,21.041689,8584,2021-06-28 17:55:15,52.300426,02
1060,269,21.041995,8585,2021-06-28 17:55:22,52.300443,03
1061,514,21.0155933,8586,2021-06-28 17:55:23,52.2192833,2
1062,523,21.115558,8587,2021-06-28 08:55:25,52.233753,3
1063,145,21.1327333,8588,2021-06-28 17:55:24,52.2474017,016
1064,514,21.228676,8589,2021-06-28 17:55:24,52.250424,4
1065,502,21.229691,8590,2021-06-28 17:55:18,52.223486,3
1066,507,21.085086,8592,2021-06-28 17:55:14,52.225974,2
1067,145,21.000326,8593,2021-06-28 17:55:14,52.291373,10
1068,138,21.076786,8595,2021-06-28 17:55:08,52.260826,8
1069,186,20.9406713,8801,2021-06-28 17:55:18,52.3265336,11
1070,185,20.9882391,8802,2021-06-28 17:55:17,52.269408,1
1071,727,21.0215943,8803,2021-06-28 17:55:20,52.1771625,1
1072,217,21.0691148,8804,2021-06-28 17:55:18,52.166429,3
1073,185,21.034559,8805,2021-06-28 17:53:59,52.2381006,4
1074,402,20.9936115,8806,2021-06-28 17:55:19,52.1790998,8
1075,131,21.017596,8808,2021-06-28 17:55:19,52.2130311,3
1076,709,21.0178856,8809,2021-06-28 17:55:18,52.1443205,2
1077,174,21.0140751,8810,2021-06-28 17:55:21,52.179012,1
1078,165,20.9922178,8811,2021-06-28 17:55:18,52.1652948,3
1079,167,21.0831783,8812,2021-06-28 17:55:21,52.208286,011
1080,402,21.0188705,8813,2021-06-28 17:55:13,52.1735275,1
1081,167,21.006788,8814,2021-06-28 17:55:08,52.210876,2
1082,167,20.942399,8816,2021-06-28 17:55:11,52.22876,3
1083,308,21.001799,8817,2021-06-28 17:55:17,52.188426,03
1084,504,20.990063,8818,2021-06-28 17:55:14,52.223446,9
1085,331,20.978893,8819,2021-06-28 17:55:19,52.172596,04
1086,522,21.01533,8820,2021-06-28 17:55:22,52.2231191,014
1087,174,21.0164015,8821,2021-06-28 17:55:23,52.1904256,08
1088,174,20.999076,8822,2021-06-28 17:55:20,52.2327765,5
1089,522,21.0343268,8823,2021-06-28 17:55:17,52.2030548,015
1090,709,21.0245273,8825,2021-06-28 17:55:17,52.1800273,012
1091,504,21.0040418,8826,2021-06-28 17:55:23,52.2296356,8
1092,143,21.0059761,8828,2021-06-28 17:55:14,52.2147786,4
1093,509,20.988287,8829,2021-06-28 17:55:10,52.3044141,4
1094,523,20.9580683,8830,2021-06-28 17:55:16,52.2248263,11
1095,125,21.128992,8831,2021-06-28 17:55:19,52.233446,5
1096,171,20.9851028,8832,2021-06-28 17:55:18,52.2388355,7
1097,141,20.9442171,8833,2021-06-28 17:55:17,52.175783,9
1098,704,21.0979241,8834,2021-06-28 17:55:23,52.2433711,2
1099,521,21.01507,8835,2021-06-28 17:55:18,52.2307196,5
1100,182,21.0263578,8837,2021-06-28 17:55:14,52.2197428,6
1101,182,21.071427,8838,2021-06-28 17:55:23,52.2306405,010
1102,704,21.347171,8839,2021-06-28 17:55:09,52.221828,1
1103,185,21.050182,8840,2021-06-28 17:55:17,52.2017726,5
1104,125,21.1964026,8841,2021-06-28 17:55:20,52.2083213,6
1105,521,21.2048396,8843,2021-06-28 17:55:14,52.1594628,3
1106,185,20.975833,8844,2021-06-28 17:55:10,52.28956,2
1107,402,21.1472814,8845,2021-06-28 17:55:19,52.2382001,013
1108,143,21.0066818,8846,2021-06-28 17:55:18,52.217322,3
1109,143,21.1382493,8847,2021-06-28 17:55:10,52.2438653,6
1110,125,21.0502921,8849,2021-06-28 17:55:13,52.2473451,3
1111,521,20.9640206,8850,2021-06-28 17:55:14,52.2079231,6
1112,523,20.9358915,8851,2021-06-28 17:55:18,52.2398011,019
1113,141,21.1021516,8852,2021-06-28 17:55:19,52.242346,3
1114,125,21.172184,8853,2021-06-28 17:55:19,52.20913,7
1115,509,21.0780075,8854,2021-06-28 17:55:17,52.226042,8
1116,402,21.0497508,8855,2021-06-28 17:55:14,52.1947676,6
1117,512,21.0508085,8856,2021-06-28 17:55:13,52.2523845,1
1118,509,21.0248728,8857,2021-06-28 17:55:04,52.2599941,12
1119,169,21.0517931,8858,2021-06-28 17:55:18,52.2528838,1
1120,112,21.032894,8859,2021-06-28 17:55:19,52.2988036,4
1121,512,21.0737391,8861,2021-06-28 17:55:14,52.2881171,4
1122,412,21.078018,8862,2021-06-28 17:55:13,52.324283,04
1123,738,21.1285241,8864,2021-06-28 17:55:14,52.3515555,05
1124,500,21.0459893,8865,2021-06-28 10:43:17,52.2651186,08
1125,169,21.033404,8866,2021-06-28 17:55:22,52.256246,5
1126,162,21.0488571,8867,2021-06-28 17:55:13,52.2063496,1
1127,190,21.0752571,8868,2021-06-28 17:55:21,52.2866078,5
1128,190,21.041857,8869,2021-06-28 17:55:23,52.2578563,023
1129,190,21.0855033,8871,2021-06-28 17:55:14,52.3052688,025
1130,190,21.0780406,8872,2021-06-28 17:55:12,52.2900323,026
1131,738,21.0996115,8873,2021-06-28 17:55:19,52.3162021,06
1132,500,21.04172,8874,2021-06-28 17:55:05,52.293938,3
1133,190,21.0854001,8875,2021-06-28 17:55:19,52.3048353,4
1134,162,21.0344228,8876,2021-06-28 17:55:12,52.2252728,3
1135,512,21.0522423,8878,2021-06-28 17:55:23,52.2529308,06
1136,509,20.942116,8879,2021-06-28 17:55:22,52.334616,1
1137,709,20.996574,8880,2021-06-25 18:58:33,52.18762,016
1138,186,20.9695603,8881,2021-06-28 17:55:18,52.3199281,014
1139,165,21.0209125,8882,2021-06-28 17:55:10,52.1794723,2
1140,128,21.009969,8883,2021-06-28 17:55:07,52.22954,64
1141,180,20.988756,8885,2021-06-28 17:55:21,52.2475088,5
1142,167,20.940853,8886,2021-06-28 17:55:09,52.2341431,5
1143,189,20.9146836,8887,2021-06-28 17:55:16,52.2010278,021
1144,128,20.9794411,8888,2021-06-28 17:55:19,52.1983375,61
1145,504,20.989309,8891,2021-06-28 17:55:07,52.2190321,012
1146,165,20.994943,8892,2021-06-28 17:55:13,52.156336,1
1147,180,21.032423,8893,2021-06-28 17:55:21,52.207009,53
1148,217,21.067325,8894,2021-06-28 17:55:19,52.17007,05
1149,136,21.0023271,8895,2021-06-28 17:55:18,52.1824236,015
1150,174,20.9953355,8896,2021-06-28 17:55:08,52.1702735,07
1151,180,21.0838488,8897,2021-06-28 17:55:18,52.1681216,015
1152,167,21.004658,8898,2021-06-28 17:55:08,52.217383,7
1153,504,20.9967916,8899,2021-06-28 17:55:18,52.1792605,6
1154,161,21.178036,9061,2021-06-28 17:55:20,52.172695,2
1155,161,21.224728,9063,2021-06-28 17:55:21,52.186729,3
1156,262,21.087809,9064,2021-06-28 17:55:23,52.28656,03
1157,314,20.95274,9065,2021-06-28 17:55:20,52.317303,04
1158,314,21.043453,9066,2021-06-28 17:55:22,52.347095,02
1159,104,21.00202,9068,2021-06-28 17:55:21,52.290424,2
1160,161,21.18812,9070,2021-06-28 17:55:23,52.183937,1
1161,225,21.10251,9071,2021-06-28 17:55:19,52.222782,2
1162,225,21.168024,9074,2021-06-28 17:55:22,52.276524,4
1163,225,21.126858,9075,2021-06-28 17:55:21,52.258514,3
1164,211,20.961393,9077,2021-06-28 17:55:19,52.314789,08
1165,314,21.020748,9078,2021-06-28 17:55:24,52.311405,01
1166,262,21.068462,9080,2021-06-28 17:55:19,52.278778,1
1167,104,21.027073,9081,2021-06-28 17:55:22,52.297966,1
1168,314,20.977673,9082,2021-06-28 17:55:20,52.312805,03
1169,262,21.064215,9083,2021-06-28 17:55:19,52.273186,2
1170,225,21.128805,9088,2021-06-28 17:55:24,52.251835,1
1171,211,20.94742,9090,2021-06-28 17:55:20,52.332119,2
1172,211,20.942158,9091,2021-06-28 17:55:19,52.348454,07
1173,305,21.14749,9093,2021-06-28 17:55:21,52.200321,1
1174,900,20.953825,9094,2021-06-28 17:55:20,52.358646,1
1175,133,20.952295,9201,2021-06-28 17:55:16,52.31691,2
1176,164,21.121545,9203,2021-06-28 17:55:18,52.157242,05
1177,133,20.948961,9204,2021-06-28 17:55:17,52.325825,1
1178,809,21.018389,9205,2021-06-28 17:55:19,52.122772,51
1179,239,21.037737,9206,2021-06-28 17:55:21,52.154148,52
1180,209,21.03694,9208,2021-06-28 17:55:17,52.153137,54
1181,211,20.941875,9209,2021-06-28 17:55:22,52.348099,4
1182,177,20.89152,9210,2021-06-28 17:55:22,52.190506,3
1183,239,21.015253,9212,2021-06-28 17:55:23,52.150822,53
1184,211,20.996921,9213,2021-06-28 17:55:24,52.296251,6
1185,219,21.102617,9215,2021-06-28 17:55:24,52.222763,3
1186,208,20.975591,9216,2021-06-28 17:55:25,52.210264,1
1187,234,21.014048,9217,2021-06-28 17:55:23,52.310394,1
1188,209,20.980995,9218,2021-06-28 17:55:19,52.132877,057
1189,234,21.067038,9219,2021-06-28 17:55:19,52.339966,2
1190,203,20.930605,9220,2021-06-28 17:55:19,52.290718,1
1191,249,20.898773,9221,2021-06-28 17:55:18,52.238609,1
1192,211,20.986275,9223,2021-06-28 17:55:17,52.303286,1
1193,201,20.931393,9224,2021-06-28 17:55:21,52.26313,3
1194,208,20.975506,9225,2021-06-28 17:55:21,52.210232,04
1195,208,20.94786,9226,2021-06-28 17:55:22,52.208847,05
1196,208,20.960189,9227,2021-06-28 17:55:23,52.215756,2
1197,219,21.169226,9228,2021-06-28 17:55:16,52.195312,2
1198,219,21.166052,9229,2021-06-28 17:55:18,52.20409,1
1199,201,20.925051,9230,2021-06-28 17:55:18,52.260609,2
1200,809,21.018173,9232,2021-06-28 17:55:19,52.143646,056
1201,264,21.12693,9233,2021-06-28 17:55:21,52.1315,1
1202,203,20.922096,9234,2021-06-28 17:55:21,52.276627,2
1203,201,20.9254,9235,2021-06-28 17:55:16,52.234093,5
1204,201,20.93931,9236,2021-06-28 17:55:22,52.24577,4
1205,208,20.969955,9238,2021-06-28 17:55:24,52.203754,03
1206,207,20.882441,9239,2021-06-28 17:55:23,52.194847,02
1207,177,20.883774,9240,2021-06-28 17:55:23,52.20578,1
1208,133,20.971743,9241,2021-06-28 17:55:16,52.350933,3
1209,201,20.943472,9242,2021-06-28 17:55:23,52.239235,06
1210,211,20.954876,9243,2021-06-28 17:55:16,52.330048,5
1211,207,20.900869,9244,2021-06-28 17:55:22,52.190155,01
1212,211,20.941435,9245,2021-06-28 17:55:23,52.355381,3
1213,164,21.132864,9246,2021-06-28 17:55:23,52.151279,04
1214,201,20.931019,9247,2021-06-28 17:55:22,52.259769,1
1215,177,20.884003,9248,2021-06-28 17:55:22,52.189358,2
1216,164,21.13821,9250,2021-06-28 17:55:20,52.145893,3
1217,164,21.058403,9251,2021-06-28 17:55:23,52.179611,2
1218,164,21.066944,9252,2021-06-28 17:55:22,52.171158,1
1219,211,20.964476,9254,2021-06-28 17:55:22,52.313259,09
1220,199,21.129131,9301,2021-06-28 17:55:21,52.279736,06
1221,739,21.044931,9302,2021-06-28 17:55:18,52.099525,2
1222,739,21.053513,9304,2021-06-28 17:55:20,52.100323,3
1223,179,21.035156,9311,2021-06-28 16:55:20,52.15583,10
1224,123,21.064934,9312,2021-06-28 17:55:22,52.252048,08
1225,179,21.036581,9313,2021-06-28 17:55:21,52.162163,11
1226,153,21.16091,9314,2021-06-28 17:55:22,52.258839,2
1227,179,21.032869,9315,2021-06-28 17:55:17,52.155193,2
1228,135,21.100504,9316,2021-06-28 17:55:24,52.239735,3
1229,135,21.074795,9317,2021-06-28 17:55:19,52.245579,6
1230,135,21.107136,9318,2021-06-28 17:55:24,52.248363,2
1231,135,21.095633,9319,2021-06-28 17:55:19,52.231449,1
1232,179,21.049168,9320,2021-06-28 17:55:24,52.154167,4
1233,179,21.050247,9321,2021-06-28 17:55:25,52.137627,5
1234,123,21.043081,9322,2021-06-28 17:55:21,52.249928,5
1235,135,21.071999,9323,2021-06-28 17:55:21,52.245975,07
1236,179,21.030977,9324,2021-06-28 17:55:18,52.142052,9
1237,179,21.03705,9325,2021-06-28 17:55:22,52.162136,51
1238,256,21.05339,9326,2021-06-28 17:55:18,52.294613,2
1239,142,21.137711,9327,2021-06-28 17:55:17,52.229519,3
1240,179,21.060757,9328,2021-06-28 17:55:13,52.148365,8
1241,153,21.170408,9329,2021-06-28 17:55:22,52.276947,04
1242,123,21.0773959,9331,2021-06-28 09:44:24,52.2687066,07
1243,123,21.077486,9332,2021-06-28 15:39:21,52.268074,08
1244,142,21.133623,9333,2021-06-28 17:55:17,52.208443,5
1245,739,21.023417,9334,2021-06-28 17:55:22,52.180054,1
1246,153,21.17709,9335,2021-06-28 17:55:22,52.256908,3
1247,135,21.027138,9336,2021-06-28 17:55:22,52.259659,5
1248,739,21.0771987,9337,2021-06-28 16:56:14,52.2682345,2
1249,179,21.068483,9338,2021-06-28 17:55:21,52.128883,6
1250,256,21.065487,9339,2021-06-28 17:55:16,52.327911,1
1251,153,21.152658,9340,2021-06-28 17:55:20,52.271397,1
1252,142,21.087523,9341,2021-06-28 17:55:19,52.244736,4
1253,739,21.017244,9342,2021-06-28 17:55:19,52.15976,4
1254,256,21.081022,9343,2021-06-28 17:55:25,52.277317,4
1255,135,21.040127,9344,2021-06-28 17:55:19,52.266514,08
1256,739,21.024166,9345,2021-06-28 17:55:18,52.179916,05
1257,179,21.050404,9346,2021-06-28 17:55:22,52.136452,7
1258,135,21.038166,9347,2021-06-28 17:55:25,52.256271,4
1259,123,21.077435,9348,2021-06-28 17:55:20,52.226009,09
1260,179,21.025944,9349,2021-06-28 17:55:24,52.144924,3
1261,123,21.097385,9350,2021-06-28 17:55:17,52.234783,357
1262,142,21.224175,9351,2021-06-28 17:55:20,52.16938,1
1263,123,21.051176,9352,2021-06-28 17:54:42,52.252651,6
1264,739,21.018301,9353,2021-06-28 17:55:23,52.12785,06
1265,123,21.044233,9354,2021-06-28 17:55:24,52.249229,07
1266,199,21.114912,9355,2021-06-28 17:55:17,52.292824,05
1267,256,21.081024,9356,2021-06-28 17:55:16,52.277397,3
1268,142,21.210573,9357,2021-06-28 17:55:19,52.161781,2
1269,142,21.077633,9358,2021-06-28 16:02:28,52.267822,4
1270,256,21.05047,9359,2021-06-28 17:55:17,52.291023,5
1271,176,20.990694,9403,2021-06-28 17:55:24,52.327946,1
1272,176,21.012184,9405,2021-06-28 17:55:20,52.299839,05
1273,176,21.026714,9412,2021-06-28 17:55:21,52.281162,3
1274,197,20.949993,9413,2021-06-28 17:55:24,52.280651,012
1275,197,20.94433,9414,2021-06-28 17:55:24,52.24379,014
1276,102,21.074797,9416,2021-06-28 17:55:23,52.245743,3
1277,157,20.963518,9417,2021-06-28 17:55:22,52.208115,7
1278,712,20.878782,9418,2021-06-28 17:55:24,52.286949,02
1279,516,20.940731,9420,2021-06-28 17:55:24,52.320271,5
1280,157,20.976192,9423,2021-06-28 17:55:23,52.289848,1
1281,103,20.929018,9424,2021-06-28 17:55:22,52.289478,4
1282,123,21.082548,9425,2021-06-28 17:55:24,52.226051,1
1283,157,20.985224,9426,2021-06-28 17:55:21,52.250942,3
1284,157,20.990328,9427,2021-06-28 17:55:21,52.235603,4
1285,157,20.987679,9428,2021-06-28 17:55:21,52.242538,9
1286,103,20.944336,9429,2021-06-28 17:55:23,52.268867,6
1287,157,20.994341,9432,2021-06-28 17:55:20,52.260433,10
1288,743,20.894581,9433,2021-06-28 17:55:22,52.222607,02
1289,176,20.982187,9434,2021-06-28 17:55:23,52.355694,04
1290,516,20.937672,9435,2021-06-28 17:55:22,52.336807,1
1291,157,20.986904,9436,2021-06-28 17:55:23,52.268261,2
1292,157,20.963959,9437,2021-06-28 17:55:20,52.207954,6
1293,197,20.932154,9438,2021-06-28 17:55:23,52.257389,011
1294,197,20.942427,9439,2021-06-28 17:55:23,52.226845,016
1295,516,21.000946,9440,2021-06-28 17:55:15,52.291195,3
1296,123,21.072681,9441,2021-06-28 17:55:19,52.251732,3
1297,103,20.929731,9442,2021-06-28 17:55:21,52.292751,5
1298,102,21.001946,9443,2021-06-28 17:55:19,52.234261,1
1299,103,20.956758,9445,2021-06-28 17:55:18,52.239361,7
1300,103,20.96657,9446,2021-06-28 17:55:22,52.231869,1
1301,123,21.097517,9447,2021-06-28 17:55:19,52.23444,4
1302,157,20.976339,9448,2021-06-28 17:55:23,52.289913,011
1303,516,20.995926,9449,2021-06-28 17:55:21,52.296978,4
1304,102,21.053495,9450,2021-06-28 17:55:21,52.238544,2
1305,157,20.984781,9451,2021-06-28 17:55:24,52.219601,5
1306,157,20.985357,9452,2021-06-28 17:55:20,52.221401,8
1307,176,20.98233,9453,2021-06-28 17:55:21,52.355587,2
1308,197,20.931007,9454,2021-06-28 17:55:22,52.225304,015
1309,712,20.866682,9455,2021-06-28 17:55:24,52.27533,1
1310,743,20.717808,9456,2021-06-28 17:55:22,52.233711,1
1311,197,20.952797,9457,2021-06-28 17:55:23,52.274406,013
1312,103,20.968906,9458,2021-06-28 17:55:23,52.222115,8
1313,194,20.866383333,9501,2021-06-28 17:55:20,52.2033155,5
1314,707,20.891380667,9502,2021-06-28 17:55:22,52.100778167,1
1315,159,20.954483833,9503,2021-06-28 17:55:22,52.211685333,1
1316,103,20.943879667,9505,2021-06-28 17:55:24,52.294662,09
1317,103,20.968693667,9506,2021-06-28 17:55:25,52.222049833,011
1318,220,20.943529167,9509,2021-06-28 17:55:25,52.176037667,3
1319,194,20.930800833,9510,2021-06-28 17:55:24,52.225085,06
1320,737,21.018201333,9511,2021-06-28 17:55:17,52.132961333,56
1321,220,20.896320167,9513,2021-06-28 17:55:22,52.238316333,5
1322,715,21.0370035,9514,2021-06-28 17:55:20,52.162002,53
1323,181,20.977559667,9515,2021-06-28 17:55:23,52.278700333,2
1324,737,21.036806833,9516,2021-06-28 17:55:24,52.161992333,54
1325,149,20.898521167,9518,2021-06-28 17:55:20,52.239404333,06
1326,149,20.897052167,9519,2021-06-28 17:55:20,52.239823833,2
1327,159,20.9864275,9520,2021-06-28 17:55:21,52.2220165,8
1328,715,20.944696833,9521,2021-06-28 17:55:23,52.119040667,1
1329,220,20.899492833,9522,2021-06-28 17:55:21,52.1949855,4
1330,220,20.929026667,9523,2021-06-28 17:55:20,52.173079833,07
1331,220,20.901448833,9524,2021-06-28 17:55:21,52.189992,2
1332,194,20.930816167,9525,2021-06-28 17:55:23,52.225408333,3
1333,181,20.958942333,9526,2021-06-28 17:55:22,52.281136667,1
1334,715,20.979911333,9528,2021-06-28 17:55:24,52.130244,058
1335,715,21.033901,9529,2021-06-28 17:55:20,52.156609667,52
1336,707,20.899313167,9530,2021-06-28 17:55:25,52.099682167,03
1337,159,21.0382365,9531,2021-06-28 17:55:21,52.221684667,4
1338,194,20.867856167,9532,2021-06-28 17:55:24,52.194028167,1
1339,181,20.899893167,9533,2021-06-28 17:55:21,52.297151667,4
1340,181,20.932793333,9534,2021-06-28 17:55:24,52.305794167,3
1341,159,21.024751667,9535,2021-06-28 17:55:23,52.2240415,7
1342,159,21.0544545,9537,2021-06-28 17:55:22,52.194657167,6
1343,737,21.018008167,9539,2021-06-28 17:55:25,52.119736833,059
1344,220,20.896822667,9540,2021-06-28 17:55:21,52.240285833,1
1345,220,20.922142,9542,2021-06-28 17:55:21,52.259043333,6
1346,737,20.897788,9544,2021-06-28 17:55:24,52.056426667,07
1347,220,20.923890667,9545,2021-06-28 17:55:22,52.260778333,08
1348,149,20.944495833,9546,2021-06-28 17:55:22,52.246926167,5
1349,220,20.896170667,9548,2021-06-28 17:55:24,52.215166,09
1350,149,20.878910667,9550,2021-06-28 17:55:25,52.248207333,1
1351,715,20.943723,9551,2021-06-28 17:55:20,52.1755495,55
1352,149,20.946641167,9552,2021-06-28 17:55:20,52.246955833,3
1353,194,20.9141045,9554,2021-06-28 17:55:24,52.213049333,07
1354,194,20.899163,9555,2021-06-28 17:55:22,52.208511333,2
1355,159,20.987450167,9556,2021-06-28 17:55:24,52.224697167,3
1356,149,20.940427833,9557,2021-06-28 17:55:24,52.2466645,4
1357,194,20.895999333,9558,2021-06-28 17:55:24,52.2021155,4
1358,159,21.074713167,9560,2021-06-28 17:55:23,52.190802667,5
1359,159,20.955001667,9561,2021-06-28 17:55:23,52.211923833,2
1360,118,21.032852,9671,2021-06-28 17:55:21,52.299175,2
1361,118,21.019104,9672,2021-06-28 17:55:24,52.246735,5
1362,326,20.968922,9673,2021-06-28 17:55:19,52.274765,04
1363,118,21.035301,9674,2021-06-28 17:55:20,52.231266,8
1364,152,20.986517,9676,2021-06-28 17:55:24,52.334766,5
1365,212,21.05159,9677,2021-06-28 17:55:18,52.291897,06
1366,118,21.014963,9678,2021-06-28 17:55:23,52.217003,7
1367,118,21.015177,9679,2021-06-28 17:55:24,52.2514,1
1368,326,21.029066,9680,2021-06-28 17:55:17,52.355743,02
1369,152,21.031485,9681,2021-06-28 17:55:19,52.327477,2
1370,212,21.027025,9682,2021-06-28 17:55:20,52.259716,5
1371,152,20.951864,9683,2021-06-28 17:55:19,52.316662,4
1372,212,21.042765,9684,2021-06-28 17:55:19,52.273232,1
1373,212,21.053022,9685,2021-06-28 17:55:24,52.282955,2
1374,326,21.028456,9686,2021-06-28 17:55:22,52.345192,05
1375,326,20.985031,9688,2021-06-28 17:55:23,52.28249,03
1376,118,21.029955,9689,2021-06-28 17:55:17,52.298775,4
1377,212,21.05711,9690,2021-06-28 17:55:23,52.301929,3
1378,326,21.061893,9692,2021-06-28 17:55:12,52.361729,01
1379,212,21.04995,9693,2021-06-28 17:55:23,52.269585,4
1380,152,20.959032,9695,2021-06-28 17:55:23,52.316456,1
1381,118,21.024019,9696,2021-06-28 17:55:18,52.224003,6
1382,118,21.041307,9697,2021-06-28 17:55:23,52.300159,3
1383,152,21.009195,9698,2021-06-28 17:55:16,52.33588,3
1384,710,21.096218,9801,2021-06-28 17:55:19,52.125896,4
1385,525,21.015333,9802,2021-06-28 17:55:17,52.218552,1
1386,184,20.943129,9803,2021-06-28 17:55:22,52.245991,069
1387,127,20.961323,9804,2021-06-28 17:55:20,52.216732,56
1388,710,21.1017,9805,2021-06-28 17:55:22,52.077297,2
1389,525,21.061647,9807,2021-06-28 17:55:20,52.228268,319
1390,127,20.996887,9808,2021-06-28 17:55:19,52.226593,2
1391,109,20.932949,9809,2021-06-28 17:55:17,52.240223,07
1392,710,21.075874,9810,2021-06-28 17:55:22,52.077965,5
1393,719,20.954128,9812,2021-06-28 17:55:17,52.238083,3
1394,109,20.981326,9813,2021-06-28 17:55:15,52.229922,08
1395,Z10,20.914946,9814,2021-06-28 17:55:22,52.233818,2
1396,525,21.106628,9815,2021-06-28 17:55:20,52.233967,09
1397,742,21.216862,9816,2021-06-28 17:55:20,51.981136,1
1398,719,20.586468,9818,2021-06-28 17:55:22,52.257587,04
1399,719,20.822195,9819,2021-06-28 17:55:24,52.25153,1
1400,719,20.630121,9820,2021-06-28 17:55:19,52.262012,2
1401,710,21.011236,9821,2021-06-28 17:55:23,52.074223,1
1402,525,21.00375,9822,2021-06-28 17:55:17,52.22961,010
1403,184,20.940121,9823,2021-06-28 17:55:23,52.280998,010
1404,525,21.089674,9825,2021-06-28 17:19:36,52.235753,5
1405,525,21.153404,9826,2021-06-28 17:55:16,52.226143,7
1406,185,21.022036,9827,2021-06-28 17:55:24,52.142695,8
1407,127,20.895468,9828,2021-06-28 17:55:19,52.208824,4
1408,525,21.194777,9829,2021-06-28 17:55:16,52.207634,6
1409,Z10,20.9209,9830,2021-06-28 17:55:23,52.258099,8
1410,710,21.084257,9831,2021-06-28 17:55:24,52.130573,3
1411,127,21.033653,9833,2021-06-28 17:55:22,52.234871,1
1412,525,21.163107,9834,2021-06-28 17:55:24,52.221237,4
1413,742,21.068052,9835,2021-06-28 17:55:18,52.128952,02
1414,525,21.019644,9836,2021-06-28 17:55:18,52.218075,3
1415,185,21.038677,9837,2021-06-28 17:55:22,52.232914,12
1416,525,21.005936,9838,2021-06-28 17:55:21,52.22876,2
1417,724,21.075459,9839,2021-06-28 17:55:22,52.08493,1
1418,127,20.992493,9840,2021-06-28 17:55:20,52.22591,6
1419,724,21.116247,9841,2021-06-28 17:55:18,52.093136,02
1420,127,21.033463,9843,2021-06-28 17:55:24,52.234859,7
1421,127,20.899384,9844,2021-06-28 17:55:23,52.208473,09
1422,127,20.948542,9845,2021-06-28 17:55:18,52.20932,3
1423,Z10,20.912153,9846,2021-06-28 17:55:17,52.243229,6
1424,Z10,20.916489,9847,2021-06-28 17:55:22,52.220703,4
1425,109,20.94907,9849,2021-06-28 17:55:23,52.231396,6
1426,109,20.898724,9851,2021-06-28 17:55:20,52.238518,5
1427,109,20.990561,9852,2021-06-28 17:55:18,52.231525,4
1428,109,21.021257,9853,2021-06-28 17:55:23,52.231205,1
1429,127,21.01944,9854,2021-06-28 17:55:23,52.246277,335
1430,186,20.948879,9901,2021-06-28 17:55:20,52.256104,1
1431,210,20.928238,9902,2021-06-28 17:55:22,52.291046,5
1432,140,21.064154,9903,2021-06-28 17:55:20,52.27343,04
1433,520,21.001692,9905,2021-06-28 17:55:24,52.243973,011
1434,520,21.014484,9906,2021-06-28 17:55:20,52.225479,3
1435,140,21.11492,9907,2021-06-28 17:55:23,52.334984,08
1436,140,21.088501,9908,2021-06-28 17:55:18,52.302757,09
1437,140,21.052895,9909,2021-06-28 17:55:19,52.276772,2
1438,719,20.851551,9912,2021-06-28 17:55:24,52.246655,05
1439,520,21.003201,9913,2021-06-28 17:55:23,52.242519,08
1440,520,21.115335,9914,2021-06-28 17:55:20,52.232689,09
1441,520,21.147852,9915,2021-06-28 17:55:22,52.238335,6
1442,520,21.08074,9916,2021-06-28 17:55:21,52.235687,4
1443,193,21.042156,9918,2021-06-28 17:55:23,52.155808,2
1444,193,21.019449,9919,2021-06-28 17:55:20,52.173336,3
1445,140,21.091284,9920,2021-06-28 17:55:21,52.30648,05
1446,140,21.111225,9921,2021-06-28 17:55:23,52.360931,06
1447,520,21.127361,9922,2021-06-28 17:55:23,52.234447,5
1448,193,20.995396,9923,2021-06-28 17:55:23,52.170242,4
1449,140,21.111391,9924,2021-06-28 17:55:19,52.360813,07
1450,193,21.036959,9926,2021-06-28 17:55:22,52.161999,1
1451,520,21.147274,9927,2021-06-28 17:46:40,52.23822,010
1452,140,21.122717,9928,2021-06-28 17:55:23,52.34481,3
1453,186,20.996035,9929,2021-06-28 17:55:22,52.287514,12
1454,193,20.999315,9930,2021-06-28 17:55:23,52.169231,5
1455,186,20.963762,9932,2021-06-28 17:55:19,52.2085,4
1456,520,21.002155,9933,2021-06-28 17:55:23,52.243099,2
1457,186,20.957586,9934,2021-06-28 17:55:23,52.227505,2
1458,520,21.015188,9935,2021-06-28 17:55:20,52.218014,1
1459,186,20.959484,9936,2021-06-28 17:55:23,52.26852,6
1460,520,21.01786,9937,2021-06-28 17:55:20,52.217484,7
1461,186,20.964457,9940,2021-06-28 17:55:22,52.215443,3
1462,186,20.977598,9941,2021-06-28 17:55:20,52.279449,8
1463,210,20.874651,9942,2021-06-28 17:55:23,52.287571,4
1464,109,21.041466,9943,2021-06-28 17:55:23,52.225948,2
1465,186,20.994526,9945,2021-06-28 17:55:23,52.287163,9
1466,210,20.767412,9946,2021-06-28 17:55:22,52.307831,3
1467,109,21.012135,9948,2021-06-28 17:55:23,52.229706,3
1468,210,20.920847,9949,2021-06-28 17:55:23,52.281952,1
1469,210,20.785532,9950,2021-06-28 17:55:22,52.30035,2
1470,186,20.975336,9951,2021-06-28 17:55:17,52.211601,5
1471,186,20.94109,9953,2021-06-28 17:55:22,52.329975,67
1472,140,21.06473,9954,2021-06-28 17:55:20,52.273739,1
1473,o97B,21.423098,9999,2021-06-28 14:27:55,50.302967,7
