,Lines,Lon,VehicleNumber,Time,Lat,Brigade
0,213,21.188801,1001,2021-06-28 18:10:35,52.149869,1
1,213,21.1880451,1003,2021-06-28 18:10:34,52.1839313,05
2,213,21.155326,1004,2021-06-28 18:10:29,52.2139895,3
3,196,21.178216,1005,2021-06-28 18:10:27,52.2596416,2
4,196,21.170728,1008,2021-06-28 18:10:20,52.256993,03
5,213,21.2113638,1009,2021-06-28 18:10:27,52.1609291,4
6,213,21.102178,1010,2021-06-28 18:10:30,52.2228213,2
7,311,21.0771458,1012,2021-06-28 18:10:32,52.2438155,1
8,196,21.176328,1014,2021-06-28 18:10:28,52.256783,1
9,311,21.1010925,1015,2021-06-28 18:10:32,52.2227371,2
10,365,20.9967026,1021,2021-06-28 18:10:36,52.16977,01
11,107,21.048443,1023,2021-06-28 18:10:36,52.208038,3
12,163,21.083891,1025,2021-06-28 18:10:36,52.167843,2
13,107,21.0161466,1026,2021-06-28 18:10:36,52.2310817,5
14,108,21.0522892,1027,2021-06-28 18:10:37,52.2128371,1
15,108,21.023863,1028,2021-06-28 18:10:33,52.179745,5
16,108,21.062145,1029,2021-06-28 18:10:34,52.185905,6
17,365,21.015371,1031,2021-06-28 18:10:36,52.180012,02
18,108,21.0520809,1033,2021-06-28 18:10:37,52.1793739,4
19,163,21.066656,1034,2021-06-28 18:10:36,52.176941,1
20,192,21.0467339,1037,2021-06-28 18:10:35,52.1517167,7
21,108,21.074613,1038,2021-06-28 18:09:54,52.203494,3
22,365,21.020994,1039,2021-06-28 18:10:36,52.17942,03
23,107,20.9865167,1040,2021-06-28 18:10:27,52.2444133,6
24,107,21.016383,1042,2021-06-28 18:10:35,52.230481,2
25,107,20.979111,1043,2021-06-28 18:10:32,52.244563,07
26,107,21.044313,1045,2021-06-28 18:10:22,52.221433,4
27,204,21.0390433,1046,2021-06-28 18:10:27,52.2882467,05
28,204,21.060396,1047,2021-06-28 18:10:24,52.314995,1
29,204,21.04016,1048,2021-06-28 18:10:16,52.288096,04
30,228,20.967031,1050,2021-06-28 18:10:21,52.194764,1
31,228,20.892941,1051,2021-06-28 18:10:30,52.200348,2
32,328,20.99469,1052,2021-06-28 18:10:26,52.1509,01
33,129,20.9162083,1053,2021-06-28 18:10:31,52.2292183,4
34,228,20.923388,1054,2021-06-28 18:10:29,52.204459,3
35,129,20.884753,1055,2021-06-28 18:10:33,52.194676,3
36,328,20.986715,1058,2021-06-28 18:10:34,52.15637,02
37,129,20.939411,1059,2021-06-28 18:10:20,52.246059,1
38,328,20.961252,1061,2021-06-28 18:10:32,52.197655,03
39,192,21.024284,1062,2021-06-28 18:10:36,52.179901,51
40,192,21.068613,1064,2021-06-28 18:10:30,52.129082,2
41,163,21.0996784,1065,2021-06-28 18:10:37,52.1614487,04
42,107,20.9875519,1066,2021-06-28 18:10:35,52.2435626,1
43,163,21.0490919,1068,2021-06-28 18:10:36,52.178292,3
44,192,21.039259,1069,2021-06-28 18:10:34,52.153996,4
45,163,21.099693,1070,2021-06-28 18:10:36,52.18111,05
46,192,21.023947,1074,2021-06-28 18:10:33,52.18,6
47,108,21.0231724,1076,2021-06-28 18:10:34,52.2288129,2
48,192,21.0609214,1077,2021-06-28 18:10:31,52.1364725,3
49,192,21.068039,1079,2021-06-28 18:10:35,52.138954,1
50,736,21.0155031,1101,2021-06-28 18:10:28,52.3863778,02
51,132,21.03133,1109,2021-06-28 18:10:28,52.299148,2
52,303,20.9584948,1112,2021-06-28 18:10:29,52.2677173,3
53,147,21.2346791,1113,2021-06-28 18:10:26,52.2162925,06
54,152,20.999398,1114,2021-06-28 18:10:16,52.337376,06
55,166,21.0483471,1115,2021-06-28 18:10:30,52.1620413,09
56,132,20.9705681,1116,2021-06-28 18:10:29,52.2755253,3
57,122,20.976524,1117,2021-06-28 18:10:28,52.289848,09
58,197,20.8625561,1118,2021-06-28 18:10:26,52.190318,7
59,126,20.9420725,1119,2021-06-28 18:10:33,52.3341506,3
60,168,21.0021526,1200,2021-06-28 18:10:37,52.1898142,2
61,119,21.0681189,1202,2021-06-28 18:10:33,52.2026827,1
62,178,20.8861129,1203,2021-06-28 18:10:36,52.1826065,2
63,178,21.0122822,1204,2021-06-28 18:10:36,52.2359804,5
64,168,21.1128369,1205,2021-06-28 18:10:36,52.2330585,6
65,166,21.038616,1206,2021-06-28 18:10:24,52.251244,1
66,166,21.041271,1208,2021-06-28 18:10:36,52.169781,5
67,222,21.00498,1211,2021-06-28 18:10:36,52.244793,4
68,174,21.0198285,1212,2021-06-28 18:10:36,52.1834384,371
69,174,20.9956285,1213,2021-06-28 18:10:36,52.1701752,3
70,218,21.007339,1214,2021-06-28 18:10:36,52.178143,5
71,166,21.0665,1216,2021-06-28 18:10:33,52.131325,7
72,168,21.1127,1218,2021-06-28 18:10:35,52.236378,5
73,119,21.203808,1220,2021-06-28 18:10:36,52.209572,5
74,122,20.8966071,1400,2021-06-28 18:10:31,52.239448,012
75,121,20.9797116,1401,2021-06-28 18:10:31,52.2533943,04
76,134,20.968318,1403,2021-06-28 18:10:30,52.2717681,1
77,110,20.8850798,1407,2021-06-28 18:10:34,52.305348,05
78,240,21.048159,1408,2021-06-28 18:10:32,52.287178,4
79,173,21.097332,1411,2021-06-28 18:10:31,52.243359,5
80,117,21.052675,1412,2021-06-28 18:10:34,52.236694,1
81,702,21.150669,1413,2021-06-28 18:10:36,52.178551,2
82,168,21.02103,1415,2021-06-28 18:10:36,52.210762,1
83,202,21.112871,1416,2021-06-28 18:10:35,52.244629,04
84,183,21.087805,1418,2021-06-28 18:10:35,52.24472,6
85,147,21.167011,1419,2021-06-28 18:10:36,52.204533,2
86,199,21.130573,1422,2021-06-28 18:10:35,52.2851834,4
87,198,21.243208,1423,2021-06-28 18:10:33,52.221607,05
88,173,21.0528,1424,2021-06-28 18:10:36,52.2503,6
89,115,21.1596257,1425,2021-06-28 18:10:37,52.2307924,4
90,173,21.08437,1426,2021-06-28 18:10:35,52.24815,8
91,147,21.052563,1427,2021-06-28 18:10:35,52.250282,4
92,146,21.039265,1428,2021-06-28 18:10:36,52.243813,2
93,142,21.13954,1430,2021-06-28 18:10:27,52.223669,06
94,L41,20.720039,14422,2021-06-28 18:10:30,52.427383,1
95,L11,20.775507,14424,2021-06-28 18:10:36,52.448574,1
96,L10,20.947792,14425,2021-06-28 18:10:38,52.420055,50
97,L-8,20.945215,14426,2021-06-28 14:51:54,52.437912,1
98,L41,20.927847,14427,2021-06-28 18:10:35,52.386971,02
99,L11,20.934216,14429,2021-06-28 18:10:35,52.397491,57
100,L34,20.847353,14430,2021-06-28 17:01:01,52.441017,2
101,L34,20.941151,14431,2021-06-28 18:10:32,52.400818,1
102,L11,20.944572,14432,2021-06-28 18:10:31,52.458092,51
103,L-8,21.012856,14434,2021-06-28 18:10:38,52.391483,02
104,L-8,21.040257,14435,2021-06-28 18:10:31,52.376369,1
105,L49,20.907621,14436,2021-06-28 18:10:36,52.381672,1
106,L31,21.183931,14438,2021-06-28 18:10:32,52.419415,1
107,L-9,20.942692,14439,2021-06-28 18:10:36,52.474678,054
108,L-9,20.961836,14440,2021-06-28 18:10:38,52.421238,055
109,134,21.047286,1500,2021-06-28 18:10:21,52.335998,04
110,134,21.060776,1501,2021-06-28 18:10:25,52.361943,3
111,110,20.9685758,1502,2021-06-28 18:10:29,52.2721421,2
112,240,21.09944,1505,2021-06-28 18:10:29,52.318298,06
113,132,21.0520781,1506,2021-06-28 18:10:32,52.3104823,07
114,134,20.9687318,1507,2021-06-28 18:10:31,52.2724916,2
115,126,21.0564846,1508,2021-06-28 18:10:31,52.3018161,5
116,132,21.067106,1509,2021-06-28 18:10:32,52.323483,05
117,166,21.0716471,1510,2021-06-28 18:10:31,52.1320538,6
118,126,20.9972915,1513,2021-06-28 18:10:22,52.3197846,4
119,197,20.8680663,1514,2021-06-28 18:10:26,52.2104953,6
120,197,20.8746768,1515,2021-06-28 18:10:29,52.1987805,8
121,121,20.9732698,1516,2021-06-28 18:10:18,52.2793611,1
122,173,21.212036,1519,2021-06-28 18:10:21,52.246761,10
123,202,21.0995183,1521,2021-06-28 18:10:29,52.2477333,07
124,202,21.0586717,1522,2021-06-28 18:10:32,52.25042,3
125,146,21.10356,1523,2021-06-28 18:10:36,52.2131533,08
126,730,21.0875583,1524,2021-06-28 18:10:22,52.244675,052
127,119,21.041233,1525,2021-06-28 18:10:31,52.202081,06
128,147,21.134461,1526,2021-06-28 18:10:18,52.201416,09
129,198,21.22222,1528,2021-06-28 18:10:35,52.2392917,3
130,702,21.134031,1530,2021-06-28 18:10:34,52.205771,03
131,198,21.2237667,1531,2021-06-28 18:10:37,52.2538133,2
132,115,21.170305,1533,2021-06-28 18:10:26,52.2771333,2
133,142,21.0865233,1534,2021-06-28 18:10:21,52.244875,07
134,198,21.243206,1535,2021-06-28 18:10:28,52.221614,1
135,106,21.014634,1537,2021-06-28 18:10:21,52.240521,4
136,170,21.0680583,1538,2021-06-28 18:10:36,52.2657283,4
137,120,21.05526,1539,2021-06-28 18:10:33,52.3329367,1
138,199,21.179671,1540,2021-06-28 18:10:31,52.269145,1
139,156,21.072271,1541,2021-06-28 18:10:34,52.268414,1
140,170,21.080996,1542,2021-06-28 18:10:29,52.277205,1
141,156,21.019258,1543,2021-06-28 18:10:26,52.289819,3
142,338,21.100966,1544,2021-06-28 18:10:31,52.26057,01
143,122,20.934463,1546,2021-06-28 18:10:28,52.271271,013
144,338,21.1007167,1548,2021-06-28 18:10:30,52.2606217,04
145,199,21.110561,1549,2021-06-28 18:10:17,52.294571,2
146,170,21.0253417,1550,2021-06-28 18:10:32,52.2596633,3
147,240,21.00084,1551,2021-06-28 18:10:24,52.2913817,3
148,221,20.994061,1552,2021-06-28 18:10:28,52.259551,2
149,106,21.0210833,1554,2021-06-28 18:10:34,52.24402,06
150,L-4,20.951624,17451,2021-06-28 18:10:34,52.085278,1
151,L26,21.217793,17452,2021-06-28 18:10:37,52.332638,02
152,L37,21.217834,17453,2021-06-28 17:30:49,52.31118,1
153,L40,21.241907,17454,2021-06-28 18:10:32,52.34647,1
154,L36,21.2342,17456,2021-06-28 18:10:35,52.34782,1
155,L35,21.275639,17458,2021-06-28 18:10:31,52.362373,1
156,L26,21.152597,17460,2021-06-28 18:04:50,52.310802,1
157,L46,21.085184,17461,2021-06-28 18:10:27,52.30489,1
158,L43,21.161568,17462,2021-06-28 18:10:35,52.298027,1
159,L45,21.082735,17464,2021-06-28 18:10:36,52.410812,02
160,L45,21.085474,17465,2021-06-28 18:10:32,52.305058,1
161,L38,21.285451,17466,2021-06-28 18:10:30,52.325007,1
162,L37,21.266041,17467,2021-06-28 18:10:30,52.346703,2
163,L40,21.124998,17468,2021-06-28 18:10:35,52.347057,02
164,197,20.9447168,1800,2021-06-28 18:10:31,52.265246,4
165,110,20.882539,1801,2021-06-28 18:10:26,52.3137461,4
166,132,21.0693973,1802,2021-06-28 18:10:28,52.3241763,1
167,166,21.026537,1803,2021-06-28 18:10:32,52.214019,8
168,122,20.897803,1804,2021-06-28 18:10:29,52.2587576,5
169,173,21.160496,1805,2021-06-28 18:10:30,52.240846,4
170,204,21.057012,1806,2021-06-28 18:10:30,52.3208338,3
171,122,20.908406,1807,2021-06-28 18:10:31,52.2544028,4
172,303,20.8999645,1808,2021-06-28 18:10:30,52.2971725,1
173,147,21.2067508,1809,2021-06-28 18:10:31,52.2101686,1
174,166,21.0269176,1810,2021-06-28 18:10:34,52.260047,2
175,152,21.043346,1811,2021-06-28 10:10:53,52.266126,06
176,204,21.0232215,1812,2021-06-28 18:10:30,52.277273,2
177,736,20.9893265,1813,2021-06-28 18:10:29,52.3098495,1
178,147,21.105298,1814,2021-06-28 18:10:29,52.211553,07
179,240,21.0422673,1815,2021-06-28 18:10:33,52.2949253,2
180,197,20.9052028,1817,2021-06-28 18:10:25,52.2175466,9
181,240,21.0763893,1818,2021-06-28 18:10:32,52.3222155,05
182,221,20.984019,1819,2021-06-28 18:10:28,52.2600268,1
183,117,21.0036833,1823,2021-06-28 18:10:32,52.2315026,05
184,146,21.169823,1826,2021-06-28 18:10:21,52.16019,4
185,183,21.1730673,1828,2021-06-28 18:10:30,52.2509388,3
186,147,21.0831501,1829,2021-06-28 18:10:30,52.2260475,5
187,722,21.1318858,1830,2021-06-28 18:10:30,52.2321958,1
188,147,21.1169918,1832,2021-06-28 09:25:20,52.2330478,09
189,146,21.2147888,1833,2021-06-28 18:10:34,52.154988,5
190,202,21.116848,1834,2021-06-28 09:35:30,52.233074,04
191,115,21.1703413,1835,2021-06-28 18:10:22,52.2693655,3
192,168,20.9957731,1837,2021-06-28 18:10:31,52.1930371,07
193,183,21.08698,1839,2021-06-28 18:10:29,52.244818,1
194,202,21.0631883,1840,2021-06-28 18:10:26,52.2515075,05
195,146,21.052758,1842,2021-06-28 18:10:28,52.250426,07
196,183,21.119211,1843,2021-06-28 18:10:29,52.237814,2
197,119,21.000606,1844,2021-06-28 18:10:19,52.2062055,3
198,115,21.224076,1846,2021-06-28 18:10:27,52.169121,5
199,730,21.3779656,1847,2021-06-28 18:10:33,52.199405,61
200,119,21.1281766,1848,2021-06-28 18:10:29,52.2013935,4
201,173,21.1369841,1849,2021-06-28 18:10:34,52.240998,9
202,183,21.1920053,1850,2021-06-28 18:10:32,52.2387516,4
203,173,21.230699,1851,2021-06-28 18:10:25,52.216561,1
204,722,21.279323,1854,2021-06-28 18:09:59,52.116871,53
205,147,21.0539838,1855,2021-06-28 18:10:22,52.2345471,3
206,146,21.08928,1856,2021-06-28 18:10:32,52.2199118,1
207,117,21.005131,1857,2021-06-28 18:10:30,52.229514,2
208,115,21.1423681,1858,2021-06-28 18:10:30,52.2371418,1
209,146,21.2046988,1859,2021-06-28 18:10:36,52.1594976,09
210,115,21.2175568,1860,2021-06-28 18:10:33,52.1584905,6
211,119,21.0155906,1862,2021-06-28 18:10:33,52.2089066,2
212,173,21.2233083,1863,2021-06-28 18:10:34,52.2467495,3
213,146,21.0543035,1866,2021-06-28 18:10:32,52.233927,3
214,183,21.1403373,1867,2021-06-28 18:10:29,52.2452945,5
215,147,21.0511745,1869,2021-06-28 18:10:32,52.238334,08
216,251,21.064221,1903,2021-06-28 18:10:31,52.170594,53
217,168,21.0614394,1904,2021-06-28 18:10:27,52.2070317,09
218,739,21.0380423,1905,2021-06-28 18:10:32,52.0941563,07
219,251,21.099969,1907,2021-06-28 18:10:21,52.134956,54
220,178,20.9853926,1908,2021-06-28 18:10:28,52.1925862,012
221,222,20.9959926,1909,2021-06-28 18:10:30,52.1889692,2
222,222,21.0047717,1910,2021-06-28 18:10:28,52.2446959,5
223,139,21.103207,1911,2021-06-28 18:10:35,52.122326,56
224,222,21.023769,1912,2021-06-28 18:10:35,52.217312,6
225,251,21.1232164,1914,2021-06-28 18:10:36,52.0895522,51
226,222,21.0248774,1916,2021-06-28 18:10:36,52.2192106,3
227,139,21.043144,1917,2021-06-28 18:10:34,52.175369,52
228,739,21.052793,1918,2021-06-28 18:10:36,52.096027,08
229,251,21.0240452,1919,2021-06-28 18:10:36,52.1795939,55
230,222,20.997143,1920,2021-06-28 18:10:35,52.188869,1
231,178,20.9795659,1991,2021-06-28 18:10:36,52.2293922,010
232,178,20.8834314,1993,2021-06-28 18:10:36,52.1953629,1
233,168,21.0296542,1994,2021-06-28 18:10:34,52.2071452,08
234,178,20.9705079,1995,2021-06-28 18:10:35,52.2289934,3
235,178,20.946062,1996,2021-06-28 18:10:36,52.207718,6
236,178,21.004036,1998,2021-06-28 18:10:37,52.255344,4
237,178,20.9103222,1999,2021-06-28 18:10:33,52.1955187,013
238,105,20.9016367,2001,2021-06-28 18:10:36,52.2171001,1
239,136,20.9654874,2003,2021-06-28 18:10:34,52.2380384,6
240,Z10,20.9134152,2006,2021-06-28 18:10:34,52.2379792,3
241,188,20.979166,2007,2021-06-28 18:10:35,52.174892,09
242,517,20.861795,2008,2021-06-28 18:10:36,52.190655,07
243,191,20.882454,2009,2021-06-28 18:10:36,52.189266,3
244,184,20.9673552,2010,2021-06-28 18:10:36,52.2128539,4
245,124,20.9541904,2011,2021-06-28 18:10:36,52.1856334,03
246,401,20.97934,2013,2021-06-28 18:10:36,52.18359,1
247,182,21.042042,2014,2021-06-28 18:10:35,52.223923,012
248,171,20.9268212,2015,2021-06-28 18:10:35,52.2637974,1
249,401,20.8680889,2016,2021-06-28 18:10:34,52.1936266,011
250,190,20.988058,2019,2021-06-28 18:10:35,52.240215,014
251,191,20.980909,2020,2021-06-28 18:10:36,52.215965,7
252,401,20.8998922,2021,2021-06-28 18:10:33,52.1948899,5
253,522,21.074024,2022,2021-06-28 18:10:35,52.158783,013
254,193,20.999992,2023,2021-06-28 18:10:36,52.169262,06
255,189,20.9143927,2024,2021-06-28 18:10:33,52.2087342,14
256,401,20.9360272,2026,2021-06-28 18:10:34,52.1946056,8
257,522,21.080101,2027,2021-06-28 18:10:32,52.157742,318
258,519,21.010029,2028,2021-06-28 18:10:36,52.229446,3
259,501,21.0525329,2029,2021-06-28 18:10:34,52.1847637,3
260,189,20.914867,2030,2021-06-28 18:10:36,52.199589,9
261,131,21.0690137,2032,2021-06-28 18:10:35,52.1813569,10
262,522,21.016306,2033,2021-06-28 18:10:32,52.223,07
263,189,20.8987335,2035,2021-06-28 18:10:36,52.2387542,12
264,519,21.0129474,2036,2021-06-28 18:10:35,52.2278654,5
265,501,21.0026849,2037,2021-06-28 18:10:34,52.2293314,5
266,138,21.042082,2038,2021-06-28 18:10:36,52.223938,010
267,501,21.048311,2040,2021-06-28 18:10:32,52.178185,2
268,189,20.936201,2041,2021-06-28 18:10:36,52.19442,8
269,138,21.038551,2042,2021-06-28 18:10:35,52.252666,012
270,401,20.990223,2044,2021-06-28 18:10:35,52.180676,012
271,172,20.984432,2045,2021-06-28 18:10:35,52.201328,010
272,172,20.9702411,2200,2021-06-28 18:10:35,52.2193201,4
273,523,21.100639,2201,2021-06-28 18:10:35,52.24744,14
274,187,21.0483,2202,2021-06-28 18:10:35,52.178215,3
275,136,21.0558602,2203,2021-06-28 18:10:35,52.1475234,1
276,Z10,20.9156234,2204,2021-06-28 18:10:36,52.2288017,010
277,171,20.9273635,2205,2021-06-28 18:10:34,52.2407847,011
278,189,20.8966417,2207,2021-06-28 18:10:35,52.2320834,10
279,190,20.971661,2209,2021-06-28 18:10:36,52.236965,8
280,172,21.046917,2210,2021-06-28 18:10:36,52.190052,2
281,122,20.984627,2212,2021-06-28 18:10:33,52.268536,6
282,122,20.8973995,2213,2021-06-28 18:10:35,52.2397666,07
283,136,21.055613,2215,2021-06-28 18:10:34,52.147442,11
284,190,20.9213187,2216,2021-06-28 18:10:36,52.1973824,018
285,401,20.862078,2217,2021-06-28 18:10:34,52.190334,09
286,Z10,20.917599,2218,2021-06-28 18:10:34,52.220604,5
287,148,20.9820021,2221,2021-06-28 18:10:37,52.1678837,8
288,523,21.0984551,2222,2021-06-28 18:10:35,52.2479679,1
289,191,20.915394,2223,2021-06-28 18:10:36,52.204151,9
290,189,21.056183,2224,2021-06-28 18:10:34,52.182076,2
291,191,20.975513,2225,2021-06-28 18:10:35,52.2116389,5
292,517,20.9960881,2226,2021-06-28 18:10:35,52.2264029,3
293,136,21.0471266,2231,2021-06-28 18:10:36,52.1487556,013
294,189,20.898806,2232,2021-06-28 18:10:34,52.23872,11
295,317,20.9443372,2233,2021-06-28 18:10:36,52.1753619,08
296,Z10,20.9123929,2235,2021-06-28 18:10:35,52.2422642,011
297,317,21.06575,2236,2021-06-28 18:10:36,52.17025,4
298,187,21.0520425,2240,2021-06-28 18:10:36,52.1980372,2
299,136,20.992809,2241,2021-06-28 18:10:35,52.188412,9
300,191,20.888924,2243,2021-06-28 18:10:36,52.1897536,1
301,171,20.9613934,2244,2021-06-28 18:10:36,52.2376946,4
302,Z10,20.9250439,2245,2021-06-28 18:10:35,52.2610415,9
303,717,20.9663644,2247,2021-06-28 18:10:22,52.2179632,3
304,317,21.0720889,2249,2021-06-28 18:10:34,52.1688362,06
305,189,21.0586209,2252,2021-06-28 18:10:34,52.1835044,4
306,112,20.912378,2253,2021-06-28 18:10:35,52.242031,2
307,191,20.91942,2254,2021-06-28 18:10:36,52.204941,010
308,141,21.048386,2256,2021-06-28 18:10:34,52.208313,013
309,172,21.0025846,2257,2021-06-28 18:10:35,52.1956454,7
310,317,20.9977044,2258,2021-06-28 18:10:36,52.1756492,1
311,187,21.0458075,2259,2021-06-28 18:10:36,52.2168479,4
312,L48,21.303106,23481,2021-06-28 04:38:21,52.203297,1
313,L47,21.318787,23482,2021-06-28 18:10:38,52.242134,02
314,L47,21.299929,23483,2021-06-28 18:10:35,52.257607,1
315,L20,21.462456,24511,2021-06-28 18:10:36,52.132931,1
316,L20,21.471601,24512,2021-06-28 13:52:17,52.132278,1
317,L20,21.259781,24513,2021-06-28 18:10:34,52.107662,03
318,L20,21.471657,24515,2021-06-28 17:31:13,52.132061,2
319,245,21.083693,3400,2021-06-28 18:10:32,52.286511,2
320,112,21.0416893,3401,2021-06-28 18:10:31,52.2925965,018
321,412,21.062816,3403,2021-06-28 18:10:29,52.3106141,01
322,112,21.059795,3404,2021-06-28 18:10:23,52.304189,7
323,412,21.068313,3405,2021-06-28 18:10:18,52.323635,05
324,500,21.0374418,3406,2021-06-28 18:10:29,52.2689891,08
325,500,21.0418878,3408,2021-06-28 18:10:29,52.293985,2
326,160,21.0471655,3409,2021-06-28 18:10:36,52.2762593,013
327,245,21.052936,3410,2021-06-28 18:10:22,52.276513,05
328,114,20.923066,3411,2021-06-28 18:10:21,52.275438,011
329,500,20.9818155,3413,2021-06-28 18:10:31,52.254433,1
330,190,21.0767603,3414,2021-06-28 18:10:29,52.2887666,027
331,114,20.986343,3415,2021-06-28 18:10:34,52.283633,09
332,114,20.9968661,3416,2021-06-28 18:10:33,52.2724868,010
333,738,21.0884996,3417,2021-06-28 18:10:31,52.3028271,3
334,738,21.0527633,3418,2021-06-28 18:10:27,52.2766235,4
335,190,21.0764333,3421,2021-06-28 18:10:33,52.288141,021
336,500,21.0420575,3422,2021-06-28 18:10:32,52.3002976,4
337,185,21.02445,3423,2021-06-28 18:10:32,52.1428295,10
338,512,21.051958,3424,2021-06-28 18:10:26,52.252858,2
339,512,21.0583746,3426,2021-06-28 18:10:32,52.2664603,3
340,169,21.051726,3427,2021-06-28 18:10:28,52.252903,2
341,185,21.0389483,3428,2021-06-28 18:10:35,52.1689663,7
342,500,21.00742,3429,2021-06-28 18:10:33,52.2600033,6
343,169,21.0480866,3430,2021-06-28 18:10:28,52.286336,3
344,112,20.910996,3431,2021-06-28 18:10:34,52.247459,3
345,Z26,21.0213121,3432,2021-06-28 18:10:35,52.2489769,1
346,Z26,20.974624,3434,2021-06-28 18:10:32,52.235514,6
347,175,20.9754096,3435,2021-06-28 18:10:35,52.1680856,55
348,509,20.9496555,3437,2021-06-28 18:10:31,52.3199233,5
349,132,20.969066,3438,2021-06-28 18:10:31,52.2718636,06
350,738,21.149738,3439,2021-06-28 18:10:35,52.377073,1
351,414,21.0200868,3440,2021-06-28 18:10:16,52.2889375,07
352,512,21.074791,3441,2021-06-28 18:10:35,52.287461,5
353,500,20.9819551,3442,2021-06-28 18:10:31,52.2532296,7
354,509,21.1017356,3443,2021-06-28 18:10:29,52.2221341,11
355,245,21.1141253,3444,2021-06-28 18:10:32,52.2790438,04
356,145,21.1319116,3445,2021-06-28 18:10:34,52.2487233,8
357,509,21.0353731,3446,2021-06-28 18:10:35,52.2539338,14
358,162,21.0275755,3447,2021-06-28 18:10:32,52.2597015,6
359,190,20.9064303,3448,2021-06-28 18:10:27,52.2284033,2
360,112,21.0252983,3449,2021-06-28 18:10:24,52.2975661,9
361,112,20.914491,3450,2021-06-28 18:10:30,52.228921,12
362,114,21.043474,3451,2021-06-28 09:14:51,52.2654126,09
363,145,21.0817995,3452,2021-06-28 18:10:27,52.2866501,015
364,527,21.0487605,3453,2021-06-28 18:10:26,52.2698915,2
365,190,20.8988648,3454,2021-06-28 18:10:30,52.2388031,1
366,145,21.1265743,3455,2021-06-28 18:10:22,52.2338196,5
367,509,20.9611891,3458,2021-06-28 18:10:35,52.3169255,355
368,245,21.1303795,3459,2021-06-28 18:10:30,52.2849271,1
369,190,21.0367676,3460,2021-06-28 18:10:34,52.2560495,022
370,114,20.927156,3462,2021-06-28 18:10:33,52.283605,2
371,190,21.0761946,3463,2021-06-28 18:10:33,52.287881,6
372,500,21.0456558,3464,2021-06-28 18:10:30,52.2800678,5
373,114,21.0418075,3465,2021-06-28 18:10:34,52.2931288,6
374,112,20.8841323,3466,2021-06-28 18:10:36,52.2153523,1
375,509,21.0524086,3467,2021-06-28 18:10:30,52.2384693,022
376,245,21.053137,3468,2021-06-28 18:10:30,52.2763823,03
377,114,20.971376,3469,2021-06-28 18:10:30,52.2644818,7
378,L17,20.954615,36442,2021-06-28 18:10:38,51.940727,02
379,L19,21.029413,36443,2021-06-28 17:49:33,52.07513,1
380,L17,21.029533,36444,2021-06-28 18:10:35,52.074604,1
381,L19,21.040766,36445,2021-06-28 18:10:34,51.952309,02
382,L30,21.213791,36446,2021-06-28 18:10:39,51.968929,1
383,L28,21.122543,36447,2021-06-28 18:10:37,52.090744,1
384,L30,21.10314,36448,2021-06-28 18:10:36,51.973988,02
385,L42,21.116142,37531,2021-06-28 18:10:35,52.102608,52
386,L21,21.213694,37533,2021-06-28 18:10:34,51.987652,1
387,L16,21.146713,37534,2021-06-28 18:10:34,52.123631,1
388,L14,21.163971,37535,2021-06-28 18:10:35,52.099293,1
389,L15,21.15316,37536,2021-06-28 18:10:33,52.061466,51
390,L39,21.022409,38541,2021-06-28 18:10:37,52.075386,4
391,L23,21.028883,38544,2021-06-28 18:10:30,52.073956,052
392,L39,21.022699,38545,2021-06-28 18:10:30,52.066917,3
393,L32,21.019119,38546,2021-06-28 18:10:33,52.065292,1
394,L39,21.004555,38547,2021-06-28 05:46:58,52.110222,1
395,L39,21.027288,38548,2021-06-28 18:10:34,52.098274,2
396,L23,21.032688,38549,2021-06-28 18:10:35,52.065418,51
397,L52,21.023947,38550,2021-06-28 18:10:28,52.069,1
398,L-2,21.02647,39551,2021-06-28 18:10:35,52.075581,062
399,L-2,20.944231,39552,2021-06-28 18:10:30,52.009663,063
400,L25,21.133505,39554,2021-06-28 18:10:39,51.962418,02
401,L25,21.054983,39555,2021-06-28 18:10:30,52.05526,1
402,L12,21.024281,39556,2021-06-28 18:10:37,52.068573,061
403,L12,21.029438,39557,2021-06-28 18:10:36,52.075436,64
404,L12,20.9079,39558,2021-06-28 18:10:37,52.023842,65
405,L13,21.040604,39560,2021-06-28 18:10:38,52.026669,1
406,L13,21.126171,39561,2021-06-28 18:10:36,52.02269,03
407,L13,21.02927,39562,2021-06-28 18:10:37,52.075577,2
408,L-5,20.983273,39565,2021-06-28 18:10:35,52.05661,1
409,255,20.958199,4200,2021-06-28 18:10:35,52.227898,2
410,703,20.9203297,4202,2021-06-28 18:10:35,52.1539519,52
411,197,20.97578,4205,2021-06-28 18:10:37,52.289776,2
412,902,20.9223249,4206,2021-06-28 16:30:27,52.1964574,M1
413,255,20.9311086,4207,2021-06-28 18:10:36,52.2251462,03
414,154,20.9394087,4209,2021-06-28 18:10:34,52.2358677,4
415,178,20.8963764,4210,2021-06-28 18:10:36,52.18669,011
416,154,20.9582,4211,2021-06-28 18:10:36,52.224224,010
417,711,20.8088497,4212,2021-06-28 18:10:36,52.0935757,063
418,154,20.9286575,4213,2021-06-28 18:10:36,52.2406614,1
419,154,20.9643751,4214,2021-06-28 18:10:36,52.1953045,8
420,711,20.9246606,4215,2021-06-28 18:10:36,52.1583034,061
421,122,20.9271265,4216,2021-06-28 18:10:36,52.2635732,3
422,197,20.9766846,4217,2021-06-28 18:10:35,52.2878027,3
423,197,20.953035,4218,2021-06-28 18:10:37,52.276344,1
424,255,20.952293,4219,2021-06-28 18:10:35,52.227745,1
425,197,20.9435226,4221,2021-06-28 18:10:36,52.2392407,10
426,129,20.9138655,4224,2021-06-28 18:10:35,52.212315,2
427,121,20.9340462,4225,2021-06-28 18:10:36,52.2892407,03
428,197,20.942463,4227,2021-06-28 18:10:33,52.226185,5
429,154,20.9471067,4228,2021-06-28 18:10:35,52.1788629,6
430,902,21.042992,4229,2021-06-28 18:10:36,52.244114,M2
431,154,20.947895,4230,2021-06-28 18:10:35,52.180161,7
432,178,20.8957847,4231,2021-06-28 18:10:36,52.1857242,9
433,178,20.93947,4232,2021-06-28 18:10:36,52.203632,7
434,714,20.850077,4233,2021-06-28 18:10:36,52.251095,3
435,729,20.737398,4234,2021-06-28 18:10:34,52.252052,02
436,714,20.9501249,4235,2021-06-28 18:10:35,52.2386469,2
437,L-3,20.854906,42362,2021-06-28 18:10:34,52.029713,02
438,154,20.978434,4237,2021-06-28 18:10:34,52.192101,5
439,154,20.898468,4238,2021-06-28 18:10:36,52.258457,3
440,178,20.961351,4239,2021-06-28 18:10:33,52.228085,8
441,154,20.966209,4240,2021-06-28 18:10:32,52.217911,011
442,714,20.956262,4241,2021-06-28 18:10:35,52.2380607,04
443,154,20.898014,4242,2021-06-28 18:10:35,52.255264,2
444,154,20.8981499,4243,2021-06-28 18:10:35,52.2490699,09
445,901,21.0053615,4244,2021-06-28 18:10:36,52.2346191,1
446,901,21.011324,4246,2021-06-28 18:10:35,52.230198,3
447,714,20.841076,4247,2021-06-28 18:10:35,52.250954,1
448,729,20.943605,4248,2021-06-28 18:10:37,52.239067,1
449,121,20.923073,4249,2021-06-28 18:10:36,52.279797,2
450,L-1,20.921177,42494,2021-06-28 18:10:37,52.063526,1
451,L-4,21.0165,42495,2021-06-28 06:12:56,52.098907,2
452,L-3,21.002312,42500,2021-06-28 18:10:29,52.082867,1
453,146,21.1319246,4303,2021-06-28 18:10:37,52.1842911,06
454,119,21.1675215,4304,2021-06-28 18:10:37,52.2046935,07
455,117,21.1021801,4305,2021-06-28 18:10:37,52.222257,4
456,147,21.0523121,4307,2021-06-28 18:10:37,52.2502675,010
457,142,21.1331331,4308,2021-06-28 18:10:37,52.212016,08
458,198,21.2227045,4309,2021-06-28 18:10:36,52.220616,04
459,702,21.2628924,4312,2021-06-28 18:10:37,52.1081027,1
460,105,16.9750897,4332,2021-06-26 13:35:37,52.5472771,4
461,N72,16.9763326,4333,2021-06-28 15:21:54,52.5456077,215
462,240,21.118958,4400,2021-06-28 18:10:35,52.3382964,1
463,132,21.044247,4401,2021-06-28 18:10:36,52.302845,09
464,126,21.0055427,4402,2021-06-28 18:10:34,52.3146976,2
465,120,21.051233,4403,2021-06-28 18:10:34,52.252651,5
466,166,21.037386,4404,2021-06-28 18:10:36,52.252602,3
467,156,21.058846,4406,2021-06-28 18:10:34,52.255707,2
468,122,20.986059,4407,2021-06-28 18:10:35,52.269505,010
469,134,21.061296,4408,2021-06-28 18:10:34,52.307304,05
470,106,21.025208,4409,2021-06-28 18:10:36,52.241344,1
471,199,21.052959,4411,2021-06-28 18:10:33,52.276466,3
472,173,21.243429,4413,2021-06-28 18:10:35,52.225616,2
473,106,20.967293,4415,2021-06-28 18:10:33,52.233673,2
474,106,21.007334,4416,2021-06-28 18:10:36,52.238827,07
475,170,21.0308407,4417,2021-06-28 18:10:36,52.2610059,2
476,106,20.966047,4418,2021-06-28 18:10:36,52.243179,3
477,120,21.04817,4419,2021-06-28 18:10:34,52.287777,7
478,901,21.0038824,4420,2021-06-28 18:10:32,52.2295834,4
479,126,21.0572906,4421,2021-06-28 18:10:33,52.2990302,1
480,338,21.045027,4422,2021-06-28 18:10:35,52.254593,02
481,106,21.020615,4423,2021-06-28 18:10:34,52.243118,5
482,901,21.0344759,4424,2021-06-28 18:10:33,52.2251747,2
483,156,20.988491,4425,2021-06-28 18:10:36,52.284409,5
484,166,21.031382,4427,2021-06-28 18:10:34,52.206409,4
485,156,20.9280054,4428,2021-06-28 18:10:36,52.2908494,4
486,303,20.969858,4429,2021-06-28 18:10:33,52.26503,2
487,106,20.9827779,4430,2021-06-28 18:10:34,52.2334332,08
488,338,21.036945,4434,2021-06-28 18:10:36,52.252979,03
489,122,20.9176788,5200,2021-06-28 18:10:36,52.2617287,08
490,171,20.9735842,5201,2021-06-28 18:10:28,52.2372502,8
491,517,20.9516879,5202,2021-06-28 18:10:27,52.2118835,09
492,523,20.964116,5203,2021-06-28 18:10:31,52.217481,020
493,401,20.89683,5204,2021-06-28 18:10:27,52.196048,013
494,105,20.8967981,5205,2021-06-28 18:10:29,52.2305613,5
495,131,21.0631741,5206,2021-06-28 18:10:23,52.1871489,2
496,182,21.0748745,5207,2021-06-28 18:10:34,52.2330605,011
497,517,21.0076457,5208,2021-06-28 18:10:32,52.2349753,2
498,184,20.963259,5210,2021-06-28 18:10:13,52.21728,2
499,105,20.9672527,5211,2021-06-28 18:10:16,52.2286751,09
500,523,21.084882,5212,2021-06-28 18:10:28,52.2443098,015
501,Z10,20.9249288,5213,2021-06-28 18:10:27,52.2607729,1
502,184,20.9484938,5214,2021-06-28 18:10:30,52.2383945,1
503,523,20.9556435,5215,2021-06-28 18:10:26,52.2372809,7
504,131,21.013592,5216,2021-06-28 18:10:31,52.2269246,8
505,189,20.9220571,5217,2021-06-28 16:49:01,52.1957361,11
506,122,20.9451954,5218,2021-06-28 18:10:27,52.2658144,011
507,401,20.8618667,5219,2021-06-28 18:10:34,52.1904697,6
508,124,20.9376896,5222,2021-06-28 18:10:32,52.1706617,1
509,190,21.0335384,5223,2021-06-28 18:10:34,52.253995,7
510,517,20.9022274,5224,2021-06-28 18:10:22,52.193998,4
511,523,20.9669726,5225,2021-06-28 18:10:32,52.2180792,6
512,401,20.9464505,5226,2021-06-28 18:10:29,52.1924514,4
513,189,21.0688438,5227,2021-06-28 18:10:32,52.1813032,024
514,124,20.9650889,5228,2021-06-28 18:10:30,52.1527652,2
515,131,21.013394,5229,2021-06-28 18:10:19,52.227245,5
516,523,21.016094,5230,2021-06-28 18:10:32,52.2170075,016
517,189,20.9923436,5232,2021-06-28 18:10:33,52.1802261,7
518,148,21.0354525,5233,2021-06-28 18:10:36,52.1476036,011
519,105,20.938469,5234,2021-06-28 18:10:25,52.225683,011
520,105,20.9627009,5235,2021-06-28 18:10:32,52.2281523,3
521,517,20.9756435,5236,2021-06-28 18:10:17,52.2182861,1
522,171,21.043793,5237,2021-06-28 18:10:30,52.222805,6
523,401,20.8668902,5238,2021-06-28 18:10:30,52.1969528,7
524,182,21.113042,5239,2021-06-28 18:10:31,52.2361354,9
525,184,20.9669704,5240,2021-06-28 18:10:35,52.2124566,3
526,187,20.8852727,5241,2021-06-28 18:10:30,52.1948563,8
527,190,20.8970402,5243,2021-06-28 18:10:26,52.2257906,011
528,189,21.0137121,5244,2021-06-28 18:10:28,52.1741948,018
529,105,20.8989287,5245,2021-06-28 18:10:33,52.2387529,6
530,148,21.0861477,5246,2021-06-28 18:10:28,52.2447076,012
531,716,20.8325176,5247,2021-06-28 18:10:32,52.1930734,1
532,141,21.0032572,5248,2021-06-28 18:10:33,52.195271,7
533,317,20.9436358,5249,2021-06-28 18:10:32,52.175912,2
534,188,21.0266887,5250,2021-06-28 18:10:18,52.2195274,3
535,187,20.9916838,5251,2021-06-28 18:10:36,52.2165973,1
536,189,20.8991449,5253,2021-06-28 18:10:28,52.238634,020
537,401,21.0264545,5254,2021-06-28 18:10:26,52.1717847,010
538,190,21.073489,5255,2021-06-28 18:10:21,52.284471,016
539,148,21.0479622,5256,2021-06-28 18:10:27,52.1925325,1
540,716,20.930489,5257,2021-06-28 18:10:34,52.225065,2
541,188,20.9901303,5258,2021-06-28 18:10:31,52.2159574,4
542,105,20.897136,5260,2021-06-28 18:10:34,52.228515,08
543,723,20.928774,5401,2021-06-28 18:10:36,52.388081,3
544,185,20.975801,5403,2021-06-28 18:10:33,52.289696,3
545,145,21.127413,5404,2021-06-28 18:10:35,52.25708,4
546,269,21.040535,5405,2021-06-28 18:10:32,52.285789,05
547,509,21.049017,5406,2021-06-28 18:10:36,52.243698,13
548,120,21.055494,5407,2021-06-28 18:10:34,52.361504,2
549,527,21.05135,5408,2021-06-28 18:10:36,52.291592,054
550,E-9,20.990074,5409,2021-06-28 18:10:33,52.284851,01
551,731,21.0008429,5410,2021-06-28 18:10:36,52.291275,1
552,723,20.9288027,5412,2021-06-28 18:10:36,52.3934307,4
553,705,21.0698602,5413,2021-06-28 18:10:36,52.4740812,66
554,511,20.9426464,5414,2021-06-28 18:10:35,52.3486162,1
555,723,20.971766,5416,2021-06-28 18:10:37,52.321945,1
556,E-9,20.968065,5417,2021-06-28 18:10:36,52.27206,02
557,511,20.9745242,5418,2021-06-28 18:10:35,52.3179464,2
558,120,21.062807,5419,2021-06-28 18:10:34,52.310596,3
559,160,21.058657,5420,2021-06-28 18:10:36,52.301605,5
560,511,20.929165,5421,2021-06-28 18:10:36,52.291035,3
561,160,21.060068,5423,2021-06-28 18:10:35,52.268593,012
562,511,20.9315494,5424,2021-06-28 18:10:37,52.2937836,06
563,116,21.014133,5425,2021-06-28 18:10:36,52.244709,4
564,116,20.926817,5426,2021-06-28 18:10:31,52.280499,11
565,527,21.060417,5428,2021-06-28 18:10:36,52.312977,1
566,731,20.958252,5429,2021-06-28 18:10:36,52.337532,2
567,145,21.0039071,5430,2021-06-28 18:10:35,52.2905682,11
568,160,21.0524164,5432,2021-06-28 18:10:36,52.2931309,7
569,414,21.0422054,5434,2021-06-28 18:10:36,52.3001937,08
570,527,21.060518,5436,2021-06-28 18:10:37,52.313522,3
571,705,21.032295,5437,2021-06-28 18:10:36,52.432529,1
572,731,20.9280544,5438,2021-06-28 18:10:35,52.4150094,4
573,738,21.18145,5439,2021-06-28 18:10:35,52.417248,2
574,735,21.011692,5441,2021-06-28 18:10:33,52.45388,64
575,160,21.002722,5443,2021-06-28 18:10:36,52.233536,2
576,E-9,21.0684762,5444,2021-06-28 18:10:34,52.3229434,04
577,705,21.048461,5445,2021-06-28 03:52:31,52.264575,65
578,735,21.023577,5446,2021-06-28 18:10:36,52.320747,62
579,114,20.9312,5447,2021-06-28 18:10:34,52.307,08
580,735,20.9689305,5448,2021-06-28 18:10:36,52.2721906,63
581,160,21.0027706,5449,2021-06-28 18:10:35,52.2292921,3
582,511,20.924282,5453,2021-06-28 18:10:32,52.285683,4
583,160,21.0118309,5454,2021-06-28 18:10:34,52.246587,09
584,169,21.041859,5455,2021-06-28 18:10:36,52.300186,4
585,269,21.0419477,5457,2021-06-28 18:10:34,52.3004977,04
586,180,20.9292499,5459,2021-06-28 18:10:35,52.2853831,016
587,705,21.0271381,5460,2021-06-28 18:10:35,52.3239251,65
588,175,21.009464,5870,2021-06-28 18:10:33,52.229328,53
589,175,21.0166292,5871,2021-06-28 18:10:36,52.2400459,59
590,503,21.002516,5873,2021-06-28 18:10:33,52.254787,1
591,175,20.98764,5874,2021-06-28 18:10:33,52.210175,58
592,138,20.998106,5875,2021-06-28 18:10:35,52.186768,011
593,331,20.9981,5876,2021-06-28 18:10:36,52.187302,01
594,180,20.9286282,5877,2021-06-28 18:10:36,52.2714776,017
595,709,21.024773,5878,2021-06-28 18:10:33,52.187492,013
596,175,21.002422,5880,2021-06-28 18:10:36,52.228058,070
597,503,21.040417,5881,2021-06-28 18:10:34,52.171124,5
598,175,20.97821,5882,2021-06-28 18:10:32,52.169437,56
599,180,20.973253,5883,2021-06-28 18:10:36,52.254604,10
600,503,20.998091,5885,2021-06-28 18:03:22,52.18679,5
601,180,21.033979,5886,2021-06-28 18:10:34,52.207035,13
602,128,20.963739,5887,2021-06-28 18:10:32,52.207729,074
603,175,20.978266,5888,2021-06-28 18:10:37,52.16946,069
604,180,20.924997,5889,2021-06-28 18:10:32,52.27243,8
605,128,20.986338,5890,2021-06-28 18:10:36,52.204842,62
606,180,20.940355,5891,2021-06-28 18:10:36,52.269859,7
607,504,20.996519,5892,2021-06-28 18:10:37,52.183342,010
608,503,21.018278,5893,2021-06-28 18:10:31,52.236015,3
609,128,21.012949,5894,2021-06-28 18:10:37,52.243279,066
610,503,21.002342,5895,2021-06-28 18:10:33,52.254742,12
611,503,21.00251,5897,2021-06-28 18:10:27,52.251637,2
612,128,21.012836,5898,2021-06-28 18:10:34,52.243031,071
613,128,21.018482,5899,2021-06-28 18:10:35,52.235252,51
614,158,21.115686,5900,2021-06-28 18:10:32,52.235161,5
615,128,21.012918,5902,2021-06-28 18:10:34,52.243008,52
616,158,21.0134659,5903,2021-06-28 18:10:36,52.2301302,8
617,503,21.036098,5905,2021-06-28 18:10:33,52.164257,8
618,128,20.963512,5906,2021-06-28 18:10:36,52.207802,63
619,503,21.050165,5907,2021-06-28 18:10:36,52.144726,7
620,175,20.983313,5908,2021-06-28 18:10:35,52.196064,068
621,175,21.018034,5909,2021-06-28 18:10:33,52.236809,067
622,128,20.971342,5910,2021-06-28 18:10:35,52.205975,073
623,111,21.102514,5911,2021-06-28 18:10:35,52.222069,4
624,116,20.959864,5913,2021-06-28 18:10:35,52.27578,12
625,175,20.989929,5915,2021-06-28 18:10:36,52.223965,54
626,128,21.017994,5918,2021-06-28 18:10:32,52.231064,60
627,158,20.950096,5920,2021-06-28 18:10:33,52.211674,1
628,116,21.023304,5921,2021-06-28 18:10:36,52.227261,15
629,175,21.1163987,5923,2021-06-28 10:17:16,52.2339737,072
630,116,21.066566,5924,2021-06-28 18:10:37,52.171852,17
631,116,21.047939,5926,2021-06-28 18:10:36,52.189095,3
632,158,21.086807,5927,2021-06-28 18:10:31,52.236568,7
633,116,21.017749,5928,2021-06-28 18:10:37,52.2374804,5
634,175,20.978191,5929,2021-06-28 18:10:33,52.182297,57
635,158,20.9834,5930,2021-06-28 18:10:37,52.22134,9
636,158,21.071617,5931,2021-06-28 18:10:37,52.242119,3
637,116,21.000174,5932,2021-06-28 18:10:35,52.253418,6
638,111,21.0035,5933,2021-06-28 18:10:33,52.2427,2
639,158,21.003321,5934,2021-06-28 18:10:35,52.22823,4
640,503,21.010147,5935,2021-06-28 18:10:30,52.247074,11
641,503,21.024838,5936,2021-06-28 18:10:34,52.2206909,10
642,111,20.979439,5937,2021-06-28 18:10:35,52.244473,10
643,158,20.949312,5939,2021-06-28 18:10:34,52.211609,2
644,175,21.012821,5942,2021-06-28 18:10:36,52.243225,072
645,111,21.0612,5943,2021-06-28 18:10:34,52.2323,7
646,158,21.117657,5945,2021-06-28 18:10:34,52.233776, 
647,111,21.018057,5946,2021-06-28 18:10:35,52.236347,8
648,111,21.102293,5947,2021-06-28 18:10:33,52.222179,5
649,503,21.050121,5948,2021-06-28 18:10:37,52.144497,013
650,503,21.0452,5950,2021-06-28 18:10:34,52.1919,4
651,180,21.083801,5951,2021-06-28 18:10:36,52.168354,2
652,518,20.971151,5952,2021-06-28 18:10:32,52.320801,7
653,160,21.002964,5954,2021-06-28 18:10:33,52.22937,010
654,160,21.039253,5956,2021-06-28 18:10:34,52.266983,013
655,111,21.071497,5958,2021-06-28 18:10:32,52.225037,011
656,160,21.047483,5959,2021-06-28 18:10:35,52.276276,08
657,111,21.043894,5960,2021-06-28 18:10:32,52.236599,3
658,190,21.047405,5961,2021-06-28 18:10:35,52.263794,024
659,116,20.990538,5962,2021-06-28 18:10:35,52.264385,13
660,111,20.979134,5963,2021-06-28 18:10:35,52.244354,1
661,518,21.018753,5964,2021-06-28 18:10:32,52.234592,3
662,518,20.942095,5965,2021-06-28 18:10:36,52.334393,08
663,518,21.019102,5966,2021-06-28 18:10:35,52.234039,2
664,160,20.999756,5967,2021-06-28 18:10:35,52.230583,011
665,180,21.003141,5970,2021-06-28 18:10:34,52.24992,11
666,518,20.970478,5972,2021-06-28 18:10:35,52.272213,1
667,E-9,20.983032,5973,2021-06-28 18:10:32,52.281803,03
668,518,20.986641,5975,2021-06-28 18:10:34,52.268238,4
669,180,21.012053,5976,2021-06-28 18:10:36,52.246391,6
670,503,21.045126,5978,2021-06-28 18:10:35,52.182457,9
671,503,21.047316,5979,2021-06-28 18:10:33,52.150833,6
672,111,21.083622,5980,2021-06-28 18:10:32,52.225979,6
673,705,20.969326,5981,2021-06-28 18:10:34,52.271812,07
674,111,20.997993,5982,2021-06-28 18:10:33,52.249187,9
675,128,20.989641,5983,2021-06-28 18:10:32,52.223873,65
676,180,21.046844,5984,2021-06-28 18:10:33,52.206856,4
677,180,21.064375,5985,2021-06-28 18:10:34,52.186501,14
678,180,21.017263,5986,2021-06-28 18:10:29,52.239273,12
679,180,20.924818,5987,2021-06-28 18:10:35,52.272572,9
680,180,21.083916,5988,2021-06-28 18:10:32,52.167988,1
681,116,21.084135,5989,2021-06-28 18:10:34,52.167805,1
682,705,21.035051,5990,2021-06-28 18:10:35,52.422295,08
683,116,21.082603,5991,2021-06-28 18:10:35,52.166424,2
684,518,20.942097,5994,2021-06-28 18:10:34,52.334557,6
685,116,20.977169,5995,2021-06-28 18:10:36,52.270885,7
686,116,21.046017,5996,2021-06-28 18:10:35,52.191273,16
687,116,20.9242852,5997,2021-06-28 18:10:34,52.2736391,10
688,518,20.962988,5998,2021-06-28 18:10:32,52.317551,5
689,116,20.924965,5999,2021-06-28 18:10:33,52.272316,8
690,184,20.9387791,6200,2021-06-28 18:10:34,52.2759907,7
691,112,20.912706,6201,2021-06-28 18:10:35,52.240658,11
692,187,20.862103,6203,2021-06-28 18:10:35,52.191013,9
693,167,21.021248,6204,2021-06-28 18:10:34,52.210045,013
694,728,20.891188,6207,2021-06-28 18:10:34,52.114742,02
695,Z10,20.92964,6208,2021-06-28 18:10:32,52.22332,7
696,703,20.836229,6209,2021-06-28 18:10:36,52.078651,91
697,414,20.9746739,6210,2021-06-28 18:10:36,52.2090199,04
698,713,20.930981,6212,2021-06-28 18:10:36,52.225174,3
699,414,20.963254,6213,2021-06-28 18:10:35,52.2158512,03
700,184,20.9383031,6214,2021-06-28 18:10:35,52.2466502,5
701,191,20.9838235,6215,2021-06-28 18:10:35,52.2182142,6
702,105,20.899069,6216,2021-06-28 18:10:33,52.238777,7
703,167,21.0479379,6217,2021-06-28 18:10:36,52.2071062,1
704,105,20.898808,6218,2021-06-28 18:10:37,52.238815,010
705,136,20.982407,6220,2021-06-28 18:10:33,52.194592,4
706,189,20.89904,6221,2021-06-28 18:10:35,52.238739,13
707,187,20.967316,6222,2021-06-28 18:10:36,52.218262,5
708,105,20.896061,6223,2021-06-28 18:10:36,52.217415,4
709,517,20.913988,6224,2021-06-28 18:10:37,52.199688,6
710,717,20.9115039,6225,2021-06-28 18:10:37,52.1878762,2
711,716,20.904545,6226,2021-06-28 18:10:33,52.203091,3
712,188,21.0825749,6227,2021-06-28 18:10:37,52.2411787,1
713,190,20.9471902,6228,2021-06-28 18:10:36,52.2389552,3
714,187,20.960752,6229,2021-06-28 18:10:35,52.216,6
715,706,20.9085697,6231,2021-06-28 18:10:34,52.1444971,03
716,190,20.912868,6232,2021-06-28 18:10:35,52.228836,9
717,191,20.936176,6233,2021-06-28 18:10:34,52.201492,4
718,414,20.953747,6234,2021-06-28 18:10:33,52.26255,02
719,112,20.9328229,6236,2021-06-28 18:10:36,52.2688375,10
720,114,21.0349407,6237,2021-06-28 18:10:36,52.2885922,4
721,728,20.883816,6239,2021-06-28 18:10:35,52.101986,1
722,414,21.0242,6240,2021-06-28 18:10:33,52.286568,01
723,517,20.8837765,6241,2021-06-28 18:10:35,52.1938627,5
724,182,21.019926,6242,2021-06-28 18:10:35,52.218151,7
725,706,20.9429899,6243,2021-06-28 18:10:35,52.1756337,2
726,L29,20.462614,65471,2021-06-28 18:10:25,52.267761,1
727,L-6,20.857852,66524,2021-06-28 18:10:35,52.274895,02
728,L-6,20.795483,66525,2021-06-28 18:10:39,52.261803,1
729,190,20.898846,7200,2021-06-28 18:10:35,52.238976,10
730,189,21.040525,7201,2021-06-28 18:10:34,52.170914,6
731,112,20.9621769,7202,2021-06-28 18:10:35,52.2754709,019
732,141,21.101921,7203,2021-06-28 18:10:36,52.242043,4
733,317,20.9480097,7204,2021-06-28 18:10:34,52.1802727,07
734,131,21.009264,7205,2021-06-28 18:10:36,52.229439,011
735,523,20.912876,7206,2021-06-28 18:10:35,52.239723,10
736,189,20.9153371,7207,2021-06-28 18:10:36,52.2284229,019
737,414,20.956181,7208,2021-06-28 18:10:36,52.238968,06
738,721,20.942879,7212,2021-06-28 18:10:36,52.175335,02
739,112,20.976549,7213,2021-06-28 18:10:34,52.2789909,5
740,191,20.8816736,7214,2021-06-28 18:10:34,52.1891752,2
741,112,21.04141,7215,2021-06-28 18:10:36,52.291935,8
742,713,20.793289,7216,2021-06-28 18:10:36,52.210453,2
743,189,20.9146731,7219,2021-06-28 18:10:35,52.2082686,022
744,517,20.9491472,7220,2021-06-28 18:10:33,52.2096734,09
745,187,20.9520084,7222,2021-06-28 18:10:36,52.2120162,12
746,122,20.98735,7223,2021-06-28 18:10:37,52.278942,2
747,721,20.829729,7225,2021-06-28 18:10:35,52.055027,1
748,706,20.925528,7226,2021-06-28 18:10:36,52.158962,1
749,114,20.95093,7227,2021-06-28 18:10:35,52.270313,3
750,114,20.938547,7228,2021-06-28 18:10:36,52.301971,1
751,112,20.8970297,7229,2021-06-28 18:10:31,52.2256315,014
752,517,20.861721,7230,2021-06-28 18:10:36,52.190956,08
753,713,20.793203,7231,2021-06-28 18:10:36,52.210506,04
754,717,20.8402641,7232,2021-06-28 18:10:35,52.1890021,1
755,189,21.0688904,7233,2021-06-28 18:10:35,52.1813204,3
756,713,20.8994997,7234,2021-06-28 18:10:36,52.2166497,1
757,187,20.86879,7235,2021-06-28 18:10:36,52.192371,10
758,184,20.932751,7237,2021-06-28 18:10:35,52.289265,6
759,141,21.1,7238,2021-06-28 18:10:36,52.238941,5
760,189,20.958981,7239,2021-06-28 18:10:35,52.190128,16
761,184,20.9325141,7240,2021-06-28 18:10:36,52.2682205,8
762,317,21.043333,7241,2021-06-28 18:10:36,52.172432,5
763,141,20.9768074,7242,2021-06-28 18:10:34,52.1843276,1
764,523,20.899857,7243,2021-06-28 18:10:36,52.259895,9
765,401,21.0269447,7244,2021-06-28 18:10:35,52.1642517,3
766,187,20.9141189,7245,2021-06-28 18:10:36,52.1997054,7
767,190,20.9141967,7247,2021-06-28 18:10:36,52.2364537,017
768,188,20.9780734,7248,2021-06-28 18:10:34,52.1694975,5
769,171,20.9268907,7249,2021-06-28 18:10:35,52.2636109,3
770,317,21.01318,7250,2021-06-28 18:10:35,52.174377,3
771,105,20.924049,7251,2021-06-28 18:10:36,52.222092,2
772,167,20.9547544,7252,2021-06-28 18:10:34,52.2277689,4
773,122,20.976425,7254,2021-06-28 18:10:35,52.289917,1
774,191,20.9532344,7256,2021-06-28 18:10:36,52.2124322,8
775,190,20.918346,7257,2021-06-28 18:10:35,52.2397974,012
776,187,20.8966967,7258,2021-06-28 18:10:34,52.1963652,11
777,189,20.938946,7259,2021-06-28 18:10:36,52.19408,15
778,125,21.0872185,7301,2021-06-28 18:10:34,52.2450429,08
779,507,21.018091,7303,2021-06-28 18:10:36,52.23122,5
780,188,20.9784587,7304,2021-06-28 18:10:36,52.1791152,07
781,138,20.9954179,7305,2021-06-28 18:10:36,52.170274,4
782,151,21.0941964,7306,2021-06-28 18:10:37,52.2312917,04
783,509,21.02216,7307,2021-06-28 18:10:35,52.263992,7
784,138,21.0474501,7308,2021-06-28 18:10:35,52.2479561,1
785,188,21.1291432,7310,2021-06-28 18:10:33,52.2400589,2
786,182,20.9649364,7312,2021-06-28 18:10:36,52.2180039,5
787,E-1,21.102859,7314,2021-06-28 18:10:36,52.2222234,01
788,143,21.1423817,7315,2021-06-28 18:10:36,52.2595957,7
789,188,21.084684,7316,2021-06-28 18:10:36,52.243504,08
790,402,21.0414824,7317,2021-06-28 18:10:34,52.1712584,3
791,182,20.988873,7318,2021-06-28 18:10:34,52.216209,4
792,182,21.0117222,7319,2021-06-28 18:10:35,52.2171442,3
793,411,21.0840037,7320,2021-06-28 18:10:34,52.2259579,01
794,182,20.988068,7322,2021-06-28 18:10:33,52.216541,8
795,E-1,21.099766,7323,2021-06-28 18:10:34,52.2233909,02
796,138,21.0048884,7325,2021-06-28 18:10:34,52.1715029,3
797,141,21.034767,7326,2021-06-28 18:10:35,52.20182,6
798,E-1,21.0394914,7327,2021-06-28 18:10:33,52.2438131,03
799,182,21.0852081,7328,2021-06-28 18:10:34,52.23609,1
800,523,20.9192717,7329,2021-06-28 18:10:36,52.2397671,017
801,171,21.007145,7330,2021-06-28 18:10:35,52.238052,5
802,162,21.0348654,7331,2021-06-28 18:10:35,52.2558429,013
803,141,20.964102,7333,2021-06-28 18:10:36,52.188152,8
804,116,20.930042,7334,2021-06-28 18:10:35,52.279537,69
805,110,20.948076,742,2021-06-28 18:10:36,52.27702,1
806,750,20.860744,745,2021-06-28 18:10:30,52.358528,07
807,250,20.880396,746,2021-06-28 18:10:37,52.335297,1
808,850,20.630365,749,2021-06-28 18:10:34,52.379868,2
809,150,20.903143,750,2021-06-28 18:10:35,52.330536,1
810,750,20.920483,755,2021-06-28 18:10:35,52.315094,2
811,110,20.940418,757,2021-06-28 18:10:32,52.277744,3
812,150,20.846392,758,2021-06-28 18:10:35,52.341267,2
813,750,20.859219,761,2021-06-28 18:10:33,52.358952,4
814,750,20.714996,762,2021-06-28 18:07:20,52.392189,1
815,850,20.93227,763,2021-06-28 18:10:36,52.293934,1
816,151,21.0369579,7701,2021-06-28 18:10:37,52.2223544,1
817,411,21.1024852,7702,2021-06-28 18:10:37,52.2221102,04
818,402,21.053013,7703,2021-06-28 18:10:37,52.1980957,7
819,151,21.0824261,7704,2021-06-28 18:10:37,52.2357429,05
820,150,20.883089333,773,2021-06-28 18:10:37,52.342172833,05
821,150,20.929358,774,2021-06-28 18:10:34,52.290859,3
822,250,20.883549,775,2021-06-28 18:10:36,52.306503,3
823,250,20.927776,776,2021-06-28 18:10:37,52.291954,2
824,750,20.9331704,777,2021-06-28 18:10:37,52.2962202,3
825,143,21.178134,8103,2021-06-28 18:10:30,52.2577708,011
826,167,20.9765238,8108,2021-06-28 18:10:33,52.211459,8
827,217,21.0242401,8109,2021-06-28 18:10:34,52.1796783,2
828,174,21.0007688,8110,2021-06-28 18:10:32,52.2291651,010
829,136,20.955646,8112,2021-06-28 18:10:21,52.237881,014
830,709,21.0188148,8115,2021-06-28 18:10:27,52.0940756,8
831,174,20.9995188,8119,2021-06-28 18:10:33,52.2312516,6
832,136,20.959444,8120,2021-06-28 18:10:30,52.2376258,7
833,143,21.006761,8121,2021-06-28 18:10:27,52.21049,09
834,504,21.0551023,8123,2021-06-28 18:10:31,52.1327898,3
835,165,20.992356,8124,2021-06-28 18:10:22,52.161495,4
836,727,20.9437198,8125,2021-06-28 18:10:34,52.0368711,3
837,709,21.0186383,8126,2021-06-28 18:10:33,52.110712,014
838,402,21.1560871,8130,2021-06-28 18:10:33,52.2402451,5
839,136,21.0560716,8131,2021-06-28 18:10:25,52.1476228,012
840,148,21.0474258,8133,2021-06-28 18:10:38,52.1907013,5
841,402,20.9936838,8134,2021-06-28 18:10:21,52.1791565,9
842,167,21.0803003,8135,2021-06-28 18:10:30,52.2084563,9
843,162,21.048641,8136,2021-06-28 18:10:32,52.206786,08
844,162,21.0314838,8137,2021-06-28 18:10:23,52.2293446,011
845,162,21.0271578,8138,2021-06-28 18:10:35,52.2598185,7
846,136,21.0271863,8139,2021-06-28 18:10:32,52.1621368,016
847,168,21.0893178,8140,2021-06-28 18:10:30,52.220649,4
848,504,21.0613551,8143,2021-06-28 18:10:31,52.131146,011
849,504,21.0687348,8144,2021-06-28 18:10:34,52.1289255,4
850,709,21.0269766,8145,2021-06-28 18:10:35,52.0757333,011
851,727,21.0190113,8146,2021-06-28 18:10:34,52.0973785,2
852,148,21.047335,8148,2021-06-28 18:10:21,52.163216,6
853,709,21.0244643,8152,2021-06-28 18:10:31,52.179963,1
854,217,21.040013,8153,2021-06-28 18:10:34,52.176121,1
855,136,20.965099,8154,2021-06-28 18:10:35,52.215184,8
856,131,21.0572476,8155,2021-06-28 18:10:33,52.1924236,9
857,709,21.0142256,8156,2021-06-28 18:10:33,52.0717491,6
858,308,21.0026021,8158,2021-06-28 18:10:30,52.1890273,01
859,136,20.9723718,8160,2021-06-28 18:10:27,52.212495,5
860,504,20.9859635,8162,2021-06-28 18:10:28,52.2038165,1
861,331,21.0211645,8165,2021-06-28 18:10:33,52.1760021,03
862,709,20.993359,8166,2021-06-28 18:10:33,52.183354,9
863,148,21.0942926,8167,2021-06-28 18:10:22,52.228179,4
864,218,21.0201901,8168,2021-06-28 18:10:34,52.1940853,3
865,504,21.0685035,8169,2021-06-28 18:10:29,52.129177,5
866,131,21.0425926,8170,2021-06-28 18:10:12,52.2067581,1
867,167,21.0207068,8172,2021-06-28 18:10:14,52.2107536,010
868,143,21.114209,8173,2021-06-28 18:10:35,52.239801,010
869,218,21.0240143,8174,2021-06-28 18:10:30,52.1798083,1
870,727,21.0252701,8175,2021-06-28 18:10:30,52.0784598,4
871,709,21.017793,8176,2021-06-28 18:10:29,52.152625,3
872,143,21.0426658,8177,2021-06-28 18:10:33,52.224117,5
873,138,21.0918963,8178,2021-06-28 18:10:25,52.2639721,7
874,709,21.0233566,8181,2021-06-28 18:10:32,52.0815316,7
875,136,21.0271821,8182,2021-06-28 18:10:32,52.1514708,2
876,218,21.024681,8183,2021-06-28 18:10:29,52.190776,4
877,131,21.0041171,8184,2021-06-28 18:10:34,52.2296746,6
878,143,21.1770163,8185,2021-06-28 18:10:26,52.2569741,8
879,217,21.0799483,8187,2021-06-28 18:10:26,52.1578453,4
880,185,21.021953,8188,2021-06-28 18:10:18,52.14262,9
881,504,20.982616,8189,2021-06-28 18:10:32,52.1955026,7
882,709,21.0198843,8190,2021-06-28 18:10:24,52.0870851,5
883,131,21.084127,8192,2021-06-28 18:10:30,52.167984,4
884,504,21.0084626,8195,2021-06-28 18:10:32,52.1702603,2
885,504,21.0034165,8196,2021-06-28 18:10:30,52.2296041,013
886,218,20.9984918,8197,2021-06-28 18:10:31,52.1831701,2
887,331,20.996211,8198,2021-06-28 18:10:33,52.1885585,02
888,174,21.0140501,8199,2021-06-28 18:10:17,52.183182,4
889,402,21.1297316,8201,2021-06-28 18:10:33,52.2367536,4
890,151,21.115749,8202,2021-06-28 10:44:07,52.233741,05
891,151,21.1175305,8204,2021-06-28 10:20:01,52.2338373,06
892,151,21.104994,8208,2021-06-28 18:10:23,52.230243,2
893,521,20.9639791,8214,2021-06-28 18:10:31,52.2078631,1
894,125,21.1527021,8216,2021-06-28 18:10:28,52.2261386,2
895,182,20.9665926,8218,2021-06-28 18:10:26,52.2180098,013
896,509,21.092214,8220,2021-06-28 18:10:27,52.22511,023
897,182,21.0203011,8222,2021-06-28 18:10:29,52.2182215,2
898,509,21.014568,8223,2021-06-28 18:10:32,52.2740675,024
899,151,21.016103,8225,2021-06-28 18:10:21,52.217055,06
900,509,21.09609,8228,2021-06-28 18:10:03,52.227111,10
901,521,21.053953,8229,2021-06-28 18:10:27,52.2385823,2
902,523,20.956216,8231,2021-06-28 18:10:16,52.237553,021
903,162,21.0368881,8233,2021-06-28 18:10:31,52.2519535,014
904,145,21.0891216,8300,2021-06-28 18:10:31,52.2864571,2
905,145,21.1100845,8301,2021-06-28 18:10:15,52.2841315,9
906,509,20.9422703,8303,2021-06-28 18:10:31,52.3344996,3
907,171,21.043305,8304,2021-06-28 18:10:32,52.22287,010
908,509,21.116975,8305,2021-06-28 09:25:27,52.233583,022
909,117,21.0628506,8306,2021-06-28 18:10:28,52.224799,3
910,116,21.0264611,8309,2021-06-28 18:10:28,52.2141328,4
911,141,21.012593,8310,2021-06-28 18:10:28,52.195888,2
912,168,20.9955865,8311,2021-06-28 18:10:30,52.1892286,3
913,151,21.0136801,8312,2021-06-28 18:10:32,52.2228251,3
914,720,21.3178511,8313,2021-06-28 18:10:33,52.1597586,02
915,162,21.0850171,8314,2021-06-28 18:10:30,52.1932655,2
916,117,21.102381,8315,2021-06-28 18:10:24,52.222171,06
917,521,21.204538,8318,2021-06-28 18:10:18,52.159345,4
918,185,21.0493191,8319,2021-06-28 18:10:28,52.1551331,11
919,151,21.116836,8320,2021-06-28 09:58:49,52.233566,04
920,162,21.034018,8322,2021-06-28 18:10:20,52.24535,5
921,509,21.0575173,8323,2021-06-28 18:10:29,52.2369006,9
922,148,20.9781428,8324,2021-06-28 18:10:32,52.1695496,7
923,143,21.1262505,8326,2021-06-28 18:10:29,52.2344916,1
924,145,21.0318958,8328,2021-06-28 18:10:34,52.2885538,1
925,507,21.0633211,8329,2021-06-28 18:10:29,52.2282216,08
926,148,21.0938943,8330,2021-06-28 18:10:36,52.2278911,2
927,145,21.086509,8332,2021-06-28 18:10:34,52.245246,7
928,523,20.979293,8333,2021-06-28 18:10:23,52.216943,12
929,148,21.08744,8334,2021-06-28 18:10:36,52.244841,3
930,145,21.0952623,8335,2021-06-28 18:10:18,52.2861355,014
931,143,21.0644165,8337,2021-06-28 18:10:34,52.228861,2
932,125,21.041335,8340,2021-06-28 18:10:18,52.24148,4
933,523,20.988482,8341,2021-06-28 18:10:27,52.2161515,5
934,507,21.1023833,8342,2021-06-28 18:10:22,52.2219733,1
935,171,20.912424,8343,2021-06-28 18:10:16,52.241291,09
936,502,21.027435,8344,2021-06-28 18:10:34,52.220044,1
937,507,21.1017433,8345,2021-06-28 18:10:29,52.2222783,3
938,145,21.0932917,8348,2021-06-28 18:10:26,52.2863933,3
939,507,21.005253,8349,2021-06-28 18:10:15,52.229509,6
940,145,21.000296,8350,2021-06-28 18:10:31,52.291348,012
941,507,21.0591433,8351,2021-06-28 18:10:32,52.2353533,4
942,502,21.179725,8352,2021-06-28 18:10:34,52.2253767,4
943,523,21.093195,8353,2021-06-28 18:10:31,52.249395,2
944,502,21.015626,8354,2021-06-28 18:10:21,52.221473,011
945,523,20.909478,8356,2021-06-28 18:10:28,52.254051,8
946,514,21.058763,8358,2021-06-28 18:10:33,52.227488,3
947,523,21.065568,8359,2021-06-28 18:10:25,52.229261,3
948,507,21.014669,8360,2021-06-28 18:10:20,52.230449,7
949,202,21.1287267,8361,2021-06-28 18:10:31,52.2402283,1
950,502,21.01544,8362,2021-06-28 18:10:33,52.218698,2
951,188,20.9912633,8363,2021-06-28 18:10:32,52.2165417,6
952,138,21.051445,8364,2021-06-28 18:10:33,52.229314,6
953,514,21.15316,8365,2021-06-28 18:10:29,52.2535233,1
954,523,21.033001,8366,2021-06-28 18:10:30,52.221301,4
955,502,21.217973,8368,2021-06-28 18:10:25,52.216026,5
956,145,21.0963117,8398,2021-06-28 18:10:28,52.24372,013
957,402,20.9984726,8403,2021-06-28 18:10:25,52.1788721,011
958,521,21.1261428,8408,2021-06-28 18:10:25,52.234737,07
959,143,21.0361961,8410,2021-06-28 18:10:31,52.2219766,012
960,523,21.0616961,8414,2021-06-28 18:10:27,52.2283831,13
961,148,21.0441095,8417,2021-06-28 18:10:25,52.1762266,9
962,148,21.026188,8430,2021-06-28 18:10:24,52.151311,010
963,162,21.0485486,8437,2021-06-28 18:10:31,52.2022536,012
964,125,21.1829835,8438,2021-06-28 18:10:27,52.2068448,1
965,162,21.034496,8440,2021-06-28 18:10:21,52.224456,015
966,145,21.0882215,8441,2021-06-28 18:10:34,52.2448321,6
967,269,21.056969,8442,2021-06-28 18:10:32,52.270142,01
968,723,21.000866,8443,2021-06-28 18:10:35,52.291302,2
969,114,21.041874,8445,2021-06-28 18:10:35,52.300293,5
970,120,21.042238,8446,2021-06-28 18:10:36,52.249588,6
971,731,20.932516,8447,2021-06-28 18:10:36,52.414337,3
972,160,21.0572149,8448,2021-06-28 18:10:34,52.2702107,1
973,132,21.068228,8449,2021-06-28 18:10:33,52.323856,04
974,412,21.0480475,8450,2021-06-28 18:10:36,52.2604122,052
975,112,21.091972,8451,2021-06-28 18:10:36,52.307831,6
976,527,21.0684057,8452,2021-06-28 18:10:36,52.3234606,06
977,160,21.068455,8453,2021-06-28 18:10:33,52.323223,014
978,160,21.015375,8454,2021-06-28 18:10:36,52.246826,4
979,160,21.057182,8455,2021-06-28 18:10:35,52.322605,6
980,132,20.9682172,8457,2021-06-28 18:10:34,52.2719202,08
981,527,21.052118,8458,2021-06-28 18:10:33,52.292782,055
982,Z26,21.028733,8459,2021-06-28 18:10:36,52.2522252,3
983,412,21.051416,8460,2021-06-28 18:10:36,52.252689,053
984,120,21.0459657,8461,2021-06-28 18:10:36,52.2719944,4
985,414,20.963886,8462,2021-06-28 18:10:34,52.207916,05
986,511,20.9419241,8463,2021-06-28 18:10:35,52.3480934,05
987,509,20.952,8465,2021-06-28 18:10:33,52.3186,2
988,136,21.0024817,8500,2021-06-28 18:10:32,52.1754567,3
989,501,21.053621,8501,2021-06-28 18:10:24,52.180263,06
990,138,21.0885183,8502,2021-06-28 18:10:27,52.26146,9
991,189,21.044685,8503,2021-06-28 18:10:28,52.176851,5
992,522,21.060198,8504,2021-06-28 18:10:29,52.177513,4
993,401,21.0265883,8505,2021-06-28 18:10:30,52.170225,2
994,131,21.0321,8506,2021-06-28 18:10:35,52.2068933,7
995,501,21.015679,8507,2021-06-28 18:10:31,52.219971,4
996,138,21.00979,8508,2021-06-28 18:10:18,52.203225,2
997,189,21.0188167,8509,2021-06-28 18:10:04,52.1736033,1
998,501,21.019183,8510,2021-06-28 18:10:21,52.212353,1
999,189,21.044193,8511,2021-06-28 18:10:26,52.176518,027
1000,Z26,20.978101,8512,2021-06-28 18:10:17,52.238034,4
1001,186,20.960065,8513,2021-06-28 18:10:22,52.2205333,013
1002,733,20.7811017,8514,2021-06-28 18:10:27,52.0483167,01
1003,Z26,20.9988983,8515,2021-06-28 18:10:24,52.2437583,7
1004,522,21.0805717,8516,2021-06-28 18:10:36,52.1580417,2
1005,141,20.947066,8517,2021-06-28 18:10:16,52.179191,10
1006,519,21.032308,8519,2021-06-28 18:10:34,52.205276,7
1007,519,21.092583,8520,2021-06-28 18:10:28,52.117193,1
1008,186,20.965693,8522,2021-06-28 18:10:18,52.318561,10
1009,733,20.943778,8523,2021-06-28 18:10:18,52.175288,62
1010,522,21.026406,8525,2021-06-28 18:10:31,52.208926,011
1011,172,21.023824,8526,2021-06-28 18:10:32,52.198928,63
1012,172,20.955598,8528,2021-06-28 18:10:24,52.211826,5
1013,308,21.020378,8530,2021-06-28 18:10:22,52.189583,02
1014,172,21.068968,8532,2021-06-28 18:10:22,52.181499,1
1015,Z26,21.034226,8533,2021-06-28 18:10:16,52.255589,2
1016,138,21.001165,8534,2021-06-28 18:10:35,52.198136,5
1017,522,21.049624,8535,2021-06-28 18:10:21,52.187716,1
1018,172,20.971659,8536,2021-06-28 18:10:30,52.219554,6
1019,522,21.017828,8537,2021-06-28 18:10:22,52.212896,5
1020,709,21.01827,8539,2021-06-28 18:10:35,52.124465,4
1021,172,21.03564,8540,2021-06-28 18:10:30,52.201605,8
1022,185,21.048615,8541,2021-06-28 18:10:36,52.2078233,6
1023,172,21.069123,8543,2021-06-28 18:10:27,52.181466,9
1024,519,21.035785,8544,2021-06-28 18:10:35,52.2016217,4
1025,522,21.0690483,8546,2021-06-28 18:10:26,52.1693267,012
1026,522,21.00309,8547,2021-06-28 18:10:30,52.22917,6
1027,402,21.0419367,8548,2021-06-28 18:10:17,52.1710583,010
1028,186,20.9414483,8549,2021-06-28 18:10:29,52.3318917,015
1029,186,20.963825,8550,2021-06-28 18:10:33,52.2078083,016
1030,709,21.020413,8551,2021-06-28 18:10:33,52.174149,10
1031,136,21.026413,8552,2021-06-28 18:10:30,52.161979,10
1032,Z26,20.974451,8555,2021-06-28 18:10:30,52.235431,5
1033,519,21.0841767,8556,2021-06-28 18:10:36,52.16645,6
1034,Z26,20.995196,8558,2021-06-28 18:10:31,52.242571,08
1035,217,21.0453567,8559,2021-06-28 18:10:30,52.1747717,06
1036,519,21.07956,8560,2021-06-28 18:10:25,52.167173,2
1037,411,21.01816,8561,2021-06-28 18:10:37,52.217525,02
1038,521,21.1696383,8562,2021-06-28 18:10:22,52.2029267,09
1039,402,21.0027533,8563,2021-06-28 18:10:32,52.1782983,2
1040,521,21.2047467,8564,2021-06-28 18:10:27,52.1593717,08
1041,502,21.218039,8565,2021-06-28 18:10:29,52.216563,014
1042,502,21.1475667,8566,2021-06-28 18:10:30,52.2263117,6
1043,402,21.0505667,8567,2021-06-28 18:10:30,52.1969367,014
1044,509,20.9758567,8568,2021-06-28 18:10:29,52.3159267,021
1045,171,20.925125,8569,2021-06-28 18:10:31,52.2725,2
1046,411,21.0412567,8571,2021-06-28 18:10:21,52.2238217,03
1047,E-1,21.050981,8572,2021-06-28 18:10:31,52.23004,04
1048,202,21.0388683,8573,2021-06-28 18:10:36,52.2433383,2
1049,411,21.115896,8574,2021-06-28 10:20:57,52.233514,01
1050,720,21.1388033,8576,2021-06-28 18:10:26,52.2290283,1
1051,162,21.04779,8578,2021-06-28 18:10:26,52.2094467,4
1052,125,21.1249367,8579,2021-06-28 18:10:37,52.23533,09
1053,731,20.946691,8583,2021-06-28 18:10:32,52.362146,5
1054,269,21.0462017,8584,2021-06-28 18:10:22,52.2810317,02
1055,269,21.041705,8585,2021-06-28 18:10:25,52.3004683,03
1056,514,21.0153,8586,2021-06-28 18:10:23,52.218225,2
1057,523,21.115558,8587,2021-06-28 08:55:25,52.233753,3
1058,145,21.1106283,8588,2021-06-28 18:10:33,52.2831117,016
1059,514,21.186508,8589,2021-06-28 18:10:35,52.246723,4
1060,502,21.113669,8590,2021-06-28 18:10:19,52.233074,3
1061,507,21.102183,8592,2021-06-28 18:10:35,52.222039,2
1062,145,21.0470883,8593,2021-06-28 18:10:24,52.286445,10
1063,138,21.1006133,8595,2021-06-28 18:10:37,52.2606483,8
1064,186,20.9416915,8801,2021-06-28 18:10:33,52.3342843,11
1065,185,21.043709,8802,2021-06-28 18:10:33,52.223898,1
1066,727,21.0240893,8803,2021-06-28 18:10:32,52.1799701,1
1067,217,21.0683601,8804,2021-06-28 18:10:35,52.1694396,3
1068,185,20.9834901,8805,2021-06-28 18:10:21,52.2723178,4
1069,402,21.0390095,8806,2021-06-28 18:10:33,52.1725586,8
1070,131,21.0497086,8808,2021-06-28 18:10:34,52.201467,3
1071,709,21.0238378,8809,2021-06-28 18:10:28,52.1800595,2
1072,174,21.0066798,8810,2021-06-28 18:10:31,52.2127365,1
1073,165,20.9950656,8811,2021-06-28 18:10:36,52.1564081,3
1074,167,21.0479933,8812,2021-06-28 18:10:35,52.2117803,011
1075,402,20.9943248,8813,2021-06-28 18:10:33,52.176397,1
1076,167,21.042089,8814,2021-06-28 18:10:19,52.2065886,2
1077,167,20.988011,8816,2021-06-28 18:10:33,52.216371,3
1078,308,20.992661,8817,2021-06-28 18:10:18,52.188601,03
1079,504,21.003385,8818,2021-06-28 18:10:35,52.229163,9
1080,331,20.996989,8819,2021-06-28 18:10:15,52.1877103,04
1081,522,21.0455018,8820,2021-06-28 18:10:29,52.1913068,014
1082,174,20.9948083,8821,2021-06-28 18:10:35,52.1752625,08
1083,174,21.0115253,8822,2021-06-28 18:10:35,52.2000711,5
1084,522,21.015374,8823,2021-06-28 18:10:27,52.22397,015
1085,167,20.9838833,8824,2021-06-28 18:10:33,52.1976616,6
1086,709,21.0176901,8825,2021-06-28 18:10:27,52.1416753,012
1087,504,20.9893173,8826,2021-06-28 18:10:23,52.2193391,8
1088,143,21.0068896,8828,2021-06-28 18:10:34,52.2171801,4
1089,509,20.941293,8829,2021-06-28 18:10:18,52.332051,4
1090,523,20.9132613,8830,2021-06-28 18:10:35,52.2390866,11
1091,125,21.0672198,8831,2021-06-28 18:10:19,52.2464443,5
1092,171,21.0143746,8832,2021-06-28 18:10:34,52.230338,7
1093,141,20.9442643,8833,2021-06-28 18:10:30,52.1755116,9
1094,704,21.087993,8834,2021-06-28 18:10:31,52.2446243,2
1095,521,21.1017751,8835,2021-06-28 18:10:31,52.2424613,5
1096,182,20.965184,8837,2021-06-28 18:10:31,52.2181188,6
1097,182,21.112649,8838,2021-06-28 18:10:37,52.236604,010
1098,704,21.347956,8839,2021-06-28 18:10:30,52.222396,1
1099,185,21.0118533,8840,2021-06-28 18:10:31,52.2551676,5
1100,125,21.1751541,8841,2021-06-28 18:10:30,52.206181,6
1101,521,21.189553,8843,2021-06-28 18:10:21,52.1827506,3
1102,185,20.9853828,8844,2021-06-28 18:10:33,52.2694491,2
1103,402,21.1552693,8845,2021-06-28 18:10:35,52.2398236,013
1104,143,21.0127118,8846,2021-06-28 18:10:32,52.2171755,3
1105,143,21.0807881,8847,2021-06-28 18:10:27,52.2387291,6
1106,125,21.0452343,8849,2021-06-28 18:10:30,52.248303,3
1107,521,20.9849311,8850,2021-06-28 18:10:30,52.2205885,6
1108,523,20.897948,8851,2021-06-28 18:10:34,52.258173,019
1109,141,21.0449265,8852,2021-06-28 18:10:29,52.220598,3
1110,125,21.1963628,8853,2021-06-28 18:10:30,52.2083501,7
1111,509,21.035214,8854,2021-06-28 18:10:28,52.2544871,8
1112,402,21.138506,8855,2021-06-28 18:10:29,52.2385748,6
1113,512,21.0522498,8856,2021-06-28 18:10:30,52.2529626,1
1114,509,21.0604121,8857,2021-06-28 18:10:34,52.233324,12
1115,169,21.044926,8858,2021-06-28 18:10:34,52.2508213,1
1116,112,20.939468,8859,2021-06-28 18:10:21,52.277889,4
1117,512,21.0498981,8861,2021-06-28 18:10:32,52.2861855,4
1118,412,21.091481,8862,2021-06-28 18:10:31,52.3071468,04
1119,738,21.08928,8864,2021-06-28 18:10:28,52.3040351,05
1120,500,21.0459893,8865,2021-06-28 10:43:17,52.2651186,08
1121,169,21.0404535,8866,2021-06-28 18:10:28,52.2861881,5
1122,162,21.02674,8867,2021-06-28 18:10:18,52.237586,1
1123,190,21.0641108,8868,2021-06-28 18:10:30,52.2734001,5
1124,190,20.991398,8869,2021-06-28 18:10:35,52.244149,023
1125,190,21.058626,8871,2021-06-28 18:10:32,52.266689,025
1126,190,21.0780241,8872,2021-06-28 18:10:22,52.2904078,026
1127,738,21.144931,8873,2021-06-28 18:10:20,52.370991,06
1128,500,21.0417948,8874,2021-06-28 18:10:29,52.300306,3
1129,190,21.0597421,8875,2021-06-28 18:10:24,52.2681223,4
1130,162,21.059673,8876,2021-06-28 18:10:32,52.1928585,3
1131,512,21.0422356,8878,2021-06-28 18:10:32,52.2498105,06
1132,509,20.9851368,8879,2021-06-28 18:10:27,52.306411,1
1133,709,20.996574,8880,2021-06-25 18:58:33,52.18762,016
1134,186,20.9604341,8881,2021-06-28 18:10:32,52.2692721,014
1135,165,21.024279,8882,2021-06-28 18:10:28,52.1797453,2
1136,128,20.9827125,8883,2021-06-28 18:10:30,52.2015598,64
1137,180,21.0181218,8885,2021-06-28 18:10:28,52.2362628,5
1138,167,20.925854,8886,2021-06-28 18:10:30,52.23413,5
1139,189,20.89863,8887,2021-06-28 18:10:22,52.227783,021
1140,128,20.9995418,8888,2021-06-28 18:10:29,52.227218,61
1141,504,20.9996613,8891,2021-06-28 18:10:32,52.1786356,012
1142,165,21.012256,8892,2021-06-28 18:10:34,52.179541,1
1143,180,21.072048,8893,2021-06-28 18:10:22,52.179164,53
1144,217,21.023641,8894,2021-06-28 18:10:28,52.179771,05
1145,136,20.985239,8895,2021-06-28 18:10:25,52.2016761,015
1146,174,20.9950633,8896,2021-06-28 18:10:33,52.1702713,07
1147,180,21.0838576,8897,2021-06-28 18:10:33,52.168132,015
1148,167,20.9625766,8898,2021-06-28 18:10:33,52.2160416,7
1149,504,21.0355086,8899,2021-06-28 18:10:23,52.1508788,6
1150,161,21.214539,9061,2021-06-28 18:10:35,52.157883,2
1151,161,21.220007,9063,2021-06-28 18:10:36,52.185955,3
1152,262,21.069107,9064,2021-06-28 18:10:37,52.279629,03
1153,314,20.952772,9065,2021-06-28 18:10:34,52.317314,04
1154,314,21.038654,9066,2021-06-28 18:10:35,52.358826,02
1155,104,21.000212,9068,2021-06-28 18:10:32,52.291519,2
1156,161,21.22468,9070,2021-06-28 18:10:32,52.186733,1
1157,225,21.114628,9071,2021-06-28 18:10:36,52.232731,2
1158,225,21.126909,9074,2021-06-28 18:10:33,52.259335,4
1159,225,21.092747,9075,2021-06-28 18:10:36,52.225349,3
1160,211,21.000856,9077,2021-06-28 18:10:33,52.291142,08
1161,314,20.97975,9078,2021-06-28 18:10:35,52.311035,01
1162,104,21.032755,9081,2021-06-28 18:10:35,52.332375,1
1163,314,21.017685,9082,2021-06-28 18:10:35,52.306229,03
1164,262,21.087877,9083,2021-06-28 18:10:34,52.286583,2
1165,225,21.156822,9088,2021-06-28 18:10:36,52.272793,1
1166,211,20.969036,9090,2021-06-28 18:10:36,52.311096,2
1167,211,20.969105,9091,2021-06-28 18:10:34,52.320278,07
1168,262,21.058502,9092,2021-06-28 18:10:37,52.274433,1
1169,305,21.132891,9093,2021-06-28 18:10:32,52.213863,1
1170,900,20.956123,9094,2021-06-28 18:10:36,52.352867,1
1171,133,20.950924,9201,2021-06-28 18:10:30,52.316921,2
1172,164,21.084085,9203,2021-06-28 18:10:33,52.167677,05
1173,133,20.982285,9204,2021-06-28 18:10:36,52.355614,1
1174,809,21.037905,9205,2021-06-28 18:10:37,52.153614,51
1175,239,21.012758,9206,2021-06-28 18:10:37,52.144829,52
1176,209,21.025034,9208,2021-06-28 18:10:33,52.144137,54
1177,211,20.941406,9209,2021-06-28 18:10:34,52.355373,4
1178,177,20.899405,9210,2021-06-28 18:10:36,52.184364,3
1179,809,21.03828,9212,2021-06-28 18:10:35,52.154167,53
1180,211,20.969477,9213,2021-06-28 18:10:33,52.31996,6
1181,219,21.1147,9215,2021-06-28 18:10:36,52.214001,3
1182,208,20.945416,9216,2021-06-28 18:10:37,52.207049,1
1183,234,21.06134,9217,2021-06-28 18:10:30,52.326878,1
1184,209,20.980522,9218,2021-06-28 18:10:35,52.132843,057
1185,234,21.020315,9219,2021-06-28 18:10:31,52.311245,2
1186,203,20.922112,9220,2021-06-28 18:10:32,52.276642,1
1187,249,20.89349,9221,2021-06-28 18:10:33,52.223675,1
1188,211,20.977337,9223,2021-06-28 18:10:36,52.303394,1
1189,201,20.925001,9224,2021-06-28 18:10:36,52.260616,3
1190,208,20.953672,9225,2021-06-28 18:10:36,52.212761,04
1191,208,20.97555,9226,2021-06-28 18:10:35,52.210247,05
1192,208,20.969666,9227,2021-06-28 18:10:29,52.203445,2
1193,219,21.187563,9228,2021-06-28 18:10:31,52.183929,2
1194,219,21.102892,9229,2021-06-28 18:10:33,52.222603,1
1195,201,20.943949,9230,2021-06-28 18:10:38,52.244503,2
1196,809,20.979868,9232,2021-06-28 18:10:35,52.129848,056
1197,264,21.136286,9233,2021-06-28 18:10:33,52.131119,1
1198,203,20.930952,9234,2021-06-28 18:10:31,52.292244,2
1199,201,20.931709,9235,2021-06-28 18:10:32,52.257229,5
1200,201,20.924925,9236,2021-06-28 18:10:33,52.260498,4
1201,208,20.964561,9238,2021-06-28 18:10:32,52.215248,03
1202,207,20.905848,9239,2021-06-28 18:10:32,52.188675,02
1203,177,20.879807,9240,2021-06-28 18:10:34,52.20422,1
1204,133,20.95229,9241,2021-06-28 18:10:27,52.316936,3
1205,211,20.941347,9243,2021-06-28 18:10:34,52.355473,5
1206,207,20.870432,9244,2021-06-28 18:10:36,52.183689,01
1207,211,20.943373,9245,2021-06-28 18:10:36,52.339157,3
1208,164,21.138163,9246,2021-06-28 18:10:34,52.145859,04
1209,201,20.940929,9247,2021-06-28 18:10:33,52.236847,1
1210,177,20.883718,9248,2021-06-28 18:10:31,52.205715,2
1211,164,21.123684,9250,2021-06-28 18:10:30,52.15588,3
1212,164,21.084043,9251,2021-06-28 18:10:33,52.193291,2
1213,164,21.133177,9252,2021-06-28 18:10:35,52.150833,1
1214,211,20.941679,9254,2021-06-28 18:10:34,52.333271,09
1215,199,21.0972,9301,2021-06-28 18:10:37,52.294701,06
1216,739,21.018164,9302,2021-06-28 18:10:32,52.132126,2
1217,739,21.039631,9304,2021-06-28 18:10:34,52.080471,3
1218,179,21.047112,9311,2021-06-28 17:10:35,52.150707,10
1219,123,21.070347,9312,2021-06-28 18:10:33,52.250328,08
1220,179,21.02594,9313,2021-06-28 18:10:37,52.145012,11
1221,153,21.16193,9314,2021-06-28 18:10:34,52.259407,2
1222,179,21.036898,9315,2021-06-28 18:10:31,52.162132,2
1223,135,21.107107,9316,2021-06-28 18:10:36,52.248398,3
1224,135,21.043612,9317,2021-06-28 18:10:33,52.258434,6
1225,135,21.08956,9318,2021-06-28 18:10:35,52.231129,2
1226,135,21.05784,9319,2021-06-28 18:10:30,52.247101,1
1227,179,21.038494,9320,2021-06-28 18:10:30,52.153511,4
1228,179,21.042486,9321,2021-06-28 18:10:37,52.148151,5
1229,123,21.072227,9322,2021-06-28 18:10:35,52.225117,5
1230,135,21.098799,9323,2021-06-28 18:10:37,52.236996,07
1231,179,21.065973,9324,2021-06-28 18:10:32,52.142437,9
1232,179,21.021114,9325,2021-06-28 18:10:38,52.159176,51
1233,256,21.066528,9326,2021-06-28 18:10:34,52.324375,2
1234,142,21.147074,9327,2021-06-28 18:10:33,52.182205,3
1235,179,21.068619,9328,2021-06-28 18:10:33,52.128914,8
1236,153,21.176516,9329,2021-06-28 18:10:29,52.256809,04
1237,123,21.0773959,9331,2021-06-28 09:44:24,52.2687066,07
1238,123,21.077486,9332,2021-06-28 15:39:21,52.268074,08
1239,142,21.10453,9333,2021-06-28 18:10:27,52.242012,5
1240,739,21.024115,9334,2021-06-28 18:10:36,52.179916,1
1241,153,21.170341,9335,2021-06-28 18:10:36,52.276886,3
1242,135,21.036682,9336,2021-06-28 18:10:32,52.255692,5
1243,739,21.0771987,9337,2021-06-28 16:56:14,52.2682345,2
1244,179,21.064892,9338,2021-06-28 18:10:33,52.143894,6
1245,256,21.059437,9339,2021-06-28 18:10:36,52.303677,1
1246,153,21.153822,9340,2021-06-28 18:10:35,52.271767,1
1247,142,21.088196,9341,2021-06-28 18:10:30,52.244694,4
1248,739,21.018307,9342,2021-06-28 18:10:36,52.112255,4
1249,256,21.080925,9343,2021-06-28 18:10:30,52.277382,4
1250,135,21.027197,9344,2021-06-28 18:10:35,52.259632,08
1251,739,21.017448,9345,2021-06-28 18:10:29,52.155033,05
1252,179,21.064768,9346,2021-06-28 18:10:28,52.131325,7
1253,135,21.074709,9347,2021-06-28 18:10:34,52.245766,4
1254,123,21.099182,9348,2021-06-28 18:10:33,52.237591,09
1255,179,21.035828,9349,2021-06-28 18:10:32,52.162281,3
1256,123,21.06352,9350,2021-06-28 18:10:33,52.227982,357
1257,142,21.175507,9351,2021-06-28 18:10:33,52.172783,1
1258,123,21.042652,9352,2021-06-28 18:10:36,52.249432,6
1259,739,21.023506,9353,2021-06-28 18:10:32,52.180058,06
1260,123,21.0508482,9354,2021-06-28 18:07:37,52.2526404,07
1261,199,21.156973,9355,2021-06-28 18:10:36,52.263699,05
1262,256,21.048086,9356,2021-06-28 18:10:35,52.286274,3
1263,142,21.242153,9357,2021-06-28 18:10:31,52.169922,2
1264,142,21.077633,9358,2021-06-28 16:02:28,52.267822,4
1265,256,21.08246,9359,2021-06-28 18:10:31,52.276009,5
1266,176,21.026735,9403,2021-06-28 18:10:34,52.281124,1
1267,176,20.979784,9405,2021-06-28 18:10:35,52.350822,05
1268,176,20.999065,9412,2021-06-28 18:10:33,52.316982,3
1269,197,20.931566,9413,2021-06-28 18:10:37,52.254303,012
1270,197,20.952818,9414,2021-06-28 18:10:36,52.276489,014
1271,102,21.103752,9416,2021-06-28 18:10:32,52.246593,3
1272,157,20.968269,9417,2021-06-28 18:10:37,52.20742,7
1273,712,20.927853,9418,2021-06-28 18:10:37,52.290989,02
1274,516,20.987656,9420,2021-06-28 18:10:37,52.304478,5
1275,157,20.996391,9423,2021-06-28 18:10:28,52.253719,1
1276,103,20.945312,9424,2021-06-28 18:10:30,52.27235,4
1277,123,21.04747,9425,2021-06-28 18:10:37,52.247425,1
1278,157,20.980938,9426,2021-06-28 18:10:36,52.275837,3
1279,157,20.997684,9427,2021-06-28 18:10:36,52.253819,4
1280,157,20.976927,9428,2021-06-28 18:10:37,52.217281,9
1281,103,20.934265,9429,2021-06-28 18:10:33,52.289436,6
1282,157,20.990637,9432,2021-06-28 18:10:35,52.234814,10
1283,743,20.802685,9433,2021-06-28 18:10:35,52.210255,02
1284,176,20.997601,9434,2021-06-28 18:10:34,52.318802,04
1285,516,20.941343,9435,2021-06-28 18:10:33,52.320568,1
1286,157,20.976358,9436,2021-06-28 18:10:36,52.289845,2
1287,157,20.988052,9437,2021-06-28 18:10:35,52.223934,6
1288,197,20.942413,9438,2021-06-28 18:10:36,52.226818,011
1289,197,20.930967,9439,2021-06-28 18:10:37,52.225327,016
1290,516,20.961613,9440,2021-06-28 18:10:37,52.323387,3
1291,123,21.097609,9441,2021-06-28 18:10:33,52.235123,3
1292,103,20.934092,9442,2021-06-28 18:10:36,52.289177,5
1293,102,21.025743,9443,2021-06-28 18:10:35,52.237308,1
1294,103,20.947742,9445,2021-06-28 18:10:34,52.276936,7
1295,103,20.968664,9446,2021-06-28 18:10:37,52.222103,1
1296,123,21.058914,9447,2021-06-28 18:10:33,52.250546,4
1297,157,20.972782,9448,2021-06-28 18:10:36,52.281456,011
1298,516,21.000952,9449,2021-06-28 18:10:35,52.291214,4
1299,102,21.017612,9450,2021-06-28 18:10:32,52.238403,2
1300,157,20.987705,9451,2021-06-28 18:10:33,52.242622,5
1301,157,20.963867,9452,2021-06-28 18:10:37,52.207962,8
1302,176,20.982172,9453,2021-06-28 18:10:36,52.355721,2
1303,197,20.94516,9454,2021-06-28 18:10:36,52.23901,015
1304,712,20.840858,9455,2021-06-28 18:10:36,52.247807,1
1305,743,20.801973,9456,2021-06-28 18:10:32,52.210155,1
1306,197,20.949965,9457,2021-06-28 18:10:36,52.280678,013
1307,103,20.968458,9458,2021-06-28 18:10:34,52.222042,8
1308,194,20.891950333,9501,2021-06-28 18:10:35,52.205364667,5
1309,707,20.933064167,9502,2021-06-28 18:10:37,52.165797667,1
1310,159,20.987901,9503,2021-06-28 18:10:37,52.223258167,1
1311,103,20.9270085,9505,2021-06-28 18:10:30,52.290154167,09
1312,103,20.957888833,9506,2021-06-28 18:10:35,52.246452667,011
1313,220,20.9006895,9509,2021-06-28 18:10:35,52.191247333,3
1314,194,20.917360167,9510,2021-06-28 18:10:34,52.220373333,06
1315,737,21.0357465,9511,2021-06-28 18:10:37,52.1622515,56
1316,220,20.897709667,9513,2021-06-28 18:10:37,52.197402833,5
1317,715,21.036833,9514,2021-06-28 18:10:30,52.161983333,53
1318,181,20.973346,9515,2021-06-28 18:10:33,52.280493833,2
1319,737,21.036438,9516,2021-06-28 18:10:34,52.162278167,54
1320,149,20.948036833,9518,2021-06-28 18:10:35,52.243099167,06
1321,149,20.878992167,9519,2021-06-28 18:10:35,52.248225167,2
1322,159,21.016851667,9520,2021-06-28 18:10:36,52.223460667,8
1323,715,20.920477167,9521,2021-06-28 18:10:33,52.153562,1
1324,220,20.940048667,9522,2021-06-28 18:10:36,52.1724575,4
1325,220,20.944050333,9523,2021-06-28 18:10:35,52.175937667,07
1326,220,20.897421333,9524,2021-06-28 18:10:31,52.2205365,2
1327,194,20.896162833,9525,2021-06-28 18:10:35,52.200876,3
1328,181,20.910726167,9526,2021-06-28 18:10:37,52.308826333,1
1329,715,21.018345,9528,2021-06-28 18:10:37,52.124199,058
1330,715,21.01802,9529,2021-06-28 18:10:35,52.122467,52
1331,707,20.969587333,9530,2021-06-28 18:10:35,52.081001167,03
1332,159,20.991877,9531,2021-06-28 18:10:36,52.225731333,4
1333,194,20.866631333,9532,2021-06-28 18:10:38,52.198216,1
1334,181,20.905192667,9533,2021-06-28 18:10:36,52.301113167,4
1335,181,20.965687167,9534,2021-06-28 18:10:37,52.283532833,3
1336,159,21.058666833,9535,2021-06-28 18:10:33,52.192982,7
1337,159,21.068733333,9537,2021-06-28 18:09:47,52.19189,6
1338,737,20.968064167,9539,2021-06-28 18:10:35,52.082210833,059
1339,220,20.920918167,9540,2021-06-28 18:10:36,52.258077833,1
1340,220,20.924965167,9542,2021-06-28 18:10:36,52.261132333,6
1341,737,20.953994,9544,2021-06-28 18:10:34,52.068477333,07
1342,220,20.896264,9545,2021-06-28 18:10:32,52.238966833,08
1343,149,20.940393167,9546,2021-06-28 18:10:37,52.2466645,5
1344,220,20.897771333,9548,2021-06-28 18:10:34,52.245948333,09
1345,149,20.898492833,9550,2021-06-28 18:10:35,52.239374333,1
1346,715,20.923696833,9551,2021-06-28 18:10:35,52.157441167,55
1347,149,20.899719833,9552,2021-06-28 18:10:35,52.239649667,3
1348,194,20.9306525,9554,2021-06-28 18:10:29,52.225013167,07
1349,194,20.867935333,9555,2021-06-28 18:10:37,52.2020965,2
1350,159,20.954941333,9556,2021-06-28 18:10:34,52.2120185,3
1351,149,20.947844,9557,2021-06-28 18:10:34,52.244465667,4
1352,194,20.929422,9558,2021-06-28 18:10:34,52.224922,4
1353,159,21.044947167,9560,2021-06-28 18:10:36,52.221160667,5
1354,159,20.954904333,9561,2021-06-28 18:10:33,52.211888667,2
1355,118,21.014976,9671,2021-06-28 18:10:29,52.251644,2
1356,118,21.03364,9672,2021-06-28 18:10:31,52.296673,5
1357,326,20.968945,9673,2021-06-28 18:10:34,52.272064,04
1358,118,21.015621,9674,2021-06-28 18:10:35,52.217064,8
1359,152,20.952541,9676,2021-06-28 18:10:30,52.317188,5
1360,212,21.05691,9677,2021-06-28 18:10:31,52.301884,06
1361,118,21.022955,9678,2021-06-28 18:10:30,52.229099,7
1362,118,21.023924,9679,2021-06-28 18:10:37,52.224117,1
1363,326,21.061853,9680,2021-06-28 18:10:32,52.361687,02
1364,152,20.965918,9681,2021-06-28 18:10:31,52.331661,2
1365,212,21.051128,9682,2021-06-28 18:10:35,52.26944,5
1366,152,20.994497,9683,2021-06-28 18:10:34,52.343136,4
1367,212,21.026989,9684,2021-06-28 18:10:31,52.25975,1
1368,212,21.041479,9685,2021-06-28 18:10:36,52.2705,2
1369,326,20.999609,9686,2021-06-28 18:10:33,52.291847,05
1370,326,21.022171,9688,2021-06-28 18:10:28,52.319702,03
1371,118,21.04138,9689,2021-06-28 18:10:36,52.300106,4
1372,212,21.066793,9690,2021-06-28 18:10:34,52.27702,3
1373,326,21.051184,9692,2021-06-28 18:10:22,52.361084,01
1374,212,21.052309,9693,2021-06-28 18:10:35,52.292862,4
1375,152,20.970951,9695,2021-06-28 18:10:35,52.320629,1
1376,118,21.019697,9696,2021-06-28 18:10:29,52.247147,6
1377,118,21.029341,9697,2021-06-28 18:10:34,52.299187,3
1378,152,21.0603,9698,2021-06-28 18:10:35,52.3151,3
1379,710,21.067699,9801,2021-06-28 18:10:31,52.129292,4
1380,525,21.049721,9802,2021-06-28 18:10:35,52.22546,1
1381,184,20.971127,9803,2021-06-28 18:10:32,52.219505,069
1382,127,20.915014,9804,2021-06-28 18:10:32,52.207726,56
1383,710,21.011765,9805,2021-06-28 18:10:32,52.074245,2
1384,525,21.15519,9807,2021-06-28 18:10:33,52.226059,319
1385,127,21.036037,9808,2021-06-28 18:10:27,52.231697,2
1386,710,21.125408,9810,2021-06-28 18:10:31,52.100639,5
1387,719,20.931992,9812,2021-06-28 18:10:34,52.240311,3
1388,109,20.941743,9813,2021-06-28 18:08:00,52.239395,08
1389,525,21.015463,9815,2021-06-28 18:10:34,52.218147,09
1390,742,21.211788,9816,2021-06-28 18:10:33,51.99181,1
1391,719,20.688179,9818,2021-06-28 18:10:36,52.260479,04
1392,719,20.895958,9819,2021-06-28 18:10:36,52.239563,1
1393,719,20.586382,9820,2021-06-28 18:10:32,52.257599,2
1394,710,21.011275,9821,2021-06-28 18:10:31,52.07419,1
1395,525,21.018412,9822,2021-06-28 18:10:37,52.217625,010
1396,184,20.937901,9823,2021-06-28 18:10:34,52.28688,010
1397,525,21.089674,9825,2021-06-28 17:19:36,52.235753,5
1398,525,21.19664,9826,2021-06-28 18:10:35,52.208359,7
1399,185,21.043678,9827,2021-06-28 18:10:16,52.14859,8
1400,127,20.901796,9828,2021-06-28 18:10:32,52.208096,4
1401,Z10,20.914959,9830,2021-06-28 18:10:32,52.229523,8
1402,710,21.117289,9831,2021-06-28 18:10:30,52.094746,3
1403,127,21.019497,9833,2021-06-28 18:10:34,52.246304,1
1404,525,21.094986,9834,2021-06-28 18:10:31,52.23518,4
1405,742,21.078224,9835,2021-06-28 18:10:36,52.130249,02
1406,525,21.003643,9836,2021-06-28 18:10:34,52.229485,3
1407,185,21.063215,9837,2021-06-28 18:10:34,52.187164,12
1408,525,21.005074,9838,2021-06-28 18:10:30,52.229141,2
1409,724,21.104408,9839,2021-06-28 18:10:31,52.119259,1
1410,127,20.93652,9840,2021-06-28 18:10:37,52.201729,6
1411,724,21.022799,9841,2021-06-28 18:10:34,52.075031,02
1412,127,20.992676,9843,2021-06-28 18:10:18,52.225922,7
1413,127,20.953423,9844,2021-06-28 18:10:36,52.212555,09
1414,127,20.994728,9845,2021-06-28 18:10:33,52.226128,3
1415,Z10,20.929485,9846,2021-06-28 18:10:30,52.224236,6
1416,Z10,20.91493,9847,2021-06-28 18:10:36,52.234066,4
1417,109,20.898819,9849,2021-06-28 18:10:34,52.238552,6
1418,109,20.944052,9851,2021-06-28 18:10:33,52.239021,5
1419,109,21.022942,9852,2021-06-28 18:10:33,52.229015,4
1420,109,20.982389,9853,2021-06-28 18:10:33,52.230213,1
1421,127,21.031422,9854,2021-06-28 18:10:31,52.23584,335
1422,186,20.981646,9901,2021-06-28 18:10:35,52.309544,1
1423,210,20.919785,9902,2021-06-28 18:10:33,52.282291,5
1424,140,21.05197,9903,2021-06-28 18:10:37,52.276817,04
1425,520,21.002136,9905,2021-06-28 18:10:34,52.243153,011
1426,520,21.001978,9906,2021-06-28 18:10:36,52.243252,3
1427,140,21.111244,9907,2021-06-28 18:10:35,52.360912,08
1428,140,21.133703,9908,2021-06-28 18:10:36,52.35762,09
1429,140,21.083122,9909,2021-06-28 18:10:36,52.296234,2
1430,719,20.73311,9912,2021-06-28 18:10:33,52.252735,05
1431,520,21.018961,9913,2021-06-28 18:10:36,52.217937,08
1432,520,21.156082,9914,2021-06-28 18:10:34,52.240414,09
1433,520,21.137651,9915,2021-06-28 18:10:36,52.240372,6
1434,520,21.012314,9916,2021-06-28 18:10:34,52.229523,4
1435,193,21.036844,9918,2021-06-28 18:10:36,52.161949,2
1436,193,21.03928,9919,2021-06-28 18:10:34,52.154171,3
1437,140,21.05307,9920,2021-06-28 18:10:37,52.276764,05
1438,140,21.103371,9921,2021-06-28 18:10:32,52.321201,06
1439,520,21.044981,9922,2021-06-28 18:10:32,52.224598,5
1440,193,21.025816,9923,2021-06-28 18:10:35,52.173386,4
1441,140,21.129919,9924,2021-06-28 18:10:34,52.353249,07
1442,193,21.041103,9926,2021-06-28 18:10:37,52.169868,1
1443,520,21.098791,9927,2021-06-28 18:10:36,52.234791,010
1444,140,21.086075,9928,2021-06-28 18:10:37,52.300106,3
1445,186,20.959812,9929,2021-06-28 18:10:34,52.316525,12
1446,193,20.995403,9930,2021-06-28 18:10:33,52.170231,5
1447,186,20.971783,9932,2021-06-28 18:10:36,52.212852,4
1448,520,21.012493,9933,2021-06-28 18:10:34,52.228279,2
1449,186,20.9669,9934,2021-06-28 18:10:33,52.273052,2
1450,520,21.083935,9935,2021-06-28 18:10:36,52.235958,1
1451,186,20.960346,9936,2021-06-28 18:10:33,52.216644,6
1452,520,21.098368,9937,2021-06-28 18:10:36,52.234554,7
1453,186,20.958206,9940,2021-06-28 18:10:37,52.243336,3
1454,186,20.956701,9941,2021-06-28 18:10:34,52.228432,8
1455,210,20.767435,9942,2021-06-28 18:10:33,52.308166,4
1456,109,21.02153,9943,2021-06-28 18:10:35,52.230724,2
1457,186,20.955797,9945,2021-06-28 18:10:33,52.232651,9
1458,210,20.767384,9946,2021-06-28 18:10:34,52.307789,3
1459,109,21.043213,9948,2021-06-28 18:10:35,52.222996,3
1460,210,20.928175,9949,2021-06-28 18:10:33,52.291016,1
1461,210,20.875183,9950,2021-06-28 18:10:36,52.287521,2
1462,186,20.963736,9951,2021-06-28 18:10:36,52.207809,5
1463,186,20.989674,9953,2021-06-28 18:10:35,52.302887,67
1464,140,21.100523,9954,2021-06-28 18:10:33,52.317284,1
1465,o97B,21.423098,9999,2021-06-28 14:27:55,50.302967,7
