,Lines,Lon,VehicleNumber,Time,Lat,Brigade
0,213,21.0931285,1001,2021-06-28 16:52:42,52.2192241,1
1,213,21.2338266,1003,2021-06-28 16:52:47,52.1787905,05
2,213,21.222616,1004,2021-06-28 16:52:26,52.160904,3
3,196,21.1661345,1005,2021-06-28 16:52:42,52.2623601,2
4,196,21.177105,1008,2021-06-28 16:52:36,52.25688,03
5,213,21.1104931,1009,2021-06-28 16:52:44,52.2127963,4
6,213,21.188771,1010,2021-06-28 16:52:33,52.149831,2
7,311,21.0925671,1012,2021-06-28 16:52:37,52.22177,1
8,196,21.176229,1014,2021-06-28 16:52:48,52.2567888,1
9,311,21.0802691,1015,2021-06-28 16:52:43,52.2417358,2
10,365,21.009529,1021,2021-06-28 16:52:47,52.178616,01
11,107,21.001638,1023,2021-06-28 16:52:47,52.2439495,3
12,163,21.089012,1025,2021-06-28 16:52:45,52.159973,2
13,107,21.046045,1026,2021-06-28 16:52:45,52.201923,5
14,108,21.0241175,1027,2021-06-28 16:52:46,52.1797149,1
15,108,21.0745312,1028,2021-06-28 16:52:47,52.2064189,5
16,108,21.05002,1029,2021-06-28 16:52:44,52.17812,6
17,365,20.996615,1031,2021-06-28 16:52:46,52.1697485,02
18,108,21.0231587,1033,2021-06-28 16:52:46,52.2288297,4
19,163,21.081581,1034,2021-06-28 16:52:46,52.184692,1
20,192,21.0243107,1037,2021-06-28 16:52:46,52.1798982,7
21,108,21.047254,1038,2021-06-28 16:52:29,52.211976,3
22,365,21.0242795,1039,2021-06-28 16:52:47,52.1797716,03
23,107,21.035193,1040,2021-06-28 16:52:28,52.22202,6
24,107,20.979108,1042,2021-06-28 16:52:28,52.244473,2
25,107,21.01248,1043,2021-06-28 16:52:46,52.239983,07
26,107,21.035823,1045,2021-06-28 16:52:37,52.222156,4
27,204,21.02315,1046,2021-06-28 16:52:44,52.277238,05
28,204,21.052403,1047,2021-06-28 16:52:41,52.324743,1
29,204,21.060466,1048,2021-06-28 16:52:46,52.315018,04
30,228,20.9803,1050,2021-06-28 16:52:37,52.1874433,1
31,228,20.927714,1051,2021-06-28 16:52:25,52.214253,2
32,328,20.9946,1052,2021-06-28 16:52:33,52.1554567,01
33,129,20.8886033,1053,2021-06-28 16:52:38,52.1945017,4
34,228,20.893043,1054,2021-06-28 16:52:45,52.200324,3
35,129,20.915178,1055,2021-06-28 16:52:32,52.230273,3
36,328,20.994734,1058,2021-06-28 16:52:41,52.150851,02
37,129,20.920291,1059,2021-06-28 16:52:35,52.209706,1
38,328,20.938238,1061,2021-06-28 16:52:46,52.202785,03
39,192,21.046682,1062,2021-06-28 16:52:47,52.140446,51
40,192,21.045063,1064,2021-06-28 16:52:45,52.152782,2
41,163,21.0846405,1065,2021-06-28 16:52:45,52.1627432,04
42,107,20.979353,1066,2021-06-28 16:52:46,52.244568,1
43,163,21.0489871,1068,2021-06-28 16:52:47,52.1782945,3
44,192,21.0687321,1069,2021-06-28 16:52:47,52.1289031,4
45,163,21.0947234,1070,2021-06-28 16:52:47,52.1860529,05
46,192,21.0174874,1074,2021-06-28 16:52:45,52.1559767,6
47,108,21.0682812,1076,2021-06-28 16:52:47,52.1829351,2
48,192,21.075056,1077,2021-06-28 16:52:47,52.13308,3
49,192,21.023884,1079,2021-06-28 16:52:47,52.179962,1
50,736,20.9792061,1101,2021-06-28 16:52:40,52.3918168,02
51,132,21.049769,1109,2021-06-28 16:52:44,52.319488,2
52,303,20.9863563,1112,2021-06-28 16:52:46,52.269397,3
53,147,21.0515628,1113,2021-06-28 16:52:41,52.2473625,06
54,152,20.959531,1114,2021-06-28 16:52:30,52.316396,06
55,166,21.047488,1115,2021-06-28 16:52:42,52.2479683,09
56,132,20.9688105,1116,2021-06-28 16:52:40,52.272068,3
57,122,20.898863,1117,2021-06-28 16:52:44,52.238579,09
58,197,20.975654,1118,2021-06-28 16:52:42,52.289535,7
59,126,21.0567893,1119,2021-06-28 16:52:44,52.3018275,3
60,168,21.1126842,1200,2021-06-28 16:52:46,52.236304,2
61,119,21.1095665,1202,2021-06-28 16:52:46,52.2082124,1
62,178,21.003712,1203,2021-06-28 16:52:48,52.250584,2
63,178,20.900509,1204,2021-06-28 16:52:45,52.190327,5
64,168,21.001595,1205,2021-06-28 16:52:45,52.1904826,6
65,166,21.041039,1206,2021-06-28 16:52:41,52.170103,1
66,166,21.0238906,1208,2021-06-28 16:52:47,52.2243907,5
67,222,20.9955469,1211,2021-06-28 16:52:47,52.1897797,4
68,174,21.007408,1212,2021-06-28 16:52:46,52.210297,371
69,174,21.0127291,1213,2021-06-28 16:52:47,52.1748857,3
70,218,21.022652,1214,2021-06-28 16:52:44,52.179401,5
71,166,21.027084,1216,2021-06-28 16:52:46,52.260006,7
72,168,20.9957527,1218,2021-06-28 16:52:46,52.1929579,5
73,119,21.0003081,1220,2021-06-28 16:52:47,52.2061224,5
74,122,20.986777,1400,2021-06-28 16:52:37,52.2692526,012
75,121,20.9251718,1401,2021-06-28 16:52:46,52.2724973,04
76,134,21.0611913,1403,2021-06-28 16:52:40,52.3069716,1
77,110,20.8834655,1407,2021-06-28 16:52:44,52.3072686,05
78,240,21.041066,1408,2021-06-28 16:52:30,52.289836,4
79,173,21.227285,1411,2021-06-28 16:52:47,52.250389,5
80,117,21.092358,1412,2021-06-28 16:52:46,52.221722,1
81,702,21.268869,1413,2021-06-28 16:52:46,52.098476,2
82,168,21.093916,1415,2021-06-28 16:52:44,52.227951,1
83,202,21.067505,1416,2021-06-28 16:52:47,52.250385,04
84,183,21.128391,1418,2021-06-28 16:52:45,52.234657,6
85,147,21.0445647,1419,2021-06-28 16:52:48,52.2372586,2
86,199,21.052998,1422,2021-06-28 16:52:46,52.276405,4
87,198,21.2227544,1423,2021-06-28 16:52:46,52.2434704,05
88,173,21.240162,1424,2021-06-28 16:52:45,52.216099,6
89,115,21.1738852,1425,2021-06-28 16:52:46,52.2066906,4
90,173,21.1936814,1426,2021-06-28 16:52:46,52.248093,8
91,147,21.223719,1427,2021-06-28 16:52:46,52.217693,4
92,146,21.204693,1428,2021-06-28 16:52:46,52.159496,2
93,142,21.144266,1430,2021-06-28 16:52:48,52.185246,06
94,L41,20.863367,14422,2021-06-28 16:52:39,52.393684,1
95,L10,20.941343,14423,2021-06-28 16:50:38,52.40073,1
96,L11,20.943789,14424,2021-06-28 16:52:42,52.399094,1
97,L10,20.946838,14425,2021-06-28 16:52:46,52.47823,50
98,L-8,20.945215,14426,2021-06-28 14:51:54,52.437912,1
99,L41,20.934467,14427,2021-06-28 16:52:42,52.375332,02
100,L11,20.782516,14429,2021-06-28 16:52:41,52.438576,57
101,L34,20.847086,14430,2021-06-28 16:52:48,52.443069,2
102,L34,20.923901,14431,2021-06-28 16:52:43,52.391373,1
103,L11,20.859968,14432,2021-06-28 16:52:42,52.448364,51
104,L-8,21.082195,14434,2021-06-28 16:52:49,52.411053,02
105,L-8,20.986351,14435,2021-06-28 16:52:45,52.404179,1
106,L49,20.884825,14436,2021-06-28 16:52:43,52.411354,1
107,L31,21.103922,14438,2021-06-28 16:52:43,52.442066,1
108,L-9,20.968323,14439,2021-06-28 16:52:50,52.449673,054
109,L-9,20.948393,14440,2021-06-28 16:52:45,52.403294,055
110,134,20.966241,1500,2021-06-28 16:52:31,52.273215,04
111,134,21.0472025,1501,2021-06-28 16:52:39,52.3308726,3
112,110,20.948088,1502,2021-06-28 16:52:30,52.276926,2
113,240,21.0008281,1505,2021-06-28 16:52:42,52.2913771,06
114,132,21.0797198,1506,2021-06-28 16:52:42,52.3226463,07
115,134,20.9683383,1507,2021-06-28 16:52:40,52.2719418,2
116,126,20.9438771,1508,2021-06-28 16:52:41,52.322697,5
117,132,21.0682196,1509,2021-06-28 16:52:38,52.3238393,05
118,166,21.0355286,1510,2021-06-28 16:52:32,52.2536895,6
119,126,21.0065623,1513,2021-06-28 16:52:35,52.3071293,4
120,197,20.952918,1514,2021-06-28 16:52:42,52.276409,6
121,197,20.948998,1515,2021-06-28 16:52:45,52.269455,8
122,121,20.9718026,1516,2021-06-28 16:52:46,52.2720811,1
123,173,21.083996,1519,2021-06-28 16:52:36,52.245486,10
124,202,21.128701,1521,2021-06-28 16:52:30,52.240158,07
125,202,21.091985,1522,2021-06-28 16:52:36,52.2498017,3
126,146,21.059876,1523,2021-06-28 16:52:33,52.224175,08
127,730,21.377751,1524,2021-06-28 16:52:28,52.199399,052
128,119,21.052411,1525,2021-06-28 16:52:46,52.197589,06
129,147,21.046648,1526,2021-06-28 16:52:32,52.235588,09
130,198,21.242094,1528,2021-06-28 16:52:32,52.216713,3
131,702,21.208514,1530,2021-06-28 16:52:40,52.118426,03
132,198,21.243169,1531,2021-06-28 16:52:36,52.22169,2
133,115,21.191606,1533,2021-06-28 16:52:34,52.181803,2
134,142,21.0867083,1534,2021-06-28 16:52:47,52.2447517,07
135,198,21.223618,1535,2021-06-28 16:52:44,52.253838,1
136,106,21.018341,1537,2021-06-28 16:52:36,52.237091,4
137,170,21.059695,1538,2021-06-28 16:52:45,52.262693,4
138,120,21.05112,1539,2021-06-28 16:52:39,52.2525967,1
139,199,21.10776,1540,2021-06-28 16:52:36,52.29454,1
140,156,20.93677,1541,2021-06-28 16:52:45,52.287345,1
141,170,21.082625,1542,2021-06-28 16:52:43,52.275809,1
142,156,21.048051,1543,2021-06-28 16:52:42,52.286188,3
143,338,21.1008667,1544,2021-06-28 16:52:44,52.2606133,01
144,122,20.912359,1546,2021-06-28 16:52:36,52.252676,013
145,338,21.088778,1548,2021-06-28 16:52:33,52.26274,04
146,199,21.179715,1549,2021-06-28 16:52:05,52.269108,2
147,170,21.02342,1550,2021-06-28 16:52:47,52.2612217,3
148,240,21.08766,1551,2021-06-28 16:52:42,52.3214433,3
149,221,20.9952283,1552,2021-06-28 16:52:44,52.259475,2
150,106,21.02577,1554,2021-06-28 16:52:29,52.241014,06
151,L-4,21.018089,17451,2021-06-28 16:52:47,52.097713,1
152,L26,21.153337,17452,2021-06-28 16:52:46,52.311806,02
153,L37,21.247107,17453,2021-06-28 16:52:49,52.348534,1
154,L40,21.099852,17454,2021-06-28 16:52:48,52.335793,1
155,L36,21.28371,17456,2021-06-28 16:52:44,52.366486,1
156,L35,21.236666,17458,2021-06-28 16:52:44,52.343975,1
157,L26,21.197367,17460,2021-06-28 16:52:46,52.338642,1
158,L46,21.116194,17461,2021-06-28 16:52:43,52.319519,1
159,L43,21.157804,17462,2021-06-28 16:52:41,52.315105,1
160,L45,21.106182,17464,2021-06-28 16:52:49,52.32444,02
161,L45,21.142153,17465,2021-06-28 16:52:50,52.396469,1
162,L38,21.254373,17466,2021-06-28 16:52:43,52.346743,1
163,L37,21.218784,17467,2021-06-28 16:39:44,52.310253,2
164,L40,21.242119,17468,2021-06-28 16:52:48,52.350265,02
165,197,20.9224253,1800,2021-06-28 16:52:46,52.2216473,4
166,110,20.9157005,1801,2021-06-28 16:52:42,52.2830708,4
167,132,21.0283691,1802,2021-06-28 16:52:28,52.2987841,1
168,166,21.0242318,1803,2021-06-28 16:52:44,52.223669,8
169,122,20.952477,1804,2021-06-28 16:52:37,52.2625156,5
170,173,21.212726,1805,2021-06-28 16:52:46,52.2467188,4
171,204,21.0311403,1806,2021-06-28 16:52:45,52.2884846,3
172,122,20.9762948,1807,2021-06-28 16:49:35,52.2898141,4
173,303,20.9373403,1808,2021-06-28 16:52:41,52.3032873,1
174,147,21.052282,1809,2021-06-28 16:52:42,52.2502503,1
175,166,21.0750255,1810,2021-06-28 16:52:38,52.1330941,2
176,152,21.043346,1811,2021-06-28 10:10:53,52.266126,06
177,204,21.0367075,1812,2021-06-28 16:52:39,52.29647,2
178,736,21.014113,1813,2021-06-28 16:52:39,52.3880568,1
179,147,21.092259,1814,2021-06-28 16:52:45,52.224601,07
180,240,21.1188685,1815,2021-06-28 16:52:37,52.3382358,2
181,197,20.9452343,1817,2021-06-28 16:52:35,52.2389388,9
182,240,21.0832156,1818,2021-06-28 16:52:37,52.3221966,05
183,221,20.9796288,1819,2021-06-28 16:52:43,52.2596871,1
184,117,21.050129,1823,2021-06-28 16:52:37,52.2375471,05
185,146,21.0484775,1826,2021-06-28 16:52:43,52.2476553,4
186,183,21.1346383,1828,2021-06-28 16:52:40,52.2413066,3
187,147,21.090491,1829,2021-06-28 16:52:41,52.225271,5
188,722,21.283717,1830,2021-06-28 16:52:33,52.1211328,1
189,147,21.1169918,1832,2021-06-28 09:25:20,52.2330478,09
190,146,21.0593045,1833,2021-06-28 16:52:39,52.2267383,5
191,202,21.116848,1834,2021-06-28 09:35:30,52.233074,04
192,115,21.2398181,1835,2021-06-28 16:52:44,52.1692088,3
193,168,21.1124566,1837,2021-06-28 16:52:42,52.2330716,07
194,183,21.0872126,1839,2021-06-28 16:52:42,52.244782,1
195,202,21.043353,1840,2021-06-28 16:52:41,52.2466223,05
196,146,21.17789,1842,2021-06-28 16:52:41,52.157008,07
197,183,21.087008,1843,2021-06-28 16:52:27,52.2447176,2
198,119,21.164055,1844,2021-06-28 16:52:32,52.207283,3
199,115,21.161165,1846,2021-06-28 16:52:44,52.258794,5
200,730,21.084736,1847,2021-06-28 16:52:44,52.2444663,61
201,119,21.0211268,1848,2021-06-28 16:52:30,52.2107723,4
202,173,21.1345566,1849,2021-06-28 16:52:39,52.240763,9
203,183,21.1842351,1850,2021-06-28 16:52:25,52.2472766,4
204,173,21.0526806,1851,2021-06-28 16:52:40,52.2503041,1
205,722,21.209564,1854,2021-06-28 16:52:38,52.2242675,53
206,147,21.1582513,1855,2021-06-28 16:52:44,52.202838,3
207,117,21.00505,1857,2021-06-28 16:52:46,52.229495,2
208,115,21.170703,1858,2021-06-28 16:52:40,52.2428305,1
209,146,21.045301,1859,2021-06-28 16:52:44,52.248429,09
210,115,21.1702523,1860,2021-06-28 16:52:42,52.2771126,6
211,119,21.191546,1862,2021-06-28 16:52:43,52.207281,2
212,173,21.103532,1863,2021-06-28 16:52:39,52.2420905,3
213,146,21.119576,1866,2021-06-28 16:52:31,52.197441,3
214,183,21.1901703,1867,2021-06-28 16:52:40,52.2437128,5
215,147,21.1297818,1869,2021-06-28 16:52:43,52.2017121,08
216,251,21.0998142,1903,2021-06-28 16:52:43,52.1361381,53
217,168,21.0431407,1904,2021-06-28 16:52:47,52.2067739,09
218,739,21.0241038,1905,2021-06-28 16:52:42,52.179852,07
219,251,21.128097,1906,2021-06-28 16:52:44,52.0927798,52
220,139,21.093231,1907,2021-06-28 16:52:39,52.14766,54
221,178,20.9807864,1908,2021-06-28 16:52:38,52.2294701,012
222,222,21.0253598,1909,2021-06-28 16:52:40,52.2195926,2
223,222,21.0245766,1910,2021-06-28 16:52:38,52.2188005,5
224,251,21.04534,1911,2021-06-28 16:52:47,52.175022,56
225,222,21.00507,1912,2021-06-28 16:52:45,52.244652,6
226,251,21.0239521,1914,2021-06-28 16:52:46,52.1796004,51
227,222,21.003347,1916,2021-06-28 16:52:46,52.188927,3
228,222,21.0107329,1917,2021-06-28 16:52:46,52.1926572,4
229,739,21.018562,1918,2021-06-28 16:52:45,52.11533,08
230,139,21.042837,1919,2021-06-28 16:52:46,52.175415,55
231,222,21.004869,1920,2021-06-28 16:52:46,52.24477,1
232,178,20.9144554,1991,2021-06-28 16:52:48,52.2004591,010
233,178,21.014172,1993,2021-06-28 16:52:46,52.244228,1
234,168,21.0134994,1994,2021-06-28 16:52:47,52.2084917,08
235,178,20.9539509,1995,2021-06-28 16:52:47,52.2128979,3
236,178,20.9366912,1996,2021-06-28 16:52:48,52.2018475,6
237,178,20.885601,1998,2021-06-28 16:52:46,52.182808,4
238,178,20.9088107,1999,2021-06-28 16:52:47,52.1929986,013
239,105,20.897566,2001,2021-06-28 16:52:46,52.221317,1
240,136,21.0556872,2003,2021-06-28 16:52:46,52.1473646,6
241,Z10,20.9151124,2006,2021-06-28 16:52:47,52.2321646,3
242,188,21.036226,2007,2021-06-28 16:52:46,52.221966,09
243,517,21.007677,2008,2021-06-28 16:52:46,52.235027,07
244,191,20.87038,2009,2021-06-28 16:52:47,52.18362,3
245,184,20.9442995,2010,2021-06-28 16:52:46,52.2438727,4
246,124,20.940746,2011,2021-06-28 16:52:46,52.173435,03
247,401,20.8620674,2013,2021-06-28 16:52:46,52.1903144,1
248,182,21.1129535,2014,2021-06-28 16:52:48,52.2362606,012
249,171,21.0103282,2015,2021-06-28 16:52:46,52.2325171,1
250,401,21.02656,2016,2021-06-28 16:52:44,52.170364,011
251,190,20.937717,2019,2021-06-28 16:52:46,52.239651,014
252,191,20.9677532,2020,2021-06-28 16:52:47,52.2142892,7
253,401,21.0190897,2021,2021-06-28 16:52:46,52.1735101,5
254,522,21.069183,2022,2021-06-28 16:52:45,52.166107,013
255,193,20.995346,2023,2021-06-28 16:52:46,52.170219,06
256,189,21.0258086,2024,2021-06-28 16:52:47,52.1734264,14
257,401,20.870121,2026,2021-06-28 16:52:46,52.198185,8
258,522,21.0621907,2027,2021-06-28 16:52:46,52.1759755,318
259,519,21.1003332,2028,2021-06-28 16:52:46,52.1343464,3
260,501,21.0485709,2029,2021-06-28 16:52:47,52.1781185,3
261,189,20.963652,2030,2021-06-28 16:52:47,52.18858,9
262,131,21.012861,2032,2021-06-28 16:52:47,52.228046,10
263,522,21.018578,2033,2021-06-28 16:52:44,52.212502,07
264,189,21.0674042,2035,2021-06-28 16:52:46,52.1836472,12
265,519,21.005894,2036,2021-06-28 16:52:46,52.228561,5
266,501,21.015541,2037,2021-06-28 16:52:46,52.222664,5
267,138,21.0214771,2038,2021-06-28 16:52:46,52.2086087,010
268,501,21.0482737,2040,2021-06-28 16:52:46,52.1781227,2
269,189,20.9504759,2041,2021-06-28 16:52:47,52.1918512,8
270,138,21.018423,2042,2021-06-28 16:52:45,52.212719,012
271,401,20.9300697,2044,2021-06-28 16:52:47,52.1958472,012
272,172,21.0364279,2045,2021-06-28 16:52:46,52.2007631,010
273,172,21.0691089,2200,2021-06-28 16:52:46,52.1813946,4
274,523,20.898319,2201,2021-06-28 16:52:45,52.258495,14
275,187,20.8840467,2202,2021-06-28 16:52:47,52.1953881,3
276,136,20.965572,2203,2021-06-28 16:52:47,52.239147,1
277,Z10,20.929434,2204,2021-06-28 16:52:45,52.224472,010
278,171,20.9749572,2205,2021-06-28 16:52:46,52.2378019,011
279,Z10,20.911825,2206,2021-06-28 16:52:46,52.245228,7
280,189,21.023563,2207,2021-06-28 16:52:46,52.173367,10
281,190,20.914776,2209,2021-06-28 16:52:46,52.2316462,8
282,172,20.9757189,2210,2021-06-28 16:52:47,52.2115295,2
283,122,20.897604,2212,2021-06-28 16:52:47,52.245441,6
284,122,20.9768381,2213,2021-06-28 16:52:46,52.290327,07
285,136,20.956053,2215,2021-06-28 16:52:46,52.2313,11
286,190,20.9665314,2216,2021-06-28 16:52:47,52.2371522,018
287,401,21.0119777,2217,2021-06-28 16:52:45,52.1744,09
288,Z10,20.9157479,2218,2021-06-28 16:52:47,52.2270699,5
289,148,21.0873911,2221,2021-06-28 16:52:45,52.2447635,8
290,523,20.898184,2222,2021-06-28 16:52:47,52.258335,1
291,191,20.982628,2223,2021-06-28 16:52:47,52.21772,9
292,189,20.9163704,2224,2021-06-28 16:52:46,52.2204217,2
293,191,20.936148,2225,2021-06-28 16:52:47,52.2015,5
294,517,20.9311084,2226,2021-06-28 16:52:47,52.1980561,3
295,136,20.96406,2231,2021-06-28 16:52:47,52.215458,013
296,189,21.051956,2232,2021-06-28 16:52:45,52.179287,11
297,317,21.043909,2233,2021-06-28 16:52:47,52.173363,08
298,Z10,20.9201594,2235,2021-06-28 16:52:47,52.2574989,011
299,317,20.9494777,2236,2021-06-28 16:52:46,52.1815459,4
300,187,20.9248309,2240,2021-06-28 16:52:47,52.1965894,2
301,136,20.9838259,2241,2021-06-28 16:52:46,52.1989279,9
302,191,20.93717,2243,2021-06-28 16:52:46,52.201565,1
303,171,20.976835,2244,2021-06-28 16:52:47,52.237881,4
304,Z10,20.9124459,2245,2021-06-28 16:52:46,52.2418587,9
305,717,20.964901,2247,2021-06-28 16:52:36,52.218266,3
306,317,20.999912,2249,2021-06-28 16:52:47,52.175293,06
307,189,20.8987704,2252,2021-06-28 16:52:47,52.2386869,4
308,112,21.0496887,2253,2021-06-28 16:52:46,52.2903881,2
309,191,20.9096589,2254,2021-06-28 16:52:46,52.1944312,010
310,141,20.978807,2256,2021-06-28 16:52:47,52.184219,013
311,172,21.007326,2257,2021-06-28 16:52:47,52.195316,7
312,317,21.0826907,2258,2021-06-28 16:52:46,52.1665694,1
313,187,20.8696414,2259,2021-06-28 16:52:46,52.1921226,4
314,L48,21.303106,23481,2021-06-28 04:38:21,52.203297,1
315,L47,21.297951,23482,2021-06-28 16:52:47,52.241547,02
316,L47,21.31398,23483,2021-06-28 16:52:48,52.246361,1
317,L20,21.310408,24511,2021-06-28 16:52:47,52.111797,1
318,L20,21.471601,24512,2021-06-28 13:52:17,52.132278,1
319,L20,21.4638,24513,2021-06-28 16:52:46,52.132996,03
320,L20,21.370922,24515,2021-06-28 16:52:47,52.116928,2
321,245,21.0763078,3400,2021-06-28 16:52:38,52.2867023,2
322,112,20.91393,3401,2021-06-28 16:52:34,52.252369,018
323,412,21.0682818,3403,2021-06-28 16:52:44,52.3236118,01
324,112,20.901425,3404,2021-06-28 16:52:41,52.2278338,7
325,412,21.081721,3405,2021-06-28 16:52:39,52.294693,05
326,500,21.0193666,3406,2021-06-28 16:52:29,52.2635421,08
327,500,21.0410038,3408,2021-06-28 16:52:45,52.2848551,2
328,245,21.0529558,3410,2021-06-28 16:52:42,52.2764765,05
329,114,21.042601,3411,2021-06-28 16:52:31,52.299639,011
330,500,20.9827918,3413,2021-06-28 16:52:38,52.253319,1
331,190,21.0761398,3414,2021-06-28 16:52:44,52.287807,027
332,114,20.9304556,3415,2021-06-28 16:52:46,52.291665,09
333,114,20.9825716,3416,2021-06-28 16:52:43,52.2679498,010
334,738,21.1814498,3417,2021-06-28 16:52:46,52.4173038,3
335,738,21.1495626,3418,2021-06-28 16:52:41,52.3765785,4
336,190,21.0489648,3421,2021-06-28 16:52:38,52.26082,021
337,500,21.0420308,3422,2021-06-28 16:52:40,52.300303,4
338,185,20.9736066,3423,2021-06-28 16:52:42,52.2798033,10
339,512,21.0525293,3424,2021-06-28 16:52:30,52.2527601,2
340,512,21.051951,3426,2021-06-28 16:52:37,52.2528531,3
341,169,21.038256,3427,2021-06-28 16:52:44,52.251921,2
342,185,21.04658,3428,2021-06-28 16:52:46,52.2135025,7
343,500,21.0204466,3429,2021-06-28 16:52:48,52.2635016,6
344,169,21.043881,3430,2021-06-28 16:52:33,52.249913,3
345,112,21.0462608,3431,2021-06-28 16:52:46,52.2862071,3
346,Z26,20.9743491,3432,2021-06-28 16:52:42,52.2354236,1
347,Z26,20.994941,3434,2021-06-28 16:52:30,52.242215,6
348,175,21.012751,3435,2021-06-28 16:52:46,52.2430256,55
349,509,21.0498281,3437,2021-06-28 16:52:47,52.2420416,5
350,132,21.031253,3438,2021-06-28 16:52:46,52.2991651,06
351,738,21.0528511,3439,2021-06-28 16:52:45,52.276661,1
352,414,20.9632808,3440,2021-06-28 16:52:40,52.208519,07
353,512,21.049671,3441,2021-06-28 16:52:29,52.285986,5
354,500,20.9820901,3442,2021-06-28 16:52:39,52.2532388,7
355,509,20.9885263,3443,2021-06-28 16:52:45,52.3042388,11
356,245,21.1144341,3444,2021-06-28 16:52:45,52.2787121,04
357,145,21.0489288,3445,2021-06-28 16:52:38,52.289513,8
358,509,21.0381841,3446,2021-06-28 16:52:45,52.2518888,14
359,162,21.0485183,3447,2021-06-28 16:52:42,52.2072131,6
360,190,21.0504428,3448,2021-06-28 16:52:42,52.2614243,2
361,112,20.883036,3449,2021-06-28 16:52:34,52.214799,9
362,112,20.9924463,3450,2021-06-28 16:52:45,52.2861023,12
363,114,21.043474,3451,2021-06-28 09:14:51,52.2654126,09
364,145,21.0954706,3452,2021-06-28 16:52:43,52.2438125,015
365,527,21.0614678,3453,2021-06-28 16:52:43,52.3100588,2
366,190,21.088193,3454,2021-06-28 16:52:37,52.302565,1
367,145,21.0241318,3455,2021-06-28 16:52:42,52.2865523,5
368,509,21.0397768,3458,2021-06-28 16:52:44,52.2508408,355
369,245,21.1243491,3459,2021-06-28 16:52:42,52.2791816,1
370,190,21.0097093,3460,2021-06-28 16:52:30,52.2463835,022
371,114,20.9763201,3462,2021-06-28 16:52:45,52.2661455,2
372,190,20.8972771,3463,2021-06-28 16:52:43,52.2396203,6
373,500,21.0449683,3464,2021-06-28 16:52:38,52.285867,5
374,114,20.9344671,3465,2021-06-28 16:52:41,52.2715108,6
375,112,21.041223,3466,2021-06-28 16:52:43,52.290641,1
376,509,20.941974,3467,2021-06-28 16:52:45,52.323824,022
377,245,21.0536146,3468,2021-06-28 16:52:34,52.275884,03
378,114,21.015886,3469,2021-06-28 16:52:28,52.295433,7
379,L17,21.029528,36442,2021-06-28 16:52:46,52.074741,02
380,L19,21.038721,36443,2021-06-28 16:52:43,52.001831,1
381,L17,20.990582,36444,2021-06-28 16:52:45,52.045639,1
382,L19,21.022554,36445,2021-06-28 16:52:44,52.074718,02
383,L30,21.15938,36446,2021-06-28 16:52:49,51.960258,1
384,L28,21.128004,36447,2021-06-28 16:52:44,52.02174,1
385,L30,21.153757,36448,2021-06-28 16:52:46,51.943962,02
386,L42,21.118048,37531,2021-06-28 16:52:44,52.093159,52
387,L21,21.203287,37533,2021-06-28 16:52:46,52.014977,1
388,L16,21.148638,37534,2021-06-28 16:52:48,52.122818,1
389,L14,21.201906,37535,2021-06-28 16:52:45,52.079735,1
390,L15,21.122261,37536,2021-06-28 16:52:47,52.09042,51
391,L39,21.022425,38541,2021-06-28 16:52:47,52.075214,4
392,L23,21.022228,38543,2021-06-28 16:52:43,52.07497,M53
393,L23,21.028891,38544,2021-06-28 16:52:50,52.073936,052
394,L39,21.000919,38545,2021-06-28 16:52:45,52.109982,3
395,L32,20.984688,38546,2021-06-28 16:52:44,52.004005,1
396,L39,21.004555,38547,2021-06-28 05:46:58,52.110222,1
397,L39,21.033072,38548,2021-06-28 16:52:44,52.099228,2
398,L23,21.072586,38549,2021-06-28 16:52:48,52.060898,51
399,L52,21.023359,38550,2021-06-28 16:52:47,52.075066,1
400,L-2,21.029436,39551,2021-06-28 16:37:26,52.075169,062
401,L12,20.894373,39552,2021-06-28 16:52:43,52.008621,063
402,L25,21.133142,39554,2021-06-28 16:52:44,51.966545,02
403,L25,21.03702,39555,2021-06-28 16:52:39,52.06345,1
404,L-2,20.960785,39556,2021-06-28 16:52:46,52.030514,061
405,L12,21.027193,39557,2021-06-28 16:52:47,52.072079,64
406,L-2,21.022781,39558,2021-06-28 16:52:44,52.073978,65
407,L13,21.116165,39560,2021-06-28 16:52:48,52.027241,1
408,L13,21.028307,39561,2021-06-28 16:52:48,52.074265,03
409,L13,21.039915,39562,2021-06-28 16:52:47,52.027134,2
410,L-5,20.988985,39565,2021-06-28 16:52:48,52.049377,1
411,255,20.9578582,4200,2021-06-28 16:52:47,52.228198,2
412,703,20.8926216,4202,2021-06-28 16:52:46,52.1338277,52
413,197,20.8625474,4205,2021-06-28 16:52:46,52.1903199,2
414,902,20.9223249,4206,2021-06-28 16:30:27,52.1964574,M1
415,255,20.9559217,4207,2021-06-28 16:52:47,52.2277225,03
416,154,20.9722382,4209,2021-06-28 16:52:44,52.2125751,4
417,178,20.983721,4210,2021-06-28 16:52:47,52.229984,011
418,154,20.9417547,4211,2021-06-28 16:52:47,52.2317262,010
419,711,20.943909,4212,2021-06-28 16:52:36,52.175301,063
420,154,20.9720012,4213,2021-06-28 16:52:47,52.2175527,1
421,154,20.918798,4214,2021-06-28 16:52:47,52.2398347,8
422,711,20.799505,4215,2021-06-28 16:52:47,52.08984,061
423,122,20.9816594,4216,2021-06-28 16:52:46,52.2744554,3
424,197,20.874588,4217,2021-06-28 16:52:47,52.198799,3
425,197,20.87088,4218,2021-06-28 16:52:45,52.205597,1
426,255,20.9310481,4219,2021-06-28 16:52:46,52.2251637,1
427,197,20.9409117,4221,2021-06-28 16:52:47,52.2259366,10
428,129,20.9393547,4224,2021-06-28 16:52:46,52.2459306,2
429,121,20.923063,4225,2021-06-28 16:52:46,52.278027,03
430,197,20.943573,4227,2021-06-28 16:52:46,52.245136,5
431,154,20.898432,4228,2021-06-28 16:52:47,52.258347,6
432,902,21.044146,4229,2021-06-28 16:52:44,52.237228,M2
433,154,20.8984924,4230,2021-06-28 16:52:47,52.2510747,7
434,178,20.9439514,4231,2021-06-28 16:52:46,52.206289,9
435,178,20.9055644,4232,2021-06-28 16:52:47,52.1886896,7
436,714,20.9501292,4233,2021-06-28 16:52:47,52.2386305,3
437,729,20.816637,4234,2021-06-28 16:52:48,52.252415,02
438,714,20.7956019,4235,2021-06-28 16:52:46,52.2644287,2
439,L-3,21.02146,42362,2021-06-28 16:52:44,52.0798,02
440,154,20.897739,4237,2021-06-28 16:52:45,52.246605,5
441,154,20.944834,4238,2021-06-28 16:52:46,52.177132,3
442,178,20.959543,4239,2021-06-28 16:52:46,52.220608,8
443,154,20.962132,4240,2021-06-28 16:52:45,52.217052,011
444,714,20.922091,4241,2021-06-28 16:52:46,52.240265,04
445,154,20.9814969,4242,2021-06-28 16:52:47,52.1910516,2
446,154,20.9713495,4243,2021-06-28 16:52:47,52.1826734,09
447,901,21.022223,4244,2021-06-28 16:52:46,52.228993,1
448,901,21.003443,4246,2021-06-28 16:52:46,52.2295,3
449,714,20.887459,4247,2021-06-28 16:52:48,52.240223,1
450,729,20.8210967,4248,2021-06-28 16:52:48,52.2517369,1
451,121,20.9590145,4249,2021-06-28 16:52:47,52.2802512,2
452,L-1,20.901314,42494,2021-06-28 16:51:33,52.08725,1
453,L-4,21.0165,42495,2021-06-28 06:12:56,52.098907,2
454,L-3,20.865808,42500,2021-06-28 16:52:46,52.050583,1
455,146,21.1226675,4303,2021-06-28 16:52:45,52.1925691,06
456,119,21.035839,4304,2021-06-28 16:52:47,52.2019506,07
457,117,21.1024989,4305,2021-06-28 16:52:48,52.2221357,4
458,147,21.2234237,4307,2021-06-28 16:52:48,52.2177666,010
459,142,21.1286602,4308,2021-06-28 16:52:48,52.2334842,08
460,198,21.2230215,4309,2021-06-28 16:52:43,52.222644,04
461,702,21.0903999,4312,2021-06-28 16:52:48,52.2447084,1
462,105,16.9750897,4332,2021-06-26 13:35:37,52.5472771,4
463,N72,16.9763326,4333,2021-06-28 15:21:54,52.5456077,215
464,240,21.040901,4400,2021-06-28 16:52:45,52.288673,1
465,132,20.9646547,4401,2021-06-28 16:52:47,52.2737472,09
466,126,21.028013,4402,2021-06-28 16:52:46,52.28767,2
467,120,21.061729,4403,2021-06-28 16:52:46,52.361839,5
468,166,21.0601356,4404,2021-06-28 16:52:47,52.1406442,3
469,156,20.9486927,4406,2021-06-28 16:52:46,52.2822932,2
470,122,20.9312916,4407,2021-06-28 16:52:47,52.2667366,010
471,134,21.0617347,4408,2021-06-28 16:52:46,52.3618222,05
472,106,21.0205542,4409,2021-06-28 16:52:47,52.2430621,1
473,199,21.1428485,4411,2021-06-28 16:52:46,52.2731299,3
474,173,21.084557,4413,2021-06-28 16:52:45,52.24979,2
475,106,20.987164,4415,2021-06-28 16:52:47,52.234047,2
476,106,21.016718,4416,2021-06-28 16:52:45,52.240383,07
477,170,21.0342847,4417,2021-06-28 16:52:46,52.2586154,2
478,106,20.966106,4418,2021-06-28 16:52:45,52.243248,3
479,120,21.0475257,4419,2021-06-28 16:52:46,52.2703191,7
480,901,21.021105,4420,2021-06-28 16:52:45,52.231464,4
481,126,20.975002,4421,2021-06-28 16:52:46,52.3174762,1
482,338,21.0375669,4422,2021-06-28 16:52:47,52.2522355,02
483,106,21.020494,4423,2021-06-28 16:52:45,52.243179,5
484,901,21.011131,4424,2021-06-28 16:52:47,52.230755,2
485,156,21.042994,4425,2021-06-28 16:52:45,52.274677,5
486,166,21.051085,4427,2021-06-28 16:52:47,52.159237,4
487,156,21.052088,4428,2021-06-28 16:52:48,52.253017,4
488,303,20.940117,4429,2021-06-28 16:52:47,52.281013,2
489,106,20.977636,4430,2021-06-28 16:52:47,52.232529,08
490,338,21.034796,4434,2021-06-28 16:52:48,52.255093,03
491,122,20.9267158,5200,2021-06-28 16:52:44,52.2636124,08
492,171,20.9358965,5201,2021-06-28 16:52:38,52.2398007,8
493,517,20.957412,5202,2021-06-28 16:52:37,52.2152472,09
494,523,20.967176,5203,2021-06-28 16:52:28,52.218243,020
495,401,20.902539,5204,2021-06-28 16:52:27,52.193943,013
496,105,20.8971083,5205,2021-06-28 16:52:39,52.2204685,5
497,131,21.0538642,5206,2021-06-28 16:52:43,52.195521,2
498,182,20.9744917,5207,2021-06-28 16:52:45,52.2186785,011
499,517,20.9072126,5208,2021-06-28 16:52:42,52.1925358,2
500,184,20.934881,5210,2021-06-28 16:52:29,52.272711,2
501,105,20.978311,5211,2021-06-28 16:52:46,52.229418,09
502,523,20.9191839,5212,2021-06-28 16:52:38,52.2398567,015
503,Z10,20.9129003,5213,2021-06-28 16:52:39,52.2396883,1
504,184,20.9292325,5214,2021-06-28 16:52:40,52.2907941,1
505,523,21.0425154,5215,2021-06-28 16:52:39,52.2241028,7
506,131,21.0153013,5216,2021-06-28 16:52:41,52.2188305,8
507,189,20.9220571,5217,2021-06-28 16:49:01,52.1957361,11
508,122,20.972941,5218,2021-06-28 16:52:47,52.264924,011
509,401,20.9945213,5219,2021-06-28 16:52:44,52.1797261,6
510,124,20.965016,5222,2021-06-28 16:52:24,52.15176,1
511,190,20.8975695,5223,2021-06-28 16:52:44,52.2277506,7
512,517,20.989924,5224,2021-06-28 16:52:38,52.2253544,4
513,523,20.9873336,5225,2021-06-28 16:52:42,52.2164092,6
514,401,20.9845649,5226,2021-06-28 16:52:39,52.1821959,4
515,189,20.8988436,5227,2021-06-28 16:52:42,52.2387388,024
516,124,20.9436241,5228,2021-06-28 16:52:40,52.1767917,2
517,131,21.0687891,5229,2021-06-28 16:52:38,52.1815248,5
518,523,20.962886,5230,2021-06-28 16:52:42,52.2171973,016
519,189,20.914542,5232,2021-06-28 16:52:38,52.2002685,7
520,148,21.0507481,5233,2021-06-28 16:52:46,52.1971323,011
521,105,20.95392,5234,2021-06-28 16:52:03,52.227596,011
522,105,20.9817532,5235,2021-06-28 16:52:42,52.2300223,3
523,517,20.8626002,5236,2021-06-28 16:52:37,52.1901881,1
524,171,20.925015,5237,2021-06-28 16:52:40,52.2724998,6
525,401,20.925973,5238,2021-06-28 16:52:33,52.1961432,7
526,182,21.049596,5239,2021-06-28 16:52:44,52.225466,9
527,184,20.9230554,5240,2021-06-28 16:52:45,52.2479604,3
528,187,21.0140706,5241,2021-06-28 16:52:40,52.2172552,8
529,190,21.0735939,5243,2021-06-28 16:52:46,52.2844374,011
530,189,20.914121,5244,2021-06-28 16:52:42,52.2088072,018
531,105,20.898879,5245,2021-06-28 16:52:44,52.238824,6
532,148,20.9781224,5246,2021-06-28 16:52:38,52.1693573,012
533,716,20.8315442,5247,2021-06-28 16:52:42,52.1930616,1
534,141,21.0373126,5248,2021-06-28 16:52:43,52.2020321,7
535,317,21.0192175,5249,2021-06-28 16:52:42,52.1733442,2
536,188,21.0059966,5250,2021-06-28 16:52:40,52.2173427,3
537,187,20.9625887,5251,2021-06-28 16:52:46,52.2165538,1
538,189,21.0687924,5253,2021-06-28 16:52:38,52.1813137,020
539,401,20.8618264,5254,2021-06-28 16:52:37,52.1904827,010
540,190,20.898958,5255,2021-06-28 16:52:35,52.238871,016
541,148,21.0418041,5256,2021-06-28 16:52:37,52.1709266,1
542,716,20.913576,5257,2021-06-28 16:52:30,52.209228,2
543,188,21.0840669,5258,2021-06-28 16:52:41,52.2468021,4
544,105,20.898334,5260,2021-06-28 16:52:40,52.239474,08
545,723,21.000816,5401,2021-06-28 16:52:46,52.291336,3
546,185,21.040855,5403,2021-06-28 16:52:47,52.146889,3
547,145,21.0574076,5404,2021-06-28 16:52:47,52.292314,4
548,269,21.0425564,5405,2021-06-28 16:52:47,52.2986494,05
549,509,21.027628,5406,2021-06-28 16:52:42,52.257744,13
550,120,21.038527,5407,2021-06-28 16:52:47,52.251358,2
551,527,21.048166,5408,2021-06-28 16:52:46,52.287498,054
552,E-9,20.9680099,5409,2021-06-28 16:52:45,52.2719957,01
553,731,20.939232,5410,2021-06-28 16:52:47,52.421181,1
554,723,20.946492,5412,2021-06-28 16:52:46,52.3493869,4
555,705,20.965033,5413,2021-06-28 16:52:47,52.271767,66
556,511,20.964224,5414,2021-06-28 16:52:31,52.332818,1
557,723,20.9157089,5416,2021-06-28 16:52:47,52.4106482,1
558,E-9,20.980595,5417,2021-06-28 16:52:46,52.280762,02
559,511,20.931627,5418,2021-06-28 16:52:46,52.294018,2
560,120,21.043625,5419,2021-06-28 16:52:45,52.276039,3
561,160,21.0029977,5420,2021-06-28 16:52:46,52.2295129,5
562,511,20.969442,5421,2021-06-28 16:52:47,52.324524,3
563,160,21.023491,5423,2021-06-28 16:52:47,52.249928,012
564,511,20.942614,5424,2021-06-28 16:52:46,52.348606,06
565,116,21.017649,5425,2021-06-28 16:52:46,52.237762,14
566,116,21.0837849,5426,2021-06-28 16:52:47,52.1660491,11
567,527,21.046808,5428,2021-06-28 16:52:46,52.274395,1
568,731,20.926477,5429,2021-06-28 16:52:45,52.385918,2
569,145,21.1255121,5430,2021-06-28 16:52:38,52.2348956,11
570,160,20.9945542,5432,2021-06-28 16:52:47,52.2422947,7
571,414,20.965969,5434,2021-06-28 16:52:47,52.21476,08
572,527,21.059553,5436,2021-06-28 16:52:47,52.316551,3
573,705,21.0284604,5437,2021-06-28 16:52:46,52.343756,1
574,731,20.9839804,5438,2021-06-28 16:52:47,52.3072112,4
575,738,21.082182,5439,2021-06-28 16:52:44,52.295425,2
576,705,20.967205,5441,2021-06-28 16:52:46,52.273106,64
577,160,21.0571904,5443,2021-06-28 16:52:47,52.3230734,2
578,E-9,20.9656,5444,2021-06-28 16:52:47,52.2714359,04
579,705,21.048461,5445,2021-06-28 03:52:31,52.264575,65
580,735,21.031147,5446,2021-06-28 16:52:44,52.427994,62
581,114,21.018272,5447,2021-06-28 16:52:48,52.291096,08
582,705,21.09509,5448,2021-06-28 16:52:47,52.4791354,63
583,160,21.058731,5449,2021-06-28 16:52:46,52.301117,3
584,511,20.9424142,5453,2021-06-28 16:52:47,52.3485136,4
585,160,21.054733,5454,2021-06-28 16:52:47,52.296394,09
586,169,21.042658,5455,2021-06-28 16:52:47,52.272545,4
587,269,21.0493439,5457,2021-06-28 16:52:47,52.2763972,04
588,180,21.013922,5459,2021-06-28 16:52:46,52.244972,016
589,735,21.032499,5460,2021-06-28 16:52:47,52.426357,65
590,175,20.99276,5870,2021-06-28 16:52:47,52.225948,53
591,128,20.9634,5871,2021-06-28 16:52:44,52.2078,59
592,503,21.034985,5873,2021-06-28 16:52:48,52.167679,1
593,128,20.97492,5874,2021-06-28 16:52:45,52.204777,58
594,138,21.088562,5875,2021-06-28 16:52:43,52.261555,011
595,331,21.017244,5876,2021-06-28 16:52:44,52.159504,01
596,180,21.0838826,5877,2021-06-28 16:52:45,52.1679207,017
597,709,21.017239,5878,2021-06-28 16:52:45,52.160259,013
598,128,20.963699,5880,2021-06-28 16:52:47,52.207653,070
599,128,21.021124,5882,2021-06-28 16:52:47,52.231747,56
600,180,21.083828,5883,2021-06-28 16:52:47,52.168205,10
601,503,21.002306,5885,2021-06-28 16:52:46,52.2547,5
602,180,21.019239,5886,2021-06-28 16:52:47,52.233711,13
603,175,21.019321,5887,2021-06-28 16:52:43,52.231407,074
604,128,20.995398,5888,2021-06-28 16:52:45,52.226219,069
605,180,21.053072,5889,2021-06-28 16:52:45,52.196522,8
606,128,21.01292,5890,2021-06-28 16:52:43,52.243206,62
607,180,21.024242,5891,2021-06-28 16:52:46,52.223557,7
608,504,20.98782,5892,2021-06-28 16:52:45,52.210625,010
609,503,21.019361,5893,2021-06-28 16:52:44,52.233433,3
610,175,20.978231,5894,2021-06-28 16:52:46,52.169434,066
611,503,21.0502,5895,2021-06-28 16:52:44,52.144707,12
612,503,21.034849,5897,2021-06-28 16:52:42,52.202118,2
613,128,20.989765,5898,2021-06-28 16:52:48,52.222431,071
614,175,20.977991,5899,2021-06-28 16:52:44,52.16946,51
615,158,20.949362,5900,2021-06-28 16:52:48,52.211594,5
616,175,20.979822,5902,2021-06-28 16:52:42,52.18718,52
617,158,21.084549,5903,2021-06-28 16:52:44,52.236145,8
618,503,21.035637,5905,2021-06-28 16:52:46,52.201672,8
619,175,20.990173,5906,2021-06-28 16:52:43,52.22287,63
620,503,21.022467,5907,2021-06-28 16:52:46,52.229549,7
621,175,21.012802,5908,2021-06-28 16:52:45,52.243179,068
622,175,20.986094,5909,2021-06-28 16:52:46,52.2057,067
623,128,21.0127,5910,2021-06-28 16:52:46,52.2429,073
624,111,20.994415,5911,2021-06-28 16:52:47,52.24884,4
625,116,21.056305,5913,2021-06-28 16:52:44,52.181122,12
626,175,21.018295,5915,2021-06-28 16:52:47,52.235786,54
627,128,21.020298,5918,2021-06-28 16:52:40,52.231968,60
628,158,21.117651,5920,2021-06-28 16:52:46,52.233757, 
629,116,20.997671,5921,2021-06-28 16:52:44,52.25383,15
630,175,21.1163987,5923,2021-06-28 10:17:16,52.2339737,072
631,116,20.926243,5924,2021-06-28 16:52:46,52.280655,17
632,116,20.926659,5926,2021-06-28 16:52:46,52.280563,3
633,158,21.014553,5927,2021-06-28 16:52:46,52.230568,7
634,116,20.993109,5928,2021-06-28 16:52:47,52.261753,5
635,128,20.988413,5929,2021-06-28 16:52:47,52.210934,57
636,158,21.112856,5930,2021-06-28 16:52:48,52.236298,9
637,158,21.015802,5931,2021-06-28 16:52:47,52.230572,3
638,116,21.015932,5932,2021-06-28 16:52:43,52.241352,6
639,111,21.0178,5933,2021-06-28 16:52:47,52.2374,2
640,158,20.969868,5934,2021-06-28 16:52:44,52.219189,4
641,503,21.049942,5935,2021-06-28 16:52:46,52.144608,11
642,503,21.049742,5936,2021-06-28 16:52:45,52.154663,10
643,111,21.094702,5937,2021-06-28 16:52:46,52.227333,10
644,158,21.086851,5939,2021-06-28 16:52:45,52.23698,2
645,128,20.98003,5942,2021-06-28 16:52:47,52.201775,072
646,111,21.0626,5943,2021-06-28 16:52:45,52.2326,7
647,111,21.063482,5944,2021-06-28 16:52:47,52.227924,013
648,158,20.965347,5945,2021-06-28 16:52:44,52.217857,6
649,111,21.099743,5946,2021-06-28 16:52:46,52.226406,8
650,111,21.005108,5947,2021-06-28 16:52:44,52.242947,5
651,503,21.002651,5948,2021-06-28 16:52:45,52.251469,013
652,503,20.999916,5950,2021-06-28 16:52:43,52.253834,4
653,180,20.924976,5951,2021-06-28 16:52:46,52.272385,2
654,518,20.982307,5952,2021-06-28 16:52:48,52.269718,7
655,160,21.0602,5954,2021-06-28 16:52:45,52.311668,010
656,160,20.99795,5956,2021-06-28 16:52:44,52.234474,013
657,111,20.979441,5958,2021-06-28 16:52:46,52.244404,011
658,160,21.054031,5959,2021-06-28 16:52:44,52.263218,08
659,111,20.998159,5960,2021-06-28 16:52:45,52.249241,3
660,190,21.049021,5961,2021-06-28 16:52:41,52.260998,024
661,116,21.039141,5962,2021-06-28 16:52:48,52.197414,13
662,111,21.053547,5963,2021-06-28 16:52:44,52.238377,1
663,518,20.942083,5964,2021-06-28 16:52:47,52.334373,3
664,518,21.023523,5965,2021-06-28 16:52:48,52.228271,08
665,518,20.942091,5966,2021-06-28 16:52:46,52.334541,2
666,160,21.055655,5967,2021-06-28 16:52:47,52.275291,011
667,180,21.053944,5970,2021-06-28 16:52:43,52.19503,11
668,518,20.971327,5972,2021-06-28 16:52:46,52.320766,1
669,E-9,21.066771,5973,2021-06-28 16:52:44,52.319656,03
670,518,20.964319,5975,2021-06-28 16:52:48,52.31813,4
671,180,20.985546,5976,2021-06-28 16:52:46,52.246422,6
672,503,21.043537,5978,2021-06-28 16:52:48,52.17268,9
673,503,21.002544,5979,2021-06-28 16:52:47,52.254799,6
674,111,21.020485,5980,2021-06-28 16:52:45,52.232094,6
675,705,21.07151,5981,2021-06-28 16:52:48,52.453915,07
676,111,21.102203,5982,2021-06-28 16:52:47,52.222153,9
677,175,20.979584,5983,2021-06-28 16:52:43,52.174625,65
678,180,20.940166,5984,2021-06-28 16:52:47,52.269939,4
679,180,21.00885,5985,2021-06-28 16:52:44,52.247581,14
680,180,21.048571,5986,2021-06-28 16:52:46,52.20578,12
681,180,21.077967,5987,2021-06-28 16:52:46,52.175129,9
682,180,20.989801,5988,2021-06-28 16:52:47,52.247627,1
683,116,20.92491,5989,2021-06-28 16:52:46,52.272316,1
684,705,21.029507,5990,2021-06-28 16:52:48,52.335289,08
685,116,20.924734,5991,2021-06-28 16:52:47,52.272408,2
686,518,21.018105,5994,2021-06-28 16:52:42,52.236706,6
687,116,21.022537,5995,2021-06-28 16:52:48,52.229534,7
688,116,20.948795,5996,2021-06-28 16:52:47,52.276814,16
689,116,21.0840479,5997,2021-06-28 16:52:47,52.1680386,10
690,518,20.975739,5998,2021-06-28 16:52:47,52.271175,5
691,116,21.058737,5999,2021-06-28 16:52:47,52.179222,8
692,184,20.953552,6200,2021-06-28 16:52:41,52.227539,7
693,112,20.938921,6201,2021-06-28 16:52:47,52.277817,11
694,187,21.060938,6203,2021-06-28 16:52:47,52.189564,9
695,167,21.00688,6204,2021-06-28 16:52:48,52.211975,013
696,728,20.937113,6207,2021-06-28 16:52:47,52.170124,02
697,Z10,20.895771,6208,2021-06-28 16:52:44,52.213024,7
698,703,20.8694912,6209,2021-06-28 16:52:47,52.1183627,91
699,414,20.961376,6210,2021-06-28 16:52:41,52.216394,04
700,713,20.892607,6212,2021-06-28 16:52:46,52.216606,3
701,414,21.018585,6213,2021-06-28 16:52:46,52.290607,03
702,184,20.970831,6214,2021-06-28 16:52:44,52.216351,5
703,191,20.9641334,6215,2021-06-28 16:52:47,52.2154767,6
704,105,20.898785,6216,2021-06-28 16:52:45,52.238781,7
705,167,20.967464,6217,2021-06-28 16:52:47,52.214329,1
706,105,20.8963507,6218,2021-06-28 16:52:45,52.2375282,010
707,136,20.999048,6220,2021-06-28 16:52:45,52.183361,4
708,189,21.068727,6221,2021-06-28 16:52:46,52.181446,13
709,187,20.915892,6222,2021-06-28 16:52:47,52.199352,5
710,105,20.92944,6223,2021-06-28 16:52:46,52.223141,4
711,517,20.889957,6224,2021-06-28 16:52:45,52.190079,6
712,717,20.8497857,6225,2021-06-28 16:52:47,52.1739662,2
713,716,20.916475,6226,2021-06-28 16:52:47,52.219505,3
714,188,20.973265,6227,2021-06-28 16:52:47,52.170559,1
715,190,20.964832,6228,2021-06-28 16:52:47,52.237164,3
716,187,20.96183,6229,2021-06-28 16:52:44,52.216854,6
717,706,20.942953,6231,2021-06-28 16:52:47,52.175652,03
718,190,21.015207,6232,2021-06-28 16:52:47,52.246811,9
719,191,20.914284,6233,2021-06-28 16:52:46,52.2000299,4
720,414,21.026196,6234,2021-06-28 16:52:46,52.287132,02
721,112,20.911928,6236,2021-06-28 16:52:46,52.251148,10
722,114,20.9271319,6237,2021-06-28 16:52:47,52.3090129,4
723,728,20.8675817,6239,2021-06-28 16:52:47,52.034862,1
724,414,20.976052,6240,2021-06-28 16:52:47,52.2785391,01
725,517,20.9286439,6241,2021-06-28 16:52:45,52.1956729,5
726,182,20.9648932,6242,2021-06-28 16:52:47,52.2180554,7
727,706,20.930731,6243,2021-06-28 16:52:44,52.163822,2
728,L29,20.462595,65471,2021-06-28 16:52:34,52.267754,1
729,L-7,20.806578,66523,2021-06-28 16:52:48,52.273808,2
730,L-6,20.854882,66524,2021-06-28 16:52:44,52.262228,02
731,L-6,20.802649,66525,2021-06-28 16:52:44,52.277267,1
732,190,21.062826,7200,2021-06-28 16:52:46,52.271885,10
733,189,20.899061,7201,2021-06-28 16:52:47,52.23872,6
734,112,20.914062,7202,2021-06-28 16:52:46,52.236,019
735,141,20.953415,7203,2021-06-28 16:52:46,52.184734,4
736,317,20.9956662,7204,2021-06-28 16:52:47,52.1760052,07
737,131,21.030411,7205,2021-06-28 16:52:46,52.20676,011
738,523,21.07564,7206,2021-06-28 16:52:46,52.233139,10
739,189,20.987108,7207,2021-06-28 16:52:46,52.181671,019
740,414,20.9752602,7208,2021-06-28 16:52:47,52.2116704,06
741,721,20.829784,7212,2021-06-28 16:52:47,52.055035,02
742,112,20.93289,7213,2021-06-28 16:52:44,52.268841,5
743,191,20.873285,7214,2021-06-28 16:52:47,52.18766,2
744,112,20.8801724,7215,2021-06-28 16:52:46,52.2161565,8
745,713,20.8020254,7216,2021-06-28 16:52:45,52.2101802,2
746,189,20.998425,7219,2021-06-28 16:52:46,52.17963,022
747,187,21.014175,7222,2021-06-28 16:52:46,52.216892,12
748,122,20.922958,7223,2021-06-28 16:52:47,52.255798,2
749,721,20.9291412,7225,2021-06-28 16:52:47,52.1623674,1
750,706,20.8986492,7226,2021-06-28 16:52:46,52.1343214,1
751,114,20.948503,7227,2021-06-28 16:52:47,52.270878,3
752,114,21.041714,7228,2021-06-28 16:52:47,52.300247,1
753,112,21.085005,7229,2021-06-28 16:52:46,52.304771,014
754,517,20.9849354,7230,2021-06-28 16:52:46,52.2188987,08
755,713,20.800011,7231,2021-06-28 16:52:46,52.210339,04
756,717,20.900049,7232,2021-06-28 16:52:46,52.184567,1
757,189,20.896999,7233,2021-06-28 16:52:46,52.228077,3
758,713,20.8977205,7234,2021-06-28 16:52:46,52.2163532,1
759,187,21.048254,7235,2021-06-28 16:52:47,52.178192,10
760,184,20.964046,7237,2021-06-28 16:52:46,52.208069,6
761,141,20.944311,7238,2021-06-28 16:52:45,52.175465,5
762,189,20.9571854,7239,2021-06-28 16:52:46,52.1903447,16
763,184,20.939638,7240,2021-06-28 16:52:47,52.2799509,8
764,317,21.018858,7241,2021-06-28 16:52:45,52.173565,5
765,141,21.046185,7242,2021-06-28 16:52:45,52.215794,1
766,523,21.085541,7243,2021-06-28 16:52:47,52.250259,9
767,401,20.9115345,7244,2021-06-28 16:52:47,52.1968844,3
768,187,20.97377,7245,2021-06-28 16:52:47,52.218887,7
769,190,20.946901,7247,2021-06-28 16:52:45,52.238964,017
770,188,21.085167,7248,2021-06-28 16:52:47,52.244495,5
771,171,21.030432,7249,2021-06-28 16:52:46,52.230183,3
772,317,20.945106,7250,2021-06-28 16:52:47,52.1753612,3
773,105,20.921553,7251,2021-06-28 16:52:42,52.221456,2
774,167,21.0814147,7252,2021-06-28 16:52:46,52.2085457,4
775,122,20.9102859,7254,2021-06-28 16:52:46,52.2537605,1
776,191,20.9838629,7256,2021-06-28 16:52:46,52.2181462,8
777,190,21.0021432,7257,2021-06-28 16:52:46,52.2446397,012
778,187,21.055605,7258,2021-06-28 16:52:46,52.193542,11
779,189,20.995499,7259,2021-06-28 16:52:46,52.179546,15
780,125,21.196526,7301,2021-06-28 16:52:46,52.208355,08
781,507,21.023384,7303,2021-06-28 16:52:47,52.232208,5
782,188,21.1290444,7304,2021-06-28 16:52:47,52.2400775,07
783,138,21.1005397,7305,2021-06-28 16:52:47,52.2606279,4
784,151,21.0826014,7306,2021-06-28 16:52:47,52.2357839,04
785,509,21.0211929,7307,2021-06-28 16:52:46,52.2643019,7
786,138,21.0019416,7308,2021-06-28 16:52:46,52.1826949,1
787,188,20.978292,7310,2021-06-28 16:52:45,52.169502,2
788,182,21.001625,7312,2021-06-28 16:52:47,52.216946,5
789,E-1,21.0917379,7314,2021-06-28 16:52:46,52.2250552,01
790,143,21.0065254,7315,2021-06-28 16:52:46,52.2170749,7
791,188,20.982536,7316,2021-06-28 16:52:47,52.195045,08
792,402,21.039186,7317,2021-06-28 16:52:47,52.172466,3
793,182,21.0743655,7318,2021-06-28 16:52:47,52.2323231,4
794,182,21.1003012,7319,2021-06-28 16:52:47,52.2381226,3
795,411,21.015343,7320,2021-06-28 16:52:47,52.219196,01
796,182,20.9632232,7322,2021-06-28 16:52:47,52.2173332,8
797,E-1,21.0445017,7323,2021-06-28 16:52:46,52.2467724,02
798,138,21.03833,7325,2021-06-28 16:52:47,52.252594,3
799,141,20.992062,7326,2021-06-28 16:52:46,52.19706,6
800,E-1,21.0677274,7327,2021-06-28 16:52:46,52.2314159,03
801,182,21.0975739,7328,2021-06-28 16:52:47,52.235149,1
802,523,21.0841129,7329,2021-06-28 16:52:46,52.2434015,017
803,171,20.9171016,7330,2021-06-28 16:52:47,52.2394555,5
804,162,21.0352544,7331,2021-06-28 16:52:47,52.2559874,013
805,141,21.0445522,7333,2021-06-28 16:52:43,52.2217009,8
806,116,21.0410439,7334,2021-06-28 16:52:46,52.1960542,69
807,110,20.882359,742,2021-06-28 16:52:41,52.31583,1
808,750,20.924665,744,2021-06-28 16:52:49,52.311314,05
809,750,20.783176,745,2021-06-28 16:52:44,52.380463,07
810,250,20.882849,746,2021-06-28 16:49:53,52.311424,1
811,850,20.902519,749,2021-06-28 16:52:44,52.331116,2
812,150,20.929539,750,2021-06-28 16:52:41,52.290756,1
813,750,20.817553,755,2021-06-28 16:52:45,52.35183,2
814,110,20.968548,757,2021-06-28 16:52:46,52.27216,3
815,150,20.847998,758,2021-06-28 16:52:46,52.342934,2
816,750,20.93115,761,2021-06-28 16:52:42,52.293449,4
817,750,20.890379,762,2021-06-28 16:52:44,52.339859,1
818,850,20.738337,763,2021-06-28 16:52:42,52.38797,1
819,151,21.1069015,7701,2021-06-28 16:52:48,52.2296567,1
820,411,21.0727603,7702,2021-06-28 16:52:45,52.2251821,04
821,402,21.084055,7703,2021-06-28 16:52:47,52.2074691,7
822,151,21.0050029,7704,2021-06-28 16:52:48,52.2230019,05
823,150,20.908778,772,2021-06-28 16:52:46,52.325241,04
824,150,20.847110333,773,2021-06-28 16:52:47,52.341236833,05
825,150,20.897787,774,2021-06-28 16:52:47,52.335365,3
826,250,20.868599,775,2021-06-28 16:52:42,52.33287,3
827,250,20.931694,776,2021-06-28 16:52:47,52.287422,2
828,750,20.8612609,777,2021-06-28 16:52:48,52.3582562,3
829,167,21.0478275,8100,2021-06-28 16:52:37,52.2104595,6
830,143,21.0842356,8103,2021-06-28 16:52:45,52.2436851,011
831,167,20.9842571,8108,2021-06-28 16:52:41,52.2161188,8
832,217,21.0472483,8109,2021-06-28 16:52:42,52.174546,2
833,174,21.011796,8110,2021-06-28 16:52:47,52.199851,010
834,136,21.0391128,8112,2021-06-28 16:52:41,52.1496416,014
835,709,21.0154201,8115,2021-06-28 16:52:43,52.074399,8
836,174,21.0011185,8119,2021-06-28 16:52:38,52.2284581,6
837,136,21.0558655,8120,2021-06-28 16:52:45,52.1474953,7
838,143,21.121871,8121,2021-06-28 16:52:43,52.236498,09
839,504,21.0049118,8123,2021-06-28 16:52:46,52.2295306,3
840,165,21.0241255,8124,2021-06-28 16:52:44,52.1797945,4
841,727,21.0244945,8125,2021-06-28 16:52:39,52.1799035,3
842,709,21.0178116,8126,2021-06-28 16:52:39,52.1496038,014
843,402,21.0007166,8130,2021-06-28 16:52:32,52.1785466,5
844,136,20.9581435,8131,2021-06-28 16:52:38,52.2246078,012
845,148,21.045596,8133,2021-06-28 16:52:48,52.1499665,5
846,402,21.141413,8134,2021-06-28 16:52:37,52.23704,9
847,167,20.9428056,8135,2021-06-28 16:52:42,52.2266286,9
848,162,21.0274663,8136,2021-06-28 16:52:41,52.2595443,08
849,162,21.0368365,8137,2021-06-28 16:52:24,52.2441506,011
850,162,21.0345556,8138,2021-06-28 16:52:37,52.2249945,7
851,136,20.979416,8139,2021-06-28 16:52:40,52.210683,016
852,168,20.9955023,8140,2021-06-28 16:52:39,52.1907843,4
853,504,20.9839391,8143,2021-06-28 16:52:42,52.1979526,011
854,504,21.0041671,8144,2021-06-28 16:52:45,52.2300733,4
855,709,21.0187516,8145,2021-06-28 16:52:48,52.106051,011
856,727,21.0256193,8146,2021-06-28 16:52:40,52.0778568,2
857,148,21.046248,8148,2021-06-28 16:52:35,52.177426,6
858,709,21.018463,8152,2021-06-28 16:52:37,52.105196,1
859,217,21.0240971,8153,2021-06-28 16:52:43,52.1796111,1
860,136,21.0212546,8154,2021-06-28 16:52:36,52.157365,8
861,131,21.0036066,8155,2021-06-28 16:52:44,52.2292846,9
862,709,21.018028,8156,2021-06-28 16:52:38,52.1372726,6
863,308,20.988702,8158,2021-06-28 16:52:35,52.1842331,01
864,136,21.024921,8160,2021-06-28 16:52:43,52.161901,5
865,504,21.000397,8162,2021-06-28 16:52:39,52.1784335,1
866,331,20.9798138,8164,2021-06-28 16:52:41,52.1726358,05
867,331,21.0161183,8165,2021-06-28 16:52:37,52.1531296,03
868,709,21.0128655,8166,2021-06-28 16:52:29,52.0741881,9
869,148,20.9864201,8167,2021-06-28 16:52:44,52.1573758,4
870,218,21.0248136,8168,2021-06-28 16:52:45,52.190858,3
871,504,20.9900208,8169,2021-06-28 16:52:45,52.2160295,5
872,131,21.0039365,8170,2021-06-28 16:52:43,52.229548,1
873,167,20.9636195,8172,2021-06-28 16:52:37,52.215543,010
874,143,21.00674,8173,2021-06-28 16:52:30,52.216988,010
875,218,21.023531,8174,2021-06-28 16:52:36,52.179916,1
876,727,21.0190351,8175,2021-06-28 16:52:42,52.0974851,4
877,709,21.0236503,8176,2021-06-28 16:52:41,52.1791438,3
878,143,21.0804628,8177,2021-06-28 16:52:40,52.2377281,5
879,138,21.0060801,8178,2021-06-28 16:52:39,52.202404,7
880,709,21.0203518,8181,2021-06-28 16:52:38,52.0863876,7
881,136,20.966904,8182,2021-06-28 16:52:42,52.2146165,2
882,218,21.001173,8183,2021-06-28 16:52:44,52.188876,4
883,131,21.054222,8184,2021-06-28 16:52:37,52.1947763,6
884,143,21.0070016,8185,2021-06-28 16:52:37,52.2174411,8
885,217,21.0411643,8187,2021-06-28 16:52:45,52.1758275,4
886,185,20.985816,8188,2021-06-28 16:52:34,52.269628,9
887,504,21.0658653,8189,2021-06-28 16:52:42,52.1312563,7
888,709,21.0235721,8190,2021-06-28 16:52:39,52.180113,5
889,131,21.0193071,8192,2021-06-28 16:52:42,52.2123226,4
890,504,20.9839205,8195,2021-06-28 16:52:38,52.1991911,2
891,504,21.017475,8196,2021-06-28 16:52:45,52.1542265,013
892,218,20.9893871,8197,2021-06-28 16:52:41,52.1831193,2
893,331,21.0216605,8198,2021-06-28 16:52:44,52.1774628,02
894,174,20.9955806,8199,2021-06-28 16:52:46,52.170126,4
895,402,20.993533,8201,2021-06-28 16:52:34,52.178903,4
896,151,21.115749,8202,2021-06-28 10:44:07,52.233741,05
897,151,21.1175305,8204,2021-06-28 10:20:01,52.2338373,06
898,151,21.063361,8208,2021-06-28 16:52:45,52.228551,2
899,521,21.2048241,8214,2021-06-28 16:52:40,52.1593426,1
900,125,21.1925655,8216,2021-06-28 16:52:41,52.207456,2
901,182,21.037743,8218,2021-06-28 16:52:41,52.2223521,013
902,509,21.014956,8220,2021-06-28 16:52:42,52.27378,023
903,182,21.112448,8222,2021-06-28 16:52:29,52.2365646,2
904,509,21.0523133,8223,2021-06-28 16:52:43,52.238532,024
905,151,21.013801,8225,2021-06-28 16:52:37,52.217269,06
906,509,20.954463,8228,2021-06-28 16:52:39,52.317509,10
907,521,21.158798,8229,2021-06-28 16:52:41,52.213803,2
908,523,21.006241,8231,2021-06-28 16:52:31,52.217246,021
909,162,21.0347265,8233,2021-06-28 16:52:44,52.2449755,014
910,145,21.1228293,8300,2021-06-28 16:52:42,52.2362053,2
911,145,21.0824895,8301,2021-06-28 16:52:31,52.286633,9
912,509,21.102276,8303,2021-06-28 16:52:39,52.2219078,3
913,171,20.919415,8304,2021-06-28 16:52:47,52.2634396,010
914,509,21.116975,8305,2021-06-28 09:25:27,52.233583,022
915,117,21.0256675,8306,2021-06-28 16:52:28,52.2328185,3
916,116,20.9710096,8309,2021-06-28 16:52:42,52.2722003,4
917,141,21.024038,8310,2021-06-28 16:52:43,52.198458,2
918,168,21.0791633,8311,2021-06-28 16:52:40,52.2045885,3
919,151,21.0866258,8312,2021-06-28 16:52:46,52.2359806,3
920,720,21.2317313,8313,2021-06-28 16:52:36,52.2233166,02
921,162,21.0317241,8314,2021-06-28 16:52:32,52.2468505,2
922,117,21.067764,8315,2021-06-28 16:52:43,52.225769,06
923,521,20.9639388,8318,2021-06-28 16:52:34,52.207825,4
924,185,21.0240756,8319,2021-06-28 16:52:40,52.2448715,11
925,151,21.116836,8320,2021-06-28 09:58:49,52.233566,04
926,162,21.08501,8322,2021-06-28 16:52:36,52.193356,5
927,509,20.9633861,8323,2021-06-28 16:52:49,52.3176516,9
928,148,21.0979183,8324,2021-06-28 16:52:47,52.2357581,7
929,523,21.117114,8325,2021-06-28 09:13:38,52.233506,019
930,143,21.1076935,8326,2021-06-28 16:52:40,52.2412446,1
931,145,21.087991,8328,2021-06-28 16:52:43,52.244734,1
932,507,21.0609126,8329,2021-06-28 16:52:38,52.2321805,08
933,148,21.0420106,8330,2021-06-28 16:52:43,52.1475856,2
934,145,21.000556,8332,2021-06-28 16:52:32,52.291483,7
935,523,20.9565715,8333,2021-06-28 16:52:38,52.2293278,12
936,148,21.0126898,8334,2021-06-28 16:52:43,52.153822,3
937,145,21.1150933,8335,2021-06-28 16:52:38,52.2778625,014
938,143,21.1425391,8337,2021-06-28 16:52:35,52.25932,2
939,125,21.120011,8340,2021-06-28 16:52:40,52.2372573,4
940,523,20.9747516,8341,2021-06-28 16:52:44,52.2185388,5
941,507,21.1028633,8342,2021-06-28 16:52:34,52.2221483,1
942,171,21.010574,8343,2021-06-28 16:52:31,52.231924,09
943,502,21.217526,8344,2021-06-28 16:52:29,52.214358,1
944,507,21.1016733,8345,2021-06-28 16:52:33,52.2222933,3
945,145,21.117805,8348,2021-06-28 16:52:37,52.27331,3
946,507,21.005333,8349,2021-06-28 16:52:31,52.22941,6
947,145,21.088151,8350,2021-06-28 16:52:37,52.244721,012
948,507,21.06301,8351,2021-06-28 16:52:46,52.2285517,4
949,502,21.014815,8352,2021-06-28 16:52:27,52.218595,4
950,523,20.897971,8353,2021-06-28 16:52:31,52.259051,2
951,502,21.2431017,8354,2021-06-28 16:52:44,52.2207617,011
952,523,21.104993,8356,2021-06-28 16:52:43,52.246386,8
953,514,21.080529,8358,2021-06-28 16:52:33,52.235526,3
954,523,20.9495467,8359,2021-06-28 16:52:39,52.2386567,3
955,507,21.017755,8360,2021-06-28 16:52:33,52.2312883,7
956,202,21.1048683,8361,2021-06-28 16:52:35,52.2463,1
957,502,21.134709,8362,2021-06-28 16:52:44,52.230838,2
958,188,20.9839733,8363,2021-06-28 16:52:44,52.1981533,6
959,138,21.047515,8364,2021-06-28 16:52:28,52.246794,6
960,514,21.135024,8365,2021-06-28 16:52:45,52.241419,1
961,523,20.960281,8366,2021-06-28 16:52:46,52.218016,4
962,502,21.125713,8368,2021-06-28 16:52:40,52.233548,5
963,145,21.0191833,8398,2021-06-28 16:52:46,52.2903783,013
964,402,21.156123,8403,2021-06-28 16:52:31,52.240349,011
965,521,21.0872985,8408,2021-06-28 16:52:40,52.2449421,07
966,143,21.1783503,8410,2021-06-28 16:52:42,52.2617311,012
967,523,20.9215246,8414,2021-06-28 16:52:42,52.2400623,13
968,148,21.051561,8417,2021-06-28 16:52:41,52.1968035,9
969,148,21.101101,8430,2021-06-28 16:52:40,52.242541,010
970,162,21.0476176,8437,2021-06-28 16:52:43,52.2100656,012
971,125,21.1603565,8438,2021-06-28 16:52:27,52.2259696,1
972,162,21.038028,8440,2021-06-28 16:52:37,52.21696,015
973,145,21.0002362,8441,2021-06-28 16:52:47,52.2913784,6
974,269,21.0416704,8442,2021-06-28 16:52:47,52.3004316,01
975,723,20.9611784,8443,2021-06-28 16:52:47,52.3355932,2
976,114,20.932955,8445,2021-06-28 16:52:46,52.271164,5
977,120,21.065664,8446,2021-06-28 16:52:46,52.312519,6
978,731,20.979479,8447,2021-06-28 16:52:44,52.31123,3
979,160,21.0433706,8448,2021-06-28 16:52:48,52.2772717,1
980,132,21.0554981,8449,2021-06-28 16:52:47,52.3247369,04
981,412,21.065407,8450,2021-06-28 16:52:47,52.312359,052
982,112,20.914946,8451,2021-06-28 16:52:46,52.234127,6
983,527,21.048468,8452,2021-06-28 16:52:47,52.288815,06
984,160,21.0024877,8453,2021-06-28 16:52:46,52.2295994,014
985,160,21.0570851,8454,2021-06-28 16:52:41,52.2702294,4
986,160,21.0022004,8455,2021-06-28 16:52:47,52.2293122,6
987,132,20.967155,8457,2021-06-28 16:52:44,52.273174,08
988,527,21.0684205,8458,2021-06-28 16:52:47,52.3233819,055
989,Z26,21.00209,8459,2021-06-28 16:52:46,52.244877,3
990,412,21.0592771,8460,2021-06-28 16:52:41,52.2672162,053
991,120,21.0651652,8461,2021-06-28 16:52:47,52.3246217,4
992,414,20.9488352,8462,2021-06-28 16:52:46,52.2561102,05
993,511,20.9352089,8463,2021-06-28 16:52:46,52.2985489,05
994,509,21.1002617,8465,2021-06-28 16:52:47,52.2262454,2
995,136,20.988061,8500,2021-06-28 16:52:42,52.18923,3
996,501,21.025345,8501,2021-06-28 16:52:45,52.210141,06
997,138,20.9954083,8502,2021-06-28 16:52:41,52.1702433,9
998,189,20.899119,8503,2021-06-28 16:52:43,52.238651,5
999,522,21.080105,8504,2021-06-28 16:52:45,52.1576267,4
1000,401,20.8663133,8505,2021-06-28 16:52:48,52.19674,2
1001,131,21.069056,8506,2021-06-28 16:52:45,52.181361,7
1002,501,21.0396683,8507,2021-06-28 16:52:47,52.1968917,4
1003,138,21.055151,8508,2021-06-28 16:52:33,52.232803,2
1004,189,20.936165,8509,2021-06-28 16:52:44,52.19434,1
1005,501,21.002468,8510,2021-06-28 16:52:36,52.228931,1
1006,189,20.915823,8511,2021-06-28 16:52:42,52.205373,027
1007,Z26,21.034366,8512,2021-06-28 16:52:32,52.255483,4
1008,186,20.941381,8513,2021-06-28 16:52:35,52.332051,013
1009,733,20.808766,8514,2021-06-28 16:52:35,52.093609,01
1010,Z26,20.975429,8515,2021-06-28 16:52:26,52.237791,7
1011,522,21.01593,8516,2021-06-28 16:52:43,52.215899,2
1012,141,21.089131,8517,2021-06-28 16:52:32,52.244886,10
1013,519,21.0663833,8519,2021-06-28 16:52:36,52.1715533,7
1014,519,21.015735,8520,2021-06-28 16:52:45,52.2164467,1
1015,186,20.976973,8522,2021-06-28 16:52:32,52.205771,10
1016,733,20.771795,8523,2021-06-28 16:52:38,52.0770333,62
1017,522,21.035869,8525,2021-06-28 16:52:43,52.201365,011
1018,172,21.002694,8526,2021-06-28 16:52:44,52.195571,63
1019,172,21.061213,8528,2021-06-28 16:52:37,52.185131,5
1020,308,21.0171583,8530,2021-06-28 16:52:38,52.1892383,02
1021,172,20.9604667,8532,2021-06-28 16:52:44,52.2164567,1
1022,Z26,20.9745033,8533,2021-06-28 16:52:33,52.2355483,2
1023,138,21.094915,8534,2021-06-28 16:52:33,52.26543,5
1024,522,21.002508,8535,2021-06-28 16:52:34,52.229328,1
1025,172,21.0467983,8536,2021-06-28 16:52:40,52.1901017,6
1026,522,21.078536,8537,2021-06-28 16:52:36,52.157206,5
1027,709,21.023956,8539,2021-06-28 16:52:38,52.180043,4
1028,172,20.9761433,8540,2021-06-28 16:52:38,52.2048033,8
1029,185,21.033954,8541,2021-06-28 16:52:39,52.167319,6
1030,172,20.952988,8543,2021-06-28 16:52:41,52.212215,9
1031,519,21.0220517,8544,2021-06-28 16:52:33,52.211,4
1032,522,21.070125,8546,2021-06-28 16:52:40,52.164335,012
1033,522,21.054508,8547,2021-06-28 16:52:46,52.182968,6
1034,402,21.117415,8548,2021-06-28 16:52:37,52.230395,010
1035,186,20.963785,8549,2021-06-28 16:52:36,52.2077683,015
1036,186,20.9748033,8550,2021-06-28 16:52:48,52.3177267,016
1037,709,21.018983,8551,2021-06-28 16:52:28,52.091414,10
1038,136,20.983725,8552,2021-06-28 16:52:42,52.1987483,10
1039,Z26,21.013455,8555,2021-06-28 16:52:44,52.24667,5
1040,519,21.044513,8556,2021-06-28 16:52:33,52.192669,6
1041,Z26,21.0331567,8558,2021-06-28 16:52:36,52.2542,08
1042,217,21.032003,8559,2021-06-28 16:52:31,52.177455,06
1043,519,21.090546,8560,2021-06-28 16:52:41,52.154955,2
1044,411,21.06249,8561,2021-06-28 16:52:44,52.230775,02
1045,521,21.19919,8562,2021-06-28 16:52:37,52.173351,09
1046,402,21.04081,8563,2021-06-28 16:52:45,52.1704,2
1047,521,21.199863,8564,2021-06-28 16:52:38,52.172518,08
1048,502,21.037054,8565,2021-06-28 16:52:45,52.222331,014
1049,502,21.1978117,8566,2021-06-28 16:52:43,52.22471,6
1050,402,20.999686,8567,2021-06-28 16:52:45,52.178736,014
1051,509,21.027734,8568,2021-06-28 16:52:41,52.257738,021
1052,171,21.043386,8569,2021-06-28 16:52:35,52.222825,2
1053,411,21.1024383,8571,2021-06-28 16:52:38,52.222095,03
1054,E-1,21.102364,8572,2021-06-28 16:52:27,52.222056,04
1055,202,21.042014,8573,2021-06-28 16:52:36,52.242066,2
1056,411,21.115896,8574,2021-06-28 10:20:57,52.233514,01
1057,720,21.3177067,8576,2021-06-28 16:52:32,52.1600683,1
1058,162,21.0548267,8578,2021-06-28 16:52:47,52.194685,4
1059,125,21.0412167,8579,2021-06-28 16:52:34,52.2414817,09
1060,731,20.9246417,8583,2021-06-28 16:52:34,52.39184,5
1061,269,21.040413,8584,2021-06-28 16:52:41,52.286979,02
1062,269,21.05525,8585,2021-06-28 16:52:39,52.275003,03
1063,514,21.224548,8586,2021-06-28 16:52:32,52.250459,2
1064,523,21.115558,8587,2021-06-28 08:55:25,52.233753,3
1065,145,21.1100717,8588,2021-06-28 16:52:47,52.2840783,016
1066,514,21.015576,8589,2021-06-28 16:52:32,52.219243,4
1067,502,21.0448283,8590,2021-06-28 16:52:35,52.2244283,3
1068,507,21.102376,8592,2021-06-28 16:52:31,52.221919,2
1069,145,21.127343,8593,2021-06-28 16:52:39,52.256418,10
1070,138,20.996314,8595,2021-06-28 16:52:44,52.169923,8
1071,186,20.9639553,8801,2021-06-28 16:52:44,52.2077606,11
1072,185,21.0546696,8802,2021-06-28 16:52:39,52.1948305,1
1073,727,20.9437648,8803,2021-06-28 16:52:46,52.0367933,1
1074,217,21.06407,8804,2021-06-28 16:52:27,52.1705266,3
1075,185,21.0219901,8805,2021-06-28 16:52:44,52.1427216,4
1076,402,21.1475881,8806,2021-06-28 16:52:40,52.2383123,8
1077,131,21.0783313,8808,2021-06-28 16:52:46,52.1748073,3
1078,709,21.0173411,8809,2021-06-28 16:52:41,52.152947,2
1079,174,21.0004296,8810,2021-06-28 16:52:43,52.230325,1
1080,165,21.0017609,8811,2021-06-28 16:52:38,52.178243,3
1081,167,20.926972,8812,2021-06-28 16:52:43,52.2338388,011
1082,402,21.0987231,8813,2021-06-28 16:52:43,52.2181555,1
1083,167,20.9679628,8814,2021-06-28 16:52:38,52.2141955,2
1084,167,21.0429256,8816,2021-06-28 16:52:47,52.2067761,3
1085,308,21.020478,8817,2021-06-28 16:52:34,52.189655,03
1086,504,21.03206,8818,2021-06-28 16:52:09,52.149571,9
1087,331,20.9856871,8819,2021-06-28 16:52:45,52.1649885,04
1088,522,21.0330408,8820,2021-06-28 16:52:48,52.2042728,014
1089,174,20.9953583,8821,2021-06-28 16:52:43,52.170349,08
1090,174,21.0137366,8822,2021-06-28 16:52:43,52.177526,5
1091,522,21.0167536,8823,2021-06-28 16:52:35,52.2223653,015
1092,709,21.0254396,8825,2021-06-28 16:52:43,52.0781448,012
1093,504,21.0685811,8826,2021-06-28 16:52:40,52.1291005,8
1094,143,21.1380948,8828,2021-06-28 16:52:21,52.2482151,4
1095,509,21.0657098,8829,2021-06-28 16:52:41,52.2264651,4
1096,523,21.0445321,8830,2021-06-28 16:52:47,52.2243338,11
1097,125,21.0672445,8831,2021-06-28 16:52:41,52.2463266,5
1098,171,20.9208083,8832,2021-06-28 16:52:44,52.248834,7
1099,141,21.101361,8833,2021-06-28 16:52:38,52.240963,9
1100,704,21.3074866,8834,2021-06-28 16:52:44,52.2175143,2
1101,521,20.9986121,8835,2021-06-28 16:52:38,52.2270933,5
1102,182,20.9742963,8837,2021-06-28 16:52:46,52.2184923,6
1103,182,21.006215,8838,2021-06-28 16:52:38,52.217318,010
1104,704,21.130976,8839,2021-06-28 16:52:46,52.232556,1
1105,185,21.0303168,8840,2021-06-28 16:52:43,52.1422158,5
1106,125,21.084334,8841,2021-06-28 16:52:46,52.2453883,6
1107,521,21.0106796,8843,2021-06-28 16:52:39,52.2294706,3
1108,185,21.04239,8844,2021-06-28 16:52:44,52.1715505,2
1109,402,20.9931093,8845,2021-06-28 16:52:42,52.1766766,013
1110,143,21.1605231,8846,2021-06-28 16:52:44,52.2587663,3
1111,143,21.0249555,8847,2021-06-28 16:52:45,52.219159,6
1112,125,21.153259,8849,2021-06-28 16:52:40,52.226133,3
1113,521,21.1334476,8850,2021-06-28 16:52:42,52.2315438,6
1114,523,21.0843293,8851,2021-06-28 16:52:44,52.2487836,019
1115,141,20.98382,8852,2021-06-28 16:52:44,52.1975895,3
1116,125,21.1031003,8853,2021-06-28 16:52:42,52.242232,7
1117,509,20.9901105,8854,2021-06-28 16:52:38,52.3024343,8
1118,402,21.0442211,8855,2021-06-28 16:52:38,52.177929,6
1119,512,21.049791,8856,2021-06-28 16:52:29,52.252866,1
1120,509,21.023993,8857,2021-06-28 16:52:27,52.260663,12
1121,169,21.0423943,8858,2021-06-28 16:52:39,52.2952741,1
1122,112,20.967531,8859,2021-06-28 16:52:35,52.273388,4
1123,512,21.0652806,8861,2021-06-28 16:52:43,52.2748456,4
1124,412,21.0445153,8862,2021-06-28 16:52:41,52.2501751,04
1125,738,21.0937531,8864,2021-06-28 16:52:44,52.3091391,05
1126,500,21.0459893,8865,2021-06-28 10:43:17,52.2651186,08
1127,169,21.041851,8866,2021-06-28 16:52:43,52.300123,5
1128,162,21.0340805,8867,2021-06-28 16:52:39,52.2513793,1
1129,190,20.912514,8868,2021-06-28 16:52:50,52.228797,5
1130,190,21.016371,8869,2021-06-28 16:52:30,52.246898,023
1131,190,21.0747426,8871,2021-06-28 16:52:44,52.2861893,025
1132,190,21.08528,8872,2021-06-28 16:52:33,52.304991,026
1133,738,21.1368861,8873,2021-06-28 16:52:38,52.361821,06
1134,500,21.0416971,8874,2021-06-28 16:52:41,52.3002821,3
1135,190,20.9150025,8875,2021-06-28 16:52:46,52.2332348,4
1136,162,21.0311051,8876,2021-06-28 16:52:38,52.2297365,3
1137,512,21.0687745,8878,2021-06-28 16:52:38,52.2787955,06
1138,509,21.0694333,8879,2021-06-28 16:52:37,52.2254036,1
1139,709,20.996574,8880,2021-06-25 18:58:33,52.18762,016
1140,186,20.9575041,8881,2021-06-28 16:52:45,52.2280855,014
1141,165,21.0026,8882,2021-06-28 16:52:44,52.1773821,2
1142,175,20.9835106,8883,2021-06-28 16:52:47,52.196966,64
1143,180,20.9693075,8885,2021-06-28 16:52:38,52.256112,5
1144,167,21.083018,8886,2021-06-28 16:52:45,52.208286,5
1145,189,21.0453045,8887,2021-06-28 16:52:36,52.1773546,021
1146,128,21.0110105,8888,2021-06-28 16:52:39,52.2447786,61
1147,504,21.0416083,8891,2021-06-28 16:52:37,52.1483073,012
1148,165,21.002459,8892,2021-06-28 16:52:29,52.157808,1
1149,180,20.925021,8893,2021-06-28 16:52:34,52.272423,53
1150,217,21.076903,8894,2021-06-28 16:52:45,52.156874,05
1151,136,21.002573,8895,2021-06-28 16:52:33,52.175601,015
1152,174,21.0149593,8896,2021-06-28 16:52:44,52.1934456,07
1153,180,20.9692556,8897,2021-06-28 16:52:44,52.2560221,015
1154,167,21.0297211,8898,2021-06-28 16:52:36,52.206811,7
1155,504,21.003194,8899,2021-06-28 16:52:44,52.1737348,6
1156,161,21.181032,9061,2021-06-28 16:52:43,52.184189,2
1157,161,21.182989,9063,2021-06-28 16:52:43,52.184174,3
1158,262,21.0546117,9064,2021-06-28 16:52:46,52.2755984,03
1159,314,21.046467,9065,2021-06-28 16:52:47,52.342796,04
1160,314,20.961252,9066,2021-06-28 16:52:45,52.316185,02
1161,104,21.02825,9068,2021-06-28 16:52:47,52.298805,2
1162,161,21.224775,9070,2021-06-28 16:52:45,52.186634,1
1163,225,21.167902,9071,2021-06-28 16:52:47,52.276409,2
1164,225,21.102596,9074,2021-06-28 16:52:48,52.22274,4
1165,225,21.12705,9075,2021-06-28 16:52:43,52.257916,3
1166,211,20.974091,9077,2021-06-28 16:52:44,52.307133,08
1167,314,20.966425,9078,2021-06-28 16:52:44,52.31879,01
1168,262,21.087845,9080,2021-06-28 16:52:47,52.286545,1
1169,104,21.008099,9081,2021-06-28 16:52:47,52.291927,1
1170,314,21.032484,9082,2021-06-28 16:52:45,52.322094,03
1171,262,21.075577,9083,2021-06-28 16:52:46,52.279427,2
1172,225,21.106869,9088,2021-06-28 16:52:46,52.233917,1
1173,211,21.00078,9090,2021-06-28 16:52:45,52.291107,2
1174,211,20.975443,9091,2021-06-28 16:52:45,52.305534,07
1175,305,21.14959,9093,2021-06-28 16:52:48,52.20092,1
1176,900,20.953997,9094,2021-06-28 16:52:45,52.357967,1
1177,133,20.952316,9201,2021-06-28 16:52:43,52.316898,2
1178,207,20.895643,9202,2021-06-28 16:52:43,52.185818,03
1179,164,21.134241,9203,2021-06-28 16:52:38,52.149538,05
1180,133,20.950947,9204,2021-06-28 16:52:42,52.319256,1
1181,809,21.03816,9205,2021-06-28 16:52:45,52.154346,51
1182,809,20.982847,9206,2021-06-28 16:52:46,52.112389,52
1183,809,21.033897,9208,2021-06-28 16:52:47,52.155704,54
1184,211,20.941555,9209,2021-06-28 16:52:45,52.332676,4
1185,177,20.904356,9210,2021-06-28 16:52:45,52.185741,3
1186,209,20.991747,9212,2021-06-28 16:52:42,52.127285,53
1187,211,20.941693,9213,2021-06-28 16:52:42,52.333781,6
1188,219,21.150381,9215,2021-06-28 16:52:45,52.190727,3
1189,208,20.975572,9216,2021-06-28 16:52:47,52.210289,1
1190,234,21.014099,9217,2021-06-28 16:52:45,52.310371,1
1191,239,21.010094,9218,2021-06-28 16:52:45,52.143936,057
1192,234,21.066851,9219,2021-06-28 16:52:41,52.338989,2
1193,203,20.933416,9220,2021-06-28 16:52:44,52.288719,1
1194,249,20.898783,9221,2021-06-28 16:52:45,52.238605,1
1195,201,20.930004,9224,2021-06-28 16:52:45,52.258854,3
1196,208,20.975534,9225,2021-06-28 16:52:42,52.210217,04
1197,208,20.954437,9226,2021-06-28 16:52:45,52.202263,05
1198,208,20.950424,9227,2021-06-28 16:52:43,52.210518,2
1199,219,21.159267,9228,2021-06-28 16:52:42,52.185482,2
1200,219,21.102303,9229,2021-06-28 16:52:42,52.222809,1
1201,239,21.037748,9232,2021-06-28 16:52:41,52.154388,056
1202,264,21.100533,9233,2021-06-28 16:52:43,52.134216,1
1203,203,20.925417,9234,2021-06-28 16:52:45,52.282249,2
1204,201,20.926552,9235,2021-06-28 16:52:47,52.234039,5
1205,201,20.942968,9236,2021-06-28 16:52:45,52.239155,4
1206,209,21.020103,9237,2021-06-28 16:52:44,52.143276,055
1207,208,20.9718,9238,2021-06-28 16:52:44,52.205902,03
1208,207,20.883333,9239,2021-06-28 16:52:42,52.195557,02
1209,177,20.884705,9240,2021-06-28 16:52:33,52.19458,1
1210,133,20.980705,9241,2021-06-28 16:52:42,52.355827,3
1211,201,20.943205,9242,2021-06-28 16:52:43,52.245941,06
1212,211,20.941479,9243,2021-06-28 16:52:41,52.355347,5
1213,207,20.875221,9244,2021-06-28 16:52:39,52.189144,01
1214,211,20.961163,9245,2021-06-28 16:52:43,52.316921,3
1215,164,21.109034,9246,2021-06-28 16:52:42,52.164581,04
1216,201,20.927969,9247,2021-06-28 16:52:46,52.263462,1
1217,177,20.883656,9248,2021-06-28 16:52:44,52.205746,2
1218,164,21.084518,9250,2021-06-28 16:52:46,52.164867,3
1219,164,21.056244,9251,2021-06-28 16:52:44,52.182049,2
1220,164,21.13812,9252,2021-06-28 16:52:40,52.145918,1
1221,211,20.942221,9254,2021-06-28 16:52:47,52.348515,09
1222,199,21.113939,9301,2021-06-28 16:52:45,52.293838,06
1223,739,21.020189,9302,2021-06-28 16:52:46,52.174156,2
1224,739,21.01779,9304,2021-06-28 16:52:43,52.148026,3
1225,179,21.053701,9311,2021-06-28 15:52:48,52.133926,10
1226,123,21.051001,9312,2021-06-28 16:52:44,52.252541,08
1227,179,21.068592,9313,2021-06-28 16:52:45,52.128899,11
1228,153,21.156868,9314,2021-06-28 16:52:40,52.263782,2
1229,179,21.04985,9315,2021-06-28 16:52:40,52.15477,2
1230,135,21.035227,9316,2021-06-28 16:52:44,52.254696,3
1231,135,21.038811,9317,2021-06-28 16:52:47,52.248592,6
1232,135,21.02697,9318,2021-06-28 16:52:44,52.259708,2
1233,135,21.041632,9319,2021-06-28 16:52:45,52.257816,1
1234,179,21.024891,9320,2021-06-28 16:52:40,52.155949,4
1235,179,21.036913,9321,2021-06-28 16:52:46,52.162079,5
1236,123,21.100571,9322,2021-06-28 16:52:44,52.239937,5
1237,135,21.074797,9323,2021-06-28 16:52:46,52.245411,07
1238,179,21.062916,9324,2021-06-28 16:52:44,52.146011,9
1239,179,21.050119,9325,2021-06-28 16:52:47,52.137665,51
1240,256,21.059395,9326,2021-06-28 16:52:39,52.303543,2
1241,142,21.136648,9327,2021-06-28 16:52:42,52.195808,3
1242,179,21.042664,9328,2021-06-28 16:52:38,52.148235,8
1243,153,21.177277,9329,2021-06-28 16:52:40,52.256893,04
1244,123,21.0773959,9331,2021-06-28 09:44:24,52.2687066,07
1245,123,21.077486,9332,2021-06-28 15:39:21,52.268074,08
1246,142,21.20233,9333,2021-06-28 16:52:44,52.170063,5
1247,739,21.037239,9334,2021-06-28 16:52:44,52.093395,1
1248,153,21.170321,9335,2021-06-28 16:52:45,52.27692,3
1249,135,21.10709,9336,2021-06-28 16:52:48,52.248363,5
1250,739,21.0771977,9337,2021-06-28 16:52:48,52.2682147,2
1251,179,21.027647,9338,2021-06-28 16:52:42,52.1619,6
1252,256,21.084888,9339,2021-06-28 16:52:47,52.273853,1
1253,153,21.15716,9340,2021-06-28 16:52:44,52.263329,1
1254,142,21.233644,9341,2021-06-28 16:52:44,52.171074,4
1255,739,21.052591,9342,2021-06-28 16:52:46,52.101089,4
1256,256,21.048409,9343,2021-06-28 16:52:41,52.288609,4
1257,135,21.086752,9344,2021-06-28 16:52:41,52.236588,08
1258,739,21.039724,9345,2021-06-28 16:52:43,52.080544,05
1259,179,21.038336,9346,2021-06-28 16:52:41,52.153362,7
1260,135,21.099751,9347,2021-06-28 16:52:45,52.238655,4
1261,123,21.099417,9348,2021-06-28 16:52:46,52.2216,09
1262,179,21.02442,9349,2021-06-28 16:52:42,52.142708,3
1263,123,21.064726,9350,2021-06-28 16:52:47,52.233143,357
1264,142,21.126059,9351,2021-06-28 16:52:41,52.234539,1
1265,123,21.068491,9352,2021-06-28 16:52:47,52.250431,6
1266,739,21.017424,9353,2021-06-28 16:52:47,52.13879,06
1267,123,21.084845,9354,2021-06-28 16:50:07,52.252541,07
1268,199,21.125948,9355,2021-06-28 16:52:44,52.288784,05
1269,256,21.065645,9356,2021-06-28 16:52:43,52.327324,3
1270,142,21.086485,9357,2021-06-28 16:52:48,52.244732,2
1271,142,21.077633,9358,2021-06-28 16:02:28,52.267822,4
1272,256,21.080948,9359,2021-06-28 16:52:45,52.277412,5
1273,176,21.025358,9403,2021-06-28 16:52:45,52.281338,1
1274,176,20.978321,9405,2021-06-28 16:52:44,52.34819,05
1275,176,21.010822,9412,2021-06-28 16:52:43,52.301712,3
1276,197,20.940119,9413,2021-06-28 16:52:42,52.236488,012
1277,197,20.94998,9414,2021-06-28 16:52:44,52.280651,014
1278,103,20.945528,9415,2021-06-28 16:52:47,52.265522,2
1279,102,21.074764,9416,2021-06-28 16:52:44,52.246311,3
1280,157,20.976694,9417,2021-06-28 16:52:47,52.287785,7
1281,712,20.927925,9418,2021-06-28 16:52:46,52.290794,02
1282,516,20.976439,9420,2021-06-28 16:52:46,52.31464,5
1283,157,20.980423,9423,2021-06-28 16:52:47,52.216599,1
1284,103,20.968426,9424,2021-06-28 16:52:44,52.222065,4
1285,123,21.102306,9425,2021-06-28 16:52:47,52.224586,1
1286,157,20.995501,9426,2021-06-28 16:52:42,52.226852,3
1287,157,20.983313,9427,2021-06-28 16:52:47,52.25053,4
1288,157,20.98555,9428,2021-06-28 16:52:47,52.245728,9
1289,103,20.945284,9429,2021-06-28 16:52:41,52.265835,6
1290,157,20.994373,9432,2021-06-28 16:52:45,52.228954,10
1291,743,20.708504,9433,2021-06-28 16:52:47,52.233231,02
1292,176,20.992481,9434,2021-06-28 16:52:43,52.338642,04
1293,516,20.935915,9435,2021-06-28 16:52:43,52.332459,1
1294,157,20.980322,9436,2021-06-28 16:52:43,52.216663,2
1295,157,20.976368,9437,2021-06-28 16:52:43,52.289787,6
1296,197,20.931034,9438,2021-06-28 16:52:47,52.225311,011
1297,197,20.94117,9439,2021-06-28 16:52:47,52.233494,016
1298,516,20.975142,9440,2021-06-28 16:52:47,52.316818,3
1299,123,21.04859,9441,2021-06-28 16:52:45,52.252541,3
1300,103,20.968658,9442,2021-06-28 16:52:44,52.222092,5
1301,102,21.074715,9443,2021-06-28 16:52:43,52.245556,1
1302,103,20.964048,9444,2021-06-28 16:52:46,52.237335,3
1303,103,20.955402,9445,2021-06-28 16:52:47,52.284054,7
1304,103,20.955368,9446,2021-06-28 16:52:43,52.283791,1
1305,123,21.047436,9447,2021-06-28 16:52:47,52.247826,4
1306,157,20.963938,9448,2021-06-28 16:52:46,52.207951,011
1307,516,21.000952,9449,2021-06-28 16:52:42,52.291187,4
1308,102,21.002821,9450,2021-06-28 16:52:44,52.23304,2
1309,157,20.985424,9451,2021-06-28 16:52:44,52.269733,5
1310,157,20.992205,9452,2021-06-28 16:52:46,52.262543,8
1311,176,20.982138,9453,2021-06-28 16:52:44,52.35569,2
1312,197,20.944918,9454,2021-06-28 16:52:46,52.263775,015
1313,712,20.84495,9455,2021-06-28 16:52:47,52.250427,1
1314,743,20.901075,9456,2021-06-28 16:52:48,52.216988,1
1315,197,20.939602,9457,2021-06-28 16:52:45,52.260777,013
1316,103,20.927042,9458,2021-06-28 16:52:47,52.290146,8
1317,194,20.916609667,9501,2021-06-28 16:52:45,52.2198375,5
1318,707,20.885328167,9502,2021-06-28 16:52:47,52.101446333,1
1319,159,21.08373,9503,2021-06-28 16:52:47,52.192362,1
1320,103,20.965638,9505,2021-06-28 16:52:45,52.234684667,09
1321,103,20.927203,9506,2021-06-28 16:52:45,52.290107333,011
1322,220,20.925169167,9509,2021-06-28 16:52:45,52.260805333,3
1323,194,20.913574667,9510,2021-06-28 16:52:47,52.209041167,06
1324,737,20.966654167,9511,2021-06-28 16:52:47,52.076519333,56
1325,220,20.896366,9513,2021-06-28 16:52:47,52.217115833,5
1326,715,20.920085167,9514,2021-06-28 16:52:40,52.153756833,53
1327,181,20.977603667,9515,2021-06-28 16:52:48,52.278858833,2
1328,737,20.959076667,9516,2021-06-28 16:52:39,52.068030833,54
1329,149,20.9401855,9518,2021-06-28 16:52:45,52.246622167,06
1330,149,20.8970445,9519,2021-06-28 16:52:45,52.243630333,2
1331,159,21.044909167,9520,2021-06-28 16:52:46,52.221211333,8
1332,715,21.037019333,9521,2021-06-28 16:52:43,52.162020333,1
1333,220,20.896858333,9522,2021-06-28 16:52:46,52.240263333,4
1334,220,20.912314,9523,2021-06-28 16:52:45,52.2526835,07
1335,220,20.897046667,9524,2021-06-28 16:52:46,52.243750167,2
1336,194,20.889198167,9525,2021-06-28 16:52:45,52.197995,3
1337,181,20.899963333,9526,2021-06-28 16:52:47,52.297167833,1
1338,715,20.923507167,9528,2021-06-28 16:52:46,52.156960667,058
1339,715,21.018191667,9529,2021-06-28 16:52:45,52.129181167,52
1340,707,20.934996833,9530,2021-06-28 16:52:45,52.090325,03
1341,159,20.978229,9531,2021-06-28 16:52:41,52.221917667,4
1342,194,20.874016333,9532,2021-06-28 16:52:44,52.195324167,1
1343,181,20.911607833,9533,2021-06-28 16:52:47,52.3092685,4
1344,181,20.969225833,9534,2021-06-28 16:52:44,52.284638833,3
1345,159,20.997584667,9535,2021-06-28 16:52:48,52.223851,7
1346,159,20.963109167,9537,2021-06-28 16:52:47,52.217086833,6
1347,737,21.029981833,9539,2021-06-28 16:52:45,52.159054667,059
1348,220,20.904302333,9540,2021-06-28 16:52:46,52.18476,1
1349,220,20.9438465,9542,2021-06-28 16:52:46,52.17586,6
1350,737,21.027284667,9544,2021-06-28 16:52:44,52.161859333,07
1351,220,20.904915,9545,2021-06-28 16:52:47,52.186311833,08
1352,149,20.943313167,9546,2021-06-28 16:52:42,52.246795667,5
1353,220,20.891571833,9548,2021-06-28 16:52:44,52.205587333,09
1354,149,20.944103667,9550,2021-06-28 16:52:45,52.238966,1
1355,715,21.0182435,9551,2021-06-28 16:52:47,52.115440833,55
1356,149,20.876674333,9552,2021-06-28 16:52:45,52.250581667,3
1357,194,20.930846,9554,2021-06-28 16:52:44,52.225108,07
1358,194,20.859143,9555,2021-06-28 16:52:47,52.206732833,2
1359,159,21.023460333,9556,2021-06-28 16:52:44,52.2237655,3
1360,149,20.905693833,9557,2021-06-28 16:52:44,52.239112333,4
1361,194,20.9301935,9558,2021-06-28 16:52:44,52.22492,4
1362,159,20.954900333,9560,2021-06-28 16:52:47,52.2120395,5
1363,159,21.0485995,9561,2021-06-28 16:52:48,52.2060675,2
1364,118,21.023552,9671,2021-06-28 16:52:43,52.22393,2
1365,118,21.007275,9672,2021-06-28 16:52:44,52.259937,5
1366,326,21.028868,9673,2021-06-28 16:52:40,52.33984,04
1367,118,21.003363,9674,2021-06-28 16:52:47,52.29034,8
1368,152,21.048771,9676,2021-06-28 16:52:46,52.325371,5
1369,212,21.05011,9677,2021-06-28 16:52:41,52.286041,06
1370,118,21.041368,9678,2021-06-28 16:52:47,52.300228,7
1371,118,21.024729,9679,2021-06-28 16:52:41,52.241852,1
1372,326,21.043385,9680,2021-06-28 16:52:46,52.360302,02
1373,152,20.970818,9681,2021-06-28 16:52:43,52.322418,2
1374,212,21.065939,9682,2021-06-28 16:52:41,52.275326,5
1375,152,20.970491,9683,2021-06-28 16:51:14,52.334053,4
1376,212,21.041908,9684,2021-06-28 16:52:48,52.270889,1
1377,212,21.027121,9685,2021-06-28 16:52:43,52.259644,2
1378,326,20.967512,9686,2021-06-28 16:52:48,52.27335,05
1379,326,21.061872,9688,2021-06-28 16:52:40,52.361687,03
1380,118,21.028065,9689,2021-06-28 16:52:39,52.238441,4
1381,212,21.041243,9690,2021-06-28 16:52:45,52.269981,3
1382,326,20.981604,9692,2021-06-28 16:52:34,52.281261,01
1383,212,21.057178,9693,2021-06-28 16:52:47,52.301838,4
1384,152,20.994473,9695,2021-06-28 16:52:43,52.342422,1
1385,118,21.04228,9696,2021-06-28 16:52:40,52.296257,6
1386,118,21.023911,9697,2021-06-28 16:52:46,52.224052,3
1387,152,20.969973,9698,2021-06-28 16:52:45,52.324448,3
1388,710,21.012407,9801,2021-06-28 16:52:46,52.074173,4
1389,525,21.164442,9802,2021-06-28 16:52:45,52.217426,1
1390,184,20.959913,9803,2021-06-28 16:52:46,52.219963,069
1391,127,21.037567,9804,2021-06-28 16:52:42,52.232822,56
1392,525,21.120699,9807,2021-06-28 16:52:47,52.232723,319
1393,127,20.962891,9808,2021-06-28 16:52:40,52.217152,2
1394,109,21.027466,9809,2021-06-28 16:52:44,52.229916,07
1395,710,21.113741,9810,2021-06-28 16:52:45,52.080418,5
1396,719,20.586504,9812,2021-06-28 16:52:42,52.257604,3
1397,109,20.93158,9813,2021-06-28 16:39:15,52.240247,08
1398,525,21.046949,9815,2021-06-28 16:52:40,52.224861,09
1399,742,21.074547,9816,2021-06-28 16:52:46,52.132984,1
1400,719,20.952349,9818,2021-06-28 16:52:48,52.238239,04
1401,719,20.646656,9819,2021-06-28 16:52:47,52.262894,1
1402,719,20.924406,9820,2021-06-28 16:52:42,52.240524,2
1403,710,21.067778,9821,2021-06-28 16:52:46,52.131214,1
1404,525,21.196638,9822,2021-06-28 16:52:44,52.208225,010
1405,184,20.971422,9823,2021-06-28 16:52:46,52.216972,010
1406,525,21.164489,9825,2021-06-28 16:06:46,52.217367,5
1407,525,21.083504,9826,2021-06-28 16:52:45,52.236004,7
1408,185,21.03691,9827,2021-06-28 16:52:46,52.23395,8
1409,127,21.019459,9828,2021-06-28 16:52:40,52.246208,4
1410,525,21.015486,9829,2021-06-28 16:52:43,52.218979,6
1411,Z10,20.924973,9830,2021-06-28 16:52:43,52.261078,8
1412,710,21.049437,9831,2021-06-28 16:52:42,52.076923,3
1413,127,20.94787,9833,2021-06-28 16:52:41,52.209263,1
1414,525,21.015644,9834,2021-06-28 16:52:43,52.221416,4
1415,742,21.216948,9835,2021-06-28 16:52:39,51.981129,02
1416,525,21.115387,9836,2021-06-28 16:52:46,52.232636,3
1417,185,21.043001,9837,2021-06-28 16:52:44,52.226723,12
1418,525,21.196655,9838,2021-06-28 16:52:42,52.20829,2
1419,724,21.113276,9839,2021-06-28 16:52:44,52.105377,1
1420,127,20.994709,9840,2021-06-28 16:52:48,52.226074,6
1421,724,21.043478,9841,2021-06-28 16:52:48,52.080578,02
1422,127,20.923315,9843,2021-06-28 16:52:47,52.204117,7
1423,127,21.02796,9844,2021-06-28 16:52:48,52.238503,09
1424,127,21.012167,9845,2021-06-28 16:52:45,52.230141,3
1425,Z10,20.913609,9846,2021-06-28 16:52:45,52.237305,6
1426,Z10,20.917011,9847,2021-06-28 16:52:45,52.220402,4
1427,109,21.001385,9849,2021-06-28 16:52:44,52.228119,6
1428,109,21.036381,9851,2021-06-28 16:52:47,52.225224,5
1429,109,20.994106,9852,2021-06-28 16:52:42,52.232437,4
1430,109,20.921202,9853,2021-06-28 16:52:42,52.240051,1
1431,127,20.895485,9854,2021-06-28 16:52:45,52.208797,335
1432,186,20.967369,9901,2021-06-28 16:52:47,52.214272,1
1433,210,20.783081,9902,2021-06-28 16:52:46,52.3008,5
1434,140,21.0818,9903,2021-06-28 16:52:45,52.29459,04
1435,520,21.108328,9905,2021-06-28 16:52:42,52.233406,011
1436,520,21.038549,9906,2021-06-28 16:52:43,52.222683,3
1437,140,21.133856,9907,2021-06-28 16:52:47,52.358135,08
1438,140,21.11117,9908,2021-06-28 16:52:38,52.360901,09
1439,140,21.094795,9909,2021-06-28 16:52:47,52.310337,2
1440,719,20.800316,9912,2021-06-28 16:52:44,52.253704,05
1441,520,21.155939,9913,2021-06-28 16:52:45,52.24036,08
1442,520,21.015635,9914,2021-06-28 16:52:46,52.217937,09
1443,520,21.007896,9915,2021-06-28 16:52:46,52.236572,6
1444,520,21.014498,9916,2021-06-28 16:52:43,52.225002,4
1445,193,21.051306,9918,2021-06-28 16:52:46,52.159176,2
1446,193,21.036909,9919,2021-06-28 16:52:46,52.161934,3
1447,140,21.058105,9920,2021-06-28 16:52:47,52.274513,05
1448,140,21.073336,9921,2021-06-28 16:52:43,52.284672,06
1449,520,21.002113,9922,2021-06-28 16:52:44,52.243103,5
1450,193,21.047232,9923,2021-06-28 16:52:46,52.163132,4
1451,140,21.091217,9924,2021-06-28 16:52:47,52.306435,07
1452,193,21.005997,9926,2021-06-28 16:52:44,52.17197,1
1453,520,21.003246,9927,2021-06-28 16:52:01,52.244835,010
1454,140,21.052855,9928,2021-06-28 16:52:45,52.276775,3
1455,186,20.977434,9929,2021-06-28 16:52:48,52.210682,12
1456,193,21.013765,9930,2021-06-28 16:52:46,52.174152,5
1457,186,20.942186,9932,2021-06-28 16:52:45,52.334129,4
1458,520,21.126657,9933,2021-06-28 16:52:47,52.23312,2
1459,186,20.955437,9934,2021-06-28 16:52:45,52.264713,2
1460,520,21.1363192,9935,2021-06-28 16:52:47,52.2412225,1
1461,186,20.993494,9936,2021-06-28 16:52:43,52.299648,6
1462,520,21.109753,9937,2021-06-28 16:52:44,52.233547,7
1463,186,20.966846,9940,2021-06-28 16:52:44,52.318962,3
1464,186,20.957539,9941,2021-06-28 16:52:43,52.265629,8
1465,210,20.767366,9942,2021-06-28 16:52:45,52.307804,4
1466,109,20.899303,9943,2021-06-28 16:52:45,52.238476,2
1467,186,20.958244,9945,2021-06-28 16:52:47,52.243282,9
1468,210,20.876173,9946,2021-06-28 16:52:46,52.2873,3
1469,109,20.948462,9948,2021-06-28 16:52:44,52.238392,3
1470,210,20.888441,9949,2021-06-28 16:52:46,52.285686,1
1471,210,20.933855,9950,2021-06-28 16:52:31,52.289181,2
1472,186,20.964071,9951,2021-06-28 16:52:45,52.318031,5
1473,186,20.962095,9953,2021-06-28 16:52:46,52.216152,67
1474,140,21.124741,9954,2021-06-28 16:52:47,52.346787,1
1475,o97B,21.423098,9999,2021-06-28 14:27:55,50.302967,7
