,Lines,Lon,VehicleNumber,Time,Lat,Brigade
0,213,21.1979713,1001,2021-06-28 18:05:23,52.1585821,1
1,213,21.1707671,1003,2021-06-28 18:05:19,52.192408,05
2,213,21.1707581,1004,2021-06-28 18:05:19,52.1925853,3
3,196,21.1770745,1005,2021-06-28 18:05:17,52.2568998,2
4,196,21.176371,1008,2021-06-28 18:05:20,52.25677,03
5,213,21.1881085,1009,2021-06-28 18:05:17,52.1514008,4
6,213,21.102263,1010,2021-06-28 18:05:20,52.2228081,2
7,311,21.0862981,1012,2021-06-28 18:05:04,52.2353656,1
8,196,21.178311,1014,2021-06-28 18:05:08,52.260148,1
9,311,21.088093,1015,2021-06-28 18:05:12,52.227996,2
10,365,20.996689,1021,2021-06-28 18:05:21,52.169815,01
11,107,21.0461471,1023,2021-06-28 18:05:21,52.2000684,3
12,163,21.0883011,1025,2021-06-28 18:05:24,52.1598584,2
13,107,21.0124522,1026,2021-06-28 18:05:23,52.2400637,5
14,108,21.042545,1027,2021-06-28 18:05:24,52.216496,1
15,108,21.024874,1028,2021-06-28 18:05:23,52.179077,5
16,108,21.07699,1029,2021-06-28 18:05:24,52.182396,6
17,365,21.0242382,1031,2021-06-28 18:05:23,52.1797787,02
18,108,21.0420326,1033,2021-06-28 18:05:21,52.1756952,4
19,163,21.095566,1034,2021-06-28 18:05:24,52.186638,1
20,192,21.0430929,1037,2021-06-28 18:05:23,52.1469525,7
21,108,21.083653,1038,2021-06-28 18:05:14,52.192376,3
22,365,21.0078082,1039,2021-06-28 18:05:23,52.1781281,03
23,107,20.9793533,1040,2021-06-28 18:05:09,52.2445133,6
24,107,21.0271983,1042,2021-06-28 18:05:14,52.22417,2
25,107,20.97914,1043,2021-06-28 18:05:11,52.244579,07
26,107,21.02323,1045,2021-06-28 18:05:21,52.224123,4
27,204,21.033173,1046,2021-06-28 18:05:19,52.297809,05
28,204,21.051011,1047,2021-06-28 18:05:21,52.325033,1
29,204,21.025013,1048,2021-06-28 18:05:16,52.286741,04
30,228,20.954078,1050,2021-06-28 18:05:21,52.199236,1
31,228,20.892949,1051,2021-06-28 18:05:09,52.200355,2
32,328,20.99469,1052,2021-06-28 18:05:16,52.1509,01
33,129,20.9348967,1053,2021-06-28 18:05:18,52.2342883,4
34,228,20.942056,1054,2021-06-28 18:05:08,52.203738,3
35,129,20.89732,1055,2021-06-28 18:05:16,52.195851,3
36,328,20.978153,1058,2021-06-28 18:05:12,52.179066,02
37,129,20.939614,1059,2021-06-28 18:05:20,52.245611,1
38,328,20.9620779,1061,2021-06-28 18:05:24,52.1945177,03
39,192,21.0242844,1062,2021-06-28 18:05:23,52.1799352,51
40,192,21.068504,1064,2021-06-28 18:05:24,52.129356,2
41,163,21.084492,1065,2021-06-28 18:05:23,52.163113,04
42,107,21.000698,1066,2021-06-28 18:05:23,52.2448289,1
43,163,21.049067,1068,2021-06-28 18:05:24,52.178356,3
44,192,21.0316521,1069,2021-06-28 18:05:23,52.1497514,4
45,163,21.0728714,1070,2021-06-28 18:05:24,52.1798267,05
46,192,21.023554,1074,2021-06-28 18:05:24,52.180065,6
47,108,21.0231602,1076,2021-06-28 18:05:24,52.22797,2
48,192,21.050021,1077,2021-06-28 18:05:19,52.137523,3
49,192,21.07312,1079,2021-06-28 18:05:24,52.13258,1
50,736,21.0285796,1101,2021-06-28 18:05:13,52.3668415,02
51,132,20.9904353,1109,2021-06-28 18:05:12,52.2849261,2
52,303,20.9469011,1112,2021-06-28 18:05:15,52.2770143,3
53,147,21.2001661,1113,2021-06-28 18:05:16,52.2088018,06
54,152,21.004288,1114,2021-06-28 18:05:16,52.336261,06
55,166,21.0436975,1115,2021-06-28 18:05:14,52.1744278,09
56,132,21.0174263,1116,2021-06-28 18:05:14,52.2953335,3
57,122,20.9763876,1117,2021-06-28 18:05:24,52.2898531,09
58,197,20.8626131,1118,2021-06-28 18:05:16,52.1902648,7
59,126,20.9410135,1119,2021-06-28 18:05:18,52.3249891,3
60,168,20.995388,1200,2021-06-28 18:05:24,52.191414,2
61,119,21.0469777,1202,2021-06-28 18:05:24,52.1958255,1
62,178,20.904076,1203,2021-06-28 18:05:24,52.189251,2
63,178,20.995222,1204,2021-06-28 18:05:23,52.232445,5
64,168,21.0974391,1205,2021-06-28 18:05:21,52.234308,6
65,166,21.034461,1206,2021-06-28 18:05:04,52.258531,1
66,166,21.0453676,1208,2021-06-28 18:05:23,52.1568759,5
67,222,21.0050067,1211,2021-06-28 18:05:23,52.2448224,4
68,174,21.013062,1212,2021-06-28 18:05:24,52.175903,371
69,174,20.9955809,1213,2021-06-28 18:05:23,52.1701595,3
70,218,21.023628,1214,2021-06-28 18:05:23,52.179218,5
71,166,21.0652492,1216,2021-06-28 18:05:23,52.1380142,7
72,168,21.1125532,1218,2021-06-28 18:05:24,52.2362832,5
73,119,21.20558,1220,2021-06-28 18:05:23,52.210068,5
74,122,20.8985011,1400,2021-06-28 18:05:12,52.2510176,012
75,121,20.9460901,1401,2021-06-28 18:05:11,52.2650513,04
76,134,20.9682906,1403,2021-06-28 18:05:20,52.2717853,1
77,110,20.876941,1407,2021-06-28 18:05:14,52.29116,05
78,240,21.058479,1408,2021-06-28 18:05:09,52.301098,4
79,173,21.084251,1411,2021-06-28 18:05:24,52.248314,5
80,117,21.018112,1412,2021-06-28 18:05:24,52.231098,1
81,702,21.157522,1413,2021-06-28 18:05:23,52.167324,2
82,168,21.0084441,1415,2021-06-28 18:05:24,52.207521,1
83,202,21.0927065,1416,2021-06-28 18:05:25,52.2495534,04
84,183,21.0871242,1418,2021-06-28 18:05:24,52.2447545,6
85,147,21.136698,1419,2021-06-28 18:05:24,52.196743,2
86,199,21.1387574,1422,2021-06-28 18:05:21,52.2929204,4
87,198,21.2432947,1423,2021-06-28 18:05:24,52.2217144,05
88,173,21.052765,1424,2021-06-28 18:05:24,52.250416,6
89,115,21.1651352,1425,2021-06-28 18:05:23,52.215635,4
90,173,21.101185,1426,2021-06-28 18:05:23,52.242626,8
91,147,21.052666,1427,2021-06-28 18:05:23,52.250393,4
92,146,21.0521742,1428,2021-06-28 18:05:24,52.2502204,2
93,142,21.125586,1430,2021-06-28 18:05:23,52.234749,06
94,L41,20.744802,14422,2021-06-28 18:05:21,52.417267,1
95,L11,20.80864,14424,2021-06-28 18:05:22,52.443684,1
96,L10,20.924204,14425,2021-06-28 18:05:12,52.418205,50
97,L-8,20.945215,14426,2021-06-28 14:51:54,52.437912,1
98,L41,20.933056,14427,2021-06-28 18:05:21,52.374233,02
99,L11,20.943382,14429,2021-06-28 18:05:25,52.39909,57
100,L34,20.847353,14430,2021-06-28 17:01:01,52.441017,2
101,L34,20.935169,14431,2021-06-28 18:05:20,52.397991,1
102,L11,20.908726,14432,2021-06-28 18:05:17,52.458637,51
103,L-8,20.994001,14434,2021-06-28 18:05:20,52.401623,02
104,L-8,21.037758,14435,2021-06-28 18:05:22,52.397209,1
105,L49,20.889154,14436,2021-06-28 18:05:20,52.405243,1
106,L31,21.184048,14438,2021-06-28 18:05:23,52.41824,1
107,L-9,20.944662,14439,2021-06-28 18:05:25,52.462982,054
108,L-9,20.961994,14440,2021-06-28 18:05:25,52.439915,055
109,134,21.054719,1500,2021-06-28 18:05:20,52.348693,04
110,134,21.0596565,1501,2021-06-28 18:05:14,52.3419841,3
111,110,20.9685885,1502,2021-06-28 18:05:15,52.2721466,2
112,240,21.1110221,1505,2021-06-28 18:05:17,52.3303768,06
113,132,21.061676,1506,2021-06-28 18:05:22,52.3062688,07
114,134,21.002771,1507,2021-06-28 18:05:19,52.290596,2
115,126,21.0568298,1508,2021-06-28 18:05:21,52.3019211,5
116,132,21.0544848,1509,2021-06-28 18:05:19,52.3246326,05
117,166,21.0682443,1510,2021-06-28 18:05:16,52.1292928,6
118,126,21.0120238,1513,2021-06-28 18:05:22,52.3202003,4
119,197,20.8783276,1514,2021-06-28 18:05:21,52.1977581,6
120,197,20.8689376,1515,2021-06-28 18:05:20,52.2070373,8
121,121,20.9751135,1516,2021-06-28 18:05:20,52.2895123,1
122,173,21.242416,1519,2021-06-28 18:05:20,52.249713,10
123,202,21.128506,1521,2021-06-28 18:05:14,52.240276,07
124,202,21.081465,1522,2021-06-28 18:05:23,52.2504867,3
125,146,21.121263,1523,2021-06-28 18:05:16,52.194733,08
126,730,21.086778,1524,2021-06-28 18:05:13,52.24481,052
127,119,21.052398,1525,2021-06-28 18:05:10,52.198498,06
128,147,21.162443,1526,2021-06-28 18:05:18,52.203688,09
129,198,21.222934,1528,2021-06-28 18:05:16,52.217773,3
130,702,21.140615,1530,2021-06-28 18:05:13,52.224865,03
131,198,21.2237667,1531,2021-06-28 18:05:21,52.2538133,2
132,115,21.170301,1533,2021-06-28 18:05:18,52.277026,2
133,142,21.086321,1534,2021-06-28 18:05:13,52.244856,07
134,198,21.243185,1535,2021-06-28 18:05:08,52.221519,1
135,106,21.021731,1537,2021-06-28 18:05:00,52.236449,4
136,170,21.080718,1538,2021-06-28 18:05:20,52.277529,4
137,120,21.039004,1539,2021-06-28 18:05:21,52.351121,1
138,199,21.179704,1540,2021-06-28 18:05:11,52.269154,1
139,156,21.064925,1541,2021-06-28 18:05:17,52.2615,1
140,170,21.0638567,1542,2021-06-28 18:05:16,52.2639117,1
141,156,20.968766,1543,2021-06-28 18:05:20,52.274233,3
142,338,21.101308,1544,2021-06-28 18:05:10,52.260236,01
143,122,20.94525,1546,2021-06-28 18:05:21,52.2657167,013
144,338,21.1007167,1548,2021-06-28 18:05:17,52.2606217,04
145,199,21.079905,1549,2021-06-28 18:05:17,52.292439,2
146,170,21.03431,1550,2021-06-28 18:05:20,52.255265,3
147,240,21.000535,1551,2021-06-28 18:05:19,52.2918367,3
148,221,20.975241,1552,2021-06-28 18:05:08,52.260235,2
149,106,21.0204817,1554,2021-06-28 18:05:16,52.24322,06
150,L-4,20.927639,17451,2021-06-28 18:05:20,52.094078,1
151,L26,21.20911,17452,2021-06-28 18:05:19,52.337261,02
152,L37,21.217834,17453,2021-06-28 17:30:49,52.31118,1
153,L40,21.241787,17454,2021-06-28 18:05:20,52.347176,1
154,L36,21.227282,17456,2021-06-28 18:05:21,52.347656,1
155,L35,21.317617,17458,2021-06-28 18:05:22,52.352909,1
156,L26,21.152597,17460,2021-06-28 18:04:50,52.310802,1
157,L46,21.085148,17461,2021-06-28 18:05:21,52.304863,1
158,L43,21.154955,17462,2021-06-28 18:05:18,52.296955,1
159,L45,21.083378,17464,2021-06-28 18:05:21,52.423565,02
160,L45,21.085236,17465,2021-06-28 18:05:24,52.304893,1
161,L38,21.28543,17466,2021-06-28 18:05:18,52.325013,1
162,L37,21.241121,17467,2021-06-28 18:05:24,52.34589,2
163,L40,21.108583,17468,2021-06-28 18:05:23,52.341846,02
164,197,20.9334308,1800,2021-06-28 18:05:21,52.2529156,4
165,110,20.8966453,1801,2021-06-28 18:05:21,52.3230468,4
166,132,21.0672466,1802,2021-06-28 18:05:18,52.3239845,1
167,166,21.023216,1803,2021-06-28 18:05:23,52.227113,8
168,122,20.9141133,1804,2021-06-28 18:05:19,52.2520838,5
169,173,21.138663,1805,2021-06-28 18:05:13,52.238394,4
170,204,21.0603598,1806,2021-06-28 18:05:20,52.3151268,3
171,122,20.8980396,1807,2021-06-28 18:05:21,52.2484945,4
172,303,20.926714,1808,2021-06-28 18:05:15,52.30894,1
173,147,21.2384111,1809,2021-06-28 18:05:16,52.2161905,1
174,166,21.0267005,1810,2021-06-28 18:05:14,52.2599953,2
175,152,21.043346,1811,2021-06-28 10:10:53,52.266126,06
176,204,21.0232105,1812,2021-06-28 18:05:20,52.2773205,2
177,736,21.0264811,1813,2021-06-28 18:05:19,52.3233845,1
178,147,21.090066,1814,2021-06-28 18:05:09,52.225408,07
179,240,21.0251255,1815,2021-06-28 18:05:18,52.297388,2
180,197,20.928393,1817,2021-06-28 18:05:11,52.2230623,9
181,240,21.0657466,1818,2021-06-28 18:05:15,52.3125188,05
182,221,20.9941126,1819,2021-06-28 18:05:22,52.2594733,1
183,117,21.0050283,1823,2021-06-28 18:05:22,52.2296091,05
184,146,21.2010351,1826,2021-06-28 18:05:20,52.1591313,4
185,183,21.1910065,1828,2021-06-28 18:05:15,52.2426416,3
186,147,21.091481,1829,2021-06-28 18:05:20,52.219606,5
187,722,21.1752978,1830,2021-06-28 18:05:20,52.2254546,1
188,147,21.1169918,1832,2021-06-28 09:25:20,52.2330478,09
189,146,21.195648,1833,2021-06-28 18:05:14,52.1580816,5
190,202,21.116848,1834,2021-06-28 09:35:30,52.233074,04
191,115,21.1563773,1835,2021-06-28 18:05:17,52.2566688,3
192,168,20.9957628,1837,2021-06-28 18:05:10,52.1930481,07
193,183,21.086315,1839,2021-06-28 18:05:19,52.2447383,1
194,202,21.0463913,1840,2021-06-28 18:05:16,52.2479751,05
195,146,21.043896,1842,2021-06-28 18:05:07,52.248645,07
196,183,21.1357015,1843,2021-06-28 18:05:23,52.242115,2
197,119,21.0005085,1844,2021-06-28 18:05:20,52.2061483,3
198,115,21.242048,1846,2021-06-28 18:05:07,52.169921,5
199,730,21.377983,1847,2021-06-28 18:05:18,52.1993745,61
200,119,21.1418345,1848,2021-06-28 18:05:19,52.2141735,4
201,173,21.1475736,1849,2021-06-28 18:05:19,52.2383093,9
202,183,21.1816768,1850,2021-06-28 18:05:17,52.2481668,4
203,173,21.2175796,1851,2021-06-28 18:05:20,52.2143761,1
204,722,21.31293,1854,2021-06-28 18:05:19,52.127126,53
205,147,21.040193,1855,2021-06-28 18:05:21,52.241111,3
206,146,21.058865,1856,2021-06-28 18:05:22,52.2271306,1
207,117,21.021167,1857,2021-06-28 18:05:19,52.2320156,2
208,115,21.176568,1858,2021-06-28 18:05:15,52.2450998,1
209,146,21.204664,1859,2021-06-28 18:05:09,52.159505,09
210,115,21.1982615,1860,2021-06-28 18:05:18,52.1751298,6
211,119,20.999159,1862,2021-06-28 18:05:23,52.206073,2
212,173,21.1850683,1863,2021-06-28 18:05:21,52.2464736,3
213,146,21.0623015,1866,2021-06-28 18:05:17,52.2226001,3
214,183,21.1260651,1867,2021-06-28 18:05:14,52.2346596,5
215,147,21.0608405,1869,2021-06-28 18:05:12,52.2322426,08
216,251,21.0845946,1903,2021-06-28 18:05:13,52.1652685,53
217,168,21.043648,1904,2021-06-28 18:05:17,52.20721,09
218,739,21.0534917,1905,2021-06-28 18:05:22,52.0996593,07
219,251,21.0871285,1907,2021-06-28 18:05:19,52.1591482,54
220,178,20.9853929,1908,2021-06-28 18:05:18,52.1925868,012
221,222,21.0105259,1909,2021-06-28 18:05:20,52.192108,2
222,222,21.002786,1910,2021-06-28 18:05:18,52.2430318,5
223,139,21.1034041,1911,2021-06-28 18:05:23,52.1058149,56
224,222,21.023033,1912,2021-06-28 18:05:21,52.205414,6
225,251,21.1231034,1914,2021-06-28 18:05:24,52.089549,51
226,222,21.020123,1916,2021-06-28 18:05:24,52.232327,3
227,139,21.040503,1917,2021-06-28 18:05:23,52.176067,52
228,739,21.042969,1918,2021-06-28 18:05:24,52.098202,08
229,251,21.024069,1919,2021-06-28 18:05:23,52.179619,55
230,222,20.99592,1920,2021-06-28 18:05:22,52.193432,1
231,178,20.9795359,1991,2021-06-28 18:05:24,52.2293657,010
232,178,20.883406,1993,2021-06-28 18:05:23,52.195343,1
233,168,21.054756,1994,2021-06-28 18:05:24,52.207771,08
234,178,20.997534,1995,2021-06-28 18:05:24,52.232925,3
235,178,20.917147,1996,2021-06-28 18:05:24,52.205387,6
236,178,21.004101,1998,2021-06-28 18:05:24,52.255398,4
237,178,20.9203602,1999,2021-06-28 18:05:23,52.204809,013
238,105,20.923214,2001,2021-06-28 18:05:23,52.221867,1
239,136,20.957073,2003,2021-06-28 18:05:20,52.229881,6
240,Z10,20.914478,2006,2021-06-28 18:05:21,52.235737,3
241,188,20.980209,2007,2021-06-28 18:05:24,52.188782,09
242,517,20.8617325,2008,2021-06-28 18:05:21,52.1910009,07
243,191,20.896542,2009,2021-06-28 18:05:24,52.196011,3
244,184,20.961109,2010,2021-06-28 18:05:22,52.21627,4
245,124,20.939631,2011,2021-06-28 18:05:23,52.172016,03
246,401,21.011206,2013,2021-06-28 18:05:23,52.174587,1
247,182,21.016712,2014,2021-06-28 18:05:24,52.217274,012
248,171,20.92518,2015,2021-06-28 18:05:24,52.272514,1
249,401,20.8619089,2016,2021-06-28 18:05:19,52.1904837,011
250,190,21.013939,2019,2021-06-28 18:05:23,52.246758,014
251,191,20.9694266,2020,2021-06-28 18:05:19,52.2136314,7
252,401,20.8838179,2021,2021-06-28 18:05:23,52.1957149,5
253,522,21.067636,2022,2021-06-28 18:05:21,52.170246,013
254,193,21.012501,2023,2021-06-28 18:05:22,52.174393,06
255,189,20.9229097,2024,2021-06-28 18:05:23,52.1976324,14
256,401,20.9640116,2026,2021-06-28 18:05:22,52.1885242,8
257,522,21.077145,2027,2021-06-28 18:05:22,52.156868,318
258,519,21.0028807,2028,2021-06-28 18:05:24,52.2296407,3
259,501,21.034744,2029,2021-06-28 18:05:20,52.202316,3
260,189,20.914406,2030,2021-06-28 18:05:24,52.214363,9
261,131,21.0688532,2032,2021-06-28 18:05:23,52.1815731,10
262,522,21.022095,2033,2021-06-28 18:05:22,52.211273,07
263,189,20.8987725,2035,2021-06-28 18:05:24,52.2387357,12
264,519,21.0155554,2036,2021-06-28 18:05:23,52.2178869,5
265,501,21.003262,2037,2021-06-28 18:05:23,52.228287,5
266,138,21.01709,2038,2021-06-28 18:05:23,52.217365,010
267,501,21.0488669,2040,2021-06-28 18:05:23,52.1781824,2
268,189,20.9146879,2041,2021-06-28 18:05:22,52.2013369,8
269,138,21.0544207,2042,2021-06-28 18:05:24,52.2616677,012
270,401,20.9586112,2044,2021-06-28 18:05:24,52.1899232,012
271,172,20.9761715,2045,2021-06-28 18:05:23,52.2048792,010
272,172,20.953796,2200,2021-06-28 18:05:24,52.212021,4
273,523,21.10475,2201,2021-06-28 18:05:22,52.246479,14
274,187,21.0482825,2202,2021-06-28 18:05:24,52.1782262,3
275,136,21.056137,2203,2021-06-28 18:05:23,52.147701,1
276,Z10,20.924059,2204,2021-06-28 18:05:24,52.22208,010
277,171,20.911523,2205,2021-06-28 18:05:23,52.2464765,011
278,189,20.898825,2207,2021-06-28 18:05:24,52.238785,10
279,190,20.9483155,2209,2021-06-28 18:05:23,52.2386412,8
280,172,21.033983,2210,2021-06-28 18:05:23,52.201485,2
281,122,20.9814479,2212,2021-06-28 18:05:22,52.274676,6
282,122,20.898764,2213,2021-06-28 18:05:23,52.238644,07
283,136,21.055893,2215,2021-06-28 18:05:23,52.147549,11
284,190,20.9213721,2216,2021-06-28 18:05:22,52.1974259,018
285,401,20.861704,2217,2021-06-28 18:05:24,52.190613,09
286,Z10,20.929451,2218,2021-06-28 18:05:22,52.223255,5
287,148,20.9880019,2221,2021-06-28 18:05:23,52.1565337,8
288,523,21.084568,2222,2021-06-28 18:05:21,52.245903,1
289,191,20.90733,2223,2021-06-28 18:05:24,52.192509,9
290,189,21.069307,2224,2021-06-28 18:05:23,52.181274,2
291,191,20.9848215,2225,2021-06-28 18:05:24,52.2194251,5
292,517,20.9849964,2226,2021-06-28 18:05:23,52.2204684,3
293,136,21.05574,2231,2021-06-28 18:05:23,52.147442,013
294,189,20.899059,2232,2021-06-28 18:05:24,52.238712,11
295,317,20.9444031,2233,2021-06-28 18:05:23,52.1753367,08
296,Z10,20.9239054,2235,2021-06-28 18:05:23,52.2608295,011
297,317,21.084408,2236,2021-06-28 18:05:22,52.167393,4
298,187,21.0607529,2240,2021-06-28 18:05:22,52.1848481,2
299,136,21.001009,2241,2021-06-28 18:05:21,52.183434,9
300,191,20.870564,2243,2021-06-28 18:05:22,52.184261,1
301,171,20.978121,2244,2021-06-28 18:05:21,52.238224,4
302,Z10,20.924973,2245,2021-06-28 18:05:24,52.260891,9
303,717,20.952488,2247,2021-06-28 18:05:19,52.21199,3
304,317,21.053053,2249,2021-06-28 18:05:23,52.173115,06
305,189,21.0443045,2252,2021-06-28 18:05:24,52.1745389,4
306,112,20.919975,2253,2021-06-28 18:05:25,52.257492,2
307,191,20.946476,2254,2021-06-28 18:05:24,52.208389,010
308,141,21.0484707,2256,2021-06-28 18:05:22,52.2023862,013
309,172,21.0231679,2257,2021-06-28 18:05:23,52.1972061,7
310,317,20.977592,2258,2021-06-28 18:05:24,52.180115,1
311,187,21.0216384,2259,2021-06-28 18:05:23,52.2184061,4
312,L48,21.303106,23481,2021-06-28 04:38:21,52.203297,1
313,L47,21.298676,23482,2021-06-28 18:05:22,52.241615,02
314,L47,21.29487,23483,2021-06-28 18:05:23,52.243126,1
315,L20,21.416691,24511,2021-06-28 18:05:24,52.131126,1
316,L20,21.471601,24512,2021-06-28 13:52:17,52.132278,1
317,L20,21.260313,24513,2021-06-28 18:05:20,52.107933,03
318,L20,21.471657,24515,2021-06-28 17:31:13,52.132061,2
319,245,21.070039,3400,2021-06-28 18:05:12,52.28036,2
320,112,21.0502258,3401,2021-06-28 18:05:11,52.290807,018
321,412,21.091731,3403,2021-06-28 18:05:19,52.307159,01
322,112,21.04859,3404,2021-06-28 18:05:20,52.289115,7
323,412,21.068449,3405,2021-06-28 18:05:18,52.323333,05
324,500,21.0463721,3406,2021-06-28 18:05:19,52.281338,08
325,500,21.0417778,3408,2021-06-28 18:05:14,52.3002888,2
326,160,21.0474166,3409,2021-06-28 18:05:26,52.2628515,013
327,245,21.052913,3410,2021-06-28 18:05:21,52.276538,05
328,114,20.933264,3411,2021-06-28 18:05:20,52.288885,011
329,500,21.0017428,3413,2021-06-28 18:05:13,52.2587443,1
330,190,21.0852943,3414,2021-06-28 18:05:19,52.30483,027
331,114,21.0188961,3415,2021-06-28 18:05:09,52.2906108,09
332,114,20.9812355,3416,2021-06-28 18:05:23,52.267693,010
333,738,21.075219,3417,2021-06-28 18:05:21,52.2866401,3
334,738,21.0527741,3418,2021-06-28 18:05:07,52.2766263,4
335,190,21.0654095,3421,2021-06-28 18:05:23,52.274673,021
336,500,21.0408293,3422,2021-06-28 18:05:12,52.289249,4
337,185,21.0374333,3423,2021-06-28 18:05:21,52.14535,10
338,512,21.050401,3424,2021-06-28 18:05:17,52.2523851,2
339,512,21.069787,3426,2021-06-28 18:05:22,52.2803376,3
340,169,21.036798,3427,2021-06-28 18:05:08,52.252613,2
341,185,21.0377578,3428,2021-06-28 18:05:22,52.1629395,7
342,500,20.9818358,3429,2021-06-28 18:05:22,52.2541093,6
343,169,21.0423703,3430,2021-06-28 18:05:08,52.2954438,3
344,112,20.9248261,3431,2021-06-28 18:05:16,52.261486,3
345,Z26,21.0356353,3432,2021-06-28 18:05:20,52.2557578,1
346,Z26,20.999371,3434,2021-06-28 18:05:09,52.243878,6
347,175,20.9778555,3435,2021-06-28 18:05:20,52.169527,55
348,509,20.9677538,3437,2021-06-28 18:05:18,52.3193961,5
349,132,20.9686785,3438,2021-06-28 18:05:23,52.2719973,06
350,738,21.1804888,3439,2021-06-28 18:05:20,52.399931,1
351,414,21.0408116,3440,2021-06-28 18:05:16,52.289129,07
352,512,21.064676,3441,2021-06-28 18:05:10,52.2736995,5
353,500,20.9821058,3442,2021-06-28 18:05:21,52.2532278,7
354,509,21.0920446,3443,2021-06-28 18:05:19,52.2250613,11
355,245,21.1310163,3444,2021-06-28 18:05:17,52.2815893,04
356,145,21.1268483,3445,2021-06-28 18:05:14,52.2590916,8
357,509,21.0219471,3446,2021-06-28 18:05:19,52.2626403,14
358,162,21.027629,3447,2021-06-28 18:05:17,52.2598135,6
359,190,20.9133145,3448,2021-06-28 18:05:22,52.2381986,2
360,112,20.9776911,3449,2021-06-28 18:05:19,52.2790275,9
361,112,20.897296,3450,2021-06-28 18:05:19,52.224691,12
362,114,21.043474,3451,2021-06-28 09:14:51,52.2654126,09
363,145,21.1004031,3452,2021-06-28 18:05:22,52.2859865,015
364,527,21.0550143,3453,2021-06-28 18:05:21,52.2749041,2
365,190,20.8988406,3454,2021-06-28 18:05:20,52.2388191,1
366,145,21.1047431,3455,2021-06-28 18:05:17,52.2417471,5
367,509,20.9793268,3458,2021-06-28 18:05:20,52.3111696,355
368,245,21.1276151,3459,2021-06-28 18:05:20,52.2794145,1
369,190,21.0159221,3460,2021-06-28 18:05:10,52.2469411,022
370,114,20.930884,3462,2021-06-28 18:05:11,52.270891,2
371,190,21.0650215,3463,2021-06-28 18:05:23,52.2742386,6
372,500,21.0328623,3464,2021-06-28 18:05:13,52.2673766,5
373,114,21.0286021,3465,2021-06-28 18:05:18,52.28778,6
374,112,20.8831811,3466,2021-06-28 18:05:16,52.2149936,1
375,509,21.07063,3467,2021-06-28 18:05:07,52.225088,022
376,245,21.0662201,3468,2021-06-28 18:05:20,52.2759926,03
377,114,20.9493808,3469,2021-06-28 18:05:20,52.270795,7
378,L17,21.012552,36442,2021-06-28 18:05:11,51.95071,02
379,L19,21.029413,36443,2021-06-28 17:49:33,52.07513,1
380,L17,21.029503,36444,2021-06-28 18:05:20,52.074589,1
381,L19,21.029268,36445,2021-06-28 18:05:20,51.942699,02
382,L30,21.221369,36446,2021-06-28 18:05:24,51.954872,1
383,L28,21.116066,36447,2021-06-28 18:05:24,52.102619,1
384,L30,21.090588,36448,2021-06-28 18:05:21,51.954395,02
385,L42,21.116167,37531,2021-06-28 18:05:24,52.102638,52
386,L21,21.202509,37533,2021-06-28 18:05:24,52.015713,1
387,L16,21.152943,37534,2021-06-28 18:05:20,52.135033,1
388,L14,21.202244,37535,2021-06-28 18:05:19,52.079533,1
389,L15,21.151171,37536,2021-06-28 18:05:24,52.049973,51
390,L39,21.036974,38541,2021-06-28 18:05:24,52.077873,4
391,L23,21.022238,38543,2021-06-28 18:05:20,52.074993,M53
392,L23,21.029425,38544,2021-06-28 18:05:21,52.075039,052
393,L39,21.024349,38545,2021-06-28 18:05:24,52.062,3
394,L32,21.023914,38546,2021-06-28 18:05:23,52.075172,1
395,L39,21.004555,38547,2021-06-28 05:46:58,52.110222,1
396,L39,21.051086,38548,2021-06-28 18:05:23,52.102291,2
397,L23,21.017265,38549,2021-06-28 18:05:24,52.067432,51
398,L52,21.007582,38550,2021-06-28 18:05:23,52.055309,1
399,L-2,21.020351,39551,2021-06-28 18:05:21,52.066051,062
400,L-2,20.967777,39552,2021-06-28 18:05:19,52.039925,063
401,L25,21.110191,39554,2021-06-28 18:05:19,51.992619,02
402,L25,21.08614,39555,2021-06-28 18:05:23,52.040958,1
403,L12,21.025064,39556,2021-06-28 18:05:22,52.078785,061
404,L12,21.029436,39557,2021-06-28 18:05:23,52.075443,64
405,L12,20.884375,39558,2021-06-28 18:05:23,52.018097,65
406,L13,21.040703,39560,2021-06-28 18:05:21,52.026562,1
407,L13,21.168934,39561,2021-06-28 18:05:17,52.003025,03
408,L13,21.029299,39562,2021-06-28 18:05:21,52.075523,2
409,L-5,20.961981,39565,2021-06-28 18:05:22,52.066616,1
410,255,20.944229,4200,2021-06-28 18:05:23,52.224445,2
411,703,20.8983441,4202,2021-06-28 18:05:24,52.1368909,52
412,197,20.975803,4205,2021-06-28 18:05:23,52.289776,2
413,902,20.9223249,4206,2021-06-28 16:30:27,52.1964574,M1
414,255,20.931108,4207,2021-06-28 18:05:23,52.225136,03
415,154,20.954842,4209,2021-06-28 18:05:21,52.22794,4
416,178,20.8960124,4210,2021-06-28 18:05:23,52.1857187,011
417,154,20.96336,4211,2021-06-28 18:05:24,52.2173,010
418,711,20.8001284,4212,2021-06-28 18:05:24,52.0910292,063
419,154,20.912634,4213,2021-06-28 18:05:23,52.238922,1
420,154,20.970392,4214,2021-06-28 18:05:24,52.204304,8
421,711,20.9423027,4215,2021-06-28 18:05:21,52.1747681,061
422,122,20.9242427,4216,2021-06-28 18:05:24,52.2543951,3
423,197,20.9559927,4217,2021-06-28 18:05:24,52.2834279,3
424,197,20.956026,4218,2021-06-28 18:05:23,52.283604,1
425,255,20.9702599,4219,2021-06-28 18:05:21,52.2289209,1
426,197,20.9428707,4221,2021-06-28 18:05:24,52.2463124,10
427,129,20.9235954,4224,2021-06-28 18:05:24,52.2046557,2
428,121,20.9492664,4225,2021-06-28 18:05:23,52.2909696,03
429,197,20.9230264,4227,2021-06-28 18:05:25,52.2216009,5
430,154,20.943503,4228,2021-06-28 18:05:07,52.17548,6
431,902,21.051279,4229,2021-06-28 18:05:24,52.23912,M2
432,154,20.976889,4230,2021-06-28 18:05:23,52.1805635,7
433,178,20.895748,4231,2021-06-28 18:05:23,52.185719,9
434,178,20.959818,4232,2021-06-28 18:05:24,52.218262,7
435,714,20.83238,4233,2021-06-28 18:05:24,52.260647,3
436,729,20.773901,4234,2021-06-28 18:05:21,52.260254,02
437,714,20.950138,4235,2021-06-28 18:05:22,52.23864,2
438,L-3,20.828964,42362,2021-06-28 18:05:23,52.031105,02
439,154,20.9776529,4237,2021-06-28 18:05:24,52.1801477,5
440,154,20.8978162,4238,2021-06-28 18:05:23,52.2572291,3
441,178,20.961369,4239,2021-06-28 18:05:21,52.216496,8
442,154,20.9562964,4240,2021-06-28 18:05:22,52.2277284,011
443,714,20.937498,4241,2021-06-28 18:05:23,52.23967,04
444,154,20.884537,4242,2021-06-28 18:05:24,52.264782,2
445,154,20.900652,4243,2021-06-28 18:05:23,52.239487,09
446,901,21.0182005,4244,2021-06-28 18:05:22,52.2361951,1
447,901,21.0085122,4246,2021-06-28 18:05:23,52.2350675,3
448,714,20.876196,4247,2021-06-28 18:05:24,52.248688,1
449,729,20.9201061,4248,2021-06-28 18:05:23,52.2399891,1
450,121,20.925154,4249,2021-06-28 18:05:23,52.272568,2
451,L-1,20.953817,42494,2021-06-28 18:05:23,52.068466,1
452,L-4,21.0165,42495,2021-06-28 06:12:56,52.098907,2
453,L-3,21.022554,42500,2021-06-28 18:05:15,52.074696,1
454,146,21.1120431,4303,2021-06-28 18:05:22,52.2058281,06
455,119,21.139272,4304,2021-06-28 18:05:24,52.2142362,07
456,117,21.0836345,4305,2021-06-28 18:05:24,52.2253397,4
457,147,21.0523019,4307,2021-06-28 18:05:24,52.2502764,010
458,142,21.1387996,4308,2021-06-28 18:05:22,52.192747,08
459,198,21.222684,4309,2021-06-28 18:05:20,52.2432775,04
460,702,21.262863,4312,2021-06-28 18:05:23,52.1080819,1
461,105,16.9750897,4332,2021-06-26 13:35:37,52.5472771,4
462,N72,16.9763326,4333,2021-06-28 15:21:54,52.5456077,215
463,240,21.11894,4400,2021-06-28 18:05:24,52.338303,1
464,132,21.049234,4401,2021-06-28 18:05:22,52.322868,09
465,126,20.9777414,4402,2021-06-28 18:05:24,52.3126774,2
466,120,21.050928,4403,2021-06-28 18:05:23,52.252541,5
467,166,21.0506026,4404,2021-06-28 18:05:22,52.2407219,3
468,156,21.071751,4406,2021-06-28 18:05:23,52.267296,2
469,122,20.976233,4407,2021-06-28 18:05:22,52.266117,010
470,134,21.027544,4408,2021-06-28 18:05:22,52.298122,05
471,106,21.022078,4409,2021-06-28 18:05:25,52.236671,1
472,199,21.058395,4411,2021-06-28 18:05:23,52.274521,3
473,173,21.26202,4413,2021-06-28 18:05:21,52.243538,2
474,106,20.9651872,4415,2021-06-28 18:05:24,52.2420449,2
475,106,20.99122,4416,2021-06-28 18:05:24,52.235249,07
476,170,21.021877,4417,2021-06-28 18:05:24,52.262505,2
477,106,20.966209,4418,2021-06-28 18:05:19,52.233215,3
478,120,21.058323,4419,2021-06-28 18:05:21,52.301014,7
479,901,21.0035356,4420,2021-06-28 18:05:22,52.229507,4
480,126,21.047079,4421,2021-06-28 18:05:23,52.286499,1
481,338,21.034151,4422,2021-06-28 18:05:24,52.25563,02
482,106,21.020609,4423,2021-06-28 18:05:19,52.243107,5
483,901,21.022944,4424,2021-06-28 18:05:24,52.22908,2
484,156,21.018179,4425,2021-06-28 18:05:22,52.291924,5
485,166,21.046226,4427,2021-06-28 18:05:22,52.188034,4
486,156,20.928062,4428,2021-06-28 18:05:23,52.29084,4
487,303,20.9863229,4429,2021-06-28 18:05:18,52.269425,2
488,106,20.997507,4430,2021-06-28 18:05:24,52.236004,08
489,338,21.053278,4434,2021-06-28 18:05:24,52.260258,03
490,122,20.9333791,5200,2021-06-28 18:05:16,52.2705462,08
491,171,20.9483016,5201,2021-06-28 18:05:18,52.2385399,8
492,517,20.951686,5202,2021-06-28 18:05:17,52.211885,09
493,523,20.979953,5203,2021-06-28 18:05:08,52.216858,020
494,401,20.910356,5204,2021-06-28 18:05:05,52.195358,013
495,105,20.8989127,5205,2021-06-28 18:05:17,52.238806,5
496,131,21.0509826,5206,2021-06-28 18:05:23,52.1978793,2
497,182,21.100815,5207,2021-06-28 18:05:06,52.238013,011
498,517,21.0018328,5208,2021-06-28 18:05:22,52.2274647,2
499,184,20.972821,5210,2021-06-28 18:05:13,52.219246,2
500,105,20.984425,5211,2021-06-28 18:05:15,52.230848,09
501,523,21.0688594,5212,2021-06-28 18:05:18,52.2299712,015
502,Z10,20.9132925,5213,2021-06-28 18:05:17,52.2518155,1
503,184,20.9558731,5214,2021-06-28 18:05:20,52.2280332,1
504,523,20.9317538,5215,2021-06-28 18:05:16,52.2403051,7
505,131,21.0155897,5216,2021-06-28 18:05:21,52.2172753,8
506,189,20.9220571,5217,2021-06-28 16:49:01,52.1957361,11
507,122,20.9339779,5218,2021-06-28 18:05:17,52.2707088,011
508,401,20.8626674,5219,2021-06-28 18:05:14,52.1901941,6
509,124,20.9437074,5222,2021-06-28 18:05:14,52.1762803,1
510,190,21.0026621,5223,2021-06-28 18:05:14,52.2447419,7
511,517,20.8828847,5224,2021-06-28 18:05:03,52.1932527,4
512,523,20.9576822,5225,2021-06-28 18:05:22,52.2247175,6
513,401,20.9148583,5226,2021-06-28 18:05:19,52.1995292,4
514,189,21.0626741,5227,2021-06-28 18:05:22,52.1859998,024
515,124,20.9650851,5228,2021-06-28 18:05:20,52.1516812,2
516,131,21.005223,5229,2021-06-28 18:05:19,52.22905,5
517,523,21.0087399,5230,2021-06-28 18:05:22,52.2172587,016
518,189,20.9663475,5232,2021-06-28 18:05:23,52.1874135,7
519,148,21.0085051,5233,2021-06-28 18:05:16,52.1544659,011
520,105,20.909873,5234,2021-06-28 18:05:22,52.218566,011
521,105,20.9376913,5235,2021-06-28 18:05:22,52.2253591,3
522,517,20.9880448,5236,2021-06-28 18:05:17,52.2244288,1
523,171,21.0362935,5237,2021-06-28 18:05:10,52.2251267,6
524,401,20.8865405,5238,2021-06-28 18:05:20,52.1952512,7
525,182,21.105108,5239,2021-06-28 18:05:21,52.237006,9
526,184,20.9609575,5240,2021-06-28 18:05:15,52.2162441,3
527,187,20.8745491,5241,2021-06-28 18:05:20,52.1953283,8
528,190,20.8982159,5243,2021-06-28 18:05:06,52.2394352,011
529,189,20.9995949,5244,2021-06-28 18:05:18,52.1786366,018
530,105,20.8989294,5245,2021-06-28 18:05:13,52.2387523,6
531,148,21.099559,5246,2021-06-28 18:05:18,52.2430507,012
532,716,20.8451912,5247,2021-06-28 18:05:22,52.1869581,1
533,141,20.984855,5248,2021-06-28 18:05:23,52.1981889,7
534,317,20.9436266,5249,2021-06-28 18:05:22,52.1758907,2
535,188,21.0141087,5250,2021-06-28 18:05:20,52.2168645,3
536,187,21.0245715,5251,2021-06-28 18:05:16,52.2192385,1
537,189,20.8967862,5253,2021-06-28 18:05:18,52.2386727,020
538,401,21.0266029,5254,2021-06-28 18:05:16,52.1703121,010
539,190,21.061354,5255,2021-06-28 18:05:21,52.269696,016
540,148,21.0691121,5256,2021-06-28 18:05:17,52.2033781,1
541,716,20.930409,5257,2021-06-28 18:05:14,52.225056,2
542,188,20.9862624,5258,2021-06-28 18:05:21,52.2045639,4
543,105,20.897416,5260,2021-06-28 18:05:11,52.221403,08
544,723,20.924095,5401,2021-06-28 18:05:22,52.397926,3
545,185,20.9758159,5403,2021-06-28 18:05:22,52.2896946,3
546,145,21.13331,5404,2021-06-28 18:05:23,52.246376,4
547,269,21.044395,5405,2021-06-28 18:05:24,52.278397,05
548,509,21.0366972,5406,2021-06-28 18:05:23,52.2526544,13
549,120,21.039167,5407,2021-06-28 18:05:22,52.35043,2
550,527,21.0503154,5408,2021-06-28 18:05:22,52.2765216,054
551,E-9,20.968031,5409,2021-06-28 18:05:18,52.272022,01
552,731,21.000835,5410,2021-06-28 18:05:24,52.291259,1
553,723,20.925165,5412,2021-06-28 18:05:24,52.384575,4
554,705,21.0698644,5413,2021-06-28 18:05:24,52.4740859,66
555,511,20.9426169,5414,2021-06-28 18:05:23,52.3486204,1
556,723,20.986128,5416,2021-06-28 18:05:24,52.306137,1
557,E-9,20.967548,5417,2021-06-28 18:05:23,52.271935,02
558,511,20.9308186,5418,2021-06-28 18:05:24,52.2915687,2
559,120,21.054361,5419,2021-06-28 18:05:21,52.295822,3
560,160,21.0601409,5420,2021-06-28 18:05:21,52.3155832,5
561,511,20.930094,5421,2021-06-28 18:05:23,52.291443,3
562,160,21.047724,5423,2021-06-28 18:05:23,52.2746704,012
563,511,20.9728449,5424,2021-06-28 18:05:24,52.3197019,06
564,116,21.0196452,5425,2021-06-28 18:05:24,52.2331506,4
565,116,20.9429375,5426,2021-06-28 18:05:24,52.2775822,11
566,527,21.05579,5428,2021-06-28 18:05:23,52.297367,1
567,731,20.94149,5429,2021-06-28 18:05:22,52.355968,2
568,145,21.0002959,5430,2021-06-28 18:05:23,52.2913732,11
569,160,21.046244,5432,2021-06-28 18:05:19,52.281052,7
570,414,21.0422916,5434,2021-06-28 18:05:24,52.2956279,08
571,527,21.0682019,5436,2021-06-28 18:05:24,52.3238394,3
572,705,21.0418474,5437,2021-06-28 18:05:24,52.4343922,1
573,731,20.9521312,5438,2021-06-28 18:05:23,52.4062929,4
574,738,21.181051,5439,2021-06-28 18:05:23,52.418354,2
575,735,21.0121425,5441,2021-06-28 18:05:24,52.4533967,64
576,160,21.002775,5443,2021-06-28 18:05:24,52.229549,2
577,E-9,21.0624361,5444,2021-06-28 18:05:23,52.3103282,04
578,705,21.048461,5445,2021-06-28 03:52:31,52.264575,65
579,735,21.0293447,5446,2021-06-28 18:05:23,52.3511964,62
580,114,20.93305,5447,2021-06-28 18:05:24,52.289593,08
581,735,20.9681417,5448,2021-06-28 18:05:21,52.2720376,63
582,160,21.0023745,5449,2021-06-28 18:05:23,52.2290934,3
583,511,20.9326466,5453,2021-06-28 18:05:21,52.2787392,4
584,160,20.994383,5454,2021-06-28 18:05:23,52.242054,09
585,169,21.04188,5455,2021-06-28 18:05:24,52.300217,4
586,269,21.0424321,5457,2021-06-28 18:05:24,52.2967685,04
587,180,20.9389916,5459,2021-06-28 18:05:21,52.2773505,016
588,705,20.9951717,5460,2021-06-28 18:05:24,52.3115405,65
589,175,20.993088,5870,2021-06-28 18:05:21,52.225731,53
590,175,21.0120562,5871,2021-06-28 18:05:24,52.2433419,59
591,503,21.002621,5873,2021-06-28 18:05:24,52.258507,1
592,175,20.989454,5874,2021-06-28 18:05:19,52.219898,58
593,138,20.99291,5875,2021-06-28 18:05:20,52.185459,011
594,331,20.998089,5876,2021-06-28 18:05:20,52.187305,01
595,180,20.9472821,5877,2021-06-28 18:05:13,52.268173,017
596,709,21.020086,5878,2021-06-28 18:05:23,52.172958,013
597,175,21.016848,5880,2021-06-28 18:05:22,52.231068,070
598,503,21.020498,5881,2021-06-28 18:05:23,52.173218,5
599,175,20.978161,5882,2021-06-28 18:05:22,52.169445,56
600,180,20.9799,5883,2021-06-28 18:05:20,52.24966,10
601,503,20.998091,5885,2021-06-28 18:03:22,52.18679,5
602,180,21.050138,5886,2021-06-28 18:05:20,52.202164,13
603,128,20.963482,5887,2021-06-28 18:05:20,52.207798,074
604,175,20.973427,5888,2021-06-28 18:05:23,52.172115,069
605,180,20.924809,5889,2021-06-28 18:05:22,52.272549,8
606,128,20.978628,5890,2021-06-28 18:05:20,52.20031,62
607,180,20.9250199,5891,2021-06-28 18:05:14,52.2724262,7
608,504,20.998991,5892,2021-06-28 18:05:21,52.185493,010
609,503,21.024817,5893,2021-06-28 18:05:17,52.221241,3
610,128,21.012918,5894,2021-06-28 18:05:22,52.243237,066
611,503,21.002588,5895,2021-06-28 18:05:23,52.254818,12
612,503,21.014856,5897,2021-06-28 18:05:19,52.242897,2
613,128,21.019484,5898,2021-06-28 18:05:20,52.233334,071
614,128,21.015072,5899,2021-06-28 18:05:20,52.24258,51
615,158,21.117647,5900,2021-06-28 18:05:21,52.233772,5
616,175,21.018198,5902,2021-06-28 18:05:13,52.236458,52
617,158,21.002392,5903,2021-06-28 18:05:22,52.22757,8
618,503,21.044235,5905,2021-06-28 18:05:21,52.177807,8
619,128,20.972382,5906,2021-06-28 18:05:24,52.205532,63
620,503,21.049364,5907,2021-06-28 18:05:22,52.154602,7
621,175,20.978174,5908,2021-06-28 18:05:21,52.180668,068
622,175,21.013475,5909,2021-06-28 18:05:22,52.230095,067
623,128,20.963701,5910,2021-06-28 18:05:24,52.20771,073
624,111,21.102505,5911,2021-06-28 18:05:22,52.222065,4
625,116,20.976313,5913,2021-06-28 18:05:24,52.271149,12
626,175,20.98698,5915,2021-06-28 18:05:24,52.20686,54
627,128,21.006685,5918,2021-06-28 18:05:23,52.228699,60
628,158,20.967846,5920,2021-06-28 18:05:21,52.218773,1
629,116,21.026575,5921,2021-06-28 18:05:19,52.213257,15
630,175,21.1163987,5923,2021-06-28 10:17:16,52.2339737,072
631,116,21.084335,5924,2021-06-28 18:05:23,52.167004,17
632,116,21.035751,5926,2021-06-28 18:05:21,52.201172,3
633,158,21.077595,5927,2021-06-28 18:05:22,52.236668,7
634,116,21.0120629,5928,2021-06-28 18:05:20,52.2463942,5
635,175,20.983782,5929,2021-06-28 18:05:21,52.198822,57
636,158,20.963276,5930,2021-06-28 18:05:20,52.216843,9
637,158,21.091101,5931,2021-06-28 18:05:24,52.23568,3
638,116,20.990194,5932,2021-06-28 18:05:23,52.264397,6
639,111,21.0180192,5933,2021-06-28 18:05:25,52.2370397,2
640,158,21.021267,5934,2021-06-28 18:05:23,52.232048,4
641,503,21.002281,5935,2021-06-28 18:05:21,52.254734,11
642,503,21.0199452,5936,2021-06-28 18:05:22,52.2324951,10
643,111,20.979136,5937,2021-06-28 18:05:19,52.24435,10
644,158,20.949341,5939,2021-06-28 18:05:20,52.211597,2
645,175,21.012819,5942,2021-06-28 18:05:24,52.243069,072
646,111,21.0445,5943,2021-06-28 18:05:20,52.2366,7
647,158,21.11771,5945,2021-06-28 18:05:24,52.2339874, 
648,111,21.01314,5946,2021-06-28 18:05:21,52.242062,8
649,111,21.102289,5947,2021-06-28 18:05:21,52.22216,5
650,503,21.049932,5948,2021-06-28 18:05:22,52.144684,013
651,503,21.044621,5950,2021-06-28 18:05:21,52.175682,4
652,180,21.083813,5951,2021-06-28 18:05:20,52.168365,2
653,518,20.98826,5952,2021-06-28 18:05:18,52.304535,7
654,160,21.002562,5954,2021-06-28 18:05:24,52.229332,010
655,160,21.047455,5956,2021-06-28 18:05:23,52.284534,013
656,111,21.097923,5958,2021-06-28 18:05:20,52.226845,011
657,160,21.046564,5959,2021-06-28 18:05:24,52.270668,08
658,111,21.061335,5960,2021-06-28 18:05:22,52.232456,3
659,190,21.034615,5961,2021-06-28 18:05:24,52.255329,024
660,116,21.001654,5962,2021-06-28 18:05:21,52.25219,13
661,111,20.98951,5963,2021-06-28 18:05:19,52.247673,1
662,518,21.014616,5964,2021-06-28 18:05:22,52.243172,3
663,518,20.941536,5965,2021-06-28 18:05:21,52.332523,08
664,518,21.023588,5966,2021-06-28 18:05:23,52.228333,2
665,160,20.994379,5967,2021-06-28 18:05:22,52.242222,011
666,180,21.015333,5970,2021-06-28 18:05:20,52.242214,11
667,518,20.987225,5972,2021-06-28 18:05:21,52.268002,1
668,E-9,21.0440576,5973,2021-06-28 18:05:22,52.3027779,03
669,518,20.971876,5975,2021-06-28 18:05:23,52.271729,4
670,180,20.994305,5976,2021-06-28 18:05:21,52.248749,6
671,503,21.03503,5978,2021-06-28 18:05:22,52.201942,9
672,503,21.04446,5979,2021-06-28 18:05:23,52.143028,6
673,111,21.063051,5980,2021-06-28 18:05:23,52.228539,6
674,705,20.996172,5981,2021-06-28 18:05:22,52.287888,07
675,111,20.979551,5982,2021-06-28 18:05:21,52.244617,9
676,128,21.003595,5983,2021-06-28 18:05:20,52.228256,65
677,180,21.032143,5984,2021-06-28 18:05:21,52.206947,4
678,180,21.077877,5985,2021-06-28 18:05:19,52.175243,14
679,180,21.023085,5986,2021-06-28 18:05:20,52.228325,12
680,180,20.924574,5987,2021-06-28 18:05:21,52.272846,9
681,180,21.083868,5988,2021-06-28 18:05:22,52.167976,1
682,116,21.084146,5989,2021-06-28 18:05:22,52.167816,1
683,705,21.035498,5990,2021-06-28 18:05:21,52.397915,08
684,116,21.063053,5991,2021-06-28 18:05:22,52.174767,2
685,518,20.942141,5994,2021-06-28 18:05:23,52.334557,6
686,116,20.95282,5995,2021-06-28 18:05:23,52.276352,7
687,116,21.056257,5996,2021-06-28 18:05:20,52.181572,16
688,116,20.933764,5997,2021-06-28 18:05:24,52.278599,10
689,518,20.9583,5998,2021-06-28 18:05:23,52.313427,5
690,116,20.924936,5999,2021-06-28 18:05:24,52.272293,8
691,184,20.928894,6200,2021-06-28 18:05:24,52.264206,7
692,112,20.913715,6201,2021-06-28 18:05:21,52.237366,11
693,187,20.86199,6203,2021-06-28 18:05:20,52.190987,9
694,167,21.007469,6204,2021-06-28 18:05:24,52.208714,013
695,728,20.8871727,6207,2021-06-28 18:05:23,52.1011999,02
696,Z10,20.914883,6208,2021-06-28 18:05:22,52.229946,7
697,703,20.808941,6209,2021-06-28 18:05:24,52.093552,91
698,414,20.960079,6210,2021-06-28 18:05:24,52.217823,04
699,713,20.930214,6212,2021-06-28 18:05:24,52.224892,3
700,414,20.976366,6213,2021-06-28 18:05:24,52.210773,03
701,184,20.924028,6214,2021-06-28 18:05:24,52.254086,5
702,191,20.982566,6215,2021-06-28 18:05:24,52.2177637,6
703,105,20.89683,6216,2021-06-28 18:05:24,52.233387,7
704,167,21.0432429,6217,2021-06-28 18:05:18,52.2067224,1
705,105,20.89905,6218,2021-06-28 18:05:23,52.238838,010
706,136,20.9844725,6220,2021-06-28 18:05:23,52.2008934,4
707,189,20.897024,6221,2021-06-28 18:05:21,52.229645,13
708,187,20.95166,6222,2021-06-28 18:05:22,52.211414,5
709,105,20.896755,6223,2021-06-28 18:05:23,52.230518,4
710,517,20.93593,6224,2021-06-28 18:05:24,52.20134,6
711,717,20.9467569,6225,2021-06-28 18:05:24,52.2085822,2
712,716,20.876314,6226,2021-06-28 18:05:23,52.198441,3
713,188,21.0887656,6227,2021-06-28 18:05:23,52.250243,1
714,190,20.965775,6228,2021-06-28 18:05:23,52.237263,3
715,187,20.9486427,6229,2021-06-28 18:05:24,52.2094261,6
716,706,20.9288824,6231,2021-06-28 18:05:24,52.1623371,03
717,190,20.896727,6232,2021-06-28 18:05:24,52.231159,9
718,191,20.956623,6233,2021-06-28 18:05:24,52.214989,4
719,414,20.9559637,6234,2021-06-28 18:05:24,52.2354134,02
720,112,20.920919,6236,2021-06-28 18:05:23,52.25816,10
721,114,21.0425402,6237,2021-06-28 18:05:24,52.2990914,4
722,728,20.8945114,6239,2021-06-28 18:05:24,52.1236396,1
723,414,21.003498,6240,2021-06-28 18:05:22,52.290405,01
724,517,20.8945337,6241,2021-06-28 18:05:22,52.1925539,5
725,182,21.057497,6242,2021-06-28 18:05:24,52.227291,7
726,706,20.944324,6243,2021-06-28 18:02:44,52.175973,2
727,L29,20.504459,65471,2021-06-28 18:05:20,52.260849,1
728,L-6,20.851256,66524,2021-06-28 18:05:20,52.257662,02
729,L-6,20.802412,66525,2021-06-28 18:05:23,52.27734,1
730,190,20.898834,7200,2021-06-28 18:05:24,52.238983,10
731,189,21.02574,7201,2021-06-28 18:05:24,52.17345,6
732,112,20.938808,7202,2021-06-28 18:05:23,52.276386,019
733,141,21.112961,7203,2021-06-28 18:05:24,52.236275,4
734,317,20.972551,7204,2021-06-28 18:05:24,52.182316,07
735,131,21.013493,7205,2021-06-28 18:05:23,52.227257,011
736,523,20.9319409,7206,2021-06-28 18:05:23,52.2403181,10
737,189,20.89703,7207,2021-06-28 18:05:24,52.227936,019
738,414,20.9596082,7208,2021-06-28 18:05:23,52.2686072,06
739,721,20.9431887,7212,2021-06-28 18:05:24,52.1756585,02
740,112,21.023199,7213,2021-06-28 18:05:24,52.297375,5
741,191,20.896507,7214,2021-06-28 18:05:23,52.19577,2
742,112,21.031879,7215,2021-06-28 18:05:23,52.299229,8
743,713,20.750593,7216,2021-06-28 18:05:24,52.211555,2
744,189,20.92959,7219,2021-06-28 18:05:22,52.195972,022
745,517,20.936634,7220,2021-06-28 18:05:24,52.201324,09
746,187,20.971642,7222,2021-06-28 18:05:23,52.219639,12
747,122,20.985222,7223,2021-06-28 18:05:25,52.268578,2
748,721,20.8297567,7225,2021-06-28 18:05:24,52.0550404,1
749,706,20.921118,7226,2021-06-28 18:05:23,52.137897,1
750,114,20.974751,7227,2021-06-28 18:05:23,52.265755,3
751,114,20.9170859,7228,2021-06-28 18:05:23,52.3128807,1
752,112,20.907759,7229,2021-06-28 18:05:24,52.228561,014
753,517,20.867662,7230,2021-06-28 18:05:23,52.19138,08
754,713,20.818707,7231,2021-06-28 18:05:24,52.211418,04
755,717,20.828836,7232,2021-06-28 18:05:24,52.192944,1
756,189,21.0688419,7233,2021-06-28 18:05:22,52.1812939,3
757,713,20.8659619,7234,2021-06-28 18:05:24,52.2162197,1
758,187,20.882164,7235,2021-06-28 18:05:23,52.197823,10
759,184,20.927549,7237,2021-06-28 18:05:23,52.291595,6
760,141,21.084621,7238,2021-06-28 18:05:24,52.243546,5
761,189,20.986769,7239,2021-06-28 18:05:24,52.181778,16
762,184,20.920343,7240,2021-06-28 18:05:24,52.257122,8
763,317,21.0305629,7241,2021-06-28 18:05:23,52.1735027,5
764,141,20.9834054,7242,2021-06-28 18:05:23,52.1978759,1
765,523,20.898314,7243,2021-06-28 18:05:16,52.258507,9
766,401,21.012188,7244,2021-06-28 18:05:23,52.174389,3
767,187,20.901798,7245,2021-06-28 18:05:24,52.1991854,7
768,190,20.914888,7247,2021-06-28 18:05:23,52.234459,017
769,188,20.9780994,7248,2021-06-28 18:05:23,52.1695037,5
770,171,20.924032,7249,2021-06-28 18:05:23,52.252636,3
771,317,21.036936,7250,2021-06-28 18:05:23,52.173534,3
772,105,20.957092,7251,2021-06-28 18:05:20,52.228207,2
773,167,20.939682,7252,2021-06-28 18:05:23,52.235554,4
774,122,20.977264,7254,2021-06-28 18:05:23,52.287132,1
775,191,20.9383849,7256,2021-06-28 18:05:24,52.202549,8
776,190,20.93572,7257,2021-06-28 18:05:24,52.2399365,012
777,187,20.9117454,7258,2021-06-28 18:05:24,52.1971334,11
778,189,20.9643831,7259,2021-06-28 18:05:24,52.1883972,15
779,125,21.0628139,7301,2021-06-28 18:05:23,52.2465552,08
780,507,21.004526,7303,2021-06-28 18:05:24,52.23003,5
781,188,20.9782477,7304,2021-06-28 18:05:24,52.1702781,07
782,138,21.0025655,7305,2021-06-28 18:05:23,52.1744284,4
783,151,21.1049097,7306,2021-06-28 18:05:24,52.2305242,04
784,509,21.0332764,7307,2021-06-28 18:05:24,52.2543419,7
785,138,21.0550457,7308,2021-06-28 18:05:22,52.2328577,1
786,188,21.1061371,7310,2021-06-28 18:05:23,52.2460291,2
787,182,20.965176,7312,2021-06-28 18:05:22,52.218098,5
788,E-1,21.102383,7314,2021-06-28 18:05:23,52.222153,01
789,143,21.1661871,7315,2021-06-28 18:05:22,52.2626259,7
790,188,21.062056,7316,2021-06-28 18:05:24,52.228317,08
791,402,21.0462,7317,2021-06-28 18:05:23,52.18996,3
792,182,20.9728657,7318,2021-06-28 18:05:23,52.2190177,4
793,182,20.9980752,7319,2021-06-28 18:05:21,52.2167167,3
794,411,21.059023,7320,2021-06-28 18:05:21,52.227516,01
795,182,21.015989,7322,2021-06-28 18:05:21,52.217415,8
796,E-1,21.078794,7323,2021-06-28 18:05:23,52.226135,02
797,138,20.9953705,7325,2021-06-28 18:05:19,52.170269,3
798,141,21.0274664,7326,2021-06-28 18:05:24,52.1999934,6
799,E-1,21.04455,7327,2021-06-28 18:05:21,52.246765,03
800,182,21.0539605,7328,2021-06-28 18:05:23,52.226271,1
801,523,20.911283,7329,2021-06-28 18:05:24,52.247196,017
802,171,21.01123,7330,2021-06-28 18:05:23,52.231159,5
803,162,21.035229,7331,2021-06-28 18:05:24,52.255962,013
804,141,20.944164,7333,2021-06-28 18:05:23,52.175465,8
805,116,20.9249432,7334,2021-06-28 18:05:24,52.2723402,69
806,110,20.970146,742,2021-06-28 18:05:23,52.271988,1
807,750,20.871954,745,2021-06-28 18:05:20,52.345772,07
808,250,20.868567,746,2021-06-28 18:05:24,52.332874,1
809,850,20.630394,749,2021-06-28 18:05:21,52.379898,2
810,150,20.885557,750,2021-06-28 18:05:23,52.341404,1
811,750,20.938728,755,2021-06-28 18:05:23,52.30048,2
812,110,20.920885,757,2021-06-28 18:05:21,52.281944,3
813,150,20.846468,758,2021-06-28 18:05:21,52.341038,2
814,750,20.822514,761,2021-06-28 18:05:18,52.372234,4
815,750,20.731792,762,2021-06-28 18:05:18,52.39069,1
816,850,20.943129,763,2021-06-28 18:05:23,52.294373,1
817,151,21.0752177,7701,2021-06-28 18:05:24,52.2331942,1
818,411,21.1018547,7702,2021-06-28 18:05:24,52.2224174,04
819,402,21.0457196,7703,2021-06-28 18:05:24,52.1834269,7
820,151,21.0443106,7704,2021-06-28 18:05:24,52.2242987,05
821,150,20.864262333,772,2021-06-28 18:05:21,52.359924667,04
822,150,20.901783,773,2021-06-28 18:05:22,52.331799667,05
823,150,20.928106,774,2021-06-28 18:05:21,52.290897,3
824,250,20.896547,775,2021-06-28 18:05:23,52.295349,3
825,250,20.930446,776,2021-06-28 18:05:24,52.2862416,2
826,750,20.9240947,777,2021-06-28 18:05:24,52.3115097,3
827,143,21.1618078,8103,2021-06-28 18:05:16,52.2592371,011
828,167,20.9994085,8108,2021-06-28 18:05:13,52.2170036,8
829,217,21.0242323,8109,2021-06-28 18:05:16,52.1796561,2
830,174,20.9986261,8110,2021-06-28 18:05:22,52.2324936,010
831,136,20.9661225,8112,2021-06-28 18:05:18,52.243186,014
832,709,21.0183258,8115,2021-06-28 18:05:17,52.1123358,8
833,174,20.999729,8119,2021-06-28 18:05:18,52.2313348,6
834,136,20.9576501,8120,2021-06-28 18:05:20,52.2271693,7
835,143,21.005036,8121,2021-06-28 18:05:07,52.21625,09
836,504,21.0687605,8123,2021-06-28 18:05:09,52.1289088,3
837,165,21.0018858,8124,2021-06-28 18:05:13,52.1750911,4
838,727,20.9437678,8125,2021-06-28 18:05:19,52.0368715,3
839,709,21.0236523,8126,2021-06-28 18:05:18,52.0815491,014
840,402,21.1560218,8130,2021-06-28 18:05:18,52.2402381,5
841,136,21.055821,8131,2021-06-28 18:05:22,52.1489471,012
842,148,21.0555853,8133,2021-06-28 18:05:23,52.1816126,5
843,402,20.993458,8134,2021-06-28 18:05:17,52.178753,9
844,167,21.0829488,8135,2021-06-28 18:05:15,52.2082805,9
845,162,21.0583526,8136,2021-06-28 18:05:19,52.193063,08
846,162,21.0282881,8137,2021-06-28 18:04:52,52.2394256,011
847,162,21.0332888,8138,2021-06-28 18:05:20,52.2564668,7
848,136,21.0060256,8139,2021-06-28 18:05:17,52.171138,016
849,168,21.0949083,8140,2021-06-28 18:05:05,52.2300728,4
850,504,21.0455561,8143,2021-06-28 18:05:21,52.1415528,011
851,504,21.0686343,8144,2021-06-28 18:05:18,52.129045,4
852,709,21.0226435,8145,2021-06-28 18:05:26,52.0822528,011
853,727,21.0230765,8146,2021-06-28 18:05:19,52.082226,2
854,148,21.050141,8148,2021-06-28 18:05:21,52.15507,6
855,709,21.024175,8152,2021-06-28 18:05:16,52.1799906,1
856,217,21.0363071,8153,2021-06-28 18:05:19,52.1769596,1
857,136,20.987345,8154,2021-06-28 18:05:21,52.210488,8
858,131,21.0691723,8155,2021-06-28 18:05:18,52.1812413,9
859,709,21.0129901,8156,2021-06-28 18:05:18,52.0742808,6
860,308,21.0237463,8158,2021-06-28 18:05:20,52.1900146,01
861,136,20.9597688,8160,2021-06-28 18:05:17,52.2200581,5
862,504,20.9816338,8162,2021-06-28 18:05:18,52.1908851,1
863,331,20.996604,8164,2021-06-28 17:58:28,52.187559,05
864,331,21.0177786,8165,2021-06-28 18:05:18,52.1528778,03
865,709,21.0056486,8166,2021-06-28 18:05:18,52.1715911,9
866,148,21.1022536,8167,2021-06-28 18:05:17,52.2204636,4
867,218,21.0245913,8168,2021-06-28 18:05:19,52.1907615,3
868,504,21.066446,8169,2021-06-28 18:05:11,52.130623,5
869,131,21.0527988,8170,2021-06-28 18:04:57,52.1968595,1
870,167,21.0418651,8172,2021-06-28 18:05:12,52.2067828,010
871,143,21.132623,8173,2021-06-28 18:05:15,52.239788,010
872,218,21.0206628,8174,2021-06-28 18:05:20,52.1796228,1
873,727,21.019331,8175,2021-06-28 18:05:21,52.087463,4
874,709,21.0182538,8176,2021-06-28 18:05:20,52.1402585,3
875,143,21.078716,8177,2021-06-28 18:05:08,52.235979,5
876,138,21.1004491,8178,2021-06-28 18:05:20,52.260615,7
877,709,21.0186688,8181,2021-06-28 18:05:12,52.0982858,7
878,136,21.0210436,8182,2021-06-28 18:05:23,52.1608331,2
879,218,20.997215,8183,2021-06-28 18:05:08,52.188883,4
880,131,21.0040206,8184,2021-06-28 18:05:19,52.229551,6
881,143,21.177057,8185,2021-06-28 18:05:22,52.2569855,8
882,217,21.069113,8187,2021-06-28 18:05:23,52.166571,4
883,185,21.021981,8188,2021-06-28 18:05:17,52.142605,9
884,504,20.9874593,8189,2021-06-28 18:04:52,52.2097143,7
885,709,21.0219271,8190,2021-06-28 18:05:19,52.0749715,5
886,131,21.08415,8192,2021-06-28 18:05:15,52.168038,4
887,504,21.0339573,8195,2021-06-28 18:05:12,52.1505281,2
888,504,20.9969768,8196,2021-06-28 18:05:15,52.2267506,013
889,218,20.9927013,8197,2021-06-28 18:05:14,52.1883535,2
890,331,21.0247915,8198,2021-06-28 18:05:14,52.1869345,02
891,174,21.015803,8199,2021-06-28 18:05:17,52.191393,4
892,402,21.1373505,8201,2021-06-28 18:05:13,52.2407821,4
893,151,21.115749,8202,2021-06-28 10:44:07,52.233741,05
894,151,21.1175305,8204,2021-06-28 10:20:01,52.2338373,06
895,151,21.0950591,8208,2021-06-28 18:05:24,52.2311096,2
896,521,20.9653263,8214,2021-06-28 18:05:20,52.2100353,1
897,125,21.1167981,8216,2021-06-28 18:05:18,52.2386873,2
898,182,20.965001,8218,2021-06-28 18:05:16,52.218004,013
899,509,21.0638153,8220,2021-06-28 18:05:17,52.2273855,023
900,182,21.0131585,8222,2021-06-28 18:05:19,52.217003,2
901,509,20.9931671,8223,2021-06-28 18:05:18,52.2995458,024
902,151,21.015724,8225,2021-06-28 18:05:21,52.221743,06
903,509,21.102458,8228,2021-06-28 18:05:22,52.221865,10
904,521,21.0840093,8229,2021-06-28 18:05:12,52.2453771,2
905,523,20.957978,8231,2021-06-28 18:05:16,52.224606,021
906,162,21.029931,8233,2021-06-28 18:05:16,52.2478878,014
907,145,21.109106,8300,2021-06-28 18:05:09,52.285805,2
908,145,21.0982951,8301,2021-06-28 18:05:20,52.2861168,9
909,509,20.9422903,8303,2021-06-28 18:05:22,52.3344856,3
910,171,21.043306,8304,2021-06-28 18:05:09,52.22288,010
911,509,21.116975,8305,2021-06-28 09:25:27,52.233583,022
912,117,21.0837535,8306,2021-06-28 18:05:23,52.2257298,3
913,116,21.0233811,8309,2021-06-28 18:05:18,52.226896,4
914,141,21.024231,8310,2021-06-28 18:05:08,52.200209,2
915,168,21.000389,8311,2021-06-28 18:05:15,52.201158,3
916,151,21.0050791,8312,2021-06-28 18:05:17,52.2197258,3
917,720,21.3554131,8313,2021-06-28 18:05:13,52.1496023,02
918,162,21.0849866,8314,2021-06-28 18:05:20,52.1932766,2
919,117,21.1024791,8315,2021-06-28 18:05:18,52.2221983,06
920,521,21.2044383,8318,2021-06-28 18:05:24,52.1596478,4
921,185,21.0379558,8319,2021-06-28 18:05:15,52.1687243,11
922,151,21.116836,8320,2021-06-28 09:58:49,52.233566,04
923,162,21.0340306,8322,2021-06-28 18:05:23,52.2553483,5
924,509,21.0767251,8323,2021-06-28 18:05:24,52.226026,9
925,148,20.9781561,8324,2021-06-28 18:05:17,52.1695426,7
926,143,21.100558,8326,2021-06-28 18:05:14,52.242691,1
927,145,21.048134,8328,2021-06-28 18:05:15,52.287669,1
928,507,21.0854156,8329,2021-06-28 18:05:23,52.2259326,08
929,148,21.099215,8330,2021-06-28 18:05:26,52.2376343,2
930,145,21.117988,8332,2021-06-28 18:05:11,52.238403,7
931,523,21.0101936,8333,2021-06-28 18:05:15,52.2173078,12
932,148,21.0874516,8334,2021-06-28 18:05:21,52.2447941,3
933,145,21.070031,8335,2021-06-28 18:05:17,52.2906336,014
934,143,21.0257991,8337,2021-06-28 18:05:17,52.2194958,2
935,125,21.0430745,8340,2021-06-28 18:05:23,52.2471975,4
936,523,20.971231,8341,2021-06-28 18:05:21,52.219565,5
937,507,21.1023833,8342,2021-06-28 18:05:13,52.2219733,1
938,171,20.922213,8343,2021-06-28 18:05:16,52.240248,09
939,502,21.0149117,8344,2021-06-28 18:05:08,52.21702,1
940,507,21.0920633,8345,2021-06-28 18:05:15,52.2249583,3
941,145,21.11509,8348,2021-06-28 18:05:15,52.277975,3
942,507,21.005291,8349,2021-06-28 18:05:15,52.22954,6
943,145,21.000281,8350,2021-06-28 18:05:21,52.291343,012
944,507,21.025341,8351,2021-06-28 18:05:12,52.232869,4
945,502,21.234383,8352,2021-06-28 18:05:19,52.223371,4
946,523,21.085541,8353,2021-06-28 18:05:16,52.244881,2
947,502,21.0155583,8354,2021-06-28 18:05:23,52.21887,011
948,523,20.898243,8356,2021-06-28 18:05:08,52.258495,8
949,514,21.088023,8358,2021-06-28 18:05:13,52.236181,3
950,523,21.022426,8359,2021-06-28 18:05:04,52.218908,3
951,507,21.044765,8360,2021-06-28 18:05:20,52.236764,7
952,202,21.11454,8361,2021-06-28 18:05:10,52.2443483,1
953,502,21.0372517,8362,2021-06-28 18:05:12,52.2224617,2
954,188,21.0195817,8363,2021-06-28 18:05:14,52.218095,6
955,138,21.051424,8364,2021-06-28 18:05:12,52.2387,6
956,514,21.126944,8365,2021-06-28 18:05:09,52.233333,1
957,523,21.015166,8366,2021-06-28 18:05:10,52.21784,4
958,502,21.24305,8368,2021-06-28 18:05:24,52.21932,5
959,145,21.1286233,8398,2021-06-28 18:05:10,52.23563,013
960,402,20.99343,8403,2021-06-28 18:05:16,52.17887,011
961,521,21.1504508,8408,2021-06-28 18:05:15,52.2217273,07
962,143,21.0165491,8410,2021-06-28 18:05:17,52.2171831,012
963,523,21.0824313,8414,2021-06-28 18:05:21,52.2409428,13
964,148,21.0524178,8417,2021-06-28 18:05:06,52.1796188,9
965,148,21.041638,8430,2021-06-28 18:05:04,52.147441,010
966,162,21.0483455,8437,2021-06-28 18:05:18,52.2070801,012
967,125,21.1642951,8438,2021-06-28 18:05:18,52.2176025,1
968,162,21.045991,8440,2021-06-28 18:05:21,52.215629,015
969,145,21.088295,8441,2021-06-28 18:05:23,52.244778,6
970,269,21.053707,8442,2021-06-28 18:05:23,52.273987,01
971,723,20.9839032,8443,2021-06-28 18:05:24,52.3072392,2
972,114,21.038067,8445,2021-06-28 18:05:23,52.288235,5
973,120,21.040974,8446,2021-06-28 18:05:24,52.257523,6
974,731,20.925537,8447,2021-06-28 18:05:24,52.421688,3
975,160,21.0420316,8448,2021-06-28 18:05:22,52.2577857,1
976,132,21.071932,8449,2021-06-28 18:05:23,52.322491,04
977,412,21.042936,8450,2021-06-28 18:05:23,52.249847,052
978,112,21.0848961,8451,2021-06-28 18:05:24,52.305074,6
979,527,21.06423,8452,2021-06-28 18:05:23,52.324875,06
980,160,21.063934,8453,2021-06-28 18:05:23,52.325008,014
981,160,21.0407604,8454,2021-06-28 18:05:24,52.2574199,4
982,160,21.061226,8455,2021-06-28 18:05:23,52.307251,6
983,132,20.968174,8457,2021-06-28 18:05:23,52.271908,08
984,527,21.059122,8458,2021-06-28 18:05:23,52.302944,055
985,Z26,21.0005909,8459,2021-06-28 18:05:21,52.2441932,3
986,412,21.0354782,8460,2021-06-28 18:05:24,52.25382,053
987,120,21.0589442,8461,2021-06-28 18:05:22,52.2666725,4
988,414,20.963898,8462,2021-06-28 18:05:24,52.207939,05
989,511,20.95171,8463,2021-06-28 18:05:24,52.343681,05
990,509,20.941725,8465,2021-06-28 18:05:24,52.334686,2
991,136,21.00138,8500,2021-06-28 18:05:24,52.188855,3
992,501,21.048638,8501,2021-06-28 18:05:04,52.178094,06
993,138,21.076348,8502,2021-06-28 18:05:07,52.260906,9
994,189,21.03977,8503,2021-06-28 18:05:18,52.17219,5
995,522,21.049751,8504,2021-06-28 18:05:09,52.187403,4
996,401,21.0265,8505,2021-06-28 18:05:15,52.169645,2
997,131,21.0152617,8506,2021-06-28 18:05:23,52.215965,7
998,501,21.010165,8507,2021-06-28 18:05:11,52.229505,4
999,138,21.002245,8508,2021-06-28 18:05:10,52.1961417,2
1000,189,21.0316,8509,2021-06-28 18:05:22,52.173439,1
1001,501,21.03435,8510,2021-06-28 18:05:13,52.2031,1
1002,189,21.05628,8511,2021-06-28 18:05:05,52.181973,027
1003,Z26,20.974403,8512,2021-06-28 18:05:16,52.235446,4
1004,186,20.962666,8513,2021-06-28 18:05:20,52.215883,013
1005,733,20.7579333,8514,2021-06-28 18:05:21,52.04834,01
1006,Z26,21.02949,8515,2021-06-28 18:05:12,52.252535,7
1007,522,21.08008,8516,2021-06-28 18:05:24,52.15765,2
1008,141,20.959891,8517,2021-06-28 18:05:17,52.189774,10
1009,519,21.02051,8519,2021-06-28 18:05:18,52.211005,7
1010,519,21.09279,8520,2021-06-28 18:05:08,52.116846,1
1011,186,20.944995,8522,2021-06-28 18:05:17,52.322085,10
1012,733,20.944079,8523,2021-06-28 18:05:17,52.175713,62
1013,522,21.039973,8525,2021-06-28 18:05:11,52.197018,011
1014,172,21.0091567,8526,2021-06-28 18:05:12,52.195505,63
1015,172,20.955725,8528,2021-06-28 18:05:04,52.211826,5
1016,308,21.0205767,8530,2021-06-28 18:05:22,52.1895333,02
1017,172,21.068986,8532,2021-06-28 18:05:22,52.181501,1
1018,Z26,21.0154567,8533,2021-06-28 18:05:15,52.2467517,2
1019,138,21.013355,8534,2021-06-28 18:05:17,52.203935,5
1020,522,21.062315,8535,2021-06-28 18:05:21,52.175905,1
1021,172,20.980241,8536,2021-06-28 18:05:10,52.210283,6
1022,522,21.016106,8537,2021-06-28 18:05:21,52.222396,5
1023,709,21.018699,8539,2021-06-28 18:05:15,52.104991,4
1024,172,21.048835,8540,2021-06-28 18:05:10,52.188335,8
1025,185,21.0546483,8541,2021-06-28 18:05:09,52.1948867,6
1026,172,21.06915,8543,2021-06-28 18:05:06,52.181456,9
1027,519,21.0528367,8544,2021-06-28 18:05:08,52.1848333,4
1028,522,21.074378,8546,2021-06-28 18:05:05,52.158703,012
1029,522,21.002676,8547,2021-06-28 18:05:17,52.229148,6
1030,402,21.040186,8548,2021-06-28 18:05:21,52.171725,010
1031,186,20.948015,8549,2021-06-28 18:05:03,52.320624,015
1032,186,20.9785067,8550,2021-06-28 18:05:12,52.2074533,016
1033,709,21.024348,8551,2021-06-28 18:05:13,52.180016,10
1034,136,21.028713,8552,2021-06-28 18:05:08,52.152405,10
1035,Z26,20.974826,8555,2021-06-28 18:05:22,52.235415,5
1036,519,21.0848,8556,2021-06-28 18:05:18,52.1676417,6
1037,Z26,20.97787,8558,2021-06-28 18:05:04,52.23793,08
1038,217,21.041646,8559,2021-06-28 18:05:15,52.175699,06
1039,519,21.062574,8560,2021-06-28 18:05:22,52.175328,2
1040,411,21.015695,8561,2021-06-28 18:05:08,52.221576,02
1041,521,21.152743,8562,2021-06-28 18:05:17,52.219868,09
1042,402,21.020585,8563,2021-06-28 18:05:13,52.1732733,2
1043,521,21.204758,8564,2021-06-28 18:05:20,52.159408,08
1044,502,21.2173767,8565,2021-06-28 18:05:08,52.2143883,014
1045,502,21.10191,8566,2021-06-28 18:05:14,52.234318,6
1046,402,21.0950017,8567,2021-06-28 18:05:09,52.2161617,014
1047,509,20.999739,8568,2021-06-28 18:05:22,52.293738,021
1048,171,20.925141,8569,2021-06-28 18:05:06,52.272471,2
1049,411,21.068194,8571,2021-06-28 18:05:23,52.225594,03
1050,E-1,21.063805,8572,2021-06-28 18:05:07,52.2275317,04
1051,202,21.042021,8573,2021-06-28 18:05:18,52.242036,2
1052,411,21.115896,8574,2021-06-28 10:20:57,52.233514,01
1053,720,21.10644,8576,2021-06-28 18:05:08,52.2413867,1
1054,162,21.0355667,8578,2021-06-28 18:05:12,52.2221067,4
1055,125,21.1567967,8579,2021-06-28 18:05:15,52.2261617,09
1056,731,20.948363,8583,2021-06-28 18:05:11,52.347738,5
1057,269,21.041545,8584,2021-06-28 18:05:13,52.2923833,02
1058,269,21.041675,8585,2021-06-28 18:05:23,52.300401,03
1059,514,21.0162333,8586,2021-06-28 18:05:16,52.2229583,2
1060,523,21.115558,8587,2021-06-28 08:55:25,52.233753,3
1061,145,21.1172033,8588,2021-06-28 18:05:18,52.274555,016
1062,514,21.22401,8589,2021-06-28 18:05:23,52.2505583,4
1063,502,21.1395283,8590,2021-06-28 18:05:24,52.228905,3
1064,507,21.102181,8592,2021-06-28 18:05:14,52.222036,2
1065,145,21.027505,8593,2021-06-28 18:05:14,52.2874633,10
1066,138,21.1008383,8595,2021-06-28 18:05:09,52.2606333,8
1067,186,20.9422555,8801,2021-06-28 18:05:13,52.334248,11
1068,185,21.0244253,8802,2021-06-28 18:05:18,52.2442985,1
1069,727,21.0238228,8803,2021-06-28 18:05:19,52.1800703,1
1070,217,21.071114,8804,2021-06-28 18:05:18,52.1619113,3
1071,185,20.996864,8805,2021-06-28 18:05:12,52.272331,4
1072,402,21.0107628,8806,2021-06-28 18:05:14,52.1746376,8
1073,131,21.0429813,8808,2021-06-28 18:05:20,52.2066198,3
1074,709,21.0236975,8809,2021-06-28 18:05:18,52.1801083,2
1075,174,21.0119525,8810,2021-06-28 18:05:17,52.1996844,1
1076,165,21.0024205,8811,2021-06-28 18:05:19,52.1581953,3
1077,167,21.074074,8812,2021-06-28 18:05:21,52.211826,011
1078,402,20.992445,8813,2021-06-28 18:05:11,52.180266,1
1079,167,21.023109,8814,2021-06-28 18:05:10,52.211238,2
1080,167,20.9750195,8816,2021-06-28 18:05:19,52.2116171,3
1081,308,20.995538,8817,2021-06-28 18:05:18,52.183354,03
1082,504,21.003573,8818,2021-06-28 18:05:14,52.229628,9
1083,331,20.9962121,8819,2021-06-28 18:05:14,52.188823,04
1084,522,21.030366,8820,2021-06-28 18:05:19,52.206663,014
1085,174,21.0055845,8821,2021-06-28 18:05:19,52.1720175,08
1086,174,21.006517,8822,2021-06-28 18:05:21,52.2116756,5
1087,522,21.016664,8823,2021-06-28 18:05:12,52.222291,015
1088,167,20.9963028,8824,2021-06-28 18:05:21,52.1885091,6
1089,709,21.017273,8825,2021-06-28 18:05:12,52.163241,012
1090,504,21.002321,8826,2021-06-28 18:05:13,52.2279908,8
1091,143,21.00634,8828,2021-06-28 18:05:21,52.217163,4
1092,509,20.9461756,8829,2021-06-28 18:05:21,52.321598,4
1093,523,20.936938,8830,2021-06-28 18:05:05,52.2397273,11
1094,125,21.092398,8831,2021-06-28 18:05:17,52.244526,5
1095,171,21.0106118,8832,2021-06-28 18:05:23,52.2314438,7
1096,141,20.9443231,8833,2021-06-28 18:05:10,52.1756506,9
1097,704,21.0880336,8834,2021-06-28 18:05:20,52.244639,2
1098,521,21.0805828,8835,2021-06-28 18:05:16,52.2441363,5
1099,182,20.9799896,8837,2021-06-28 18:05:19,52.2166965,6
1100,182,21.112886,8838,2021-06-28 18:05:19,52.236231,010
1101,704,21.347923,8839,2021-06-28 18:05:10,52.222385,1
1102,185,21.0383955,8840,2021-06-28 18:05:12,52.2346716,5
1103,125,21.1964761,8841,2021-06-28 18:05:15,52.2083373,6
1104,521,21.2070745,8843,2021-06-28 18:05:11,52.1652726,3
1105,185,20.9808698,8844,2021-06-28 18:05:15,52.2754086,2
1106,402,21.1559961,8845,2021-06-28 18:05:20,52.2403353,013
1107,143,21.006912,8846,2021-06-28 18:05:18,52.2172015,3
1108,143,21.0941515,8847,2021-06-28 18:05:11,52.2441298,6
1109,125,21.0412611,8849,2021-06-28 18:05:10,52.241434,3
1110,521,20.9773343,8850,2021-06-28 18:05:20,52.2115908,6
1111,523,20.911068,8851,2021-06-28 18:05:13,52.249439,019
1112,141,21.0670948,8852,2021-06-28 18:05:18,52.2299171,3
1113,125,21.1965943,8853,2021-06-28 18:05:20,52.208401,7
1114,509,21.0473926,8854,2021-06-28 18:05:08,52.2470528,8
1115,402,21.1190353,8855,2021-06-28 18:05:19,52.2311301,6
1116,512,21.0521438,8856,2021-06-28 18:05:20,52.252894,1
1117,509,21.049108,8857,2021-06-28 18:05:22,52.243581,12
1118,169,21.051833,8858,2021-06-28 18:05:19,52.2528951,1
1119,112,20.9654575,8859,2021-06-28 18:05:21,52.2742866,4
1120,512,21.0495018,8861,2021-06-28 18:05:12,52.2860641,4
1121,412,21.0612101,8862,2021-06-28 18:05:22,52.3052088,04
1122,738,21.1008325,8864,2021-06-28 18:05:18,52.3180743,05
1123,500,21.0459893,8865,2021-06-28 10:43:17,52.2651186,08
1124,169,21.0433338,8866,2021-06-28 18:05:19,52.2770936,5
1125,162,21.0346478,8867,2021-06-28 18:05:18,52.2248013,1
1126,190,21.0771895,8868,2021-06-28 18:05:20,52.2893781,5
1127,190,21.0001321,8869,2021-06-28 18:05:20,52.2455416,023
1128,190,21.0703183,8871,2021-06-28 18:05:19,52.281,025
1129,190,21.0855845,8872,2021-06-28 18:05:17,52.3053308,026
1130,738,21.124746,8873,2021-06-28 18:05:20,52.346908,06
1131,500,21.0420671,8874,2021-06-28 18:05:19,52.3004855,3
1132,190,21.0714378,8875,2021-06-28 18:05:14,52.2824556,4
1133,162,21.0498221,8876,2021-06-28 18:05:17,52.201426,3
1134,512,21.052446,8878,2021-06-28 18:05:18,52.252996,06
1135,509,20.9684788,8879,2021-06-28 18:05:23,52.319525,1
1136,709,20.996574,8880,2021-06-25 18:58:33,52.18762,016
1137,186,20.9992273,8881,2021-06-28 18:05:12,52.2900291,014
1138,165,21.023878,8882,2021-06-28 18:05:18,52.179808,2
1139,128,20.9892426,8883,2021-06-28 18:05:07,52.2184996,64
1140,180,21.0148455,8885,2021-06-28 18:05:19,52.2429641,5
1141,167,20.9254025,8886,2021-06-28 18:05:12,52.2342911,5
1142,189,20.915953,8887,2021-06-28 18:05:22,52.226799,021
1143,128,20.9898833,8888,2021-06-28 18:05:23,52.219712,61
1144,504,20.978856,8891,2021-06-28 18:05:17,52.1840666,012
1145,165,21.001588,8892,2021-06-28 18:05:13,52.174953,1
1146,180,21.060981,8893,2021-06-28 18:05:21,52.189281,53
1147,217,21.0264663,8894,2021-06-28 18:05:17,52.1786961,05
1148,136,20.9904651,8895,2021-06-28 18:05:13,52.1891566,015
1149,174,20.9952745,8896,2021-06-28 18:05:18,52.170281,07
1150,180,21.0838583,8897,2021-06-28 18:05:18,52.168137,015
1151,167,20.9689278,8898,2021-06-28 18:05:23,52.2139026,7
1152,504,21.0172495,8899,2021-06-28 18:05:13,52.1611918,6
1153,161,21.203766,9061,2021-06-28 18:05:17,52.153721,2
1154,161,21.224787,9063,2021-06-28 18:05:22,52.186657,3
1155,262,21.083349,9064,2021-06-28 18:05:21,52.286613,03
1156,314,20.952782,9065,2021-06-28 18:05:19,52.317284,04
1157,314,21.061571,9066,2021-06-28 18:05:24,52.361912,02
1158,104,21.000206,9068,2021-06-28 18:05:21,52.291531,2
1159,161,21.219456,9070,2021-06-28 18:05:21,52.185646,1
1160,225,21.096455,9071,2021-06-28 18:05:21,52.232433,2
1161,225,21.14378,9074,2021-06-28 18:05:23,52.259991,4
1162,225,21.100525,9075,2021-06-28 18:05:19,52.234589,3
1163,211,20.989805,9077,2021-06-28 18:05:19,52.302788,08
1164,314,21.000189,9078,2021-06-28 18:05:23,52.31649,01
1165,104,21.032434,9081,2021-06-28 18:05:19,52.323322,1
1166,314,20.999697,9082,2021-06-28 18:05:21,52.31591,03
1167,262,21.087854,9083,2021-06-28 18:05:19,52.286575,2
1168,225,21.159483,9088,2021-06-28 18:05:19,52.258823,1
1169,211,20.961472,9090,2021-06-28 18:05:22,52.31702,2
1170,211,20.956812,9091,2021-06-28 18:05:23,52.331539,07
1171,305,21.141285,9093,2021-06-28 18:05:20,52.198261,1
1172,900,20.94849,9094,2021-06-28 18:05:23,52.347061,1
1173,133,20.952265,9201,2021-06-28 18:05:19,52.316917,2
1174,207,20.870455,9202,2021-06-28 18:05:17,52.183304,03
1175,164,21.083831,9203,2021-06-28 18:05:18,52.167685,05
1176,133,20.984322,9204,2021-06-28 18:05:20,52.353336,1
1177,809,21.029055,9205,2021-06-28 18:05:20,52.150841,51
1178,239,21.026717,9206,2021-06-28 18:05:22,52.151244,52
1179,209,21.031258,9208,2021-06-28 18:05:17,52.154102,54
1180,177,20.905191,9210,2021-06-28 18:05:22,52.187138,3
1181,239,21.035181,9212,2021-06-28 18:05:20,52.155724,53
1182,211,20.962095,9213,2021-06-28 18:05:18,52.315343,6
1183,219,21.103119,9215,2021-06-28 18:05:23,52.222328,3
1184,208,20.968883,9216,2021-06-28 18:05:22,52.202548,1
1185,234,21.050373,9217,2021-06-28 18:05:24,52.317913,1
1186,209,20.980993,9218,2021-06-28 18:05:17,52.132885,057
1187,234,21.050348,9219,2021-06-28 18:05:19,52.318275,2
1188,203,20.932549,9220,2021-06-28 18:05:22,52.289276,1
1189,249,20.896694,9221,2021-06-28 18:05:21,52.230762,1
1190,211,20.998098,9223,2021-06-28 18:05:23,52.295185,1
1191,201,20.925024,9224,2021-06-28 18:05:19,52.260582,3
1192,208,20.947317,9225,2021-06-28 18:05:18,52.208519,04
1193,208,20.972191,9226,2021-06-28 18:05:18,52.21262,05
1194,208,20.975565,9227,2021-06-28 18:05:14,52.210228,2
1195,219,21.156471,9228,2021-06-28 18:05:20,52.185764,2
1196,219,21.119926,9229,2021-06-28 18:05:17,52.215012,1
1197,201,20.931355,9230,2021-06-28 18:05:21,52.254517,2
1198,809,20.994474,9232,2021-06-28 18:05:22,52.125988,056
1199,264,21.153067,9233,2021-06-28 18:05:23,52.135082,1
1200,203,20.925255,9234,2021-06-28 18:05:20,52.28204,2
1201,201,20.939665,9235,2021-06-28 18:05:24,52.245361,5
1202,201,20.924564,9236,2021-06-28 18:05:16,52.260281,4
1203,239,21.037636,9237,2021-06-28 18:05:24,52.153923,055
1204,208,20.948763,9238,2021-06-28 18:05:16,52.209476,03
1205,207,20.900026,9239,2021-06-28 18:05:20,52.190491,02
1206,177,20.883736,9240,2021-06-28 18:05:19,52.205776,1
1207,133,20.948174,9241,2021-06-28 18:05:18,52.320587,3
1208,201,20.92564,9242,2021-06-28 18:05:18,52.234123,06
1209,211,20.944174,9243,2021-06-28 18:05:19,52.34864,5
1210,207,20.883745,9244,2021-06-28 18:05:21,52.193909,01
1211,211,20.942055,9245,2021-06-28 18:05:22,52.34816,3
1212,164,21.138174,9246,2021-06-28 18:05:23,52.145954,04
1213,201,20.945717,9247,2021-06-28 18:05:18,52.239292,1
1214,177,20.868368,9248,2021-06-28 18:05:23,52.20195,2
1215,164,21.138193,9250,2021-06-28 18:05:23,52.145878,3
1216,164,21.075655,9251,2021-06-28 18:05:17,52.19064,2
1217,164,21.109303,9252,2021-06-28 18:05:23,52.164936,1
1218,211,20.954992,9254,2021-06-28 18:05:17,52.330135,09
1219,199,21.116879,9301,2021-06-28 18:05:23,52.291435,06
1220,739,21.018654,9302,2021-06-28 18:05:18,52.111908,2
1221,739,21.039663,9304,2021-06-28 18:05:19,52.080513,3
1222,179,21.034237,9311,2021-06-28 17:05:18,52.144333,10
1223,123,21.052195,9312,2021-06-28 18:05:19,52.250175,08
1224,179,21.0349905,9313,2021-06-28 18:05:23,52.1558444,11
1225,153,21.177223,9314,2021-06-28 18:05:17,52.256947,2
1226,179,21.037071,9315,2021-06-28 18:05:18,52.162174,2
1227,135,21.107105,9316,2021-06-28 18:05:23,52.248394,3
1228,135,21.036415,9317,2021-06-28 18:05:23,52.251522,6
1229,135,21.102293,9318,2021-06-28 18:05:23,52.24276,2
1230,135,21.076212,9319,2021-06-28 18:05:20,52.244518,1
1231,179,21.02669,9320,2021-06-28 18:05:21,52.145435,4
1232,179,21.054567,9321,2021-06-28 18:05:24,52.153778,5
1233,123,21.06575,9322,2021-06-28 18:05:12,52.233479,5
1234,135,21.091984,9323,2021-06-28 18:05:23,52.231194,07
1235,179,21.050539,9324,2021-06-28 18:05:21,52.154861,9
1236,179,21.036509,9325,2021-06-28 18:05:22,52.162262,51
1237,256,21.066811,9326,2021-06-28 18:05:18,52.322376,2
1238,142,21.134796,9327,2021-06-28 18:05:17,52.198875,3
1239,179,21.054083,9328,2021-06-28 18:05:20,52.133545,8
1240,153,21.159691,9329,2021-06-28 18:05:19,52.261036,04
1241,123,21.0773959,9331,2021-06-28 09:44:24,52.2687066,07
1242,123,21.077486,9332,2021-06-28 15:39:21,52.268074,08
1243,142,21.126911,9333,2021-06-28 18:05:19,52.234329,5
1244,739,21.024096,9334,2021-06-28 18:05:22,52.17992,1
1245,153,21.150522,9335,2021-06-28 18:05:23,52.270313,3
1246,135,21.044353,9336,2021-06-28 18:05:18,52.262619,5
1247,739,21.0771987,9337,2021-06-28 16:56:14,52.2682345,2
1248,179,21.052099,9338,2021-06-28 18:05:23,52.138229,6
1249,256,21.067415,9339,2021-06-28 18:05:24,52.316502,1
1250,153,21.172619,9340,2021-06-28 18:05:17,52.28548,1
1251,142,21.088209,9341,2021-06-28 18:05:21,52.24469,4
1252,739,21.017986,9342,2021-06-28 18:05:23,52.12336,4
1253,256,21.080925,9343,2021-06-28 18:05:17,52.277393,4
1254,135,21.027185,9344,2021-06-28 18:05:22,52.259644,08
1255,739,21.022715,9345,2021-06-28 18:05:22,52.179386,05
1256,179,21.068609,9346,2021-06-28 18:05:20,52.128922,7
1257,135,21.047249,9347,2021-06-28 18:05:15,52.247761,4
1258,123,21.094625,9348,2021-06-28 18:05:21,52.228943,09
1259,179,21.023113,9349,2021-06-28 18:05:23,52.15593,3
1260,123,21.086954,9350,2021-06-28 18:05:17,52.222923,357
1261,142,21.209883,9351,2021-06-28 18:05:22,52.162453,1
1262,123,21.051672,9352,2021-06-28 18:05:19,52.252918,6
1263,739,21.017851,9353,2021-06-28 18:05:22,52.165779,06
1264,123,21.046175,9354,2021-06-28 17:56:48,52.251278,07
1265,199,21.1371,9355,2021-06-28 18:05:18,52.280418,05
1266,256,21.06175,9356,2021-06-28 18:04:31,52.273476,3
1267,142,21.230331,9357,2021-06-28 18:05:14,52.171558,2
1268,142,21.077633,9358,2021-06-28 16:02:28,52.267822,4
1269,256,21.064562,9359,2021-06-28 18:05:22,52.273605,5
1270,176,21.025269,9403,2021-06-28 18:05:24,52.281471,1
1271,176,20.990248,9405,2021-06-28 18:05:23,52.337101,05
1272,176,21.011812,9412,2021-06-28 18:05:19,52.300381,3
1273,197,20.945221,9413,2021-06-28 18:05:23,52.265823,012
1274,197,20.944689,9414,2021-06-28 18:05:21,52.265301,014
1275,102,21.105871,9416,2021-06-28 18:05:21,52.246845,3
1276,157,20.963875,9417,2021-06-28 18:05:24,52.207981,7
1277,712,20.933399,9418,2021-06-28 18:05:23,52.28944,02
1278,516,20.971783,9420,2021-06-28 18:05:21,52.320992,5
1279,157,20.986376,9423,2021-06-28 18:05:19,52.26836,1
1280,103,20.953587,9424,2021-06-28 18:05:23,52.283054,4
1281,123,21.0588,9425,2021-06-28 18:05:23,52.235649,1
1282,157,20.989189,9426,2021-06-28 18:05:18,52.265881,3
1283,157,20.984894,9427,2021-06-28 18:05:20,52.250828,4
1284,157,20.988806,9428,2021-06-28 18:05:22,52.225021,9
1285,103,20.950727,9429,2021-06-28 18:05:24,52.289333,6
1286,157,20.982883,9432,2021-06-28 18:05:15,52.249153,10
1287,743,20.822643,9433,2021-06-28 18:05:23,52.231316,02
1288,176,20.990786,9434,2021-06-28 18:05:24,52.340092,04
1289,516,20.937502,9435,2021-06-28 18:05:20,52.336739,1
1290,157,20.976963,9436,2021-06-28 18:05:21,52.287407,2
1291,157,20.981075,9437,2021-06-28 18:05:20,52.216335,6
1292,197,20.943682,9438,2021-06-28 18:05:22,52.239216,011
1293,197,20.931049,9439,2021-06-28 18:05:19,52.22533,016
1294,516,20.976334,9440,2021-06-28 18:05:19,52.315105,3
1295,123,21.097654,9441,2021-06-28 18:05:23,52.243233,3
1296,103,20.926933,9442,2021-06-28 18:05:23,52.290276,5
1297,102,21.017845,9443,2021-06-28 18:05:23,52.237118,1
1298,103,20.945595,9445,2021-06-28 18:05:23,52.268604,7
1299,103,20.968613,9446,2021-06-28 18:05:22,52.222099,1
1300,123,21.082901,9447,2021-06-28 18:05:20,52.252735,4
1301,157,20.976379,9448,2021-06-28 18:05:23,52.289909,011
1302,516,21.000921,9449,2021-06-28 18:05:20,52.291241,4
1303,102,21.028355,9450,2021-06-28 18:05:21,52.239445,2
1304,157,20.991205,9451,2021-06-28 18:05:20,52.234184,5
1305,157,20.963608,9452,2021-06-28 18:05:22,52.208836,8
1306,176,20.982151,9453,2021-06-28 18:05:19,52.355721,2
1307,197,20.941607,9454,2021-06-28 18:05:21,52.232182,015
1308,712,20.862024,9455,2021-06-28 18:05:21,52.270878,1
1309,743,20.802448,9456,2021-06-28 18:05:19,52.228558,1
1310,197,20.950014,9457,2021-06-28 18:05:24,52.280651,013
1311,103,20.968473,9458,2021-06-28 18:05:23,52.222012,8
1312,194,20.881770833,9501,2021-06-28 18:05:20,52.196234167,5
1313,707,20.916958,9502,2021-06-28 18:05:22,52.150609,1
1314,159,20.972030667,9503,2021-06-28 18:05:22,52.219990333,1
1315,103,20.926701333,9505,2021-06-28 18:05:20,52.290322,09
1316,103,20.965293667,9506,2021-06-28 18:05:20,52.236422,011
1317,220,20.904708167,9509,2021-06-28 18:05:20,52.181356667,3
1318,194,20.930783,9510,2021-06-28 18:05:24,52.225064333,06
1319,737,21.032509667,9511,2021-06-28 18:05:22,52.1549085,56
1320,220,20.893985833,9513,2021-06-28 18:05:22,52.209915833,5
1321,715,21.036947667,9514,2021-06-28 18:05:20,52.161993667,53
1322,181,20.986248,9515,2021-06-28 18:05:23,52.269457,2
1323,737,21.0367755,9516,2021-06-28 18:05:24,52.1619955,54
1324,149,20.935104333,9518,2021-06-28 18:05:20,52.240042167,06
1325,149,20.875071167,9519,2021-06-28 18:05:20,52.250827833,2
1326,159,21.0111955,9520,2021-06-28 18:05:16,52.222582,8
1327,715,20.955512333,9521,2021-06-28 18:05:23,52.145070167,1
1328,220,20.909674667,9522,2021-06-28 18:05:21,52.177822167,4
1329,220,20.9441955,9523,2021-06-28 18:05:20,52.176053167,07
1330,220,20.8918725,9524,2021-06-28 18:05:21,52.205474167,2
1331,194,20.906268667,9525,2021-06-28 18:05:23,52.207232,3
1332,181,20.932497167,9526,2021-06-28 18:05:22,52.306319167,1
1333,715,21.012292333,9528,2021-06-28 18:05:21,52.110476167,058
1334,715,21.017626167,9529,2021-06-28 18:05:20,52.1415775,52
1335,707,20.940808167,9530,2021-06-28 18:05:20,52.087697667,03
1336,159,21.0066095,9531,2021-06-28 18:05:23,52.2228695,4
1337,194,20.859241,9532,2021-06-28 18:05:24,52.205327167,1
1338,181,20.899917167,9533,2021-06-28 18:05:21,52.297147167,4
1339,181,20.950683167,9534,2021-06-28 18:05:24,52.281193333,3
1340,159,21.049827667,9535,2021-06-28 18:05:23,52.201339833,7
1341,159,21.0851845,9537,2021-06-28 18:05:22,52.193293333,6
1342,737,20.9806235,9539,2021-06-28 18:05:20,52.108347167,059
1343,220,20.912431833,9540,2021-06-28 18:05:21,52.252714667,1
1344,220,20.925177,9542,2021-06-28 18:05:16,52.260705333,6
1345,737,20.914773333,9544,2021-06-28 18:05:24,52.059126,07
1346,220,20.898241167,9545,2021-06-28 18:05:22,52.2495945,08
1347,149,20.940177833,9546,2021-06-28 18:05:22,52.246652667,5
1348,220,20.8968255,9548,2021-06-28 18:05:24,52.2337425,09
1349,149,20.897661167,9550,2021-06-28 18:05:20,52.2462485,1
1350,715,20.938885,9551,2021-06-28 18:05:20,52.171750667,55
1351,149,20.9223545,9552,2021-06-28 18:05:20,52.240305667,3
1352,194,20.930402667,9554,2021-06-28 18:05:24,52.224950167,07
1353,194,20.867777667,9555,2021-06-28 18:05:22,52.194310167,2
1354,159,20.959465833,9556,2021-06-28 18:05:24,52.211168833,3
1355,149,20.9403725,9557,2021-06-28 18:05:24,52.2466275,4
1356,194,20.914097833,9558,2021-06-28 18:05:24,52.213067333,4
1357,159,21.048495167,9560,2021-06-28 18:05:21,52.208040333,5
1358,159,20.9548205,9561,2021-06-28 18:05:23,52.212133167,2
1359,118,20.997721,9671,2021-06-28 18:05:23,52.269985,2
1360,118,21.006569,9672,2021-06-28 18:05:23,52.291405,5
1361,326,20.968576,9673,2021-06-28 18:05:22,52.272053,04
1362,118,21.015133,9674,2021-06-28 18:05:24,52.217747,8
1363,152,20.964262,9676,2021-06-28 18:05:16,52.318169,5
1364,212,21.057158,9677,2021-06-28 18:05:23,52.301865,06
1365,118,21.016472,9678,2021-06-28 18:05:18,52.22327,7
1366,118,21.036423,9679,2021-06-28 18:05:21,52.231949,1
1367,326,21.061712,9680,2021-06-28 18:05:19,52.361786,02
1368,152,20.990288,9681,2021-06-28 18:05:24,52.337223,2
1369,212,21.037197,9682,2021-06-28 18:05:18,52.268383,5
1370,152,20.966795,9683,2021-06-28 18:05:23,52.331852,4
1371,212,21.027044,9684,2021-06-28 18:05:20,52.259758,1
1372,212,21.056446,9685,2021-06-28 18:05:24,52.269783,2
1373,326,20.983562,9686,2021-06-28 18:05:22,52.307537,05
1374,326,20.989935,9688,2021-06-28 18:05:18,52.31002,03
1375,118,21.041342,9689,2021-06-28 18:05:22,52.300098,4
1376,212,21.050455,9690,2021-06-28 18:05:22,52.29105,3
1377,326,21.061865,9692,2021-06-28 18:05:23,52.361713,01
1378,212,21.053185,9693,2021-06-28 18:05:20,52.282822,4
1379,152,20.952389,9695,2021-06-28 18:05:22,52.316982,1
1380,118,21.02788,9696,2021-06-28 18:05:16,52.238621,6
1381,118,21.04244,9697,2021-06-28 18:05:22,52.299797,3
1382,152,21.057009,9698,2021-06-28 18:05:20,52.322132,3
1383,710,21.067719,9801,2021-06-28 18:05:23,52.129292,4
1384,525,21.018692,9802,2021-06-28 18:05:20,52.217709,1
1385,184,20.959533,9803,2021-06-28 18:05:24,52.220673,069
1386,127,20.928247,9804,2021-06-28 18:05:23,52.203056,56
1387,710,21.034399,9805,2021-06-28 18:05:19,52.07645,2
1388,525,21.112915,9807,2021-06-28 18:05:18,52.232967,319
1389,127,21.022938,9808,2021-06-28 18:05:23,52.228725,2
1390,109,20.957962,9809,2021-06-28 18:05:22,52.22786,07
1391,719,20.950588,9812,2021-06-28 18:05:20,52.238541,3
1392,109,20.94813,9813,2021-06-28 18:05:20,52.236792,08
1393,Z10,20.913351,9814,2021-06-28 18:05:19,52.238102,2
1394,525,21.052271,9815,2021-06-28 18:05:17,52.226086,09
1395,742,21.216875,9816,2021-06-28 18:05:21,51.981144,1
1396,719,20.641144,9818,2021-06-28 18:05:18,52.262573,04
1397,719,20.881023,9819,2021-06-28 18:05:21,52.241108,1
1398,719,20.586388,9820,2021-06-28 18:05:22,52.257599,2
1399,710,21.01119,9821,2021-06-28 18:05:20,52.074223,1
1400,525,21.015194,9822,2021-06-28 18:05:21,52.218155,010
1401,184,20.930134,9823,2021-06-28 18:05:20,52.292576,010
1402,525,21.089674,9825,2021-06-28 17:19:36,52.235753,5
1403,525,21.183971,9826,2021-06-28 18:05:18,52.206844,7
1404,185,21.038386,9827,2021-06-28 18:05:24,52.140762,8
1405,127,20.895426,9828,2021-06-28 18:05:21,52.208828,4
1406,525,21.196602,9829,2021-06-28 18:05:17,52.208256,6
1407,Z10,20.912445,9830,2021-06-28 18:05:22,52.241425,8
1408,710,21.113314,9831,2021-06-28 18:05:22,52.105774,3
1409,127,21.019466,9833,2021-06-28 18:05:18,52.246292,1
1410,525,21.116516,9834,2021-06-28 18:05:24,52.2328,4
1411,742,21.066613,9835,2021-06-28 18:05:16,52.130568,02
1412,525,21.006407,9836,2021-06-28 18:05:16,52.228836,3
1413,185,21.050268,9837,2021-06-28 18:05:12,52.199799,12
1414,525,21.003815,9838,2021-06-28 18:05:16,52.229713,2
1415,724,21.114392,9839,2021-06-28 18:05:23,52.10306,1
1416,127,20.958843,9840,2021-06-28 18:05:23,52.215946,6
1417,724,21.038143,9841,2021-06-28 18:05:14,52.079006,02
1418,127,21.004482,9843,2021-06-28 18:05:24,52.22847,7
1419,127,20.937004,9844,2021-06-28 18:05:15,52.201534,09
1420,127,20.984772,9845,2021-06-28 18:05:18,52.221157,3
1421,Z10,20.91657,9846,2021-06-28 18:05:23,52.224128,6
1422,Z10,20.917192,9847,2021-06-28 18:05:22,52.222034,4
1423,109,20.920664,9851,2021-06-28 18:05:21,52.240108,5
1424,109,21.007753,9852,2021-06-28 18:05:20,52.228939,4
1425,109,21.001907,9853,2021-06-28 18:05:24,52.233913,1
1426,127,21.024274,9854,2021-06-28 18:05:23,52.242132,335
1427,186,20.99193,9901,2021-06-28 18:05:23,52.285614,1
1428,210,20.932915,9902,2021-06-28 18:05:21,52.289127,5
1429,140,21.052776,9903,2021-06-28 18:05:22,52.276779,04
1430,520,21.002113,9905,2021-06-28 18:05:23,52.243153,011
1431,520,21.004087,9906,2021-06-28 18:05:22,52.245655,3
1432,140,21.119986,9907,2021-06-28 18:05:24,52.361656,08
1433,140,21.115459,9908,2021-06-28 18:05:19,52.335629,09
1434,140,21.07085,9909,2021-06-28 18:05:19,52.281212,2
1435,719,20.788456,9912,2021-06-28 18:05:20,52.255043,05
1436,520,21.015114,9913,2021-06-28 18:05:20,52.217957,08
1437,520,21.154369,9914,2021-06-28 18:05:22,52.239571,09
1438,520,21.15591,9915,2021-06-28 18:05:22,52.24017,6
1439,520,21.01552,9916,2021-06-28 18:05:22,52.218979,4
1440,193,21.03688,9918,2021-06-28 18:05:21,52.16193,2
1441,193,21.044859,9919,2021-06-28 18:05:20,52.166641,3
1442,140,21.05386,9920,2021-06-28 18:05:23,52.275894,05
1443,140,21.115744,9921,2021-06-28 18:05:21,52.336319,06
1444,520,21.081482,9922,2021-06-28 18:05:22,52.235802,5
1445,193,21.005451,9923,2021-06-28 18:05:24,52.171844,4
1446,140,21.111208,9924,2021-06-28 18:05:23,52.360909,07
1447,193,21.04702,9926,2021-06-28 18:05:23,52.157532,1
1448,520,21.127569,9927,2021-06-28 18:05:21,52.234657,010
1449,140,21.097563,9928,2021-06-28 18:05:21,52.314072,3
1450,186,20.972399,9929,2021-06-28 18:05:22,52.320789,12
1451,193,20.995428,9930,2021-06-28 18:05:24,52.170315,5
1452,186,20.971127,9932,2021-06-28 18:05:22,52.206036,4
1453,520,21.00256,9933,2021-06-28 18:05:20,52.242905,2
1454,186,20.948612,9934,2021-06-28 18:05:24,52.256748,2
1455,520,21.044853,9935,2021-06-28 18:05:22,52.224434,1
1456,186,20.95587,9936,2021-06-28 18:05:19,52.231827,6
1457,520,21.075674,9937,2021-06-28 18:05:21,52.233021,7
1458,186,20.957563,9940,2021-06-28 18:05:23,52.227482,3
1459,186,20.957468,9941,2021-06-28 18:05:22,52.242077,8
1460,210,20.802296,9942,2021-06-28 18:05:21,52.295288,4
1461,109,21.035418,9943,2021-06-28 18:05:22,52.222992,2
1462,186,20.954132,9945,2021-06-28 18:05:24,52.253376,9
1463,210,20.767399,9946,2021-06-28 18:05:23,52.307808,3
1464,109,21.041065,9948,2021-06-28 18:05:21,52.225899,3
1465,210,20.929735,9949,2021-06-28 18:05:23,52.292755,1
1466,210,20.850513,9950,2021-06-28 18:05:23,52.292641,2
1467,186,20.963736,9951,2021-06-28 18:05:21,52.207809,5
1468,186,20.97477,9953,2021-06-28 18:05:22,52.316696,67
1469,140,21.088104,9954,2021-06-28 18:05:21,52.302273,1
1470,o97B,21.423098,9999,2021-06-28 14:27:55,50.302967,7
