,Lines,Lon,VehicleNumber,Time,Lat,Brigade
0,213,21.2001421,1001,2021-06-28 17:42:23,52.183094,1
1,213,21.1002176,1003,2021-06-28 17:42:22,52.226178,05
2,213,21.219173,1004,2021-06-28 17:42:14,52.1569598,3
3,196,21.1762223,1005,2021-06-28 17:42:17,52.256768,2
4,196,21.173301,1008,2021-06-28 17:42:19,52.261656,03
5,213,21.1887268,1009,2021-06-28 17:42:27,52.1498863,4
6,213,21.1471378,1010,2021-06-28 17:42:19,52.2140925,2
7,311,21.1013223,1012,2021-06-28 17:42:18,52.2228655,1
8,196,21.169063,1014,2021-06-28 17:42:07,52.264233,1
9,311,21.078138,1015,2021-06-28 17:42:16,52.243093,2
10,365,21.023529,1021,2021-06-28 17:42:22,52.179924,01
11,107,21.0162277,1023,2021-06-28 17:42:23,52.2315305,3
12,163,21.048145,1025,2021-06-28 17:42:23,52.178169,2
13,107,20.97933,1026,2021-06-28 17:42:23,52.244568,5
14,108,21.0360469,1027,2021-06-28 17:42:23,52.22123,1
15,108,21.083941,1028,2021-06-28 17:42:23,52.193211,5
16,108,21.034237,1029,2021-06-28 17:42:21,52.225925,6
17,365,20.9967114,1031,2021-06-28 17:42:21,52.1698419,02
18,108,21.044022,1033,2021-06-28 17:42:23,52.176098,4
19,163,21.0839437,1034,2021-06-28 17:42:22,52.1679187,1
20,192,21.0685324,1037,2021-06-28 17:42:23,52.1291765,7
21,108,21.033931,1038,2021-06-28 17:42:12,52.177088,3
22,365,21.010004,1039,2021-06-28 17:42:24,52.178833,03
23,107,21.0026317,1040,2021-06-28 17:42:06,52.243195,6
24,107,21.048718,1042,2021-06-28 17:42:12,52.205781,2
25,107,21.016296,1043,2021-06-28 17:42:23,52.230548,07
26,107,20.992495,1045,2021-06-28 17:42:19,52.245218,4
27,204,21.060276,1046,2021-06-28 17:42:17,52.315131,05
28,204,21.025871,1047,2021-06-28 17:42:08,52.280921,1
29,204,21.023165,1048,2021-06-28 17:42:15,52.2772133,04
30,228,20.896098,1050,2021-06-28 17:42:20,52.202578,1
31,228,20.925731,1051,2021-06-28 17:42:08,52.20356,2
32,328,20.985375,1052,2021-06-28 17:42:22,52.16677,01
33,129,20.939491,1053,2021-06-28 17:42:17,52.245941,4
34,228,20.972186,1054,2021-06-28 17:42:08,52.193621,3
35,129,20.916989,1055,2021-06-28 17:42:15,52.229298,3
36,328,20.9486033,1058,2021-06-28 17:42:08,52.2005167,02
37,129,20.913866,1059,2021-06-28 17:42:18,52.212246,1
38,328,20.9946636,1061,2021-06-28 17:42:22,52.1509189,03
39,192,21.0389511,1062,2021-06-28 17:42:23,52.1539349,51
40,192,21.043497,1064,2021-06-28 17:42:24,52.154743,2
41,163,21.0988782,1065,2021-06-28 17:42:23,52.1818262,04
42,107,21.047327,1066,2021-06-28 17:42:22,52.21241,1
43,163,21.093166,1068,2021-06-28 17:42:23,52.160881,3
44,192,21.0241239,1069,2021-06-28 17:42:23,52.1799244,4
45,163,21.058971,1070,2021-06-28 17:42:23,52.178989,05
46,192,21.056564,1074,2021-06-28 17:42:24,52.139645,6
47,108,21.0808734,1076,2021-06-28 17:42:23,52.1989559,2
48,192,21.0238884,1077,2021-06-28 17:42:24,52.1791477,3
49,192,21.0727957,1079,2021-06-28 17:42:23,52.1360212,1
50,736,21.0008528,1101,2021-06-28 17:42:15,52.291385,02
51,132,20.9754133,1109,2021-06-28 17:42:14,52.2780203,2
52,303,20.900173,1112,2021-06-28 17:42:20,52.297311,3
53,147,21.0964321,1113,2021-06-28 17:42:19,52.2178243,06
54,152,20.952446,1114,2021-06-28 17:42:14,52.317045,06
55,166,21.0451963,1115,2021-06-28 17:42:13,52.2368568,09
56,132,21.0682698,1116,2021-06-28 17:42:19,52.3237995,3
57,122,20.971621,1117,2021-06-28 17:42:20,52.2640271,09
58,197,20.9012243,1118,2021-06-28 17:42:18,52.2170846,7
59,126,21.000016,1119,2021-06-28 17:42:18,52.3166071,3
60,168,20.9958365,1200,2021-06-28 17:42:23,52.1933132,2
61,119,21.002329,1202,2021-06-28 17:42:21,52.201992,1
62,178,20.957394,1203,2021-06-28 17:42:23,52.228264,2
63,178,20.9397219,1204,2021-06-28 17:42:21,52.2035572,5
64,168,21.0304637,1205,2021-06-28 17:42:23,52.2067824,6
65,166,21.0272,1206,2021-06-28 17:42:03,52.259934,1
66,166,21.0682636,1208,2021-06-28 17:42:23,52.1293462,5
67,222,21.014095,1211,2021-06-28 17:42:24,52.244637,4
68,174,21.0043311,1212,2021-06-28 17:42:21,52.1712314,371
69,174,21.011795,1213,2021-06-28 17:42:24,52.199448,3
70,218,21.001974,1214,2021-06-28 17:42:19,52.182732,5
71,166,21.044653,1216,2021-06-28 17:42:24,52.192276,7
72,168,21.0928897,1218,2021-06-28 17:42:22,52.2193662,5
73,119,21.1439907,1220,2021-06-28 17:42:24,52.2141464,5
74,122,20.945779,1400,2021-06-28 17:42:12,52.268498,012
75,121,20.958678,1401,2021-06-28 17:42:20,52.280701,04
76,134,21.0073411,1403,2021-06-28 17:42:16,52.2920986,1
77,110,20.9685573,1407,2021-06-28 17:42:04,52.2721695,05
78,240,21.118408,1408,2021-06-28 17:42:17,52.339118,4
79,173,21.052896,1411,2021-06-28 17:42:19,52.25032,5
80,117,21.005079,1412,2021-06-28 17:42:22,52.229645,1
81,702,21.253981,1413,2021-06-28 17:42:22,52.100265,2
82,168,20.995712,1415,2021-06-28 17:42:22,52.192989,1
83,202,21.041946,1416,2021-06-28 17:42:23,52.242058,04
84,183,21.113136,1418,2021-06-28 17:42:23,52.240162,6
85,147,21.061131,1419,2021-06-28 17:42:24,52.231705,2
86,199,21.179728,1422,2021-06-28 17:42:24,52.269199,4
87,198,21.222841,1423,2021-06-28 17:42:23,52.244129,05
88,173,21.058884,1424,2021-06-28 17:42:23,52.250553,6
89,115,21.2243289,1425,2021-06-28 17:42:24,52.1590965,4
90,173,21.215937,1426,2021-06-28 17:42:23,52.246529,8
91,147,21.076693,1427,2021-06-28 17:42:23,52.226025,4
92,146,21.045366,1428,2021-06-28 17:42:23,52.237392,2
93,142,21.088055,1430,2021-06-28 17:42:24,52.244671,06
94,L41,20.92683,14422,2021-06-28 17:42:22,52.380527,1
95,L10,20.945272,14423,2021-06-28 17:41:34,52.437885,1
96,L11,20.949806,14424,2021-06-28 17:42:16,52.452484,1
97,L10,20.943752,14425,2021-06-28 17:42:26,52.399509,50
98,L-8,20.945215,14426,2021-06-28 14:51:54,52.437912,1
99,L41,20.739395,14427,2021-06-28 17:42:20,52.418266,02
100,L11,20.93148,14429,2021-06-28 17:42:24,52.395821,57
101,L34,20.847353,14430,2021-06-28 17:01:01,52.441017,2
102,L34,20.870682,14431,2021-06-28 17:42:22,52.43436,1
103,L11,20.720409,14432,2021-06-28 17:42:16,52.430832,51
104,L-8,20.923082,14434,2021-06-28 17:42:20,52.398052,02
105,L-8,21.083534,14435,2021-06-28 17:42:23,52.423336,1
106,L49,20.919399,14436,2021-06-28 17:42:19,52.377079,1
107,L31,21.030497,14438,2021-06-28 17:42:17,52.42939,1
108,L-9,20.93462,14439,2021-06-28 17:42:24,52.392845,054
109,L-9,20.914818,14440,2021-06-28 17:21:52,52.474335,055
110,134,21.047081,1500,2021-06-28 17:42:15,52.331823,04
111,134,21.0037796,1501,2021-06-28 17:42:14,52.2904966,3
112,110,20.9024481,1502,2021-06-28 17:42:19,52.2837413,2
113,240,21.1142838,1505,2021-06-28 17:42:17,52.3341263,06
114,132,20.968608,1506,2021-06-28 17:42:21,52.271978,07
115,134,21.05337,1507,2021-06-28 17:42:17,52.361151,2
116,126,21.0523901,1508,2021-06-28 17:42:20,52.29302,5
117,132,20.9653738,1509,2021-06-28 17:42:12,52.2721421,05
118,166,21.0610235,1510,2021-06-28 17:42:16,52.1479763,6
119,126,21.0546108,1513,2021-06-28 17:42:22,52.2962736,4
120,197,20.8646663,1514,2021-06-28 17:42:21,52.190853,6
121,197,20.9431953,1515,2021-06-28 17:42:19,52.2392296,8
122,121,20.929141,1516,2021-06-28 17:42:17,52.285393,1
123,173,21.237841,1519,2021-06-28 17:42:19,52.216163,10
124,202,21.068621,1521,2021-06-28 17:42:16,52.250401,07
125,202,21.1276967,1522,2021-06-28 17:42:17,52.2404217,3
126,146,21.204738,1523,2021-06-28 17:42:15,52.159496,08
127,730,21.231805,1524,2021-06-28 17:42:21,52.223515,052
128,119,21.1573983,1525,2021-06-28 17:42:09,52.2139183,06
129,147,21.2419033,1526,2021-06-28 17:42:18,52.2165417,09
130,198,21.2384517,1528,2021-06-28 17:42:15,52.2161233,3
131,702,21.0878083,1530,2021-06-28 17:42:20,52.2446867,03
132,198,21.243246,1531,2021-06-28 17:42:20,52.221686,2
133,115,21.163,1533,2021-06-28 17:42:17,52.26035,2
134,142,21.1382817,1534,2021-06-28 17:42:20,52.193685,07
135,198,21.223641,1535,2021-06-28 17:42:17,52.253871,1
136,106,21.019376,1537,2021-06-28 17:42:19,52.237291,4
137,170,21.037165,1538,2021-06-28 17:42:08,52.252566,4
138,120,21.05309,1539,2021-06-28 17:42:20,52.339446,1
139,199,21.11906,1540,2021-06-28 17:42:14,52.2785183,1
140,156,21.05211,1541,2021-06-28 17:42:18,52.252995,1
141,170,21.021918,1542,2021-06-28 17:42:23,52.262324,1
142,156,20.927938,1543,2021-06-28 17:42:06,52.29088,3
143,338,21.0344967,1544,2021-06-28 17:42:20,52.2584467,01
144,122,20.976434,1546,2021-06-28 17:42:19,52.289859,013
145,338,21.070261,1548,2021-06-28 17:42:16,52.266635,04
146,199,21.057071,1549,2021-06-28 17:42:16,52.274856,2
147,170,21.092338,1550,2021-06-28 17:42:21,52.27235,3
148,240,21.061848,1551,2021-06-28 17:42:18,52.309283,3
149,221,20.994125,1552,2021-06-28 17:42:19,52.2594633,2
150,106,21.007445,1554,2021-06-28 17:42:20,52.238424,06
151,L-4,20.897942,17451,2021-06-28 17:42:21,52.056377,1
152,L26,21.152637,17452,2021-06-28 17:42:19,52.310822,02
153,L37,21.217834,17453,2021-06-28 17:30:49,52.31118,1
154,L40,21.241673,17454,2021-06-28 17:42:24,52.347183,1
155,L36,21.229603,17456,2021-06-28 17:42:25,52.345718,1
156,L35,21.333317,17458,2021-06-28 17:30:47,52.363667,1
157,L26,21.217417,17460,2021-06-28 17:42:20,52.328007,1
158,L46,21.15336,17461,2021-06-28 17:42:22,52.315052,1
159,L43,21.144684,17462,2021-06-28 17:42:16,52.31163,1
160,L45,21.140043,17464,2021-06-28 17:42:23,52.362656,02
161,L45,21.112629,17465,2021-06-28 17:42:26,52.340065,1
162,L38,21.226253,17466,2021-06-28 17:42:17,52.347532,1
163,L37,21.26642,17467,2021-06-28 17:42:19,52.340767,2
164,L40,21.089188,17468,2021-06-28 17:42:22,52.332676,02
165,197,20.9002811,1800,2021-06-28 17:42:22,52.2167371,4
166,110,20.8946,1801,2021-06-28 17:42:21,52.284781,4
167,132,21.050546,1802,2021-06-28 17:42:18,52.3178293,1
168,166,21.0270036,1803,2021-06-28 17:42:19,52.259818,8
169,122,20.9706868,1804,2021-06-28 17:42:20,52.2633913,5
170,173,21.0526438,1805,2021-06-28 17:42:14,52.250228,4
171,204,21.0436925,1806,2021-06-28 17:42:16,52.3175278,3
172,122,20.8984413,1807,2021-06-28 17:42:17,52.2588081,4
173,303,20.9626091,1808,2021-06-28 17:42:21,52.2669708,1
174,147,21.1695243,1809,2021-06-28 17:42:21,52.205464,1
175,166,21.0383886,1810,2021-06-28 17:42:15,52.2341956,2
176,152,21.043346,1811,2021-06-28 10:10:53,52.266126,06
177,204,21.029856,1812,2021-06-28 17:42:21,52.3040303,2
178,736,20.949724,1813,2021-06-28 17:42:20,52.4045295,1
179,147,21.052446,1814,2021-06-28 17:42:08,52.250264,07
180,240,21.0044635,1815,2021-06-28 17:42:18,52.2911786,2
181,197,20.947078,1817,2021-06-28 17:42:09,52.267279,9
182,240,20.999703,1818,2021-06-28 17:42:17,52.2898506,05
183,221,20.9771661,1819,2021-06-28 17:42:17,52.2606703,1
184,117,21.0582403,1823,2021-06-28 17:42:16,52.2280503,05
185,146,21.2147411,1826,2021-06-28 17:42:16,52.155045,4
186,183,21.1407886,1828,2021-06-28 17:42:16,52.245754,3
187,147,21.1928051,1829,2021-06-28 17:42:20,52.2074516,5
188,722,21.3015146,1830,2021-06-28 17:42:20,52.1629736,1
189,147,21.1169918,1832,2021-06-28 09:25:20,52.2330478,09
190,146,21.0715173,1833,2021-06-28 17:42:17,52.221495,5
191,202,21.116848,1834,2021-06-28 09:35:30,52.233074,04
192,115,21.1561346,1835,2021-06-28 17:42:07,52.2398895,3
193,168,21.020884,1837,2021-06-28 17:42:21,52.209994,07
194,183,21.158464,1839,2021-06-28 17:42:17,52.255378,1
195,202,21.0529665,1840,2021-06-28 17:42:21,52.2504856,05
196,146,21.105256,1842,2021-06-28 17:42:06,52.21168,07
197,183,21.19181,1843,2021-06-28 17:42:14,52.238731,2
198,119,21.068831,1844,2021-06-28 17:42:17,52.203346,3
199,115,21.218948,1846,2021-06-28 17:42:06,52.157151,5
200,730,21.29339,1847,2021-06-28 17:42:19,52.1762723,61
201,119,21.2055793,1848,2021-06-28 17:42:14,52.2100438,4
202,173,21.243645,1849,2021-06-28 17:42:19,52.225988,9
203,183,21.0964686,1850,2021-06-28 17:42:17,52.2436125,4
204,173,21.2335495,1851,2021-06-28 17:42:17,52.2501163,1
205,722,21.2323263,1854,2021-06-28 17:42:18,52.2233598,53
206,147,21.0524598,1855,2021-06-28 17:42:18,52.2502921,3
207,146,21.052484,1856,2021-06-28 17:42:18,52.2502995,1
208,117,21.102911,1857,2021-06-28 17:42:14,52.2221323,2
209,115,21.1702726,1858,2021-06-28 17:42:14,52.2770768,1
210,146,21.157343,1859,2021-06-28 17:42:07,52.168091,09
211,115,21.1431288,1860,2021-06-28 17:42:15,52.2374396,6
212,119,21.00887,1862,2021-06-28 17:42:18,52.207495,2
213,173,21.1026975,1863,2021-06-28 17:42:20,52.2422653,3
214,146,21.1574366,1866,2021-06-28 17:42:12,52.1671706,3
215,183,21.0870928,1867,2021-06-28 17:42:14,52.2448833,5
216,147,21.136668,1869,2021-06-28 17:42:15,52.196668,08
217,251,21.1266047,1903,2021-06-28 17:42:13,52.1011814,53
218,168,21.0021924,1904,2021-06-28 17:42:17,52.1951513,09
219,739,21.0506052,1905,2021-06-28 17:42:02,52.0911639,07
220,251,21.024484,1906,2021-06-28 17:42:14,52.1791566,52
221,251,21.03678,1907,2021-06-28 17:42:06,52.176918,54
222,178,20.9002706,1908,2021-06-28 17:42:18,52.1904416,012
223,222,21.0177132,1909,2021-06-28 17:42:20,52.2375113,2
224,222,21.0240913,1910,2021-06-28 17:42:18,52.1985387,5
225,139,21.092329,1911,2021-06-28 17:42:24,52.148872,56
226,222,20.995878,1912,2021-06-28 17:42:19,52.193512,6
227,251,21.1129139,1914,2021-06-28 17:42:23,52.1090062,51
228,222,21.0050371,1916,2021-06-28 17:42:24,52.2448572,3
229,139,21.0239557,1917,2021-06-28 17:42:23,52.1796302,52
230,739,21.0173511,1918,2021-06-28 17:42:24,52.1521654,08
231,139,21.08065,1919,2021-06-28 17:42:21,52.167057,55
232,222,21.023933,1920,2021-06-28 17:42:20,52.197475,1
233,178,20.9608659,1991,2021-06-28 17:42:23,52.2171037,010
234,178,20.884771,1993,2021-06-28 17:42:23,52.186703,1
235,168,21.112692,1994,2021-06-28 17:42:24,52.236309,08
236,178,21.001842,1995,2021-06-28 17:42:23,52.257904,3
237,178,20.8834025,1996,2021-06-28 17:42:23,52.1953779,6
238,178,21.009184,1998,2021-06-28 17:42:23,52.23531,4
239,178,20.9848162,1999,2021-06-28 17:42:24,52.230411,013
240,105,20.9433342,2001,2021-06-28 17:42:23,52.2261262,1
241,136,20.984655,2003,2021-06-28 17:42:21,52.20018,6
242,Z10,20.930788,2006,2021-06-28 17:42:23,52.224995,3
243,188,21.078436,2007,2021-06-28 17:42:23,52.235676,09
244,517,20.882616,2008,2021-06-28 17:42:22,52.197601,07
245,191,20.9700484,2009,2021-06-28 17:42:22,52.2135066,3
246,184,20.92025,2010,2021-06-28 17:42:23,52.257648,4
247,124,20.9303106,2011,2021-06-28 17:42:24,52.1635345,03
248,401,21.013714,2013,2021-06-28 17:42:24,52.174221,1
249,182,20.974297,2014,2021-06-28 17:42:23,52.2185307,012
250,171,20.9270454,2015,2021-06-28 17:42:23,52.2636122,1
251,401,20.867582,2016,2021-06-28 17:42:23,52.194717,011
252,190,21.085672,2019,2021-06-28 17:42:23,52.3035537,014
253,191,20.896902,2020,2021-06-28 17:42:22,52.196102,7
254,401,20.8619147,2021,2021-06-28 17:42:24,52.1904737,5
255,522,21.0152302,2022,2021-06-28 17:42:24,52.2187524,013
256,193,21.0366589,2023,2021-06-28 17:42:21,52.1620209,06
257,189,21.0253747,2024,2021-06-28 17:42:23,52.1734745,14
258,401,21.026627,2026,2021-06-28 17:42:23,52.170361,8
259,522,21.0295721,2027,2021-06-28 17:42:20,52.206821,318
260,519,21.031384,2028,2021-06-28 17:42:22,52.206421,3
261,501,21.002869,2029,2021-06-28 17:42:20,52.229549,3
262,189,20.899057,2030,2021-06-28 17:42:22,52.238831,9
263,131,21.0634039,2032,2021-06-28 17:42:23,52.1871094,10
264,522,21.078791,2033,2021-06-28 17:42:20,52.157482,07
265,189,20.914473,2035,2021-06-28 17:42:22,52.214298,12
266,519,21.075783,2036,2021-06-28 17:42:23,52.168182,5
267,501,21.0554462,2037,2021-06-28 17:42:22,52.1815136,5
268,138,21.0026651,2038,2021-06-28 17:42:22,52.17829,010
269,501,21.0202589,2040,2021-06-28 17:42:23,52.211507,2
270,189,20.8985851,2041,2021-06-28 17:42:23,52.2392996,8
271,138,21.1006437,2042,2021-06-28 17:42:23,52.2606684,012
272,401,20.8675552,2044,2021-06-28 17:42:23,52.197325,012
273,172,20.9552072,2045,2021-06-28 17:42:24,52.2119226,010
274,172,20.9613654,2200,2021-06-28 17:42:24,52.2167309,4
275,523,21.0152945,2201,2021-06-28 17:42:23,52.2169686,14
276,187,21.026484,2202,2021-06-28 17:42:22,52.21962,3
277,136,21.023365,2203,2021-06-28 17:42:23,52.161911,1
278,Z10,20.9123161,2204,2021-06-28 17:42:24,52.2515255,010
279,171,20.9251031,2205,2021-06-28 17:42:23,52.2724914,011
280,189,20.897688,2207,2021-06-28 17:42:22,52.239468,10
281,190,20.9147679,2209,2021-06-28 17:42:23,52.2290149,8
282,172,20.983854,2210,2021-06-28 17:42:23,52.198772,2
283,122,20.986082,2212,2021-06-28 17:42:23,52.278107,6
284,122,20.91905,2213,2021-06-28 17:42:23,52.257526,07
285,136,21.041723,2215,2021-06-28 17:42:16,52.148155,11
286,190,20.9229036,2216,2021-06-28 17:42:24,52.1966086,018
287,401,20.902813,2217,2021-06-28 17:42:24,52.193924,09
288,Z10,20.914684,2218,2021-06-28 17:42:24,52.252991,5
289,148,21.0460285,2221,2021-06-28 17:42:23,52.1643442,8
290,523,21.012507,2222,2021-06-28 17:42:21,52.2170925,1
291,191,20.89196,2223,2021-06-28 17:42:23,52.190662,9
292,189,21.0444292,2224,2021-06-28 17:42:22,52.1751256,2
293,191,20.951208,2225,2021-06-28 17:42:24,52.211105,5
294,517,20.909532,2226,2021-06-28 17:42:24,52.1941041,3
295,136,21.056149,2231,2021-06-28 17:42:23,52.147663,013
296,189,20.9155785,2232,2021-06-28 17:42:22,52.2284219,11
297,317,20.977877,2233,2021-06-28 17:42:23,52.180149,08
298,Z10,20.914272,2235,2021-06-28 17:42:20,52.236229,011
299,317,21.0276015,2236,2021-06-28 17:42:24,52.1734487,4
300,187,21.0506887,2240,2021-06-28 17:42:24,52.1987039,2
301,136,21.054691,2241,2021-06-28 17:42:22,52.146938,9
302,191,20.9146285,2243,2021-06-28 17:42:23,52.2008349,1
303,171,21.034294,2244,2021-06-28 17:42:23,52.225994,4
304,Z10,20.9149649,2245,2021-06-28 17:42:23,52.2336079,9
305,717,20.839815,2247,2021-06-28 17:42:20,52.184593,3
306,317,21.000296,2249,2021-06-28 17:42:24,52.17514,06
307,189,20.987808,2252,2021-06-28 17:42:23,52.181103,4
308,112,21.0060547,2253,2021-06-28 17:42:22,52.2916972,2
309,191,20.9751202,2254,2021-06-28 17:42:24,52.2116702,010
310,141,21.0015154,2256,2021-06-28 17:42:22,52.1954746,013
311,172,21.069079,2257,2021-06-28 17:42:24,52.1821556,7
312,317,20.9438254,2258,2021-06-28 17:42:24,52.1756025,1
313,187,20.9677829,2259,2021-06-28 17:42:23,52.2184099,4
314,L48,21.303106,23481,2021-06-28 04:38:21,52.203297,1
315,L47,21.311653,23482,2021-06-28 17:42:23,52.241241,02
316,L47,21.299768,23483,2021-06-28 17:42:24,52.257355,1
317,L20,21.289547,24511,2021-06-28 17:42:22,52.097973,1
318,L20,21.471601,24512,2021-06-28 13:52:17,52.132278,1
319,L20,21.378733,24513,2021-06-28 17:42:21,52.112617,03
320,L20,21.471657,24515,2021-06-28 17:31:13,52.132061,2
321,245,21.0531021,3400,2021-06-28 17:42:22,52.2764143,2
322,112,21.085309,3401,2021-06-28 17:42:18,52.305086,018
323,412,21.0545101,3403,2021-06-28 17:42:14,52.2536258,01
324,112,20.9407085,3404,2021-06-28 17:42:20,52.2779411,7
325,412,21.090563,3405,2021-06-28 17:42:09,52.305419,05
326,500,21.041726,3406,2021-06-28 17:42:19,52.300285,08
327,500,21.0423991,3408,2021-06-28 17:42:19,52.2852233,2
328,245,21.0929601,3410,2021-06-28 17:42:21,52.2863153,05
329,114,20.927244,3411,2021-06-28 17:42:19,52.30944,011
330,500,21.0416913,3413,2021-06-28 17:42:18,52.300308,1
331,190,21.0161008,3414,2021-06-28 17:42:19,52.2469075,027
332,114,21.041799,3415,2021-06-28 17:42:20,52.293059,09
333,114,20.9317328,3416,2021-06-28 17:42:18,52.2872936,010
334,738,21.0533173,3417,2021-06-28 17:42:16,52.2764835,3
335,738,21.1096245,3418,2021-06-28 17:42:21,52.3284618,4
336,190,21.0010056,3421,2021-06-28 17:42:23,52.2444555,021
337,500,20.9821803,3422,2021-06-28 17:42:23,52.2531945,4
338,185,21.06317,3423,2021-06-28 17:42:24,52.1872633,10
339,512,21.058203,3424,2021-06-28 17:42:20,52.284235,2
340,512,21.0644218,3426,2021-06-28 17:42:21,52.2872158,3
341,169,21.032991,3427,2021-06-28 17:42:07,52.299533,2
342,185,21.021927,3428,2021-06-28 17:42:18,52.1426796,7
343,500,21.0174066,3429,2021-06-28 17:42:24,52.2632783,6
344,169,21.041966,3430,2021-06-28 17:42:13,52.300098,3
345,112,21.017279,3431,2021-06-28 17:42:13,52.295729,3
346,Z26,20.9743263,3432,2021-06-28 17:42:19,52.2354206,1
347,Z26,21.000374,3434,2021-06-28 17:42:03,52.244149,6
348,175,20.9792066,3435,2021-06-28 17:42:20,52.1753243,55
349,509,21.03507,3437,2021-06-28 17:42:19,52.2543565,5
350,132,21.0289003,3438,2021-06-28 17:42:16,52.2989918,06
351,738,21.1810753,3439,2021-06-28 17:42:10,52.4172841,1
352,414,21.003136,3440,2021-06-28 17:42:07,52.290363,07
353,512,21.052123,3441,2021-06-28 17:42:14,52.252943,5
354,500,21.0413938,3442,2021-06-28 17:42:26,52.291418,7
355,509,21.021058,3443,2021-06-28 17:42:19,52.2639163,11
356,245,21.0821491,3444,2021-06-28 17:42:22,52.286626,04
357,145,21.0531225,3445,2021-06-28 17:42:19,52.2921785,8
358,509,20.940615,3446,2021-06-28 17:42:20,52.3267881,14
359,162,21.0266218,3447,2021-06-28 17:42:17,52.2366486,6
360,190,20.9887791,3448,2021-06-28 17:42:22,52.2403433,2
361,112,20.9118073,3449,2021-06-28 17:42:18,52.2464856,9
362,112,20.8829551,3450,2021-06-28 17:42:18,52.2148951,12
363,114,21.043474,3451,2021-06-28 09:14:51,52.2654126,09
364,145,21.1280543,3452,2021-06-28 17:42:18,52.2538405,015
365,527,21.0683081,3453,2021-06-28 17:42:21,52.3235905,2
366,190,20.9324316,3454,2021-06-28 17:42:20,52.2402511,1
367,145,21.127396,3455,2021-06-28 17:42:12,52.2560106,5
368,509,21.0437735,3458,2021-06-28 17:42:20,52.249206,355
369,245,21.0528358,3459,2021-06-28 17:42:21,52.2764886,1
370,190,21.0526011,3460,2021-06-28 17:42:22,52.2625636,022
371,114,21.005226,3462,2021-06-28 17:42:18,52.291413,2
372,190,20.9797153,3463,2021-06-28 17:42:23,52.2373756,6
373,500,20.9826161,3464,2021-06-28 17:42:18,52.2531801,5
374,114,20.9570823,3465,2021-06-28 17:42:22,52.268532,6
375,112,20.8970403,3466,2021-06-28 17:42:09,52.22021,1
376,509,21.0564726,3467,2021-06-28 17:42:23,52.2377866,022
377,245,21.1311201,3468,2021-06-28 17:42:15,52.2805198,03
378,114,20.9221116,3469,2021-06-28 17:42:15,52.3133428,7
379,L17,21.01683,36442,2021-06-28 17:42:11,52.063763,02
380,L19,21.016087,36443,2021-06-28 17:42:16,52.063461,1
381,L17,20.999386,36444,2021-06-28 17:42:22,52.051914,1
382,L19,21.035866,36445,2021-06-28 17:42:23,52.027275,02
383,L30,21.124868,36446,2021-06-28 17:42:24,51.957581,1
384,L28,21.123159,36447,2021-06-28 17:42:23,52.031727,1
385,L30,21.212475,36448,2021-06-28 17:42:21,51.941727,02
386,L42,21.150089,37531,2021-06-28 17:42:22,52.079849,52
387,L21,21.131962,37533,2021-06-28 17:42:23,52.080048,1
388,L16,21.117449,37534,2021-06-28 17:42:23,52.093826,1
389,L14,21.16518,37535,2021-06-28 17:42:23,52.101372,1
390,L15,21.115942,37536,2021-06-28 17:42:21,52.102596,51
391,L39,21.016947,38541,2021-06-28 17:42:17,52.111122,4
392,L23,21.024294,38544,2021-06-28 17:42:21,52.068352,052
393,L39,21.013723,38545,2021-06-28 17:42:20,52.081852,3
394,L32,21.075205,38546,2021-06-28 17:42:19,52.078201,1
395,L39,21.004555,38547,2021-06-28 05:46:58,52.110222,1
396,L39,21.013227,38548,2021-06-28 17:42:21,52.071072,2
397,L23,21.029411,38549,2021-06-28 17:24:02,52.074871,51
398,L52,20.98526,38550,2021-06-28 17:42:21,52.004009,1
399,L-2,20.896246,39551,2021-06-28 17:36:50,52.007706,062
400,L-2,21.02887,39552,2021-06-28 17:42:21,52.073952,063
401,L25,21.02545,39554,2021-06-28 17:42:25,52.0755,02
402,L25,21.191086,39555,2021-06-28 17:42:21,51.981064,1
403,L12,21.029509,39556,2021-06-28 17:42:17,52.074989,061
404,L12,20.988218,39557,2021-06-28 17:42:20,52.048813,64
405,L12,20.972639,39558,2021-06-28 17:42:19,52.042454,65
406,L13,21.027088,39560,2021-06-28 17:42:22,52.07148,1
407,L13,21.219494,39561,2021-06-28 17:42:17,51.98,03
408,L13,21.037806,39562,2021-06-28 17:42:23,52.027405,2
409,L-5,20.961527,39565,2021-06-28 17:42:25,52.066582,1
410,255,20.949928,4200,2021-06-28 17:42:19,52.226185,2
411,703,20.811285,4202,2021-06-28 17:42:23,52.093357,52
412,197,20.933336,4205,2021-06-28 17:42:23,52.257912,2
413,902,20.9223249,4206,2021-06-28 16:30:27,52.1964574,M1
414,255,20.9825444,4207,2021-06-28 17:42:23,52.229887,03
415,154,20.971825,4209,2021-06-28 17:42:24,52.205467,4
416,178,20.8960199,4210,2021-06-28 17:42:21,52.1856764,011
417,154,20.978094,4211,2021-06-28 17:42:23,52.179947,010
418,711,20.812939,4212,2021-06-28 17:42:21,52.110085,063
419,154,20.8985027,4213,2021-06-28 17:42:23,52.2584299,1
420,154,20.9411106,4214,2021-06-28 17:42:22,52.2369225,8
421,711,20.943829,4215,2021-06-28 17:42:22,52.174912,061
422,122,20.8987282,4216,2021-06-28 17:42:24,52.2386427,3
423,197,20.942955,4217,2021-06-28 17:42:22,52.238689,3
424,197,20.951275,4218,2021-06-28 17:42:24,52.281609,1
425,255,20.931004,4219,2021-06-28 17:42:23,52.225323,1
426,197,20.9724029,4221,2021-06-28 17:42:23,52.2860804,10
427,129,20.886723,4224,2021-06-28 17:42:22,52.195248,2
428,121,20.969561,4225,2021-06-28 17:42:23,52.278507,03
429,197,20.862495,4227,2021-06-28 17:42:22,52.190353,5
430,154,20.977413,4228,2021-06-28 17:42:23,52.192318,6
431,902,21.0432981,4229,2021-06-28 17:42:24,52.246187,M2
432,154,20.960392,4230,2021-06-28 17:42:23,52.2169579,7
433,178,20.9331489,4231,2021-06-28 17:42:24,52.2020437,9
434,178,20.962503,4232,2021-06-28 17:42:21,52.228199,7
435,714,20.837204,4233,2021-06-28 17:42:23,52.257725,3
436,729,20.8898037,4234,2021-06-28 17:42:23,52.2402214,02
437,714,20.950344,4235,2021-06-28 17:42:22,52.238628,2
438,L-3,20.855696,42362,2021-06-28 17:42:24,52.088539,02
439,154,20.9806192,4237,2021-06-28 17:42:22,52.1896055,5
440,154,20.943048,4238,2021-06-28 17:42:22,52.226364,3
441,178,20.901302,4239,2021-06-28 17:42:20,52.189991,8
442,154,20.897718,4240,2021-06-28 17:42:22,52.24646,011
443,714,20.8419584,4241,2021-06-28 17:42:22,52.2507567,04
444,154,20.9218152,4242,2021-06-28 17:42:23,52.2402476,2
445,154,20.960247,4243,2021-06-28 17:42:23,52.21814,09
446,901,21.0129344,4244,2021-06-28 17:42:24,52.2299404,1
447,901,21.015642,4246,2021-06-28 17:42:24,52.23658,3
448,714,20.949894,4247,2021-06-28 17:42:24,52.238678,1
449,729,20.796568,4248,2021-06-28 17:42:22,52.253994,1
450,121,20.9251532,4249,2021-06-28 17:42:24,52.272558,2
451,L-1,21.017714,42494,2021-06-28 17:42:23,52.066872,1
452,L-4,21.0165,42495,2021-06-28 06:12:56,52.098907,2
453,L-3,20.966614,42500,2021-06-28 17:42:19,52.081776,1
454,146,21.0426835,4303,2021-06-28 17:42:21,52.2444285,06
455,119,21.0375024,4304,2021-06-28 17:42:24,52.2019885,07
456,117,21.0064096,4305,2021-06-28 17:42:24,52.2286227,4
457,147,21.0432501,4307,2021-06-28 17:42:24,52.2453915,010
458,142,21.133861,4308,2021-06-28 17:42:23,52.2177275,08
459,198,21.2231029,4309,2021-06-28 17:42:18,52.223518,04
460,702,21.2336482,4312,2021-06-28 17:42:24,52.1057244,1
461,105,16.9750897,4332,2021-06-26 13:35:37,52.5472771,4
462,N72,16.9763326,4333,2021-06-28 15:21:54,52.5456077,215
463,240,21.0598077,4400,2021-06-28 17:42:24,52.3041807,1
464,132,21.076736,4401,2021-06-28 17:42:23,52.324295,09
465,126,20.9420695,4402,2021-06-28 17:42:22,52.3341359,2
466,120,21.057878,4403,2021-06-28 17:42:17,52.265827,5
467,166,21.0458239,4404,2021-06-28 17:42:23,52.1914327,3
468,156,21.023178,4406,2021-06-28 17:42:23,52.286232,2
469,122,20.9127089,4407,2021-06-28 17:42:16,52.2525119,010
470,134,20.9683412,4408,2021-06-28 17:42:24,52.2719006,05
471,106,20.9655174,4409,2021-06-28 17:42:23,52.2425984,1
472,199,21.1122569,4411,2021-06-28 17:42:23,52.2812317,3
473,173,21.143341,4413,2021-06-28 17:42:23,52.237373,2
474,106,21.0141617,4415,2021-06-28 17:42:23,52.2405767,2
475,106,20.973345,4416,2021-06-28 17:42:21,52.227814,07
476,170,21.0380107,4417,2021-06-28 17:42:24,52.2524797,2
477,106,21.025652,4418,2021-06-28 17:42:23,52.240692,3
478,120,21.045254,4419,2021-06-28 17:42:23,52.360836,7
479,901,21.039396,4420,2021-06-28 17:42:22,52.221695,4
480,126,21.0002841,4421,2021-06-28 17:42:24,52.3129216,1
481,338,21.055077,4422,2021-06-28 17:42:23,52.263191,02
482,106,20.980698,4423,2021-06-28 17:42:22,52.232964,5
483,901,21.003803,4424,2021-06-28 17:42:23,52.229485,2
484,156,21.066118,4425,2021-06-28 17:42:23,52.274918,5
485,166,21.065748,4427,2021-06-28 17:42:20,52.142239,4
486,156,20.9764757,4428,2021-06-28 17:42:24,52.2788,4
487,303,20.951241,4429,2021-06-28 17:42:23,52.270119,2
488,106,21.0205479,4430,2021-06-28 17:42:23,52.2432017,08
489,338,21.100803,4434,2021-06-28 17:42:24,52.260586,03
490,122,20.982536,5200,2021-06-28 17:42:16,52.2758366,08
491,171,20.9193109,5201,2021-06-28 17:42:18,52.2574205,8
492,517,20.9516842,5202,2021-06-28 17:42:17,52.2118756,09
493,523,21.08474,5203,2021-06-28 17:42:16,52.250258,020
494,401,21.026218,5204,2021-06-28 17:42:12,52.173104,013
495,105,20.8967217,5205,2021-06-28 17:42:19,52.2353749,5
496,131,21.015457,5206,2021-06-28 17:42:13,52.2232153,2
497,182,21.0727732,5207,2021-06-28 17:42:15,52.2312735,011
498,517,20.9431086,5208,2021-06-28 17:42:22,52.2057193,2
499,184,20.957164,5210,2021-06-28 17:42:12,52.2274,2
500,105,20.896815,5211,2021-06-28 17:42:13,52.230128,09
501,523,21.0032591,5212,2021-06-28 17:42:18,52.2170212,015
502,Z10,20.9157411,5213,2021-06-28 17:42:17,52.2283121,1
503,184,20.9639397,5214,2021-06-28 17:42:10,52.2081028,1
504,523,20.8981522,5215,2021-06-28 17:42:19,52.2582781,7
505,131,21.0688721,5216,2021-06-28 17:42:21,52.1814225,8
506,189,20.9220571,5217,2021-06-28 16:49:01,52.1957361,11
507,122,20.8975142,5218,2021-06-28 17:42:17,52.2444542,011
508,401,20.9253417,5219,2021-06-28 17:42:14,52.1964735,6
509,124,20.961918,5222,2021-06-28 17:41:47,52.156006,1
510,190,20.9236743,5223,2021-06-28 17:42:14,52.2404146,7
511,517,20.8648958,5224,2021-06-28 17:42:12,52.1909401,4
512,523,20.8983284,5225,2021-06-28 17:42:22,52.2584411,6
513,401,20.8620473,5226,2021-06-28 17:42:19,52.1903395,4
514,189,21.0056946,5227,2021-06-28 17:42:22,52.1779238,024
515,124,20.9440081,5228,2021-06-28 17:42:20,52.1755414,2
516,131,21.015264,5229,2021-06-28 17:42:17,52.223823,5
517,523,20.9350601,5230,2021-06-28 17:42:22,52.2399819,016
518,189,20.9036189,5232,2021-06-28 17:42:23,52.2279968,7
519,148,20.9733204,5233,2021-06-28 17:42:16,52.1721214,011
520,105,20.899208,5234,2021-06-28 17:42:10,52.23881,011
521,105,20.8988613,5235,2021-06-28 17:42:22,52.2388204,3
522,517,20.991722,5236,2021-06-28 17:42:17,52.225334,1
523,171,20.980276,5237,2021-06-28 17:42:18,52.237025,6
524,401,20.9958876,5238,2021-06-28 17:42:20,52.1796891,7
525,182,21.0129266,5239,2021-06-28 17:42:21,52.2169931,9
526,184,20.920841,5240,2021-06-28 17:42:15,52.2566238,3
527,187,20.8604655,5241,2021-06-28 17:42:20,52.1940265,8
528,190,20.9549428,5243,2021-06-28 17:42:16,52.2382141,011
529,189,20.9154465,5244,2021-06-28 17:42:18,52.2073948,018
530,105,20.9192334,5245,2021-06-28 17:42:13,52.2209118,6
531,148,21.0514443,5246,2021-06-28 17:42:18,52.1965846,012
532,716,20.9309679,5247,2021-06-28 17:42:22,52.2252015,1
533,141,20.9441592,5248,2021-06-28 17:42:13,52.1755143,7
534,317,21.003087,5249,2021-06-28 17:42:22,52.1781114,2
535,188,20.9788384,5250,2021-06-28 17:42:20,52.1830552,3
536,187,21.0482772,5251,2021-06-28 17:42:16,52.1781268,1
537,189,20.9232997,5253,2021-06-28 17:42:18,52.1974043,020
538,401,20.9868531,5254,2021-06-28 17:42:16,52.1812188,010
539,190,20.975701,5255,2021-06-28 17:42:18,52.237679,016
540,148,21.0873428,5256,2021-06-28 17:42:17,52.2447884,1
541,716,20.915323,5257,2021-06-28 17:42:12,52.206621,2
542,188,20.9782736,5258,2021-06-28 17:42:21,52.1694072,4
543,105,20.982343,5260,2021-06-28 17:42:18,52.230166,08
544,723,20.924909,5401,2021-06-28 17:42:23,52.391904,3
545,185,21.0175725,5403,2021-06-28 17:42:24,52.2496734,3
546,145,21.087963,5404,2021-06-28 17:42:23,52.2448052,4
547,269,21.0425547,5405,2021-06-28 17:42:23,52.2991766,05
548,509,20.9676019,5406,2021-06-28 17:42:24,52.3192752,13
549,120,21.049667,5407,2021-06-28 17:42:23,52.290409,2
550,527,21.0609622,5408,2021-06-28 17:42:22,52.3100674,054
551,E-9,20.966576,5409,2021-06-28 17:42:23,52.273537,01
552,731,20.9624749,5410,2021-06-28 17:42:22,52.3339719,1
553,723,20.9676,5412,2021-06-28 17:42:22,52.3284,4
554,705,21.0563099,5413,2021-06-28 17:42:23,52.4412437,66
555,511,20.931023,5414,2021-06-28 17:42:23,52.291954,1
556,723,21.000792,5416,2021-06-28 17:42:23,52.29134,1
557,E-9,21.058237,5417,2021-06-28 17:42:21,52.318718,02
558,511,20.968595,5418,2021-06-28 17:42:20,52.326118,2
559,120,21.035622,5419,2021-06-28 17:42:21,52.254261,3
560,160,21.055824,5420,2021-06-28 17:42:22,52.297382,5
561,511,20.9426477,5421,2021-06-28 17:42:24,52.3486362,3
562,160,21.0616012,5423,2021-06-28 17:42:21,52.3251505,012
563,511,20.9417192,5424,2021-06-28 17:42:20,52.3483302,06
564,116,21.063198,5425,2021-06-28 17:42:21,52.175003,4
565,116,21.014025,5426,2021-06-28 17:42:24,52.245075,11
566,527,21.048162,5428,2021-06-28 17:42:24,52.287689,1
567,731,20.953762,5429,2021-06-28 17:42:23,52.40963,2
568,145,21.0053002,5430,2021-06-28 17:42:20,52.2915117,11
569,160,21.01067,5432,2021-06-28 17:42:23,52.246498,7
570,414,20.9568517,5434,2021-06-28 17:42:23,52.2487306,08
571,527,21.0508884,5436,2021-06-28 17:42:23,52.2911469,3
572,705,21.135923,5437,2021-06-28 17:42:24,52.482193,1
573,731,20.9391789,5438,2021-06-28 17:42:24,52.3696297,4
574,738,21.114883,5439,2021-06-28 17:42:20,52.334984,2
575,735,21.028931,5441,2021-06-28 17:42:22,52.374146,64
576,160,21.001932,5443,2021-06-28 17:42:23,52.229263,2
577,E-9,20.9680625,5444,2021-06-28 17:42:24,52.2720462,04
578,705,21.048461,5445,2021-06-28 03:52:31,52.264575,65
579,735,21.012075,5446,2021-06-28 17:42:22,52.453575,62
580,114,20.977633,5447,2021-06-28 17:42:23,52.266663,08
581,705,20.9898232,5448,2021-06-28 17:42:24,52.3027424,63
582,160,21.0570261,5449,2021-06-28 17:42:23,52.2650035,3
583,511,20.925282,5453,2021-06-28 17:42:22,52.280937,4
584,160,21.0028349,5454,2021-06-28 17:42:22,52.2293166,09
585,169,21.043026,5455,2021-06-28 17:42:22,52.273602,4
586,269,21.043013,5457,2021-06-28 17:42:21,52.276142,04
587,180,20.925007,5459,2021-06-28 17:42:21,52.272469,016
588,705,20.9681315,5460,2021-06-28 17:42:21,52.2719722,65
589,175,20.979218,5870,2021-06-28 17:42:23,52.168842,53
590,128,21.0171707,5871,2021-06-28 17:42:24,52.230905,59
591,503,21.035788,5873,2021-06-28 17:42:24,52.201546,1
592,175,21.012756,5874,2021-06-28 17:42:18,52.243237,58
593,138,21.000879,5875,2021-06-28 17:42:23,52.199097,011
594,331,21.017927,5876,2021-06-28 17:42:20,52.154064,01
595,180,21.0138047,5877,2021-06-28 17:42:18,52.245571,017
596,709,21.021572,5878,2021-06-28 17:42:20,52.079891,013
597,175,21.012793,5880,2021-06-28 17:42:19,52.243065,070
598,175,20.988302,5882,2021-06-28 17:42:11,52.211987,56
599,180,21.021305,5883,2021-06-28 17:42:23,52.231018,10
600,503,20.998032,5885,2021-06-28 17:42:24,52.186764,5
601,180,21.083916,5886,2021-06-28 17:42:24,52.167702,13
602,128,20.989405,5887,2021-06-28 17:42:23,52.224056,074
603,175,20.997477,5888,2021-06-28 17:42:21,52.226929,069
604,180,20.954288,5889,2021-06-28 17:42:20,52.262165,8
605,128,20.963726,5890,2021-06-28 17:42:18,52.207722,62
606,180,20.924992,5891,2021-06-28 17:42:23,52.272438,7
607,504,21.060535,5892,2021-06-28 17:42:20,52.136974,010
608,503,21.043913,5893,2021-06-28 17:42:23,52.157166,3
609,175,21.0163774,5894,2021-06-28 17:42:23,52.2307349,066
610,503,21.021168,5895,2021-06-28 17:42:22,52.231411,12
611,503,21.043482,5897,2021-06-28 17:42:21,52.172615,2
612,128,20.987936,5898,2021-06-28 17:42:21,52.209686,071
613,175,21.013004,5899,2021-06-28 17:42:22,52.242908,51
614,158,21.091433,5900,2021-06-28 17:42:21,52.235546,5
615,175,20.98962,5902,2021-06-28 17:42:22,52.215679,52
616,158,20.949266,5903,2021-06-28 17:42:20,52.211655,8
617,503,21.016649,5905,2021-06-28 17:42:21,52.240086,8
618,128,21.013363,5906,2021-06-28 17:42:20,52.230392,63
619,503,21.026594,5907,2021-06-28 17:42:24,52.212608,7
620,175,20.978086,5908,2021-06-28 17:42:19,52.169544,068
621,175,20.984367,5909,2021-06-28 17:42:22,52.199055,067
622,128,20.975489,5910,2021-06-28 17:42:22,52.202183,073
623,111,21.070292,5911,2021-06-28 17:42:21,52.225128,4
624,116,21.018618,5913,2021-06-28 17:42:22,52.234932,12
625,175,20.9780475,5915,2021-06-28 17:42:23,52.1695866,54
626,128,20.973909,5918,2021-06-28 17:42:22,52.202251,60
627,158,21.0657,5920,2021-06-28 17:42:23,52.241,1
628,116,21.084101,5921,2021-06-28 17:42:21,52.168003,15
629,175,21.1163987,5923,2021-06-28 10:17:16,52.2339737,072
630,116,21.044716,5924,2021-06-28 17:42:19,52.192123,17
631,116,21.000305,5926,2021-06-28 17:42:21,52.253277,3
632,158,20.984945,5927,2021-06-28 17:42:23,52.221107,7
633,116,20.9334249,5928,2021-06-28 17:42:13,52.278631,5
634,175,21.017786,5929,2021-06-28 17:42:21,52.237328,57
635,158,20.951918,5930,2021-06-28 17:42:23,52.211964,9
636,158,21.1177032,5931,2021-06-28 17:42:23,52.2334629, 
637,116,20.9249,5932,2021-06-28 17:42:21,52.272308,6
638,111,21.091959,5933,2021-06-28 17:42:23,52.2279882,2
639,158,21.112761,5934,2021-06-28 17:42:20,52.236309,4
640,503,21.001617,5935,2021-06-28 17:42:22,52.252171,11
641,503,21.004305,5936,2021-06-28 17:42:20,52.255489,10
642,111,21.017986,5937,2021-06-28 17:42:16,52.236675,10
643,158,20.997692,5939,2021-06-28 17:42:24,52.226971,2
644,128,20.990118,5942,2021-06-28 17:42:22,52.223614,072
645,111,20.9849,5943,2021-06-28 17:42:22,52.2461,7
646,111,21.115547,5944,2021-06-28 17:42:23,52.234108, 
647,158,21.050491,5945,2021-06-28 17:42:21,52.237713,6
648,111,20.979406,5946,2021-06-28 17:42:22,52.244427,8
649,111,21.055027,5947,2021-06-28 17:42:23,52.238724,5
650,503,21.036633,5948,2021-06-28 17:42:21,52.200306,013
651,503,21.049948,5950,2021-06-28 17:42:19,52.144627,4
652,180,21.044897,5951,2021-06-28 17:42:23,52.206688,2
653,518,20.998245,5952,2021-06-28 17:42:21,52.253876,7
654,160,21.019794,5954,2021-06-28 17:42:21,52.248352,010
655,160,21.065554,5956,2021-06-28 17:42:21,52.324528,013
656,111,21.101278,5958,2021-06-28 17:42:20,52.223103,011
657,160,20.996513,5959,2021-06-28 17:42:22,52.237808,08
658,111,21.102491,5960,2021-06-28 17:42:23,52.222076,3
659,190,21.085375,5961,2021-06-28 17:42:19,52.305027,024
660,116,21.031403,5962,2021-06-28 17:42:23,52.206463,13
661,111,21.061281,5963,2021-06-28 17:42:22,52.23246,1
662,518,20.999588,5964,2021-06-28 17:42:23,52.291458,3
663,518,20.988646,5965,2021-06-28 17:42:20,52.304237,08
664,518,21.005716,5966,2021-06-28 17:42:20,52.248886,2
665,160,21.05405,5967,2021-06-28 17:42:22,52.275787,011
666,180,21.052675,5970,2021-06-28 17:42:22,52.197178,11
667,518,21.02351,5972,2021-06-28 17:42:20,52.228321,1
668,E-9,21.005445,5973,2021-06-28 17:42:21,52.291203,03
669,518,20.947432,5975,2021-06-28 17:42:20,52.317993,4
670,180,20.92911,5976,2021-06-28 17:42:23,52.271259,6
671,503,21.002285,5978,2021-06-28 17:42:22,52.254749,9
672,503,21.038881,5979,2021-06-28 17:42:23,52.169205,6
673,111,21.010056,5980,2021-06-28 17:42:22,52.242821,6
674,705,21.029701,5981,2021-06-28 17:42:24,52.384865,07
675,111,20.999269,5982,2021-06-28 17:42:12,52.247063,9
676,128,21.013008,5983,2021-06-28 17:42:21,52.243073,65
677,180,20.995052,5984,2021-06-28 17:42:20,52.24894,4
678,180,21.08386,5985,2021-06-28 17:42:24,52.167976,14
679,180,21.071575,5986,2021-06-28 17:42:21,52.179832,12
680,180,20.981304,5987,2021-06-28 17:42:23,52.252865,9
681,180,21.083794,5988,2021-06-28 17:42:21,52.168308,1
682,116,21.034767,5989,2021-06-28 17:42:23,52.202255,1
683,705,20.990065,5990,2021-06-28 17:42:19,52.30299,08
684,116,21.020248,5991,2021-06-28 17:42:19,52.232105,2
685,518,20.936979,5994,2021-06-28 17:42:24,52.326603,6
686,116,20.924778,5995,2021-06-28 17:42:21,52.27243,7
687,116,21.055496,5996,2021-06-28 17:42:23,52.181911,16
688,116,20.995848,5997,2021-06-28 17:42:22,52.258266,10
689,518,20.942102,5998,2021-06-28 17:42:23,52.334576,5
690,116,20.963839,5999,2021-06-28 17:42:19,52.275352,8
691,184,20.957514,6200,2021-06-28 17:42:20,52.227562,7
692,112,20.880209,6201,2021-06-28 17:42:22,52.216171,11
693,187,20.895424,6203,2021-06-28 17:42:22,52.193436,9
694,167,20.941376,6204,2021-06-28 17:42:22,52.232861,013
695,728,20.896212,6207,2021-06-28 17:42:24,52.0077356,02
696,Z10,20.9125012,6208,2021-06-28 17:42:22,52.2415532,7
697,703,20.921328,6209,2021-06-28 17:42:22,52.155117,91
698,414,21.0199057,6210,2021-06-28 17:42:23,52.2894434,04
699,713,20.87742,6212,2021-06-28 17:42:21,52.216438,3
700,414,20.960392,6213,2021-06-28 17:42:20,52.216618,03
701,184,20.931515,6214,2021-06-28 17:42:23,52.290371,5
702,191,20.9156,6215,2021-06-28 17:42:23,52.204872,6
703,105,20.978777,6216,2021-06-28 17:42:23,52.229557,7
704,167,20.9921427,6217,2021-06-28 17:42:23,52.2164702,1
705,105,20.901402,6218,2021-06-28 17:42:24,52.21706,010
706,136,20.96624,6220,2021-06-28 17:42:23,52.243343,4
707,189,20.943579,6221,2021-06-28 17:42:21,52.193165,13
708,187,20.889332,6222,2021-06-28 17:42:23,52.19429,5
709,105,20.898836,6223,2021-06-28 17:42:23,52.238785,4
710,517,21.0105534,6224,2021-06-28 17:42:23,52.2316484,6
711,717,20.969367,6225,2021-06-28 17:42:24,52.2190612,2
712,716,20.8405989,6226,2021-06-28 17:42:05,52.1926107,3
713,188,21.0853014,6227,2021-06-28 17:42:22,52.2454464,1
714,190,21.063112,6228,2021-06-28 17:42:23,52.27219,3
715,187,20.88196,6229,2021-06-28 17:42:23,52.197712,6
716,706,20.942654,6231,2021-06-28 17:42:22,52.175629,03
717,190,20.89883,6232,2021-06-28 17:42:23,52.238956,9
718,191,20.9710679,6233,2021-06-28 17:42:23,52.2130237,4
719,414,20.963877,6234,2021-06-28 17:42:21,52.207901,02
720,112,20.9152335,6236,2021-06-28 17:42:22,52.230453,10
721,114,21.0135245,6237,2021-06-28 17:42:22,52.2934597,4
722,728,20.9431622,6239,2021-06-28 17:42:24,52.1755829,1
723,414,20.9627477,6240,2021-06-28 17:42:22,52.2160494,01
724,517,20.980974,6241,2021-06-28 17:42:24,52.216557,5
725,182,21.112967,6242,2021-06-28 17:42:24,52.236095,7
726,706,20.918062,6243,2021-06-28 17:42:23,52.133507,2
727,L29,20.471661,65471,2021-06-28 17:42:20,52.266571,1
728,L-7,20.867619,66523,2021-06-28 17:42:23,52.340809,2
729,L-6,20.760881,66524,2021-06-28 17:42:23,52.256428,02
730,L-6,20.852182,66525,2021-06-28 17:42:24,52.274879,1
731,190,20.9003767,7200,2021-06-28 17:42:24,52.2280119,10
732,189,20.926796,7201,2021-06-28 17:42:23,52.19603,6
733,112,20.914118,7202,2021-06-28 17:42:23,52.236771,019
734,141,21.046167,7203,2021-06-28 17:42:20,52.21582,4
735,317,21.047317,7204,2021-06-28 17:42:23,52.174507,07
736,131,21.0560145,7205,2021-06-28 17:42:22,52.1934912,011
737,523,20.9852841,7206,2021-06-28 17:42:22,52.2162405,10
738,189,20.8988,7207,2021-06-28 17:42:22,52.238712,019
739,414,21.042238,7208,2021-06-28 17:42:21,52.300205,06
740,721,20.907005,7212,2021-06-28 17:42:22,52.143024,02
741,112,21.092541,7213,2021-06-28 17:42:23,52.307655,5
742,191,20.962664,7214,2021-06-28 17:42:22,52.215923,2
743,112,20.927362,7215,2021-06-28 17:42:23,52.263119,8
744,713,20.840586,7216,2021-06-28 17:42:23,52.214722,2
745,189,21.0387201,7219,2021-06-28 17:42:24,52.1727735,022
746,517,20.868816,7220,2021-06-28 17:42:22,52.192318,09
747,187,21.052502,7222,2021-06-28 17:42:22,52.197311,12
748,122,20.918697,7223,2021-06-28 17:42:23,52.262779,2
749,721,20.8516562,7225,2021-06-28 17:42:22,52.0574432,1
750,706,20.937798,7226,2021-06-28 17:42:24,52.170815,1
751,114,21.042313,7227,2021-06-28 17:42:20,52.296368,3
752,114,20.933416,7228,2021-06-28 17:42:23,52.271233,1
753,112,20.942509,7229,2021-06-28 17:42:23,52.277657,014
754,517,20.9159004,7230,2021-06-28 17:42:22,52.1993444,08
755,713,20.929943,7231,2021-06-28 17:42:23,52.224834,04
756,717,20.896769,7232,2021-06-28 17:42:22,52.183811,1
757,189,21.040106,7233,2021-06-28 17:42:24,52.171516,3
758,713,20.7477359,7234,2021-06-28 17:42:23,52.2137502,1
759,187,20.961348,7235,2021-06-28 17:42:23,52.216759,10
760,184,20.920393,7237,2021-06-28 17:42:21,52.257122,6
761,141,21.0314545,7238,2021-06-28 17:42:23,52.2010904,5
762,189,21.062052,7239,2021-06-28 17:42:22,52.185757,16
763,184,20.966398,7240,2021-06-28 17:42:22,52.218258,8
764,317,20.9448385,7241,2021-06-28 17:42:22,52.1759339,5
765,141,21.0474052,7242,2021-06-28 17:42:22,52.2107002,1
766,523,20.95397,7243,2021-06-28 17:42:22,52.238235,9
767,401,20.907673,7244,2021-06-28 17:42:22,52.192387,3
768,187,20.862516,7245,2021-06-28 17:42:20,52.190228,7
769,190,20.898823,7247,2021-06-28 17:42:24,52.238911,017
770,188,20.9907009,7248,2021-06-28 17:42:23,52.2165677,5
771,171,20.960176,7249,2021-06-28 17:42:22,52.237793,3
772,317,21.069832,7250,2021-06-28 17:42:22,52.16927,3
773,105,20.914532,7251,2021-06-28 17:42:21,52.219559,2
774,167,20.950954,7252,2021-06-28 17:42:22,52.2290249,4
775,122,20.9451694,7254,2021-06-28 17:42:22,52.2657552,1
776,191,20.8703366,7256,2021-06-28 17:42:24,52.183575,8
777,190,21.0318909,7257,2021-06-28 17:42:23,52.2535561,012
778,187,21.000498,7258,2021-06-28 17:42:23,52.217091,11
779,189,21.046183,7259,2021-06-28 17:42:23,52.177536,15
780,125,21.044207,7301,2021-06-28 17:42:24,52.247833,08
781,507,21.063158,7303,2021-06-28 17:42:23,52.228523,5
782,188,20.9726954,7304,2021-06-28 17:42:22,52.1730609,07
783,138,21.0198765,7305,2021-06-28 17:42:23,52.2181514,4
784,151,21.016127,7306,2021-06-28 17:42:22,52.217075,04
785,509,21.0933487,7307,2021-06-28 17:42:21,52.2269167,7
786,138,21.011524,7308,2021-06-28 17:42:24,52.203606,1
787,188,21.0167226,7310,2021-06-28 17:42:24,52.2172867,2
788,182,21.0784854,7312,2021-06-28 17:42:23,52.2354255,5
789,E-1,21.042191,7314,2021-06-28 17:42:24,52.24411,01
790,143,21.1283102,7315,2021-06-28 17:42:23,52.2346272,7
791,188,20.988968,7316,2021-06-28 17:42:24,52.215103,08
792,402,21.148088,7317,2021-06-28 17:42:23,52.238457,3
793,182,20.9927099,7318,2021-06-28 17:42:21,52.2166822,4
794,182,20.9651981,7319,2021-06-28 17:42:23,52.21816,3
795,411,21.039007,7320,2021-06-28 17:42:24,52.223068,01
796,182,21.112915,7322,2021-06-28 17:42:24,52.236263,8
797,E-1,21.040791,7323,2021-06-28 17:42:21,52.24073,02
798,138,20.995666,7325,2021-06-28 17:42:23,52.170197,3
799,141,20.964346,7326,2021-06-28 17:42:23,52.188152,6
800,E-1,21.0966467,7327,2021-06-28 17:42:24,52.2243444,03
801,182,20.9911091,7328,2021-06-28 17:42:24,52.2162874,1
802,523,20.914078,7329,2021-06-28 17:42:22,52.239239,017
803,171,21.043364,7330,2021-06-28 17:42:22,52.222885,5
804,162,21.030273,7331,2021-06-28 17:42:24,52.234726,013
805,141,20.9437612,7333,2021-06-28 17:42:23,52.1759039,8
806,116,20.9524104,7334,2021-06-28 17:42:24,52.2765359,69
807,110,20.969992,742,2021-06-28 17:42:18,52.272106,1
808,750,20.747589,744,2021-06-28 17:42:22,52.391705,05
809,750,20.929554,745,2021-06-28 17:42:21,52.290726,07
810,250,20.882349,746,2021-06-28 17:42:18,52.315815,1
811,850,20.629436,749,2021-06-28 17:42:24,52.367725,2
812,150,20.847084,750,2021-06-28 17:42:23,52.341377,1
813,750,20.908781,755,2021-06-28 17:42:24,52.325302,2
814,110,20.899502,757,2021-06-28 17:42:22,52.325771,3
815,150,20.910618,758,2021-06-28 17:42:24,52.32431,2
816,750,20.781664,761,2021-06-28 17:42:17,52.374432,4
817,750,20.882351,762,2021-06-28 17:42:21,52.342476,1
818,850,20.962852,763,2021-06-28 17:42:16,52.276058,1
819,151,21.088925,7701,2021-06-28 17:42:24,52.2309929,1
820,411,21.0147689,7702,2021-06-28 17:42:24,52.2175227,04
821,402,20.9982606,7703,2021-06-28 17:42:22,52.1789012,7
822,151,21.0158699,7704,2021-06-28 17:42:24,52.2173832,05
823,150,20.866601,772,2021-06-28 17:42:21,52.347508333,04
824,150,20.938891833,773,2021-06-28 17:42:22,52.301256667,05
825,150,20.889265,774,2021-06-28 17:42:21,52.340153,3
826,250,20.930746,775,2021-06-28 17:42:26,52.291672,3
827,250,20.886574,776,2021-06-28 17:42:23,52.333694,2
828,750,20.8533364,777,2021-06-28 17:42:22,52.3617097,3
829,167,20.9963115,8100,2021-06-28 17:42:11,52.1879751,6
830,143,21.074163,8103,2021-06-28 17:42:21,52.2322191,011
831,167,21.07394,8108,2021-06-28 17:42:19,52.2119245,8
832,217,21.0635448,8109,2021-06-28 17:42:15,52.1707906,2
833,174,21.0151596,8110,2021-06-28 17:42:17,52.1930878,010
834,136,20.9647,8112,2021-06-28 17:42:16,52.2153791,014
835,709,21.0241491,8115,2021-06-28 17:42:01,52.1800141,8
836,174,21.0142016,8119,2021-06-28 17:42:18,52.1804295,6
837,136,20.989583,8120,2021-06-28 17:42:05,52.189064,7
838,143,21.103864,8121,2021-06-28 17:42:06,52.242066,09
839,504,21.0541138,8123,2021-06-28 17:42:15,52.1334885,3
840,165,21.0159196,8124,2021-06-28 17:42:18,52.1799731,4
841,727,21.0089431,8125,2021-06-28 17:42:14,52.0584693,3
842,709,21.0188208,8126,2021-06-28 17:42:18,52.092199,014
843,402,21.0511728,8130,2021-06-28 17:42:14,52.19638,5
844,136,21.0030093,8131,2021-06-28 17:42:15,52.1734433,012
845,148,21.0319515,8133,2021-06-28 17:42:23,52.1495688,5
846,402,21.0331055,8134,2021-06-28 17:42:18,52.1734851,9
847,167,21.021888,8135,2021-06-28 17:42:08,52.211015,9
848,162,21.0850246,8136,2021-06-28 17:42:20,52.1934476,08
849,162,21.0353336,8137,2021-06-28 17:42:23,52.2544416,011
850,162,21.0481533,8138,2021-06-28 17:42:10,52.2087211,7
851,136,20.9734185,8139,2021-06-28 17:42:17,52.2121575,016
852,168,21.1135165,8140,2021-06-28 17:42:18,52.2355851,4
853,504,20.991163,8143,2021-06-28 17:42:17,52.1804771,011
854,504,21.0363315,8144,2021-06-28 17:42:20,52.1505051,4
855,709,21.0175031,8145,2021-06-28 17:42:26,52.1429641,011
856,727,20.9564211,8146,2021-06-28 17:42:20,52.02971,2
857,148,20.976304,8148,2021-06-28 17:42:19,52.167973,6
858,709,21.0181951,8152,2021-06-28 17:42:21,52.1320175,1
859,217,21.053718,8153,2021-06-28 17:41:42,52.173038,1
860,136,21.004024,8154,2021-06-28 17:42:15,52.172578,8
861,131,21.0688433,8155,2021-06-28 17:42:22,52.1815046,9
862,709,21.0179735,8156,2021-06-28 17:42:18,52.1224736,6
863,308,21.0037183,8158,2021-06-28 17:42:20,52.1888691,01
864,136,20.9568283,8160,2021-06-28 17:42:18,52.2307663,5
865,504,21.0492496,8162,2021-06-28 17:42:20,52.1378525,1
866,331,21.0120561,8164,2021-06-28 17:42:14,52.1890531,05
867,331,20.9781871,8165,2021-06-28 17:42:23,52.1695751,03
868,709,21.017822,8166,2021-06-28 17:42:18,52.1542486,9
869,148,21.0452235,8167,2021-06-28 17:42:18,52.1654793,4
870,218,21.002469,8168,2021-06-28 17:42:11,52.179116,3
871,504,21.0011373,8169,2021-06-28 17:42:17,52.1781733,5
872,131,21.0838406,8170,2021-06-28 17:42:23,52.1681261,1
873,167,21.082884,8172,2021-06-28 17:42:16,52.2082391,010
874,143,21.177311,8173,2021-06-28 17:42:13,52.257004,010
875,218,21.0202003,8174,2021-06-28 17:42:21,52.1939448,1
876,727,21.0173986,8175,2021-06-28 17:42:16,52.1521921,4
877,709,21.0130721,8176,2021-06-28 17:42:20,52.0722156,3
878,143,21.141841,8177,2021-06-28 17:42:14,52.259463,5
879,138,21.100909,8178,2021-06-28 17:42:14,52.2605936,7
880,709,21.0192806,8181,2021-06-28 17:42:18,52.1714985,7
881,136,20.9839088,8182,2021-06-28 17:42:16,52.1990941,2
882,218,21.023678,8183,2021-06-28 17:42:07,52.179913,4
883,131,21.019288,8184,2021-06-28 17:42:05,52.2122851,6
884,143,21.090936,8185,2021-06-28 17:42:16,52.2446111,8
885,217,21.032262,8187,2021-06-28 17:42:18,52.177447,4
886,185,21.036883,8188,2021-06-28 17:42:16,52.163499,9
887,504,21.0020833,8189,2021-06-28 17:42:15,52.228029,7
888,709,21.023159,8190,2021-06-28 17:42:19,52.0817291,5
889,131,21.0312416,8192,2021-06-28 17:42:14,52.2068395,4
890,504,21.0687828,8195,2021-06-28 17:42:18,52.1289253,2
891,504,21.0056255,8196,2021-06-28 17:42:15,52.1716038,013
892,218,21.0192276,8197,2021-06-28 17:42:21,52.1893623,2
893,331,20.9882426,8198,2021-06-28 17:42:19,52.1564358,02
894,174,20.9997248,8199,2021-06-28 17:42:22,52.2312078,4
895,402,21.1430121,8201,2021-06-28 17:42:14,52.2372683,4
896,151,21.115749,8202,2021-06-28 10:44:07,52.233741,05
897,151,21.1175305,8204,2021-06-28 10:20:01,52.2338373,06
898,151,21.0154351,8208,2021-06-28 17:42:21,52.219205,2
899,521,21.0523265,8214,2021-06-28 17:42:15,52.2384946,1
900,125,21.0405638,8216,2021-06-28 17:42:19,52.2410588,2
901,182,21.014688,8218,2021-06-28 17:42:08,52.216886,013
902,509,21.006689,8220,2021-06-28 17:42:21,52.286553,023
903,182,20.9649155,8222,2021-06-28 17:42:13,52.2180176,2
904,509,20.9423315,8223,2021-06-28 17:42:19,52.334495,024
905,151,21.086526,8225,2021-06-28 17:42:20,52.235933,06
906,509,21.051968,8228,2021-06-28 17:42:21,52.237841,10
907,521,21.1860761,8229,2021-06-28 17:42:07,52.1865191,2
908,523,21.06728,8231,2021-06-28 17:42:14,52.229953,021
909,162,21.0485316,8233,2021-06-28 17:42:18,52.2021765,014
910,145,21.1287608,8300,2021-06-28 17:42:22,52.251865,2
911,145,21.021801,8301,2021-06-28 17:42:19,52.286358,9
912,509,20.995229,8303,2021-06-28 17:42:15,52.297825,3
913,171,21.0130595,8304,2021-06-28 17:42:23,52.2299053,010
914,509,21.116975,8305,2021-06-28 09:25:27,52.233583,022
915,117,21.1018025,8306,2021-06-28 17:42:18,52.222505,3
916,116,20.984893,8309,2021-06-28 17:42:05,52.269294,4
917,141,21.087123,8310,2021-06-28 17:42:07,52.245141,2
918,168,21.0960913,8311,2021-06-28 17:42:17,52.2169041,3
919,151,21.104991,8312,2021-06-28 17:42:03,52.230258,3
920,720,21.4524926,8313,2021-06-28 17:42:17,52.134152,02
921,162,21.04819,8314,2021-06-28 17:42:19,52.207452,2
922,117,21.0545953,8315,2021-06-28 17:42:22,52.2331481,06
923,521,21.121321,8318,2021-06-28 17:42:17,52.236698,4
924,185,21.042934,8319,2021-06-28 17:42:15,52.225968,11
925,151,21.116836,8320,2021-06-28 09:58:49,52.233566,04
926,162,21.027311,8322,2021-06-28 17:42:18,52.259785,5
927,509,21.0846546,8323,2021-06-28 17:42:12,52.2259116,9
928,148,21.0438633,8324,2021-06-28 17:42:17,52.1487295,7
929,143,21.0138266,8326,2021-06-28 17:42:16,52.2168881,1
930,145,21.126936,8328,2021-06-28 17:42:19,52.2584953,1
931,507,21.1021291,8329,2021-06-28 17:42:05,52.222092,08
932,148,21.101937,8330,2021-06-28 17:42:22,52.2419275,2
933,145,21.1198601,8332,2021-06-28 17:42:17,52.2691771,7
934,523,21.1067713,8333,2021-06-28 17:42:24,52.2479523,12
935,148,21.0944601,8334,2021-06-28 17:42:21,52.2246745,3
936,145,21.0002241,8335,2021-06-28 17:42:05,52.2913528,014
937,143,21.006723,8337,2021-06-28 17:42:11,52.217221,2
938,125,21.155504,8340,2021-06-28 17:42:26,52.226189,4
939,523,20.9128121,8341,2021-06-28 17:42:21,52.251926,5
940,507,21.070388,8342,2021-06-28 17:42:20,52.225504,1
941,171,21.004071,8343,2021-06-28 17:42:14,52.241621,09
942,502,21.0154933,8344,2021-06-28 17:42:13,52.2188217,1
943,507,21.0041883,8345,2021-06-28 17:42:20,52.23084,3
944,145,21.132396,8348,2021-06-28 17:42:20,52.239049,3
945,507,21.098096,8349,2021-06-28 17:42:14,52.223973,6
946,145,21.0502433,8350,2021-06-28 17:42:18,52.29088,012
947,507,21.022203,8351,2021-06-28 17:42:10,52.232185,4
948,502,21.2238183,8352,2021-06-28 17:42:15,52.21774,4
949,523,21.011883,8353,2021-06-28 17:42:15,52.217503,2
950,502,21.096151,8354,2021-06-28 17:42:19,52.235068,011
951,523,20.933568,8356,2021-06-28 17:42:07,52.240144,8
952,514,21.199196,8358,2021-06-28 17:42:22,52.247728,3
953,523,20.9752,8359,2021-06-28 17:42:19,52.2182083,3
954,507,21.102348,8360,2021-06-28 17:42:18,52.222059,7
955,202,21.0424583,8361,2021-06-28 17:42:11,52.2440833,1
956,502,21.1781917,8362,2021-06-28 17:41:59,52.2254017,2
957,188,21.1230183,8363,2021-06-28 17:42:15,52.242805,6
958,138,21.088499,8364,2021-06-28 17:42:11,52.260699,6
959,514,21.01636,8365,2021-06-28 17:42:16,52.2171183,1
960,523,20.9566167,8366,2021-06-28 17:41:58,52.2291367,4
961,502,21.076523,8368,2021-06-28 17:42:15,52.233674,5
962,145,21.095528,8398,2021-06-28 17:42:09,52.286183,013
963,402,20.9941526,8403,2021-06-28 17:42:20,52.1800043,011
964,521,21.204554,8408,2021-06-28 17:42:07,52.159396,07
965,143,21.0065273,8410,2021-06-28 17:42:17,52.217144,012
966,523,21.084426,8414,2021-06-28 17:42:12,52.243044,13
967,148,21.09455,8417,2021-06-28 17:42:18,52.224433,9
968,148,21.047707,8430,2021-06-28 17:42:19,52.1893136,010
969,162,21.035159,8437,2021-06-28 17:42:18,52.2557458,012
970,125,21.0672116,8438,2021-06-28 17:42:22,52.2463161,1
971,162,21.03028,8440,2021-06-28 17:42:19,52.234296,015
972,145,21.126528,8441,2021-06-28 17:42:23,52.259804,6
973,269,21.0416756,8442,2021-06-28 17:42:24,52.3004704,01
974,723,20.922043,8443,2021-06-28 17:42:18,52.382336,2
975,114,20.960505,8445,2021-06-28 17:42:23,52.267162,5
976,120,21.057554,8446,2021-06-28 17:42:22,52.2994,6
977,731,20.94199,8447,2021-06-28 17:42:22,52.411774,3
978,160,21.002972,8448,2021-06-28 17:42:24,52.2299734,1
979,132,21.030537,8449,2021-06-28 17:42:23,52.298954,04
980,412,21.042116,8450,2021-06-28 17:42:23,52.25798,052
981,112,21.032413,8451,2021-06-28 17:42:23,52.298939,6
982,527,21.052298,8452,2021-06-28 17:42:23,52.273743,06
983,160,21.055563,8453,2021-06-28 17:42:23,52.2752139,014
984,160,21.056334,8454,2021-06-28 17:42:23,52.298061,4
985,160,21.0591239,8455,2021-06-28 17:42:20,52.2670014,6
986,132,21.0615305,8457,2021-06-28 17:42:23,52.3251935,08
987,527,21.058514,8458,2021-06-28 17:42:23,52.318283,055
988,Z26,20.986698,8459,2021-06-28 17:42:21,52.239761,3
989,412,21.064222,8460,2021-06-28 17:42:23,52.311687,053
990,120,21.050852,8461,2021-06-28 17:42:24,52.2525002,4
991,414,20.9557589,8462,2021-06-28 17:42:22,52.2649354,05
992,511,20.927151,8463,2021-06-28 17:42:23,52.290218,05
993,509,20.970623,8465,2021-06-28 17:42:23,52.320576,2
994,136,20.9567167,8500,2021-06-28 17:42:15,52.2284917,3
995,501,21.055235,8501,2021-06-28 17:42:10,52.1821233,06
996,138,21.0518583,8502,2021-06-28 17:42:00,52.2291217,9
997,189,20.9493067,8503,2021-06-28 17:42:21,52.1918933,5
998,522,21.003791,8504,2021-06-28 17:42:08,52.229743,4
999,401,20.939685,8505,2021-06-28 17:42:21,52.193816,2
1000,131,21.00377,8506,2021-06-28 17:42:08,52.2294367,7
1001,501,21.015695,8507,2021-06-28 17:42:23,52.216366,4
1002,138,20.9954417,8508,2021-06-28 17:42:19,52.17023,2
1003,189,21.069106,8509,2021-06-28 17:42:09,52.181356,1
1004,501,21.048666,8510,2021-06-28 17:42:19,52.178051,1
1005,189,21.049118,8511,2021-06-28 17:42:04,52.177894,027
1006,Z26,21.034926,8512,2021-06-28 17:42:15,52.255544,4
1007,186,20.9716567,8513,2021-06-28 17:42:18,52.2059483,013
1008,733,20.809958,8514,2021-06-28 17:42:19,52.091996,01
1009,Z26,20.9798283,8515,2021-06-28 17:42:13,52.2372183,7
1010,522,21.066154,8516,2021-06-28 17:42:22,52.171826,2
1011,141,21.030071,8517,2021-06-28 17:42:15,52.200563,10
1012,519,21.01034,8519,2021-06-28 17:42:23,52.2297533,7
1013,519,21.0853683,8520,2021-06-28 17:42:12,52.16151,1
1014,186,20.977008,8522,2021-06-28 17:42:16,52.314376,10
1015,733,20.8917067,8523,2021-06-28 17:42:24,52.148485,62
1016,522,21.079853,8525,2021-06-28 17:42:19,52.157679,011
1017,172,20.9730833,8526,2021-06-28 17:42:13,52.2187667,63
1018,172,20.984799,8528,2021-06-28 17:42:03,52.200956,5
1019,308,21.0027517,8530,2021-06-28 17:42:21,52.189,02
1020,172,21.0293067,8532,2021-06-28 17:42:15,52.2004933,1
1021,Z26,20.9744633,8533,2021-06-28 17:42:14,52.2355567,2
1022,138,21.044893,8534,2021-06-28 17:42:16,52.24848,5
1023,522,21.079983,8535,2021-06-28 17:42:20,52.157859,1
1024,172,21.024666,8536,2021-06-28 17:42:08,52.199713,6
1025,522,21.015696,8537,2021-06-28 17:42:20,52.216286,5
1026,709,21.0126183,8539,2021-06-28 17:42:19,52.0733317,4
1027,172,21.06902,8540,2021-06-28 17:42:18,52.1814383,8
1028,185,21.048731,8541,2021-06-28 17:42:02,52.152173,6
1029,172,21.04578,8543,2021-06-28 17:42:05,52.191181,9
1030,519,21.102808,8544,2021-06-28 17:42:16,52.118663,4
1031,522,21.049756,8546,2021-06-28 17:42:22,52.187251,012
1032,522,21.050294,8547,2021-06-28 17:42:17,52.187126,6
1033,402,20.99356,8548,2021-06-28 17:42:18,52.1790167,010
1034,186,20.959208,8549,2021-06-28 17:42:22,52.267271,015
1035,186,20.971811,8550,2021-06-28 17:42:09,52.27611,016
1036,709,21.017501,8551,2021-06-28 17:42:12,52.158266,10
1037,136,21.05599,8552,2021-06-28 17:42:16,52.147481,10
1038,Z26,21.0180767,8555,2021-06-28 17:42:20,52.2476083,5
1039,519,21.035966,8556,2021-06-28 17:42:17,52.201046,6
1040,Z26,21.008475,8558,2021-06-28 17:42:10,52.246161,08
1041,217,21.045353,8559,2021-06-28 17:42:14,52.174984,06
1042,519,21.014456,8560,2021-06-28 17:42:09,52.225544,2
1043,411,21.102471,8561,2021-06-28 17:42:23,52.222113,02
1044,521,21.121436,8562,2021-06-28 17:42:21,52.236801,09
1045,402,21.09842,8563,2021-06-28 17:42:21,52.218455,2
1046,521,21.184481,8564,2021-06-28 17:42:24,52.188043,08
1047,502,21.156146,8565,2021-06-28 17:42:13,52.226106,014
1048,502,21.0157233,8566,2021-06-28 17:42:17,52.2231917,6
1049,402,21.156085,8567,2021-06-28 17:42:19,52.240341,014
1050,509,21.0609417,8568,2021-06-28 17:42:14,52.2322217,021
1051,171,20.918566,8569,2021-06-28 17:42:15,52.249845,2
1052,411,21.102335,8571,2021-06-28 17:42:10,52.222074,03
1053,E-1,21.1023383,8572,2021-06-28 17:42:11,52.2220167,04
1054,202,21.0968717,8573,2021-06-28 17:42:11,52.2484917,2
1055,411,21.115896,8574,2021-06-28 10:20:57,52.233514,01
1056,720,21.096013,8576,2021-06-28 17:42:19,52.24376,1
1057,162,21.02736,8578,2021-06-28 17:42:13,52.2596567,4
1058,125,21.196495,8579,2021-06-28 17:42:11,52.208395,09
1059,731,21.000835,8583,2021-06-28 17:42:16,52.2912733,5
1060,269,21.041723,8584,2021-06-28 17:42:08,52.292853,02
1061,269,21.055486,8585,2021-06-28 17:42:22,52.275458,03
1062,514,21.0503217,8586,2021-06-28 17:42:14,52.2257117,2
1063,523,21.115558,8587,2021-06-28 08:55:25,52.233753,3
1064,145,21.08819,8588,2021-06-28 17:42:21,52.2447617,016
1065,514,21.156985,8589,2021-06-28 17:42:23,52.2557083,4
1066,502,21.227131,8590,2021-06-28 17:42:17,52.216748,3
1067,507,21.0235017,8592,2021-06-28 17:42:11,52.2322367,2
1068,145,21.0004367,8593,2021-06-28 17:42:21,52.2914917,10
1069,138,21.044905,8595,2021-06-28 17:42:06,52.2489433,8
1070,186,20.9778455,8801,2021-06-28 17:42:18,52.3133086,11
1071,185,20.9755926,8802,2021-06-28 17:42:17,52.2896478,1
1072,727,21.0184851,8803,2021-06-28 17:42:23,52.1178551,1
1073,217,21.0405158,8804,2021-06-28 17:42:18,52.1758916,3
1074,185,21.0500925,8805,2021-06-28 17:42:22,52.2021473,4
1075,402,20.9933586,8806,2021-06-28 17:42:20,52.1786411,8
1076,131,21.0040601,8808,2021-06-28 17:42:21,52.2294539,3
1077,709,21.0189706,8809,2021-06-28 17:42:18,52.0991238,2
1078,174,20.9953243,8810,2021-06-28 17:42:23,52.1701503,1
1079,165,21.0244971,8811,2021-06-28 17:42:14,52.1798113,3
1080,167,21.0477253,8812,2021-06-28 17:42:20,52.2111041,011
1081,402,21.0477996,8813,2021-06-28 17:42:18,52.1926093,1
1082,167,20.9690075,8814,2021-06-28 17:42:14,52.2136931,2
1083,167,20.925786,8816,2021-06-28 17:42:15,52.234071,3
1084,308,21.020471,8817,2021-06-28 17:42:17,52.18959,03
1085,504,20.982978,8818,2021-06-28 17:42:13,52.19536,9
1086,331,20.9996371,8819,2021-06-28 17:42:13,52.156159,04
1087,522,21.0191051,8820,2021-06-28 17:42:23,52.2123953,014
1088,174,21.00467,8821,2021-06-28 17:42:19,52.222186,08
1089,174,21.0049363,8822,2021-06-28 17:42:18,52.219403,5
1090,522,21.0679768,8823,2021-06-28 17:42:15,52.1704241,015
1091,709,21.0176061,8825,2021-06-28 17:42:13,52.1622685,012
1092,504,20.9898085,8826,2021-06-28 17:42:22,52.2198356,8
1093,143,21.0674561,8828,2021-06-28 17:42:19,52.229976,4
1094,509,21.0223971,8829,2021-06-28 17:42:21,52.261971,4
1095,523,21.0136953,8830,2021-06-28 17:42:18,52.2171978,11
1096,125,21.1844826,8831,2021-06-28 17:42:19,52.2069098,5
1097,171,20.9383821,8832,2021-06-28 17:42:17,52.239552,7
1098,141,20.9800916,8833,2021-06-28 17:42:17,52.188041,9
1099,704,21.1633081,8834,2021-06-28 17:42:16,52.2258618,2
1100,521,20.9853406,8835,2021-06-28 17:42:19,52.2207563,5
1101,182,21.1008295,8837,2021-06-28 17:42:23,52.2380955,6
1102,182,21.0140593,8838,2021-06-28 17:42:14,52.2168643,010
1103,704,21.251139,8839,2021-06-28 17:42:08,52.222516,1
1104,185,21.0447405,8840,2021-06-28 17:42:16,52.1759916,5
1105,125,21.1743931,8841,2021-06-28 17:42:20,52.2062633,6
1106,521,21.2045335,8843,2021-06-28 17:42:15,52.1594298,3
1107,185,20.9766016,8844,2021-06-28 17:42:17,52.2870158,2
1108,402,21.0835839,8845,2021-06-28 17:42:22,52.2067706,013
1109,143,21.0053875,8846,2021-06-28 17:42:19,52.2173135,3
1110,143,21.1782966,8847,2021-06-28 17:42:14,52.2618525,6
1111,125,21.094313,8849,2021-06-28 17:42:19,52.244071,3
1112,521,20.9641581,8850,2021-06-28 17:42:20,52.207762,6
1113,523,20.9621091,8851,2021-06-28 17:42:18,52.2170108,019
1114,141,21.1020178,8852,2021-06-28 17:42:13,52.2423178,3
1115,125,21.1211881,8853,2021-06-28 17:42:15,52.2366991,7
1116,509,21.1024893,8854,2021-06-28 17:42:17,52.2219238,8
1117,402,21.0267648,8855,2021-06-28 17:42:19,52.173334,6
1118,512,21.052121,8856,2021-06-28 17:42:15,52.2623656,1
1119,509,20.9819816,8857,2021-06-28 17:42:16,52.3088521,12
1120,169,21.0343043,8858,2021-06-28 17:42:15,52.2586695,1
1121,112,21.0565711,8859,2021-06-28 17:42:19,52.298245,4
1122,512,21.036497,8861,2021-06-28 17:42:17,52.2533055,4
1123,412,21.0684348,8862,2021-06-28 17:42:15,52.3233548,04
1124,738,21.2049206,8864,2021-06-28 17:42:14,52.4086478,05
1125,500,21.0459893,8865,2021-06-28 10:43:17,52.2651186,08
1126,169,21.0517521,8866,2021-06-28 17:42:23,52.2529271,5
1127,162,21.0849986,8867,2021-06-28 17:42:17,52.1932911,1
1128,190,21.031806,8868,2021-06-28 17:42:16,52.2534506,5
1129,190,21.0754395,8869,2021-06-28 17:42:14,52.2871921,023
1130,190,21.0759933,8871,2021-06-28 17:42:19,52.287542,025
1131,190,21.0361376,8872,2021-06-28 17:42:19,52.2554033,026
1132,738,21.066033,8873,2021-06-28 17:42:18,52.27539,06
1133,500,21.029911,8874,2021-06-28 17:42:03,52.266533,3
1134,190,21.0648435,8875,2021-06-28 17:42:19,52.273854,4
1135,162,21.0289456,8876,2021-06-28 17:42:17,52.2491531,3
1136,512,21.050704,8878,2021-06-28 17:42:13,52.2528213,06
1137,509,20.9408361,8879,2021-06-28 17:42:24,52.3253663,1
1138,709,20.996574,8880,2021-06-25 18:58:33,52.18762,016
1139,186,20.9422501,8881,2021-06-28 17:42:19,52.3342886,014
1140,165,20.9923883,8882,2021-06-28 17:42:10,52.1598721,2
1141,175,21.0128373,8883,2021-06-28 17:42:21,52.2434453,64
1142,180,20.9608383,8885,2021-06-28 17:42:12,52.2592481,5
1143,167,20.964048,8886,2021-06-28 17:42:16,52.21555,5
1144,189,20.9662783,8887,2021-06-28 17:42:21,52.1875908,021
1145,128,20.9637978,8888,2021-06-28 17:42:19,52.2077223,61
1146,504,21.0048318,8891,2021-06-28 17:42:12,52.2294863,012
1147,165,20.992281,8892,2021-06-28 17:42:12,52.163975,1
1148,180,21.017538,8893,2021-06-28 17:42:19,52.237973,53
1149,217,21.0750333,8894,2021-06-28 17:42:21,52.1580575,05
1150,136,21.0213916,8895,2021-06-28 17:42:18,52.1577445,015
1151,174,21.0180455,8896,2021-06-28 17:42:14,52.1835641,07
1152,180,21.0660645,8897,2021-06-28 17:42:19,52.1846088,015
1153,167,21.0381951,8898,2021-06-28 17:42:18,52.206783,7
1154,504,20.9881946,8899,2021-06-28 17:42:18,52.2166865,6
1155,161,21.219284,9061,2021-06-28 17:42:23,52.184368,2
1156,161,21.224701,9063,2021-06-28 17:42:20,52.186733,3
1157,262,21.067457,9064,2021-06-28 17:42:23,52.277176,03
1158,314,20.976555,9065,2021-06-28 17:42:21,52.315308,04
1159,314,21.022778,9066,2021-06-28 17:42:24,52.311951,02
1160,104,21.031723,9068,2021-06-28 17:42:23,52.326164,2
1161,161,21.205967,9070,2021-06-28 17:42:22,52.166576,1
1162,225,21.102484,9071,2021-06-28 17:42:23,52.222771,2
1163,225,21.128378,9074,2021-06-28 17:42:23,52.258869,4
1164,225,21.131882,9075,2021-06-28 17:42:23,52.258915,3
1165,211,20.942671,9077,2021-06-28 17:42:21,52.332314,08
1166,314,21.038084,9078,2021-06-28 17:42:19,52.35434,01
1167,262,21.087839,9080,2021-06-28 17:42:24,52.286575,1
1168,104,21.000248,9081,2021-06-28 17:42:19,52.2915,1
1169,314,20.952871,9082,2021-06-28 17:42:22,52.317337,03
1170,262,21.06641,9083,2021-06-28 17:42:21,52.276234,2
1171,225,21.112129,9088,2021-06-28 17:42:24,52.233047,1
1172,211,20.941431,9090,2021-06-28 17:42:22,52.355354,2
1173,211,20.945782,9091,2021-06-28 17:42:24,52.350872,07
1174,305,21.1516,9093,2021-06-28 17:42:21,52.227116,1
1175,900,20.951159,9094,2021-06-28 17:42:24,52.344437,1
1176,133,20.952267,9201,2021-06-28 17:42:16,52.328197,2
1177,207,20.898546,9202,2021-06-28 17:42:22,52.188961,03
1178,164,21.138131,9203,2021-06-28 17:40:28,52.145827,05
1179,133,20.952282,9204,2021-06-28 17:42:14,52.316929,1
1180,809,20.99197,9205,2021-06-28 17:42:22,52.110394,51
1181,239,21.037954,9206,2021-06-28 17:42:22,52.153934,52
1182,239,21.029451,9208,2021-06-28 17:42:17,52.154716,54
1183,211,20.962524,9209,2021-06-28 17:42:22,52.323166,4
1184,177,20.873867,9210,2021-06-28 17:42:23,52.202278,3
1185,239,21.03458,9212,2021-06-28 17:42:21,52.156151,53
1186,211,20.977904,9213,2021-06-28 17:42:23,52.30267,6
1187,219,21.102613,9215,2021-06-28 17:42:22,52.222748,3
1188,208,20.947766,9216,2021-06-28 17:42:03,52.208843,1
1189,234,21.014063,9217,2021-06-28 17:42:13,52.31039,1
1190,209,21.014277,9218,2021-06-28 17:42:22,52.122177,057
1191,234,21.055861,9219,2021-06-28 17:42:20,52.332256,2
1192,203,20.909771,9220,2021-06-28 17:42:19,52.273541,1
1193,249,20.889523,9221,2021-06-28 17:42:21,52.227161,1
1194,211,20.964342,9223,2021-06-28 17:42:18,52.31813,1
1195,201,20.942801,9224,2021-06-28 17:42:18,52.238819,3
1196,208,20.965101,9225,2021-06-28 17:42:20,52.215057,04
1197,208,20.975542,9226,2021-06-28 17:42:23,52.210243,05
1198,208,20.968412,9227,2021-06-28 17:42:17,52.202251,2
1199,219,21.111382,9228,2021-06-28 17:42:19,52.213688,2
1200,219,21.171076,9229,2021-06-28 17:42:20,52.184299,1
1201,201,20.931561,9230,2021-06-28 17:42:22,52.260326,2
1202,809,21.037966,9232,2021-06-28 17:42:21,52.154121,056
1203,264,21.084223,9233,2021-06-28 17:42:21,52.164764,1
1204,203,20.928089,9234,2021-06-28 17:42:20,52.29129,2
1205,201,20.944628,9235,2021-06-28 17:42:22,52.243027,5
1206,209,21.017929,9237,2021-06-28 17:42:23,52.142906,055
1207,208,20.975634,9238,2021-06-28 17:41:52,52.210327,03
1208,207,20.870493,9239,2021-06-28 17:42:24,52.183342,02
1209,177,20.883764,9240,2021-06-28 17:42:21,52.205769,1
1210,133,20.973146,9241,2021-06-28 17:42:20,52.343636,3
1211,201,20.932137,9242,2021-06-28 17:42:18,52.262989,06
1212,211,20.970888,9243,2021-06-28 17:42:22,52.310398,5
1213,207,20.8853,9244,2021-06-28 17:42:22,52.194885,01
1214,211,20.942101,9245,2021-06-28 17:42:18,52.339256,3
1215,164,21.084213,9246,2021-06-28 17:42:19,52.167446,04
1216,201,20.925209,9247,2021-06-28 17:42:23,52.26069,1
1217,177,20.904768,9248,2021-06-28 17:42:21,52.186218,2
1218,164,21.121796,9250,2021-06-28 17:42:18,52.157082,3
1219,164,21.109566,9251,2021-06-28 17:42:24,52.165028,2
1220,164,21.075642,9252,2021-06-28 17:42:19,52.19067,1
1221,211,21.000746,9254,2021-06-28 17:42:14,52.291111,09
1222,199,21.144356,9301,2021-06-28 17:42:23,52.26923,06
1223,739,21.039753,9302,2021-06-28 17:42:19,52.080597,2
1224,739,21.018465,9304,2021-06-28 17:42:20,52.104736,3
1225,179,21.036896,9311,2021-06-28 16:42:22,52.162052,10
1226,123,21.101133,9312,2021-06-28 17:42:23,52.242638,08
1227,179,21.035372,9313,2021-06-28 17:42:18,52.162243,11
1228,153,21.172585,9314,2021-06-28 17:42:21,52.285431,2
1229,179,21.037643,9315,2021-06-28 17:42:22,52.146233,2
1230,135,21.076199,9316,2021-06-28 17:42:23,52.242786,3
1231,135,21.097097,9317,2021-06-28 17:42:22,52.23394,6
1232,135,21.10742,9318,2021-06-28 17:42:20,52.248592,2
1233,135,21.107117,9319,2021-06-28 17:42:21,52.248409,1
1234,179,21.053699,9320,2021-06-28 17:42:21,52.134018,4
1235,179,21.068186,9321,2021-06-28 17:42:25,52.129425,5
1236,123,21.051109,9322,2021-06-28 17:42:18,52.252647,5
1237,135,21.036682,9323,2021-06-28 17:42:15,52.252689,07
1238,179,21.0231,9324,2021-06-28 17:42:17,52.155849,9
1239,179,21.024874,9325,2021-06-28 17:42:24,52.15601,51
1240,256,21.066677,9326,2021-06-28 17:42:24,52.274521,2
1241,142,21.088245,9327,2021-06-28 17:42:19,52.244762,3
1242,179,21.025837,9328,2021-06-28 17:42:07,52.142544,8
1243,153,21.157434,9329,2021-06-28 17:42:18,52.263096,04
1244,123,21.0773959,9331,2021-06-28 09:44:24,52.2687066,07
1245,123,21.077486,9332,2021-06-28 15:39:21,52.268074,08
1246,142,21.161043,9333,2021-06-28 17:42:23,52.171227,5
1247,739,21.018084,9334,2021-06-28 17:42:17,52.134453,1
1248,153,21.1527,9335,2021-06-28 17:42:17,52.268353,3
1249,135,21.037745,9336,2021-06-28 17:42:16,52.266949,5
1250,739,21.0771987,9337,2021-06-28 16:56:14,52.2682345,2
1251,179,21.058086,9338,2021-06-28 17:42:17,52.140083,6
1252,256,21.067431,9339,2021-06-28 17:42:19,52.316238,1
1253,153,21.177063,9340,2021-06-28 17:42:20,52.256889,1
1254,142,21.09565,9341,2021-06-28 17:42:19,52.243881,4
1255,739,21.024315,9342,2021-06-28 17:42:21,52.17989,4
1256,256,21.046452,9343,2021-06-28 17:42:21,52.276215,4
1257,135,21.044834,9344,2021-06-28 17:42:18,52.247833,08
1258,739,21.023884,9345,2021-06-28 17:42:17,52.179977,05
1259,179,21.049896,9346,2021-06-28 17:42:18,52.154854,7
1260,135,21.030748,9347,2021-06-28 17:42:17,52.261047,4
1261,123,21.046984,9348,2021-06-28 17:42:21,52.24773,09
1262,179,21.063459,9349,2021-06-28 17:42:22,52.145397,3
1263,123,21.079424,9350,2021-06-28 17:42:24,52.252689,357
1264,142,21.241844,9351,2021-06-28 17:42:19,52.169739,1
1265,123,21.044809,9352,2021-06-28 17:42:23,52.250412,6
1266,739,21.039007,9353,2021-06-28 17:42:20,52.094997,06
1267,123,21.063099,9354,2021-06-28 17:42:24,52.228809,07
1268,199,21.072186,9355,2021-06-28 17:42:21,52.282894,05
1269,256,21.080996,9356,2021-06-28 17:41:39,52.277397,3
1270,142,21.154057,9357,2021-06-28 17:42:20,52.17281,2
1271,142,21.077633,9358,2021-06-28 16:02:28,52.267822,4
1272,256,21.071548,9359,2021-06-28 17:42:17,52.32254,5
1273,176,20.982239,9403,2021-06-28 17:42:20,52.355591,1
1274,176,21.033251,9405,2021-06-28 17:42:22,52.282814,05
1275,176,20.999929,9412,2021-06-28 17:42:22,52.315701,3
1276,197,20.948555,9413,2021-06-28 17:42:22,52.278782,012
1277,197,20.929646,9414,2021-06-28 17:42:20,52.22517,014
1278,102,21.030977,9416,2021-06-28 17:42:23,52.240143,3
1279,157,20.995583,9417,2021-06-28 17:42:21,52.226532,7
1280,712,20.847534,9418,2021-06-28 17:42:19,52.281025,02
1281,516,20.942253,9420,2021-06-28 17:42:23,52.336922,5
1282,157,20.976709,9423,2021-06-28 17:42:23,52.289986,1
1283,103,20.926893,9424,2021-06-28 17:42:21,52.290283,4
1284,123,21.097128,9425,2021-06-28 17:42:22,52.234283,1
1285,157,20.990753,9426,2021-06-28 17:42:23,52.234585,3
1286,157,20.982254,9427,2021-06-28 17:42:23,52.2173,4
1287,157,20.987347,9428,2021-06-28 17:42:22,52.267708,9
1288,103,20.957352,9429,2021-06-28 17:42:20,52.237953,6
1289,157,20.976406,9432,2021-06-28 17:42:22,52.28986,10
1290,743,20.930433,9433,2021-06-28 17:42:24,52.224941,02
1291,176,20.982311,9434,2021-06-28 17:42:22,52.35545,04
1292,516,20.955122,9435,2021-06-28 17:42:22,52.320808,1
1293,157,20.984934,9436,2021-06-28 17:42:21,52.250854,2
1294,157,20.97287,9437,2021-06-28 17:42:24,52.21265,6
1295,197,20.949924,9438,2021-06-28 17:42:20,52.280636,011
1296,197,20.932125,9439,2021-06-28 17:42:21,52.253838,016
1297,516,21.000814,9440,2021-06-28 17:42:18,52.292313,3
1298,123,21.070202,9441,2021-06-28 17:42:21,52.250504,3
1299,103,20.951418,9442,2021-06-28 17:42:21,52.281658,5
1300,102,21.015135,9443,2021-06-28 17:42:20,52.240612,1
1301,103,20.968491,9445,2021-06-28 17:42:24,52.222088,7
1302,103,20.956724,9446,2021-06-28 17:42:21,52.260902,1
1303,123,21.067163,9447,2021-06-28 17:42:24,52.226009,4
1304,157,20.987696,9448,2021-06-28 17:42:20,52.267448,011
1305,516,20.950829,9449,2021-06-28 17:42:19,52.317482,4
1306,102,21.091837,9450,2021-06-28 17:42:23,52.249825,2
1307,157,20.963942,9451,2021-06-28 17:42:23,52.207958,5
1308,157,20.98572,9452,2021-06-28 17:42:20,52.245586,8
1309,176,20.997421,9453,2021-06-28 17:42:24,52.319195,2
1310,197,20.936502,9454,2021-06-28 17:42:20,52.22533,015
1311,712,20.931532,9455,2021-06-28 17:42:22,52.287285,1
1312,743,20.694981,9456,2021-06-28 17:42:24,52.193512,1
1313,197,20.938944,9457,2021-06-28 17:42:18,52.246407,013
1314,103,20.965321,9458,2021-06-28 17:42:23,52.235737,8
1315,194,20.869680667,9501,2021-06-28 17:42:24,52.194691,5
1316,707,21.002941333,9502,2021-06-28 17:42:22,52.082864167,1
1317,159,20.954856333,9503,2021-06-28 17:42:22,52.211765,1
1318,103,20.946582333,9505,2021-06-28 17:42:20,52.268285,09
1319,103,20.968682167,9506,2021-06-28 17:42:25,52.222096333,011
1320,220,20.937031833,9509,2021-06-28 17:42:20,52.171582333,3
1321,194,20.913759333,9510,2021-06-28 17:42:24,52.209012833,06
1322,737,20.9761435,9511,2021-06-28 17:42:22,52.102599167,56
1323,220,20.9125515,9513,2021-06-28 17:42:22,52.252757667,5
1324,715,21.030439167,9514,2021-06-28 17:42:20,52.153476333,53
1325,181,20.950704,9515,2021-06-28 17:42:23,52.2890485,2
1326,737,21.037032667,9516,2021-06-28 17:42:24,52.161982667,54
1327,149,20.878897667,9518,2021-06-28 17:42:20,52.2482005,06
1328,149,20.9471675,9519,2021-06-28 17:42:20,52.238898167,2
1329,159,20.954640167,9520,2021-06-28 17:42:21,52.212033667,8
1330,715,20.983490333,9521,2021-06-28 17:42:23,52.11179,1
1331,220,20.896797833,9522,2021-06-28 17:42:21,52.230113,4
1332,220,20.896752833,9523,2021-06-28 17:42:20,52.196442,07
1333,220,20.943949833,9524,2021-06-28 17:42:21,52.175886667,2
1334,194,20.921415333,9525,2021-06-28 17:42:20,52.221232833,3
1335,181,20.986065833,9526,2021-06-28 17:42:22,52.2694385,1
1336,715,20.9744965,9528,2021-06-28 17:42:21,52.134136167,058
1337,715,21.036854833,9529,2021-06-28 17:42:20,52.1619735,52
1338,707,20.903801,9530,2021-06-28 17:42:25,52.140827833,03
1339,159,21.0613605,9531,2021-06-28 17:42:21,52.192668,4
1340,194,20.911160333,9532,2021-06-28 17:42:24,52.206434833,1
1341,181,20.942149333,9533,2021-06-28 17:42:22,52.298428,4
1342,181,20.899785167,9534,2021-06-28 17:42:24,52.297111833,3
1343,159,20.988511,9535,2021-06-28 17:42:23,52.224312,7
1344,159,21.023406667,9537,2021-06-28 17:42:22,52.223961167,6
1345,737,21.024729667,9539,2021-06-28 17:42:25,52.1434145,059
1346,220,20.895803333,9540,2021-06-28 17:42:21,52.213244667,1
1347,220,20.897222833,9542,2021-06-28 17:42:21,52.2430745,6
1348,737,20.929610833,9544,2021-06-28 17:42:24,52.065977167,07
1349,220,20.925188167,9545,2021-06-28 17:42:22,52.260738333,08
1350,149,20.910578167,9546,2021-06-28 17:42:17,52.2390215,5
1351,220,20.904320167,9548,2021-06-28 17:42:24,52.188998667,09
1352,149,20.897891333,9550,2021-06-28 17:42:25,52.246736167,1
1353,715,20.943776667,9551,2021-06-28 17:42:20,52.1755275,55
1354,149,20.9405345,9552,2021-06-28 17:42:20,52.246689,3
1355,194,20.880728667,9554,2021-06-28 17:42:24,52.196132667,07
1356,194,20.930535,9555,2021-06-28 17:42:22,52.225020333,2
1357,159,21.036285167,9556,2021-06-28 17:42:24,52.2220285,3
1358,149,20.942171667,9557,2021-06-28 17:42:24,52.245732167,4
1359,194,20.867902833,9558,2021-06-28 17:42:24,52.200826667,4
1360,159,21.057765833,9560,2021-06-28 17:42:21,52.193008167,5
1361,159,20.984789,9561,2021-06-28 17:42:23,52.2237735,2
1362,118,21.041389,9671,2021-06-28 17:42:20,52.300137,2
1363,118,21.022953,9672,2021-06-28 17:42:16,52.229328,5
1364,326,21.011719,9673,2021-06-28 17:42:18,52.316574,04
1365,118,21.010895,9674,2021-06-28 17:42:23,52.25563,8
1366,152,20.999252,9676,2021-06-28 17:42:23,52.338116,5
1367,212,21.057268,9677,2021-06-28 17:42:15,52.270603,06
1368,118,21.023991,9678,2021-06-28 17:42:18,52.224091,7
1369,118,21.022638,9679,2021-06-28 17:42:21,52.297058,1
1370,326,20.984848,9680,2021-06-28 17:42:24,52.308338,02
1371,152,21.060602,9681,2021-06-28 17:42:17,52.315018,2
1372,212,21.03771,9682,2021-06-28 17:42:21,52.267204,5
1373,152,20.970613,9683,2021-06-28 17:42:18,52.322742,4
1374,212,21.066414,9684,2021-06-28 17:42:18,52.277138,1
1375,212,21.056913,9685,2021-06-28 17:42:24,52.301964,2
1376,326,21.061846,9686,2021-06-28 17:42:20,52.361702,05
1377,326,20.968588,9688,2021-06-28 17:42:22,52.272102,03
1378,118,21.01951,9689,2021-06-28 17:42:22,52.24707,4
1379,212,21.049179,9690,2021-06-28 17:42:24,52.289902,3
1380,326,21.061708,9692,2021-06-28 17:42:20,52.361767,01
1381,212,21.027002,9693,2021-06-28 17:42:22,52.259754,4
1382,152,20.996515,9695,2021-06-28 17:42:23,52.34483,1
1383,118,21.015594,9696,2021-06-28 17:42:21,52.219261,6
1384,118,21.036558,9697,2021-06-28 17:42:20,52.296425,3
1385,152,20.971127,9698,2021-06-28 17:42:20,52.320721,3
1386,710,21.125435,9801,2021-06-28 17:42:18,52.101643,4
1387,525,21.003418,9802,2021-06-28 17:42:12,52.229778,1
1388,184,20.934072,9803,2021-06-28 17:42:20,52.271755,069
1389,710,21.12285,9805,2021-06-28 17:42:17,52.096085,2
1390,525,21.015036,9807,2021-06-28 17:42:22,52.217613,319
1391,127,20.955305,9808,2021-06-28 17:42:16,52.213909,2
1392,109,20.898722,9809,2021-06-28 17:42:20,52.238506,07
1393,710,21.013592,9810,2021-06-28 17:42:23,52.074261,5
1394,719,20.909737,9812,2021-06-28 17:42:18,52.23901,3
1395,109,21.030669,9813,2021-06-28 17:19:50,52.230155,08
1396,Z10,20.930954,9814,2021-06-28 17:42:18,52.225372,2
1397,525,21.162619,9815,2021-06-28 17:42:22,52.2225,09
1398,742,21.190432,9816,2021-06-28 17:42:23,52.022133,1
1399,719,20.676193,9818,2021-06-28 17:42:22,52.262505,04
1400,719,20.770174,9820,2021-06-28 17:42:22,52.256599,2
1401,710,21.021749,9821,2021-06-28 17:42:20,52.074997,1
1402,525,21.001985,9822,2021-06-28 17:42:19,52.229005,010
1403,184,20.922443,9823,2021-06-28 17:42:17,52.248249,010
1404,525,21.089674,9825,2021-06-28 17:19:36,52.235753,5
1405,525,21.076281,9826,2021-06-28 17:42:23,52.233486,7
1406,185,21.023999,9827,2021-06-28 17:42:24,52.142858,8
1407,127,20.932281,9828,2021-06-28 17:42:19,52.202198,4
1408,525,21.142653,9829,2021-06-28 17:42:21,52.227375,6
1409,Z10,20.913408,9830,2021-06-28 17:42:23,52.237804,8
1410,710,21.06769,9831,2021-06-28 17:42:23,52.12933,3
1411,127,21.003756,9833,2021-06-28 17:42:23,52.227936,1
1412,525,21.196608,9834,2021-06-28 17:42:22,52.208286,4
1413,742,21.091078,9835,2021-06-28 17:42:19,52.131134,02
1414,525,21.112013,9836,2021-06-28 17:42:22,52.233284,3
1415,185,20.994158,9837,2021-06-28 17:42:22,52.271118,12
1416,525,21.038454,9838,2021-06-28 17:42:16,52.222847,2
1417,724,21.023327,9839,2021-06-28 17:42:17,52.071636,1
1418,127,21.037477,9840,2021-06-28 17:42:21,52.232605,6
1419,724,21.099121,9841,2021-06-28 17:42:23,52.13213,02
1420,127,21.019445,9843,2021-06-28 17:42:24,52.246277,7
1421,127,20.917421,9845,2021-06-28 17:42:15,52.207569,3
1422,Z10,20.912312,9846,2021-06-28 17:42:21,52.251148,6
1423,Z10,20.911966,9847,2021-06-28 17:42:20,52.251244,4
1424,109,20.986034,9849,2021-06-28 17:42:23,52.230873,6
1425,109,20.93804,9851,2021-06-28 17:42:20,52.239758,5
1426,109,20.945198,9852,2021-06-28 17:42:22,52.238918,4
1427,109,21.043289,9853,2021-06-28 17:42:18,52.223022,1
1428,127,21.030455,9854,2021-06-28 17:42:17,52.239761,335
1429,186,20.960699,9901,2021-06-28 17:42:23,52.217247,1
1430,210,20.933363,9902,2021-06-28 17:42:20,52.289444,5
1431,140,21.100851,9903,2021-06-28 17:42:21,52.318062,04
1432,520,21.018938,9905,2021-06-28 17:42:23,52.217945,011
1433,520,21.086313,9906,2021-06-28 17:42:21,52.236294,3
1434,140,21.080578,9907,2021-06-28 17:42:24,52.293179,08
1435,140,21.056854,9908,2021-06-28 17:42:20,52.274906,09
1436,140,21.068678,9909,2021-06-28 17:42:23,52.279022,2
1437,719,20.922306,9912,2021-06-28 17:42:24,52.240295,05
1438,520,21.001926,9913,2021-06-28 17:42:19,52.243301,08
1439,520,21.027836,9914,2021-06-28 17:42:20,52.220009,09
1440,520,21.106506,9915,2021-06-28 17:42:20,52.233658,6
1441,520,21.136068,9916,2021-06-28 17:42:22,52.241413,4
1442,193,21.023159,9918,2021-06-28 17:42:20,52.173321,2
1443,193,20.995453,9919,2021-06-28 17:42:24,52.170235,3
1444,140,21.12149,9920,2021-06-28 17:42:23,52.343281,05
1445,140,21.111423,9921,2021-06-28 17:42:22,52.360855,06
1446,520,21.155922,9922,2021-06-28 17:42:23,52.240395,5
1447,193,20.996433,9923,2021-06-28 17:42:20,52.169884,4
1448,140,21.111164,9924,2021-06-28 17:42:21,52.330177,07
1449,193,21.037798,9926,2021-06-28 17:42:24,52.154362,1
1450,520,21.129709,9927,2021-06-28 17:42:20,52.235992,010
1451,140,21.111233,9928,2021-06-28 17:42:20,52.360912,3
1452,186,20.957058,9929,2021-06-28 17:42:20,52.24015,12
1453,193,21.0385,9930,2021-06-28 17:42:16,52.172836,5
1454,186,20.960297,9932,2021-06-28 17:42:23,52.216782,4
1455,520,21.004444,9933,2021-06-28 17:42:21,52.241444,2
1456,186,20.975534,9934,2021-06-28 17:42:23,52.21167,2
1457,520,21.002178,9935,2021-06-28 17:42:23,52.243114,1
1458,186,20.977718,9936,2021-06-28 17:42:21,52.312706,6
1459,520,21.012251,9937,2021-06-28 17:42:23,52.228703,7
1460,186,20.963715,9940,2021-06-28 17:42:21,52.207829,3
1461,186,20.966955,9941,2021-06-28 17:42:23,52.319023,8
1462,210,20.928345,9942,2021-06-28 17:42:20,52.291164,4
1463,109,21.01009,9943,2021-06-28 17:42:21,52.2295,2
1464,186,20.952404,9945,2021-06-28 17:42:21,52.318508,9
1465,210,20.827019,9946,2021-06-28 17:42:20,52.290951,3
1466,109,20.99213,9948,2021-06-28 17:42:21,52.231804,3
1467,210,20.828497,9949,2021-06-28 17:42:23,52.290821,1
1468,210,20.76738,9950,2021-06-28 17:42:24,52.307827,2
1469,186,20.951527,9951,2021-06-28 17:42:23,52.25494,5
1470,186,20.942175,9953,2021-06-28 17:42:22,52.334026,67
1471,140,21.052731,9954,2021-06-28 17:42:23,52.276848,1
1472,o97B,21.423098,9999,2021-06-28 14:27:55,50.302967,7
