,Lines,Lon,VehicleNumber,Time,Lat,Brigade
0,213,21.104403,1001,2021-06-28 17:22:46,52.21236,1
1,213,21.101208,1003,2021-06-28 17:22:41,52.2151941,05
2,213,21.1887623,1004,2021-06-28 17:22:43,52.14988,3
3,196,21.1761848,1005,2021-06-28 17:22:42,52.256769,2
4,196,21.177263,1008,2021-06-28 17:22:38,52.256883,03
5,213,21.22053,1009,2021-06-28 17:22:42,52.1628525,4
6,213,21.2236983,1010,2021-06-28 17:22:40,52.1823431,2
7,311,21.078026,1012,2021-06-28 17:22:44,52.2409871,1
8,196,21.169534,1014,2021-06-28 17:22:43,52.262934,1
9,311,21.0941231,1015,2021-06-28 17:22:37,52.221447,2
10,365,20.996704,1021,2021-06-28 17:22:46,52.169731,01
11,107,20.9794379,1023,2021-06-28 17:22:45,52.2445772,3
12,163,21.0780754,1025,2021-06-28 17:22:45,52.1829805,2
13,107,20.9982825,1026,2021-06-28 17:22:45,52.2472264,5
14,108,21.071619,1027,2021-06-28 17:22:46,52.179626,1
15,108,21.0348794,1028,2021-06-28 17:22:45,52.2243187,5
16,108,21.029655,1029,2021-06-28 17:22:44,52.230202,6
17,365,21.0243257,1031,2021-06-28 17:22:46,52.1798137,02
18,108,21.083006,1033,2021-06-28 17:22:45,52.190449,4
19,163,21.0822687,1034,2021-06-28 17:22:46,52.1844346,1
20,192,21.0530239,1037,2021-06-28 17:22:45,52.1384809,7
21,108,21.030734,1038,2021-06-28 17:22:31,52.177853,3
22,365,21.017881,1039,2021-06-28 17:22:46,52.180054,03
23,107,21.0405083,1040,2021-06-28 17:22:31,52.2216067,6
24,107,21.011371,1042,2021-06-28 17:22:30,52.235349,2
25,107,21.046231,1043,2021-06-28 17:22:30,52.199444,07
26,107,20.979195,1045,2021-06-28 17:22:43,52.2444833,4
27,204,21.029638,1046,2021-06-28 17:22:35,52.315995,05
28,204,21.023033,1047,2021-06-28 17:22:37,52.277201,1
29,204,21.029931,1048,2021-06-28 17:22:33,52.314518,04
30,228,20.920638,1050,2021-06-28 17:22:41,52.211021,1
31,228,20.979388,1051,2021-06-28 17:22:27,52.184976,2
32,328,20.936346,1052,2021-06-28 17:22:41,52.201034,01
33,129,20.92181,1053,2021-06-28 17:22:29,52.2320567,4
34,228,20.912026,1054,2021-06-28 17:22:27,52.205583,3
35,129,20.939275,1055,2021-06-28 17:22:44,52.2459183,3
36,328,20.9855117,1058,2021-06-28 17:22:44,52.1663167,02
37,129,20.8880383,1059,2021-06-28 17:22:37,52.1947283,1
38,328,20.9946059,1061,2021-06-28 17:22:46,52.1507702,03
39,192,21.0721686,1062,2021-06-28 17:22:46,52.137029,51
40,192,21.024351,1064,2021-06-28 17:22:47,52.179859,2
41,163,21.0489576,1065,2021-06-28 17:22:45,52.1782342,04
42,107,21.046457,1066,2021-06-28 17:22:45,52.213646,1
43,163,21.088957,1068,2021-06-28 17:22:46,52.159973,3
44,192,21.0461349,1069,2021-06-28 17:22:46,52.1520915,4
45,163,21.085421,1070,2021-06-28 17:22:46,52.161541,05
46,192,21.06859,1074,2021-06-28 17:22:44,52.129116,6
47,108,21.0377917,1076,2021-06-28 17:22:45,52.1767172,2
48,192,21.0221272,1077,2021-06-28 17:22:46,52.1789751,3
49,192,21.033236,1079,2021-06-28 17:22:46,52.149807,1
50,736,21.000981,1101,2021-06-28 17:22:43,52.2921446,02
51,132,21.055753,1109,2021-06-28 17:22:38,52.324669,2
52,303,20.9400423,1112,2021-06-28 17:22:43,52.2806446,3
53,147,21.0454676,1113,2021-06-28 17:22:43,52.2358541,06
54,152,20.999375,1114,2021-06-28 17:22:32,52.337366,06
55,166,21.0270131,1115,2021-06-28 17:22:42,52.2597205,09
56,132,21.0506198,1116,2021-06-28 17:22:38,52.3160085,3
57,122,20.9203558,1117,2021-06-28 17:22:45,52.2645071,09
58,197,20.9451285,1118,2021-06-28 17:22:43,52.2423753,7
59,126,21.0227981,1119,2021-06-28 17:22:43,52.2861668,3
60,168,21.020863,1200,2021-06-28 17:22:45,52.209831,2
61,119,20.999168,1202,2021-06-28 17:22:45,52.206253,1
62,178,21.015539,1203,2021-06-28 17:22:46,52.241478,2
63,178,20.886024,1204,2021-06-28 17:22:45,52.181728,5
64,168,20.9956677,1205,2021-06-28 17:22:46,52.1893146,6
65,166,21.038663,1206,2021-06-28 17:22:42,52.235388,1
66,166,21.0579259,1208,2021-06-28 17:22:44,52.151252,5
67,222,21.0241415,1211,2021-06-28 17:22:46,52.1985614,4
68,174,21.0067174,1212,2021-06-28 17:22:46,52.2110309,371
69,174,20.9998092,1213,2021-06-28 17:22:43,52.2313266,3
70,218,21.024746,1214,2021-06-28 17:22:43,52.190868,5
71,166,21.0374316,1216,2021-06-28 17:22:45,52.23538,7
72,168,21.020185,1218,2021-06-28 17:22:44,52.209698,5
73,119,21.046101,1220,2021-06-28 17:22:46,52.201405,5
74,122,20.981801,1400,2021-06-28 17:22:39,52.2753825,012
75,121,20.9702626,1401,2021-06-28 17:22:41,52.2788698,04
76,134,21.053126,1403,2021-06-28 17:22:41,52.356216,1
77,110,20.9693193,1407,2021-06-28 17:22:44,52.2718038,05
78,240,21.107553,1408,2021-06-28 17:22:26,52.326011,4
79,173,21.084501,1411,2021-06-28 17:22:45,52.249882,5
80,117,21.070024,1412,2021-06-28 17:22:47,52.225262,1
81,702,21.262846,1413,2021-06-28 17:22:29,52.10799,2
82,168,21.0008264,1415,2021-06-28 17:22:44,52.2017066,1
83,202,21.0898754,1416,2021-06-28 17:22:45,52.25013,04
84,183,21.179661,1418,2021-06-28 17:22:45,52.248688,6
85,147,21.0523822,1419,2021-06-28 17:22:46,52.2503137,2
86,199,21.11071,1422,2021-06-28 17:22:46,52.282974,4
87,198,21.2239492,1423,2021-06-28 17:22:46,52.2282171,05
88,173,21.13641,1424,2021-06-28 17:22:46,52.24123,6
89,115,21.2421314,1425,2021-06-28 17:22:46,52.1699072,4
90,173,21.238371,1426,2021-06-28 17:22:44,52.216148,8
91,147,21.1449297,1427,2021-06-28 17:22:46,52.1994719,4
92,146,21.1153,1428,2021-06-28 17:22:46,52.2026,2
93,142,21.113449,1430,2021-06-28 17:22:42,52.240063,06
94,L41,20.941563,14422,2021-06-28 17:22:46,52.400681,1
95,L10,20.947506,14423,2021-06-28 17:21:09,52.452568,1
96,L11,20.952436,14424,2021-06-28 17:22:46,52.406525,1
97,L10,20.914135,14425,2021-06-28 17:22:46,52.407669,50
98,L-8,20.945215,14426,2021-06-28 14:51:54,52.437912,1
99,L41,20.718275,14427,2021-06-28 17:22:43,52.428642,02
100,L11,20.961252,14429,2021-06-28 17:22:43,52.452122,57
101,L34,20.847353,14430,2021-06-28 17:01:01,52.441017,2
102,L34,20.888084,14431,2021-06-28 17:22:47,52.413872,1
103,L11,20.722687,14432,2021-06-28 17:22:47,52.424503,51
104,L-8,20.996996,14434,2021-06-28 17:22:43,52.386688,02
105,L-8,21.098974,14435,2021-06-28 17:22:50,52.40966,1
106,L49,20.941256,14436,2021-06-28 17:22:41,52.355743,1
107,L31,21.106699,14438,2021-06-28 17:22:46,52.442257,1
108,L-9,20.941204,14439,2021-06-28 17:22:43,52.40086,054
109,L-9,20.946692,14440,2021-06-28 17:16:21,52.471832,055
110,134,21.004861,1500,2021-06-28 17:22:34,52.290898,04
111,134,20.9682616,1501,2021-06-28 17:22:44,52.2719008,3
112,110,20.8995253,1502,2021-06-28 17:22:44,52.3257811,2
113,240,21.0600403,1505,2021-06-28 17:22:42,52.3047896,06
114,132,21.0439251,1506,2021-06-28 17:22:38,52.302649,07
115,134,21.0486961,1507,2021-06-28 17:22:40,52.3401011,2
116,126,20.9969941,1508,2021-06-28 17:22:41,52.3196141,5
117,132,20.976904,1509,2021-06-28 17:22:30,52.278934,05
118,166,21.0443551,1510,2021-06-28 17:22:30,52.192432,6
119,126,21.0568671,1513,2021-06-28 17:22:34,52.3018755,4
120,197,20.922581,1514,2021-06-28 17:22:44,52.221681,6
121,197,20.9530531,1515,2021-06-28 17:22:34,52.2763091,8
122,121,20.9253353,1516,2021-06-28 17:22:40,52.2723435,1
123,173,21.193421,1519,2021-06-28 17:22:38,52.248066,10
124,202,21.042004,1521,2021-06-28 17:22:33,52.241835,07
125,202,21.044686,1522,2021-06-28 17:22:36,52.248705,3
126,146,21.195063,1523,2021-06-28 17:22:34,52.15794,08
127,730,21.2609067,1524,2021-06-28 17:22:33,52.210725,052
128,119,21.20325,1525,2021-06-28 17:22:27,52.209408,06
129,147,21.142366,1526,2021-06-28 17:22:46,52.198578,09
130,198,21.223611,1528,2021-06-28 17:22:34,52.253851,3
131,702,21.1328467,1530,2021-06-28 17:22:31,52.21436,03
132,198,21.2234067,1531,2021-06-28 17:22:44,52.248915,2
133,115,21.1698533,1533,2021-06-28 17:22:26,52.2426917,2
134,142,21.1428383,1534,2021-06-28 17:22:34,52.1866367,07
135,198,21.243198,1535,2021-06-28 17:22:45,52.221706,1
136,106,20.968019,1537,2021-06-28 17:22:38,52.23393,4
137,170,21.0218033,1538,2021-06-28 17:22:34,52.26248,4
138,120,21.0467517,1539,2021-06-28 17:22:30,52.2825367,1
139,199,21.065796,1540,2021-06-28 17:22:29,52.275145,1
140,156,21.04416,1541,2021-06-28 17:22:46,52.2782883,1
141,170,21.0337983,1542,2021-06-28 17:22:32,52.2587167,1
142,156,20.927883,1543,2021-06-28 17:22:44,52.290806,3
143,338,21.061346,1544,2021-06-28 17:22:28,52.262949,01
144,122,20.986466,1546,2021-06-28 17:22:39,52.268461,013
145,338,21.034626,1548,2021-06-28 17:22:34,52.258493,04
146,199,21.108823,1549,2021-06-28 17:22:35,52.286081,2
147,170,21.044478,1550,2021-06-28 17:22:37,52.254533,3
148,240,21.117925,1551,2021-06-28 17:22:24,52.3389783,3
149,221,20.99536,1552,2021-06-28 17:22:32,52.25943,2
150,106,20.9652783,1554,2021-06-28 17:22:34,52.2368017,06
151,L-4,20.91931,17451,2021-06-28 17:21:43,52.096683,1
152,L26,21.182468,17452,2021-06-28 17:22:42,52.337986,02
153,L37,21.275665,17453,2021-06-28 17:22:46,52.331062,1
154,L40,21.209486,17454,2021-06-28 17:22:42,52.337215,1
155,L36,21.28421,17456,2021-06-28 17:22:43,52.369907,1
156,L35,21.315279,17458,2021-06-28 17:22:41,52.35289,1
157,L26,21.153328,17460,2021-06-28 17:22:47,52.311913,1
158,L46,21.154922,17461,2021-06-28 17:22:46,52.297031,1
159,L43,21.148205,17462,2021-06-28 17:22:36,52.314274,1
160,L45,21.101358,17464,2021-06-28 17:22:45,52.318352,02
161,L45,21.15727,17465,2021-06-28 17:22:43,52.382591,1
162,L38,21.242648,17466,2021-06-28 17:22:47,52.335923,1
163,L37,21.218784,17467,2021-06-28 16:39:44,52.310253,2
164,L40,21.121147,17468,2021-06-28 17:22:43,52.342815,02
165,197,20.8625013,1800,2021-06-28 17:22:41,52.1902683,4
166,110,20.9686185,1801,2021-06-28 17:22:42,52.2721293,4
167,132,20.9686451,1802,2021-06-28 17:22:44,52.2740721,1
168,166,21.027225,1803,2021-06-28 17:22:44,52.2598886,8
169,122,20.9764368,1804,2021-06-28 17:22:42,52.289853,5
170,173,21.07259,1805,2021-06-28 17:22:40,52.2517138,4
171,204,21.0258405,1806,2021-06-28 17:22:40,52.2811216,3
172,122,20.9452966,1807,2021-06-28 17:22:36,52.2656731,4
173,303,20.9862836,1808,2021-06-28 17:22:35,52.2692543,1
174,147,21.0899915,1809,2021-06-28 17:22:42,52.220982,1
175,166,21.0436638,1810,2021-06-28 17:22:34,52.1935295,2
176,152,21.043346,1811,2021-06-28 10:10:53,52.266126,06
177,204,21.0602951,1812,2021-06-28 17:22:39,52.3150785,2
178,736,20.9233405,1813,2021-06-28 17:22:40,52.3980561,1
179,147,21.052859,1814,2021-06-28 17:22:27,52.250406,07
180,240,21.0588558,1815,2021-06-28 17:22:33,52.3022958,2
181,197,20.9757451,1817,2021-06-28 17:22:36,52.2896336,9
182,240,21.0028155,1818,2021-06-28 17:22:41,52.2906946,05
183,221,20.981894,1819,2021-06-28 17:22:41,52.2597363,1
184,117,21.1025301,1823,2021-06-28 17:22:42,52.2221838,05
185,146,21.1240878,1826,2021-06-28 17:22:47,52.1905995,4
186,183,21.0871251,1828,2021-06-28 17:22:36,52.2446961,3
187,147,21.2208301,1829,2021-06-28 17:22:41,52.2177693,5
188,722,21.2629395,1830,2021-06-28 17:22:36,52.1065073,1
189,147,21.1169918,1832,2021-06-28 09:25:20,52.2330478,09
190,146,21.0478796,1833,2021-06-28 17:22:38,52.247844,5
191,202,21.116848,1834,2021-06-28 09:35:30,52.233074,04
192,115,21.1939111,1835,2021-06-28 17:22:38,52.179511,3
193,168,21.093699,1837,2021-06-28 17:22:42,52.2274858,07
194,183,21.1900441,1839,2021-06-28 17:22:42,52.244189,1
195,202,21.128695,1840,2021-06-28 17:22:41,52.2402315,05
196,146,21.176856,1842,2021-06-28 17:22:45,52.157236,07
197,183,21.132085,1843,2021-06-28 17:22:39,52.2386031,2
198,119,21.146853,1844,2021-06-28 17:22:34,52.214086,3
199,115,21.161273,1846,2021-06-28 17:22:25,52.226521,5
200,730,21.2595763,1847,2021-06-28 17:22:39,52.2125863,61
201,119,21.1336861,1848,2021-06-28 17:22:44,52.2081306,4
202,173,21.2431991,1849,2021-06-28 17:22:38,52.2240216,9
203,183,21.0870093,1850,2021-06-28 17:22:41,52.244644,4
204,173,21.1365868,1851,2021-06-28 17:22:39,52.2411008,1
205,722,21.098209,1854,2021-06-28 17:22:43,52.243099,53
206,147,21.0521846,1855,2021-06-28 17:22:43,52.2377091,3
207,146,21.0560726,1856,2021-06-28 17:22:42,52.2313256,1
208,117,21.0970456,1857,2021-06-28 17:22:35,52.2211795,2
209,115,21.1702611,1858,2021-06-28 17:22:40,52.2770728,1
210,146,21.0598405,1859,2021-06-28 17:22:47,52.223666,09
211,115,21.1591201,1860,2021-06-28 17:22:28,52.2577786,6
212,119,21.0757086,1862,2021-06-28 17:22:44,52.2040241,2
213,173,21.0527151,1863,2021-06-28 17:22:44,52.2503263,3
214,146,21.2046695,1866,2021-06-28 17:22:42,52.1594896,3
215,183,21.1267208,1867,2021-06-28 17:22:42,52.2344098,5
216,147,21.243022,1869,2021-06-28 17:22:34,52.219209,08
217,251,21.1231246,1903,2021-06-28 17:22:43,52.0895144,53
218,168,20.9958737,1904,2021-06-28 17:22:37,52.1929163,09
219,739,21.0181038,1905,2021-06-28 17:22:42,52.1195483,07
220,251,21.0672629,1906,2021-06-28 17:22:44,52.1700652,52
221,251,21.0240055,1907,2021-06-28 17:22:41,52.1795685,54
222,178,20.957713,1908,2021-06-28 17:22:38,52.215494,012
223,222,21.0048965,1909,2021-06-28 17:22:40,52.2448691,2
224,222,20.9958965,1910,2021-06-28 17:22:38,52.1934019,5
225,139,21.0379889,1911,2021-06-28 17:22:46,52.1766119,56
226,222,21.023901,1912,2021-06-28 17:22:43,52.197662,6
227,251,21.069773,1914,2021-06-28 17:22:44,52.169266,51
228,222,21.016659,1916,2021-06-28 17:22:47,52.240234,3
229,222,21.017046,1917,2021-06-28 17:22:46,52.189022,4
230,739,21.0237967,1918,2021-06-28 17:22:44,52.1799939,08
231,139,21.098747,1919,2021-06-28 17:22:46,52.10516,55
232,222,21.01787,1920,2021-06-28 17:22:43,52.237461,1
233,178,20.9110459,1991,2021-06-28 17:22:47,52.1962924,010
234,178,20.9364382,1993,2021-06-28 17:22:45,52.2017185,1
235,168,21.094357,1994,2021-06-28 17:22:45,52.228134,08
236,178,21.010626,1995,2021-06-28 17:22:46,52.235924,3
237,178,20.883499,1996,2021-06-28 17:22:45,52.195309,6
238,178,20.960815,1998,2021-06-28 17:22:45,52.217125,4
239,178,20.970352,1999,2021-06-28 17:22:43,52.228657,013
240,105,20.896255,2001,2021-06-28 17:22:46,52.238663,1
241,136,21.002682,2003,2021-06-28 17:22:46,52.176311,6
242,Z10,20.9249797,2006,2021-06-28 17:22:46,52.2611321,3
243,188,21.1290392,2007,2021-06-28 17:22:46,52.2401124,09
244,517,20.9334452,2008,2021-06-28 17:22:46,52.1996397,07
245,191,20.965271,2009,2021-06-28 17:22:46,52.215,3
246,184,20.9272332,2010,2021-06-28 17:22:46,52.2912539,4
247,124,20.9434179,2011,2021-06-28 17:22:44,52.1757904,03
248,401,20.9279332,2013,2021-06-28 17:22:43,52.195688,1
249,182,20.9654475,2014,2021-06-28 17:22:44,52.21823,012
250,171,20.920187,2015,2021-06-28 17:22:43,52.240078,1
251,401,20.9297886,2016,2021-06-28 17:22:44,52.1959194,011
252,190,21.060396,2019,2021-06-28 17:22:45,52.268486,014
253,191,20.8892605,2020,2021-06-28 17:22:47,52.1899932,7
254,401,20.903836,2021,2021-06-28 17:22:46,52.1935917,5
255,522,21.035345,2022,2021-06-28 17:22:45,52.201973,013
256,193,21.040371,2023,2021-06-28 17:22:45,52.154858,06
257,189,21.0642374,2024,2021-06-28 17:22:46,52.1865404,14
258,401,20.991014,2026,2021-06-28 17:22:42,52.180565,8
259,522,21.0029205,2027,2021-06-28 17:22:44,52.2295059,318
260,519,21.08782,2028,2021-06-28 17:22:45,52.158821,3
261,501,21.031284,2029,2021-06-28 17:22:46,52.206455,3
262,189,20.896845,2030,2021-06-28 17:22:45,52.235306,9
263,131,21.0155899,2032,2021-06-28 17:22:46,52.2157607,10
264,522,21.079834,2033,2021-06-28 17:22:43,52.1576,07
265,189,20.9610949,2035,2021-06-28 17:22:46,52.1893465,12
266,519,21.067144,2036,2021-06-28 17:22:44,52.170971,5
267,501,21.0487,2037,2021-06-28 17:22:46,52.178104,5
268,138,20.995485,2038,2021-06-28 17:22:46,52.170292,010
269,501,21.0017461,2040,2021-06-28 17:22:46,52.2285557,2
270,189,20.896837,2041,2021-06-28 17:22:44,52.239368,8
271,138,21.054047,2042,2021-06-28 17:22:43,52.261063,012
272,401,20.861853,2044,2021-06-28 17:22:46,52.190521,012
273,172,20.972652,2045,2021-06-28 17:22:47,52.212563,010
274,172,20.987263,2200,2021-06-28 17:22:45,52.197968,4
275,523,20.967216,2201,2021-06-28 17:22:44,52.218285,14
276,187,20.977913,2202,2021-06-28 17:22:46,52.217316,3
277,136,20.9829499,2203,2021-06-28 17:22:46,52.1962425,1
278,Z10,20.9141077,2204,2021-06-28 17:22:46,52.2368286,010
279,171,20.924112,2205,2021-06-28 17:22:46,52.255001,011
280,Z10,20.9171715,2206,2021-06-28 17:22:47,52.2203937,7
281,189,20.916149,2207,2021-06-28 17:22:46,52.205235,10
282,190,20.8988175,2209,2021-06-28 17:22:45,52.2389324,8
283,172,20.9541029,2210,2021-06-28 17:22:44,52.2130161,2
284,122,20.939154,2212,2021-06-28 17:22:45,52.270206,6
285,122,20.9724904,2213,2021-06-28 17:22:46,52.2647697,07
286,136,21.003489,2215,2021-06-28 17:22:43,52.172844,11
287,190,20.8986119,2216,2021-06-28 17:22:46,52.2392725,018
288,401,20.9779122,2217,2021-06-28 17:22:45,52.1840572,09
289,Z10,20.9149794,2218,2021-06-28 17:22:45,52.2336635,5
290,148,21.048558,2221,2021-06-28 17:22:44,52.1939237,8
291,523,20.960434,2222,2021-06-28 17:22:45,52.216862,1
292,191,20.94961,2223,2021-06-28 17:22:43,52.210361,9
293,189,20.9973729,2224,2021-06-28 17:22:46,52.1791971,2
294,191,20.8934207,2225,2021-06-28 17:22:46,52.1913894,5
295,517,20.8617274,2226,2021-06-28 17:22:43,52.1909397,3
296,136,21.026663,2231,2021-06-28 17:22:46,52.165119,013
297,189,20.935585,2232,2021-06-28 17:22:47,52.194626,11
298,317,21.0410562,2233,2021-06-28 17:22:46,52.170921,08
299,Z10,20.930784,2235,2021-06-28 17:22:47,52.224998,011
300,317,20.9795,2236,2021-06-28 17:22:46,52.179176,4
301,187,21.010899,2240,2021-06-28 17:22:45,52.217171,2
302,136,21.0329042,2241,2021-06-28 17:22:45,52.1495662,9
303,191,20.9681114,2243,2021-06-28 17:22:45,52.2143987,1
304,171,21.0328529,2244,2021-06-28 17:22:43,52.2279895,4
305,Z10,20.916745,2245,2021-06-28 17:22:46,52.223651,9
306,717,20.865215,2247,2021-06-28 17:22:46,52.175629,3
307,317,20.9440139,2249,2021-06-28 17:22:43,52.1754039,06
308,189,20.9157286,2252,2021-06-28 17:22:46,52.2071677,4
309,112,21.055,2253,2021-06-28 17:22:45,52.296612,2
310,191,20.9138562,2254,2021-06-28 17:22:45,52.1994352,010
311,141,20.949534,2256,2021-06-28 17:22:46,52.1812112,013
312,172,21.065374,2257,2021-06-28 17:22:44,52.185284,7
313,317,20.9826551,2258,2021-06-28 17:22:46,52.1779921,1
314,187,20.9129446,2259,2021-06-28 17:22:45,52.1984304,4
315,L48,21.303106,23481,2021-06-28 04:38:21,52.203297,1
316,L47,21.297955,23482,2021-06-28 17:22:44,52.241562,02
317,L47,21.315849,23483,2021-06-28 17:22:48,52.24514,1
318,L20,21.259731,24511,2021-06-28 17:22:47,52.107773,1
319,L20,21.471601,24512,2021-06-28 13:52:17,52.132278,1
320,L20,21.463856,24513,2021-06-28 17:22:45,52.133121,03
321,L20,21.471527,24515,2021-06-28 17:22:47,52.131893,2
322,245,21.1111126,3400,2021-06-28 17:22:43,52.2824381,2
323,112,21.045481,3401,2021-06-28 17:22:36,52.286038,018
324,412,21.044824,3403,2021-06-28 17:22:39,52.2591351,01
325,112,20.9127558,3404,2021-06-28 17:22:45,52.240065,7
326,412,21.052579,3405,2021-06-28 17:22:28,52.253778,05
327,500,21.0190926,3406,2021-06-28 17:22:44,52.263258,08
328,500,20.9816056,3408,2021-06-28 17:22:45,52.2534333,2
329,245,21.1308593,3410,2021-06-28 17:22:42,52.2798401,05
330,114,20.943034,3411,2021-06-28 17:22:33,52.272453,011
331,500,21.0476521,3413,2021-06-28 17:22:43,52.28664,1
332,190,21.0465378,3414,2021-06-28 17:22:40,52.2598588,027
333,114,20.9831898,3415,2021-06-28 17:22:41,52.2679303,09
334,114,20.937417,3416,2021-06-28 17:22:38,52.303682,010
335,738,21.1067601,3417,2021-06-28 17:22:41,52.3251128,3
336,738,21.202969,3418,2021-06-28 17:22:36,52.4071675,4
337,190,21.07353,3421,2021-06-28 17:22:43,52.2847801,021
338,500,21.0342795,3422,2021-06-28 17:22:36,52.267753,4
339,185,21.0258135,3423,2021-06-28 17:22:06,52.2421456,10
340,512,21.0735025,3424,2021-06-28 17:22:38,52.2844781,2
341,512,21.049929,3426,2021-06-28 17:22:42,52.2529121,3
342,169,21.041938,3427,2021-06-28 17:22:26,52.300188,2
343,185,21.045589,3428,2021-06-28 17:22:42,52.1499623,7
344,500,21.041725,3429,2021-06-28 17:22:46,52.3003349,6
345,169,21.0433106,3430,2021-06-28 17:22:44,52.277252,3
346,112,21.070236,3431,2021-06-28 17:22:42,52.307585,3
347,Z26,21.0204105,3432,2021-06-28 17:22:41,52.2485793,1
348,Z26,20.980738,3434,2021-06-28 17:22:42,52.237278,6
349,175,20.991541,3435,2021-06-28 17:22:44,52.225651,55
350,509,21.0902458,3437,2021-06-28 17:22:46,52.2252686,5
351,132,21.0681073,3438,2021-06-28 17:22:42,52.3238095,06
352,738,21.1291515,3439,2021-06-28 17:22:46,52.352261,1
353,414,20.9566833,3440,2021-06-28 17:22:45,52.2310753,07
354,512,21.050444,3441,2021-06-28 17:22:45,52.252388,5
355,500,21.0418013,3442,2021-06-28 17:22:20,52.3003568,7
356,509,20.94465,3443,2021-06-28 17:22:39,52.3223315,11
357,245,21.0528788,3444,2021-06-28 17:22:42,52.2764901,04
358,145,21.0003538,3445,2021-06-28 17:22:42,52.291254,8
359,509,20.9611585,3446,2021-06-28 17:22:40,52.3169703,14
360,162,21.0563675,3447,2021-06-28 17:22:40,52.1931481,6
361,190,21.0645231,3448,2021-06-28 17:22:42,52.2737598,2
362,112,20.915078,3449,2021-06-28 17:22:39,52.2323398,9
363,112,20.914608,3450,2021-06-28 17:22:41,52.229025,12
364,114,21.043474,3451,2021-06-28 09:14:51,52.2654126,09
365,145,21.1255113,3452,2021-06-28 17:22:38,52.2349713,015
366,527,21.055631,3453,2021-06-28 17:22:42,52.2974286,2
367,190,21.0024805,3454,2021-06-28 17:22:45,52.244894,1
368,145,21.1265838,3455,2021-06-28 17:22:43,52.259668,5
369,509,21.1000718,3458,2021-06-28 17:22:41,52.2262995,355
370,245,21.059128,3459,2021-06-28 17:22:39,52.2741841,1
371,190,21.0853375,3460,2021-06-28 17:22:34,52.3050678,022
372,114,21.0417946,3462,2021-06-28 17:22:33,52.300237,2
373,190,20.9141565,3463,2021-06-28 17:22:43,52.236308,6
374,500,21.0410015,3464,2021-06-28 17:22:38,52.2891841,5
375,114,20.9385438,3465,2021-06-28 17:22:42,52.302118,6
376,112,20.920625,3466,2021-06-28 17:22:39,52.257939,1
377,509,21.0209686,3467,2021-06-28 17:22:43,52.263752,022
378,245,21.083376,3468,2021-06-28 17:22:41,52.2865288,03
379,114,20.9288518,3469,2021-06-28 17:22:45,52.2851045,7
380,L17,21.029577,36442,2021-06-28 17:22:44,52.074619,02
381,L19,21.039389,36443,2021-06-28 17:22:45,51.987904,1
382,L17,20.949734,36444,2021-06-28 17:22:43,51.964622,1
383,L19,21.026449,36445,2021-06-28 17:22:43,52.076492,02
384,L30,21.105646,36446,2021-06-28 17:22:48,51.974514,1
385,L28,21.128008,36447,2021-06-28 17:22:44,52.021748,1
386,L30,21.217026,36448,2021-06-28 17:22:45,51.981628,02
387,L42,21.170944,37531,2021-06-28 17:22:44,52.059662,52
388,L21,21.115902,37533,2021-06-28 17:22:47,52.102634,1
389,L16,21.09696,37534,2021-06-28 17:22:44,52.055344,1
390,L14,21.141623,37535,2021-06-28 17:22:45,52.108868,1
391,L15,21.1348,37536,2021-06-28 17:22:46,52.049404,51
392,L39,20.992504,38541,2021-06-28 17:22:41,52.110039,4
393,L23,21.056446,38544,2021-06-28 17:22:45,52.071247,052
394,L39,21.043003,38545,2021-06-28 17:22:44,52.102364,3
395,L32,21.035257,38546,2021-06-28 17:22:45,52.076416,1
396,L39,21.004555,38547,2021-06-28 05:46:58,52.110222,1
397,L39,21.023111,38548,2021-06-28 17:22:46,52.064812,2
398,L23,21.029448,38549,2021-06-28 17:14:37,52.075069,51
399,L52,20.98522,38550,2021-06-28 17:22:44,52.004032,1
400,L-2,20.97706,39551,2021-06-28 17:22:45,52.044895,062
401,L-2,21.029463,39552,2021-06-28 17:22:41,52.074856,063
402,L25,21.029457,39554,2021-06-28 17:22:47,52.075134,02
403,L25,21.209303,39555,2021-06-28 17:22:45,51.981804,1
404,L-2,20.993395,39556,2021-06-28 17:22:45,52.050308,061
405,L12,20.896307,39557,2021-06-28 17:22:48,52.007729,64
406,L-2,21.028286,39558,2021-06-28 17:22:49,52.074409,65
407,L13,21.022724,39560,2021-06-28 17:22:46,52.074123,1
408,L13,21.068308,39561,2021-06-28 17:22:43,52.030006,03
409,L13,21.039829,39562,2021-06-28 17:22:45,52.027134,2
410,L-5,21.025003,39565,2021-06-28 17:22:47,52.068584,1
411,255,20.951731,4200,2021-06-28 17:22:45,52.227139,2
412,703,20.8298299,4202,2021-06-28 17:22:46,52.0550642,52
413,197,20.935904,4205,2021-06-28 17:22:45,52.224972,2
414,902,20.9223249,4206,2021-06-28 16:30:27,52.1964574,M1
415,255,20.9310912,4207,2021-06-28 17:22:45,52.2251492,03
416,154,20.944239,4209,2021-06-28 17:22:46,52.175415,4
417,178,20.909613,4210,2021-06-28 17:22:46,52.194229,011
418,154,20.9774762,4211,2021-06-28 17:22:46,52.1820679,010
419,711,20.882534,4212,2021-06-28 17:22:46,52.129082,063
420,154,20.9186636,4213,2021-06-28 17:22:44,52.2398247,1
421,154,20.898157,4214,2021-06-28 17:22:46,52.258972,8
422,711,20.868774,4215,2021-06-28 17:22:42,52.119232,061
423,122,20.9238097,4216,2021-06-28 17:22:46,52.2522314,3
424,197,20.8715589,4217,2021-06-28 17:22:45,52.2127305,3
425,197,20.943769,4218,2021-06-28 17:22:46,52.244904,1
426,255,20.9579242,4219,2021-06-28 17:22:46,52.228232,1
427,197,20.9526827,4221,2021-06-28 17:22:46,52.2824572,10
428,129,20.913891,4224,2021-06-28 17:22:44,52.212669,2
429,121,20.925219,4225,2021-06-28 17:22:43,52.28194,03
430,197,20.8820269,4227,2021-06-28 17:22:41,52.197761,5
431,154,20.9514569,4228,2021-06-28 17:22:46,52.2274684,6
432,902,21.043022,4229,2021-06-28 17:22:46,52.243706,M2
433,154,20.9147624,4230,2021-06-28 17:22:45,52.2391912,7
434,178,20.983709,4231,2021-06-28 17:22:45,52.229965,9
435,178,20.926502,4232,2021-06-28 17:22:46,52.203388,7
436,714,20.920984,4233,2021-06-28 17:22:44,52.240192,3
437,729,20.9442657,4234,2021-06-28 17:22:45,52.2390376,02
438,714,20.891487,4235,2021-06-28 17:22:45,52.239922,2
439,L-3,20.977655,42362,2021-06-28 17:22:45,52.080925,02
440,154,20.96035,4237,2021-06-28 17:22:45,52.217068,5
441,154,20.972231,4238,2021-06-28 17:22:44,52.217773,3
442,178,20.895966,4239,2021-06-28 17:22:43,52.185642,8
443,154,20.898224,4240,2021-06-28 17:22:42,52.24913,011
444,714,20.803181,4241,2021-06-28 17:22:46,52.277428,04
445,154,20.9611669,4242,2021-06-28 17:22:46,52.2168552,2
446,154,20.963924,4243,2021-06-28 17:22:45,52.1954,09
447,901,21.003246,4244,2021-06-28 17:22:32,52.229419,1
448,901,21.032722,4246,2021-06-28 17:22:46,52.2280179,3
449,714,20.949947,4247,2021-06-28 17:22:46,52.238644,1
450,729,20.725634,4248,2021-06-28 17:22:45,52.280773,1
451,121,20.9638464,4249,2021-06-28 17:22:47,52.2754746,2
452,L-1,21.01561,42494,2021-06-28 17:22:45,52.073498,1
453,L-4,21.0165,42495,2021-06-28 06:12:56,52.098907,2
454,L-3,20.879114,42500,2021-06-28 17:21:18,52.081429,1
455,146,21.0445146,4303,2021-06-28 17:22:43,52.2485665,06
456,119,21.0037367,4304,2021-06-28 17:22:46,52.2022177,07
457,117,21.0215011,4305,2021-06-28 17:22:47,52.2320842,4
458,147,21.0909506,4307,2021-06-28 17:22:45,52.2217145,010
459,142,21.088188,4308,2021-06-28 17:22:44,52.244728,08
460,198,21.239498,4309,2021-06-28 17:22:38,52.2160291,04
461,702,21.1581351,4312,2021-06-28 17:22:46,52.1665595,1
462,105,16.9750897,4332,2021-06-26 13:35:37,52.5472771,4
463,N72,16.9763326,4333,2021-06-28 15:21:54,52.5456077,215
464,240,21.0035359,4400,2021-06-28 17:22:45,52.2904457,1
465,132,21.0333,4401,2021-06-28 17:22:46,52.299595,09
466,126,20.96805,4402,2021-06-28 17:22:45,52.327858,2
467,120,21.058634,4403,2021-06-28 17:22:45,52.301601,5
468,166,21.0629717,4404,2021-06-28 17:22:45,52.1459772,3
469,156,20.934727,4406,2021-06-28 17:22:45,52.288357,2
470,122,20.8987762,4407,2021-06-28 17:22:43,52.2386524,010
471,134,21.0181476,4408,2021-06-28 17:22:45,52.2956277,05
472,106,20.99547,4409,2021-06-28 17:22:45,52.235683,1
473,199,21.1464907,4411,2021-06-28 17:22:45,52.2693239,3
474,173,21.0841032,4413,2021-06-28 17:22:45,52.247248,2
475,106,21.020533,4415,2021-06-28 17:22:44,52.243179,2
476,106,21.025053,4416,2021-06-28 17:22:46,52.241798,07
477,170,21.080713,4417,2021-06-28 17:22:45,52.277557,2
478,106,21.022488,4418,2021-06-28 17:22:47,52.241268,3
479,120,21.0511822,4419,2021-06-28 17:22:46,52.3400665,7
480,901,21.011204,4420,2021-06-28 17:22:46,52.230452,4
481,126,20.9428922,4421,2021-06-28 17:22:44,52.3232499,1
482,338,21.10071,4422,2021-06-28 17:22:42,52.260609,02
483,106,20.978117,4423,2021-06-28 17:22:45,52.232674,5
484,901,21.017857,4424,2021-06-28 17:22:45,52.236752,2
485,156,21.052141,4425,2021-06-28 17:22:46,52.25301,5
486,166,21.068251,4427,2021-06-28 17:22:45,52.129341,4
487,156,21.043053,4428,2021-06-28 17:22:44,52.274548,4
488,303,20.9368462,4429,2021-06-28 17:22:45,52.303666,2
489,106,21.0075221,4430,2021-06-28 17:22:45,52.2384644,08
490,338,21.0826775,4434,2021-06-28 17:22:45,52.2602804,03
491,122,20.9765404,5200,2021-06-28 17:22:43,52.2898853,08
492,171,20.9280755,5201,2021-06-28 17:22:38,52.271612,8
493,517,20.9516901,5202,2021-06-28 17:22:37,52.2118746,09
494,523,21.084561,5203,2021-06-28 17:22:45,52.24994,020
495,401,21.021074,5204,2021-06-28 17:22:43,52.173095,013
496,105,20.9547065,5205,2021-06-28 17:22:39,52.2278377,5
497,131,21.001753,5206,2021-06-28 17:22:43,52.228406,2
498,182,21.0070109,5207,2021-06-28 17:22:45,52.2171467,011
499,517,20.883756,5208,2021-06-28 17:22:42,52.1898934,2
500,184,20.920173,5210,2021-06-28 17:22:31,52.257503,2
501,105,20.8988752,5211,2021-06-28 17:22:37,52.2387969,09
502,523,20.9434415,5212,2021-06-28 17:22:38,52.239053,015
503,Z10,20.9149419,5213,2021-06-28 17:22:38,52.2298708,1
504,184,20.9498886,5214,2021-06-28 17:22:40,52.2301529,1
505,523,20.9467898,5215,2021-06-28 17:22:39,52.2389298,7
506,131,21.068841,5216,2021-06-28 17:22:42,52.181579,8
507,189,20.9220571,5217,2021-06-28 16:49:01,52.1957361,11
508,122,20.9057255,5218,2021-06-28 17:22:37,52.2552773,011
509,401,21.0181337,5219,2021-06-28 17:22:44,52.1736393,6
510,124,20.942354,5222,2021-06-28 17:22:26,52.175056,1
511,190,20.9005687,5223,2021-06-28 17:22:44,52.227792,7
512,517,20.9116237,5224,2021-06-28 17:22:38,52.1969925,4
513,523,20.9194592,5225,2021-06-28 17:22:42,52.2399076,6
514,401,20.8787807,5226,2021-06-28 17:22:39,52.1977229,4
515,189,20.9361185,5227,2021-06-28 17:22:42,52.194343,024
516,124,20.9650514,5228,2021-06-28 17:22:40,52.1517201,2
517,131,21.055118,5229,2021-06-28 17:22:32,52.1943661,5
518,523,20.8976572,5230,2021-06-28 17:22:42,52.2589309,016
519,189,20.8988507,5232,2021-06-28 17:22:38,52.2386861,7
520,148,21.0424918,5233,2021-06-28 17:22:36,52.1480666,011
521,105,20.89752,5234,2021-06-28 17:22:39,52.222246,011
522,105,20.8984453,5235,2021-06-28 17:22:42,52.2393788,3
523,517,20.9237618,5236,2021-06-28 17:22:37,52.1969513,1
524,171,20.912202,5237,2021-06-28 17:22:40,52.2429979,6
525,401,21.0265463,5238,2021-06-28 17:22:40,52.1704899,7
526,182,20.964896,5239,2021-06-28 17:22:41,52.218004,9
527,184,20.9274069,5240,2021-06-28 17:22:45,52.290992,3
528,187,20.9103693,5241,2021-06-28 17:22:40,52.1955418,8
529,190,21.036236,5243,2021-06-28 17:22:36,52.2554116,011
530,189,20.8988617,5244,2021-06-28 17:22:41,52.2387224,018
531,105,20.971696,5245,2021-06-28 17:22:40,52.228754,6
532,148,21.0551868,5246,2021-06-28 17:22:38,52.1584781,012
533,716,20.9297786,5247,2021-06-28 17:22:42,52.2249134,1
534,141,20.9509361,5248,2021-06-28 17:22:43,52.1829589,7
535,317,21.0683946,5249,2021-06-28 17:22:42,52.1697963,2
536,188,20.9781134,5250,2021-06-28 17:22:40,52.1694223,3
537,187,21.049719,5251,2021-06-28 17:22:46,52.2015917,1
538,189,21.0037885,5253,2021-06-28 17:22:38,52.1781127,020
539,401,20.9018701,5254,2021-06-28 17:22:37,52.1941068,010
540,190,20.9148774,5255,2021-06-28 17:22:43,52.2344603,016
541,148,21.0964697,5256,2021-06-28 17:22:37,52.2323065,1
542,716,20.828993,5257,2021-06-28 17:22:31,52.192774,2
543,188,20.978752,5258,2021-06-28 17:22:41,52.1841849,4
544,105,20.897204,5260,2021-06-28 17:22:28,52.223523,08
545,723,20.9471322,5401,2021-06-28 17:22:46,52.3492127,3
546,185,21.0546057,5403,2021-06-28 17:22:46,52.1948749,3
547,145,21.134354,5404,2021-06-28 17:22:46,52.2411,4
548,269,21.047195,5405,2021-06-28 17:22:45,52.286564,05
549,509,20.9407154,5406,2021-06-28 17:22:46,52.3270069,13
550,120,21.0416012,5407,2021-06-28 17:22:45,52.2575979,2
551,527,21.060053,5408,2021-06-28 17:22:46,52.315685,054
552,E-9,21.067003,5409,2021-06-28 17:22:43,52.318325,01
553,731,20.928606,5410,2021-06-28 17:22:45,52.387779,1
554,723,21.000807,5412,2021-06-28 17:22:45,52.291332,4
555,705,21.02902,5413,2021-06-28 17:22:45,52.376289,66
556,511,20.9637826,5414,2021-06-28 17:22:45,52.332825,1
557,723,20.951727,5416,2021-06-28 17:22:45,52.343185,1
558,E-9,20.96751,5417,2021-06-28 17:22:45,52.273304,02
559,511,20.94206,5418,2021-06-28 17:22:46,52.348156,2
560,120,21.0512422,5419,2021-06-28 17:22:46,52.2525712,3
561,160,21.060374,5420,2021-06-28 17:22:42,52.2686764,5
562,511,20.966282,5421,2021-06-28 17:22:45,52.330856,3
563,160,21.0589799,5423,2021-06-28 17:22:46,52.3019351,012
564,511,20.9355792,5424,2021-06-28 17:22:46,52.2988194,06
565,116,21.075094,5425,2021-06-28 17:22:46,52.168118,14
566,116,21.031399,5426,2021-06-28 17:22:45,52.206429,11
567,527,21.068356,5428,2021-06-28 17:22:44,52.32362,1
568,731,20.9255261,5429,2021-06-28 17:22:40,52.4216387,2
569,145,21.0790867,5430,2021-06-28 17:22:45,52.2868272,11
570,160,21.00284,5432,2021-06-28 17:22:44,52.229645,7
571,414,20.975643,5434,2021-06-28 17:22:46,52.211575,08
572,527,21.0465817,5436,2021-06-28 17:22:46,52.2820639,3
573,705,21.06221,5437,2021-06-28 17:22:45,52.449188,1
574,731,20.9779776,5438,2021-06-28 17:22:43,52.3131422,4
575,738,21.0696914,5439,2021-06-28 17:22:45,52.2799184,2
576,735,20.984327,5441,2021-06-28 17:22:45,52.308189,64
577,160,21.055588,5443,2021-06-28 17:22:47,52.263958,2
578,E-9,21.015713,5444,2021-06-28 17:22:46,52.29483,04
579,705,21.048461,5445,2021-06-28 03:52:31,52.264575,65
580,735,21.011797,5446,2021-06-28 17:22:45,52.453915,62
581,114,21.0335542,5447,2021-06-28 17:22:45,52.2886499,08
582,705,21.0282592,5448,2021-06-28 17:22:45,52.3652396,63
583,160,21.0544377,5449,2021-06-28 17:22:45,52.295987,3
584,511,20.93162,5453,2021-06-28 17:22:46,52.294071,4
585,160,21.004553,5454,2021-06-28 17:22:45,52.245804,09
586,169,21.0518627,5455,2021-06-28 17:22:43,52.2529146,4
587,269,21.0416709,5457,2021-06-28 17:22:46,52.3004599,04
588,180,20.9400899,5459,2021-06-28 17:22:45,52.2699439,016
589,735,20.9901042,5460,2021-06-28 17:22:46,52.3025504,65
590,175,20.97809,5870,2021-06-28 17:22:46,52.169521,53
591,128,20.9884,5871,2021-06-28 17:22:46,52.2109864,59
592,503,21.049059,5873,2021-06-28 17:22:43,52.155457,1
593,128,21.020325,5874,2021-06-28 17:22:39,52.232147,58
594,138,21.043594,5875,2021-06-28 17:22:41,52.224373,011
595,331,20.985123,5876,2021-06-28 17:22:46,52.167225,01
596,180,21.0481226,5877,2021-06-28 17:22:47,52.2071987,017
597,709,21.026814,5878,2021-06-28 17:22:47,52.075977,013
598,128,21.004427,5880,2021-06-28 17:22:40,52.228119,070
599,175,21.017813,5882,2021-06-28 17:22:43,52.237286,56
600,180,21.063061,5883,2021-06-28 17:22:46,52.187695,10
601,503,21.007673,5885,2021-06-28 17:22:43,52.210743,5
602,180,21.069098,5886,2021-06-28 17:22:42,52.181717,13
603,128,21.012161,5887,2021-06-28 17:22:46,52.246052,074
604,175,21.012802,5888,2021-06-28 17:22:47,52.24321,069
605,180,21.003183,5889,2021-06-28 17:22:44,52.249897,8
606,128,20.989838,5890,2021-06-28 17:22:43,52.222881,62
607,180,20.974699,5891,2021-06-28 17:22:43,52.254116,7
608,504,21.030424,5892,2021-06-28 17:22:40,52.150162,010
609,503,21.050701,5893,2021-06-28 17:22:46,52.144981,3
610,175,20.985376,5894,2021-06-28 17:22:46,52.202198,066
611,503,21.041889,5895,2021-06-28 17:22:42,52.171066,12
612,503,21.049955,5897,2021-06-28 17:22:42,52.144627,2
613,128,20.963661,5898,2021-06-28 17:22:46,52.207706,071
614,175,20.989668,5899,2021-06-28 17:22:43,52.224426,51
615,158,21.018063,5900,2021-06-28 17:22:44,52.231052,5
616,175,20.979202,5902,2021-06-28 17:22:45,52.170193,52
617,158,20.971706,5903,2021-06-28 17:22:45,52.220253,8
618,503,21.002539,5905,2021-06-28 17:22:45,52.254829,8
619,128,21.012936,5906,2021-06-28 17:22:45,52.243145,63
620,503,21.0023,5907,2021-06-28 17:22:46,52.254738,7
621,175,20.985363,5908,2021-06-28 17:22:45,52.203423,068
622,175,20.978228,5909,2021-06-28 17:22:40,52.169407,067
623,128,21.020149,5910,2021-06-28 17:22:46,52.232231,073
624,111,21.017797,5911,2021-06-28 17:22:46,52.237606,4
625,116,21.055418,5913,2021-06-28 17:22:40,52.182392,12
626,175,20.977789,5915,2021-06-28 17:22:45,52.181015,54
627,128,20.963409,5918,2021-06-28 17:22:46,52.207779,60
628,158,21.112694,5920,2021-06-28 17:22:44,52.236271,1
629,116,21.047878,5921,2021-06-28 17:22:41,52.189117,15
630,175,21.1163987,5923,2021-06-28 10:17:16,52.2339737,072
631,116,21.017586,5924,2021-06-28 17:22:46,52.23848,17
632,116,20.937313,5926,2021-06-28 17:22:45,52.278183,3
633,158,20.949289,5927,2021-06-28 17:22:45,52.21162,7
634,116,20.924931,5928,2021-06-28 17:22:44,52.272331,5
635,175,21.012863,5929,2021-06-28 17:22:46,52.243023,57
636,158,21.015987,5930,2021-06-28 17:22:42,52.230885,9
637,158,21.1176764,5931,2021-06-28 17:22:45,52.2337742, 
638,116,20.923088,5932,2021-06-28 17:22:45,52.280045,6
639,111,21.1019084,5933,2021-06-28 17:22:46,52.222282,2
640,158,21.085077,5934,2021-06-28 17:22:43,52.238552,4
641,503,21.033485,5935,2021-06-28 17:22:42,52.204025,11
642,503,21.024345,5936,2021-06-28 17:22:43,52.222969,10
643,111,21.0753,5937,2021-06-28 17:22:44,52.2258,10
644,158,21.076448,5939,2021-06-28 17:22:45,52.236748,2
645,128,20.974026,5942,2021-06-28 17:22:45,52.205093,072
646,111,20.9792,5943,2021-06-28 17:22:43,52.2443,7
647,111,21.117714,5944,2021-06-28 17:22:42,52.233353,013
648,158,20.971916,5945,2021-06-28 17:22:44,52.219997,6
649,111,21.010616,5946,2021-06-28 17:22:43,52.244808,8
650,111,20.998358,5947,2021-06-28 17:22:46,52.249214,5
651,503,21.005775,5948,2021-06-28 17:22:44,52.24894,013
652,503,21.044262,5950,2021-06-28 17:22:43,52.178059,4
653,180,21.011513,5951,2021-06-28 17:22:45,52.246544,2
654,518,21.023603,5952,2021-06-28 17:22:42,52.228291,7
655,160,21.043688,5954,2021-06-28 17:22:43,52.277676,010
656,160,21.044443,5956,2021-06-28 17:22:46,52.278431,013
657,111,21.051987,5958,2021-06-28 17:22:42,52.23785,011
658,160,21.00289,5959,2021-06-28 17:22:44,52.22929,08
659,111,21.070328,5960,2021-06-28 17:22:46,52.225101,3
660,190,21.051813,5961,2021-06-28 17:22:45,52.262016,024
661,116,21.084135,5962,2021-06-28 17:22:46,52.167873,13
662,111,21.102459,5963,2021-06-28 17:22:42,52.222088,1
663,518,20.937925,5964,2021-06-28 17:22:43,52.324478,3
664,518,20.99678,5965,2021-06-28 17:22:45,52.256886,08
665,518,20.999399,5966,2021-06-28 17:22:42,52.290752,2
666,160,21.057739,5967,2021-06-28 17:22:39,52.324226,011
667,180,21.083933,5970,2021-06-28 17:22:43,52.167698,11
668,518,21.016644,5972,2021-06-28 17:22:47,52.24007,1
669,E-9,20.968056,5973,2021-06-28 17:22:44,52.272011,03
670,518,20.942106,5975,2021-06-28 17:22:47,52.33456,4
671,180,20.924984,5976,2021-06-28 17:22:43,52.272434,6
672,503,21.012691,5978,2021-06-28 17:22:45,52.24617,9
673,503,21.020725,5979,2021-06-28 17:22:43,52.231644,6
674,111,20.979439,5980,2021-06-28 17:22:46,52.244408,6
675,705,21.05583,5981,2021-06-28 17:22:46,52.441071,07
676,111,21.054626,5982,2021-06-28 17:22:42,52.238758,9
677,175,21.019959,5983,2021-06-28 17:22:39,52.231575,65
678,180,20.946392,5984,2021-06-28 17:22:44,52.266884,4
679,180,21.060524,5985,2021-06-28 17:22:46,52.189556,14
680,180,21.08386,5986,2021-06-28 17:22:32,52.16808,12
681,180,21.018322,5987,2021-06-28 17:22:45,52.235863,9
682,180,21.047691,5988,2021-06-28 17:22:31,52.206909,1
683,116,21.000292,5989,2021-06-28 17:22:43,52.253269,1
684,705,20.969032,5990,2021-06-28 17:22:45,52.269798,08
685,116,20.986849,5991,2021-06-28 17:22:44,52.268211,2
686,518,20.988832,5994,2021-06-28 17:22:43,52.304085,6
687,116,20.954338,5995,2021-06-28 17:22:47,52.276325,7
688,116,21.020498,5996,2021-06-28 17:22:46,52.231895,16
689,116,21.024229,5997,2021-06-28 17:22:42,52.223587,10
690,518,20.937969,5998,2021-06-28 17:22:45,52.324478,5
691,116,21.005425,5999,2021-06-28 17:22:44,52.249104,8
692,184,20.9639964,6200,2021-06-28 17:22:46,52.2080912,7
693,112,20.8842934,6201,2021-06-28 17:22:47,52.2165495,11
694,187,20.959703,6203,2021-06-28 17:22:45,52.21624,9
695,167,20.950994,6204,2021-06-28 17:22:46,52.228962,013
696,728,20.864948,6207,2021-06-28 17:22:46,52.048481,02
697,Z10,20.915627,6208,2021-06-28 17:22:43,52.228588,7
698,703,20.943518,6209,2021-06-28 17:22:43,52.175735,91
699,414,21.039648,6210,2021-06-28 17:22:46,52.288212,04
700,713,20.743933,6212,2021-06-28 17:22:44,52.211769,3
701,414,20.988079,6213,2021-06-28 17:22:45,52.284222,03
702,184,20.9247144,6214,2021-06-28 17:22:45,52.2474216,5
703,191,20.876717,6215,2021-06-28 17:22:45,52.188976,6
704,105,20.911596,6216,2021-06-28 17:22:47,52.218914,7
705,167,20.9410704,6217,2021-06-28 17:22:44,52.2335832,1
706,105,20.984819,6218,2021-06-28 17:22:46,52.230312,010
707,136,20.961205,6220,2021-06-28 17:22:46,52.2166315,4
708,189,21.018291,6221,2021-06-28 17:22:44,52.173649,13
709,187,20.8621512,6222,2021-06-28 17:22:46,52.191064,5
710,105,20.916128,6223,2021-06-28 17:22:45,52.220169,4
711,517,20.996513,6224,2021-06-28 17:22:46,52.226513,6
712,717,20.8856767,6225,2021-06-28 17:22:45,52.1808584,2
713,716,20.9144494,6226,2021-06-28 17:22:46,52.2063611,3
714,188,21.0140022,6227,2021-06-28 17:22:46,52.2169984,1
715,190,21.073151,6228,2021-06-28 17:22:46,52.284069,3
716,187,20.8801947,6229,2021-06-28 17:22:46,52.1975815,6
717,706,20.919558,6231,2021-06-28 17:22:46,52.133419,03
718,190,20.913036,6232,2021-06-28 17:22:45,52.238651,9
719,191,20.9127597,6233,2021-06-28 17:22:42,52.1982332,4
720,414,20.9744682,6234,2021-06-28 17:22:44,52.2089254,02
721,112,20.882889,6236,2021-06-28 17:22:46,52.214825,10
722,114,20.9386699,6237,2021-06-28 17:22:38,52.2752702,4
723,728,20.929035,6239,2021-06-28 17:22:45,52.162292,1
724,414,20.9638997,6240,2021-06-28 17:22:46,52.2079511,01
725,517,21.008865,6241,2021-06-28 17:22:45,52.235729,5
726,182,21.0224824,6242,2021-06-28 17:22:45,52.2185636,7
727,706,20.9304797,6243,2021-06-28 17:22:45,52.1639317,2
728,L29,20.525574,65471,2021-06-28 17:22:39,52.25906,1
729,L-7,20.891201,66523,2021-06-28 17:22:46,52.337994,2
730,L-6,20.71173,66524,2021-06-28 17:22:42,52.248351,02
731,L-6,20.898092,66525,2021-06-28 17:22:45,52.258064,1
732,190,20.9492099,7200,2021-06-28 17:22:46,52.2387484,10
733,189,20.896807,7201,2021-06-28 17:22:46,52.230686,6
734,112,20.8975211,7202,2021-06-28 17:22:46,52.221937,019
735,141,21.026157,7203,2021-06-28 17:22:45,52.199818,4
736,317,21.0810247,7204,2021-06-28 17:22:47,52.166821,07
737,131,21.0689447,7205,2021-06-28 17:22:46,52.1814027,011
738,523,21.0839385,7206,2021-06-28 17:22:46,52.2459702,10
739,189,20.915485,7207,2021-06-28 17:22:45,52.228901,019
740,414,20.9611359,7208,2021-06-28 17:22:46,52.2688317,06
741,721,20.8672377,7212,2021-06-28 17:22:46,52.0580049,02
742,112,21.052534,7213,2021-06-28 17:22:46,52.293243,5
743,191,20.969173,7214,2021-06-28 17:22:47,52.213696,2
744,112,20.914524,7215,2021-06-28 17:22:43,52.235367,8
745,713,20.93005,7216,2021-06-28 17:22:46,52.224854,2
746,189,21.068941,7219,2021-06-28 17:22:45,52.181267,022
747,517,20.915684,7220,2021-06-28 17:22:42,52.199432,09
748,187,21.0482322,7222,2021-06-28 17:22:46,52.1781669,12
749,122,20.897505,7223,2021-06-28 17:22:47,52.245106,2
750,721,20.908991,7225,2021-06-28 17:22:45,52.144833,1
751,706,20.939713,7226,2021-06-28 17:22:45,52.177925,1
752,114,21.041037,7227,2021-06-28 17:22:44,52.2896,3
753,114,20.9907005,7228,2021-06-28 17:22:46,52.2819196,1
754,112,21.0328409,7229,2021-06-28 17:22:45,52.2991111,014
755,517,20.9898859,7230,2021-06-28 17:22:45,52.2252717,08
756,713,20.85969,7231,2021-06-28 17:22:46,52.215847,04
757,717,20.964869,7232,2021-06-28 17:22:45,52.218235,1
758,189,20.989855,7233,2021-06-28 17:22:47,52.180737,3
759,713,20.848925,7234,2021-06-28 17:22:45,52.215385,1
760,187,21.046289,7235,2021-06-28 17:22:45,52.215458,10
761,184,20.957394,7237,2021-06-28 17:22:45,52.227768,6
762,141,20.983952,7238,2021-06-28 17:22:46,52.197994,5
763,189,21.0446667,7239,2021-06-28 17:22:46,52.1760397,16
764,184,20.959637,7240,2021-06-28 17:22:46,52.220634,8
765,317,20.943947,7241,2021-06-28 17:22:45,52.175709,5
766,141,21.1015497,7242,2021-06-28 17:22:47,52.2414364,1
767,523,21.016727,7243,2021-06-28 17:22:45,52.216534,9
768,401,20.862095,7244,2021-06-28 17:22:46,52.190323,3
769,187,20.899546,7245,2021-06-28 17:22:46,52.198978,7
770,190,20.898857,7247,2021-06-28 17:22:46,52.238907,017
771,188,21.0840392,7248,2021-06-28 17:22:46,52.2466659,5
772,171,21.010624,7249,2021-06-28 17:22:46,52.23214,3
773,317,21.0257607,7250,2021-06-28 17:22:46,52.1733766,3
774,105,20.8988,7251,2021-06-28 17:22:42,52.238857,2
775,167,20.979922,7252,2021-06-28 17:22:45,52.2151384,4
776,122,20.902084,7254,2021-06-28 17:22:46,52.256939,1
777,191,20.9144037,7256,2021-06-28 17:22:47,52.2002767,8
778,190,21.0857997,7257,2021-06-28 17:22:45,52.3033217,012
779,187,21.0592357,7258,2021-06-28 17:22:46,52.1910302,11
780,189,21.068928,7259,2021-06-28 17:22:45,52.1813467,15
781,125,21.1281952,7301,2021-06-28 17:22:46,52.2337005,08
782,507,21.102459,7303,2021-06-28 17:22:44,52.221939,5
783,188,21.0158884,7304,2021-06-28 17:22:47,52.2173802,07
784,138,21.0443767,7305,2021-06-28 17:22:43,52.2545079,4
785,151,21.0387195,7306,2021-06-28 17:22:45,52.2229569,04
786,509,21.0847434,7307,2021-06-28 17:22:44,52.2259389,7
787,138,20.9977517,7308,2021-06-28 17:22:46,52.1695921,1
788,188,20.986298,7310,2021-06-28 17:22:46,52.204777,2
789,182,21.1129461,7312,2021-06-28 17:22:45,52.2360332,5
790,E-1,21.0627489,7314,2021-06-28 17:22:46,52.2287012,01
791,143,21.040401,7315,2021-06-28 17:22:45,52.223427,7
792,188,20.9737412,7316,2021-06-28 17:22:46,52.1697035,08
793,402,21.1480289,7317,2021-06-28 17:22:45,52.238349,3
794,182,21.098663,7318,2021-06-28 17:22:44,52.236801,4
795,182,21.0570091,7319,2021-06-28 17:22:46,52.2271444,3
796,411,21.1024461,7320,2021-06-28 17:22:46,52.2221261,01
797,182,21.082206,7322,2021-06-28 17:22:46,52.2357507,8
798,E-1,21.102442,7323,2021-06-28 17:22:44,52.222031,02
799,138,21.009439,7325,2021-06-28 17:22:45,52.203228,3
800,141,20.9441402,7326,2021-06-28 17:22:46,52.1754809,6
801,E-1,21.081738,7327,2021-06-28 17:22:46,52.226051,03
802,182,20.965172,7328,2021-06-28 17:22:45,52.2181319,1
803,523,20.9617175,7329,2021-06-28 17:22:45,52.2168989,017
804,171,21.01129,7330,2021-06-28 17:22:47,52.230232,5
805,162,21.0481549,7331,2021-06-28 17:22:46,52.2021915,013
806,141,20.984442,7333,2021-06-28 17:22:44,52.198494,8
807,116,20.997484,7334,2021-06-28 17:22:42,52.255009,69
808,110,20.879108,742,2021-06-28 17:22:40,52.286896,1
809,750,20.832752,744,2021-06-28 17:22:47,52.369408,05
810,750,20.911478,745,2021-06-28 17:22:44,52.322697,07
811,250,20.931341,746,2021-06-28 17:22:44,52.290028,1
812,850,20.736002,749,2021-06-28 17:22:43,52.389294,2
813,150,20.847126,750,2021-06-28 17:22:47,52.353855,1
814,750,20.847479,755,2021-06-28 17:22:45,52.364288,2
815,110,20.903578,757,2021-06-28 17:22:41,52.283779,3
816,150,20.935452,758,2021-06-28 17:22:43,52.304443,2
817,750,20.890814,761,2021-06-28 17:22:40,52.339756,4
818,750,20.930805,762,2021-06-28 17:22:48,52.2915,1
819,850,20.905773,763,2021-06-28 17:22:41,52.326862,1
820,151,21.0153677,7701,2021-06-28 17:22:47,52.2192027,1
821,411,21.0659835,7702,2021-06-28 17:22:46,52.2311881,04
822,402,20.9868575,7703,2021-06-28 17:22:46,52.1817301,7
823,151,21.1072371,7704,2021-06-28 17:22:47,52.2295596,05
824,150,20.927671667,772,2021-06-28 17:22:46,52.308933167,04
825,150,20.890092,773,2021-06-28 17:22:47,52.339906667,05
826,150,20.847263,774,2021-06-28 17:22:45,52.341618,3
827,250,20.881397,775,2021-06-28 17:22:49,52.300148,3
828,250,20.868532,776,2021-06-28 17:22:46,52.332855,2
829,750,20.714987,777,2021-06-28 17:22:47,52.392139,3
830,167,21.0478291,8100,2021-06-28 17:22:42,52.2089465,6
831,143,21.0068276,8103,2021-06-28 17:22:40,52.2171108,011
832,167,21.048523,8108,2021-06-28 17:22:43,52.2080878,8
833,217,21.043303,8109,2021-06-28 17:22:30,52.1752815,2
834,174,20.9953265,8110,2021-06-28 17:22:42,52.1702103,010
835,136,20.9927795,8112,2021-06-28 17:22:42,52.1887178,014
836,709,21.0179836,8115,2021-06-28 17:22:41,52.1542186,8
837,174,21.0056626,8119,2021-06-28 17:22:43,52.1720125,6
838,136,21.02135,8120,2021-06-28 17:22:40,52.1581801,7
839,143,21.173474,8121,2021-06-28 17:22:45,52.261858,09
840,504,21.0024801,8123,2021-06-28 17:22:40,52.175637,3
841,165,21.0024186,8124,2021-06-28 17:22:44,52.1582083,4
842,727,21.0188146,8125,2021-06-28 17:22:34,52.0923853,3
843,709,21.017367,8126,2021-06-28 17:22:44,52.1520396,014
844,402,21.0010381,8130,2021-06-28 17:22:31,52.1782825,5
845,136,20.9732591,8131,2021-06-28 17:22:43,52.212256,012
846,148,20.9781028,8133,2021-06-28 17:22:48,52.169458,5
847,402,21.099901,8134,2021-06-28 17:22:33,52.219216,9
848,167,20.9828331,8135,2021-06-28 17:22:44,52.2159541,9
849,162,21.036046,8136,2021-06-28 17:22:26,52.221201,08
850,162,21.0386321,8137,2021-06-28 17:22:37,52.2169161,011
851,162,21.0849013,8138,2021-06-28 17:22:45,52.193207,7
852,136,20.9660286,8139,2021-06-28 17:22:42,52.243116,016
853,168,21.064026,8140,2021-06-28 17:22:35,52.205478,4
854,504,21.0052755,8143,2021-06-28 17:22:41,52.2292093,011
855,504,20.979166,8144,2021-06-28 17:22:45,52.185263,4
856,709,21.024193,8145,2021-06-28 17:22:46,52.17995,011
857,727,20.8980671,8146,2021-06-28 17:22:41,52.0564495,2
858,148,20.985549,8148,2021-06-28 17:22:38,52.166143,6
859,709,21.0194896,8152,2021-06-28 17:22:37,52.0747806,1
860,217,21.0494501,8153,2021-06-28 17:22:43,52.1738528,1
861,136,21.0446548,8154,2021-06-28 17:22:41,52.1494181,8
862,131,21.0305198,8155,2021-06-28 17:22:38,52.2067593,9
863,709,21.0242746,8156,2021-06-28 17:22:43,52.179038,6
864,308,21.0162023,8158,2021-06-28 17:22:42,52.1891935,01
865,136,20.9863253,8160,2021-06-28 17:22:43,52.2049106,5
866,504,21.0688041,8162,2021-06-28 17:22:40,52.1288531,1
867,331,21.0145285,8164,2021-06-28 17:22:40,52.1534938,05
868,331,21.0037288,8165,2021-06-28 17:22:43,52.1565748,03
869,709,21.0181508,8166,2021-06-28 17:22:39,52.131703,9
870,148,21.01313,8167,2021-06-28 17:22:43,52.1537856,4
871,218,21.0235663,8168,2021-06-28 17:22:38,52.179796,3
872,504,20.9893823,8169,2021-06-28 17:22:44,52.219335,5
873,131,21.0595828,8170,2021-06-28 17:22:38,52.1903815,1
874,167,21.032326,8172,2021-06-28 17:22:42,52.2069216,010
875,143,21.124958,8173,2021-06-28 17:22:32,52.235134,010
876,218,20.997175,8174,2021-06-28 17:22:41,52.1888368,1
877,727,21.0244993,8175,2021-06-28 17:22:42,52.1799226,4
878,709,21.0252255,8176,2021-06-28 17:22:41,52.0785358,3
879,143,21.1771498,8177,2021-06-28 17:22:40,52.2570156,5
880,138,21.0380468,8178,2021-06-28 17:22:40,52.2520645,7
881,709,21.0236095,8181,2021-06-28 17:22:28,52.180106,7
882,136,20.955558,8182,2021-06-28 17:22:43,52.236768,2
883,218,20.988658,8183,2021-06-28 17:22:26,52.185283,4
884,131,21.0784521,8184,2021-06-28 17:22:44,52.1745861,6
885,143,21.0133381,8185,2021-06-28 17:22:38,52.2169058,8
886,217,21.0473475,8187,2021-06-28 17:22:45,52.174499,4
887,185,21.050141,8188,2021-06-28 17:22:34,52.200766,9
888,504,20.9830083,8189,2021-06-28 17:22:37,52.195228,7
889,709,21.0178296,8190,2021-06-28 17:22:40,52.1328746,5
890,131,21.0043011,8192,2021-06-28 17:22:40,52.229728,4
891,504,21.0448413,8195,2021-06-28 17:22:43,52.1422776,2
892,504,21.0661598,8196,2021-06-28 17:22:35,52.1310246,013
893,218,21.0150018,8197,2021-06-28 17:22:36,52.1799966,2
894,331,20.9855013,8198,2021-06-28 17:22:44,52.1668808,02
895,174,21.0179183,8199,2021-06-28 17:22:38,52.1876571,4
896,402,21.0469471,8201,2021-06-28 17:22:40,52.1895536,4
897,151,21.115749,8202,2021-06-28 10:44:07,52.233741,05
898,151,21.1175305,8204,2021-06-28 10:20:01,52.2338373,06
899,151,21.0815091,8208,2021-06-28 17:22:37,52.2357756,2
900,521,21.140133,8214,2021-06-28 17:22:33,52.228623,1
901,125,21.0754558,8216,2021-06-28 17:22:44,52.2459626,2
902,182,21.1128913,8218,2021-06-28 17:22:42,52.2363075,013
903,509,20.942098,8220,2021-06-28 17:22:44,52.33447,023
904,182,21.0164386,8222,2021-06-28 17:22:38,52.2174221,2
905,509,20.9832016,8223,2021-06-28 17:22:40,52.308493,024
906,151,21.0723,8225,2021-06-28 17:22:19,52.2310401,06
907,509,21.001103,8228,2021-06-28 17:22:40,52.292118,10
908,521,21.2048748,8229,2021-06-28 17:22:43,52.159442,2
909,523,21.107588,8231,2021-06-28 17:22:33,52.249031,021
910,162,21.0365405,8233,2021-06-28 17:22:39,52.2429428,014
911,145,21.0910815,8300,2021-06-28 17:22:41,52.2446755,2
912,145,21.000308,8301,2021-06-28 17:22:29,52.291401,9
913,509,21.0352395,8303,2021-06-28 17:22:42,52.2544418,3
914,171,20.977673,8304,2021-06-28 17:22:44,52.237945,010
915,509,21.116975,8305,2021-06-28 09:25:27,52.233583,022
916,117,21.0359993,8306,2021-06-28 17:22:37,52.2348553,3
917,116,20.9247676,8309,2021-06-28 17:22:46,52.2723365,4
918,141,21.09466,8310,2021-06-28 17:22:45,52.243994,2
919,168,21.1127471,8311,2021-06-28 17:22:41,52.236447,3
920,151,21.0310206,8312,2021-06-28 17:22:33,52.2205768,3
921,720,21.3535971,8313,2021-06-28 17:22:44,52.152091,02
922,162,21.0333436,8314,2021-06-28 17:22:41,52.2510641,2
923,117,21.005088,8315,2021-06-28 17:22:41,52.229541,06
924,521,21.02353,8318,2021-06-28 17:22:36,52.232228,4
925,185,20.9832038,8319,2021-06-28 17:22:45,52.2726081,11
926,151,21.116836,8320,2021-06-28 09:58:49,52.233566,04
927,162,21.0302058,8322,2021-06-28 17:22:43,52.2390776,5
928,509,21.0333285,8323,2021-06-28 17:22:41,52.2554896,9
929,148,21.0557066,8324,2021-06-28 17:22:38,52.1816936,7
930,143,21.0065228,8326,2021-06-28 17:22:41,52.2170191,1
931,145,21.1273741,8328,2021-06-28 17:22:39,52.2559478,1
932,507,21.034511,8329,2021-06-28 17:22:33,52.2345243,08
933,148,21.0512535,8330,2021-06-28 17:22:42,52.1964705,2
934,145,21.0492353,8332,2021-06-28 17:22:37,52.2899795,7
935,523,21.0821986,8333,2021-06-28 17:22:45,52.2400543,12
936,148,21.0487855,8334,2021-06-28 17:22:31,52.1777491,3
937,145,21.0315066,8335,2021-06-28 17:22:38,52.2885381,014
938,143,21.033954,8337,2021-06-28 17:22:41,52.221508,2
939,125,21.196506,8340,2021-06-28 17:22:35,52.208313,4
940,523,20.9125323,8341,2021-06-28 17:22:45,52.2413611,5
941,507,21.0051267,8342,2021-06-28 17:22:44,52.2296883,1
942,171,21.043336,8343,2021-06-28 17:22:33,52.222883,09
943,502,21.101145,8344,2021-06-28 17:22:31,52.2345483,1
944,507,21.058411,8345,2021-06-28 17:22:41,52.236053,3
945,145,21.0879467,8348,2021-06-28 17:22:37,52.2447667,3
946,507,21.102186,8349,2021-06-28 17:22:33,52.222074,6
947,145,21.114325,8350,2021-06-28 17:22:39,52.278779,012
948,507,21.102398,8351,2021-06-28 17:22:43,52.221984,4
949,502,21.1312517,8352,2021-06-28 17:22:36,52.2322083,4
950,523,20.9568517,8353,2021-06-28 17:22:39,52.22789,2
951,502,21.2232617,8354,2021-06-28 17:22:35,52.223855,011
952,523,20.966813,8356,2021-06-28 17:22:26,52.218285,8
953,514,21.231416,8358,2021-06-28 17:22:29,52.250194,3
954,523,20.9128633,8359,2021-06-28 17:22:45,52.2393433,3
955,507,21.073655,8360,2021-06-28 17:22:41,52.2254067,7
956,202,21.052835,8361,2021-06-28 17:22:25,52.250475,1
957,502,21.21749,8362,2021-06-28 17:22:42,52.214401,2
958,188,21.085135,8363,2021-06-28 17:22:35,52.245384,6
959,138,21.100763,8364,2021-06-28 17:22:42,52.260583,6
960,514,21.01566,8365,2021-06-28 17:22:27,52.21928,1
961,523,20.898201,8366,2021-06-28 17:22:45,52.258303,4
962,502,21.015415,8368,2021-06-28 17:22:43,52.218646,5
963,145,21.023456,8398,2021-06-28 17:22:27,52.286361,013
964,402,21.0456561,8403,2021-06-28 17:22:37,52.1853443,011
965,521,21.2109195,8408,2021-06-28 17:22:41,52.1614211,07
966,143,21.0828211,8410,2021-06-28 17:22:37,52.2414435,012
967,523,21.0092335,8414,2021-06-28 17:22:37,52.2172186,13
968,148,21.087477,8417,2021-06-28 17:22:36,52.2450205,9
969,148,21.094169,8430,2021-06-28 17:22:41,52.22834,010
970,162,21.0345445,8437,2021-06-28 17:22:43,52.2450353,012
971,125,21.0412081,8438,2021-06-28 17:22:43,52.2414941,1
972,162,21.035515,8440,2021-06-28 17:22:39,52.255756,015
973,145,21.106964,8441,2021-06-28 17:22:43,52.286724,6
974,269,21.05538,8442,2021-06-28 17:22:45,52.27512,01
975,723,20.9145871,8443,2021-06-28 17:22:45,52.4022029,2
976,114,20.931047,8445,2021-06-28 17:22:44,52.292976,5
977,120,21.040146,8446,2021-06-28 17:22:43,52.359325,6
978,731,20.922071,8447,2021-06-28 17:22:45,52.380714,3
979,160,20.9998606,8448,2021-06-28 17:22:46,52.2306692,1
980,132,20.9687277,8449,2021-06-28 17:22:45,52.2720016,04
981,412,21.063517,8450,2021-06-28 17:22:45,52.311211,052
982,112,20.937084,8451,2021-06-28 17:22:44,52.274357,6
983,527,21.061804,8452,2021-06-28 17:22:43,52.309471,06
984,160,21.014992,8453,2021-06-28 17:22:46,52.246765,014
985,160,21.0684449,8454,2021-06-28 17:22:46,52.323412,4
986,160,20.997299,8455,2021-06-28 17:22:45,52.235355,6
987,132,21.067005,8457,2021-06-28 17:22:46,52.323242,08
988,527,21.046041,8458,2021-06-28 17:22:46,52.271011,055
989,Z26,21.0290026,8459,2021-06-28 17:22:45,52.2522981,3
990,412,21.068253,8460,2021-06-28 17:22:45,52.324215,053
991,120,21.0541422,8461,2021-06-28 17:22:45,52.263292,4
992,414,21.0330029,8462,2021-06-28 17:22:46,52.2887169,05
993,511,20.9425894,8463,2021-06-28 17:22:46,52.3486279,05
994,509,21.0237989,8465,2021-06-28 17:22:42,52.2609249,2
995,136,20.95608,8500,2021-06-28 17:22:44,52.236703,3
996,501,21.0148167,8501,2021-06-28 17:22:42,52.2242883,06
997,138,21.006488,8502,2021-06-28 17:22:44,52.202678,9
998,189,20.9054,8503,2021-06-28 17:22:35,52.2282133,5
999,522,21.019048,8504,2021-06-28 17:22:27,52.212215,4
1000,401,20.871625,8505,2021-06-28 17:22:37,52.1985817,2
1001,131,21.0296783,8506,2021-06-28 17:22:41,52.2070767,7
1002,501,21.048375,8507,2021-06-28 17:22:46,52.1781283,4
1003,138,21.002053,8508,2021-06-28 17:22:35,52.182736,2
1004,189,21.0403467,8509,2021-06-28 17:22:34,52.17107,1
1005,501,21.046265,8510,2021-06-28 17:22:30,52.1906217,1
1006,189,21.0093783,8511,2021-06-28 17:22:39,52.17516,027
1007,Z26,20.979583,8512,2021-06-28 17:22:45,52.237543,4
1008,186,20.955641,8513,2021-06-28 17:22:36,52.250579,013
1009,733,20.942465,8514,2021-06-28 17:22:37,52.1749283,01
1010,Z26,21.001239,8515,2021-06-28 17:22:42,52.244366,7
1011,522,21.018566,8516,2021-06-28 17:22:40,52.21251,2
1012,141,21.066951,8517,2021-06-28 17:22:39,52.229855,10
1013,519,21.0498117,8519,2021-06-28 17:22:28,52.1876933,7
1014,519,21.0331633,8520,2021-06-28 17:22:44,52.2040683,1
1015,186,20.9568833,8522,2021-06-28 17:22:35,52.2487383,10
1016,733,20.767504,8523,2021-06-28 17:22:46,52.081953,62
1017,522,21.037478,8525,2021-06-28 17:22:25,52.199474,011
1018,172,20.955711,8526,2021-06-28 17:22:43,52.211703,63
1019,172,21.045968,8528,2021-06-28 17:22:40,52.191276,5
1020,308,21.020406,8530,2021-06-28 17:22:40,52.18965,02
1021,172,20.981169,8532,2021-06-28 17:22:38,52.201676,1
1022,Z26,21.0365967,8533,2021-06-28 17:22:41,52.25659,2
1023,138,21.0941567,8534,2021-06-28 17:22:40,52.2604767,5
1024,522,21.05543,8535,2021-06-28 17:22:39,52.182164,1
1025,172,21.069156,8536,2021-06-28 17:22:28,52.181421,6
1026,522,21.066481,8537,2021-06-28 17:22:38,52.171848,5
1027,709,21.018468,8539,2021-06-28 17:22:32,52.105919,4
1028,172,21.035365,8540,2021-06-28 17:22:35,52.201635,8
1029,185,21.021674,8541,2021-06-28 17:22:41,52.142688,6
1030,172,21.0236133,8543,2021-06-28 17:22:44,52.19724,9
1031,519,21.0920817,8544,2021-06-28 17:22:27,52.1496217,4
1032,522,21.016058,8546,2021-06-28 17:22:43,52.222888,012
1033,522,21.0801067,8547,2021-06-28 17:22:45,52.1576333,6
1034,402,21.000755,8548,2021-06-28 17:22:39,52.1784,010
1035,186,20.960615,8549,2021-06-28 17:22:41,52.217208,015
1036,186,20.9448233,8550,2021-06-28 17:22:36,52.3221683,016
1037,709,21.019136,8551,2021-06-28 17:22:29,52.090111,10
1038,136,21.032569,8552,2021-06-28 17:22:44,52.149369,10
1039,Z26,20.9743017,8555,2021-06-28 17:22:43,52.2355083,5
1040,519,21.005428,8556,2021-06-28 17:22:47,52.228491,6
1041,Z26,20.995333,8558,2021-06-28 17:22:46,52.242546,08
1042,217,21.07469,8559,2021-06-28 17:22:31,52.1583083,06
1043,519,21.016041,8560,2021-06-28 17:22:38,52.223055,2
1044,411,21.0918883,8561,2021-06-28 17:22:33,52.2250267,02
1045,521,21.199981,8562,2021-06-28 17:22:47,52.172448,09
1046,402,21.146033,8563,2021-06-28 17:22:29,52.237988,2
1047,521,21.0971083,8564,2021-06-28 17:22:38,52.243335,08
1048,502,21.0376317,8565,2021-06-28 17:22:40,52.2223317,014
1049,502,21.0198433,8566,2021-06-28 17:22:35,52.2181517,6
1050,402,21.104131,8567,2021-06-28 17:22:42,52.221551,014
1051,509,21.1011733,8568,2021-06-28 17:22:31,52.2230117,021
1052,171,20.95741,8569,2021-06-28 17:22:46,52.237955,2
1053,411,21.0153783,8571,2021-06-28 17:22:34,52.2194067,03
1054,E-1,21.044631,8572,2021-06-28 17:22:28,52.246663,04
1055,202,21.098465,8573,2021-06-28 17:22:33,52.2479433,2
1056,411,21.115896,8574,2021-06-28 10:20:57,52.233514,01
1057,720,21.219045,8576,2021-06-28 17:22:32,52.223893,1
1058,162,21.0335383,8578,2021-06-28 17:22:44,52.258605,4
1059,125,21.13946,8579,2021-06-28 17:22:40,52.228705,09
1060,731,20.9748133,8583,2021-06-28 17:22:42,52.31652,5
1061,269,21.047383,8584,2021-06-28 17:22:38,52.276243,02
1062,269,21.042371,8585,2021-06-28 17:22:41,52.297691,03
1063,514,21.136075,8586,2021-06-28 17:22:47,52.24239,2
1064,523,21.115558,8587,2021-06-28 08:55:25,52.233753,3
1065,145,21.084941,8588,2021-06-28 17:22:40,52.244421,016
1066,514,21.0883317,8589,2021-06-28 17:22:33,52.23597,4
1067,502,21.2431767,8590,2021-06-28 17:22:36,52.2222067,3
1068,507,21.015879,8592,2021-06-28 17:22:44,52.230468,2
1069,145,21.05009,8593,2021-06-28 17:22:47,52.290734,10
1070,138,21.0188133,8595,2021-06-28 17:22:45,52.217675,8
1071,186,20.9578536,8801,2021-06-28 17:22:39,52.2471173,11
1072,185,20.9911578,8802,2021-06-28 17:22:43,52.2703393,1
1073,727,21.0283665,8803,2021-06-28 17:22:14,52.074301,1
1074,217,21.0242521,8804,2021-06-28 17:22:44,52.179632,3
1075,185,21.039435,8805,2021-06-28 17:22:43,52.169228,4
1076,402,21.043761,8806,2021-06-28 17:22:40,52.1744275,8
1077,131,21.0122561,8808,2021-06-28 17:22:45,52.2295455,3
1078,709,21.0228866,8809,2021-06-28 17:22:38,52.0750328,2
1079,174,21.0185695,8810,2021-06-28 17:22:42,52.1834856,1
1080,165,21.0025725,8811,2021-06-28 17:22:39,52.1778361,3
1081,167,21.0074206,8812,2021-06-28 17:22:45,52.2087358,011
1082,402,21.146446,8813,2021-06-28 17:22:26,52.237963,1
1083,167,20.9256326,8814,2021-06-28 17:22:45,52.2341308,2
1084,167,20.961373,8816,2021-06-28 17:22:45,52.216343,3
1085,308,20.98864,8817,2021-06-28 17:22:36,52.184531,03
1086,504,21.042506,8818,2021-06-28 17:22:32,52.147678,9
1087,331,21.0241285,8819,2021-06-28 17:22:45,52.179918,04
1088,522,21.0716698,8820,2021-06-28 17:22:40,52.1611505,014
1089,174,21.0028841,8821,2021-06-28 17:22:41,52.2268015,08
1090,174,21.0123936,8822,2021-06-28 17:22:45,52.1741138,5
1091,522,21.0698943,8823,2021-06-28 17:22:37,52.1639675,015
1092,709,21.0189553,8825,2021-06-28 17:22:42,52.097,012
1093,504,21.0061231,8826,2021-06-28 17:22:39,52.1713395,8
1094,143,21.1391071,8828,2021-06-28 17:22:44,52.2515025,4
1095,509,21.0558231,8829,2021-06-28 17:22:36,52.2385653,4
1096,523,21.1055096,8830,2021-06-28 17:22:45,52.2463995,11
1097,125,21.1933145,8831,2021-06-28 17:22:41,52.2074278,5
1098,171,20.9174766,8832,2021-06-28 17:22:43,52.2608793,7
1099,141,21.034105,8833,2021-06-28 17:22:38,52.2016225,9
1100,704,21.295581,8834,2021-06-28 17:22:42,52.2201591,2
1101,521,20.9643118,8835,2021-06-28 17:22:38,52.2074406,5
1102,182,21.1027723,8837,2021-06-28 17:22:45,52.2375275,6
1103,182,20.978226,8838,2021-06-28 17:22:41,52.2171806,010
1104,704,21.118488,8839,2021-06-28 17:22:28,52.237993,1
1105,185,21.038338,8840,2021-06-28 17:22:43,52.14621,5
1106,125,21.090545,8841,2021-06-28 17:22:41,52.2446701,6
1107,521,21.153621,8843,2021-06-28 17:22:42,52.2189221,3
1108,185,21.032788,8844,2021-06-28 17:20:14,52.23937,2
1109,402,21.0399678,8845,2021-06-28 17:22:44,52.1717366,013
1110,143,21.0960425,8846,2021-06-28 17:22:44,52.243751,3
1111,143,21.1367233,8847,2021-06-28 17:22:35,52.2424868,6
1112,125,21.16686,8849,2021-06-28 17:22:41,52.2112195,3
1113,521,20.990701,8850,2021-06-28 17:22:38,52.225186,6
1114,523,21.061375,8851,2021-06-28 17:22:23,52.228143,019
1115,141,21.048775,8852,2021-06-28 17:22:43,52.2070943,3
1116,125,21.0443711,8853,2021-06-28 17:22:41,52.2486623,7
1117,509,21.0635453,8854,2021-06-28 17:22:43,52.2279685,8
1118,402,20.9935508,8855,2021-06-28 17:22:43,52.1790328,6
1119,512,21.0496656,8856,2021-06-28 17:22:40,52.2860575,1
1120,509,20.9421536,8857,2021-06-28 17:22:32,52.334227,12
1121,169,21.03286,8858,2021-06-28 17:22:39,52.2992161,1
1122,112,21.0823656,8859,2021-06-28 17:22:40,52.3044766,4
1123,512,21.051886,8861,2021-06-28 17:22:38,52.252898,4
1124,412,21.090811,8862,2021-06-28 17:22:34,52.305768,04
1125,738,21.189446,8864,2021-06-28 17:22:32,52.414291,05
1126,500,21.0459893,8865,2021-06-28 10:43:17,52.2651186,08
1127,169,21.0361113,8866,2021-06-28 17:22:39,52.2575148,5
1128,162,21.074114,8867,2021-06-28 17:22:36,52.190998,1
1129,190,20.9517736,8868,2021-06-28 17:22:41,52.2382911,5
1130,190,21.0726431,8869,2021-06-28 17:22:41,52.283521,023
1131,190,21.0079353,8871,2021-06-28 17:22:45,52.2462803,025
1132,190,21.0033361,8872,2021-06-28 17:22:41,52.245274,026
1133,738,21.0536715,8873,2021-06-28 17:22:44,52.2762956,06
1134,500,20.9821391,8874,2021-06-28 17:22:41,52.2543271,3
1135,190,20.981002,8875,2021-06-28 17:22:38,52.2371283,4
1136,162,21.0274246,8876,2021-06-28 17:22:42,52.2597161,3
1137,512,21.0716796,8878,2021-06-28 17:22:42,52.2825853,06
1138,509,21.0129931,8879,2021-06-28 17:22:42,52.2772253,1
1139,709,20.996574,8880,2021-06-25 18:58:33,52.18762,016
1140,186,20.975216,8881,2021-06-28 17:22:27,52.317173,014
1141,165,21.0013581,8882,2021-06-28 17:22:38,52.175029,2
1142,128,21.0129466,8883,2021-06-28 17:22:41,52.243046,64
1143,180,20.9250955,8885,2021-06-28 17:22:40,52.272363,5
1144,167,21.01527,8886,2021-06-28 17:22:27,52.208758,5
1145,189,21.0462145,8887,2021-06-28 17:22:31,52.1774901,021
1146,128,20.9753031,8888,2021-06-28 17:22:38,52.2022368,61
1147,504,20.9901506,8891,2021-06-28 17:22:43,52.2187081,012
1148,165,21.023803,8892,2021-06-28 17:22:31,52.179913,1
1149,180,20.980669,8893,2021-06-28 17:22:36,52.253336,53
1150,217,21.033474,8894,2021-06-28 17:22:41,52.177281,05
1151,136,21.0555715,8895,2021-06-28 17:22:40,52.1473498,015
1152,174,21.0016976,8896,2021-06-28 17:22:38,52.2275231,07
1153,180,21.0249203,8897,2021-06-28 17:22:44,52.2204306,015
1154,167,21.0830153,8898,2021-06-28 17:22:40,52.2083071,7
1155,504,21.003541,8899,2021-06-28 17:22:29,52.229431,6
1156,161,21.224817,9061,2021-06-28 17:22:45,52.186665,2
1157,161,21.177883,9063,2021-06-28 17:22:47,52.184246,3
1158,262,21.077953,9064,2021-06-28 17:22:44,52.279106,03
1159,314,21.030592,9065,2021-06-28 17:22:44,52.317719,04
1160,314,20.971613,9066,2021-06-28 17:22:45,52.32093,02
1161,104,21.002987,9068,2021-06-28 17:22:46,52.290245,2
1162,161,21.177244,9070,2021-06-28 17:22:44,52.173027,1
1163,225,21.129225,9071,2021-06-28 17:22:46,52.236218,2
1164,225,21.127382,9074,2021-06-28 17:22:47,52.256714,4
1165,225,21.16795,9075,2021-06-28 17:22:42,52.27644,3
1166,211,20.941385,9077,2021-06-28 17:22:46,52.355442,08
1167,314,21.046904,9078,2021-06-28 17:22:42,52.33757,01
1168,262,21.053696,9080,2021-06-28 17:22:45,52.276363,1
1169,104,21.027477,9081,2021-06-28 17:22:43,52.298634,1
1170,314,20.95895,9082,2021-06-28 17:22:43,52.313808,03
1171,262,21.087929,9083,2021-06-28 17:22:44,52.286488,2
1172,225,21.102468,9088,2021-06-28 17:22:47,52.222782,1
1173,211,20.942543,9090,2021-06-28 17:22:47,52.342178,2
1174,211,20.968149,9091,2021-06-28 17:22:43,52.3214,07
1175,305,21.161175,9093,2021-06-28 17:22:45,52.22599,1
1176,900,20.941948,9094,2021-06-28 17:22:44,52.348419,1
1177,133,20.975037,9201,2021-06-28 17:22:45,52.347286,2
1178,207,20.872641,9202,2021-06-28 17:22:43,52.187145,03
1179,164,21.108085,9203,2021-06-28 17:22:38,52.163543,05
1180,133,20.956751,9204,2021-06-28 17:22:45,52.331421,1
1181,809,21.017679,9205,2021-06-28 17:22:43,52.121235,51
1182,809,21.018122,9206,2021-06-28 17:22:45,52.135696,52
1183,239,21.02733,9208,2021-06-28 17:22:45,52.151588,54
1184,211,21.00074,9209,2021-06-28 17:22:42,52.291115,4
1185,177,20.88386,9210,2021-06-28 17:22:45,52.205708,3
1186,239,21.038099,9212,2021-06-28 17:22:47,52.154217,53
1187,211,20.94267,9213,2021-06-28 17:22:43,52.332232,6
1188,219,21.159224,9215,2021-06-28 17:22:43,52.193466,3
1189,208,20.965366,9216,2021-06-28 17:22:39,52.215089,1
1190,234,21.066936,9217,2021-06-28 17:22:44,52.338718,1
1191,209,21.037121,9218,2021-06-28 17:22:39,52.154552,057
1192,234,21.014103,9219,2021-06-28 17:22:41,52.310352,2
1193,203,20.932743,9220,2021-06-28 17:22:40,52.288147,1
1194,249,20.89879,9221,2021-06-28 17:22:44,52.238613,1
1195,201,20.943138,9224,2021-06-28 17:22:44,52.245983,3
1196,208,20.975525,9225,2021-06-28 17:22:46,52.210247,04
1197,208,20.952898,9226,2021-06-28 17:22:46,52.20245,05
1198,208,20.948196,9227,2021-06-28 17:22:40,52.209049,2
1199,219,21.102633,9228,2021-06-28 17:22:42,52.222717,2
1200,219,21.150728,9229,2021-06-28 17:22:46,52.190834,1
1201,201,20.926464,9230,2021-06-28 17:22:45,52.234066,2
1202,239,21.016516,9232,2021-06-28 17:22:41,52.153069,056
1203,264,21.098492,9233,2021-06-28 17:22:43,52.139576,1
1204,203,20.923302,9234,2021-06-28 17:22:40,52.280502,2
1205,201,20.925175,9235,2021-06-28 17:22:43,52.260639,5
1206,201,20.927748,9236,2021-06-28 17:22:39,52.26339,4
1207,209,20.981056,9237,2021-06-28 17:22:35,52.132854,055
1208,208,20.969095,9238,2021-06-28 17:22:40,52.202827,03
1209,207,20.895749,9239,2021-06-28 17:22:44,52.185774,02
1210,177,20.888613,9240,2021-06-28 17:22:44,52.189831,1
1211,133,20.95228,9241,2021-06-28 17:22:39,52.316914,3
1212,201,20.930292,9242,2021-06-28 17:22:46,52.256397,06
1213,211,20.988726,9243,2021-06-28 17:22:40,52.303204,5
1214,207,20.881891,9244,2021-06-28 17:22:39,52.189175,01
1215,211,20.966162,9245,2021-06-28 17:22:46,52.312347,3
1216,164,21.135084,9246,2021-06-28 17:22:39,52.148418,04
1217,201,20.944298,9247,2021-06-28 17:22:41,52.239079,1
1218,177,20.879648,9248,2021-06-28 17:22:43,52.198097,2
1219,164,21.059557,9250,2021-06-28 17:22:39,52.184162,3
1220,164,21.138252,9251,2021-06-28 17:22:41,52.145866,2
1221,164,21.06819,9252,2021-06-28 17:22:45,52.170067,1
1222,211,20.961161,9254,2021-06-28 17:22:44,52.316956,09
1223,199,21.179817,9301,2021-06-28 17:22:45,52.269238,06
1224,739,21.040834,9302,2021-06-28 17:22:42,52.096439,2
1225,739,21.021212,9304,2021-06-28 17:22:46,52.179634,3
1226,179,21.034878,9311,2021-06-28 16:22:46,52.150986,10
1227,123,21.064772,9312,2021-06-28 17:22:46,52.226765,08
1228,179,21.037718,9313,2021-06-28 17:22:43,52.14624,11
1229,153,21.177267,9314,2021-06-28 17:22:46,52.256916,2
1230,179,21.056002,9315,2021-06-28 17:22:46,52.131481,2
1231,135,21.046076,9316,2021-06-28 17:22:42,52.261219,3
1232,135,21.103281,9317,2021-06-28 17:22:46,52.243793,6
1233,135,21.078001,9318,2021-06-28 17:22:46,52.241112,2
1234,135,21.096933,9319,2021-06-28 17:22:46,52.233337,1
1235,179,21.065796,9320,2021-06-28 17:22:43,52.142597,4
1236,179,21.045136,9321,2021-06-28 17:22:48,52.149502,5
1237,123,21.047508,9322,2021-06-28 17:22:44,52.247658,5
1238,135,21.027056,9323,2021-06-28 17:22:46,52.259644,07
1239,179,21.033827,9324,2021-06-28 17:21:52,52.162193,9
1240,179,21.050074,9325,2021-06-28 17:22:47,52.155106,51
1241,256,21.080954,9326,2021-06-28 17:22:41,52.277409,2
1242,142,21.087986,9327,2021-06-28 17:22:45,52.244686,3
1243,179,21.037008,9328,2021-06-28 17:22:43,52.162098,8
1244,153,21.150745,9329,2021-06-28 17:22:40,52.270748,04
1245,123,21.0773959,9331,2021-06-28 09:44:24,52.2687066,07
1246,123,21.077486,9332,2021-06-28 15:39:21,52.268074,08
1247,142,21.238235,9333,2021-06-28 17:22:40,52.17004,5
1248,739,21.05336,9334,2021-06-28 17:22:41,52.099529,1
1249,153,21.157104,9335,2021-06-28 17:22:46,52.263535,3
1250,135,21.073294,9336,2021-06-28 17:22:46,52.246075,5
1251,739,21.0771987,9337,2021-06-28 16:56:14,52.2682345,2
1252,179,21.0246775,9338,2021-06-28 17:22:46,52.1430281,6
1253,256,21.066072,9339,2021-06-28 17:22:41,52.274933,1
1254,153,21.172592,9340,2021-06-28 17:22:44,52.285496,1
1255,142,21.136639,9341,2021-06-28 17:22:43,52.195877,4
1256,739,21.02009,9342,2021-06-28 17:22:44,52.173122,4
1257,256,21.07616,9343,2021-06-28 17:22:37,52.322311,4
1258,135,21.097635,9344,2021-06-28 17:22:39,52.235172,08
1259,739,21.018465,9345,2021-06-28 17:22:40,52.117409,05
1260,179,21.032068,9346,2021-06-28 17:22:46,52.154453,7
1261,135,21.046272,9347,2021-06-28 17:22:45,52.259689,4
1262,123,21.050848,9348,2021-06-28 17:22:44,52.252522,09
1263,179,21.053356,9349,2021-06-28 17:22:46,52.134094,3
1264,123,21.084511,9350,2021-06-28 17:22:46,52.24955,357
1265,142,21.204039,9351,2021-06-28 17:22:46,52.168167,1
1266,123,21.09086,9352,2021-06-28 17:22:46,52.222176,6
1267,739,21.039696,9353,2021-06-28 17:22:42,52.080563,06
1268,123,21.101765,9354,2021-06-28 17:22:46,52.242409,07
1269,199,21.058313,9355,2021-06-28 17:22:45,52.274483,05
1270,256,21.05481,9356,2021-06-28 17:22:46,52.275532,3
1271,142,21.126503,9357,2021-06-28 17:22:46,52.234257,2
1272,142,21.077633,9358,2021-06-28 16:02:28,52.267822,4
1273,256,21.068111,9359,2021-06-28 17:22:41,52.322857,5
1274,176,20.982979,9403,2021-06-28 17:22:45,52.354763,1
1275,176,20.986784,9405,2021-06-28 17:22:43,52.33532,05
1276,176,20.982155,9412,2021-06-28 17:22:44,52.355663,3
1277,197,20.945814,9413,2021-06-28 17:22:41,52.239208,012
1278,197,20.941385,9414,2021-06-28 17:22:42,52.232937,014
1279,103,20.928133,9415,2021-06-28 17:22:43,52.289734,2
1280,102,21.002672,9416,2021-06-28 17:22:44,52.233009,3
1281,157,20.994589,9417,2021-06-28 17:22:43,52.259991,7
1282,712,20.853487,9418,2021-06-28 17:22:46,52.280067,02
1283,516,20.970606,9420,2021-06-28 17:22:45,52.320557,5
1284,157,20.996904,9423,2021-06-28 17:22:41,52.253479,1
1285,103,20.945133,9424,2021-06-28 17:22:45,52.271976,4
1286,123,21.057442,9425,2021-06-28 17:22:44,52.250145,1
1287,157,20.968304,9426,2021-06-28 17:22:45,52.207432,3
1288,157,20.963932,9427,2021-06-28 17:22:46,52.207939,4
1289,157,20.976692,9428,2021-06-28 17:22:47,52.289906,9
1290,103,20.968454,9429,2021-06-28 17:22:44,52.222057,6
1291,157,20.980961,9432,2021-06-28 17:22:46,52.275764,10
1292,743,20.871578,9433,2021-06-28 17:22:45,52.228828,02
1293,176,21.009544,9434,2021-06-28 17:22:42,52.303295,04
1294,516,21.000944,9435,2021-06-28 17:22:46,52.291157,1
1295,157,20.987648,9436,2021-06-28 17:22:44,52.223415,2
1296,157,20.986113,9437,2021-06-28 17:22:43,52.240932,6
1297,197,20.947634,9438,2021-06-28 17:22:42,52.268078,011
1298,197,20.949934,9439,2021-06-28 17:22:46,52.280605,016
1299,516,20.936262,9440,2021-06-28 17:22:47,52.32888,3
1300,123,21.094299,9441,2021-06-28 17:22:47,52.227577,3
1301,103,20.959763,9442,2021-06-28 17:22:47,52.237759,5
1302,102,21.066151,9443,2021-06-28 17:22:47,52.241135,1
1303,103,20.930956,9444,2021-06-28 17:22:47,52.290462,3
1304,103,20.968721,9445,2021-06-28 17:22:46,52.223763,7
1305,103,20.934036,9446,2021-06-28 17:22:46,52.289204,1
1306,123,21.050102,9447,2021-06-28 17:22:43,52.253059,4
1307,157,20.987404,9448,2021-06-28 17:22:46,52.239483,011
1308,516,20.938063,9449,2021-06-28 17:22:47,52.337746,4
1309,102,21.063084,9450,2021-06-28 17:22:46,52.240444,2
1310,157,20.980833,9451,2021-06-28 17:22:44,52.216492,5
1311,157,20.972576,9452,2021-06-28 17:22:45,52.281765,8
1312,176,21.026741,9453,2021-06-28 17:22:45,52.281227,2
1313,197,20.939657,9454,2021-06-28 17:22:44,52.260803,015
1314,712,20.921642,9455,2021-06-28 17:22:44,52.281769,1
1315,743,20.77276,9456,2021-06-28 17:22:44,52.23106,1
1316,197,20.931009,9457,2021-06-28 17:22:45,52.225273,013
1317,103,20.94512,9458,2021-06-28 17:22:45,52.271923,8
1318,194,20.917913167,9501,2021-06-28 17:22:45,52.220547333,5
1319,707,20.998407833,9502,2021-06-28 17:22:47,52.082571833,1
1320,159,20.9960215,9503,2021-06-28 17:22:47,52.226124333,1
1321,103,20.969326833,9505,2021-06-28 17:22:45,52.2243365,09
1322,103,20.967868333,9506,2021-06-28 17:22:45,52.253464167,011
1323,220,20.8916875,9509,2021-06-28 17:22:45,52.207129167,3
1324,194,20.866369833,9510,2021-06-28 17:22:44,52.196971167,06
1325,737,20.897084167,9511,2021-06-28 17:22:47,52.056346167,56
1326,220,20.9145725,9513,2021-06-28 17:22:47,52.252835833,5
1327,715,21.0038895,9514,2021-06-28 17:22:45,52.11019,53
1328,181,20.899960333,9515,2021-06-28 17:22:43,52.297186333,2
1329,737,21.018206,9516,2021-06-28 17:22:44,52.140619667,54
1330,149,20.912327833,9518,2021-06-28 17:22:45,52.238949167,06
1331,149,20.940361667,9519,2021-06-28 17:22:45,52.246654833,2
1332,159,20.961045833,9520,2021-06-28 17:22:46,52.211474333,8
1333,715,21.023875833,9521,2021-06-28 17:22:43,52.1428285,1
1334,220,20.925083667,9522,2021-06-28 17:22:46,52.2609725,4
1335,220,20.897125167,9523,2021-06-28 17:22:45,52.243221333,07
1336,220,20.908467167,9524,2021-06-28 17:22:46,52.178019167,2
1337,194,20.879912667,9525,2021-06-28 17:22:45,52.196023,3
1338,181,20.945595,9526,2021-06-28 17:22:47,52.294417,1
1339,715,20.943574333,9528,2021-06-28 17:22:46,52.175440167,058
1340,715,21.037059,9529,2021-06-28 17:22:45,52.162008167,52
1341,707,20.943414167,9530,2021-06-28 17:22:45,52.175942833,03
1342,159,21.0497735,9531,2021-06-28 17:22:46,52.201405167,4
1343,194,20.930712667,9532,2021-06-28 17:22:44,52.225008667,1
1344,181,20.9862555,9533,2021-06-28 17:22:46,52.2693935,4
1345,181,20.940243,9534,2021-06-28 17:22:44,52.300709833,3
1346,159,20.954738667,9535,2021-06-28 17:22:43,52.211940833,7
1347,159,20.978199,9537,2021-06-28 17:22:47,52.22227,6
1348,737,21.0368615,9539,2021-06-28 17:22:45,52.162017167,059
1349,220,20.904162833,9540,2021-06-28 17:22:46,52.184657167,1
1350,220,20.896698167,9542,2021-06-28 17:22:46,52.202294333,6
1351,737,20.983956833,9544,2021-06-28 17:22:44,52.110460167,07
1352,220,20.897585667,9545,2021-06-28 17:22:47,52.244896,08
1353,149,20.873800667,9546,2021-06-28 17:22:47,52.251009667,5
1354,220,20.943623167,9548,2021-06-28 17:22:44,52.1755555,09
1355,149,20.947210167,9550,2021-06-28 17:22:45,52.2470705,1
1356,715,20.96125,9551,2021-06-28 17:22:45,52.141863167,55
1357,149,20.944018167,9552,2021-06-28 17:22:45,52.2389965,3
1358,194,20.860147,9554,2021-06-28 17:22:44,52.193778,07
1359,194,20.929934667,9555,2021-06-28 17:22:47,52.22492,2
1360,159,21.077703167,9556,2021-06-28 17:15:34,52.190458167,3
1361,149,20.896452833,9557,2021-06-28 17:22:44,52.2399555,4
1362,194,20.896164,9558,2021-06-28 17:22:44,52.201160333,4
1363,159,21.015899,9560,2021-06-28 17:22:46,52.223132333,5
1364,159,21.044921833,9561,2021-06-28 17:22:43,52.221184,2
1365,118,20.999155,9671,2021-06-28 17:22:42,52.28894,2
1366,118,21.015011,9672,2021-06-28 17:22:42,52.216949,5
1367,326,21.061777,9673,2021-06-28 17:22:41,52.36161,04
1368,118,21.041544,9674,2021-06-28 17:22:42,52.296169,8
1369,152,20.952438,9676,2021-06-28 17:22:46,52.317051,5
1370,212,21.027117,9677,2021-06-28 17:22:34,52.259617,06
1371,118,21.007153,9678,2021-06-28 17:22:41,52.260151,7
1372,118,21.041355,9679,2021-06-28 17:22:45,52.300095,1
1373,326,20.968586,9680,2021-06-28 17:22:40,52.27206,02
1374,152,20.994572,9681,2021-06-28 17:22:41,52.341785,2
1375,212,21.048328,9682,2021-06-28 17:22:42,52.286613,5
1376,152,21.047403,9683,2021-06-28 17:22:43,52.326324,4
1377,212,21.057137,9684,2021-06-28 17:22:45,52.301899,1
1378,212,21.066715,9685,2021-06-28 17:22:45,52.276356,2
1379,326,21.061737,9686,2021-06-28 17:22:45,52.361759,05
1380,326,21.007162,9688,2021-06-28 17:22:38,52.315147,03
1381,118,21.023399,9689,2021-06-28 17:22:47,52.223907,4
1382,212,21.045803,9690,2021-06-28 17:22:47,52.2714,3
1383,326,20.988754,9692,2021-06-28 17:22:40,52.309616,01
1384,212,21.042828,9693,2021-06-28 17:22:47,52.273338,4
1385,152,20.971264,9695,2021-06-28 17:22:38,52.320847,1
1386,118,21.024364,9696,2021-06-28 17:22:35,52.229958,6
1387,118,21.019548,9697,2021-06-28 17:22:43,52.246223,3
1388,152,20.971729,9698,2021-06-28 17:22:43,52.321178,3
1389,710,21.049149,9801,2021-06-28 17:22:45,52.076942,4
1390,525,21.018023,9802,2021-06-28 17:22:45,52.217758,1
1391,184,20.940825,9803,2021-06-28 17:22:46,52.284721,069
1392,127,21.024973,9804,2021-06-28 17:22:47,52.241737,56
1393,525,21.003273,9807,2021-06-28 17:22:39,52.229584,319
1394,127,20.895458,9808,2021-06-28 17:22:46,52.208813,2
1395,109,20.948109,9809,2021-06-28 17:22:41,52.236782,07
1396,710,21.01129,9810,2021-06-28 17:22:41,52.074223,5
1397,719,20.805471,9812,2021-06-28 17:22:44,52.253193,3
1398,109,21.030669,9813,2021-06-28 17:19:50,52.230155,08
1399,525,21.196634,9815,2021-06-28 17:22:46,52.208305,09
1400,742,21.114115,9816,2021-06-28 17:22:44,52.103241,1
1401,719,20.834999,9818,2021-06-28 17:22:45,52.248917,04
1402,719,20.586441,9819,2021-06-28 17:22:44,52.257607,1
1403,719,20.883886,9820,2021-06-28 17:22:46,52.240582,2
1404,710,21.114344,9821,2021-06-28 17:22:44,52.082504,1
1405,525,21.081779,9822,2021-06-28 17:22:47,52.235844,010
1406,184,20.964964,9823,2021-06-28 17:22:41,52.217773,010
1407,525,21.089674,9825,2021-06-28 17:19:36,52.235753,5
1408,525,21.005108,9826,2021-06-28 17:22:42,52.229267,7
1409,185,21.044085,9827,2021-06-28 17:22:26,52.176584,8
1410,127,20.996683,9828,2021-06-28 17:22:41,52.226753,4
1411,525,21.028435,9829,2021-06-28 17:22:44,52.220089,6
1412,Z10,20.918167,9830,2021-06-28 17:22:45,52.220665,8
1413,710,21.11327,9831,2021-06-28 17:22:39,52.107777,3
1414,127,20.947771,9833,2021-06-28 17:22:46,52.20882,1
1415,525,21.161215,9834,2021-06-28 17:22:42,52.225822,4
1416,742,21.135714,9835,2021-06-28 17:22:46,52.076347,02
1417,525,21.19051,9836,2021-06-28 17:22:40,52.207283,3
1418,185,20.975742,9837,2021-06-28 17:22:40,52.289684,12
1419,525,21.154123,9838,2021-06-28 17:22:47,52.226269,2
1420,724,21.027559,9839,2021-06-28 17:22:41,52.067345,1
1421,127,21.019455,9840,2021-06-28 17:22:42,52.246277,6
1422,724,21.066082,9841,2021-06-28 17:22:39,52.131279,02
1423,127,21.022468,9843,2021-06-28 17:22:47,52.229568,7
1424,127,20.960104,9844,2021-06-28 17:22:44,52.21637,09
1425,127,20.924793,9845,2021-06-28 17:22:41,52.208157,3
1426,Z10,20.915018,9846,2021-06-28 17:22:46,52.233147,6
1427,Z10,20.913097,9847,2021-06-28 17:22:42,52.23856,4
1428,109,21.031161,9849,2021-06-28 17:22:40,52.229599,6
1429,109,20.997475,9851,2021-06-28 17:22:43,52.23315,5
1430,109,20.898735,9852,2021-06-28 17:22:47,52.238537,4
1431,109,21.012999,9853,2021-06-28 17:22:42,52.229904,1
1432,127,20.988146,9854,2021-06-28 17:22:45,52.22403,335
1433,186,20.963783,9901,2021-06-28 17:22:46,52.207832,1
1434,210,20.823366,9902,2021-06-28 17:22:45,52.290718,5
1435,140,21.111183,9903,2021-06-28 17:22:46,52.36087,04
1436,520,21.129505,9905,2021-06-28 17:22:46,52.23645,011
1437,520,21.155895,9906,2021-06-28 17:22:46,52.240379,3
1438,140,21.052912,9907,2021-06-28 17:22:45,52.276733,08
1439,140,21.066605,9908,2021-06-28 17:22:46,52.276512,09
1440,140,21.120241,9909,2021-06-28 17:22:47,52.341652,2
1441,719,20.937729,9912,2021-06-28 17:22:46,52.239632,05
1442,520,21.019627,9913,2021-06-28 17:22:43,52.218098,08
1443,520,21.002075,9914,2021-06-28 17:22:47,52.243141,09
1444,520,21.015478,9915,2021-06-28 17:22:46,52.223274,6
1445,520,21.138645,9916,2021-06-28 17:22:46,52.238426,4
1446,193,20.995394,9918,2021-06-28 17:22:44,52.17017,2
1447,193,21.010298,9919,2021-06-28 17:22:46,52.171124,3
1448,140,21.134527,9920,2021-06-28 17:22:46,52.358669,05
1449,140,21.081545,9921,2021-06-28 17:22:42,52.294357,06
1450,520,21.08803,9922,2021-06-28 17:22:45,52.236031,5
1451,193,21.043898,9923,2021-06-28 17:22:45,52.156303,4
1452,140,21.061666,9924,2021-06-28 17:22:46,52.273407,07
1453,193,21.012209,9926,2021-06-28 17:22:42,52.17374,1
1454,520,21.036673,9927,2021-06-28 17:22:46,52.222111,010
1455,140,21.100513,9928,2021-06-28 17:22:47,52.317257,3
1456,186,20.977028,9929,2021-06-28 17:22:47,52.211056,12
1457,193,21.036913,9930,2021-06-28 17:22:43,52.161972,5
1458,186,20.985334,9932,2021-06-28 17:22:45,52.282925,4
1459,520,21.083138,9933,2021-06-28 17:22:45,52.235977,2
1460,186,20.963741,9934,2021-06-28 17:22:47,52.207787,2
1461,520,21.007517,9935,2021-06-28 17:22:43,52.237206,1
1462,186,20.942289,9936,2021-06-28 17:22:43,52.334175,6
1463,520,21.003765,9937,2021-06-28 17:22:46,52.242237,7
1464,186,20.959803,9940,2021-06-28 17:22:44,52.219822,3
1465,186,20.942175,9941,2021-06-28 17:22:43,52.334003,8
1466,210,20.925489,9942,2021-06-28 17:22:47,52.282246,4
1467,109,20.966793,9943,2021-06-28 17:22:46,52.228443,2
1468,186,20.961149,9945,2021-06-28 17:22:44,52.316963,9
1469,210,20.929295,9946,2021-06-28 17:22:46,52.290817,3
1470,109,20.927198,9948,2021-06-28 17:22:46,52.240761,3
1471,210,20.767321,9949,2021-06-28 17:22:46,52.307804,1
1472,186,20.975367,9951,2021-06-28 17:22:44,52.315777,5
1473,186,20.983717,9953,2021-06-28 17:22:45,52.308064,67
1474,140,21.100006,9954,2021-06-28 17:22:45,52.317028,1
1475,o97B,21.423098,9999,2021-06-28 14:27:55,50.302967,7
