,Lines,Lon,VehicleNumber,Time,Lat,Brigade
0,213,21.1887683,1001,2021-06-28 18:09:33,52.1499076,1
1,213,21.188007,1003,2021-06-28 18:09:34,52.1839143,05
2,213,21.157413,1004,2021-06-28 18:09:39,52.2139425,3
3,196,21.1768648,1005,2021-06-28 18:09:37,52.2567678,2
4,196,21.176351,1008,2021-06-28 18:09:20,52.256761,03
5,213,21.2071625,1009,2021-06-28 18:09:37,52.1602151,4
6,213,21.1022351,1010,2021-06-28 18:09:35,52.2228173,2
7,311,21.0792766,1012,2021-06-28 18:09:32,52.2423891,1
8,196,21.176483,1014,2021-06-28 18:09:28,52.256773,1
9,311,21.095203,1015,2021-06-28 18:09:34,52.221203,2
10,365,20.9967522,1021,2021-06-28 18:09:40,52.1697587,01
11,107,21.04878,1023,2021-06-28 18:09:40,52.206699,3
12,163,21.083914,1025,2021-06-28 18:09:36,52.167847,2
13,107,21.0150224,1026,2021-06-28 18:09:37,52.2324759,5
14,108,21.048218,1027,2021-06-28 18:09:39,52.211887,1
15,108,21.0239067,1028,2021-06-28 18:09:40,52.1797824,5
16,108,21.064381,1029,2021-06-28 18:09:37,52.186451,6
17,365,21.020319,1031,2021-06-28 18:09:38,52.179993,02
18,108,21.048066,1033,2021-06-28 18:09:40,52.1777439,4
19,163,21.07151,1034,2021-06-28 18:09:39,52.179081,1
20,192,21.0473612,1037,2021-06-28 18:09:38,52.1509254,7
21,108,21.075533,1038,2021-06-28 18:09:34,52.203141,3
22,365,21.020971,1039,2021-06-28 18:09:39,52.179432,03
23,107,20.985055,1040,2021-06-28 18:09:40,52.246185,6
24,107,21.016548,1042,2021-06-28 18:09:35,52.229906,2
25,107,20.97922,1043,2021-06-28 18:09:27,52.2444767,07
26,107,21.040655,1045,2021-06-28 18:09:21,52.221631,4
27,204,21.04082,1046,2021-06-28 18:09:39,52.2889633,05
28,204,21.060238,1047,2021-06-28 18:09:23,52.315133,1
29,204,21.037411,1048,2021-06-28 18:09:36,52.288346,04
30,228,20.965336,1050,2021-06-28 18:09:21,52.195108,1
31,228,20.892943,1051,2021-06-28 18:09:30,52.200348,2
32,328,20.99469,1052,2021-06-28 18:09:36,52.1509,01
33,129,20.919235,1053,2021-06-28 18:09:25,52.229575,4
34,228,20.92799,1054,2021-06-28 18:09:29,52.203119,3
35,129,20.885868,1055,2021-06-28 18:09:36,52.195338,3
36,328,20.9863583,1058,2021-06-28 18:09:31,52.1601567,02
37,129,20.939189,1059,2021-06-28 18:09:20,52.246196,1
38,328,20.9640839,1061,2021-06-28 18:09:40,52.1970949,03
39,192,21.024286,1062,2021-06-28 18:09:39,52.179916,51
40,192,21.068613,1064,2021-06-28 18:09:39,52.129082,2
41,163,21.0898665,1065,2021-06-28 18:09:39,52.1601629,04
42,107,20.991549,1066,2021-06-28 18:09:38,52.244961,1
43,163,21.0491217,1068,2021-06-28 18:09:40,52.1783212,3
44,192,21.038486,1069,2021-06-28 18:09:39,52.1535,4
45,163,21.098274,1070,2021-06-28 18:09:39,52.185352,05
46,192,21.0239312,1074,2021-06-28 18:09:40,52.1799909,6
47,108,21.0231934,1076,2021-06-28 18:09:39,52.2288276,2
48,192,21.0606189,1077,2021-06-28 18:09:40,52.1366817,3
49,192,21.069506,1079,2021-06-28 18:09:37,52.139027,1
50,736,21.0209101,1101,2021-06-28 18:09:28,52.3815923,02
51,132,21.024951,1109,2021-06-28 18:09:28,52.297288,2
52,303,20.9551448,1112,2021-06-28 18:09:35,52.2690141,3
53,147,21.2309568,1113,2021-06-28 18:09:36,52.2164533,06
54,152,21.002346,1114,2021-06-28 18:09:36,52.336411,06
55,166,21.0468633,1115,2021-06-28 18:09:30,52.1635628,09
56,132,20.9765618,1116,2021-06-28 18:09:33,52.2788465,3
57,122,20.976565,1117,2021-06-28 18:09:28,52.289863,09
58,197,20.8624973,1118,2021-06-28 18:09:36,52.1902746,7
59,126,20.9420805,1119,2021-06-28 18:09:33,52.334137,3
60,168,21.0010572,1200,2021-06-28 18:09:40,52.1889862,2
61,119,21.067648,1202,2021-06-28 18:09:39,52.202656,1
62,178,20.8932492,1203,2021-06-28 18:09:40,52.1825492,2
63,178,21.009621,1204,2021-06-28 18:09:39,52.235489,5
64,168,21.112823,1205,2021-06-28 18:09:39,52.23307,6
65,166,21.036546,1206,2021-06-28 18:09:24,52.252686,1
66,166,21.044794,1208,2021-06-28 18:09:39,52.167377,5
67,222,21.005022,1211,2021-06-28 18:09:39,52.244823,4
68,174,21.0198207,1212,2021-06-28 18:09:39,52.1834407,371
69,174,20.9955864,1213,2021-06-28 18:09:40,52.1701794,3
70,218,21.012941,1214,2021-06-28 18:09:39,52.179749,5
71,166,21.070395,1216,2021-06-28 18:09:38,52.131824,7
72,168,21.112661,1218,2021-06-28 18:09:40,52.236366,5
73,119,21.20554,1220,2021-06-28 18:09:39,52.210072,5
74,122,20.8964698,1400,2021-06-28 18:09:36,52.2401646,012
75,121,20.976121,1401,2021-06-28 18:09:36,52.2536303,04
76,134,20.9683551,1403,2021-06-28 18:09:35,52.2717416,1
77,110,20.8856145,1407,2021-06-28 18:09:39,52.3051843,05
78,240,21.049726,1408,2021-06-28 18:09:31,52.290379,4
79,173,21.096142,1411,2021-06-28 18:09:34,52.243576,5
80,117,21.05064,1412,2021-06-28 18:09:40,52.237736,1
81,702,21.153759,1413,2021-06-28 18:09:40,52.174633,2
82,168,21.021086,1415,2021-06-28 18:09:38,52.210606,1
83,202,21.1083942,1416,2021-06-28 18:09:39,52.2454132,04
84,183,21.0871119,1418,2021-06-28 18:09:40,52.2447144,6
85,147,21.164272,1419,2021-06-28 18:09:39,52.204056,2
86,199,21.1294284,1422,2021-06-28 18:09:38,52.2875069,4
87,198,21.243326,1423,2021-06-28 18:09:40,52.221706,05
88,173,21.0528,1424,2021-06-28 18:09:39,52.2503,6
89,115,21.1615504,1425,2021-06-28 18:09:40,52.2257384,4
90,173,21.084606,1426,2021-06-28 18:09:40,52.24588,8
91,147,21.052494,1427,2021-06-28 18:09:38,52.250305,4
92,146,21.0431,1428,2021-06-28 18:09:40,52.247,2
93,142,21.140064,1430,2021-06-28 18:09:34,52.227898,06
94,L41,20.725657,14422,2021-06-28 18:09:41,52.423218,1
95,L11,20.776485,14424,2021-06-28 18:09:36,52.44548,1
96,L10,20.945328,14425,2021-06-28 18:09:38,52.419315,50
97,L-8,20.945215,14426,2021-06-28 14:51:54,52.437912,1
98,L41,20.925346,14427,2021-06-28 18:09:38,52.38464,02
99,L11,20.93507,14429,2021-06-28 18:09:37,52.397896,57
100,L34,20.847353,14430,2021-06-28 17:01:01,52.441017,2
101,L34,20.941441,14431,2021-06-28 18:09:40,52.400784,1
102,L11,20.944889,14432,2021-06-28 18:09:35,52.452621,51
103,L-8,21.006636,14434,2021-06-28 18:09:40,52.392948,02
104,L-8,21.04126,14435,2021-06-28 18:09:38,52.38158,1
105,L49,20.906004,14436,2021-06-28 18:09:33,52.383003,1
106,L31,21.183943,14438,2021-06-28 18:09:39,52.419415,1
107,L-9,20.946548,14439,2021-06-28 18:09:38,52.478531,054
108,L-9,20.959579,14440,2021-06-28 18:09:29,52.424435,055
109,134,21.048003,1500,2021-06-28 18:09:21,52.340093,04
110,134,21.053406,1501,2021-06-28 18:09:25,52.361023,3
111,110,20.968581,1502,2021-06-28 18:09:29,52.2721471,2
112,240,21.1008376,1505,2021-06-28 18:09:32,52.3180515,06
113,132,21.051838,1506,2021-06-28 18:09:37,52.3064435,07
114,134,20.9667196,1507,2021-06-28 18:09:22,52.2734638,2
115,126,21.0564491,1508,2021-06-28 18:09:36,52.3018121,5
116,132,21.0664653,1509,2021-06-28 18:09:32,52.3243093,05
117,166,21.0673623,1510,2021-06-28 18:09:36,52.1311893,6
118,126,20.9991763,1513,2021-06-28 18:09:24,52.3168043,4
119,197,20.8693266,1514,2021-06-28 18:09:33,52.2068445,6
120,197,20.8788726,1515,2021-06-28 18:09:34,52.1977061,8
121,121,20.972925,1516,2021-06-28 18:09:38,52.281398,1
122,173,21.222439,1519,2021-06-28 18:09:21,52.246253,10
123,202,21.1047333,1521,2021-06-28 18:09:37,52.24642,07
124,202,21.064931,1522,2021-06-28 18:09:18,52.252011,3
125,146,21.105873,1523,2021-06-28 18:09:37,52.211165,08
126,730,21.0875583,1524,2021-06-28 18:09:33,52.244675,052
127,119,21.046055,1525,2021-06-28 18:09:30,52.20186,06
128,147,21.135829,1526,2021-06-28 18:09:38,52.197041,09
129,198,21.2244417,1528,2021-06-28 18:09:31,52.2329667,3
130,702,21.133511,1530,2021-06-28 18:09:34,52.210054,03
131,198,21.223683,1531,2021-06-28 18:09:21,52.253839,2
132,115,21.170305,1533,2021-06-28 18:09:37,52.2771333,2
133,142,21.0865233,1534,2021-06-28 18:09:34,52.244875,07
134,198,21.2432917,1535,2021-06-28 18:09:28,52.2215683,1
135,106,21.016073,1537,2021-06-28 18:09:20,52.240636,4
136,170,21.0729433,1538,2021-06-28 18:09:32,52.2678767,4
137,120,21.0531217,1539,2021-06-28 18:09:30,52.3394017,1
138,199,21.179671,1540,2021-06-28 18:09:31,52.269145,1
139,156,21.069998,1541,2021-06-28 18:09:20,52.266674,1
140,170,21.08575,1542,2021-06-28 18:09:30,52.2731217,1
141,156,21.017524,1543,2021-06-28 18:09:27,52.292746,3
142,338,21.100966,1544,2021-06-28 18:09:31,52.26057,01
143,122,20.9348533,1546,2021-06-28 18:09:40,52.2712717,013
144,338,21.1007167,1548,2021-06-28 18:09:25,52.2606217,04
145,199,21.106051,1549,2021-06-28 18:09:37,52.294789,2
146,170,21.02937,1550,2021-06-28 18:09:22,52.261241,3
147,240,21.00084,1551,2021-06-28 18:09:35,52.2913817,3
148,221,20.994061,1552,2021-06-28 18:09:28,52.259551,2
149,106,21.0204817,1554,2021-06-28 18:09:30,52.24322,06
150,L-4,20.948568,17451,2021-06-28 18:09:38,52.087486,1
151,L26,21.214523,17452,2021-06-28 18:09:33,52.3353,02
152,L37,21.217834,17453,2021-06-28 17:30:49,52.31118,1
153,L40,21.241697,17454,2021-06-28 18:09:36,52.347118,1
154,L36,21.238337,17456,2021-06-28 18:09:37,52.348476,1
155,L35,21.282156,17458,2021-06-28 18:09:34,52.362301,1
156,L26,21.152597,17460,2021-06-28 18:04:50,52.310802,1
157,L46,21.085125,17461,2021-06-28 18:09:32,52.304852,1
158,L43,21.162529,17462,2021-06-28 18:09:37,52.294571,1
159,L45,21.086214,17464,2021-06-28 18:09:40,52.412804,02
160,L45,21.085358,17465,2021-06-28 18:09:37,52.304989,1
161,L38,21.285433,17466,2021-06-28 18:09:35,52.325027,1
162,L37,21.262543,17467,2021-06-28 18:09:41,52.350807,2
163,L40,21.122358,17468,2021-06-28 18:09:39,52.343971,02
164,197,20.944974,1800,2021-06-28 18:09:32,52.264596,4
165,110,20.882199,1801,2021-06-28 18:09:36,52.3167835,4
166,132,21.0744898,1802,2021-06-28 18:09:33,52.3245631,1
167,166,21.026465,1803,2021-06-28 18:09:32,52.2143138,8
168,122,20.8984746,1804,2021-06-28 18:09:34,52.258708,5
169,173,21.155241,1805,2021-06-28 18:09:30,52.239829,4
170,204,21.0592066,1806,2021-06-28 18:09:35,52.3170191,3
171,122,20.90266,1807,2021-06-28 18:09:31,52.2566655,4
172,303,20.901233,1808,2021-06-28 18:09:35,52.2977056,1
173,147,21.2162708,1809,2021-06-28 18:09:36,52.213213,1
174,166,21.0269455,1810,2021-06-28 18:09:34,52.2601466,2
175,152,21.043346,1811,2021-06-28 10:10:53,52.266126,06
176,204,21.0232086,1812,2021-06-28 18:09:35,52.2772791,2
177,736,20.996715,1813,2021-06-28 18:09:36,52.311813,1
178,147,21.101906,1814,2021-06-28 18:09:29,52.214329,07
179,240,21.0420146,1815,2021-06-28 18:09:33,52.296074,2
180,197,20.9089158,1817,2021-06-28 18:09:30,52.2184448,9
181,240,21.072033,1818,2021-06-28 18:09:30,52.3223983,05
182,221,20.98858,1819,2021-06-28 18:09:33,52.260384,1
183,117,21.0050126,1823,2021-06-28 18:09:37,52.2296231,05
184,146,21.173606,1826,2021-06-28 18:09:21,52.158398,4
185,183,21.1773255,1828,2021-06-28 18:09:35,52.2493193,3
186,147,21.0866228,1829,2021-06-28 18:09:35,52.2258403,5
187,722,21.140137,1830,2021-06-28 18:09:35,52.2286395,1
188,147,21.1169918,1832,2021-06-28 09:25:20,52.2330478,09
189,146,21.209528,1833,2021-06-28 18:09:38,52.154341,5
190,202,21.116848,1834,2021-06-28 09:35:30,52.233074,04
191,115,21.169741,1835,2021-06-28 18:09:32,52.264839,3
192,168,20.9956975,1837,2021-06-28 18:09:36,52.193079,07
193,183,21.087096,1839,2021-06-28 18:09:24,52.244703,1
194,202,21.0577086,1840,2021-06-28 18:09:31,52.2500501,05
195,146,21.053436,1842,2021-06-28 18:09:28,52.250496,07
196,183,21.122205,1843,2021-06-28 18:09:28,52.236466,2
197,119,21.0006925,1844,2021-06-28 18:09:36,52.2062068,3
198,115,21.228416,1846,2021-06-28 18:09:27,52.171763,5
199,730,21.3779546,1847,2021-06-28 18:09:33,52.1994353,61
200,119,21.1335238,1848,2021-06-28 18:09:29,52.2025088,4
201,173,21.1371201,1849,2021-06-28 18:09:34,52.240903,9
202,183,21.1918148,1850,2021-06-28 18:09:37,52.2385273,4
203,173,21.223976,1851,2021-06-28 18:09:36,52.2175795,1
204,722,21.282366,1854,2021-06-28 18:09:19,52.120303,53
205,147,21.0520713,1855,2021-06-28 18:09:33,52.237542,3
206,146,21.0819721,1856,2021-06-28 18:09:37,52.2211321,1
207,117,21.0061978,1857,2021-06-28 18:09:34,52.228765,2
208,115,21.1458258,1858,2021-06-28 18:09:35,52.2379528,1
209,146,21.2047183,1859,2021-06-28 18:09:32,52.1594975,09
210,115,21.213339,1860,2021-06-28 18:09:28,52.161346,6
211,119,21.0139868,1862,2021-06-28 18:09:40,52.2086983,2
212,173,21.2205105,1863,2021-06-28 18:09:34,52.2462978,3
213,146,21.055604,1866,2021-06-28 18:09:32,52.231528,3
214,183,21.1365423,1867,2021-06-28 18:09:26,52.2422508,5
215,147,21.0534863,1869,2021-06-28 18:09:32,52.2354141,08
216,251,21.0686938,1903,2021-06-28 18:09:23,52.1697429,53
217,168,21.0568079,1904,2021-06-28 18:09:37,52.2078719,09
218,739,21.040164,1905,2021-06-28 18:09:32,52.0959233,07
219,251,21.09634,1907,2021-06-28 18:09:21,52.142458,54
220,178,20.9853925,1908,2021-06-28 18:09:38,52.192587,012
221,222,21.0010196,1909,2021-06-28 18:09:30,52.1890756,2
222,222,21.0047723,1910,2021-06-28 18:09:38,52.2446969,5
223,139,21.105318,1911,2021-06-28 18:09:39,52.118286,56
224,222,21.022024,1912,2021-06-28 18:09:39,52.214138,6
225,251,21.1232049,1914,2021-06-28 18:09:39,52.0895265,51
226,222,21.0249131,1916,2021-06-28 18:09:40,52.2205769,3
227,139,21.042284,1917,2021-06-28 18:09:38,52.175579,52
228,739,21.053202,1918,2021-06-28 18:09:40,52.09911,08
229,251,21.024046,1919,2021-06-28 18:09:40,52.179588,55
230,222,20.995497,1920,2021-06-28 18:09:40,52.191174,1
231,178,20.97957,1991,2021-06-28 18:09:39,52.2293624,010
232,178,20.8834604,1993,2021-06-28 18:09:39,52.1953647,1
233,168,21.03294,1994,2021-06-28 18:09:37,52.20715,08
234,178,20.9787354,1995,2021-06-28 18:09:39,52.2296849,3
235,178,20.9417537,1996,2021-06-28 18:09:40,52.2048169,6
236,178,21.004017,1998,2021-06-28 18:09:40,52.255363,4
237,178,20.9129772,1999,2021-06-28 18:09:40,52.1985514,013
238,105,20.9086665,2001,2021-06-28 18:09:40,52.2184312,1
239,136,20.9603437,2003,2021-06-28 18:09:39,52.2376812,6
240,Z10,20.9138271,2006,2021-06-28 18:09:39,52.2372409,3
241,188,20.978201,2007,2021-06-28 18:09:39,52.179008,09
242,517,20.861713,2008,2021-06-28 18:09:39,52.191013,07
243,191,20.885044,2009,2021-06-28 18:09:38,52.189533,3
244,184,20.9688889,2010,2021-06-28 18:09:39,52.2144072,4
245,124,20.9517132,2011,2021-06-28 18:09:39,52.183335,03
246,401,20.983137,2013,2021-06-28 18:09:40,52.182529,1
247,182,21.035301,2014,2021-06-28 18:09:40,52.221802,012
248,171,20.9282156,2015,2021-06-28 18:09:40,52.2640759,1
249,401,20.8687852,2016,2021-06-28 18:09:40,52.1923355,011
250,190,20.994221,2019,2021-06-28 18:09:40,52.242222,014
251,191,20.980555,2020,2021-06-28 18:09:39,52.215561,7
252,401,20.8965904,2021,2021-06-28 18:09:40,52.1958402,5
253,522,21.071636,2022,2021-06-28 18:09:38,52.160671,013
254,193,21.004353,2023,2021-06-28 18:09:39,52.171173,06
255,189,20.9161424,2024,2021-06-28 18:09:36,52.2053967,14
256,401,20.942802,2026,2021-06-28 18:09:39,52.193363,8
257,522,21.0798077,2027,2021-06-28 18:09:39,52.157644,318
258,519,21.005335,2028,2021-06-28 18:09:38,52.228748,3
259,501,21.049728,2029,2021-06-28 18:09:39,52.187332,3
260,189,20.914965,2030,2021-06-28 18:09:39,52.202835,9
261,131,21.0690394,2032,2021-06-28 18:09:40,52.1813621,10
262,522,21.016699,2033,2021-06-28 18:09:39,52.22237,07
263,189,20.8987692,2035,2021-06-28 18:09:39,52.2387634,12
264,519,21.0130426,2036,2021-06-28 18:09:39,52.2277389,5
265,501,21.0027362,2037,2021-06-28 18:09:39,52.2292914,5
266,138,21.034819,2038,2021-06-28 18:09:38,52.221725,010
267,501,21.048302,2040,2021-06-28 18:09:40,52.178158,2
268,189,20.929836,2041,2021-06-28 18:09:39,52.195587,8
269,138,21.0443829,2042,2021-06-28 18:09:39,52.2545759,012
270,401,20.98543,2044,2021-06-28 18:09:40,52.181641,012
271,172,20.983114,2045,2021-06-28 18:09:38,52.201534,010
272,172,20.9671615,2200,2021-06-28 18:09:40,52.2182557,4
273,523,21.105368,2201,2021-06-28 18:09:40,52.246391,14
274,187,21.048286,2202,2021-06-28 18:09:40,52.1782,3
275,136,21.0558677,2203,2021-06-28 18:09:40,52.1475477,1
276,Z10,20.9156405,2204,2021-06-28 18:09:40,52.2287229,010
277,171,20.9235069,2205,2021-06-28 18:09:39,52.2404632,011
278,189,20.8964417,2207,2021-06-28 18:09:38,52.2354514,10
279,190,20.966377,2209,2021-06-28 18:09:39,52.237076,8
280,172,21.044638,2210,2021-06-28 18:09:38,52.1922,2
281,122,20.985525,2212,2021-06-28 18:09:38,52.269676,6
282,122,20.898663,2213,2021-06-28 18:09:39,52.2392577,07
283,136,21.055599,2215,2021-06-28 18:09:37,52.147449,11
284,190,20.9213357,2216,2021-06-28 18:09:40,52.1973976,018
285,401,20.862072,2217,2021-06-28 18:09:39,52.190342,09
286,Z10,20.922604,2218,2021-06-28 18:09:39,52.221752,5
287,148,20.9854569,2221,2021-06-28 18:09:40,52.166981,8
288,523,21.0958112,2222,2021-06-28 18:09:40,52.2487342,1
289,191,20.91452,2223,2021-06-28 18:09:39,52.200291,9
290,189,21.058329,2224,2021-06-28 18:09:40,52.183372,2
291,191,20.9766287,2225,2021-06-28 18:09:38,52.2115841,5
292,517,20.9907032,2226,2021-06-28 18:09:40,52.2250697,3
293,136,21.0520246,2231,2021-06-28 18:09:39,52.1455654,013
294,189,20.898819,2232,2021-06-28 18:09:40,52.238716,11
295,317,20.9444706,2233,2021-06-28 18:09:39,52.1753836,08
296,Z10,20.9115859,2235,2021-06-28 18:09:40,52.2463222,011
297,317,21.068558,2236,2021-06-28 18:09:39,52.169781,4
298,187,21.0533704,2240,2021-06-28 18:09:39,52.1961201,2
299,136,20.9928495,2241,2021-06-28 18:09:38,52.1859667,9
300,191,20.8857627,2243,2021-06-28 18:09:40,52.1894537,1
301,171,20.9644242,2244,2021-06-28 18:09:39,52.2374056,4
302,Z10,20.9249882,2245,2021-06-28 18:09:40,52.2608924,9
303,717,20.96396,2247,2021-06-28 18:09:24,52.217161,3
304,317,21.068691,2249,2021-06-28 18:09:39,52.169605,06
305,189,21.0568149,2252,2021-06-28 18:09:39,52.1823062,4
306,112,20.911497,2253,2021-06-28 18:09:38,52.246304,2
307,191,20.923864,2254,2021-06-28 18:09:39,52.204006,010
308,141,21.0488,2256,2021-06-28 18:09:40,52.206955,013
309,172,21.0073264,2257,2021-06-28 18:09:40,52.1953915,7
310,317,20.9951552,2258,2021-06-28 18:09:39,52.1760684,1
311,187,21.0450369,2259,2021-06-28 18:09:39,52.2203792,4
312,L48,21.303106,23481,2021-06-28 04:38:21,52.203297,1
313,L47,21.316797,23482,2021-06-28 18:09:36,52.245255,02
314,L47,21.303978,23483,2021-06-28 18:09:40,52.257336,1
315,L20,21.452042,24511,2021-06-28 18:09:38,52.134212,1
316,L20,21.471601,24512,2021-06-28 13:52:17,52.132278,1
317,L20,21.259668,24513,2021-06-28 18:09:37,52.107689,03
318,L20,21.471657,24515,2021-06-28 17:31:13,52.132061,2
319,245,21.082551,3400,2021-06-28 18:09:32,52.286586,2
320,112,21.0409083,3401,2021-06-28 18:09:31,52.2889033,018
321,412,21.0619053,3403,2021-06-28 18:09:34,52.3087688,01
322,112,21.059053,3404,2021-06-28 18:09:22,52.302021,7
323,412,21.068313,3405,2021-06-28 18:09:38,52.323635,05
324,500,21.0379156,3406,2021-06-28 18:09:34,52.2690765,08
325,500,21.0424368,3408,2021-06-28 18:09:29,52.2961225,2
326,160,21.0437706,3409,2021-06-28 18:09:41,52.2759886,013
327,245,21.052936,3410,2021-06-28 18:09:22,52.276513,05
328,114,20.923093,3411,2021-06-28 18:09:21,52.277851,011
329,500,20.983841,3413,2021-06-28 18:09:23,52.255004,1
330,190,21.080614,3414,2021-06-28 18:09:34,52.293407,027
331,114,20.992908,3415,2021-06-28 18:09:39,52.286378,09
332,114,20.9966355,3416,2021-06-28 18:09:38,52.2710473,010
333,738,21.0878993,3417,2021-06-28 18:09:36,52.302108,3
334,738,21.0528423,3418,2021-06-28 18:09:37,52.276642,4
335,190,21.0752605,3421,2021-06-28 18:09:38,52.2866715,021
336,500,21.042032,3422,2021-06-28 18:09:37,52.3003483,4
337,185,21.0280358,3423,2021-06-28 18:09:32,52.1422725,10
338,512,21.0519528,3424,2021-06-28 18:09:26,52.2528873,2
339,512,21.061058,3426,2021-06-28 18:09:37,52.2696721,3
340,169,21.049859,3427,2021-06-28 18:09:28,52.252363,2
341,185,21.0384055,3428,2021-06-28 18:09:35,52.1686806,7
342,500,20.9978,3429,2021-06-28 18:09:36,52.2585733,6
343,169,21.0424236,3430,2021-06-28 18:09:28,52.2851493,3
344,112,20.912424,3431,2021-06-28 18:09:28,52.251575,3
345,Z26,21.0299295,3432,2021-06-28 18:09:38,52.252619,1
346,Z26,20.979311,3434,2021-06-28 18:09:31,52.236811,6
347,175,20.9738533,3435,2021-06-28 18:09:32,52.1706241,55
348,509,20.9531135,3437,2021-06-28 18:09:34,52.3181976,5
349,132,20.968648,3438,2021-06-28 18:09:34,52.2719981,06
350,738,21.1547473,3439,2021-06-28 18:09:20,52.3831418,1
351,414,21.021871,3440,2021-06-28 18:09:36,52.286601,07
352,512,21.074888,3441,2021-06-28 18:09:35,52.286366,5
353,500,20.9820258,3442,2021-06-28 18:09:31,52.2532196,7
354,509,21.1014643,3443,2021-06-28 18:09:34,52.2232641,11
355,245,21.1157398,3444,2021-06-28 18:09:37,52.2781443,04
356,145,21.12832,3445,2021-06-28 18:09:31,52.2528483,8
357,509,21.032698,3446,2021-06-28 18:09:35,52.25525,14
358,162,21.0275135,3447,2021-06-28 18:09:32,52.2597151,6
359,190,20.9144896,3448,2021-06-28 18:09:37,52.2290178,2
360,112,21.0186245,3449,2021-06-28 18:09:39,52.2953185,9
361,112,20.914491,3450,2021-06-28 18:09:30,52.228921,12
362,114,21.043474,3451,2021-06-28 09:14:51,52.2654126,09
363,145,21.0864238,3452,2021-06-28 18:09:37,52.2865656,015
364,527,21.050625,3453,2021-06-28 18:09:31,52.2694855,2
365,190,20.8988346,3454,2021-06-28 18:09:35,52.2388185,1
366,145,21.1266226,3455,2021-06-28 18:09:37,52.2342456,5
367,509,20.9662758,3458,2021-06-28 18:09:35,52.3187875,355
368,245,21.1301891,3459,2021-06-28 18:09:35,52.2875126,1
369,190,21.0348576,3460,2021-06-28 18:09:39,52.254786,022
370,114,20.92397,3462,2021-06-28 18:09:33,52.281018,2
371,190,21.0750906,3463,2021-06-28 18:09:38,52.286551,6
372,500,21.0429481,3464,2021-06-28 18:08:53,52.2747161,5
373,114,21.0407006,3465,2021-06-28 18:09:38,52.2893695,6
374,112,20.883102,3466,2021-06-28 18:09:31,52.2148555,1
375,509,21.05401,3467,2021-06-28 18:09:35,52.238599,022
376,245,21.0531275,3468,2021-06-28 18:09:35,52.2764141,03
377,114,20.9633868,3469,2021-06-28 18:09:25,52.2665611,7
378,L17,20.955103,36442,2021-06-28 18:09:42,51.940285,02
379,L19,21.029413,36443,2021-06-28 17:49:33,52.07513,1
380,L17,21.029514,36444,2021-06-28 18:09:39,52.074585,1
381,L19,21.040773,36445,2021-06-28 18:09:39,51.952309,02
382,L30,21.217979,36446,2021-06-28 18:09:38,51.965565,1
383,L28,21.130157,36447,2021-06-28 18:09:40,52.093498,1
384,L30,21.09676,36448,2021-06-28 18:09:40,51.971916,02
385,L42,21.116213,37531,2021-06-28 18:09:39,52.102669,52
386,L21,21.210352,37533,2021-06-28 18:09:40,51.993576,1
387,L16,21.142691,37534,2021-06-28 18:09:38,52.125347,1
388,L14,21.165071,37535,2021-06-28 18:09:38,52.097427,1
389,L15,21.153217,37536,2021-06-28 18:09:39,52.061462,51
390,L39,21.02459,38541,2021-06-28 18:09:38,52.075348,4
391,L23,21.029478,38544,2021-06-28 18:09:37,52.073936,052
392,L39,21.024151,38545,2021-06-28 18:09:36,52.062855,3
393,L32,21.022263,38546,2021-06-28 18:09:36,52.067303,1
394,L39,21.004555,38547,2021-06-28 05:46:58,52.110222,1
395,L39,21.02968,38548,2021-06-28 18:09:36,52.097031,2
396,L23,21.028053,38549,2021-06-28 18:09:38,52.067959,51
397,L52,21.021259,38550,2021-06-28 18:09:32,52.066563,1
398,L-2,21.023731,39551,2021-06-28 18:09:34,52.075096,062
399,L-2,20.950218,39552,2021-06-28 18:09:40,52.015923,063
400,L25,21.132391,39554,2021-06-28 18:09:41,51.969711,02
401,L25,21.062971,39555,2021-06-28 18:09:34,52.051624,1
402,L12,21.026234,39556,2021-06-28 18:09:33,52.069901,061
403,L12,21.029442,39557,2021-06-28 18:09:42,52.075405,64
404,L12,20.903213,39558,2021-06-28 18:09:39,52.017006,65
405,L13,21.040602,39560,2021-06-28 18:09:40,52.026672,1
406,L13,21.126497,39561,2021-06-28 18:09:41,52.022526,03
407,L13,21.029297,39562,2021-06-28 18:09:41,52.075558,2
408,L-5,20.979557,39565,2021-06-28 18:09:40,52.06036,1
409,255,20.954073,4200,2021-06-28 18:09:37,52.2276,2
410,703,20.916922,4202,2021-06-28 18:09:36,52.150669,52
411,197,20.975767,4205,2021-06-28 18:09:38,52.289749,2
412,902,20.9223249,4206,2021-06-28 16:30:27,52.1964574,M1
413,255,20.9311297,4207,2021-06-28 18:09:40,52.2251455,03
414,154,20.9410039,4209,2021-06-28 18:09:40,52.2340422,4
415,178,20.8964582,4210,2021-06-28 18:09:40,52.1853694,011
416,154,20.96048,4211,2021-06-28 18:09:36,52.217712,010
417,711,20.803432,4212,2021-06-28 18:09:38,52.091763,063
418,154,20.9242699,4213,2021-06-28 18:09:39,52.2405239,1
419,154,20.9632177,4214,2021-06-28 18:09:40,52.1960402,8
420,711,20.9277329,4215,2021-06-28 18:09:39,52.1612502,061
421,122,20.9240036,4216,2021-06-28 18:09:40,52.2640172,3
422,197,20.974129,4217,2021-06-28 18:09:36,52.286522,3
423,197,20.948208,4218,2021-06-28 18:09:39,52.276943,1
424,255,20.952293,4219,2021-06-28 18:09:40,52.227726,1
425,197,20.943533,4221,2021-06-28 18:09:40,52.239235,10
426,129,20.9134804,4224,2021-06-28 18:09:38,52.2094374,2
427,121,20.935804,4225,2021-06-28 18:09:37,52.290596,03
428,197,20.93788,4227,2021-06-28 18:09:36,52.225449,5
429,154,20.944897,4228,2021-06-28 18:09:40,52.176178,6
430,902,21.042669,4229,2021-06-28 18:09:39,52.242867,M2
431,154,20.951576,4230,2021-06-28 18:09:38,52.183559,7
432,178,20.895773,4231,2021-06-28 18:09:39,52.1857266,9
433,178,20.948469,4232,2021-06-28 18:09:37,52.209694,7
434,714,20.845209,4233,2021-06-28 18:09:38,52.250786,3
435,729,20.745171,4234,2021-06-28 18:09:40,52.254227,02
436,714,20.9501407,4235,2021-06-28 18:09:40,52.238662,2
437,L-3,20.843565,42362,2021-06-28 18:09:38,52.030399,02
438,154,20.981369,4237,2021-06-28 18:09:39,52.19088,5
439,154,20.898481,4238,2021-06-28 18:09:39,52.258446,3
440,178,20.958263,4239,2021-06-28 18:09:40,52.227905,8
441,154,20.961611,4240,2021-06-28 18:09:38,52.216248,011
442,714,20.9549952,4241,2021-06-28 18:09:39,52.2379736,04
443,154,20.897743,4242,2021-06-28 18:09:38,52.258934,2
444,154,20.897961,4243,2021-06-28 18:09:39,52.247597,09
445,901,21.0072624,4244,2021-06-28 18:09:40,52.2350069,1
446,901,21.011326,4246,2021-06-28 18:09:40,52.230206,3
447,714,20.843208,4247,2021-06-28 18:09:38,52.250751,1
448,729,20.937252,4248,2021-06-28 18:09:38,52.239708,1
449,121,20.923178,4249,2021-06-28 18:09:35,52.276821,2
450,L-1,20.926037,42494,2021-06-28 18:09:41,52.065193,1
451,L-4,21.0165,42495,2021-06-28 06:12:56,52.098907,2
452,L-3,21.004498,42500,2021-06-28 18:09:40,52.082672,1
453,146,21.1288713,4303,2021-06-28 18:09:39,52.1866786,06
454,119,21.1650587,4304,2021-06-28 18:09:40,52.2044186,07
455,117,21.1007109,4305,2021-06-28 18:09:37,52.2223129,4
456,147,21.0523267,4307,2021-06-28 18:09:40,52.2502979,010
457,142,21.1339251,4308,2021-06-28 18:09:40,52.2060889,08
458,198,21.2229306,4309,2021-06-28 18:09:37,52.2229446,04
459,702,21.2628994,4312,2021-06-28 18:09:40,52.1080906,1
460,105,16.9750897,4332,2021-06-26 13:35:37,52.5472771,4
461,N72,16.9763326,4333,2021-06-28 15:21:54,52.5456077,215
462,240,21.1189907,4400,2021-06-28 18:09:40,52.3383229,1
463,132,21.051636,4401,2021-06-28 18:09:37,52.305458,09
464,126,20.997608,4402,2021-06-28 18:09:39,52.3120767,2
465,120,21.051264,4403,2021-06-28 18:09:37,52.252617,5
466,166,21.041916,4404,2021-06-28 18:09:39,52.25005,3
467,156,21.062954,4406,2021-06-28 18:09:36,52.256924,2
468,122,20.987196,4407,2021-06-28 18:09:40,52.269123,010
469,134,21.0615914,4408,2021-06-28 18:09:39,52.3058131,05
470,106,21.027731,4409,2021-06-28 18:09:34,52.238888,1
471,199,21.052938,4411,2021-06-28 18:09:40,52.276489,3
472,173,21.243469,4413,2021-06-28 18:09:39,52.225742,2
473,106,20.965935,4415,2021-06-28 18:09:40,52.23362,2
474,106,21.004366,4416,2021-06-28 18:09:36,52.237713,07
475,170,21.028456,4417,2021-06-28 18:09:40,52.259918,2
476,106,20.965845,4418,2021-06-28 18:09:36,52.24334,3
477,120,21.050381,4419,2021-06-28 18:09:40,52.290939,7
478,901,21.0035584,4420,2021-06-28 18:09:39,52.2295155,4
479,126,21.055105,4421,2021-06-28 18:09:39,52.296635,1
480,338,21.041803,4422,2021-06-28 18:09:39,52.253819,02
481,106,21.020628,4423,2021-06-28 18:09:38,52.243111,5
482,901,21.033873,4424,2021-06-28 18:09:39,52.2267522,2
483,156,20.998463,4425,2021-06-28 18:09:35,52.28894,5
484,166,21.033575,4427,2021-06-28 18:09:38,52.203949,4
485,156,20.9280485,4428,2021-06-28 18:09:39,52.290861,4
486,303,20.974308,4429,2021-06-28 18:09:38,52.26561,2
487,106,20.983547,4430,2021-06-28 18:09:38,52.233532,08
488,338,21.039991,4434,2021-06-28 18:09:40,52.253223,03
489,122,20.9199872,5200,2021-06-28 18:09:36,52.2645811,08
490,171,20.9700161,5201,2021-06-28 18:09:38,52.2367594,8
491,517,20.9516881,5202,2021-06-28 18:09:37,52.2118835,09
492,523,20.964981,5203,2021-06-28 18:09:31,52.217736,020
493,401,20.899896,5204,2021-06-28 18:09:27,52.194859,013
494,105,20.8967078,5205,2021-06-28 18:09:29,52.2321092,5
495,131,21.0617624,5206,2021-06-28 18:09:33,52.1884796,2
496,182,21.0814812,5207,2021-06-28 18:09:34,52.235796,011
497,517,21.0043569,5208,2021-06-28 18:09:32,52.2342878,2
498,184,20.964038,5210,2021-06-28 18:09:33,52.217483,2
499,105,20.96975,5211,2021-06-28 18:09:35,52.228765,09
500,523,21.0848044,5212,2021-06-28 18:09:38,52.2441481,015
501,Z10,20.9247684,5213,2021-06-28 18:09:37,52.2606488,1
502,184,20.9478484,5214,2021-06-28 18:09:30,52.2358551,1
503,523,20.9529708,5215,2021-06-28 18:09:36,52.238086,7
504,131,21.0139455,5216,2021-06-28 18:09:31,52.2264732,8
505,189,20.9220571,5217,2021-06-28 16:49:01,52.1957361,11
506,122,20.9453374,5218,2021-06-28 18:09:37,52.2659389,011
507,401,20.8618668,5219,2021-06-28 18:09:34,52.1904694,6
508,124,20.9388577,5222,2021-06-28 18:09:32,52.1716948,1
509,190,21.0304539,5223,2021-06-28 18:09:34,52.2528539,7
510,517,20.898125,5224,2021-06-28 18:09:32,52.195473,4
511,523,20.9635724,5225,2021-06-28 18:09:32,52.2169711,6
512,401,20.9361327,5226,2021-06-28 18:09:29,52.1943284,4
513,189,21.0688436,5227,2021-06-28 18:09:32,52.1813036,024
514,124,20.9650844,5228,2021-06-28 18:09:30,52.1516856,2
515,131,21.012471,5229,2021-06-28 18:09:19,52.228299,5
516,523,21.0142461,5230,2021-06-28 18:09:32,52.2168085,016
517,189,20.9853333,5232,2021-06-28 18:09:33,52.1816188,7
518,148,21.0338106,5233,2021-06-28 18:09:36,52.1485045,011
519,105,20.932143,5234,2021-06-28 18:09:24,52.223928,011
520,105,20.9590927,5235,2021-06-28 18:09:32,52.2279289,3
521,517,20.9777286,5236,2021-06-28 18:09:37,52.217618,1
522,171,21.0438602,5237,2021-06-28 18:09:30,52.222784,6
523,401,20.8707319,5238,2021-06-28 18:09:30,52.198407,7
524,182,21.113121,5239,2021-06-28 18:09:26,52.236235,9
525,184,20.9687004,5240,2021-06-28 18:09:35,52.214235,3
526,187,20.8836146,5241,2021-06-28 18:09:30,52.195904,8
527,190,20.8967598,5243,2021-06-28 18:09:36,52.2307383,011
528,189,21.0099409,5244,2021-06-28 18:09:28,52.1748861,018
529,105,20.8989291,5245,2021-06-28 18:09:33,52.2387533,6
530,148,21.0841013,5246,2021-06-28 18:09:38,52.2445159,012
531,716,20.8380477,5247,2021-06-28 18:09:32,52.1927619,1
532,141,20.9968097,5248,2021-06-28 18:09:33,52.1961495,7
533,317,20.9436329,5249,2021-06-28 18:09:32,52.1759056,2
534,188,21.0223252,5250,2021-06-28 18:09:38,52.2185018,3
535,187,20.9967408,5251,2021-06-28 18:09:36,52.2168826,1
536,189,20.8991449,5253,2021-06-28 18:09:38,52.2386335,020
537,401,21.0266118,5254,2021-06-28 18:09:36,52.1703066,010
538,190,21.07066,5255,2021-06-28 18:09:21,52.281098,016
539,148,21.0485045,5256,2021-06-28 18:09:37,52.193828,1
540,716,20.930489,5257,2021-06-28 18:09:34,52.225065,2
541,188,20.9889019,5258,2021-06-28 18:09:31,52.2133858,4
542,105,20.897196,5260,2021-06-28 18:08:53,52.225,08
543,723,20.925217,5401,2021-06-28 18:09:39,52.390457,3
544,185,20.9758,5403,2021-06-28 18:09:40,52.289688,3
545,145,21.1273859,5404,2021-06-28 18:09:39,52.2570812,4
546,269,21.042004,5405,2021-06-28 18:09:36,52.285149,05
547,509,21.0469777,5406,2021-06-28 18:09:38,52.2477959,13
548,120,21.050173,5407,2021-06-28 18:09:38,52.361126,2
549,527,21.048788,5408,2021-06-28 18:09:39,52.28944,054
550,E-9,20.977505,5409,2021-06-28 18:09:37,52.278942,01
551,731,21.0008,5410,2021-06-28 18:09:38,52.2912,1
552,723,20.924629,5412,2021-06-28 18:09:39,52.391758,4
553,705,21.0698807,5413,2021-06-28 18:09:38,52.4740724,66
554,511,20.9426339,5414,2021-06-28 18:09:40,52.3486154,1
555,723,20.97402,5416,2021-06-28 18:09:37,52.318611,1
556,E-9,20.968082,5417,2021-06-28 18:09:39,52.272053,02
557,511,20.9750979,5418,2021-06-28 18:09:38,52.3159205,2
558,120,21.061857,5419,2021-06-28 18:09:39,52.308743,3
559,160,21.059135,5420,2021-06-28 18:09:37,52.302956,5
560,511,20.92795,5421,2021-06-28 18:09:40,52.291405,3
561,160,21.059994,5423,2021-06-28 18:09:35,52.269241,012
562,511,20.9364149,5424,2021-06-28 18:09:39,52.299498,06
563,116,21.015783,5425,2021-06-28 18:09:39,52.241501,4
564,116,20.929159,5426,2021-06-28 18:09:35,52.279808,11
565,527,21.060722,5428,2021-06-28 18:09:39,52.310196,1
566,731,20.954252,5429,2021-06-28 18:09:39,52.340992,2
567,145,21.000534,5430,2021-06-28 18:09:19,52.291879,11
568,160,21.0516157,5432,2021-06-28 18:09:39,52.2920269,7
569,414,21.0422154,5434,2021-06-28 18:09:39,52.3002027,08
570,527,21.059498,5436,2021-06-28 18:09:39,52.316631,3
571,705,21.034374,5437,2021-06-28 18:09:39,52.432434,1
572,731,20.9376056,5438,2021-06-28 18:09:39,52.4126794,4
573,738,21.18144,5439,2021-06-28 18:09:38,52.417271,2
574,735,21.011681,5441,2021-06-28 18:09:37,52.453876,64
575,160,21.0036774,5443,2021-06-28 18:09:38,52.2319152,2
576,E-9,21.0665916,5444,2021-06-28 18:09:39,52.3213157,04
577,705,21.048461,5445,2021-06-28 03:52:31,52.264575,65
578,735,21.02857,5446,2021-06-28 18:09:38,52.326683,62
579,114,20.935021,5447,2021-06-28 18:09:39,52.3050674,08
580,735,20.96813,5448,2021-06-28 18:09:39,52.272022,63
581,160,21.002743,5449,2021-06-28 18:09:38,52.229294,3
582,511,20.92063,5453,2021-06-28 18:09:39,52.282745,4
583,160,21.0037657,5454,2021-06-28 18:09:39,52.2450835,09
584,169,21.041859,5455,2021-06-28 18:09:39,52.300213,4
585,269,21.0419267,5457,2021-06-28 18:09:40,52.3004927,04
586,180,20.925278,5459,2021-06-28 18:09:39,52.282028,016
587,705,21.020075,5460,2021-06-28 18:09:40,52.31892,65
588,175,21.006956,5870,2021-06-28 18:09:38,52.228767,53
589,175,21.0160685,5871,2021-06-28 18:09:40,52.2410391,59
590,503,21.002518,5873,2021-06-28 18:09:38,52.254784,1
591,175,20.988167,5874,2021-06-28 18:09:39,52.211681,58
592,138,20.997591,5875,2021-06-28 18:09:38,52.185966,011
593,331,20.998087,5876,2021-06-28 18:09:39,52.187302,01
594,180,20.9326481,5877,2021-06-28 18:09:38,52.2711074,017
595,709,21.02356,5878,2021-06-28 18:09:39,52.183048,013
596,175,21.0027372,5880,2021-06-28 18:09:40,52.2281074,070
597,503,21.04019,5881,2021-06-28 18:09:37,52.171478,5
598,175,20.978184,5882,2021-06-28 18:09:37,52.169441,56
599,180,20.977495,5883,2021-06-28 18:09:39,52.253613,10
600,503,20.998091,5885,2021-06-28 18:03:22,52.18679,5
601,180,21.039104,5886,2021-06-28 18:09:37,52.206753,13
602,128,20.96373,5887,2021-06-28 18:09:37,52.207737,074
603,175,20.978268,5888,2021-06-28 18:09:37,52.169464,069
604,180,20.925003,5889,2021-06-28 18:09:38,52.272411,8
605,128,20.985226,5890,2021-06-28 18:09:37,52.201637,62
606,180,20.937855,5891,2021-06-28 18:09:40,52.270493,7
607,504,20.999691,5892,2021-06-28 18:09:36,52.183399,010
608,503,21.019304,5893,2021-06-28 18:09:37,52.233608,3
609,128,21.012959,5894,2021-06-28 18:09:37,52.243248,066
610,503,21.002342,5895,2021-06-28 18:09:38,52.254742,12
611,503,21.004259,5897,2021-06-28 18:09:40,52.250053,2
612,128,21.013903,5898,2021-06-28 18:09:37,52.240711,071
613,128,21.018024,5899,2021-06-28 18:09:37,52.236736,51
614,158,21.117792,5900,2021-06-28 18:09:35,52.233635,5
615,175,21.012871,5902,2021-06-28 18:09:37,52.242996,52
616,158,21.011221,5903,2021-06-28 18:09:40,52.229549,8
617,503,21.035456,5905,2021-06-28 18:09:38,52.167812,8
618,128,20.963491,5906,2021-06-28 18:09:39,52.20779,63
619,503,21.051622,5907,2021-06-28 18:09:39,52.145504,7
620,175,20.982559,5908,2021-06-28 18:09:36,52.193954,068
621,175,21.018389,5909,2021-06-28 18:09:40,52.2356085,067
622,128,20.969372,5910,2021-06-28 18:09:39,52.206638,073
623,111,21.10253,5911,2021-06-28 18:09:38,52.222061,4
624,116,20.961704,5913,2021-06-28 18:09:35,52.275627,12
625,175,20.9898992,5915,2021-06-28 18:09:40,52.2197537,54
626,128,21.014828,5918,2021-06-28 18:09:39,52.230423,60
627,158,20.950069,5920,2021-06-28 18:09:37,52.211666,1
628,116,21.024164,5921,2021-06-28 18:09:39,52.223747,15
629,175,21.1163987,5923,2021-06-28 10:17:16,52.2339737,072
630,116,21.068275,5924,2021-06-28 18:09:37,52.169846,17
631,116,21.046175,5926,2021-06-28 18:09:40,52.190754,3
632,158,21.086306,5927,2021-06-28 18:09:37,52.237782,7
633,116,21.0168007,5928,2021-06-28 18:09:30,52.2399067,5
634,175,20.979517,5929,2021-06-28 18:09:36,52.186424,57
635,158,20.978935,5930,2021-06-28 18:09:37,52.221924,9
636,158,21.072008,5931,2021-06-28 18:09:39,52.241642,3
637,116,20.997721,5932,2021-06-28 18:09:35,52.253727,6
638,111,21.0088509,5933,2021-06-28 18:09:35,52.2440802,2
639,158,21.006107,5934,2021-06-28 18:09:35,52.228806,4
640,503,21.005714,5935,2021-06-28 18:09:40,52.248875,11
641,503,21.023985,5936,2021-06-28 18:09:39,52.224285,10
642,111,20.979439,5937,2021-06-28 18:09:38,52.244461,10
643,158,20.949289,5939,2021-06-28 18:09:40,52.21162,2
644,175,21.012783,5942,2021-06-28 18:09:38,52.243195,072
645,111,21.0607,5943,2021-06-28 18:09:38,52.2326,7
646,158,21.117674,5945,2021-06-28 18:09:38,52.233833, 
647,111,21.018,5946,2021-06-28 18:09:36,52.2374,8
648,111,21.10228,5947,2021-06-28 18:09:38,52.22216,5
649,503,21.05002,5948,2021-06-28 18:09:38,52.144558,013
650,503,21.0468249,5950,2021-06-28 18:09:39,52.1904934,4
651,180,21.083786,5951,2021-06-28 18:09:37,52.16835,2
652,518,20.97327,5952,2021-06-28 18:09:37,52.319515,7
653,160,21.0029242,5954,2021-06-28 18:09:39,52.2293264,010
654,160,21.037256,5956,2021-06-28 18:09:39,52.268543,013
655,111,21.078299,5958,2021-06-28 18:09:39,52.226124,011
656,160,21.054327,5959,2021-06-28 18:09:36,52.275753,08
657,111,21.049965,5960,2021-06-28 18:09:36,52.237968,3
658,190,21.047834,5961,2021-06-28 18:09:39,52.263596,024
659,116,20.993246,5962,2021-06-28 18:09:35,52.26165,13
660,111,20.979122,5963,2021-06-28 18:09:38,52.244362,1
661,518,21.018009,5964,2021-06-28 18:09:36,52.236576,3
662,518,20.942112,5965,2021-06-28 18:09:38,52.334381,08
663,518,21.019552,5966,2021-06-28 18:09:39,52.233322,2
664,160,20.997747,5967,2021-06-28 18:09:40,52.233006,011
665,180,21.005114,5970,2021-06-28 18:09:39,52.249294,11
666,518,20.974743,5972,2021-06-28 18:09:38,52.271389,1
667,E-9,20.993246,5973,2021-06-28 18:09:38,52.286465,03
668,518,20.985682,5975,2021-06-28 18:09:40,52.268558,4
669,180,21.01153,5976,2021-06-28 18:09:32,52.246552,6
670,503,21.045631,5978,2021-06-28 18:09:38,52.185352,9
671,503,21.045691,5979,2021-06-28 18:09:38,52.149841,6
672,111,21.079729,5980,2021-06-28 18:09:40,52.226154,6
673,705,20.969072,5981,2021-06-28 18:09:36,52.272366,07
674,111,20.994614,5982,2021-06-28 18:09:37,52.24881,9
675,128,20.9886,5983,2021-06-28 18:09:39,52.2249,65
676,180,21.046461,5984,2021-06-28 18:09:39,52.206814,4
677,180,21.064816,5985,2021-06-28 18:09:39,52.186119,14
678,180,21.018023,5986,2021-06-28 18:09:30,52.236904,12
679,180,20.924824,5987,2021-06-28 18:09:40,52.27256,9
680,180,21.083906,5988,2021-06-28 18:09:40,52.167988,1
681,116,21.084152,5989,2021-06-28 18:09:40,52.167812,1
682,705,21.035593,5990,2021-06-28 18:09:37,52.421444,08
683,116,21.076077,5991,2021-06-28 18:09:36,52.167866,2
684,518,20.942087,5994,2021-06-28 18:09:36,52.334572,6
685,116,20.972723,5995,2021-06-28 18:09:37,52.271618,7
686,116,21.0477,5996,2021-06-28 18:09:39,52.1896,16
687,116,20.9231389,5997,2021-06-28 18:09:38,52.2759724,10
688,518,20.961128,5998,2021-06-28 18:09:40,52.316532,5
689,116,20.924957,5999,2021-06-28 18:09:39,52.272331,8
690,184,20.93808,6200,2021-06-28 18:09:38,52.275028,7
691,112,20.912891,6201,2021-06-28 18:09:40,52.23975,11
692,187,20.862017,6203,2021-06-28 18:09:36,52.191025,9
693,167,21.0195309,6204,2021-06-28 18:09:39,52.2096454,013
694,728,20.889856,6207,2021-06-28 18:09:39,52.11132,02
695,Z10,20.925743,6208,2021-06-28 18:09:38,52.222321,7
696,703,20.832344,6209,2021-06-28 18:09:39,52.081211,91
697,414,20.97612,6210,2021-06-28 18:09:39,52.21093,04
698,713,20.930193,6212,2021-06-28 18:09:40,52.224888,3
699,414,20.9634517,6213,2021-06-28 18:09:38,52.215816,03
700,184,20.925343,6214,2021-06-28 18:09:35,52.247173,5
701,191,20.9834267,6215,2021-06-28 18:09:40,52.2181584,6
702,105,20.899052,6216,2021-06-28 18:09:38,52.238766,7
703,167,21.0479097,6217,2021-06-28 18:09:38,52.2071071,1
704,105,20.898794,6218,2021-06-28 18:09:38,52.238819,010
705,136,20.982563,6220,2021-06-28 18:09:39,52.195026,4
706,189,20.898663,6221,2021-06-28 18:09:39,52.239433,13
707,187,20.965288,6222,2021-06-28 18:09:40,52.217609,5
708,105,20.896957,6223,2021-06-28 18:09:38,52.220165,4
709,517,20.915012,6224,2021-06-28 18:09:40,52.199642,6
710,717,20.9235795,6225,2021-06-28 18:09:40,52.1930282,2
711,716,20.896477,6226,2021-06-28 18:09:40,52.202747,3
712,188,21.0843276,6227,2021-06-28 18:09:39,52.2442437,1
713,190,20.9492457,6228,2021-06-28 18:09:39,52.2387239,3
714,187,20.9592429,6229,2021-06-28 18:09:38,52.2155499,6
715,706,20.91539,6231,2021-06-28 18:09:40,52.149639,03
716,190,20.906996,6232,2021-06-28 18:09:37,52.228317,9
717,191,20.937332,6233,2021-06-28 18:09:39,52.202274,4
718,414,20.95093,6234,2021-06-28 18:09:40,52.259449,02
719,112,20.9315476,6236,2021-06-28 18:09:40,52.2665749,10
720,114,21.0396357,6237,2021-06-28 18:09:40,52.2882057,4
721,728,20.886131,6239,2021-06-28 18:09:39,52.103153,1
722,414,21.021824,6240,2021-06-28 18:09:40,52.286312,01
723,517,20.883591,6241,2021-06-28 18:09:37,52.190624,5
724,182,21.026051,6242,2021-06-28 18:09:37,52.219685,7
725,706,20.942945,6243,2021-06-28 18:09:35,52.175598,2
726,L29,20.462868,65471,2021-06-28 18:09:36,52.267834,1
727,L-6,20.863449,66524,2021-06-28 18:09:33,52.274948,02
728,L-6,20.796341,66525,2021-06-28 18:09:41,52.267879,1
729,190,20.898846,7200,2021-06-28 18:09:38,52.238976,10
730,189,21.04051,7201,2021-06-28 18:09:40,52.170898,6
731,112,20.9567661,7202,2021-06-28 18:09:40,52.2760849,019
732,141,21.101021,7203,2021-06-28 18:09:38,52.240601,4
733,317,20.9521239,7204,2021-06-28 18:09:38,52.1840229,07
734,131,21.01206,7205,2021-06-28 18:09:34,52.22998,011
735,523,20.914185,7206,2021-06-28 18:09:39,52.23914,10
736,189,20.9117547,7207,2021-06-28 18:09:39,52.2287499,019
737,414,20.957628,7208,2021-06-28 18:09:39,52.24617,06
738,721,20.943132,7212,2021-06-28 18:09:40,52.175701,02
739,112,20.9873312,7213,2021-06-28 18:09:39,52.2838647,5
740,191,20.8844539,7214,2021-06-28 18:09:39,52.1894631,2
741,112,21.042213,7215,2021-06-28 18:09:39,52.295471,8
742,713,20.786861,7216,2021-06-28 18:09:40,52.210651,2
743,189,20.9160742,7219,2021-06-28 18:09:40,52.205147,022
744,517,20.9488094,7220,2021-06-28 18:09:39,52.2094594,09
745,187,20.957203,7222,2021-06-28 18:09:39,52.215237,12
746,122,20.983545,7223,2021-06-28 18:09:40,52.27647,2
747,721,20.82975,7225,2021-06-28 18:09:38,52.055019,1
748,706,20.922153,7226,2021-06-28 18:09:39,52.155716,1
749,114,20.955822,7227,2021-06-28 18:09:40,52.268921,3
750,114,20.933622,7228,2021-06-28 18:09:36,52.305382,1
751,112,20.8974524,7229,2021-06-28 18:09:40,52.2276937,014
752,517,20.861828,7230,2021-06-28 18:09:39,52.190826,08
753,713,20.799511,7231,2021-06-28 18:09:39,52.210361,04
754,717,20.8407252,7232,2021-06-28 18:09:40,52.1916697,1
755,189,21.0688859,7233,2021-06-28 18:09:38,52.1813131,3
756,713,20.895308,7234,2021-06-28 18:09:40,52.2163067,1
757,187,20.873354,7235,2021-06-28 18:09:39,52.193428,10
758,184,20.9292532,7237,2021-06-28 18:09:40,52.2909789,6
759,141,21.101934,7238,2021-06-28 18:09:37,52.242222,5
760,189,20.963003,7239,2021-06-28 18:09:40,52.188797,16
761,184,20.92901,7240,2021-06-28 18:09:38,52.264404,8
762,317,21.041944,7241,2021-06-28 18:09:39,52.171146,5
763,141,20.978897,7242,2021-06-28 18:09:40,52.1845994,1
764,523,20.900154,7243,2021-06-28 18:09:39,52.260204,9
765,401,21.026281,7244,2021-06-28 18:09:40,52.171886,3
766,187,20.9111522,7245,2021-06-28 18:09:39,52.1964,7
767,190,20.914251,7247,2021-06-28 18:09:40,52.236286,017
768,188,20.9780969,7248,2021-06-28 18:09:39,52.1695251,5
769,171,20.9226722,7249,2021-06-28 18:09:39,52.2641949,3
770,317,21.019129,7250,2021-06-28 18:09:40,52.173584,3
771,105,20.929451,7251,2021-06-28 18:09:39,52.223377,2
772,167,20.9488157,7252,2021-06-28 18:09:40,52.2270699,4
773,122,20.976425,7254,2021-06-28 18:09:40,52.289906,1
774,191,20.9502942,7256,2021-06-28 18:09:37,52.2104512,8
775,190,20.9188939,7257,2021-06-28 18:09:39,52.239892,012
776,187,20.8976657,7258,2021-06-28 18:09:40,52.1974299,11
777,189,20.944107,7259,2021-06-28 18:09:39,52.193081,15
778,125,21.0835669,7301,2021-06-28 18:09:40,52.2453119,08
779,507,21.014065,7303,2021-06-28 18:09:40,52.229839,5
780,188,20.9796252,7304,2021-06-28 18:09:40,52.1745237,07
781,138,20.9959537,7305,2021-06-28 18:09:40,52.170123,4
782,151,21.097012,7306,2021-06-28 18:09:40,52.231106,04
783,509,21.021955,7307,2021-06-28 18:09:36,52.262882,7
784,138,21.047482,7308,2021-06-28 18:09:40,52.2472659,1
785,188,21.1288405,7310,2021-06-28 18:09:40,52.2396656,2
786,182,20.9649759,7312,2021-06-28 18:09:40,52.2180214,5
787,E-1,21.102325,7314,2021-06-28 18:09:40,52.222122,01
788,143,21.143993,7315,2021-06-28 18:09:38,52.260345,7
789,188,21.082565,7316,2021-06-28 18:09:39,52.24052,08
790,402,21.043764,7317,2021-06-28 18:09:36,52.174423,3
791,182,20.98597,7318,2021-06-28 18:09:39,52.216183,4
792,182,21.0062912,7319,2021-06-28 18:09:40,52.2172372,3
793,411,21.0787389,7320,2021-06-28 18:09:39,52.2261294,01
794,182,20.991106,7322,2021-06-28 18:09:40,52.216564,8
795,E-1,21.0970625,7323,2021-06-28 18:09:39,52.2240372,02
796,138,21.0035629,7325,2021-06-28 18:09:37,52.1707279,3
797,141,21.032843,7326,2021-06-28 18:09:38,52.201412,6
798,E-1,21.04318,7327,2021-06-28 18:09:39,52.246395,03
799,182,21.078417,7328,2021-06-28 18:09:37,52.234783,1
800,523,20.9168759,7329,2021-06-28 18:09:40,52.2394517,017
801,171,21.007462,7330,2021-06-28 18:09:40,52.237694,5
802,162,21.0352089,7331,2021-06-28 18:09:36,52.2559887,013
803,141,20.958843,7333,2021-06-28 18:09:38,52.189827,8
804,116,20.927307,7334,2021-06-28 18:09:40,52.280457,69
805,110,20.954109,742,2021-06-28 18:09:34,52.276367,1
806,750,20.868177,745,2021-06-28 18:09:34,52.35537,07
807,250,20.875122,746,2021-06-28 18:09:37,52.332027,1
808,850,20.630409,749,2021-06-28 18:09:38,52.379887,2
809,150,20.900438,750,2021-06-28 18:09:39,52.333038,1
810,750,20.923275,755,2021-06-28 18:09:41,52.312595,2
811,110,20.934998,757,2021-06-28 18:09:37,52.278435,3
812,150,20.846674,758,2021-06-28 18:09:39,52.341244,2
813,750,20.852551,761,2021-06-28 18:09:38,52.361832,4
814,750,20.714996,762,2021-06-28 18:07:20,52.392189,1
815,850,20.930775,763,2021-06-28 18:09:35,52.291523,1
816,151,21.0435101,7701,2021-06-28 18:09:40,52.2243239,1
817,411,21.1024771,7702,2021-06-28 18:09:40,52.2221029,04
818,402,21.051443,7703,2021-06-28 18:09:40,52.196655,7
819,151,21.0777112,7704,2021-06-28 18:09:40,52.2342896,05
820,150,20.8642135,772,2021-06-28 18:09:41,52.3596505,04
821,150,20.889415167,773,2021-06-28 18:09:37,52.340160333,05
822,150,20.928192,774,2021-06-28 18:09:38,52.290886,3
823,250,20.882395,775,2021-06-28 18:09:40,52.302094,3
824,250,20.930292,776,2021-06-28 18:09:40,52.292492,2
825,750,20.9355054,777,2021-06-28 18:09:39,52.2990332,3
826,143,21.1781796,8103,2021-06-28 18:09:35,52.2608048,011
827,167,20.9785506,8108,2021-06-28 18:09:33,52.2135606,8
828,217,21.0242161,8109,2021-06-28 18:09:34,52.1796776,2
829,174,20.997986,8110,2021-06-28 18:09:22,52.2328011,010
830,136,20.9567988,8112,2021-06-28 18:09:28,52.2379633,014
831,709,21.0187058,8115,2021-06-28 18:09:37,52.0984275,8
832,174,20.9996223,8119,2021-06-28 18:09:33,52.231346,6
833,136,20.9563046,8120,2021-06-28 18:09:30,52.2375098,7
834,143,21.006733,8121,2021-06-28 18:09:27,52.210836,09
835,504,21.056004,8123,2021-06-28 18:09:36,52.1312558,3
836,165,20.992331,8124,2021-06-28 18:09:20,52.164748,4
837,727,20.9437125,8125,2021-06-28 18:09:34,52.0368673,3
838,709,21.018718,8126,2021-06-28 18:09:28,52.1057461,014
839,402,21.156064,8130,2021-06-28 18:09:33,52.2402326,5
840,136,21.05625,8131,2021-06-28 18:09:30,52.1477103,012
841,148,21.0477143,8133,2021-06-28 18:09:38,52.1896146,5
842,402,20.9936873,8134,2021-06-28 18:09:36,52.1791705,9
843,167,21.0828216,8135,2021-06-28 18:09:35,52.2082316,9
844,162,21.0496568,8136,2021-06-28 18:09:30,52.2036383,08
845,162,21.030509,8137,2021-06-28 18:09:29,52.2304723,011
846,162,21.0271555,8138,2021-06-28 18:09:35,52.2598021,7
847,136,21.0269113,8139,2021-06-28 18:09:37,52.1634585,016
848,168,21.0907606,8140,2021-06-28 18:09:35,52.2218358,4
849,504,21.056423,8143,2021-06-28 18:09:26,52.131211,011
850,504,21.0687313,8144,2021-06-28 18:09:31,52.1289065,4
851,709,21.0266698,8145,2021-06-28 18:09:37,52.0763051,011
852,727,21.0191876,8146,2021-06-28 18:09:34,52.0920185,2
853,148,21.051126,8148,2021-06-28 18:09:21,52.159513,6
854,709,21.0245043,8152,2021-06-28 18:09:26,52.1799418,1
855,217,21.0394428,8153,2021-06-28 18:09:34,52.1762453,1
856,136,20.972536,8154,2021-06-28 18:09:31,52.212454,8
857,131,21.0602215,8155,2021-06-28 18:09:33,52.1901213,9
858,709,21.012898,8156,2021-06-28 18:09:32,52.072282,6
859,308,21.0027751,8158,2021-06-28 18:09:35,52.189033,01
860,136,20.9692765,8160,2021-06-28 18:09:25,52.2135895,5
861,504,20.984316,8162,2021-06-28 18:09:33,52.1990101,1
862,331,21.0200536,8165,2021-06-28 18:09:33,52.1729648,03
863,709,20.998056,8166,2021-06-28 18:09:33,52.18323,9
864,148,21.0933598,8167,2021-06-28 18:09:37,52.2263751,4
865,218,21.0233498,8168,2021-06-28 18:09:34,52.1946348,3
866,504,21.0685215,8169,2021-06-28 18:09:34,52.1291645,5
867,131,21.047713,8170,2021-06-28 18:09:37,52.20717,1
868,167,21.0255003,8172,2021-06-28 18:09:31,52.2098126,010
869,143,21.118206,8173,2021-06-28 18:09:35,52.238226,010
870,218,21.0236121,8174,2021-06-28 18:09:30,52.1798831,1
871,727,21.0243305,8175,2021-06-28 18:09:30,52.0797195,4
872,709,21.0178523,8176,2021-06-28 18:09:27,52.1480156,3
873,143,21.0499853,8177,2021-06-28 18:09:33,52.2255978,5
874,138,21.0945761,8178,2021-06-28 18:09:35,52.26514,7
875,709,21.021861,8181,2021-06-28 18:09:30,52.0835273,7
876,136,21.0297205,8182,2021-06-28 18:09:37,52.1531166,2
877,218,21.021268,8183,2021-06-28 18:09:28,52.189695,4
878,131,21.0041051,8184,2021-06-28 18:09:34,52.2297476,6
879,143,21.1768886,8185,2021-06-28 18:09:37,52.2569383,8
880,217,21.0778038,8187,2021-06-28 18:09:28,52.1570001,4
881,185,21.021953,8188,2021-06-28 18:09:38,52.142605,9
882,504,20.9838135,8189,2021-06-28 18:09:37,52.199086,7
883,709,21.0224283,8190,2021-06-28 18:09:37,52.0832298,5
884,131,21.0841235,8192,2021-06-28 18:09:35,52.1679748,4
885,504,21.0136468,8195,2021-06-28 18:09:32,52.1680731,2
886,504,21.002325,8196,2021-06-28 18:09:35,52.2277695,013
887,218,20.994064,8197,2021-06-28 18:09:25,52.1832016,2
888,331,21.002143,8198,2021-06-28 18:09:34,52.1889295,02
889,174,21.014708,8199,2021-06-28 18:09:37,52.183484,4
890,402,21.134692,8201,2021-06-28 18:09:33,52.2414136,4
891,151,21.115749,8202,2021-06-28 10:44:07,52.233741,05
892,151,21.1175305,8204,2021-06-28 10:20:01,52.2338373,06
893,151,21.104994,8208,2021-06-28 18:09:23,52.230243,2
894,521,20.9640496,8214,2021-06-28 18:09:36,52.2078213,1
895,125,21.1414965,8216,2021-06-28 18:09:38,52.2278616,2
896,182,20.9632078,8218,2021-06-28 18:09:31,52.2168078,013
897,509,21.084481,8220,2021-06-28 18:09:33,52.225921,023
898,182,21.0188368,8222,2021-06-28 18:09:34,52.2177546,2
899,509,21.011192,8223,2021-06-28 18:09:12,52.279551,024
900,151,21.01518,8225,2021-06-28 18:09:20,52.217649,06
901,509,21.100168,8228,2021-06-28 18:09:23,52.226226,10
902,521,21.0610636,8229,2021-06-28 18:09:32,52.2400905,2
903,523,20.956144,8231,2021-06-28 18:09:36,52.237318,021
904,162,21.0369378,8233,2021-06-28 18:09:31,52.2520048,014
905,145,21.0939768,8300,2021-06-28 18:09:21,52.2862896,2
906,145,21.1077461,8301,2021-06-28 18:09:30,52.2869681,9
907,509,20.9422578,8303,2021-06-28 18:09:38,52.3345105,3
908,171,21.043298,8304,2021-06-28 18:09:31,52.222878,010
909,509,21.116975,8305,2021-06-28 09:25:27,52.233583,022
910,117,21.0658571,8306,2021-06-28 18:09:38,52.224382,3
911,116,21.026454,8309,2021-06-28 18:09:38,52.2143478,4
912,141,21.018416,8310,2021-06-28 18:09:28,52.196556,2
913,168,21.000846,8311,2021-06-28 18:09:37,52.188956,3
914,151,21.0114848,8312,2021-06-28 18:09:37,52.2226218,3
915,720,21.3208948,8313,2021-06-28 18:09:28,52.1543236,02
916,162,21.0850016,8314,2021-06-28 18:09:35,52.19325,2
917,117,21.102381,8315,2021-06-28 18:09:23,52.222171,06
918,521,21.204531,8318,2021-06-28 18:09:38,52.159345,4
919,185,21.0447265,8319,2021-06-28 18:09:29,52.156223,11
920,151,21.116836,8320,2021-06-28 09:58:49,52.233566,04
921,162,21.0277518,8322,2021-06-28 18:09:28,52.2486556,5
922,509,21.0606346,8323,2021-06-28 18:09:33,52.2328653,9
923,148,20.978075,8324,2021-06-28 18:09:37,52.1695791,7
924,143,21.1245876,8326,2021-06-28 18:09:34,52.2352961,1
925,145,21.0357891,8328,2021-06-28 18:09:35,52.2884123,1
926,507,21.0684295,8329,2021-06-28 18:09:38,52.2256418,08
927,148,21.0949161,8330,2021-06-28 18:09:40,52.2300041,2
928,145,21.0941963,8332,2021-06-28 18:09:27,52.244135,7
929,523,20.98166,8333,2021-06-28 18:09:30,52.2161605,12
930,148,21.087513,8334,2021-06-28 18:08:16,52.244808,3
931,145,21.0895878,8335,2021-06-28 18:09:33,52.2864206,014
932,143,21.056989,8337,2021-06-28 18:09:29,52.226968,2
933,125,21.041321,8340,2021-06-28 18:09:38,52.241501,4
934,523,20.987724,8341,2021-06-28 18:09:37,52.2162255,5
935,507,21.1023833,8342,2021-06-28 18:09:35,52.2219733,1
936,171,20.912449,8343,2021-06-28 18:09:36,52.241053,09
937,502,21.019051,8344,2021-06-28 18:09:36,52.217858,1
938,507,21.1017433,8345,2021-06-28 18:09:25,52.2222783,3
939,145,21.097931,8348,2021-06-28 18:09:38,52.286051,3
940,507,21.005256,8349,2021-06-28 18:09:35,52.229511,6
941,145,21.000286,8350,2021-06-28 18:09:21,52.291339,012
942,507,21.0561133,8351,2021-06-28 18:09:28,52.2381767,4
943,502,21.202098,8352,2021-06-28 18:09:30,52.224485,4
944,523,21.08692,8353,2021-06-28 18:09:21,52.2502067,2
945,502,21.015263,8354,2021-06-28 18:09:21,52.219484,011
946,523,20.903874,8356,2021-06-28 18:09:28,52.256106,8
947,514,21.0646067,8358,2021-06-28 18:09:34,52.2292133,3
948,523,21.063533,8359,2021-06-28 18:09:25,52.22874,3
949,507,21.01976,8360,2021-06-28 18:09:37,52.231573,7
950,202,21.1287267,8361,2021-06-28 18:09:28,52.2402283,1
951,502,21.015615,8362,2021-06-28 18:09:20,52.2188467,2
952,188,20.9963267,8363,2021-06-28 18:09:38,52.2169,6
953,138,21.051261,8364,2021-06-28 18:09:33,52.230323,6
954,514,21.147765,8365,2021-06-28 18:09:29,52.2509767,1
955,523,21.026566,8366,2021-06-28 18:09:30,52.219826,4
956,502,21.222925,8368,2021-06-28 18:09:25,52.217806,5
957,145,21.1017133,8398,2021-06-28 18:09:39,52.2425717,013
958,402,20.9935985,8403,2021-06-28 18:09:35,52.1789946,011
959,521,21.128697,8408,2021-06-28 18:09:25,52.2335633,07
960,143,21.0283006,8410,2021-06-28 18:09:27,52.2200473,012
961,523,21.066303,8414,2021-06-28 18:09:35,52.229556,13
962,148,21.0459426,8417,2021-06-28 18:09:36,52.1774311,9
963,148,21.032595,8430,2021-06-28 18:09:24,52.149623,010
964,162,21.0485283,8437,2021-06-28 18:09:36,52.2022233,012
965,125,21.1792336,8438,2021-06-28 18:09:34,52.2066795,1
966,162,21.035866,8440,2021-06-28 18:09:21,52.222051,015
967,145,21.0882461,8441,2021-06-28 18:09:40,52.2448206,6
968,269,21.053219,8442,2021-06-28 18:09:38,52.269367,01
969,723,21.000875,8443,2021-06-28 18:09:40,52.291309,2
970,114,21.042681,8445,2021-06-28 18:09:38,52.29932,5
971,120,21.042198,8446,2021-06-28 18:09:39,52.249592,6
972,731,20.927069,8447,2021-06-28 18:09:39,52.414772,3
973,160,21.0598294,8448,2021-06-28 18:09:39,52.2693874,1
974,132,21.068224,8449,2021-06-28 18:09:38,52.323856,04
975,412,21.0373685,8450,2021-06-28 18:09:39,52.2557059,052
976,112,21.090702,8451,2021-06-28 18:09:37,52.305481,6
977,527,21.068438,8452,2021-06-28 18:09:36,52.32346,06
978,160,21.068443,8453,2021-06-28 18:09:40,52.323215,014
979,160,21.02523,8454,2021-06-28 18:09:39,52.250729,4
980,160,21.057638,8455,2021-06-28 18:09:40,52.319843,6
981,132,20.9682202,8457,2021-06-28 18:09:40,52.2719227,08
982,527,21.052113,8458,2021-06-28 18:09:39,52.292786,055
983,Z26,21.018887,8459,2021-06-28 18:09:38,52.247982,3
984,412,21.050545,8460,2021-06-28 18:09:39,52.25243,053
985,120,21.0509682,8461,2021-06-28 18:09:38,52.2695134,4
986,414,20.963896,8462,2021-06-28 18:09:39,52.207924,05
987,511,20.9423189,8463,2021-06-28 18:09:40,52.3485759,05
988,509,20.9486,8465,2021-06-28 18:09:38,52.3203,2
989,136,21.0024817,8500,2021-06-28 18:09:35,52.1754567,3
990,501,21.048663,8501,2021-06-28 18:09:25,52.177759,06
991,138,21.09299,8502,2021-06-28 18:09:27,52.264499,9
992,189,21.044533,8503,2021-06-28 18:09:37,52.175793,5
993,522,21.057248,8504,2021-06-28 18:09:29,52.180353,4
994,401,21.0265883,8505,2021-06-28 18:09:21,52.170225,2
995,131,21.025655,8506,2021-06-28 18:09:26,52.2094517,7
996,501,21.0157967,8507,2021-06-28 18:09:36,52.222265,4
997,138,21.00979,8508,2021-06-28 18:09:31,52.203225,2
998,189,21.018926,8509,2021-06-28 18:09:27,52.173568,1
999,501,21.021678,8510,2021-06-28 18:09:21,52.211011,1
1000,189,21.046408,8511,2021-06-28 18:09:26,52.177456,027
1001,Z26,20.97379,8512,2021-06-28 18:09:31,52.2373733,4
1002,186,20.9606083,8513,2021-06-28 18:09:38,52.21737,013
1003,733,20.7811017,8514,2021-06-28 18:09:23,52.0483167,01
1004,Z26,21.001953,8515,2021-06-28 18:09:30,52.244651,7
1005,522,21.080041,8516,2021-06-28 18:09:29,52.158039,2
1006,141,20.947993,8517,2021-06-28 18:09:37,52.180178,10
1007,519,21.030181,8519,2021-06-28 18:09:23,52.206836,7
1008,519,21.0928383,8520,2021-06-28 18:09:28,52.116805,1
1009,186,20.963401,8522,2021-06-28 18:09:38,52.317729,10
1010,733,20.943806,8523,2021-06-28 18:09:38,52.175383,62
1011,522,21.0304883,8525,2021-06-28 18:09:36,52.2069783,011
1012,172,21.023996,8526,2021-06-28 18:09:32,52.197651,63
1013,172,20.95558,8528,2021-06-28 18:09:24,52.211815,5
1014,308,21.020368,8530,2021-06-28 18:09:22,52.189574,02
1015,172,21.068973,8532,2021-06-28 18:09:22,52.181498,1
1016,Z26,21.03449,8533,2021-06-28 18:09:35,52.2545133,2
1017,138,21.000883,8534,2021-06-28 18:09:38,52.199361,5
1018,522,21.051706,8535,2021-06-28 18:09:21,52.185796,1
1019,172,20.9727417,8536,2021-06-28 18:09:28,52.2182617,6
1020,522,21.017343,8537,2021-06-28 18:09:20,52.213428,5
1021,709,21.018329,8539,2021-06-28 18:09:35,52.121319,4
1022,172,21.03564,8540,2021-06-28 18:09:37,52.201605,8
1023,185,21.0490867,8541,2021-06-28 18:09:32,52.20594,6
1024,172,21.069123,8543,2021-06-28 18:09:27,52.181466,9
1025,519,21.04013,8544,2021-06-28 18:09:39,52.196843,4
1026,522,21.069311,8546,2021-06-28 18:09:38,52.166288,012
1027,522,21.0027767,8547,2021-06-28 18:09:24,52.2291517,6
1028,402,21.04078,8548,2021-06-28 18:09:27,52.1704217,010
1029,186,20.9409967,8549,2021-06-28 18:09:25,52.32818,015
1030,186,20.9632967,8550,2021-06-28 18:09:29,52.208305,016
1031,709,21.021474,8551,2021-06-28 18:09:33,52.179743,10
1032,136,21.024006,8552,2021-06-28 18:09:30,52.161949,10
1033,Z26,20.974736,8555,2021-06-28 18:09:26,52.235476,5
1034,519,21.084306,8556,2021-06-28 18:09:38,52.166468,6
1035,Z26,20.99294,8558,2021-06-28 18:09:31,52.24161,08
1036,217,21.0429583,8559,2021-06-28 18:09:23,52.1753533,06
1037,519,21.073881,8560,2021-06-28 18:09:24,52.168433,2
1038,411,21.015125,8561,2021-06-28 18:09:27,52.2168617,02
1039,521,21.1673867,8562,2021-06-28 18:09:31,52.2053567,09
1040,402,21.003033,8563,2021-06-28 18:09:35,52.178178,2
1041,521,21.2047467,8564,2021-06-28 18:09:37,52.1593717,08
1042,502,21.217424,8565,2021-06-28 18:09:28,52.214418,014
1043,502,21.1406,8566,2021-06-28 18:09:37,52.2281983,6
1044,402,21.0523867,8567,2021-06-28 18:09:26,52.1985633,014
1045,509,20.981195,8568,2021-06-28 18:09:25,52.30994,021
1046,171,20.92511,8569,2021-06-28 18:09:26,52.2724667,2
1047,411,21.0514217,8571,2021-06-28 18:09:33,52.2259333,03
1048,E-1,21.0518783,8572,2021-06-28 18:09:35,52.22912,04
1049,202,21.040556,8573,2021-06-28 18:09:20,52.241001,2
1050,411,21.115896,8574,2021-06-28 10:20:57,52.233514,01
1051,720,21.1296867,8576,2021-06-28 18:09:37,52.232415,1
1052,162,21.047136,8578,2021-06-28 18:09:26,52.212098,4
1053,125,21.1284017,8579,2021-06-28 18:09:33,52.233625,09
1054,731,20.941618,8583,2021-06-28 18:09:31,52.359191,5
1055,269,21.0476933,8584,2021-06-28 18:09:35,52.2852583,02
1056,269,21.041683,8585,2021-06-28 18:09:37,52.300393,03
1057,514,21.015415,8586,2021-06-28 18:09:32,52.21918,2
1058,523,21.115558,8587,2021-06-28 08:55:25,52.233753,3
1059,145,21.1124933,8588,2021-06-28 18:09:40,52.280945,016
1060,514,21.190308,8589,2021-06-28 18:09:34,52.247439,4
1061,502,21.11449,8590,2021-06-28 18:09:35,52.233,3
1062,507,21.1021317,8592,2021-06-28 18:09:35,52.22208,2
1063,145,21.041015,8593,2021-06-28 18:09:32,52.2847417,10
1064,138,21.100635,8595,2021-06-28 18:09:29,52.260668,8
1065,186,20.9422888,8801,2021-06-28 18:09:33,52.3350401,11
1066,185,21.0423315,8802,2021-06-28 18:09:33,52.2276128,1
1067,727,21.0240815,8803,2021-06-28 18:09:33,52.1799598,1
1068,217,21.0683125,8804,2021-06-28 18:09:35,52.1694458,3
1069,185,20.9853555,8805,2021-06-28 18:09:39,52.269917,4
1070,402,21.0291491,8806,2021-06-28 18:09:29,52.17351,8
1071,131,21.0488765,8808,2021-06-28 18:09:37,52.2046006,3
1072,709,21.02367,8809,2021-06-28 18:09:38,52.1800926,2
1073,174,21.0074025,8810,2021-06-28 18:09:34,52.2102828,1
1074,165,20.9986493,8811,2021-06-28 18:09:24,52.1562365,3
1075,167,21.050844,8812,2021-06-28 18:09:25,52.2125625,011
1076,402,20.9943185,8813,2021-06-28 18:09:33,52.1764011,1
1077,167,21.0371,8814,2021-06-28 18:09:36,52.206669,2
1078,167,20.983296,8816,2021-06-28 18:09:32,52.216088,3
1079,308,20.992846,8817,2021-06-28 18:09:38,52.186188,03
1080,504,21.003385,8818,2021-06-28 18:09:34,52.229163,9
1081,331,20.9964933,8819,2021-06-28 18:09:29,52.1877673,04
1082,522,21.0440276,8820,2021-06-28 18:09:25,52.1927693,014
1083,174,20.9924528,8821,2021-06-28 18:09:35,52.1707105,08
1084,174,21.0101566,8822,2021-06-28 18:09:35,52.2028356,5
1085,522,21.0149605,8823,2021-06-28 18:09:32,52.2241771,015
1086,167,20.9830498,8824,2021-06-28 18:09:35,52.1953498,6
1087,709,21.0176161,8825,2021-06-28 18:09:34,52.1430406,012
1088,504,20.9898621,8826,2021-06-28 18:09:38,52.2230023,8
1089,143,21.0069355,8828,2021-06-28 18:09:39,52.2171655,4
1090,509,20.940941,8829,2021-06-28 18:09:38,52.328721,4
1091,523,20.9162923,8830,2021-06-28 18:09:38,52.239383,11
1092,125,21.0733768,8831,2021-06-28 18:09:19,52.2460506,5
1093,171,21.0114065,8832,2021-06-28 18:09:39,52.2295316,7
1094,141,20.9442338,8833,2021-06-28 18:09:35,52.1754973,9
1095,704,21.0880166,8834,2021-06-28 18:09:35,52.2446231,2
1096,521,21.1007415,8835,2021-06-28 18:09:31,52.2425463,5
1097,182,20.9652148,8837,2021-06-28 18:09:31,52.2181325,6
1098,182,21.112878,8838,2021-06-28 18:09:31,52.236303,010
1099,704,21.34794,8839,2021-06-28 18:09:30,52.222389,1
1100,185,21.0139636,8840,2021-06-28 18:09:37,52.2531111,5
1101,125,21.1793071,8841,2021-06-28 18:09:35,52.206821,6
1102,521,21.1929868,8843,2021-06-28 18:09:38,52.1793386,3
1103,185,20.9855375,8844,2021-06-28 18:09:33,52.2702268,2
1104,402,21.1559708,8845,2021-06-28 18:09:39,52.2403063,013
1105,143,21.0118413,8846,2021-06-28 18:09:32,52.2173368,3
1106,143,21.0823015,8847,2021-06-28 18:09:27,52.2408126,6
1107,125,21.0444293,8849,2021-06-28 18:09:37,52.2486911,3
1108,521,20.984205,8850,2021-06-28 18:09:35,52.2182836,6
1109,523,20.898223,8851,2021-06-28 18:09:34,52.258851,019
1110,141,21.0436328,8852,2021-06-28 18:09:33,52.2240665,3
1111,125,21.1963118,8853,2021-06-28 18:09:30,52.2083478,7
1112,509,21.0352568,8854,2021-06-28 18:09:28,52.2543335,8
1113,402,21.1364788,8855,2021-06-28 18:09:36,52.2411371,6
1114,512,21.0522118,8856,2021-06-28 18:09:35,52.2529735,1
1115,509,21.057539,8857,2021-06-28 18:09:31,52.236996,12
1116,169,21.050049,8858,2021-06-28 18:09:34,52.2530271,1
1117,112,20.942705,8859,2021-06-28 18:09:21,52.277574,4
1118,512,21.0495273,8861,2021-06-28 18:09:37,52.2860436,4
1119,412,21.0914811,8862,2021-06-28 18:09:38,52.3071398,04
1120,738,21.0926706,8864,2021-06-28 18:09:23,52.30813,05
1121,500,21.0459893,8865,2021-06-28 10:43:17,52.2651186,08
1122,169,21.0437538,8866,2021-06-28 18:09:35,52.2855938,5
1123,162,21.0274231,8867,2021-06-28 18:09:32,52.2361661,1
1124,190,21.0659233,8868,2021-06-28 18:09:35,52.2756136,5
1125,190,20.9917486,8869,2021-06-28 18:09:36,52.2441093,023
1126,190,21.0615286,8871,2021-06-28 18:09:34,52.270181,025
1127,190,21.080054,8872,2021-06-28 18:09:27,52.2927885,026
1128,738,21.141268,8873,2021-06-28 18:09:20,52.366916,06
1129,500,21.0417386,8874,2021-06-28 18:09:29,52.3002941,3
1130,190,21.0625995,8875,2021-06-28 18:09:34,52.2716063,4
1131,162,21.0562406,8876,2021-06-28 18:09:27,52.1932,3
1132,512,21.042943,8878,2021-06-28 18:09:27,52.2498823,06
1133,509,20.9840111,8879,2021-06-28 18:09:37,52.3071805,1
1134,709,20.996574,8880,2021-06-25 18:58:33,52.18762,016
1135,186,20.9659878,8881,2021-06-28 18:09:21,52.2733403,014
1136,165,21.024139,8882,2021-06-28 18:09:32,52.179791,2
1137,128,20.9843923,8883,2021-06-28 18:09:35,52.2013645,64
1138,180,21.0176243,8885,2021-06-28 18:09:37,52.2375785,5
1139,167,20.925854,8886,2021-06-28 18:09:29,52.23413,5
1140,189,20.904933,8887,2021-06-28 18:09:22,52.228286,021
1141,128,20.9946781,8888,2021-06-28 18:09:34,52.226131,61
1142,504,20.9987968,8891,2021-06-28 18:09:27,52.1787948,012
1143,165,21.008086,8892,2021-06-28 18:09:34,52.178176,1
1144,180,21.069254,8893,2021-06-28 18:09:22,52.181616,53
1145,217,21.023641,8894,2021-06-28 18:09:27,52.179771,05
1146,136,20.9842428,8895,2021-06-28 18:09:31,52.1986571,015
1147,174,20.9952373,8896,2021-06-28 18:09:33,52.1702158,07
1148,180,21.0838568,8897,2021-06-28 18:09:38,52.1681268,015
1149,167,20.9627525,8898,2021-06-28 18:09:33,52.2160293,7
1150,504,21.0338263,8899,2021-06-28 18:09:32,52.1501283,6
1151,161,21.215233,9061,2021-06-28 18:09:38,52.155193,2
1152,161,21.224823,9063,2021-06-28 18:09:36,52.186653,3
1153,262,21.070717,9064,2021-06-28 18:09:36,52.280178,03
1154,314,20.952787,9065,2021-06-28 18:09:39,52.317303,04
1155,314,21.046192,9066,2021-06-28 18:09:39,52.361435,02
1156,104,21.0002,9068,2021-06-28 18:09:40,52.291492,2
1157,161,21.224731,9070,2021-06-28 18:09:37,52.186749,1
1158,225,21.111147,9071,2021-06-28 18:09:38,52.233124,2
1159,225,21.126982,9074,2021-06-28 18:09:36,52.259399,4
1160,225,21.092783,9075,2021-06-28 18:09:37,52.225479,3
1161,211,21.000858,9077,2021-06-28 18:09:38,52.291164,08
1162,314,20.983788,9078,2021-06-28 18:09:39,52.308311,01
1163,104,21.033367,9081,2021-06-28 18:09:37,52.334835,1
1164,314,21.017492,9082,2021-06-28 18:09:36,52.305698,03
1165,262,21.087893,9083,2021-06-28 18:09:39,52.286587,2
1166,225,21.150326,9088,2021-06-28 18:09:40,52.270523,1
1167,211,20.9612984,9090,2021-06-28 18:09:40,52.3107061,2
1168,211,20.965908,9091,2021-06-28 18:09:36,52.322437,07
1169,262,21.055237,9092,2021-06-28 18:09:40,52.275429,1
1170,305,21.133739,9093,2021-06-28 18:09:37,52.207355,1
1171,900,20.958817,9094,2021-06-28 18:09:39,52.349926,1
1172,133,20.952297,9201,2021-06-28 18:09:34,52.316933,2
1173,207,20.883629,9202,2021-06-28 18:09:35,52.190441,03
1174,164,21.084036,9203,2021-06-28 18:09:28,52.167623,05
1175,133,20.98226,9204,2021-06-28 18:09:33,52.355637,1
1176,809,21.035742,9205,2021-06-28 18:09:37,52.155411,51
1177,239,21.015322,9206,2021-06-28 18:09:35,52.147572,52
1178,209,21.028215,9208,2021-06-28 18:09:37,52.146564,54
1179,177,20.895065,9210,2021-06-28 18:09:32,52.182529,3
1180,809,21.038172,9212,2021-06-28 18:09:39,52.154076,53
1181,211,20.968153,9213,2021-06-28 18:09:37,52.319414,6
1182,219,21.111492,9215,2021-06-28 18:09:36,52.213463,3
1183,208,20.944306,9216,2021-06-28 18:09:20,52.203726,1
1184,234,21.063301,9217,2021-06-28 18:09:33,52.325161,1
1185,209,20.980993,9218,2021-06-28 18:09:34,52.132881,057
1186,234,21.029909,9219,2021-06-28 18:09:38,52.312916,2
1187,203,20.92308,9220,2021-06-28 18:09:35,52.277802,1
1188,211,20.980165,9223,2021-06-28 18:09:33,52.30143,1
1189,208,20.949781,9225,2021-06-28 18:09:35,52.210155,04
1190,208,20.975569,9226,2021-06-28 18:09:33,52.210251,05
1191,208,20.971403,9227,2021-06-28 18:09:35,52.20546,2
1192,219,21.105034,9229,2021-06-28 18:09:33,52.221783,1
1193,201,20.942284,9230,2021-06-28 18:09:37,52.246784,2
1194,264,21.139776,9233,2021-06-28 18:09:39,52.126751,1
1195,203,20.930456,9234,2021-06-28 18:09:33,52.290947,2
1196,201,20.931458,9235,2021-06-28 18:09:37,52.254459,5
1197,201,20.924931,9236,2021-06-28 18:09:34,52.260509,4
1198,208,20.960749,9238,2021-06-28 18:09:32,52.215912,03
1199,207,20.900515,9239,2021-06-28 18:09:36,52.190308,02
1200,177,20.883825,9240,2021-06-28 18:09:34,52.205513,1
1201,201,20.939228,9242,2021-06-28 18:09:37,52.235996,06
1202,207,20.873919,9244,2021-06-28 18:09:37,52.188278,01
1203,211,20.93907,9245,2021-06-28 18:09:37,52.34013,3
1204,164,21.138157,9246,2021-06-28 18:09:33,52.145855,04
1205,201,20.94265,9247,2021-06-28 18:09:37,52.238914,1
1206,177,20.883905,9248,2021-06-28 18:09:37,52.205757,2
1207,164,21.128891,9250,2021-06-28 18:09:38,52.156471,3
1208,164,21.085264,9251,2021-06-28 18:09:34,52.19331,2
1209,164,21.131002,9252,2021-06-28 18:09:35,52.153679,1
1210,211,20.942129,9254,2021-06-28 18:09:35,52.332413,09
1211,199,21.103876,9301,2021-06-28 18:09:40,52.294868,06
1212,739,21.018242,9302,2021-06-28 18:09:33,52.128525,2
1213,739,21.039631,9304,2021-06-28 18:09:36,52.080471,3
1214,179,21.04549,9311,2021-06-28 17:09:39,52.149696,10
1215,123,21.066601,9312,2021-06-28 18:09:37,52.250271,08
1216,179,21.0286577,9313,2021-06-28 18:09:32,52.1468769,11
1217,153,21.159651,9314,2021-06-28 18:09:36,52.257889,2
1218,179,21.036894,9315,2021-06-28 18:09:33,52.162106,2
1219,135,21.107147,9316,2021-06-28 18:09:33,52.24839,3
1220,135,21.038795,9317,2021-06-28 18:09:37,52.256306,6
1221,135,21.09481,9318,2021-06-28 18:09:32,52.231235,2
1222,135,21.062508,9319,2021-06-28 18:09:38,52.246765,1
1223,179,21.038492,9320,2021-06-28 18:09:35,52.153511,4
1224,179,21.044811,9321,2021-06-28 18:09:41,52.149586,5
1225,123,21.067112,9322,2021-06-28 18:09:36,52.226032,5
1226,135,21.098169,9323,2021-06-28 18:09:35,52.235912,07
1227,179,21.063488,9324,2021-06-28 18:09:32,52.145218,9
1228,179,21.021471,9325,2021-06-28 18:09:37,52.161732,51
1229,256,21.072479,9326,2021-06-28 18:09:36,52.324463,2
1230,142,21.144262,9327,2021-06-28 18:09:39,52.185257,3
1231,179,21.068634,9328,2021-06-28 18:09:35,52.128925,8
1232,153,21.172459,9329,2021-06-28 18:09:39,52.256969,04
1233,123,21.0773959,9331,2021-06-28 09:44:24,52.2687066,07
1234,123,21.077486,9332,2021-06-28 15:39:21,52.268074,08
1235,142,21.109423,9333,2021-06-28 18:09:38,52.240963,5
1236,739,21.024086,9334,2021-06-28 18:09:33,52.179935,1
1237,153,21.170359,9335,2021-06-28 18:09:39,52.27689,3
1238,135,21.041227,9336,2021-06-28 18:09:33,52.257648,5
1239,739,21.0771987,9337,2021-06-28 16:56:14,52.2682345,2
1240,179,21.06576,9338,2021-06-28 18:09:33,52.142223,6
1241,256,21.061502,9339,2021-06-28 18:09:40,52.308266,1
1242,153,21.158319,9340,2021-06-28 18:09:39,52.273243,1
1243,142,21.088203,9341,2021-06-28 18:09:35,52.244675,4
1244,739,21.0182,9342,2021-06-28 18:09:33,52.114246,4
1245,256,21.080915,9343,2021-06-28 18:09:36,52.277386,4
1246,135,21.02717,9344,2021-06-28 18:09:32,52.259632,08
1247,739,21.017179,9345,2021-06-28 18:09:32,52.162876,05
1248,179,21.066607,9346,2021-06-28 18:09:41,52.130589,7
1249,135,21.072439,9347,2021-06-28 18:09:37,52.245987,4
1250,123,21.098419,9348,2021-06-28 18:09:40,52.236301,09
1251,179,21.033661,9349,2021-06-28 18:09:37,52.162205,3
1252,123,21.069122,9350,2021-06-28 18:09:37,52.225563,357
1253,142,21.186249,9351,2021-06-28 18:09:34,52.172134,1
1254,123,21.043423,9352,2021-06-28 18:09:37,52.250061,6
1255,739,21.022293,9353,2021-06-28 18:09:39,52.17939,06
1256,123,21.0508482,9354,2021-06-28 18:07:37,52.2526404,07
1257,199,21.15119,9355,2021-06-28 18:09:39,52.269711,05
1258,256,21.044819,9356,2021-06-28 18:08:51,52.278866,3
1259,142,21.242159,9357,2021-06-28 18:09:36,52.169926,2
1260,142,21.077633,9358,2021-06-28 16:02:28,52.267822,4
1261,256,21.085714,9359,2021-06-28 18:09:37,52.273163,5
1262,176,21.026733,9403,2021-06-28 18:09:38,52.28112,1
1263,176,20.978235,9405,2021-06-28 18:09:38,52.348385,05
1264,176,21.001432,9412,2021-06-28 18:09:39,52.313965,3
1265,197,20.93063,9413,2021-06-28 18:09:37,52.256718,012
1266,197,20.952948,9414,2021-06-28 18:09:38,52.274704,014
1267,102,21.105989,9416,2021-06-28 18:09:36,52.247032,3
1268,157,20.966394,9417,2021-06-28 18:09:39,52.207634,7
1269,712,20.928003,9418,2021-06-28 18:09:36,52.292229,02
1270,516,20.983648,9420,2021-06-28 18:09:38,52.307438,5
1271,157,20.997547,9423,2021-06-28 18:09:35,52.254326,1
1272,103,20.946899,9424,2021-06-28 18:09:37,52.27462,4
1273,123,21.047514,9425,2021-06-28 18:09:38,52.246841,1
1274,157,20.982994,9426,2021-06-28 18:09:38,52.273216,3
1275,157,20.997007,9427,2021-06-28 18:09:39,52.253513,4
1276,157,20.979292,9428,2021-06-28 18:09:40,52.216999,9
1277,103,20.936394,9429,2021-06-28 18:09:38,52.291012,6
1278,157,20.988964,9432,2021-06-28 18:09:34,52.237499,10
1279,743,20.810562,9433,2021-06-28 18:09:37,52.210243,02
1280,176,20.994814,9434,2021-06-28 18:09:38,52.322571,04
1281,516,20.937904,9435,2021-06-28 18:09:38,52.324524,1
1282,157,20.97633,9436,2021-06-28 18:09:37,52.289841,2
1283,157,20.987663,9437,2021-06-28 18:09:36,52.223507,6
1284,197,20.941738,9438,2021-06-28 18:09:40,52.231518,011
1285,197,20.930986,9439,2021-06-28 18:09:32,52.225323,016
1286,516,20.967382,9440,2021-06-28 18:09:40,52.321941,3
1287,123,21.098507,9441,2021-06-28 18:09:36,52.236629,3
1288,103,20.933386,9442,2021-06-28 18:09:40,52.289009,5
1289,102,21.024,9443,2021-06-28 18:09:39,52.236916,1
1290,103,20.947237,9445,2021-06-28 18:09:38,52.275463,7
1291,103,20.968655,9446,2021-06-28 18:09:35,52.222095,1
1292,123,21.065176,9447,2021-06-28 18:09:40,52.252098,4
1293,157,20.97113,9448,2021-06-28 18:09:38,52.284393,011
1294,516,21.000929,9449,2021-06-28 18:09:39,52.291206,4
1295,102,21.019035,9450,2021-06-28 18:09:39,52.237228,2
1296,157,20.986345,9451,2021-06-28 18:09:36,52.240677,5
1297,157,20.963881,9452,2021-06-28 18:09:40,52.207981,8
1298,176,20.982185,9453,2021-06-28 18:09:38,52.355713,2
1299,197,20.945164,9454,2021-06-28 18:09:39,52.239014,015
1300,712,20.846455,9455,2021-06-28 18:09:40,52.24781,1
1301,743,20.797285,9456,2021-06-28 18:09:39,52.210426,1
1302,197,20.949986,9457,2021-06-28 18:09:40,52.280685,013
1303,103,20.968473,9458,2021-06-28 18:09:34,52.222038,8
1304,194,20.8960505,9501,2021-06-28 18:09:30,52.202417333,5
1305,707,20.930064333,9502,2021-06-28 18:09:37,52.163139,1
1306,159,20.985851333,9503,2021-06-28 18:09:37,52.221391333,1
1307,103,20.927057167,9505,2021-06-28 18:09:40,52.290075,09
1308,103,20.958168333,9506,2021-06-28 18:09:40,52.242819167,011
1309,220,20.900140667,9509,2021-06-28 18:09:40,52.190297,3
1310,194,20.922397833,9510,2021-06-28 18:09:39,52.221672333,06
1311,737,21.029438833,9511,2021-06-28 18:09:37,52.162024333,56
1312,220,20.901004,9513,2021-06-28 18:09:37,52.1997725,5
1313,715,21.036965667,9514,2021-06-28 18:09:35,52.161993,53
1314,181,20.975318,9515,2021-06-28 18:09:38,52.279255333,2
1315,737,21.036814333,9516,2021-06-28 18:09:39,52.162006167,54
1316,149,20.948895667,9518,2021-06-28 18:09:35,52.239259333,06
1317,149,20.878907667,9519,2021-06-28 18:09:35,52.248190667,2
1318,159,21.014767167,9520,2021-06-28 18:09:36,52.222940833,8
1319,715,20.927911167,9521,2021-06-28 18:09:38,52.150769833,1
1320,220,20.938940333,9522,2021-06-28 18:09:36,52.1714065,4
1321,220,20.943430167,9523,2021-06-28 18:09:35,52.176059667,07
1322,220,20.896403,9524,2021-06-28 18:09:36,52.217072,2
1323,194,20.894029167,9525,2021-06-28 18:09:30,52.203335167,3
1324,181,20.914832,9526,2021-06-28 18:09:37,52.311544167,1
1325,715,21.018398833,9528,2021-06-28 18:09:36,52.120786833,058
1326,715,21.017927667,9529,2021-06-28 18:09:35,52.127007833,52
1327,707,20.965756833,9530,2021-06-28 18:09:40,52.081891333,03
1328,159,20.995814833,9531,2021-06-28 18:09:36,52.226416,4
1329,194,20.868555833,9532,2021-06-28 18:09:39,52.202384167,1
1330,181,20.900934667,9533,2021-06-28 18:09:36,52.297120167,4
1331,181,20.960121667,9534,2021-06-28 18:09:39,52.281537,3
1332,159,21.056356167,9535,2021-06-28 18:09:38,52.193082667,7
1333,159,21.0708255,9537,2021-06-28 18:09:37,52.1916395,6
1334,737,20.969308,9539,2021-06-28 18:09:40,52.08578,059
1335,220,20.918230167,9540,2021-06-28 18:09:36,52.255904667,1
1336,220,20.9250045,9542,2021-06-28 18:09:31,52.2611135,6
1337,737,20.943007167,9544,2021-06-28 18:09:39,52.069423833,07
1338,220,20.896295667,9545,2021-06-28 18:09:37,52.239952833,08
1339,149,20.940391167,9546,2021-06-28 18:09:37,52.246675833,5
1340,220,20.897358333,9548,2021-06-28 18:09:39,52.243729,09
1341,149,20.8973875,9550,2021-06-28 18:09:40,52.2394175,1
1342,715,20.927154667,9551,2021-06-28 18:09:35,52.160730833,55
1343,149,20.905566667,9552,2021-06-28 18:09:35,52.2391395,3
1344,194,20.930558,9554,2021-06-28 18:09:39,52.2249585,07
1345,194,20.866308333,9555,2021-06-28 18:09:37,52.197047667,2
1346,159,20.954927,9556,2021-06-28 18:09:29,52.2119495,3
1347,149,20.947157333,9557,2021-06-28 18:09:39,52.247009167,4
1348,194,20.929708,9558,2021-06-28 18:09:39,52.223444833,4
1349,159,21.0454775,9560,2021-06-28 18:09:36,52.219846,5
1350,159,20.9549745,9561,2021-06-28 18:09:38,52.211713333,2
1351,118,21.013538,9671,2021-06-28 18:09:38,52.253029,2
1352,118,21.033039,9672,2021-06-28 18:09:38,52.297802,5
1353,326,20.968536,9673,2021-06-28 18:09:32,52.272072,04
1354,118,21.015013,9674,2021-06-28 18:09:37,52.217266,8
1355,152,20.952538,9676,2021-06-28 18:09:34,52.317188,5
1356,212,21.056896,9677,2021-06-28 18:09:26,52.301891,06
1357,118,21.023108,9678,2021-06-28 18:09:35,52.228481,7
1358,118,21.023226,9679,2021-06-28 18:09:39,52.226974,1
1359,326,21.061848,9680,2021-06-28 18:09:34,52.361679,02
1360,152,20.966688,9681,2021-06-28 18:09:37,52.331886,2
1361,212,21.046261,9682,2021-06-28 18:09:33,52.27079,5
1362,152,20.993393,9683,2021-06-28 18:09:37,52.339329,4
1363,212,21.027006,9684,2021-06-28 18:09:40,52.25975,1
1364,212,21.042768,9685,2021-06-28 18:09:39,52.273178,2
1365,326,20.995356,9686,2021-06-28 18:09:37,52.29744,05
1366,326,21.015091,9688,2021-06-28 18:09:40,52.317524,03
1367,118,21.041336,9689,2021-06-28 18:09:40,52.300087,4
1368,212,21.05904,9690,2021-06-28 18:09:39,52.279407,3
1369,326,21.059317,9692,2021-06-28 18:09:34,52.361847,01
1370,212,21.051495,9693,2021-06-28 18:09:36,52.291737,4
1371,152,20.967012,9695,2021-06-28 18:09:35,52.319046,1
1372,118,21.019232,9696,2021-06-28 18:09:33,52.246902,6
1373,118,21.032598,9697,2021-06-28 18:09:39,52.299847,3
1374,152,21.060377,9698,2021-06-28 18:09:38,52.315105,3
1375,710,21.067698,9801,2021-06-28 18:09:34,52.129288,4
1376,525,21.038668,9802,2021-06-28 18:09:38,52.22271,1
1377,184,20.968637,9803,2021-06-28 18:09:39,52.218689,069
1378,127,20.915615,9804,2021-06-28 18:09:32,52.210293,56
1379,710,21.012119,9805,2021-06-28 18:09:39,52.074272,2
1380,525,21.145245,9807,2021-06-28 18:09:35,52.22649,319
1381,127,21.033604,9808,2021-06-28 18:09:39,52.230431,2
1382,109,20.980118,9809,2021-06-28 18:09:36,52.229412,07
1383,719,20.934557,9812,2021-06-28 18:09:36,52.240078,3
1384,109,20.941743,9813,2021-06-28 18:08:00,52.239395,08
1385,Z10,20.912636,9814,2021-06-28 18:09:35,52.242802,2
1386,525,21.016882,9815,2021-06-28 18:09:35,52.217609,09
1387,742,21.213777,9816,2021-06-28 18:09:40,51.987519,1
1388,719,20.680676,9818,2021-06-28 18:09:34,52.261162,04
1389,719,20.890942,9819,2021-06-28 18:09:37,52.240017,1
1390,719,20.586376,9820,2021-06-28 18:09:30,52.257595,2
1391,710,21.01129,9821,2021-06-28 18:09:37,52.074223,1
1392,525,21.01545,9822,2021-06-28 18:09:39,52.216938,010
1393,184,20.936705,9823,2021-06-28 18:09:40,52.287392,010
1394,525,21.089674,9825,2021-06-28 17:19:36,52.235753,5
1395,525,21.196644,9826,2021-06-28 18:09:33,52.208347,7
1396,185,21.0423,9827,2021-06-28 18:09:39,52.147733,8
1397,127,20.897068,9828,2021-06-28 18:09:37,52.208836,4
1398,525,21.196583,9829,2021-06-28 18:09:37,52.208244,6
1399,Z10,20.91479,9830,2021-06-28 18:09:36,52.231217,8
1400,710,21.116617,9831,2021-06-28 18:09:36,52.096634,3
1401,127,21.019453,9833,2021-06-28 18:09:32,52.246296,1
1402,525,21.098257,9834,2021-06-28 18:09:37,52.234837,4
1403,742,21.07633,9835,2021-06-28 18:09:36,52.132217,02
1404,525,21.002913,9836,2021-06-28 18:09:37,52.229298,3
1405,185,21.061573,9837,2021-06-28 18:09:32,52.18874,12
1406,525,21.003763,9838,2021-06-28 18:09:31,52.229649,2
1407,724,21.109446,9839,2021-06-28 18:09:36,52.11367,1
1408,127,20.938372,9840,2021-06-28 18:09:37,52.202927,6
1409,724,21.025467,9841,2021-06-28 18:09:37,52.075436,02
1410,127,20.993572,9843,2021-06-28 18:09:40,52.226105,7
1411,127,20.948952,9844,2021-06-28 18:09:37,52.209633,09
1412,127,20.990459,9845,2021-06-28 18:09:37,52.22501,3
1413,Z10,20.925602,9846,2021-06-28 18:09:32,52.222202,6
1414,Z10,20.914963,9847,2021-06-28 18:09:39,52.233582,4
1415,109,20.898792,9849,2021-06-28 18:09:35,52.238541,6
1416,109,20.93774,9851,2021-06-28 18:09:36,52.239647,5
1417,109,21.020348,9852,2021-06-28 18:09:33,52.229832,4
1418,109,20.990665,9853,2021-06-28 18:09:38,52.231747,1
1419,127,21.028328,9854,2021-06-28 18:09:32,52.238255,335
1420,186,20.984087,9901,2021-06-28 18:09:37,52.307755,1
1421,210,20.921116,9902,2021-06-28 18:09:38,52.281986,5
1422,140,21.052721,9903,2021-06-28 18:09:37,52.276752,04
1423,520,21.002104,9905,2021-06-28 18:09:39,52.243187,011
1424,520,21.00197,9906,2021-06-28 18:09:36,52.24324,3
1425,140,21.111246,9907,2021-06-28 18:09:35,52.360905,08
1426,140,21.130089,9908,2021-06-28 18:09:37,52.353123,09
1427,140,21.080105,9909,2021-06-28 18:09:36,52.292576,2
1428,719,20.741325,9912,2021-06-28 18:09:40,52.253132,05
1429,520,21.018394,9913,2021-06-28 18:09:37,52.217628,08
1430,520,21.156082,9914,2021-06-28 18:09:38,52.240414,09
1431,520,21.138893,9915,2021-06-28 18:09:39,52.238064,6
1432,520,21.012524,9916,2021-06-28 18:09:41,52.228714,4
1433,193,21.03689,9918,2021-06-28 18:09:36,52.161964,2
1434,193,21.042551,9919,2021-06-28 18:09:37,52.155975,3
1435,140,21.053074,9920,2021-06-28 18:09:37,52.27676,05
1436,140,21.105461,9921,2021-06-28 18:09:37,52.323643,06
1437,520,21.055573,9922,2021-06-28 18:09:37,52.226772,5
1438,193,21.021784,9923,2021-06-28 18:09:39,52.17313,4
1439,140,21.133816,9924,2021-06-28 18:09:39,52.35799,07
1440,193,21.045053,9926,2021-06-28 18:09:40,52.166584,1
1441,520,21.106554,9927,2021-06-28 18:09:39,52.233929,010
1442,140,21.088688,9928,2021-06-28 18:09:36,52.303379,3
1443,186,20.964184,9929,2021-06-28 18:09:37,52.318008,12
1444,193,20.995419,9930,2021-06-28 18:09:38,52.170303,5
1445,186,20.975967,9932,2021-06-28 18:09:40,52.211445,4
1446,520,21.01123,9933,2021-06-28 18:09:36,52.229836,2
1447,186,20.960537,9934,2021-06-28 18:09:38,52.268269,2
1448,520,21.077856,9935,2021-06-28 18:09:36,52.234398,1
1449,186,20.959652,9936,2021-06-28 18:09:36,52.220184,6
1450,520,21.095726,9937,2021-06-28 18:09:36,52.234867,7
1451,186,20.956581,9940,2021-06-28 18:09:40,52.238602,3
1452,186,20.95628,9941,2021-06-28 18:09:38,52.230366,8
1453,210,20.767693,9942,2021-06-28 18:09:40,52.307419,4
1454,109,21.022581,9943,2021-06-28 18:09:37,52.229862,2
1455,186,20.955654,9945,2021-06-28 18:09:39,52.23724,9
1456,210,20.767399,9946,2021-06-28 18:09:39,52.307789,3
1457,109,21.043259,9948,2021-06-28 18:09:39,52.222996,3
1458,210,20.928308,9949,2021-06-28 18:09:37,52.291,1
1459,210,20.874081,9950,2021-06-28 18:09:40,52.287685,2
1460,186,20.963736,9951,2021-06-28 18:09:37,52.207809,5
1461,186,20.983873,9953,2021-06-28 18:09:36,52.307354,67
1462,140,21.096619,9954,2021-06-28 18:09:36,52.312553,1
1463,o97B,21.423098,9999,2021-06-28 14:27:55,50.302967,7
