,Lines,Lon,VehicleNumber,Time,Lat,Brigade
0,213,21.2121323,1001,2021-06-28 18:01:38,52.1609295,1
1,213,21.161753,1003,2021-06-28 18:01:35,52.209434,05
2,213,21.1878723,1004,2021-06-28 18:01:44,52.1839963,3
3,196,21.17698,1005,2021-06-28 18:01:42,52.2568728,2
4,196,21.158881,1008,2021-06-28 18:01:39,52.257461,03
5,213,21.188774,1009,2021-06-28 18:01:42,52.14988,4
6,213,21.1031356,1010,2021-06-28 18:01:39,52.2223171,2
7,311,21.0858775,1012,2021-06-28 18:01:37,52.2306716,1
8,196,21.165904,1014,2021-06-28 18:01:28,52.262401,1
9,311,21.089819,1015,2021-06-28 18:01:32,52.231101,2
10,365,20.997158,1021,2021-06-28 18:01:47,52.175858,01
11,107,21.0464819,1023,2021-06-28 18:01:47,52.1987087,3
12,163,21.109003,1025,2021-06-28 18:01:44,52.164673,2
13,107,21.00128,1026,2021-06-28 18:01:47,52.243973,5
14,108,21.034071,1027,2021-06-28 18:01:46,52.226208,1
15,108,21.0429327,1028,2021-06-28 18:01:47,52.1756952,5
16,108,21.087463,1029,2021-06-28 18:01:43,52.194542,6
17,365,21.0240116,1031,2021-06-28 18:01:47,52.1798411,02
18,108,21.036636,1033,2021-06-28 18:01:44,52.176979,4
19,163,21.108086,1034,2021-06-28 18:01:47,52.174332,1
20,192,21.0484016,1037,2021-06-28 18:01:47,52.1386749,7
21,108,21.071796,1038,2021-06-28 18:01:34,52.179393,3
22,365,21.000311,1039,2021-06-28 18:01:45,52.17519,03
23,107,20.9793533,1040,2021-06-28 18:01:43,52.2445133,6
24,107,21.044853,1042,2021-06-28 18:01:34,52.221355,2
25,107,20.97916,1043,2021-06-28 18:01:48,52.244593,07
26,107,21.0198233,1045,2021-06-28 18:01:41,52.2238817,4
27,204,21.029963,1046,2021-06-28 18:01:39,52.310553,05
28,204,21.040066,1047,2021-06-28 18:01:39,52.318068,1
29,204,21.025455,1048,2021-06-28 18:01:35,52.281518,04
30,228,20.941161,1050,2021-06-28 18:01:41,52.204208,1
31,228,20.892956,1051,2021-06-28 18:01:29,52.20036,2
32,328,20.994746,1052,2021-06-28 18:01:43,52.15086,01
33,129,20.94628,1053,2021-06-28 18:01:38,52.238739,4
34,228,20.963083,1054,2021-06-28 18:01:28,52.197079,3
35,129,20.909321,1055,2021-06-28 18:01:36,52.193725,3
36,328,20.964738,1058,2021-06-28 18:01:44,52.183431,02
37,129,20.948998,1059,2021-06-28 18:01:39,52.241618,1
38,328,20.955334,1061,2021-06-28 18:01:47,52.18681,03
39,192,21.02404,1062,2021-06-28 18:01:46,52.179943,51
40,192,21.068308,1064,2021-06-28 18:01:47,52.129616,2
41,163,21.0839384,1065,2021-06-28 18:01:46,52.167733,04
42,107,21.009581,1066,2021-06-28 18:01:46,52.239231,1
43,163,21.057491,1068,2021-06-28 18:01:48,52.180328,3
44,192,21.0173689,1069,2021-06-28 18:01:47,52.1580362,4
45,163,21.0622924,1070,2021-06-28 18:01:46,52.1757672,05
46,192,21.019335,1074,2021-06-28 18:01:47,52.171024,6
47,108,21.0295647,1076,2021-06-28 18:01:47,52.2302341,2
48,192,21.0444974,1077,2021-06-28 18:01:46,52.1427887,3
49,192,21.0683452,1079,2021-06-28 18:01:45,52.1286492,1
50,736,21.0284728,1101,2021-06-28 18:01:43,52.3555356,02
51,132,20.9662208,1109,2021-06-28 18:01:38,52.2726776,2
52,303,20.940721,1112,2021-06-28 18:01:40,52.2854973,3
53,147,21.1788168,1113,2021-06-28 18:01:41,52.2066611,06
54,152,20.999713,1114,2021-06-28 18:01:35,52.340674,06
55,166,21.0458518,1115,2021-06-28 18:01:38,52.186882,09
56,132,21.0515818,1116,2021-06-28 18:01:39,52.304991,3
57,122,20.976508,1117,2021-06-28 18:01:49,52.2899355,09
58,197,20.8626138,1118,2021-06-28 18:01:42,52.1902393,7
59,126,20.9497391,1119,2021-06-28 18:01:38,52.326361,3
60,168,20.995384,1200,2021-06-28 18:01:46,52.19141,2
61,119,21.041754,1202,2021-06-28 18:01:37,52.202255,1
62,178,20.910332,1203,2021-06-28 18:01:46,52.195396,2
63,178,20.9838061,1204,2021-06-28 18:01:46,52.230044,5
64,168,21.093758,1205,2021-06-28 18:01:47,52.227367,6
65,166,21.027101,1206,2021-06-28 18:01:44,52.26001,1
66,166,21.06198,1208,2021-06-28 18:01:47,52.1471031,5
67,222,21.005045,1211,2021-06-28 18:01:46,52.244831,4
68,174,21.006529,1212,2021-06-28 18:01:47,52.171734,371
69,174,20.9956066,1213,2021-06-28 18:01:48,52.1701727,3
70,218,21.024248,1214,2021-06-28 18:01:45,52.179832,5
71,166,21.0603802,1216,2021-06-28 18:01:46,52.1407075,7
72,168,21.1126799,1218,2021-06-28 18:01:46,52.2363954,5
73,119,21.20562,1220,2021-06-28 18:01:46,52.21011,5
74,122,20.9004021,1400,2021-06-28 18:01:47,52.2577391,012
75,121,20.9295148,1401,2021-06-28 18:01:46,52.271159,04
76,134,20.9683476,1403,2021-06-28 18:01:40,52.2718351,1
77,110,20.8974256,1407,2021-06-28 18:01:44,52.2843473,05
78,240,21.063043,1408,2021-06-28 18:01:27,52.310848,4
79,173,21.07161,1411,2021-06-28 18:01:35,52.250278,5
80,117,21.0094482,1412,2021-06-28 18:01:46,52.2292452,1
81,702,21.173847,1413,2021-06-28 18:01:46,52.158436,2
82,168,21.0061262,1415,2021-06-28 18:01:47,52.2026645,1
83,202,21.075533,1416,2021-06-28 18:01:47,52.250172,04
84,183,21.08691,1418,2021-06-28 18:01:46,52.244728,6
85,147,21.125055,1419,2021-06-28 18:01:46,52.2007597,2
86,199,21.144531,1422,2021-06-28 18:01:44,52.268833,4
87,198,21.2432584,1423,2021-06-28 18:01:47,52.2217109,05
88,173,21.052734,1424,2021-06-28 18:01:44,52.25042,6
89,115,21.1724854,1425,2021-06-28 18:01:48,52.2057309,4
90,173,21.1190257,1426,2021-06-28 18:01:46,52.2379244,8
91,147,21.0482,1427,2021-06-28 18:01:47,52.2474,4
92,146,21.052561,1428,2021-06-28 18:01:47,52.250378,2
93,142,21.102703,1430,2021-06-28 18:01:44,52.242146,06
94,L41,20.784159,14422,2021-06-28 18:01:45,52.409435,1
95,L11,20.846985,14424,2021-06-28 18:01:48,52.443665,1
96,L10,20.913359,14425,2021-06-28 18:01:47,52.403706,50
97,L-8,20.945215,14426,2021-06-28 14:51:54,52.437912,1
98,L41,20.918919,14427,2021-06-28 18:01:48,52.377193,02
99,L11,20.943827,14429,2021-06-28 18:01:48,52.39904,57
100,L34,20.847353,14430,2021-06-28 17:01:01,52.441017,2
101,L34,20.924852,14431,2021-06-28 18:01:46,52.391869,1
102,L11,20.889572,14432,2021-06-28 18:01:46,52.455494,51
103,L-8,20.965754,14434,2021-06-28 18:01:45,52.410217,02
104,L-8,21.059362,14435,2021-06-28 18:01:47,52.404739,1
105,L49,20.884796,14436,2021-06-28 18:01:48,52.411339,1
106,L31,21.171726,14438,2021-06-28 18:01:41,52.421886,1
107,L-9,20.962936,14439,2021-06-28 18:01:44,52.452175,054
108,L-9,20.976875,14440,2021-06-28 18:01:46,52.446602,055
109,134,21.055653,1500,2021-06-28 18:01:40,52.36146,04
110,134,21.0473228,1501,2021-06-28 18:01:45,52.3347088,3
111,110,20.9684331,1502,2021-06-28 18:01:38,52.2721021,2
112,240,21.1185011,1505,2021-06-28 18:01:42,52.339008,06
113,132,21.0337288,1506,2021-06-28 18:01:37,52.2997883,07
114,134,21.0275043,1507,2021-06-28 18:01:41,52.2985793,2
115,126,21.0568251,1508,2021-06-28 18:01:36,52.301875,5
116,132,21.051393,1509,2021-06-28 18:01:45,52.313686,05
117,166,21.0682208,1510,2021-06-28 18:01:46,52.1292525,6
118,126,21.0043563,1513,2021-06-28 18:01:42,52.3100645,4
119,197,20.8681356,1514,2021-06-28 18:01:33,52.193475,6
120,197,20.8805996,1515,2021-06-28 18:01:39,52.2165808,8
121,121,20.9722231,1516,2021-06-28 18:01:40,52.2825698,1
122,173,21.263961,1519,2021-06-28 18:01:40,52.245654,10
123,202,21.128695,1521,2021-06-28 18:01:45,52.240211,07
124,202,21.101295,1522,2021-06-28 18:01:37,52.2472483,3
125,146,21.139696,1523,2021-06-28 18:01:36,52.178868,08
126,730,21.083886,1524,2021-06-28 18:01:33,52.245316,052
127,119,21.074778,1525,2021-06-28 18:01:39,52.203865,06
128,147,21.174523,1526,2021-06-28 18:01:38,52.206155,09
129,198,21.242119,1528,2021-06-28 18:01:47,52.216706,3
130,702,21.12649,1530,2021-06-28 18:01:48,52.23425,03
131,198,21.223431,1531,2021-06-28 18:01:41,52.249468,2
132,115,21.170305,1533,2021-06-28 18:01:38,52.2771333,2
133,142,21.090698,1534,2021-06-28 18:01:32,52.244863,07
134,198,21.239239,1535,2021-06-28 18:01:27,52.216171,1
135,106,21.024844,1537,2021-06-28 18:01:40,52.241938,4
136,170,21.0807517,1538,2021-06-28 18:01:43,52.27756,4
137,120,21.047846,1539,2021-06-28 18:01:42,52.361758,1
138,199,21.1798117,1540,2021-06-28 18:01:30,52.2691767,1
139,156,21.051964,1541,2021-06-28 18:01:39,52.253005,1
140,170,21.050423,1542,2021-06-28 18:01:28,52.256819,1
141,156,20.961221,1543,2021-06-28 18:01:46,52.275509,3
142,338,21.0912167,1544,2021-06-28 18:01:26,52.263795,01
143,122,20.9613167,1546,2021-06-28 18:01:41,52.259245,013
144,338,21.100778,1548,2021-06-28 18:01:37,52.260606,04
145,199,21.070696,1549,2021-06-28 18:01:37,52.281146,2
146,170,21.040981,1550,2021-06-28 18:01:38,52.253545,3
147,240,21.0285517,1551,2021-06-28 18:01:38,52.2989367,3
148,221,20.96188,1552,2021-06-28 18:01:27,52.25898,2
149,106,21.0204817,1554,2021-06-28 18:01:32,52.24322,06
150,L-4,20.90963,17451,2021-06-28 18:01:47,52.097755,1
151,L26,21.195425,17452,2021-06-28 18:01:41,52.33939,02
152,L37,21.217834,17453,2021-06-28 17:30:49,52.31118,1
153,L40,21.241701,17454,2021-06-28 17:42:52,52.347198,1
154,L36,21.227043,17456,2021-06-28 18:01:45,52.347805,1
155,L35,21.314096,17458,2021-06-28 18:01:46,52.352909,1
156,L26,21.152729,17460,2021-06-28 18:01:48,52.311638,1
157,L46,21.085203,17461,2021-06-28 18:01:38,52.304676,1
158,L43,21.154993,17462,2021-06-28 18:01:29,52.296944,1
159,L45,21.097887,17464,2021-06-28 18:01:45,52.410385,02
160,L45,21.085236,17465,2021-06-28 18:01:44,52.304893,1
161,L38,21.253003,17466,2021-06-28 18:01:46,52.328187,1
162,L37,21.230644,17467,2021-06-28 18:01:44,52.344719,2
163,L40,21.099516,17468,2021-06-28 18:01:46,52.335815,02
164,197,20.9397316,1800,2021-06-28 18:01:46,52.2453398,4
165,110,20.8994855,1801,2021-06-28 18:01:41,52.325739,4
166,132,21.0683103,1802,2021-06-28 18:01:38,52.3238956,1
167,166,21.0297741,1803,2021-06-28 18:01:45,52.2302545,8
168,122,20.924056,1804,2021-06-28 18:01:45,52.25343,5
169,173,21.1283755,1805,2021-06-28 18:01:45,52.2343858,4
170,204,21.0603293,1806,2021-06-28 18:01:40,52.3151435,3
171,122,20.8968415,1807,2021-06-28 18:01:31,52.2404485,4
172,303,20.939775,1808,2021-06-28 18:01:35,52.301239,1
173,147,21.2429271,1809,2021-06-28 18:01:46,52.2191768,1
174,166,21.0271658,1810,2021-06-28 18:01:44,52.2599625,2
175,152,21.043346,1811,2021-06-28 10:10:53,52.266126,06
176,204,21.0231631,1812,2021-06-28 18:01:46,52.2773031,2
177,736,21.0291088,1813,2021-06-28 18:01:39,52.3378863,1
178,147,21.067405,1814,2021-06-28 18:01:29,52.225979,07
179,240,21.000797,1815,2021-06-28 18:01:43,52.2916746,2
180,197,20.9424236,1817,2021-06-28 18:01:45,52.2284486,9
181,240,21.0595903,1818,2021-06-28 18:01:40,52.3034033,05
182,221,20.9940855,1819,2021-06-28 18:01:44,52.2594361,1
183,117,21.005128,1823,2021-06-28 18:01:41,52.22955,05
184,146,21.2047125,1826,2021-06-28 18:01:45,52.1594628,4
185,183,21.1917238,1828,2021-06-28 18:01:40,52.2386831,3
186,147,21.1067146,1829,2021-06-28 18:01:39,52.210472,5
187,722,21.2223556,1830,2021-06-28 18:01:46,52.2238673,1
188,147,21.1169918,1832,2021-06-28 09:25:20,52.2330478,09
189,146,21.1704605,1833,2021-06-28 18:01:26,52.1598073,5
190,202,21.116848,1834,2021-06-28 09:35:30,52.233074,04
191,115,21.156751,1835,2021-06-28 18:01:37,52.256062,3
192,168,20.9958413,1837,2021-06-28 18:01:35,52.1930025,07
193,183,21.0896146,1839,2021-06-28 18:01:40,52.2450815,1
194,202,21.043262,1840,2021-06-28 18:01:41,52.2461375,05
195,146,21.04276,1842,2021-06-28 18:01:27,52.243181,07
196,183,21.146988,1843,2021-06-28 18:01:44,52.250495,2
197,119,21.004956,1844,2021-06-28 18:01:38,52.210308,3
198,115,21.24201,1846,2021-06-28 18:01:27,52.169955,5
199,730,21.377813,1847,2021-06-28 18:01:44,52.199518,61
200,119,21.1611571,1848,2021-06-28 18:01:44,52.2098315,4
201,173,21.1679115,1849,2021-06-28 18:01:39,52.2422998,9
202,183,21.162376,1850,2021-06-28 18:01:36,52.254731,4
203,173,21.2175641,1851,2021-06-28 18:01:35,52.2144445,1
204,722,21.3300066,1854,2021-06-28 18:01:43,52.1409148,53
205,147,21.0431528,1855,2021-06-28 18:01:38,52.24711,3
206,146,21.0521326,1856,2021-06-28 18:01:42,52.2374761,1
207,117,21.0391785,1857,2021-06-28 18:01:39,52.235611,2
208,115,21.1777805,1858,2021-06-28 18:01:40,52.249195,1
209,146,21.204441,1859,2021-06-28 18:01:43,52.1594653,09
210,115,21.1861068,1860,2021-06-28 18:01:38,52.1872583,6
211,119,21.003984,1862,2021-06-28 18:01:40,52.2046978,2
212,173,21.1644098,1863,2021-06-28 18:01:39,52.2416218,3
213,146,21.092784,1866,2021-06-28 18:01:37,52.219288,3
214,183,21.1098096,1867,2021-06-28 18:01:34,52.2406446,5
215,147,21.072466,1869,2021-06-28 18:01:39,52.2251828,08
216,251,21.0908796,1903,2021-06-28 18:01:47,52.1545631,53
217,168,21.0301709,1904,2021-06-28 18:01:47,52.2067308,09
218,739,21.0458309,1905,2021-06-28 18:01:42,52.0860161,07
219,251,20.9952953,1906,2021-06-28 18:01:44,52.1858451,52
220,251,21.079576,1907,2021-06-28 18:01:36,52.167141,54
221,178,20.983847,1908,2021-06-28 18:01:38,52.1932134,012
222,222,21.0233441,1909,2021-06-28 18:01:40,52.1946227,2
223,222,21.0136481,1910,2021-06-28 18:01:38,52.2459057,5
224,139,21.0926764,1911,2021-06-28 18:01:45,52.1050262,56
225,222,21.024317,1912,2021-06-28 18:01:46,52.196918,6
226,251,21.1230777,1914,2021-06-28 18:01:46,52.0895422,51
227,222,21.017864,1916,2021-06-28 18:01:47,52.23756,3
228,139,21.0372457,1917,2021-06-28 18:01:46,52.1768654,52
229,739,21.032461,1918,2021-06-28 18:01:43,52.09494,08
230,251,21.024101,1919,2021-06-28 18:01:46,52.179634,55
231,222,20.995865,1920,2021-06-28 18:01:45,52.193481,1
232,178,20.9796354,1991,2021-06-28 18:01:48,52.2293232,010
233,178,20.883411,1993,2021-06-28 18:01:47,52.195377,1
234,168,21.0679277,1994,2021-06-28 18:01:46,52.2039215,08
235,178,21.0168476,1995,2021-06-28 18:01:47,52.2368367,3
236,178,20.9099199,1996,2021-06-28 18:01:46,52.1945552,6
237,178,21.004055,1998,2021-06-28 18:01:47,52.255417,4
238,178,20.9365346,1999,2021-06-28 18:01:47,52.2017714,013
239,105,20.939556,2001,2021-06-28 18:01:47,52.226078,1
240,136,20.960709,2003,2021-06-28 18:01:46,52.217339,6
241,Z10,20.91497,2006,2021-06-28 18:01:43,52.234352,3
242,188,20.984037,2007,2021-06-28 18:01:47,52.19973,09
243,517,20.861689,2008,2021-06-28 18:01:46,52.190979,07
244,191,20.9083364,2009,2021-06-28 18:01:46,52.1924476,3
245,184,20.9557727,2010,2021-06-28 18:01:47,52.2277765,4
246,124,20.930384,2011,2021-06-28 18:01:47,52.1633,03
247,401,21.0252457,2013,2021-06-28 18:01:47,52.1734832,1
248,182,21.0142407,2014,2021-06-28 18:01:47,52.2169724,012
249,171,20.9300185,2015,2021-06-28 18:01:48,52.2860142,1
250,401,20.861924,2016,2021-06-28 18:01:47,52.1904779,011
251,190,21.0333502,2019,2021-06-28 18:01:47,52.2541587,014
252,191,20.953432,2020,2021-06-28 18:01:44,52.212578,7
253,401,20.867365,2021,2021-06-28 18:01:46,52.197247,5
254,522,21.0576407,2022,2021-06-28 18:01:44,52.1798501,013
255,193,21.0267559,2023,2021-06-28 18:01:46,52.1735165,06
256,189,20.9305581,2024,2021-06-28 18:01:45,52.1958519,14
257,401,20.979473,2026,2021-06-28 18:01:47,52.183552,8
258,522,21.071369,2027,2021-06-28 18:01:45,52.16106,318
259,519,21.0028494,2028,2021-06-28 18:01:46,52.2297109,3
260,501,21.029365,2029,2021-06-28 18:01:46,52.2069046,3
261,189,20.9153545,2030,2021-06-28 18:01:47,52.2283874,9
262,131,21.0688097,2032,2021-06-28 18:01:47,52.1815319,10
263,522,21.033403,2033,2021-06-28 18:01:40,52.204254,07
264,189,20.8987474,2035,2021-06-28 18:01:45,52.2387309,12
265,519,21.0212334,2036,2021-06-28 18:01:47,52.2110811,5
266,501,21.012697,2037,2021-06-28 18:01:46,52.22831,5
267,138,21.016033,2038,2021-06-28 18:01:47,52.21624,010
268,501,21.0488731,2040,2021-06-28 18:01:45,52.1781817,2
269,189,20.9136394,2041,2021-06-28 18:01:45,52.2117327,8
270,138,21.060863,2042,2021-06-28 18:01:47,52.262394,012
271,401,20.930128,2044,2021-06-28 18:01:47,52.195553,012
272,172,20.975651,2045,2021-06-28 18:01:47,52.211292,010
273,172,20.955551,2200,2021-06-28 18:01:46,52.212009,4
274,523,21.088922,2201,2021-06-28 18:01:47,52.25021,14
275,187,21.054943,2202,2021-06-28 18:01:46,52.18132,3
276,136,21.0561374,2203,2021-06-28 18:01:46,52.1476857,1
277,Z10,20.9296519,2204,2021-06-28 18:01:47,52.2233609,010
278,171,20.914038,2205,2021-06-28 18:01:45,52.252087,011
279,189,20.898829,2207,2021-06-28 18:01:47,52.238777,10
280,190,20.9349414,2209,2021-06-28 18:01:47,52.2400369,8
281,172,21.028948,2210,2021-06-28 18:01:47,52.200363,2
282,122,20.981155,2212,2021-06-28 18:01:47,52.283077,6
283,122,20.8987481,2213,2021-06-28 18:01:47,52.2386297,07
284,136,21.055882,2215,2021-06-28 18:01:40,52.147552,11
285,190,20.9213679,2216,2021-06-28 18:01:48,52.1974222,018
286,401,20.8616939,2217,2021-06-28 18:01:47,52.1905864,09
287,Z10,20.9169672,2218,2021-06-28 18:01:47,52.222058,5
288,148,21.0152381,2221,2021-06-28 18:01:47,52.1534612,8
289,523,21.084625,2222,2021-06-28 18:01:47,52.243401,1
290,191,20.89607,2223,2021-06-28 18:01:46,52.19413,9
291,189,21.0689312,2224,2021-06-28 18:01:46,52.1813444,2
292,191,20.983854,2225,2021-06-28 18:01:46,52.218216,5
293,517,20.977318,2226,2021-06-28 18:01:43,52.217556,3
294,136,21.0557079,2231,2021-06-28 18:01:44,52.1474197,013
295,189,20.899309,2232,2021-06-28 18:01:47,52.238579,11
296,317,20.944324,2233,2021-06-28 18:01:47,52.175365,08
297,Z10,20.924313,2235,2021-06-28 18:01:43,52.260365,011
298,317,21.082031,2236,2021-06-28 18:01:47,52.16663,4
299,187,21.053582,2240,2021-06-28 18:01:44,52.1803027,2
300,136,21.00259,2241,2021-06-28 18:01:47,52.177906,9
301,191,20.8703304,2243,2021-06-28 18:01:47,52.1834982,1
302,171,20.9935164,2244,2021-06-28 18:01:46,52.2419722,4
303,Z10,20.9134697,2245,2021-06-28 18:01:47,52.2520119,9
304,717,20.9475,2247,2021-06-28 18:01:44,52.208793,3
305,317,21.0438679,2249,2021-06-28 18:01:46,52.1731777,06
306,189,21.0408491,2252,2021-06-28 18:01:47,52.1703262,4
307,112,20.931925,2253,2021-06-28 18:01:47,52.267956,2
308,191,20.9538467,2254,2021-06-28 18:01:45,52.2131991,010
309,141,21.0343009,2256,2021-06-28 18:01:47,52.2017111,013
310,172,21.024345,2257,2021-06-28 18:01:46,52.200121,7
311,317,20.9601451,2258,2021-06-28 18:01:46,52.1844947,1
312,187,21.01737,2259,2021-06-28 18:01:46,52.217392,4
313,L48,21.303106,23481,2021-06-28 04:38:21,52.203297,1
314,L47,21.303032,23482,2021-06-28 18:01:44,52.251152,02
315,L47,21.297997,23483,2021-06-28 18:01:48,52.241493,1
316,L20,21.398302,24511,2021-06-28 18:01:48,52.130795,1
317,L20,21.471601,24512,2021-06-28 13:52:17,52.132278,1
318,L20,21.266848,24513,2021-06-28 18:01:48,52.101368,03
319,L20,21.471657,24515,2021-06-28 17:31:13,52.132061,2
320,245,21.061468,3400,2021-06-28 18:01:32,52.27342,2
321,112,21.05696,3401,2021-06-28 18:01:41,52.2986886,018
322,412,21.0908693,3403,2021-06-28 18:01:44,52.3057396,01
323,112,21.04145,3404,2021-06-28 18:01:38,52.291766,7
324,412,21.068473,3405,2021-06-28 18:01:37,52.323258,05
325,500,21.0407101,3406,2021-06-28 18:01:44,52.2884296,08
326,500,21.0417481,3408,2021-06-28 18:01:44,52.3002846,2
327,160,21.0477696,3409,2021-06-28 18:01:46,52.2638836,013
328,245,21.052898,3410,2021-06-28 18:01:41,52.276539,05
329,114,20.930848,3411,2021-06-28 18:01:40,52.292696,011
330,500,21.0247506,3413,2021-06-28 18:01:43,52.2651125,1
331,190,21.0885411,3414,2021-06-28 18:01:44,52.303042,027
332,114,21.0298508,3415,2021-06-28 18:01:38,52.2881021,09
333,114,20.9715626,3416,2021-06-28 18:01:43,52.2645263,010
334,738,21.0647728,3417,2021-06-28 18:01:46,52.273826,3
335,738,21.054896,3418,2021-06-28 18:01:32,52.27557,4
336,190,21.0577486,3421,2021-06-28 18:01:43,52.2653113,021
337,500,21.0472418,3422,2021-06-28 18:01:37,52.2839365,4
338,185,21.0448066,3423,2021-06-28 18:01:44,52.1494716,10
339,512,21.0427548,3424,2021-06-28 18:01:42,52.249355,2
340,512,21.0704595,3426,2021-06-28 18:01:47,52.2902918,3
341,169,21.034918,3427,2021-06-28 18:01:28,52.255819,2
342,185,21.0492003,3428,2021-06-28 18:01:44,52.1533783,7
343,500,20.9820583,3429,2021-06-28 18:01:48,52.253205,6
344,169,21.0326996,3430,2021-06-28 18:01:45,52.2992471,3
345,112,20.934004,3431,2021-06-28 18:01:43,52.271611,3
346,Z26,21.0348675,3432,2021-06-28 18:01:44,52.2552026,1
347,Z26,21.015899,3434,2021-06-28 18:01:27,52.246818,6
348,175,20.9778826,3435,2021-06-28 18:01:45,52.1695531,55
349,509,20.982819,3437,2021-06-28 18:01:37,52.3087286,5
350,132,20.9681681,3438,2021-06-28 18:01:45,52.2719556,06
351,738,21.2027595,3439,2021-06-28 18:01:45,52.4096536,1
352,414,21.042601,3440,2021-06-28 18:01:37,52.299123,07
353,512,21.0471275,3441,2021-06-28 18:01:45,52.2600561,5
354,500,20.9825276,3442,2021-06-28 18:01:41,52.255168,7
355,509,21.0723638,3443,2021-06-28 18:01:44,52.2251311,11
356,245,21.1303986,3444,2021-06-28 18:01:37,52.286131,04
357,145,21.1220471,3445,2021-06-28 18:01:42,52.2650315,8
358,509,21.0175376,3446,2021-06-28 18:01:45,52.2700628,14
359,162,21.0274635,3447,2021-06-28 18:01:42,52.2597248,6
360,190,20.9222598,3448,2021-06-28 18:01:42,52.2402335,2
361,112,20.962965,3449,2021-06-28 18:01:29,52.2752895,9
362,112,20.897531,3450,2021-06-28 18:01:46,52.221189,12
363,114,21.043474,3451,2021-06-28 09:14:51,52.2654126,09
364,145,21.1152306,3452,2021-06-28 18:01:42,52.2776356,015
365,527,21.0463218,3453,2021-06-28 18:01:46,52.2812495,2
366,190,20.8997285,3454,2021-06-28 18:01:45,52.2390815,1
367,145,21.0882565,3455,2021-06-28 18:01:40,52.244741,5
368,509,20.9906253,3458,2021-06-28 18:01:45,52.3022755,355
369,245,21.1124046,3459,2021-06-28 18:01:45,52.2810313,1
370,190,21.0006443,3460,2021-06-28 18:01:44,52.2442316,022
371,114,20.93833,3462,2021-06-28 18:01:29,52.275458,2
372,190,21.0576006,3463,2021-06-28 18:01:38,52.2652465,6
373,500,21.0198085,3464,2021-06-28 18:01:43,52.263307,5
374,114,21.0195605,3465,2021-06-28 18:01:38,52.2894551,6
375,112,20.8830701,3466,2021-06-28 18:01:36,52.2148938,1
376,509,21.098558,3467,2021-06-28 18:01:45,52.223853,022
377,245,21.0746451,3468,2021-06-28 18:01:45,52.286268,03
378,114,20.9350683,3469,2021-06-28 18:01:45,52.2729193,7
379,L17,21.018562,36442,2021-06-28 18:01:48,51.965775,02
380,L19,21.029413,36443,2021-06-28 17:49:33,52.07513,1
381,L17,21.029455,36444,2021-06-28 18:01:46,52.074577,1
382,L19,21.025656,36445,2021-06-28 18:01:47,51.956738,02
383,L30,21.213009,36446,2021-06-28 18:01:49,51.942177,1
384,L28,21.116077,36447,2021-06-28 18:01:45,52.102623,1
385,L30,21.11529,36448,2021-06-28 18:01:47,51.9524,02
386,L42,21.116154,37531,2021-06-28 18:01:45,52.102638,52
387,L21,21.218504,37533,2021-06-28 18:01:39,52.025379,1
388,L16,21.152826,37534,2021-06-28 18:01:46,52.135048,1
389,L14,21.20191,37535,2021-06-28 18:01:47,52.079735,1
390,L15,21.130436,37536,2021-06-28 18:01:47,52.050171,51
391,L39,21.044779,38541,2021-06-28 18:01:46,52.085155,4
392,L23,21.017309,38543,2021-06-28 18:01:47,52.067497,M53
393,L23,21.029461,38544,2021-06-28 18:01:46,52.075043,052
394,L39,21.024374,38545,2021-06-28 18:01:45,52.062004,3
395,L32,21.03689,38546,2021-06-28 18:01:44,52.076561,1
396,L39,21.004555,38547,2021-06-28 05:46:58,52.110222,1
397,L39,21.04817,38548,2021-06-28 18:01:44,52.088253,2
398,L23,21.022005,38549,2021-06-28 18:01:48,52.075012,51
399,L52,20.994967,38550,2021-06-28 18:01:49,52.041351,1
400,L-2,21.006716,39551,2021-06-28 18:01:46,52.054398,062
401,L-2,20.989594,39552,2021-06-28 18:01:47,52.049324,063
402,L25,21.095392,39554,2021-06-28 18:01:49,52.011993,02
403,L25,21.089569,39555,2021-06-28 18:01:43,52.022633,1
404,L12,21.028923,39556,2021-06-28 18:01:48,52.073952,061
405,L12,21.029404,39557,2021-06-28 18:01:47,52.075474,64
406,L12,20.880402,39558,2021-06-28 18:01:49,52.021416,65
407,L13,21.036766,39560,2021-06-28 18:01:48,52.027355,1
408,L13,21.201599,39561,2021-06-28 18:01:49,51.988026,03
409,L13,21.026096,39562,2021-06-28 18:01:47,52.075478,2
410,L-5,20.961796,39565,2021-06-28 18:01:48,52.066666,1
411,255,20.929352,4200,2021-06-28 18:01:48,52.224304,2
412,703,20.8840455,4202,2021-06-28 18:01:46,52.1290219,52
413,197,20.9757941,4205,2021-06-28 18:01:46,52.2897857,2
414,902,20.9223249,4206,2021-06-28 16:30:27,52.1964574,M1
415,255,20.933006,4207,2021-06-28 18:01:46,52.221519,03
416,154,20.960226,4209,2021-06-28 18:01:42,52.218273,4
417,178,20.89596,4210,2021-06-28 18:01:47,52.185661,011
418,154,20.965895,4211,2021-06-28 18:01:46,52.21822,010
419,711,20.800201,4212,2021-06-28 18:01:46,52.091003,063
420,154,20.8964317,4213,2021-06-28 18:01:46,52.2402317,1
421,154,20.9759034,4214,2021-06-28 18:01:47,52.2111452,8
422,711,20.942287,4215,2021-06-28 18:01:44,52.175232,061
423,122,20.9147661,4216,2021-06-28 18:01:44,52.2515204,3
424,197,20.953655,4217,2021-06-28 18:01:44,52.276283,3
425,197,20.959938,4218,2021-06-28 18:01:47,52.281574,1
426,255,20.982685,4219,2021-06-28 18:01:46,52.230263,1
427,197,20.931818,4221,2021-06-28 18:01:46,52.2539797,10
428,129,20.913475,4224,2021-06-28 18:01:45,52.198986,2
429,121,20.956999,4225,2021-06-28 18:01:47,52.282837,03
430,197,20.904675,4227,2021-06-28 18:01:45,52.217312,5
431,154,20.937386,4228,2021-06-28 18:01:47,52.171902,6
432,902,21.045011,4229,2021-06-28 18:01:46,52.2484899,M2
433,154,20.9809439,4230,2021-06-28 18:01:44,52.1906686,7
434,178,20.895792,4231,2021-06-28 18:01:46,52.185757,9
435,178,20.9573775,4232,2021-06-28 18:01:47,52.228162,7
436,714,20.808659,4233,2021-06-28 18:01:46,52.273048,3
437,729,20.795607,4234,2021-06-28 18:01:46,52.264019,02
438,714,20.9501286,4235,2021-06-28 18:01:46,52.2386544,2
439,L-3,20.829247,42362,2021-06-28 18:01:48,52.034214,02
440,154,20.9608405,4237,2021-06-28 18:01:47,52.1842684,5
441,154,20.898005,4238,2021-06-28 18:01:46,52.247906,3
442,178,20.959547,4239,2021-06-28 18:01:46,52.215591,8
443,154,20.9421019,4240,2021-06-28 18:01:47,52.2303007,011
444,714,20.919968,4241,2021-06-28 18:01:47,52.239952,04
445,154,20.898464,4242,2021-06-28 18:01:48,52.2584,2
446,154,20.913353,4243,2021-06-28 18:01:46,52.239063,09
447,901,21.0267626,4244,2021-06-28 18:01:46,52.2299774,1
448,901,21.0042629,4246,2021-06-28 18:01:47,52.230894,3
449,714,20.885057,4247,2021-06-28 18:01:48,52.241138,1
450,729,20.911943,4248,2021-06-28 18:01:47,52.238907,1
451,121,20.9251495,4249,2021-06-28 18:01:46,52.2725816,2
452,L-1,20.973883,42494,2021-06-28 18:01:50,52.073376,1
453,L-4,21.0165,42495,2021-06-28 06:12:56,52.098907,2
454,L-3,21.018841,42500,2021-06-28 18:01:43,52.066162,1
455,146,21.0969375,4303,2021-06-28 18:01:47,52.217547,06
456,119,21.1342221,4304,2021-06-28 18:01:47,52.2026236,07
457,117,21.0670522,4305,2021-06-28 18:01:48,52.2249291,4
458,147,21.0522889,4307,2021-06-28 18:01:48,52.2502877,010
459,142,21.1348999,4308,2021-06-28 18:01:48,52.1843627,08
460,198,21.2236396,4309,2021-06-28 18:01:45,52.253787,04
461,702,21.2628624,4312,2021-06-28 18:01:47,52.1080942,1
462,105,16.9750897,4332,2021-06-26 13:35:37,52.5472771,4
463,N72,16.9763326,4333,2021-06-28 15:21:54,52.5456077,215
464,240,21.117216,4400,2021-06-28 18:01:47,52.337788,1
465,132,21.0667174,4401,2021-06-28 18:01:47,52.3242905,09
466,126,20.969842,4402,2021-06-28 18:01:47,52.3239112,2
467,120,21.050936,4403,2021-06-28 18:01:47,52.252575,5
468,166,21.0373,4404,2021-06-28 18:01:47,52.234737,3
469,156,21.0615057,4406,2021-06-28 18:01:47,52.2699476,2
470,122,20.96196,4407,2021-06-28 18:01:44,52.259258,010
471,134,21.0023709,4408,2021-06-28 18:01:47,52.2901267,05
472,106,21.016819,4409,2021-06-28 18:01:45,52.239712,1
473,199,21.069082,4411,2021-06-28 18:01:46,52.279579,3
474,173,21.250015,4413,2021-06-28 18:01:47,52.249374,2
475,106,20.9659615,4415,2021-06-28 18:01:47,52.2438582,2
476,106,20.976772,4416,2021-06-28 18:01:43,52.232746,07
477,170,21.0218892,4417,2021-06-28 18:01:47,52.2624967,2
478,106,20.971479,4418,2021-06-28 18:01:43,52.231609,3
479,120,21.0618319,4419,2021-06-28 18:01:45,52.3096069,7
480,901,21.00149,4420,2021-06-28 18:01:44,52.229294,4
481,126,21.0317771,4421,2021-06-28 18:01:45,52.28865,1
482,338,21.0337705,4422,2021-06-28 18:01:47,52.259096,02
483,106,21.025061,4423,2021-06-28 18:01:47,52.241604,5
484,901,21.014805,4424,2021-06-28 18:01:46,52.23045,2
485,156,21.028799,4425,2021-06-28 18:01:48,52.287918,5
486,166,21.044622,4427,2021-06-28 18:01:47,52.176041,4
487,156,20.9281024,4428,2021-06-28 18:01:44,52.2908587,4
488,303,20.986322,4429,2021-06-28 18:01:44,52.269485,2
489,106,21.0079505,4430,2021-06-28 18:01:46,52.2386935,08
490,338,21.0600724,4434,2021-06-28 18:01:48,52.2626284,03
491,122,20.9449094,5200,2021-06-28 18:01:36,52.2687325,08
492,171,20.9374081,5201,2021-06-28 18:01:38,52.2396377,8
493,517,20.9516834,5202,2021-06-28 18:01:37,52.2118857,09
494,523,20.992768,5203,2021-06-28 18:01:27,52.216643,020
495,401,20.921469,5204,2021-06-28 18:01:43,52.197886,013
496,105,20.8989605,5205,2021-06-28 18:01:43,52.2388265,5
497,131,21.0482468,5206,2021-06-28 18:01:43,52.2068605,2
498,182,21.112961,5207,2021-06-28 18:01:45,52.2362015,011
499,517,20.9905357,5208,2021-06-28 18:01:42,52.2250675,2
500,184,20.964453,5210,2021-06-28 18:01:33,52.208159,2
501,105,20.967561,5211,2021-06-28 18:01:35,52.228503,09
502,523,21.039663,5212,2021-06-28 18:01:38,52.2230729,015
503,Z10,20.9126916,5213,2021-06-28 18:01:47,52.2428042,1
504,184,20.9611086,5214,2021-06-28 18:01:40,52.2168435,1
505,523,20.9144143,5215,2021-06-28 18:01:46,52.2390923,7
506,131,21.0235263,5216,2021-06-28 18:01:41,52.2114312,8
507,189,20.9220571,5217,2021-06-28 16:49:01,52.1957361,11
508,122,20.926998,5218,2021-06-28 18:01:31,52.263579,011
509,401,20.8688694,5219,2021-06-28 18:01:44,52.1979736,6
510,124,20.943518,5222,2021-06-28 18:01:44,52.1760648,1
511,190,20.9932082,5223,2021-06-28 18:01:44,52.2415781,7
512,517,20.87563,5224,2021-06-28 18:01:42,52.198631,4
513,523,20.9556047,5225,2021-06-28 18:01:42,52.2372685,6
514,401,20.9036975,5226,2021-06-28 18:01:39,52.1934934,4
515,189,21.0538167,5227,2021-06-28 18:01:42,52.18028,024
516,124,20.9463918,5228,2021-06-28 18:01:40,52.1574941,2
517,131,21.0036752,5229,2021-06-28 18:01:38,52.2292047,5
518,523,20.9927208,5230,2021-06-28 18:01:42,52.2164166,016
519,189,20.9487671,5232,2021-06-28 18:01:43,52.1920086,7
520,148,20.9889126,5233,2021-06-28 18:01:46,52.156424,011
521,105,20.896245,5234,2021-06-28 18:01:40,52.2177,011
522,105,20.9237642,5235,2021-06-28 18:01:42,52.221718,3
523,517,21.0034099,5236,2021-06-28 18:01:47,52.2282892,1
524,171,21.0224366,5237,2021-06-28 18:01:40,52.2296307,6
525,401,20.8970434,5238,2021-06-28 18:01:40,52.1959718,7
526,182,21.0937811,5239,2021-06-28 18:01:41,52.2351447,9
527,184,20.9579167,5240,2021-06-28 18:01:45,52.2235215,3
528,187,20.8659956,5241,2021-06-28 18:01:40,52.1965521,8
529,190,20.8967469,5243,2021-06-28 18:01:46,52.2352897,011
530,189,20.9953435,5244,2021-06-28 18:01:38,52.1795435,018
531,105,20.8989305,5245,2021-06-28 18:01:43,52.2387515,6
532,148,21.1002414,5246,2021-06-28 18:01:38,52.2391908,012
533,716,20.8625638,5247,2021-06-28 18:01:42,52.1950724,1
534,141,20.9817396,5248,2021-06-28 18:01:43,52.1916099,7
535,317,20.943612,5249,2021-06-28 18:01:42,52.1758731,2
536,188,21.006368,5250,2021-06-28 18:01:40,52.217213,3
537,187,21.0453149,5251,2021-06-28 18:01:46,52.2202922,1
538,189,20.897131,5253,2021-06-28 18:01:38,52.2282254,020
539,401,21.0265954,5254,2021-06-28 18:01:36,52.1703189,010
540,190,21.045974,5255,2021-06-28 18:01:40,52.259669,016
541,148,21.0975856,5256,2021-06-28 18:01:47,52.2178399,1
542,716,20.930411,5257,2021-06-28 18:01:34,52.22507,2
543,188,20.9837566,5258,2021-06-28 18:01:41,52.197338,4
544,105,20.908756,5260,2021-06-28 18:01:29,52.218401,08
545,723,20.916235,5401,2021-06-28 18:01:48,52.399853,3
546,185,20.975798,5403,2021-06-28 18:01:47,52.289696,3
547,145,21.128387,5404,2021-06-28 18:01:47,52.23476,4
548,269,21.0543012,5405,2021-06-28 18:01:45,52.2743844,05
549,509,21.0307772,5406,2021-06-28 18:01:47,52.2552192,13
550,120,21.0497606,5407,2021-06-28 18:01:48,52.3403131,2
551,527,21.046391,5408,2021-06-28 18:01:46,52.273502,054
552,E-9,20.968092,5409,2021-06-28 18:01:43,52.272034,01
553,731,21.000837,5410,2021-06-28 18:01:45,52.291271,1
554,723,20.9186169,5412,2021-06-28 18:01:47,52.3774371,4
555,705,21.069895,5413,2021-06-28 18:01:47,52.474068,66
556,511,20.9426405,5414,2021-06-28 18:01:47,52.3486194,1
557,723,21.0003611,5416,2021-06-28 18:01:46,52.2932225,1
558,E-9,20.9675544,5417,2021-06-28 18:01:47,52.2719509,02
559,511,20.929731,5418,2021-06-28 18:01:47,52.292816,2
560,120,21.0482302,5419,2021-06-28 18:01:46,52.2880749,3
561,160,21.0598106,5420,2021-06-28 18:01:47,52.3248989,5
562,511,20.9318317,5421,2021-06-28 18:01:47,52.2944019,3
563,160,21.048056,5423,2021-06-28 18:01:45,52.276337,012
564,511,20.966381,5424,2021-06-28 18:01:46,52.32988,06
565,116,21.0232047,5425,2021-06-28 18:01:46,52.2280777,4
566,116,20.960817,5426,2021-06-28 18:01:45,52.2756906,11
567,527,21.048456,5428,2021-06-28 18:01:45,52.288872,1
568,731,20.9409929,5429,2021-06-28 18:01:47,52.3686322,2
569,145,21.0003027,5430,2021-06-28 18:01:47,52.2913625,11
570,160,21.053133,5432,2021-06-28 18:01:45,52.276157,7
571,414,21.040009,5434,2021-06-28 18:01:47,52.288147,08
572,527,21.06844,5436,2021-06-28 18:01:46,52.3234271,3
573,705,21.052532,5437,2021-06-28 18:01:47,52.441811,1
574,731,20.9458839,5438,2021-06-28 18:01:47,52.4012789,4
575,738,21.191952,5439,2021-06-28 18:01:46,52.413982,2
576,735,21.0210712,5441,2021-06-28 18:01:45,52.4376707,64
577,160,21.00265,5443,2021-06-28 18:01:47,52.2295695,2
578,E-9,21.058397,5444,2021-06-28 18:01:47,52.306023,04
579,705,21.048461,5445,2021-06-28 03:52:31,52.264575,65
580,735,21.028971,5446,2021-06-28 18:01:46,52.374775,62
581,114,20.924046,5447,2021-06-28 18:01:43,52.281075,08
582,735,20.9681242,5448,2021-06-28 18:01:46,52.2720204,63
583,160,21.001255,5449,2021-06-28 18:01:47,52.229485,3
584,511,20.937792,5453,2021-06-28 18:01:46,52.274811,4
585,160,20.997742,5454,2021-06-28 18:01:47,52.234665,09
586,169,21.041864,5455,2021-06-28 18:01:45,52.300217,4
587,269,21.040926,5457,2021-06-28 18:01:45,52.289028,04
588,180,20.940109,5459,2021-06-28 18:01:46,52.269966,016
589,705,20.989744,5460,2021-06-28 18:01:46,52.303364,65
590,175,20.990173,5870,2021-06-28 18:01:48,52.223133,53
591,175,21.0127739,5871,2021-06-28 18:01:48,52.24323,59
592,503,21.004782,5873,2021-06-28 18:01:46,52.249573,1
593,175,20.988707,5874,2021-06-28 18:01:45,52.224949,58
594,138,20.99634,5875,2021-06-28 18:01:44,52.177795,011
595,331,20.996315,5876,2021-06-28 18:01:44,52.185818,01
596,180,20.9551717,5877,2021-06-28 18:01:46,52.2616222,017
597,709,21.017809,5878,2021-06-28 18:01:46,52.148483,013
598,175,21.018139,5880,2021-06-28 18:01:45,52.236366,070
599,503,21.002111,5881,2021-06-28 18:01:38,52.181774,5
600,175,20.978228,5882,2021-06-28 18:01:43,52.169437,56
601,180,20.980579,5883,2021-06-28 18:01:45,52.245026,10
602,503,20.998079,5885,2021-06-28 18:01:43,52.18679,5
603,180,21.059385,5886,2021-06-28 18:01:44,52.190907,13
604,128,20.963457,5887,2021-06-28 18:01:44,52.20779,074
605,175,20.978188,5888,2021-06-28 18:01:47,52.17902,069
606,180,20.92481,5889,2021-06-28 18:01:46,52.272549,8
607,128,20.972679,5890,2021-06-28 18:01:48,52.205559,62
608,180,20.925026,5891,2021-06-28 18:01:46,52.272408,7
609,504,20.998981,5892,2021-06-28 18:01:47,52.185436,010
610,503,21.030165,5893,2021-06-28 18:01:45,52.207851,3
611,128,21.012953,5894,2021-06-28 18:01:46,52.243034,066
612,503,21.002609,5895,2021-06-28 18:01:46,52.254856,12
613,503,21.019995,5897,2021-06-28 18:01:46,52.232548,2
614,128,21.018305,5898,2021-06-28 18:01:44,52.231186,071
615,128,21.012329,5899,2021-06-28 18:01:48,52.243259,51
616,158,21.117651,5900,2021-06-28 18:01:45,52.233776,5
617,175,21.018654,5902,2021-06-28 18:01:48,52.231331,52
618,158,20.990465,5903,2021-06-28 18:01:47,52.224976,8
619,503,21.044275,5905,2021-06-28 18:01:44,52.192539,8
620,128,20.97551,5906,2021-06-28 18:01:47,52.202164,63
621,503,21.038546,5907,2021-06-28 18:01:48,52.161777,7
622,175,20.978315,5908,2021-06-28 18:01:45,52.168942,068
623,175,21.006069,5909,2021-06-28 18:01:45,52.228569,067
624,128,20.963676,5910,2021-06-28 18:01:44,52.207718,073
625,111,21.102236,5911,2021-06-28 18:01:47,52.222176,4
626,116,20.987164,5913,2021-06-28 18:01:48,52.268085,12
627,175,20.984358,5915,2021-06-28 18:01:47,52.199234,54
628,128,20.994637,5918,2021-06-28 18:01:48,52.226089,60
629,158,20.987391,5920,2021-06-28 18:01:46,52.224689,1
630,116,21.033081,5921,2021-06-28 18:01:45,52.204498,15
631,175,21.1163987,5923,2021-06-28 10:17:16,52.2339737,072
632,116,21.084162,5924,2021-06-28 18:01:44,52.167892,17
633,116,21.030218,5926,2021-06-28 18:01:47,52.207508,3
634,158,21.063623,5927,2021-06-28 18:01:46,52.240559,7
635,116,21.0002179,5928,2021-06-28 18:01:46,52.2533511,5
636,175,20.985788,5929,2021-06-28 18:01:48,52.204815,57
637,158,20.949078,5930,2021-06-28 18:01:45,52.210258,9
638,158,21.104757,5931,2021-06-28 18:01:48,52.23711,3
639,116,20.979485,5932,2021-06-28 18:01:44,52.270363,6
640,111,21.0208864,5933,2021-06-28 18:01:48,52.2320374,2
641,158,21.0390509,5934,2021-06-28 18:01:44,52.2356209,4
642,503,21.002314,5935,2021-06-28 18:01:44,52.254723,11
643,503,21.016546,5936,2021-06-28 18:01:47,52.240204,10
644,111,20.979143,5937,2021-06-28 18:01:48,52.244358,10
645,158,20.949312,5939,2021-06-28 18:01:46,52.211624,2
646,175,21.012793,5942,2021-06-28 18:01:46,52.243008,072
647,111,21.0226,5943,2021-06-28 18:01:45,52.232,7
648,158,21.113506,5945,2021-06-28 18:01:47,52.235458,6
649,111,21.00104,5946,2021-06-28 18:01:47,52.244236,8
650,111,21.101997,5947,2021-06-28 18:01:45,52.222233,5
651,503,21.050179,5948,2021-06-28 18:01:46,52.144787,013
652,503,21.04109,5950,2021-06-28 18:01:45,52.170444,4
653,180,21.083761,5951,2021-06-28 18:01:48,52.16835,2
654,518,20.997227,5952,2021-06-28 18:01:45,52.288013,7
655,160,21.0024645,5954,2021-06-28 18:01:48,52.2294672,010
656,160,21.052055,5956,2021-06-28 18:01:45,52.292702,013
657,111,21.102482,5958,2021-06-28 18:01:46,52.222095,011
658,160,21.059805,5959,2021-06-28 18:01:45,52.26936,08
659,111,21.062054,5960,2021-06-28 18:01:47,52.230457,3
660,190,21.051512,5961,2021-06-28 18:01:48,52.262112,024
661,116,21.013014,5962,2021-06-28 18:01:40,52.246166,13
662,111,21.0002,5963,2021-06-28 18:01:47,52.245537,1
663,518,21.005672,5964,2021-06-28 18:01:45,52.248909,3
664,518,20.936495,5965,2021-06-28 18:01:45,52.328304,08
665,518,21.023546,5966,2021-06-28 18:01:41,52.22831,2
666,160,21.013762,5967,2021-06-28 18:01:42,52.246735,011
667,180,21.018219,5970,2021-06-28 18:01:46,52.236435,11
668,518,20.996338,5972,2021-06-28 18:01:47,52.25758,1
669,E-9,21.060259,5973,2021-06-28 18:01:47,52.312374,03
670,518,20.973362,5975,2021-06-28 18:01:48,52.277092,4
671,180,20.985863,5976,2021-06-28 18:01:46,52.246437,6
672,503,21.026485,5978,2021-06-28 18:01:47,52.213593,9
673,503,21.049885,5979,2021-06-28 18:01:47,52.144634,6
674,111,21.065495,5980,2021-06-28 18:01:45,52.233345,6
675,705,20.988705,5981,2021-06-28 18:01:47,52.303738,07
676,111,20.979456,5982,2021-06-28 18:01:47,52.24445,9
677,128,21.018066,5983,2021-06-28 18:01:44,52.231312,65
678,180,21.026495,5984,2021-06-28 18:01:44,52.213303,4
679,180,21.083891,5985,2021-06-28 18:01:48,52.167809,14
680,180,21.025291,5986,2021-06-28 18:01:45,52.219646,12
681,180,20.924568,5987,2021-06-28 18:01:44,52.272831,9
682,180,21.083879,5988,2021-06-28 18:01:47,52.167976,1
683,116,21.0847,5989,2021-06-28 18:01:45,52.1674,1
684,705,21.029217,5990,2021-06-28 18:01:43,52.379528,08
685,116,21.05546,5991,2021-06-28 18:01:44,52.181961,2
686,518,20.942081,5994,2021-06-28 18:01:46,52.334396,6
687,116,20.935308,5995,2021-06-28 18:01:43,52.278404,7
688,116,21.06628,5996,2021-06-28 18:01:45,52.172012,16
689,116,20.947832,5997,2021-06-28 18:01:46,52.277023,10
690,518,20.944654,5998,2021-06-28 18:01:45,52.319408,5
691,116,20.924746,5999,2021-06-28 18:01:46,52.272511,8
692,184,20.9209512,6200,2021-06-28 18:01:47,52.2581887,7
693,112,20.914387,6201,2021-06-28 18:01:47,52.235973,11
694,187,20.861996,6203,2021-06-28 18:01:48,52.190975,9
695,167,21.004566,6204,2021-06-28 18:01:47,52.217014,013
696,728,20.8782982,6207,2021-06-28 18:01:47,52.0819156,02
697,Z10,20.9124769,6208,2021-06-28 18:01:46,52.2413871,7
698,703,20.821472,6209,2021-06-28 18:01:47,52.100155,91
699,414,20.9561577,6210,2021-06-28 18:01:46,52.2299937,04
700,713,20.930239,6212,2021-06-28 18:01:47,52.224892,3
701,414,20.969782,6213,2021-06-28 18:01:47,52.206577,03
702,184,20.9238542,6214,2021-06-28 18:01:43,52.2609054,5
703,191,20.980082,6215,2021-06-28 18:01:44,52.215008,6
704,105,20.897396,6216,2021-06-28 18:01:47,52.222843,7
705,167,21.030001,6217,2021-06-28 18:01:47,52.206841,1
706,105,20.899061,6218,2021-06-28 18:01:47,52.238804,010
707,136,20.986443,6220,2021-06-28 18:01:47,52.210381,4
708,189,20.911301,6221,2021-06-28 18:01:44,52.228859,13
709,187,20.9480022,6222,2021-06-28 18:01:46,52.2090045,5
710,105,20.896379,6223,2021-06-28 18:01:44,52.236671,4
711,517,20.951954,6224,2021-06-28 18:01:46,52.211998,6
712,717,20.955652,6225,2021-06-28 18:01:47,52.214451,2
713,716,20.859598,6226,2021-06-28 18:01:47,52.1936,3
714,188,21.105785,6227,2021-06-28 18:01:47,52.246181,1
715,190,20.97699,6228,2021-06-28 18:01:47,52.238075,3
716,187,20.9418589,6229,2021-06-28 18:01:47,52.2049442,6
717,706,20.9395526,6231,2021-06-28 18:01:47,52.1723227,03
718,190,20.898613,6232,2021-06-28 18:01:45,52.239216,9
719,191,20.9660999,6233,2021-06-28 18:01:47,52.2148662,4
720,414,20.958841,6234,2021-06-28 18:01:43,52.221966,02
721,112,20.9118889,6236,2021-06-28 18:01:47,52.250808,10
722,114,21.0418062,6237,2021-06-28 18:01:47,52.3002364,4
723,728,20.900095,6239,2021-06-28 18:01:47,52.137779,1
724,414,20.97164,6240,2021-06-28 18:01:46,52.275944,01
725,517,20.9022204,6241,2021-06-28 18:01:45,52.1942379,5
726,182,21.081585,6242,2021-06-28 18:01:47,52.235859,7
727,706,20.9161,6243,2021-06-28 18:01:46,52.185585,2
728,L29,20.541874,65471,2021-06-28 18:01:44,52.258247,1
729,L-7,21.006742,66523,2021-06-28 18:01:42,52.260677,2
730,L-6,20.841248,66524,2021-06-28 18:01:45,52.250586,02
731,L-6,20.812557,66525,2021-06-28 18:01:45,52.260365,1
732,190,20.89884,7200,2021-06-28 18:01:47,52.238964,10
733,189,21.011883,7201,2021-06-28 18:01:47,52.174465,6
734,112,20.930513,7202,2021-06-28 18:01:46,52.265579,019
735,141,21.104206,7203,2021-06-28 18:01:46,52.237209,4
736,317,20.991365,7204,2021-06-28 18:01:47,52.177166,07
737,131,21.015785,7205,2021-06-28 18:01:45,52.221394,011
738,523,20.943834,7206,2021-06-28 18:01:45,52.239212,10
739,189,20.896484,7207,2021-06-28 18:01:46,52.235237,019
740,414,20.981113,7208,2021-06-28 18:01:46,52.281044,06
741,721,20.9432087,7212,2021-06-28 18:01:46,52.1756394,02
742,112,21.0363469,7213,2021-06-28 18:01:48,52.2965391,5
743,191,20.908134,7214,2021-06-28 18:01:47,52.192123,2
744,112,21.003441,7215,2021-06-28 18:01:47,52.290371,8
745,713,20.744381,7216,2021-06-28 18:01:44,52.214558,2
746,189,20.949757,7219,2021-06-28 18:01:46,52.19199,022
747,517,20.9177792,7220,2021-06-28 18:01:46,52.1987964,09
748,187,20.9835787,7222,2021-06-28 18:01:46,52.2161707,12
749,122,20.972485,7223,2021-06-28 18:01:47,52.26479,2
750,721,20.8297447,7225,2021-06-28 18:01:46,52.0550485,1
751,706,20.9163874,7226,2021-06-28 18:01:46,52.1340464,1
752,114,20.986921,7227,2021-06-28 18:01:47,52.269272,3
753,114,20.917101,7228,2021-06-28 18:01:47,52.312901,1
754,112,20.9138876,7229,2021-06-28 18:01:45,52.2365149,014
755,517,20.876011,7230,2021-06-28 18:01:47,52.198521,08
756,713,20.8438,7231,2021-06-28 18:01:48,52.215012,04
757,717,20.828804,7232,2021-06-28 18:01:47,52.192932,1
758,189,21.068873,7233,2021-06-28 18:01:45,52.1813042,3
759,713,20.851418,7234,2021-06-28 18:01:44,52.2153287,1
760,187,20.893127,7235,2021-06-28 18:01:46,52.192993,10
761,184,20.930956,7237,2021-06-28 18:01:47,52.292046,6
762,141,21.074387,7238,2021-06-28 18:01:47,52.232391,5
763,189,21.005426,7239,2021-06-28 18:01:44,52.178036,16
764,184,20.926779,7240,2021-06-28 18:01:46,52.247173,8
765,317,21.017233,7241,2021-06-28 18:01:46,52.173813,5
766,141,20.993273,7242,2021-06-28 18:01:47,52.196804,1
767,523,20.89859,7243,2021-06-28 18:01:48,52.258793,9
768,401,21.000935,7244,2021-06-28 18:01:47,52.1783199,3
769,187,20.893345,7245,2021-06-28 18:01:47,52.192783,7
770,190,20.9150167,7247,2021-06-28 18:01:46,52.2328664,017
771,188,20.978094,7248,2021-06-28 18:01:47,52.16951,5
772,171,20.914589,7249,2021-06-28 18:01:45,52.251595,3
773,317,21.044973,7250,2021-06-28 18:01:46,52.175137,3
774,105,20.97411,7251,2021-06-28 18:01:45,52.229191,2
775,167,20.926529,7252,2021-06-28 18:01:46,52.232636,4
776,122,20.9864727,7254,2021-06-28 18:01:45,52.2794812,1
777,191,20.9214272,7256,2021-06-28 18:01:48,52.2045456,8
778,190,20.9469297,7257,2021-06-28 18:01:46,52.2389935,012
779,187,20.9242567,7258,2021-06-28 18:01:47,52.1969374,11
780,189,20.980049,7259,2021-06-28 18:01:47,52.183403,15
781,125,21.0489119,7301,2021-06-28 18:01:47,52.2474655,08
782,507,21.005636,7303,2021-06-28 18:01:46,52.229462,5
783,188,20.9782684,7304,2021-06-28 18:01:46,52.1695089,07
784,138,21.001966,7305,2021-06-28 18:01:46,52.182743,4
785,151,21.0933502,7306,2021-06-28 18:01:44,52.2311936,04
786,509,21.038513,7307,2021-06-28 18:01:47,52.251785,7
787,138,21.05479,7308,2021-06-28 18:01:45,52.226467,1
788,188,21.0919781,7310,2021-06-28 18:01:47,52.2498216,2
789,182,20.9698967,7312,2021-06-28 18:01:47,52.2195872,5
790,E-1,21.1022875,7314,2021-06-28 18:01:47,52.2221619,01
791,143,21.1783184,7315,2021-06-28 18:01:48,52.2614677,7
792,188,21.0348506,7316,2021-06-28 18:01:47,52.2217186,08
793,402,21.048946,7317,2021-06-28 18:01:47,52.19453,3
794,182,20.962101,7318,2021-06-28 18:01:47,52.216568,4
795,182,20.987447,7319,2021-06-28 18:01:46,52.216246,3
796,411,21.026382,7320,2021-06-28 18:01:45,52.219578,01
797,182,21.036207,7322,2021-06-28 18:01:47,52.222149,8
798,E-1,21.0628357,7323,2021-06-28 18:01:47,52.2284814,02
799,138,20.995344,7325,2021-06-28 18:01:45,52.170273,3
800,141,21.022426,7326,2021-06-28 18:01:46,52.1972229,6
801,E-1,21.044584,7327,2021-06-28 18:01:47,52.246796,03
802,182,21.026848,7328,2021-06-28 18:01:46,52.21954,1
803,523,20.9057597,7329,2021-06-28 18:01:44,52.255117,017
804,171,21.021616,7330,2021-06-28 18:01:45,52.230816,5
805,162,21.0351857,7331,2021-06-28 18:01:47,52.2559925,013
806,141,20.9443039,7333,2021-06-28 18:01:45,52.1754676,8
807,116,20.924875,7334,2021-06-28 18:01:45,52.2724,69
808,110,20.968721,742,2021-06-28 18:01:46,52.27216,1
809,750,20.890491,745,2021-06-28 18:01:46,52.339825,07
810,250,20.86858,746,2021-06-28 18:01:43,52.332851,1
811,850,20.630449,749,2021-06-28 18:01:45,52.379978,2
812,150,20.869963,750,2021-06-28 18:01:46,52.346363,1
813,750,20.929401,755,2021-06-28 18:01:45,52.290821,2
814,110,20.888773,757,2021-06-28 18:01:44,52.285614,3
815,150,20.860029,758,2021-06-28 18:01:45,52.347801,2
816,750,20.790979,761,2021-06-28 18:01:41,52.378521,4
817,750,20.757206,762,2021-06-28 18:01:46,52.389282,1
818,850,20.955791,763,2021-06-28 18:01:46,52.283939,1
819,151,21.0862684,7701,2021-06-28 18:01:47,52.2353137,1
820,411,21.0874785,7702,2021-06-28 18:01:48,52.2256832,04
821,402,21.0434852,7703,2021-06-28 18:01:47,52.1726091,7
822,151,21.0245094,7704,2021-06-28 18:01:48,52.2190984,05
823,150,20.863414833,772,2021-06-28 18:01:46,52.3593515,04
824,150,20.912055167,773,2021-06-28 18:01:47,52.322726667,05
825,150,20.930956,774,2021-06-28 18:01:44,52.29287,3
826,250,20.902515,775,2021-06-28 18:01:46,52.292492,3
827,250,20.9206514,776,2021-06-28 18:01:46,52.2820105,2
828,750,20.913982,777,2021-06-28 18:01:47,52.320568,3
829,143,21.1428846,8103,2021-06-28 18:01:40,52.2600805,011
830,167,21.00869,8108,2021-06-28 18:01:38,52.207668,8
831,217,21.0242496,8109,2021-06-28 18:01:41,52.1796596,2
832,174,20.999605,8110,2021-06-28 18:01:42,52.2312361,010
833,136,20.9660856,8112,2021-06-28 18:01:38,52.2432038,014
834,709,21.0181426,8115,2021-06-28 18:01:30,52.1207623,8
835,174,21.001273,8119,2021-06-28 18:01:41,52.229083,6
836,136,20.9620455,8120,2021-06-28 18:01:45,52.21616,7
837,143,21.009154,8121,2021-06-28 18:01:27,52.217463,09
838,504,21.068774,8123,2021-06-28 18:01:46,52.1289353,3
839,165,21.0061535,8124,2021-06-28 18:01:41,52.178055,4
840,727,20.943792,8125,2021-06-28 18:01:39,52.0368596,3
841,709,21.0222721,8126,2021-06-28 18:01:43,52.0749871,014
842,402,21.1560578,8130,2021-06-28 18:01:43,52.2402483,5
843,136,21.0451065,8131,2021-06-28 18:01:40,52.1494633,012
844,148,21.0446118,8133,2021-06-28 18:01:48,52.1758628,5
845,402,20.9943421,8134,2021-06-28 18:01:42,52.176418,9
846,167,21.0735525,8135,2021-06-28 18:01:42,52.2121268,9
847,162,21.082432,8136,2021-06-28 18:01:17,52.1905241,08
848,162,21.0283538,8137,2021-06-28 18:01:40,52.2482971,011
849,162,21.0363463,8138,2021-06-28 18:01:40,52.2518981,7
850,136,21.0020395,8139,2021-06-28 18:01:42,52.1788563,016
851,168,21.09821,8140,2021-06-28 18:01:47,52.2347588,4
852,504,21.0416368,8143,2021-06-28 18:01:36,52.1481371,011
853,504,21.0686321,8144,2021-06-28 18:01:37,52.1290513,4
854,709,21.018928,8145,2021-06-28 18:01:48,52.0882941,011
855,727,21.0223428,8146,2021-06-28 18:01:44,52.0756801,2
856,148,21.045238,8148,2021-06-28 18:01:40,52.149561,6
857,709,21.0241888,8152,2021-06-28 18:01:41,52.1799526,1
858,217,21.0333858,8153,2021-06-28 18:01:41,52.1772081,1
859,136,20.984158,8154,2021-06-28 18:01:41,52.198861,8
860,131,21.0690608,8155,2021-06-28 18:01:43,52.181337,9
861,709,21.026643,8156,2021-06-28 18:01:36,52.075679,6
862,308,21.0233988,8158,2021-06-28 18:01:45,52.1898881,01
863,136,20.9561421,8160,2021-06-28 18:01:37,52.2308013,5
864,504,20.9866905,8162,2021-06-28 18:01:40,52.1817271,1
865,331,20.996604,8164,2021-06-28 17:58:28,52.187559,05
866,331,21.0082068,8165,2021-06-28 18:01:43,52.154524,03
867,709,21.0179561,8166,2021-06-28 18:01:43,52.1547086,9
868,148,21.0777115,8167,2021-06-28 18:01:41,52.204167,4
869,218,21.0247435,8168,2021-06-28 18:01:44,52.1908405,3
870,504,21.054145,8169,2021-06-28 18:01:42,52.1334795,5
871,131,21.0601218,8170,2021-06-28 18:01:42,52.1902463,1
872,167,21.0499656,8172,2021-06-28 18:01:44,52.2124253,010
873,143,21.140688,8173,2021-06-28 18:01:14,52.255259,010
874,218,21.006899,8174,2021-06-28 18:01:46,52.1779561,1
875,727,21.0187228,8175,2021-06-28 18:01:40,52.098587,4
876,709,21.0184446,8176,2021-06-28 18:01:40,52.122516,3
877,143,21.08416,8177,2021-06-28 18:01:47,52.244476,5
878,138,21.1004345,8178,2021-06-28 18:01:45,52.2605995,7
879,709,21.0183425,8181,2021-06-28 18:01:37,52.1106006,7
880,136,21.022828,8182,2021-06-28 18:01:34,52.166106,2
881,218,20.988671,8183,2021-06-28 18:01:28,52.183701,4
882,131,21.0039533,8184,2021-06-28 18:01:44,52.2296353,6
883,143,21.16966,8185,2021-06-28 18:01:34,52.262419,8
884,217,21.0537255,8187,2021-06-28 18:01:43,52.1729098,4
885,185,21.021966,8188,2021-06-28 18:01:37,52.142465,9
886,504,20.9898585,8189,2021-06-28 18:01:42,52.2231361,7
887,709,21.0131518,8190,2021-06-28 18:01:39,52.0718416,5
888,131,21.081978,8192,2021-06-28 18:01:42,52.1708635,4
889,504,21.0433183,8195,2021-06-28 18:01:42,52.1459521,2
890,504,20.9902006,8196,2021-06-28 18:01:40,52.2232985,013
891,218,21.0054178,8197,2021-06-28 18:01:41,52.1889386,2
892,331,21.0231955,8198,2021-06-28 18:01:39,52.1816395,02
893,174,21.0101861,8199,2021-06-28 18:01:45,52.202952,4
894,402,21.1483216,8201,2021-06-28 18:01:43,52.2384693,4
895,151,21.115749,8202,2021-06-28 10:44:07,52.233741,05
896,151,21.1175305,8204,2021-06-28 10:20:01,52.2338373,06
897,151,21.0842533,8208,2021-06-28 18:01:44,52.2334,2
898,521,20.9765531,8214,2021-06-28 18:01:36,52.211432,1
899,125,21.095705,8216,2021-06-28 18:01:29,52.2435846,2
900,182,20.9649285,8218,2021-06-28 18:01:41,52.2179483,013
901,509,21.060168,8220,2021-06-28 18:01:46,52.234156,023
902,182,21.0021225,8222,2021-06-28 18:01:44,52.2169926,2
903,509,20.983944,8223,2021-06-28 18:01:39,52.307279,024
904,151,21.012624,8225,2021-06-28 18:01:41,52.222581,06
905,509,21.102301,8228,2021-06-28 18:01:42,52.221898,10
906,521,21.1045291,8229,2021-06-28 18:01:43,52.2419255,2
907,523,20.962051,8231,2021-06-28 18:01:36,52.216925,021
908,162,21.0296103,8233,2021-06-28 18:01:41,52.2389328,014
909,145,21.116008,8300,2021-06-28 18:01:29,52.276518,2
910,145,21.0768961,8301,2021-06-28 18:01:40,52.2866715,9
911,509,20.942098,8303,2021-06-28 18:01:38,52.334503,3
912,171,21.043314,8304,2021-06-28 18:01:29,52.222881,010
913,509,21.116975,8305,2021-06-28 09:25:27,52.233583,022
914,117,21.0982471,8306,2021-06-28 18:01:43,52.2213666,3
915,116,21.020026,8309,2021-06-28 18:01:33,52.23243,4
916,141,21.03791,8310,2021-06-28 18:01:28,52.202078,2
917,168,21.009135,8311,2021-06-28 18:01:33,52.207695,3
918,151,21.022338,8312,2021-06-28 18:01:38,52.21869,3
919,720,21.3822978,8313,2021-06-28 18:01:38,52.1476253,02
920,162,21.0850638,8314,2021-06-28 18:01:45,52.1934686,2
921,117,21.1024911,8315,2021-06-28 18:01:42,52.2221851,06
922,521,21.2023351,8318,2021-06-28 18:01:40,52.1700646,4
923,185,21.047946,8319,2021-06-28 18:01:40,52.177731,11
924,151,21.116836,8320,2021-06-28 09:58:49,52.233566,04
925,162,21.0337993,8322,2021-06-28 18:01:39,52.258992,5
926,509,21.0924075,8323,2021-06-28 18:01:47,52.225131,9
927,148,20.97802,8324,2021-06-28 18:01:42,52.169476,7
928,143,21.0855195,8326,2021-06-28 18:01:41,52.2446451,1
929,145,21.0564523,8328,2021-06-28 18:01:44,52.2922648,1
930,507,21.100239,8329,2021-06-28 18:01:48,52.2234235,08
931,148,21.0963843,8330,2021-06-28 18:01:46,52.2435176,2
932,145,21.132834,8332,2021-06-28 18:01:40,52.239963,7
933,523,21.02598,8333,2021-06-28 18:01:43,52.219596,12
934,148,21.087453,8334,2021-06-28 18:01:41,52.2447878,3
935,145,21.0495486,8335,2021-06-28 18:01:47,52.2901505,014
936,143,21.0178968,8337,2021-06-28 18:01:37,52.2177976,2
937,125,21.0550021,8340,2021-06-28 18:01:43,52.2472618,4
938,523,20.9604875,8341,2021-06-28 18:01:37,52.2166918,5
939,507,21.1023833,8342,2021-06-28 18:01:41,52.2219733,1
940,171,20.938501,8343,2021-06-28 18:01:35,52.239654,09
941,502,21.0154283,8344,2021-06-28 18:01:42,52.2192283,1
942,507,21.0734067,8345,2021-06-28 18:01:44,52.2253683,3
943,145,21.119951,8348,2021-06-28 18:01:41,52.269103,3
944,507,21.011293,8349,2021-06-28 18:01:35,52.230044,6
945,145,21.0002433,8350,2021-06-28 18:01:47,52.2914183,012
946,507,21.012963,8351,2021-06-28 18:01:31,52.230068,4
947,502,21.243505,8352,2021-06-28 18:01:39,52.2222267,4
948,523,21.08222,8353,2021-06-28 18:01:39,52.24013,2
949,502,21.015415,8354,2021-06-28 18:01:40,52.218659,011
950,523,20.898246,8356,2021-06-28 18:01:28,52.258499,8
951,514,21.1052333,8358,2021-06-28 18:01:38,52.234085,3
952,523,21.017515,8359,2021-06-28 18:01:47,52.2173933,3
953,507,21.058698,8360,2021-06-28 18:01:39,52.235725,7
954,202,21.09777,8361,2021-06-28 18:01:40,52.248185,1
955,502,21.067018,8362,2021-06-28 18:01:45,52.229819,2
956,188,21.042674,8363,2021-06-28 18:01:37,52.224086,6
957,138,21.0452217,8364,2021-06-28 18:01:29,52.2483867,6
958,514,21.124336,8365,2021-06-28 18:01:46,52.232525,1
959,523,21.0135033,8366,2021-06-28 18:01:25,52.2169433,4
960,502,21.22431,8368,2021-06-28 18:01:44,52.2236433,5
961,145,21.1343983,8398,2021-06-28 18:01:34,52.24419,013
962,402,20.993458,8403,2021-06-28 18:01:35,52.178866,011
963,521,21.1649915,8408,2021-06-28 18:01:37,52.2076906,07
964,143,21.014023,8410,2021-06-28 18:01:31,52.217006,012
965,523,21.0842156,8414,2021-06-28 18:01:40,52.2482743,13
966,148,21.0506171,8417,2021-06-28 18:01:40,52.1864933,9
967,148,21.047405,8430,2021-06-28 18:01:44,52.151071,010
968,162,21.0436055,8437,2021-06-28 18:01:44,52.2162291,012
969,125,21.152505,8438,2021-06-28 18:01:44,52.226183,1
970,162,21.048688,8440,2021-06-28 18:01:41,52.206731,015
971,145,21.08564,8441,2021-06-28 18:01:46,52.244644,6
972,269,21.04567,8442,2021-06-28 18:01:45,52.276108,01
973,723,20.973259,8443,2021-06-28 18:01:48,52.319042,2
974,114,21.021748,8445,2021-06-28 18:01:46,52.28648,5
975,120,21.058472,8446,2021-06-28 18:01:47,52.266682,6
976,731,20.925585,8447,2021-06-28 18:01:46,52.421696,3
977,160,21.0248319,8448,2021-06-28 18:01:46,52.2505317,1
978,132,21.0691401,8449,2021-06-28 18:01:47,52.3242217,04
979,412,21.0531186,8450,2021-06-28 18:01:47,52.2535789,052
980,112,21.084934,8451,2021-06-28 18:01:47,52.304901,6
981,527,21.0583794,8452,2021-06-28 18:01:46,52.3186654,06
982,160,21.059116,8453,2021-06-28 18:01:47,52.317265,014
983,160,21.0582966,8454,2021-06-28 18:01:47,52.2664912,4
984,160,21.056356,8455,2021-06-28 18:01:47,52.29797,6
985,132,20.9665604,8457,2021-06-28 18:01:46,52.2735699,08
986,527,21.0605042,8458,2021-06-28 18:01:45,52.3133144,055
987,Z26,20.9868651,8459,2021-06-28 18:01:46,52.2396079,3
988,412,21.0474012,8460,2021-06-28 18:01:47,52.2603674,053
989,120,21.036219,8461,2021-06-28 18:01:45,52.255135,4
990,414,20.963919,8462,2021-06-28 18:01:46,52.207939,05
991,511,20.9636626,8463,2021-06-28 18:01:47,52.3333642,05
992,509,20.9422369,8465,2021-06-28 18:01:47,52.3346974,2
993,136,20.9891133,8500,2021-06-28 18:01:45,52.189135,3
994,501,21.048505,8501,2021-06-28 18:01:44,52.1781367,06
995,138,21.05697,8502,2021-06-28 18:01:44,52.2633717,9
996,189,21.0257433,8503,2021-06-28 18:01:47,52.1733667,5
997,522,21.03359,8504,2021-06-28 18:01:29,52.203495,4
998,401,21.02631,8505,2021-06-28 18:01:45,52.1706883,2
999,131,21.015616,8506,2021-06-28 18:01:37,52.22372,7
1000,501,21.003489,8507,2021-06-28 18:01:41,52.229793,4
1001,138,21.002193,8508,2021-06-28 18:01:37,52.187935,2
1002,189,21.04375,8509,2021-06-28 18:01:40,52.1741783,1
1003,501,21.04763,8510,2021-06-28 18:01:42,52.189745,1
1004,189,21.063226,8511,2021-06-28 18:01:45,52.186405,027
1005,Z26,20.974633,8512,2021-06-28 18:01:36,52.235464,4
1006,186,20.9685133,8513,2021-06-28 18:01:39,52.2140483,013
1007,733,20.744545,8514,2021-06-28 18:01:40,52.0604583,01
1008,Z26,21.03564,8515,2021-06-28 18:01:38,52.2561917,7
1009,522,21.08008,8516,2021-06-28 18:01:34,52.15765,2
1010,141,20.9792433,8517,2021-06-28 18:01:45,52.1856117,10
1011,519,21.0152967,8519,2021-06-28 18:01:39,52.2186933,7
1012,519,21.092803,8520,2021-06-28 18:01:27,52.116849,1
1013,186,20.942315,8522,2021-06-28 18:01:28,52.3351767,10
1014,733,20.944173,8523,2021-06-28 18:01:36,52.175606,62
1015,522,21.051044,8525,2021-06-28 18:01:45,52.186453,011
1016,172,20.994511,8526,2021-06-28 18:01:27,52.196525,63
1017,172,20.960364,8528,2021-06-28 18:01:44,52.211228,5
1018,308,21.0205733,8530,2021-06-28 18:01:42,52.189535,02
1019,172,21.068986,8532,2021-06-28 18:01:41,52.181516,1
1020,Z26,21.00041,8533,2021-06-28 18:01:42,52.244155,2
1021,138,21.021268,8534,2021-06-28 18:01:37,52.209536,5
1022,522,21.069436,8535,2021-06-28 18:01:41,52.166009,1
1023,172,20.979034,8536,2021-06-28 18:01:42,52.20177,6
1024,522,21.011971,8537,2021-06-28 18:01:41,52.228976,5
1025,709,21.019134,8539,2021-06-28 18:01:34,52.091876,4
1026,172,21.0591717,8540,2021-06-28 18:01:38,52.183905,8
1027,185,21.063295,8541,2021-06-28 18:01:46,52.1864467,6
1028,172,21.069173,8543,2021-06-28 18:01:46,52.181461,9
1029,519,21.061506,8544,2021-06-28 18:01:38,52.176459,4
1030,522,21.0804933,8546,2021-06-28 18:01:46,52.1580533,012
1031,522,21.0123367,8547,2021-06-28 18:01:44,52.229655,6
1032,402,21.03103,8548,2021-06-28 18:01:41,52.1734633,010
1033,186,20.966285,8549,2021-06-28 18:01:43,52.318925,015
1034,186,20.9697383,8550,2021-06-28 18:01:38,52.2134317,016
1035,709,21.024326,8551,2021-06-28 18:01:33,52.18001,10
1036,136,21.036948,8552,2021-06-28 18:01:40,52.150223,10
1037,Z26,20.9854367,8555,2021-06-28 18:01:44,52.2393083,5
1038,519,21.0848,8556,2021-06-28 18:01:38,52.1676417,6
1039,Z26,20.974313,8558,2021-06-28 18:01:30,52.23546,08
1040,217,21.0386183,8559,2021-06-28 18:01:36,52.176425,06
1041,519,21.051643,8560,2021-06-28 18:01:40,52.185535,2
1042,411,21.015325,8561,2021-06-28 18:01:47,52.218538,02
1043,521,21.1397,8562,2021-06-28 18:01:34,52.2286067,09
1044,402,21.0337067,8563,2021-06-28 18:01:29,52.1735133,2
1045,521,21.204499,8564,2021-06-28 18:01:38,52.159391,08
1046,502,21.2173767,8565,2021-06-28 18:01:44,52.2143883,014
1047,502,21.077211,8566,2021-06-28 18:01:39,52.234009,6
1048,402,21.112856,8567,2021-06-28 18:01:29,52.227593,014
1049,509,21.0122683,8568,2021-06-28 18:01:41,52.2784867,021
1050,171,20.925141,8569,2021-06-28 18:01:46,52.272476,2
1051,411,21.091351,8571,2021-06-28 18:01:31,52.225266,03
1052,E-1,21.081673,8572,2021-06-28 18:01:30,52.225973,04
1053,202,21.042011,8573,2021-06-28 18:01:38,52.242038,2
1054,411,21.115896,8574,2021-06-28 10:20:57,52.233514,01
1055,720,21.089743,8576,2021-06-28 18:01:33,52.244846,1
1056,162,21.030258,8578,2021-06-28 18:01:44,52.230713,4
1057,125,21.163011,8579,2021-06-28 18:01:39,52.221008,09
1058,731,20.958548,8583,2021-06-28 18:01:31,52.337674,5
1059,269,21.041775,8584,2021-06-28 18:01:39,52.300408,02
1060,269,21.041955,8585,2021-06-28 18:01:42,52.300428,03
1061,514,21.015366,8586,2021-06-28 18:01:35,52.21918,2
1062,523,21.115558,8587,2021-06-28 08:55:25,52.233753,3
1063,145,21.126605,8588,2021-06-28 18:01:46,52.259866,016
1064,514,21.244035,8589,2021-06-28 18:01:32,52.2489183,4
1065,502,21.161963,8590,2021-06-28 18:01:38,52.225841,3
1066,507,21.102153,8592,2021-06-28 18:01:34,52.222045,2
1067,145,21.021096,8593,2021-06-28 18:01:34,52.287424,10
1068,138,21.096596,8595,2021-06-28 18:01:41,52.260318,8
1069,186,20.942281,8801,2021-06-28 18:01:38,52.3341866,11
1070,185,21.013126,8802,2021-06-28 18:01:38,52.2533986,1
1071,727,21.0238188,8803,2021-06-28 18:01:46,52.1800556,1
1072,217,21.0767703,8804,2021-06-28 18:01:43,52.1569175,3
1073,185,21.0078145,8805,2021-06-28 18:01:43,52.2598638,4
1074,402,20.9996931,8806,2021-06-28 18:01:39,52.1786605,8
1075,131,21.0296868,8808,2021-06-28 18:01:47,52.2068006,3
1076,709,21.0205496,8809,2021-06-28 18:01:30,52.1742736,2
1077,174,21.0178381,8810,2021-06-28 18:01:40,52.1878721,1
1078,165,21.0022518,8811,2021-06-28 18:01:46,52.1583725,3
1079,167,21.0829285,8812,2021-06-28 18:01:43,52.208267,011
1080,402,20.98941,8813,2021-06-28 18:01:18,52.181093,1
1081,167,21.02136,8814,2021-06-28 18:01:28,52.210031,2
1082,167,20.9618511,8816,2021-06-28 18:01:46,52.2157518,3
1083,308,20.995571,8817,2021-06-28 18:01:38,52.183304,03
1084,504,21.000814,8818,2021-06-28 18:01:34,52.227524,9
1085,331,20.9920286,8819,2021-06-28 18:01:34,52.183236,04
1086,522,21.0243716,8820,2021-06-28 18:01:46,52.2111456,014
1087,174,21.0138221,8821,2021-06-28 18:01:43,52.178009,08
1088,174,21.004634,8822,2021-06-28 18:01:43,52.2205668,5
1089,522,21.015949,8823,2021-06-28 18:01:32,52.2159086,015
1090,167,20.9969466,8824,2021-06-28 18:01:45,52.187786,6
1091,709,21.0210515,8825,2021-06-28 18:01:42,52.1765373,012
1092,504,21.004703,8826,2021-06-28 18:01:43,52.2296883,8
1093,143,21.006534,8828,2021-06-28 18:01:39,52.2172161,4
1094,509,20.9661025,8829,2021-06-28 18:01:39,52.3188176,4
1095,523,20.9519281,8830,2021-06-28 18:01:48,52.2384156,11
1096,125,21.103696,8831,2021-06-28 18:01:35,52.242197,5
1097,171,21.002222,8832,2021-06-28 18:01:42,52.2431386,7
1098,141,20.9444088,8833,2021-06-28 18:01:40,52.1757426,9
1099,704,21.0876945,8834,2021-06-28 18:01:45,52.2446605,2
1100,521,21.053978,8835,2021-06-28 18:01:41,52.2385518,5
1101,182,20.9924466,8837,2021-06-28 18:01:39,52.2166056,6
1102,182,21.0978281,8838,2021-06-28 18:01:37,52.235178,010
1103,704,21.34793,8839,2021-06-28 18:01:30,52.222371,1
1104,185,21.0452571,8840,2021-06-28 18:01:42,52.2208653,5
1105,125,21.1964275,8841,2021-06-28 18:01:45,52.2083283,6
1106,521,21.2048118,8843,2021-06-28 18:01:38,52.159395,3
1107,185,20.970838,8844,2021-06-28 18:01:40,52.284979,2
1108,402,21.156013,8845,2021-06-28 18:01:41,52.240341,013
1109,143,21.0068875,8846,2021-06-28 18:01:43,52.217781,3
1110,143,21.1141698,8847,2021-06-28 18:01:45,52.2398686,6
1111,125,21.041348,8849,2021-06-28 18:01:30,52.241476,3
1112,521,20.9682181,8850,2021-06-28 18:01:44,52.2073215,6
1113,523,20.912828,8851,2021-06-28 18:01:32,52.239598,019
1114,141,21.0825073,8852,2021-06-28 18:01:44,52.2411373,3
1115,125,21.1966918,8853,2021-06-28 18:01:31,52.2084091,7
1116,509,21.052475,8854,2021-06-28 18:01:42,52.2384328,8
1117,402,21.0990878,8855,2021-06-28 18:01:44,52.2184265,6
1118,512,21.0507723,8856,2021-06-28 18:01:43,52.2524123,1
1119,509,21.042556,8857,2021-06-28 18:01:30,52.249358,12
1120,169,21.0517755,8858,2021-06-28 18:01:38,52.2528761,1
1121,112,20.9925905,8859,2021-06-28 18:01:44,52.2862601,4
1122,512,21.0502158,8861,2021-06-28 18:01:42,52.285765,4
1123,412,21.0667031,8862,2021-06-28 18:01:27,52.3142223,04
1124,738,21.1083528,8864,2021-06-28 18:01:38,52.3270951,05
1125,500,21.0459893,8865,2021-06-28 10:43:17,52.2651186,08
1126,169,21.038286,8866,2021-06-28 18:01:44,52.268856,5
1127,162,21.0438743,8867,2021-06-28 18:01:38,52.2161986,1
1128,190,21.0853636,8868,2021-06-28 18:01:41,52.3048301,5
1129,190,21.0139816,8869,2021-06-28 18:01:46,52.2467516,023
1130,190,21.0776585,8871,2021-06-28 18:01:44,52.289809,025
1131,190,21.0854751,8872,2021-06-28 18:01:32,52.3051431,026
1132,738,21.113993,8873,2021-06-28 18:01:44,52.3339761,06
1133,500,21.0420613,8874,2021-06-28 18:01:44,52.3005886,3
1134,190,21.077867,8875,2021-06-28 18:01:44,52.2902565,4
1135,162,21.0472678,8876,2021-06-28 18:01:09,52.2115276,3
1136,512,21.052212,8878,2021-06-28 18:01:43,52.252984,06
1137,509,20.951742,8879,2021-06-28 18:01:42,52.3187855,1
1138,709,20.996574,8880,2021-06-25 18:58:33,52.18762,016
1139,186,20.9856363,8881,2021-06-28 18:01:43,52.3059281,014
1140,165,21.0237688,8882,2021-06-28 18:01:43,52.1798538,2
1141,128,20.988661,8883,2021-06-28 18:01:42,52.2248505,64
1142,180,21.008968,8885,2021-06-28 18:01:47,52.247406,5
1143,167,20.925854,8886,2021-06-28 18:01:29,52.23413,5
1144,189,20.9164685,8887,2021-06-28 18:01:42,52.219724,021
1145,128,20.988386,8888,2021-06-28 18:01:43,52.211403,61
1146,504,20.9834151,8891,2021-06-28 18:01:42,52.1978865,012
1147,165,20.996183,8892,2021-06-28 18:01:33,52.169271,1
1148,180,21.050128,8893,2021-06-28 18:01:41,52.200614,53
1149,217,21.0453445,8894,2021-06-28 18:01:43,52.1750615,05
1150,136,20.988498,8895,2021-06-28 18:01:45,52.185175,015
1151,174,20.9952528,8896,2021-06-28 18:01:43,52.1701653,07
1152,180,21.0838623,8897,2021-06-28 18:01:43,52.1681466,015
1153,167,20.979085,8898,2021-06-28 18:01:32,52.213873,7
1154,504,21.004467,8899,2021-06-28 18:01:38,52.1719816,6
1155,161,21.211107,9061,2021-06-28 18:01:44,52.161282,2
1156,161,21.224806,9063,2021-06-28 18:01:46,52.186676,3
1157,262,21.08779,9064,2021-06-28 18:01:43,52.286564,03
1158,314,20.952755,9065,2021-06-28 18:01:46,52.317345,04
1159,314,21.061562,9066,2021-06-28 18:01:43,52.361919,02
1160,104,21.000231,9068,2021-06-28 18:01:46,52.291527,2
1161,161,21.222347,9070,2021-06-28 18:01:45,52.182297,1
1162,225,21.097782,9071,2021-06-28 18:01:44,52.224098,2
1163,225,21.162128,9074,2021-06-28 18:01:45,52.259724,4
1164,225,21.125425,9075,2021-06-28 18:01:46,52.233532,3
1165,211,20.97682,9077,2021-06-28 18:01:47,52.304016,08
1166,314,21.001686,9078,2021-06-28 18:01:43,52.313633,01
1167,262,21.05368,9080,2021-06-28 18:01:46,52.276291,1
1168,104,21.038784,9081,2021-06-28 18:01:44,52.312668,1
1169,314,21.001713,9082,2021-06-28 18:01:44,52.313526,03
1170,262,21.083616,9083,2021-06-28 18:01:48,52.286533,2
1171,225,21.137196,9088,2021-06-28 18:01:47,52.259663,1
1172,211,20.969206,9090,2021-06-28 18:01:45,52.320194,2
1173,211,20.941523,9091,2021-06-28 18:01:46,52.33271,07
1174,305,21.162411,9093,2021-06-28 18:01:48,52.203693,1
1175,900,20.945593,9094,2021-06-28 18:01:48,52.349892,1
1176,133,20.952286,9201,2021-06-28 18:01:48,52.316921,2
1177,164,21.086733,9203,2021-06-28 18:01:48,52.160219,05
1178,133,20.973145,9204,2021-06-28 18:01:45,52.343647,1
1179,809,21.024681,9205,2021-06-28 18:01:44,52.142609,51
1180,239,21.034855,9206,2021-06-28 18:01:41,52.156059,52
1181,209,21.038078,9208,2021-06-28 18:01:46,52.154179,54
1182,211,20.941372,9209,2021-06-28 18:01:40,52.355423,4
1183,177,20.896435,9210,2021-06-28 18:01:46,52.185524,3
1184,239,21.026508,9212,2021-06-28 18:01:41,52.156075,53
1185,211,20.972815,9213,2021-06-28 18:01:38,52.308457,6
1186,219,21.091061,9215,2021-06-28 18:01:47,52.22226,3
1187,208,20.975651,9216,2021-06-28 18:01:49,52.210134,1
1188,234,21.030005,9217,2021-06-28 18:01:43,52.317642,1
1189,209,20.981007,9218,2021-06-28 18:01:45,52.132885,057
1190,234,21.062721,9219,2021-06-28 18:01:42,52.325157,2
1191,203,20.928118,9220,2021-06-28 18:01:48,52.291302,1
1192,249,20.896273,9221,2021-06-28 18:01:46,52.239273,1
1193,201,20.92502,9224,2021-06-28 18:01:37,52.260609,3
1194,208,20.957017,9225,2021-06-28 18:01:49,52.201963,04
1195,208,20.961628,9226,2021-06-28 18:01:45,52.215794,05
1196,208,20.975557,9227,2021-06-28 18:01:41,52.210327,2
1197,219,21.140728,9228,2021-06-28 18:01:46,52.189808,2
1198,219,21.147629,9229,2021-06-28 18:01:41,52.21413,1
1199,201,20.930189,9230,2021-06-28 18:01:43,52.263229,2
1200,809,21.018051,9232,2021-06-28 18:01:46,52.121826,056
1201,264,21.15307,9233,2021-06-28 18:01:44,52.135059,1
1202,203,20.915138,9234,2021-06-28 18:01:45,52.273479,2
1203,201,20.94512,9235,2021-06-28 18:01:46,52.239059,5
1204,201,20.931408,9236,2021-06-28 18:01:47,52.260052,4
1205,239,21.038073,9237,2021-06-28 18:01:47,52.153858,055
1206,208,20.947418,9238,2021-06-28 18:01:46,52.203075,03
1207,207,20.903198,9239,2021-06-28 18:01:46,52.193737,02
1208,177,20.883741,9240,2021-06-28 18:01:43,52.205776,1
1209,133,20.959415,9241,2021-06-28 18:01:46,52.333328,3
1210,201,20.926609,9242,2021-06-28 18:01:46,52.234104,06
1211,211,20.944054,9243,2021-06-28 18:01:42,52.339188,5
1212,207,20.896879,9244,2021-06-28 18:01:46,52.196087,01
1213,211,20.941433,9245,2021-06-28 18:01:46,52.355377,3
1214,164,21.13818,9246,2021-06-28 18:01:44,52.145966,04
1215,201,20.938934,9247,2021-06-28 18:01:47,52.246872,1
1216,177,20.87916,9248,2021-06-28 18:01:47,52.197609,2
1217,164,21.13818,9250,2021-06-28 18:01:46,52.145885,3
1218,164,21.057196,9251,2021-06-28 18:01:45,52.192619,2
1219,164,21.086279,9252,2021-06-28 18:01:42,52.160484,1
1220,211,20.968004,9254,2021-06-28 18:01:45,52.321571,09
1221,199,21.108149,9301,2021-06-28 18:01:45,52.286995,06
1222,739,21.019222,9302,2021-06-28 18:01:40,52.098034,2
1223,739,21.044674,9304,2021-06-28 18:01:45,52.085068,3
1224,179,21.025862,9311,2021-06-28 17:01:45,52.142494,10
1225,123,21.052193,9312,2021-06-28 18:01:39,52.250149,08
1226,179,21.0212547,9313,2021-06-28 18:01:44,52.1575797,11
1227,153,21.177254,9314,2021-06-28 18:01:46,52.256935,2
1228,179,21.033815,9315,2021-06-28 18:01:43,52.162228,2
1229,135,21.10763,9316,2021-06-28 18:01:43,52.2491,3
1230,135,21.048445,9317,2021-06-28 18:01:43,52.247677,6
1231,135,21.107111,9318,2021-06-28 18:01:44,52.248383,2
1232,135,21.0866561,9319,2021-06-28 18:01:48,52.2359192,1
1233,179,21.033808,9320,2021-06-28 18:01:43,52.144184,4
1234,179,21.063879,9321,2021-06-28 18:01:47,52.145042,5
1235,123,21.055201,9322,2021-06-28 18:01:47,52.23875,5
1236,135,21.086185,9323,2021-06-28 18:01:45,52.2356,07
1237,179,21.046492,9324,2021-06-28 18:01:47,52.150333,9
1238,179,21.036812,9325,2021-06-28 18:01:48,52.162083,51
1239,256,21.065899,9326,2021-06-28 18:01:47,52.312702,2
1240,142,21.13306,9327,2021-06-28 18:01:46,52.211933,3
1241,179,21.054634,9328,2021-06-28 18:01:46,52.139072,8
1242,153,21.152937,9329,2021-06-28 18:01:46,52.2715,04
1243,123,21.0773959,9331,2021-06-28 09:44:24,52.2687066,07
1244,123,21.077486,9332,2021-06-28 15:39:21,52.268074,08
1245,142,21.143568,9333,2021-06-28 18:01:47,52.227432,5
1246,739,21.02383,9334,2021-06-28 18:01:40,52.179977,1
1247,153,21.161858,9335,2021-06-28 18:01:40,52.259258,3
1248,135,21.041113,9336,2021-06-28 18:01:49,52.265667,5
1249,739,21.0771987,9337,2021-06-28 16:56:14,52.2682345,2
1250,179,21.055958,9338,2021-06-28 18:01:45,52.131523,6
1251,256,21.07057,9339,2021-06-28 18:01:46,52.322666,1
1252,153,21.172585,9340,2021-06-28 18:01:46,52.28548,1
1253,142,21.087763,9341,2021-06-28 18:01:44,52.244694,4
1254,739,21.017813,9342,2021-06-28 18:01:43,52.133766,4
1255,256,21.080935,9343,2021-06-28 18:01:45,52.277401,4
1256,135,21.027149,9344,2021-06-28 18:01:48,52.260204,08
1257,739,21.024281,9345,2021-06-28 18:01:41,52.179909,05
1258,179,21.068624,9346,2021-06-28 18:01:41,52.128922,7
1259,135,21.037737,9347,2021-06-28 18:01:47,52.249546,4
1260,123,21.101105,9348,2021-06-28 18:01:45,52.222748,09
1261,179,21.037821,9349,2021-06-28 18:01:46,52.154381,3
1262,123,21.101522,9350,2021-06-28 18:01:46,52.223557,357
1263,142,21.217728,9351,2021-06-28 18:01:47,52.158283,1
1264,123,21.051168,9352,2021-06-28 18:01:45,52.252693,6
1265,739,21.017839,9353,2021-06-28 18:01:44,52.148598,06
1266,123,21.046175,9354,2021-06-28 17:56:48,52.251278,07
1267,199,21.119925,9355,2021-06-28 18:01:47,52.278618,05
1268,256,21.06974,9356,2021-06-28 18:01:47,52.271534,3
1269,142,21.222286,9357,2021-06-28 18:01:46,52.161152,2
1270,142,21.077633,9358,2021-06-28 16:02:28,52.267822,4
1271,256,21.047005,9359,2021-06-28 18:01:45,52.276245,5
1272,176,21.010925,9403,2021-06-28 18:01:43,52.301498,1
1273,176,20.992691,9405,2021-06-28 18:01:46,52.325417,05
1274,176,21.022068,9412,2021-06-28 18:01:44,52.286362,3
1275,197,20.951595,9413,2021-06-28 18:01:44,52.272858,012
1276,197,20.932852,9414,2021-06-28 18:01:45,52.257709,014
1277,102,21.092941,9416,2021-06-28 18:01:45,52.249458,3
1278,157,20.963921,9417,2021-06-28 18:01:44,52.208,7
1279,712,20.923286,9418,2021-06-28 18:01:45,52.281338,02
1280,516,20.960545,9420,2021-06-28 18:01:43,52.323837,5
1281,157,20.982054,9423,2021-06-28 18:01:46,52.274059,1
1282,103,20.946842,9424,2021-06-28 18:01:46,52.293159,4
1283,123,21.066074,9425,2021-06-28 18:01:46,52.233475,1
1284,157,20.997538,9426,2021-06-28 18:01:42,52.254482,3
1285,157,20.987471,9427,2021-06-28 18:01:43,52.242958,4
1286,157,20.994123,9428,2021-06-28 18:01:47,52.229446,9
1287,103,20.951345,9429,2021-06-28 18:01:47,52.281631,6
1288,157,20.990187,9432,2021-06-28 18:01:47,52.252739,10
1289,743,20.854845,9433,2021-06-28 18:01:47,52.225903,02
1290,176,20.979969,9434,2021-06-28 18:01:45,52.350948,04
1291,516,20.942204,9435,2021-06-28 18:01:46,52.334843,1
1292,157,20.973801,9436,2021-06-28 18:01:46,52.279453,2
1293,157,20.975176,9437,2021-06-28 18:01:45,52.215244,6
1294,197,20.942888,9438,2021-06-28 18:01:46,52.246338,011
1295,197,20.930971,9439,2021-06-28 18:01:46,52.225391,016
1296,516,20.986542,9440,2021-06-28 18:01:45,52.305775,3
1297,123,21.087206,9441,2021-06-28 18:01:44,52.244995,3
1298,103,20.92691,9442,2021-06-28 18:01:43,52.290256,5
1299,102,21.011784,9443,2021-06-28 18:01:44,52.239754,1
1300,103,20.953512,9445,2021-06-28 18:01:47,52.262581,7
1301,103,20.968668,9446,2021-06-28 18:01:48,52.222122,1
1302,123,21.086126,9447,2021-06-28 18:01:42,52.245361,4
1303,157,20.976385,9448,2021-06-28 18:01:47,52.289921,011
1304,516,21.000912,9449,2021-06-28 18:01:46,52.291222,4
1305,102,21.038744,9450,2021-06-28 18:01:45,52.24321,2
1306,157,20.995846,9451,2021-06-28 18:01:45,52.226562,5
1307,157,20.97374,9452,2021-06-28 18:01:46,52.213593,8
1308,176,20.982147,9453,2021-06-28 18:01:45,52.355736,2
1309,197,20.941666,9454,2021-06-28 18:01:41,52.226105,015
1310,712,20.847183,9455,2021-06-28 18:01:44,52.280949,1
1311,743,20.775751,9456,2021-06-28 18:01:44,52.230911,1
1312,197,20.949965,9457,2021-06-28 18:01:44,52.280674,013
1313,103,20.968475,9458,2021-06-28 18:01:40,52.222042,8
1314,194,20.868470833,9501,2021-06-28 18:01:45,52.192666,5
1315,707,20.898150667,9502,2021-06-28 18:01:47,52.132399333,1
1316,159,20.9535435,9503,2021-06-28 18:01:47,52.21266,1
1317,103,20.930942,9505,2021-06-28 18:01:45,52.292233333,09
1318,103,20.969265,9506,2021-06-28 18:01:45,52.2249125,011
1319,220,20.923778167,9509,2021-06-28 18:01:45,52.174343,3
1320,194,20.9308525,9510,2021-06-28 18:01:44,52.225078167,06
1321,737,21.029537833,9511,2021-06-28 18:01:47,52.147384667,56
1322,220,20.897185833,9513,2021-06-28 18:01:47,52.223009833,5
1323,715,21.036990667,9514,2021-06-28 18:01:45,52.162007,53
1324,181,20.9864385,9515,2021-06-28 18:01:48,52.269347333,2
1325,737,21.036819167,9516,2021-06-28 18:01:39,52.161995167,54
1326,149,20.920495833,9518,2021-06-28 18:01:45,52.2400605,06
1327,149,20.8936015,9519,2021-06-28 18:01:45,52.249804167,2
1328,159,21.0034415,9520,2021-06-28 18:01:46,52.2230485,8
1329,715,20.973347833,9521,2021-06-28 18:01:48,52.135907833,1
1330,220,20.904907667,9522,2021-06-28 18:01:46,52.186377667,4
1331,220,20.94405,9523,2021-06-28 18:01:45,52.176242333,07
1332,220,20.899718333,9524,2021-06-28 18:01:46,52.199021167,2
1333,194,20.9139395,9525,2021-06-28 18:01:45,52.208741,3
1334,181,20.944599,9526,2021-06-28 18:01:47,52.295832167,1
1335,715,20.987842667,9528,2021-06-28 18:01:46,52.1112695,058
1336,715,21.025891,9529,2021-06-28 18:01:45,52.1449765,52
1337,707,20.928716667,9530,2021-06-28 18:01:45,52.093541167,03
1338,159,21.018626,9531,2021-06-28 18:01:46,52.223551667,4
1339,194,20.867814333,9532,2021-06-28 18:01:44,52.200643833,1
1340,181,20.899887333,9533,2021-06-28 18:01:46,52.297129833,4
1341,181,20.9493015,9534,2021-06-28 18:01:44,52.2904965,3
1342,159,21.04705,9535,2021-06-28 18:01:48,52.212018667,7
1343,159,21.0842055,9537,2021-06-28 18:01:47,52.193575167,6
1344,737,21.005361667,9539,2021-06-28 18:01:48,52.110250333,059
1345,220,20.8979825,9540,2021-06-28 18:01:46,52.255566,1
1346,220,20.925116,9542,2021-06-28 18:01:41,52.260725833,6
1347,737,20.8977935,9544,2021-06-28 18:01:49,52.056437,07
1348,220,20.8984225,9545,2021-06-28 18:01:47,52.258809,08
1349,149,20.940168167,9546,2021-06-28 18:01:47,52.246667167,5
1350,220,20.897386833,9548,2021-06-28 18:01:44,52.223498667,09
1351,149,20.883970667,9550,2021-06-28 18:01:40,52.251404167,1
1352,715,20.943903833,9551,2021-06-28 18:01:45,52.175775167,55
1353,149,20.937584333,9552,2021-06-28 18:01:45,52.239796667,3
1354,194,20.929333333,9554,2021-06-28 18:01:44,52.223183,07
1355,194,20.882737167,9555,2021-06-28 18:01:47,52.1964485,2
1356,159,20.961849667,9556,2021-06-28 18:01:44,52.216836833,3
1357,149,20.940406,9557,2021-06-28 18:01:44,52.246624,4
1358,194,20.912769833,9558,2021-06-28 18:01:44,52.206286833,4
1359,159,21.051393833,9560,2021-06-28 18:01:46,52.199018,5
1360,159,20.954686833,9561,2021-06-28 18:01:48,52.212047,2
1361,118,20.986946,9671,2021-06-28 18:01:48,52.284065,2
1362,118,20.997465,9672,2021-06-28 18:01:47,52.27179,5
1363,326,20.968557,9673,2021-06-28 18:01:47,52.272038,04
1364,118,21.016464,9674,2021-06-28 18:01:47,52.223347,8
1365,152,20.971483,9676,2021-06-28 18:01:45,52.321487,5
1366,212,21.057146,9677,2021-06-28 18:01:37,52.301849,06
1367,118,21.015591,9678,2021-06-28 18:01:45,52.219063,7
1368,118,21.027962,9679,2021-06-28 18:01:44,52.238514,1
1369,326,21.061729,9680,2021-06-28 18:01:40,52.361801,02
1370,152,21.001875,9681,2021-06-28 18:01:47,52.33654,2
1371,212,21.032129,9682,2021-06-28 18:01:47,52.26202,5
1372,152,20.971905,9683,2021-06-28 18:01:45,52.321804,4
1373,212,21.031679,9684,2021-06-28 18:01:47,52.262062,1
1374,212,21.056211,9685,2021-06-28 18:01:46,52.275185,2
1375,326,21.008743,9686,2021-06-28 18:01:47,52.315681,05
1376,326,20.990685,9688,2021-06-28 18:01:41,52.302391,03
1377,118,21.041338,9689,2021-06-28 18:01:45,52.300228,4
1378,212,21.058195,9690,2021-06-28 18:01:44,52.301502,3
1379,326,21.06189,9692,2021-06-28 18:01:40,52.361725,01
1380,212,21.0649,9693,2021-06-28 18:01:46,52.274,4
1381,152,20.952517,9695,2021-06-28 18:01:40,52.317112,1
1382,118,21.036119,9696,2021-06-28 18:01:45,52.23357,6
1383,118,21.041328,9697,2021-06-28 18:01:46,52.30014,3
1384,152,21.040829,9698,2021-06-28 18:01:41,52.326569,3
1385,710,21.071566,9801,2021-06-28 18:01:44,52.132107,4
1386,525,21.015188,9802,2021-06-28 18:01:43,52.216923,1
1387,184,20.951576,9803,2021-06-28 18:01:44,52.22768,069
1388,127,20.94273,9804,2021-06-28 18:01:47,52.205814,56
1389,710,21.052643,9805,2021-06-28 18:01:42,52.076683,2
1390,525,21.096056,9807,2021-06-28 18:01:46,52.234871,319
1391,127,21.01425,9808,2021-06-28 18:01:41,52.230347,2
1392,710,21.114431,9810,2021-06-28 18:01:42,52.077736,5
1393,719,20.950617,9812,2021-06-28 18:01:44,52.238575,3
1394,109,20.952722,9813,2021-06-28 18:01:45,52.227803,08
1395,Z10,20.913979,9814,2021-06-28 18:01:42,52.237114,2
1396,525,21.07752,9815,2021-06-28 18:01:42,52.235203,09
1397,742,21.216906,9816,2021-06-28 18:01:46,51.981167,1
1398,719,20.607906,9818,2021-06-28 18:01:42,52.259819,04
1399,719,20.845652,9819,2021-06-28 18:01:40,52.249775,1
1400,719,20.586361,9820,2021-06-28 18:01:41,52.257603,2
1401,710,21.011265,9821,2021-06-28 18:01:42,52.07423,1
1402,525,21.012733,9822,2021-06-28 18:01:41,52.227901,010
1403,184,20.932414,9823,2021-06-28 18:01:45,52.289826,010
1404,525,21.089674,9825,2021-06-28 17:19:36,52.235753,5
1405,525,21.171556,9826,2021-06-28 18:01:48,52.20974,7
1406,185,21.02168,9827,2021-06-28 18:01:46,52.142985,8
1407,127,20.895433,9828,2021-06-28 18:01:43,52.208828,4
1408,525,21.196598,9829,2021-06-28 18:01:44,52.208282,6
1409,Z10,20.913469,9830,2021-06-28 18:01:47,52.252399,8
1410,710,21.10638,9831,2021-06-28 18:01:40,52.116554,3
1411,127,21.024628,9833,2021-06-28 18:01:41,52.242027,1
1412,525,21.138449,9834,2021-06-28 18:01:46,52.229351,4
1413,742,21.068075,9835,2021-06-28 18:01:46,52.12896,02
1414,525,21.013008,9836,2021-06-28 18:01:40,52.22786,3
1415,525,21.003759,9838,2021-06-28 18:01:45,52.22961,2
1416,724,21.117476,9839,2021-06-28 18:01:48,52.09388,1
1417,127,20.971638,9840,2021-06-28 18:01:44,52.220249,6
1418,724,21.063795,9841,2021-06-28 18:01:46,52.084442,02
1419,127,21.021456,9843,2021-06-28 18:00:44,52.231037,7
1420,127,20.924702,9844,2021-06-28 18:01:46,52.206665,09
1421,127,20.970915,9845,2021-06-28 18:01:43,52.219631,3
1422,Z10,20.914774,9846,2021-06-28 18:01:41,52.23204,6
1423,Z10,20.929779,9847,2021-06-28 18:01:42,52.225224,4
1424,109,20.932194,9849,2021-06-28 18:01:46,52.240406,6
1425,109,20.91021,9851,2021-06-28 18:01:34,52.239044,5
1426,109,21.00136,9852,2021-06-28 18:01:47,52.228313,4
1427,109,21.006346,9853,2021-06-28 18:01:46,52.228901,1
1428,127,21.019424,9854,2021-06-28 18:01:45,52.246288,335
1429,186,20.96703,9901,2021-06-28 18:01:47,52.273109,1
1430,210,20.928265,9902,2021-06-28 18:01:47,52.291107,5
1431,140,21.052763,9903,2021-06-28 18:01:47,52.276768,04
1432,520,21.00197,9905,2021-06-28 18:01:47,52.243271,011
1433,520,21.005758,9906,2021-06-28 18:01:44,52.23896,3
1434,140,21.132339,9907,2021-06-28 18:01:46,52.35601,08
1435,140,21.108299,9908,2021-06-28 18:01:47,52.326744,09
1436,140,21.056574,9909,2021-06-28 18:01:44,52.274998,2
1437,719,20.821939,9912,2021-06-28 18:01:46,52.251629,05
1438,520,21.013693,9913,2021-06-28 18:01:48,52.226254,08
1439,520,21.1378,9914,2021-06-28 18:01:45,52.239979,09
1440,520,21.155933,9915,2021-06-28 18:01:44,52.240425,6
1441,520,21.034061,9916,2021-06-28 18:01:48,52.221607,4
1442,193,21.036823,9918,2021-06-28 18:01:47,52.161942,2
1443,193,21.040051,9919,2021-06-28 18:01:47,52.171597,3
1444,140,21.068895,9920,2021-06-28 18:01:43,52.279285,05
1445,140,21.127884,9921,2021-06-28 18:01:44,52.350857,06
1446,520,21.098084,9922,2021-06-28 18:01:46,52.234894,5
1447,193,20.997065,9923,2021-06-28 18:01:48,52.169674,4
1448,140,21.111179,9924,2021-06-28 18:01:47,52.360924,07
1449,193,21.035627,9926,2021-06-28 18:01:47,52.15554,1
1450,520,21.136221,9927,2021-06-28 18:01:47,52.241306,010
1451,140,21.1075,9928,2021-06-28 18:01:43,52.326168,3
1452,186,20.977943,9929,2021-06-28 18:01:47,52.313198,12
1453,193,20.995398,9930,2021-06-28 18:01:43,52.170292,5
1454,186,20.963783,9932,2021-06-28 18:01:47,52.207863,4
1455,520,21.002169,9933,2021-06-28 18:01:44,52.243114,2
1456,186,20.957251,9934,2021-06-28 18:01:47,52.2407,2
1457,520,21.020126,9935,2021-06-28 18:01:46,52.218216,1
1458,186,20.957741,9936,2021-06-28 18:01:46,52.243027,6
1459,520,21.045738,9937,2021-06-28 18:01:44,52.224598,7
1460,186,20.961266,9940,2021-06-28 18:01:43,52.216644,3
1461,186,20.952393,9941,2021-06-28 18:01:46,52.261917,8
1462,210,20.825031,9942,2021-06-28 18:01:47,52.29076,4
1463,109,21.04327,9943,2021-06-28 18:01:43,52.22298,2
1464,186,20.956461,9945,2021-06-28 18:01:47,52.26577,9
1465,210,20.76734,9946,2021-06-28 18:01:48,52.307804,3
1466,109,21.031405,9948,2021-06-28 18:01:46,52.229362,3
1467,210,20.93092,9949,2021-06-28 18:01:48,52.2906,1
1468,210,20.824924,9950,2021-06-28 18:01:47,52.290791,2
1469,186,20.966209,9951,2021-06-28 18:01:44,52.207664,5
1470,186,20.964792,9953,2021-06-28 18:01:47,52.318245,67
1471,140,21.079676,9954,2021-06-28 18:01:44,52.292061,1
1472,o97B,21.423098,9999,2021-06-28 14:27:55,50.302967,7
