,Lines,Lon,VehicleNumber,Time,Lat,Brigade
0,213,21.2126131,1001,2021-06-28 18:00:33,52.1611058,1
1,213,21.1580961,1003,2021-06-28 18:00:34,52.2130246,05
2,213,21.1898075,1004,2021-06-28 18:00:34,52.1839601,3
3,196,21.177002,1005,2021-06-28 18:00:32,52.2568613,2
4,196,21.162516,1008,2021-06-28 18:00:19,52.259851,03
5,213,21.1887606,1009,2021-06-28 18:00:32,52.149848,4
6,213,21.1013515,1010,2021-06-28 18:00:34,52.2230811,2
7,311,21.0905493,1012,2021-06-28 18:00:32,52.231129,1
8,196,21.162175,1014,2021-06-28 18:00:28,52.259576,1
9,311,21.083539,1015,2021-06-28 18:00:32,52.230366,2
10,365,21.002396,1021,2021-06-28 18:00:38,52.175793,01
11,107,21.048531,1023,2021-06-28 18:00:37,52.195503,3
12,163,21.108002,1025,2021-06-28 18:00:38,52.16713,2
13,107,21.000748,1026,2021-06-28 18:00:38,52.244644,5
14,108,21.031225,1027,2021-06-28 18:00:35,52.229515,1
15,108,21.0440877,1028,2021-06-28 18:00:37,52.1764819,5
16,108,21.085855,1029,2021-06-28 18:00:37,52.196663,6
17,365,21.0240537,1031,2021-06-28 18:00:38,52.1798276,02
18,108,21.0350589,1033,2021-06-28 18:00:37,52.1770317,4
19,163,21.1064772,1034,2021-06-28 18:00:38,52.1705975,1
20,192,21.0499932,1037,2021-06-28 18:00:35,52.1377072,7
21,108,21.069356,1038,2021-06-28 18:00:34,52.181604,3
22,365,21.000225,1039,2021-06-28 18:00:37,52.175152,03
23,107,20.979485,1040,2021-06-28 18:00:33,52.244658,6
24,107,21.0449267,1042,2021-06-28 18:00:34,52.2212333,2
25,107,20.97922,1043,2021-06-28 18:00:29,52.2444767,07
26,107,21.01968,1045,2021-06-28 18:00:38,52.224301,4
27,204,21.029923,1046,2021-06-28 18:00:19,52.314606,05
28,204,21.03246,1047,2021-06-28 18:00:18,52.31786,1
29,204,21.026691,1048,2021-06-28 18:00:35,52.279724,04
30,228,20.936403,1050,2021-06-28 18:00:21,52.201178,1
31,228,20.892956,1051,2021-06-28 18:00:29,52.20036,2
32,328,20.994759,1052,2021-06-28 18:00:23,52.150858,01
33,129,20.948601,1053,2021-06-28 18:00:30,52.242069,4
34,228,20.966028,1054,2021-06-28 18:00:28,52.199411,3
35,129,20.910488,1055,2021-06-28 18:00:36,52.195613,3
36,328,20.956271,1058,2021-06-28 18:00:24,52.185353,02
37,129,20.945631,1059,2021-06-28 18:00:19,52.238956,1
38,328,20.9549689,1061,2021-06-28 18:00:38,52.1858825,03
39,192,21.024017,1062,2021-06-28 18:00:37,52.17992,51
40,192,21.066471,1064,2021-06-28 18:00:38,52.131485,2
41,163,21.0839036,1065,2021-06-28 18:00:37,52.1677304,04
42,107,21.012526,1066,2021-06-28 18:00:37,52.23914,1
43,163,21.062143,1068,2021-06-28 18:00:38,52.176079,3
44,192,21.0170872,1069,2021-06-28 18:00:36,52.1650427,4
45,163,21.0586219,1070,2021-06-28 18:00:37,52.1790656,05
46,192,21.017691,1074,2021-06-28 18:00:34,52.163063,6
47,108,21.031548,1076,2021-06-28 18:00:35,52.229271,2
48,192,21.0432,1077,2021-06-28 18:00:36,52.146263,3
49,192,21.068579,1079,2021-06-28 18:00:35,52.129139,1
50,736,21.029093,1101,2021-06-28 18:00:31,52.349763,02
51,132,20.9690386,1109,2021-06-28 18:00:28,52.2717653,2
52,303,20.9372985,1112,2021-06-28 18:00:35,52.2871228,3
53,147,21.1724461,1113,2021-06-28 18:00:31,52.2057316,06
54,152,20.99602,1114,2021-06-28 18:00:29,52.3445785,06
55,166,21.0459,1115,2021-06-28 18:00:33,52.1910391,09
56,132,21.0520591,1116,2021-06-28 18:00:24,52.3100348,3
57,122,20.9765465,1117,2021-06-28 18:00:39,52.2899796,09
58,197,20.8625933,1118,2021-06-28 18:00:37,52.190301,7
59,126,20.955898,1119,2021-06-28 18:00:26,52.330731,3
60,168,20.995411,1200,2021-06-28 18:00:37,52.191387,2
61,119,21.037369,1202,2021-06-28 18:00:35,52.202023,1
62,178,20.91256,1203,2021-06-28 18:00:38,52.198109,2
63,178,20.980824,1204,2021-06-28 18:00:38,52.22961,5
64,168,21.09296,1205,2021-06-28 18:00:38,52.225677,6
65,166,21.027101,1206,2021-06-28 18:00:24,52.26001,1
66,166,21.0648885,1208,2021-06-28 18:00:38,52.1439514,5
67,222,21.005037,1211,2021-06-28 18:00:37,52.244843,4
68,174,21.004803,1212,2021-06-28 18:00:37,52.17144,371
69,174,20.9956082,1213,2021-06-28 18:00:36,52.1701452,3
70,218,21.024242,1214,2021-06-28 18:00:34,52.179825,5
71,166,21.065468,1216,2021-06-28 18:00:36,52.1422484,7
72,168,21.1127174,1218,2021-06-28 18:00:34,52.2364097,5
73,119,21.2056157,1220,2021-06-28 18:00:37,52.2100969,5
74,122,20.907732,1400,2021-06-28 18:00:37,52.254714,012
75,121,20.9251748,1401,2021-06-28 18:00:31,52.2724298,04
76,134,20.9683193,1403,2021-06-28 18:00:35,52.2718611,1
77,110,20.908158,1407,2021-06-28 18:00:22,52.283698,05
78,240,21.064441,1408,2021-06-28 18:00:27,52.311746,4
79,173,21.0674,1411,2021-06-28 18:00:31,52.250427,5
80,117,21.005505,1412,2021-06-28 18:00:37,52.228573,1
81,702,21.18116,1413,2021-06-28 18:00:38,52.155922,2
82,168,21.001596,1415,2021-06-28 18:00:37,52.201775,1
83,202,21.070171,1416,2021-06-28 18:00:37,52.250221,04
84,183,21.086897,1418,2021-06-28 18:00:38,52.244713,6
85,147,21.1189344,1419,2021-06-28 18:00:38,52.1994829,2
86,199,21.150419,1422,2021-06-28 18:00:37,52.27037,4
87,198,21.2432844,1423,2021-06-28 18:00:37,52.2216975,05
88,173,21.052683,1424,2021-06-28 18:00:38,52.250412,6
89,115,21.169336,1425,2021-06-28 18:00:38,52.205269,4
90,173,21.1216931,1426,2021-06-28 18:00:38,52.2367504,8
91,147,21.045086,1427,2021-06-28 18:00:36,52.248577,4
92,146,21.052572,1428,2021-06-28 18:00:36,52.250401,2
93,142,21.100638,1430,2021-06-28 18:00:21,52.242658,06
94,L41,20.800467,14422,2021-06-28 18:00:31,52.406136,1
95,L11,20.859711,14424,2021-06-28 18:00:35,52.448246,1
96,L10,20.916059,14425,2021-06-28 18:00:40,52.400139,50
97,L-8,20.945215,14426,2021-06-28 14:51:54,52.437912,1
98,L41,20.909414,14427,2021-06-28 18:00:39,52.38097,02
99,L11,20.943829,14429,2021-06-28 18:00:32,52.39904,57
100,L34,20.847353,14430,2021-06-28 17:01:01,52.441017,2
101,L34,20.923489,14431,2021-06-28 18:00:34,52.391605,1
102,L11,20.877495,14432,2021-06-28 18:00:33,52.454468,51
103,L-8,20.958469,14434,2021-06-28 18:00:39,52.411297,02
104,L-8,21.056782,14435,2021-06-28 18:00:41,52.411556,1
105,L49,20.88479,14436,2021-06-28 18:00:34,52.411339,1
106,L31,21.162703,14438,2021-06-28 18:00:36,52.425755,1
107,L-9,20.968262,14439,2021-06-28 18:00:38,52.449608,054
108,L-9,20.971722,14440,2021-06-28 18:00:36,52.448048,055
109,134,21.061753,1500,2021-06-28 18:00:20,52.361693,04
110,134,21.0471733,1501,2021-06-28 18:00:29,52.3312771,3
111,110,20.968451,1502,2021-06-28 18:00:35,52.2720988,2
112,240,21.1181786,1505,2021-06-28 18:00:32,52.3386268,06
113,132,21.0312416,1506,2021-06-28 18:00:32,52.2991691,07
114,134,21.0328496,1507,2021-06-28 18:00:31,52.2998858,2
115,126,21.0568335,1508,2021-06-28 18:00:36,52.301883,5
116,132,21.052066,1509,2021-06-28 18:00:32,52.309139,05
117,166,21.0682246,1510,2021-06-28 18:00:31,52.129235,6
118,126,21.0092183,1513,2021-06-28 18:00:32,52.303893,4
119,197,20.8664875,1514,2021-06-28 18:00:31,52.191084,6
120,197,20.8854493,1515,2021-06-28 18:00:29,52.2165661,8
121,121,20.9740275,1516,2021-06-28 18:00:30,52.2793321,1
122,173,21.259615,1519,2021-06-28 18:00:20,52.240898,10
123,202,21.128695,1521,2021-06-28 18:00:34,52.240211,07
124,202,21.105225,1522,2021-06-28 18:00:36,52.2462683,3
125,146,21.1454567,1523,2021-06-28 18:00:36,52.176215,08
126,730,21.093713,1524,2021-06-28 18:00:33,52.244264,052
127,119,21.0853067,1525,2021-06-28 18:00:34,52.2089017,06
128,147,21.181088,1526,2021-06-28 18:00:35,52.206886,09
129,198,21.2431217,1528,2021-06-28 18:00:26,52.2207617,3
130,702,21.1245117,1530,2021-06-28 18:00:34,52.235255,03
131,198,21.2231717,1531,2021-06-28 18:00:33,52.24592,2
132,115,21.170284,1533,2021-06-28 18:00:18,52.27705,2
133,142,21.094698,1534,2021-06-28 18:00:32,52.244053,07
134,198,21.230931,1535,2021-06-28 18:00:29,52.216541,1
135,106,21.020334,1537,2021-06-28 18:00:20,52.243663,4
136,170,21.0807517,1538,2021-06-28 18:00:37,52.27756,4
137,120,21.057303,1539,2021-06-28 18:00:38,52.361593,1
138,199,21.179713,1540,2021-06-28 18:00:31,52.269148,1
139,156,21.051964,1541,2021-06-28 18:00:19,52.253005,1
140,170,21.047803,1542,2021-06-28 18:00:28,52.255155,1
141,156,20.956665,1543,2021-06-28 18:00:26,52.278275,3
142,338,21.0858067,1544,2021-06-28 18:00:30,52.260525,01
143,122,20.96793,1546,2021-06-28 18:00:26,52.2616233,013
144,338,21.1007167,1548,2021-06-28 18:00:28,52.2606217,04
145,199,21.067733,1549,2021-06-28 18:00:37,52.277516,2
146,170,21.045576,1550,2021-06-28 18:00:28,52.2545,3
147,240,21.0328,1551,2021-06-28 18:00:29,52.29921,3
148,221,20.9667867,1552,2021-06-28 18:00:25,52.2571,2
149,106,21.0206017,1554,2021-06-28 18:00:26,52.2431017,06
150,L-4,20.906279,17451,2021-06-28 18:00:36,52.092285,1
151,L26,21.189121,17452,2021-06-28 18:00:39,52.338757,02
152,L37,21.217834,17453,2021-06-28 17:30:49,52.31118,1
153,L40,21.241701,17454,2021-06-28 17:42:52,52.347198,1
154,L36,21.229929,17456,2021-06-28 18:00:40,52.345398,1
155,L35,21.30162,17458,2021-06-28 18:00:33,52.35733,1
156,L26,21.155565,17460,2021-06-28 18:00:37,52.314137,1
157,L46,21.08584,17461,2021-06-28 18:00:33,52.302223,1
158,L43,21.155216,17462,2021-06-28 18:00:28,52.294445,1
159,L45,21.106491,17464,2021-06-28 18:00:39,52.410179,02
160,L45,21.085201,17465,2021-06-28 18:00:36,52.304863,1
161,L38,21.250281,17466,2021-06-28 18:00:38,52.329841,1
162,L37,21.226788,17467,2021-06-28 18:00:34,52.34444,2
163,L40,21.102371,17468,2021-06-28 18:00:38,52.331932,02
164,197,20.9438293,1800,2021-06-28 18:00:36,52.244491,4
165,110,20.8995135,1801,2021-06-28 18:00:31,52.325787,4
166,132,21.0682476,1802,2021-06-28 18:00:28,52.3238398,1
167,166,21.033932,1803,2021-06-28 18:00:29,52.2305438,8
168,122,20.9234051,1804,2021-06-28 18:00:35,52.2554963,5
169,173,21.126132,1805,2021-06-28 18:00:35,52.2344881,4
170,204,21.0603248,1806,2021-06-28 18:00:35,52.3151515,3
171,122,20.8986178,1807,2021-06-28 18:00:31,52.2392766,4
172,303,20.9431866,1808,2021-06-28 18:00:35,52.2973075,1
173,147,21.2429771,1809,2021-06-28 18:00:31,52.2191975,1
174,166,21.0271961,1810,2021-06-28 18:00:31,52.2600668,2
175,152,21.043346,1811,2021-06-28 10:10:53,52.266126,06
176,204,21.0232345,1812,2021-06-28 18:00:36,52.277251,2
177,736,21.0289138,1813,2021-06-28 18:00:29,52.3484885,1
178,147,21.063463,1814,2021-06-28 18:00:29,52.228081,07
179,240,21.0007876,1815,2021-06-28 18:00:33,52.291346,2
180,197,20.9413833,1817,2021-06-28 18:00:30,52.2329028,9
181,240,21.0587833,1818,2021-06-28 18:00:29,52.3012703,05
182,221,20.9940975,1819,2021-06-28 18:00:32,52.2594416,1
183,117,21.005128,1823,2021-06-28 18:00:20,52.22955,05
184,146,21.2047401,1826,2021-06-28 18:00:35,52.1594686,4
185,183,21.1917316,1828,2021-06-28 18:00:30,52.2385753,3
186,147,21.1118991,1829,2021-06-28 18:00:29,52.2061575,5
187,722,21.2314408,1830,2021-06-28 18:00:35,52.223482,1
188,147,21.1169918,1832,2021-06-28 09:25:20,52.2330478,09
189,146,21.1612798,1833,2021-06-28 18:00:24,52.1631136,5
190,202,21.116848,1834,2021-06-28 09:35:30,52.233074,04
191,115,21.1594586,1835,2021-06-28 18:00:32,52.255329,3
192,168,20.9957245,1837,2021-06-28 18:00:30,52.1930535,07
193,183,21.094371,1839,2021-06-28 18:00:29,52.2441093,1
194,202,21.0400668,1840,2021-06-28 18:00:31,52.2437088,05
195,146,21.042806,1842,2021-06-28 18:00:27,52.238568,07
196,183,21.155428,1843,2021-06-28 18:00:23,52.255131,2
197,119,21.007985,1844,2021-06-28 18:00:18,52.208906,3
198,115,21.24201,1846,2021-06-28 18:00:27,52.169955,5
199,730,21.3778068,1847,2021-06-28 18:00:33,52.1994736,61
200,119,21.1653171,1848,2021-06-28 18:00:29,52.205257,4
201,173,21.177738,1849,2021-06-28 18:00:35,52.245273,9
202,183,21.1577415,1850,2021-06-28 18:00:31,52.2554066,4
203,173,21.2200416,1851,2021-06-28 18:00:35,52.2178596,1
204,722,21.3194673,1854,2021-06-28 18:00:33,52.1502208,53
205,147,21.0457395,1855,2021-06-28 18:00:28,52.2479138,3
206,146,21.0502645,1856,2021-06-28 18:00:32,52.2376398,1
207,117,21.04979,1857,2021-06-28 18:00:24,52.237883,2
208,115,21.171015,1858,2021-06-28 18:00:27,52.25164,1
209,146,21.2044853,1859,2021-06-28 18:00:28,52.1594753,09
210,115,21.1852658,1860,2021-06-28 18:00:34,52.1881001,6
211,119,21.000714,1862,2021-06-28 18:00:25,52.2061938,2
212,173,21.157891,1863,2021-06-28 18:00:21,52.24036,3
213,146,21.0984411,1866,2021-06-28 18:00:27,52.2169728,3
214,183,21.1042231,1867,2021-06-28 18:00:34,52.2418865,5
215,147,21.0780138,1869,2021-06-28 18:00:32,52.2260913,08
216,251,21.0921363,1903,2021-06-28 18:00:33,52.1510516,53
217,168,21.0301696,1904,2021-06-28 18:00:37,52.2067303,09
218,739,21.0403969,1905,2021-06-28 18:00:32,52.0808921,07
219,251,20.9952946,1906,2021-06-28 18:00:34,52.1858451,52
220,251,21.0712567,1907,2021-06-28 18:00:36,52.1689608,54
221,178,20.980178,1908,2021-06-28 18:00:08,52.187319,012
222,222,21.0238543,1909,2021-06-28 18:00:30,52.1974479,2
223,222,21.0141915,1910,2021-06-28 18:00:28,52.2441627,5
224,139,21.092695,1911,2021-06-28 18:00:38,52.105038,56
225,222,21.023844,1912,2021-06-28 18:00:36,52.194691,6
226,251,21.1230474,1914,2021-06-28 18:00:37,52.0895537,51
227,222,21.016687,1916,2021-06-28 18:00:38,52.240086,3
228,139,21.036253,1917,2021-06-28 18:00:38,52.177055,52
229,739,21.0278276,1918,2021-06-28 18:00:35,52.0979797,08
230,251,21.024128,1919,2021-06-28 18:00:37,52.179646,55
231,222,20.995869,1920,2021-06-28 18:00:34,52.193466,1
232,178,20.979624,1991,2021-06-28 18:00:36,52.229347,010
233,178,20.8834365,1993,2021-06-28 18:00:38,52.195417,1
234,168,21.0792217,1994,2021-06-28 18:00:37,52.20486,08
235,178,21.0178634,1995,2021-06-28 18:00:38,52.2371809,3
236,178,20.908186,1996,2021-06-28 18:00:37,52.192234,6
237,178,21.004086,1998,2021-06-28 18:00:37,52.255421,4
238,178,20.942728,1999,2021-06-28 18:00:38,52.205845,013
239,105,20.951275,2001,2021-06-28 18:00:37,52.228901,1
240,136,20.961235,2003,2021-06-28 18:00:37,52.216599,6
241,Z10,20.915033,2006,2021-06-28 18:00:37,52.233788,3
242,188,20.98506,2007,2021-06-28 18:00:39,52.202728,09
243,517,20.8617034,2008,2021-06-28 18:00:37,52.1909932,07
244,191,20.910303,2009,2021-06-28 18:00:35,52.1954505,3
245,184,20.9524452,2010,2021-06-28 18:00:32,52.2275777,4
246,124,20.935433,2011,2021-06-28 18:00:37,52.161148,03
247,401,21.026327,2013,2021-06-28 18:00:35,52.172794,1
248,182,21.013994,2014,2021-06-28 18:00:36,52.216972,012
249,171,20.933279,2015,2021-06-28 18:00:35,52.288929,1
250,401,20.861925,2016,2021-06-28 18:00:35,52.190487,011
251,190,21.0372182,2019,2021-06-28 18:00:36,52.2558495,014
252,191,20.949089,2020,2021-06-28 18:00:37,52.209671,7
253,401,20.8682,2021,2021-06-28 18:00:38,52.193542,5
254,522,21.0532897,2022,2021-06-28 18:00:37,52.1839566,013
255,193,21.0299954,2023,2021-06-28 18:00:37,52.1735286,06
256,189,20.9386992,2024,2021-06-28 18:00:37,52.1941705,14
257,401,20.982273,2026,2021-06-28 18:00:38,52.182701,8
258,522,21.069653,2027,2021-06-28 18:00:36,52.16473,318
259,519,21.0025017,2028,2021-06-28 18:00:35,52.2296222,3
260,501,21.025734,2029,2021-06-28 18:00:38,52.209423,3
261,189,20.9130421,2030,2021-06-28 18:00:37,52.2288529,9
262,131,21.0688189,2032,2021-06-28 18:00:35,52.1815327,10
263,522,21.035807,2033,2021-06-28 18:00:36,52.201729,07
264,189,20.898745,2035,2021-06-28 18:00:37,52.238712,12
265,519,21.0265334,2036,2021-06-28 18:00:37,52.2090514,5
266,501,21.013203,2037,2021-06-28 18:00:38,52.22747,5
267,138,21.020775,2038,2021-06-28 18:00:38,52.211655,010
268,501,21.0519764,2040,2021-06-28 18:00:35,52.1793702,2
269,189,20.915035,2041,2021-06-28 18:00:36,52.216541,8
270,138,21.068148,2042,2021-06-28 18:00:37,52.261005,012
271,401,20.924984,2044,2021-06-28 18:00:37,52.196556,012
272,172,20.968929,2045,2021-06-28 18:00:38,52.213718,010
273,172,20.955513,2200,2021-06-28 18:00:37,52.212051,4
274,523,21.085081,2201,2021-06-28 18:00:37,52.250359,14
275,187,21.059906,2202,2021-06-28 18:00:38,52.18441,3
276,136,21.056151,2203,2021-06-28 18:00:38,52.1476872,1
277,Z10,20.929693,2204,2021-06-28 18:00:37,52.223335,010
278,171,20.919861,2205,2021-06-28 18:00:38,52.249393,011
279,189,20.8988359,2207,2021-06-28 18:00:38,52.2387805,10
280,190,20.932589,2209,2021-06-28 18:00:38,52.240269,8
281,172,21.027773,2210,2021-06-28 18:00:37,52.199951,2
282,122,20.9788,2212,2021-06-28 18:00:31,52.285301,6
283,122,20.8991877,2213,2021-06-28 18:00:35,52.2385737,07
284,136,21.055887,2215,2021-06-28 18:00:36,52.14756,11
285,190,20.9213704,2216,2021-06-28 18:00:38,52.1974184,018
286,401,20.8616947,2217,2021-06-28 18:00:38,52.1906034,09
287,Z10,20.9157202,2218,2021-06-28 18:00:38,52.2273727,5
288,148,21.0182462,2221,2021-06-28 18:00:37,52.1528726,8
289,523,21.082842,2222,2021-06-28 18:00:37,52.240871,1
290,191,20.894133,2223,2021-06-28 18:00:38,52.192104,9
291,189,21.068926,2224,2021-06-28 18:00:37,52.181343,2
292,191,20.98387,2225,2021-06-28 18:00:35,52.218212,5
293,517,20.9712616,2226,2021-06-28 18:00:37,52.2195659,3
294,136,21.055725,2231,2021-06-28 18:00:35,52.147445,013
295,189,20.8990574,2232,2021-06-28 18:00:37,52.2387074,11
296,317,20.9442061,2233,2021-06-28 18:00:37,52.1753937,08
297,Z10,20.920938,2235,2021-06-28 18:00:37,52.258148,011
298,317,21.073149,2236,2021-06-28 18:00:35,52.168598,4
299,187,21.0487572,2240,2021-06-28 18:00:37,52.1778299,2
300,136,21.002613,2241,2021-06-28 18:00:37,52.177704,9
301,191,20.8703259,2243,2021-06-28 18:00:38,52.1835217,1
302,171,20.994289,2244,2021-06-28 18:00:35,52.242294,4
303,Z10,20.913084,2245,2021-06-28 18:00:37,52.251751,9
304,717,20.94115,2247,2021-06-28 18:00:24,52.204481,3
305,317,21.0431722,2249,2021-06-28 18:00:38,52.1722606,06
306,189,21.0405451,2252,2021-06-28 18:00:35,52.1707704,4
307,112,20.9333227,2253,2021-06-28 18:00:38,52.2704706,2
308,191,20.959209,2254,2021-06-28 18:00:37,52.216099,010
309,141,21.0327417,2256,2021-06-28 18:00:37,52.2013986,013
310,172,21.029806,2257,2021-06-28 18:00:35,52.200657,7
311,317,20.9538731,2258,2021-06-28 18:00:35,52.1852185,1
312,187,21.016283,2259,2021-06-28 18:00:35,52.217125,4
313,L48,21.303106,23481,2021-06-28 04:38:21,52.203297,1
314,L47,21.300095,23482,2021-06-28 18:00:39,52.252449,02
315,L47,21.297977,23483,2021-06-28 18:00:37,52.241531,1
316,L20,21.387434,24511,2021-06-28 18:00:36,52.127712,1
317,L20,21.471601,24512,2021-06-28 13:52:17,52.132278,1
318,L20,21.269138,24513,2021-06-28 18:00:36,52.098457,03
319,L20,21.471657,24515,2021-06-28 17:31:13,52.132061,2
320,245,21.056251,3400,2021-06-28 18:00:32,52.275055,2
321,112,21.0590391,3401,2021-06-28 18:00:31,52.3029645,018
322,412,21.0897845,3403,2021-06-28 18:00:34,52.3044625,01
323,112,21.042246,3404,2021-06-28 18:00:17,52.295646,7
324,412,21.068473,3405,2021-06-28 18:00:37,52.323258,05
325,500,21.0415816,3406,2021-06-28 18:00:29,52.2923785,08
326,500,21.0417568,3408,2021-06-28 18:00:34,52.3002481,2
327,160,21.0478308,3409,2021-06-28 18:00:36,52.2640925,013
328,245,21.0528846,3410,2021-06-28 18:00:31,52.2765065,05
329,114,20.93157,3411,2021-06-28 18:00:20,52.293706,011
330,500,21.0366961,3413,2021-06-28 18:00:33,52.2685206,1
331,190,21.0885508,3414,2021-06-28 18:00:34,52.303027,027
332,114,21.0348501,3415,2021-06-28 18:00:30,52.2884595,09
333,114,20.9621081,3416,2021-06-28 18:00:28,52.2668256,010
334,738,21.0569853,3417,2021-06-28 18:00:36,52.2749246,3
335,738,21.056536,3418,2021-06-28 18:00:31,52.275056,4
336,190,21.0465675,3421,2021-06-28 18:00:33,52.2599333,021
337,500,21.044795,3422,2021-06-28 18:00:22,52.278993,4
338,185,21.04769,3423,2021-06-28 18:00:34,52.1513083,10
339,512,21.0392888,3424,2021-06-28 18:00:31,52.2511903,2
340,512,21.0673866,3426,2021-06-28 18:00:27,52.2903521,3
341,169,21.034881,3427,2021-06-28 18:00:28,52.258274,2
342,185,21.0473133,3428,2021-06-28 18:00:35,52.1508148,7
343,500,20.9820066,3429,2021-06-28 18:00:36,52.25312,6
344,169,21.033486,3430,2021-06-28 18:00:35,52.2966356,3
345,112,20.93833,3431,2021-06-28 18:00:23,52.275583,3
346,Z26,21.0339413,3432,2021-06-28 18:00:36,52.2543918,1
347,Z26,21.024691,3434,2021-06-28 18:00:26,52.250408,6
348,175,20.977942,3435,2021-06-28 18:00:30,52.169605,55
349,509,20.98845,3437,2021-06-28 18:00:35,52.3044136,5
350,132,20.96821,3438,2021-06-28 18:00:36,52.2720093,06
351,738,21.1973721,3439,2021-06-28 18:00:35,52.4117831,1
352,414,21.041403,3440,2021-06-28 18:00:37,52.30001,07
353,512,21.040625,3441,2021-06-28 18:00:38,52.257216,5
354,500,20.9835843,3442,2021-06-28 18:00:36,52.2549576,7
355,509,21.065601,3443,2021-06-28 18:00:29,52.226473,11
356,245,21.1306115,3444,2021-06-28 18:00:32,52.2825975,04
357,145,21.1191026,3445,2021-06-28 18:00:32,52.2709206,8
358,509,21.0128135,3446,2021-06-28 18:00:25,52.276827,14
359,162,21.0274656,3447,2021-06-28 18:00:32,52.2597658,6
360,190,20.9299078,3448,2021-06-28 18:00:37,52.2403355,2
361,112,20.9600453,3449,2021-06-28 18:00:29,52.2756376,9
362,112,20.896511,3450,2021-06-28 18:00:28,52.216933,12
363,114,21.043474,3451,2021-06-28 09:14:51,52.2654126,09
364,145,21.11604,3452,2021-06-28 18:00:32,52.2764635,015
365,527,21.04819,3453,2021-06-28 18:00:36,52.2876791,2
366,190,20.8967288,3454,2021-06-28 18:00:34,52.2389176,1
367,145,21.0882515,3455,2021-06-28 18:00:30,52.2447828,5
368,509,20.998268,3458,2021-06-28 18:00:30,52.294895,355
369,245,21.1100495,3459,2021-06-28 18:00:25,52.2841751,1
370,190,20.9957623,3460,2021-06-28 18:00:29,52.2426556,022
371,114,20.945196,3462,2021-06-28 18:00:28,52.271796,2
372,190,21.0469121,3463,2021-06-28 18:00:33,52.2600413,6
373,500,21.0092365,3464,2021-06-28 18:00:33,52.260708,5
374,114,21.0172176,3465,2021-06-28 18:00:33,52.2925246,6
375,112,20.88303,3466,2021-06-28 18:00:36,52.2150445,1
376,509,21.102516,3467,2021-06-28 18:00:24,52.221833,022
377,245,21.081786,3468,2021-06-28 18:00:25,52.286766,03
378,114,20.9335155,3469,2021-06-28 18:00:30,52.2712281,7
379,L17,21.011322,36442,2021-06-28 18:00:35,51.975891,02
380,L19,21.029413,36443,2021-06-28 17:49:33,52.07513,1
381,L17,21.029415,36444,2021-06-28 18:00:35,52.074577,1
382,L19,21.035351,36445,2021-06-28 18:00:36,51.96188,02
383,L30,21.211058,36446,2021-06-28 18:00:40,51.941669,1
384,L28,21.116062,36447,2021-06-28 18:00:34,52.102642,1
385,L30,21.12199,36448,2021-06-28 18:00:36,51.956673,02
386,L42,21.116159,37531,2021-06-28 18:00:39,52.102631,52
387,L21,21.210661,37533,2021-06-28 18:00:05,52.033733,1
388,L16,21.150047,37534,2021-06-28 18:00:38,52.132454,1
389,L14,21.201885,37535,2021-06-28 18:00:35,52.079754,1
390,L15,21.117767,37536,2021-06-28 18:00:36,52.05238,51
391,L39,21.049021,38541,2021-06-28 18:00:33,52.0891,4
392,L23,21.020481,38543,2021-06-28 18:00:38,52.066086,M53
393,L23,21.02944,38544,2021-06-28 18:00:31,52.075043,052
394,L39,21.02434,38545,2021-06-28 18:00:32,52.061989,3
395,L32,21.041908,38546,2021-06-28 18:00:36,52.080196,1
396,L39,21.004555,38547,2021-06-28 05:46:58,52.110222,1
397,L39,21.045053,38548,2021-06-28 18:00:40,52.085258,2
398,L23,21.026094,38549,2021-06-28 18:00:38,52.075562,51
399,L52,20.99655,38550,2021-06-28 18:00:36,52.037849,1
400,L-2,20.998962,39551,2021-06-28 18:00:33,52.051811,062
401,L-2,20.998169,39552,2021-06-28 18:00:36,52.051636,063
402,L25,21.090006,39554,2021-06-28 18:00:34,52.020477,02
403,L25,21.092472,39555,2021-06-28 18:00:33,52.01685,1
404,L12,21.029518,39556,2021-06-28 18:00:34,52.074699,061
405,L12,21.029448,39557,2021-06-28 18:00:40,52.075462,64
406,L12,20.880404,39558,2021-06-28 18:00:37,52.021408,65
407,L13,21.031027,39560,2021-06-28 18:00:40,52.028011,1
408,L13,21.214188,39561,2021-06-28 18:00:36,51.986,03
409,L13,21.022499,39562,2021-06-28 18:00:37,52.074844,2
410,L-5,20.961853,39565,2021-06-28 18:00:35,52.066597,1
411,255,20.9309957,4200,2021-06-28 18:00:37,52.2253097,2
412,703,20.8748094,4202,2021-06-28 18:00:37,52.1295577,52
413,197,20.975784,4205,2021-06-28 18:00:37,52.289764,2
414,902,20.9223249,4206,2021-06-28 16:30:27,52.1964574,M1
415,255,20.937937,4207,2021-06-28 18:00:37,52.222744,03
416,154,20.961254,4209,2021-06-28 18:00:37,52.216846,4
417,178,20.895948,4210,2021-06-28 18:00:38,52.185661,011
418,154,20.971754,4211,2021-06-28 18:00:37,52.219643,010
419,711,20.800209,4212,2021-06-28 18:00:38,52.090988,063
420,154,20.896959,4213,2021-06-28 18:00:38,52.241962,1
421,154,20.972282,4214,2021-06-28 18:00:35,52.212505,8
422,711,20.942114,4215,2021-06-28 18:00:37,52.175304,061
423,122,20.9094034,4216,2021-06-28 18:00:38,52.2541154,3
424,197,20.953409,4217,2021-06-28 18:00:38,52.275593,3
425,197,20.966045,4218,2021-06-28 18:00:37,52.283676,1
426,255,20.9826752,4219,2021-06-28 18:00:38,52.2302609,1
427,197,20.9309764,4221,2021-06-28 18:00:37,52.2568704,10
428,129,20.910042,4224,2021-06-28 18:00:37,52.194771,2
429,121,20.9591812,4225,2021-06-28 18:00:37,52.2804182,03
430,197,20.900234,4227,2021-06-28 18:00:34,52.216751,5
431,154,20.942724,4228,2021-06-28 18:00:38,52.174885,6
432,902,21.0438819,4229,2021-06-28 18:00:35,52.2486204,M2
433,154,20.9807775,4230,2021-06-28 18:00:38,52.1915334,7
434,178,20.895811,4231,2021-06-28 18:00:38,52.185749,9
435,178,20.9628797,4232,2021-06-28 18:00:38,52.2283952,7
436,714,20.807091,4233,2021-06-28 18:00:35,52.271889,3
437,729,20.795391,4234,2021-06-28 18:00:36,52.254833,02
438,714,20.9501136,4235,2021-06-28 18:00:38,52.2386599,2
439,L-3,20.829214,42362,2021-06-28 17:58:17,52.031471,02
440,154,20.9541602,4237,2021-06-28 18:00:37,52.1854676,5
441,154,20.897411,4238,2021-06-28 18:00:37,52.244205,3
442,178,20.953625,4239,2021-06-28 18:00:38,52.212692,8
443,154,20.94001,4240,2021-06-28 18:00:36,52.235222,011
444,714,20.917583,4241,2021-06-28 18:00:38,52.239548,04
445,154,20.898481,4242,2021-06-28 18:00:38,52.258404,2
446,154,20.914804,4243,2021-06-28 18:00:39,52.239231,09
447,901,21.0307214,4244,2021-06-28 18:00:38,52.2302176,1
448,901,21.0045442,4246,2021-06-28 18:00:35,52.2294941,3
449,714,20.889252,4247,2021-06-28 18:00:39,52.240284,1
450,729,20.905375,4248,2021-06-28 18:00:37,52.238892,1
451,121,20.9251871,4249,2021-06-28 18:00:38,52.2725927,2
452,L-1,20.985018,42494,2021-06-28 18:00:37,52.06966,1
453,L-4,21.0165,42495,2021-06-28 06:12:56,52.098907,2
454,L-3,21.017675,42500,2021-06-28 18:00:37,52.067093,1
455,146,21.0853396,4303,2021-06-28 18:00:37,52.2206495,06
456,119,21.1292381,4304,2021-06-28 18:00:38,52.2015467,07
457,117,21.0624059,4305,2021-06-28 18:00:38,52.2249211,4
458,147,21.0522549,4307,2021-06-28 18:00:38,52.2502622,010
459,142,21.1349177,4308,2021-06-28 18:00:38,52.1843262,08
460,198,21.2236655,4309,2021-06-28 18:00:38,52.253808,04
461,702,21.2628766,4312,2021-06-28 18:00:38,52.1080909,1
462,105,16.9750897,4332,2021-06-26 13:35:37,52.5472771,4
463,N72,16.9763326,4333,2021-06-28 15:21:54,52.5456077,215
464,240,21.11478,4400,2021-06-28 18:00:34,52.334824,1
465,132,21.0736227,4401,2021-06-28 18:00:37,52.3244104,09
466,126,20.9681037,4402,2021-06-28 18:00:36,52.3268912,2
467,120,21.0510467,4403,2021-06-28 18:00:36,52.252537,5
468,166,21.037842,4404,2021-06-28 18:00:38,52.233776,3
469,156,21.0601265,4406,2021-06-28 18:00:37,52.2692272,2
470,122,20.959402,4407,2021-06-28 18:00:35,52.25988,010
471,134,20.9872934,4408,2021-06-28 18:00:34,52.2835357,05
472,106,21.0142489,4409,2021-06-28 18:00:38,52.2404952,1
473,199,21.07,4411,2021-06-28 18:00:36,52.280655,3
474,173,21.242565,4413,2021-06-28 18:00:38,52.249695,2
475,106,20.9652454,4415,2021-06-28 18:00:37,52.2420585,2
476,106,20.970049,4416,2021-06-28 18:00:32,52.231461,07
477,170,21.0218729,4417,2021-06-28 18:00:37,52.2624952,2
478,106,20.978552,4418,2021-06-28 18:00:35,52.232738,3
479,120,21.063349,4419,2021-06-28 18:00:38,52.311104,7
480,901,20.999891,4420,2021-06-28 18:00:38,52.230568,4
481,126,21.0302725,4421,2021-06-28 18:00:38,52.2882475,1
482,338,21.0307232,4422,2021-06-28 18:00:38,52.2610354,02
483,106,21.027697,4423,2021-06-28 18:00:38,52.238869,5
484,901,21.011658,4424,2021-06-28 18:00:37,52.229626,2
485,156,21.032043,4425,2021-06-28 18:00:36,52.288738,5
486,166,21.043957,4427,2021-06-28 18:00:38,52.1735,4
487,156,20.9280445,4428,2021-06-28 18:00:35,52.2908552,4
488,303,20.9863022,4429,2021-06-28 18:00:37,52.2694547,2
489,106,21.0135839,4430,2021-06-28 18:00:38,52.2404927,08
490,338,21.06624,4434,2021-06-28 18:00:37,52.26495,03
491,122,20.9475052,5200,2021-06-28 18:00:36,52.267918,08
492,171,20.9328566,5201,2021-06-28 18:00:28,52.2402127,8
493,517,20.9516827,5202,2021-06-28 18:00:37,52.2118863,09
494,523,21.00579,5203,2021-06-28 18:00:07,52.217246,020
495,401,20.927033,5204,2021-06-28 18:00:22,52.196159,013
496,105,20.8989626,5205,2021-06-28 18:00:33,52.2388265,5
497,131,21.0477734,5206,2021-06-28 18:00:33,52.2068933,2
498,182,21.1129592,5207,2021-06-28 18:00:35,52.2362013,011
499,517,20.9880237,5208,2021-06-28 18:00:32,52.2238344,2
500,184,20.964013,5210,2021-06-28 18:00:33,52.208058,2
501,105,20.963001,5211,2021-06-28 18:00:35,52.228278,09
502,523,21.0332327,5212,2021-06-28 18:00:28,52.2211988,015
503,Z10,20.912612,5213,2021-06-28 18:00:37,52.241523,1
504,184,20.9623088,5214,2021-06-28 18:00:30,52.2170858,1
505,523,20.9127194,5215,2021-06-28 18:00:36,52.2400508,7
506,131,21.0297856,5216,2021-06-28 18:00:31,52.2070481,8
507,189,20.9220571,5217,2021-06-28 16:49:01,52.1957361,11
508,122,20.9261672,5218,2021-06-28 18:00:27,52.263722,011
509,401,20.8754383,5219,2021-06-28 18:00:34,52.1986517,6
510,124,20.9434977,5222,2021-06-28 18:00:34,52.1760383,1
511,190,20.9915153,5223,2021-06-28 18:00:24,52.2410228,7
512,517,20.870521,5224,2021-06-28 18:00:21,52.198239,4
513,523,20.9497769,5225,2021-06-28 18:00:32,52.2384106,6
514,401,20.8996582,5226,2021-06-28 18:00:29,52.1949176,4
515,189,21.049068,5227,2021-06-28 18:00:32,52.178061,024
516,124,20.9416714,5228,2021-06-28 18:00:30,52.158982,2
517,131,21.0036602,5229,2021-06-28 18:00:28,52.2291887,5
518,523,20.9875717,5230,2021-06-28 18:00:32,52.2162138,016
519,189,20.941533,5232,2021-06-28 18:00:33,52.1933989,7
520,148,20.9865187,5233,2021-06-28 18:00:36,52.1579444,011
521,105,20.897286,5234,2021-06-28 18:00:19,52.222308,011
522,105,20.9182017,5235,2021-06-28 18:00:32,52.2203703,3
523,517,21.0104029,5236,2021-06-28 18:00:27,52.2297542,1
524,171,21.0218479,5237,2021-06-28 18:00:30,52.2290731,6
525,401,20.8988219,5238,2021-06-28 18:00:30,52.1953179,7
526,182,21.0854084,5239,2021-06-28 18:00:31,52.2360658,9
527,184,20.9569236,5240,2021-06-28 18:00:35,52.2274379,3
528,187,20.8609108,5241,2021-06-28 18:00:30,52.1942044,8
529,190,20.8970129,5243,2021-06-28 18:00:26,52.2304149,011
530,189,20.9870119,5244,2021-06-28 18:00:28,52.1812136,018
531,105,20.8989314,5245,2021-06-28 18:00:33,52.2387515,6
532,148,21.0994578,5246,2021-06-28 18:00:28,52.2378668,012
533,716,20.8670852,5247,2021-06-28 18:00:32,52.1970889,1
534,141,20.9807819,5248,2021-06-28 18:00:33,52.1886933,7
535,317,20.9435984,5249,2021-06-28 18:00:32,52.1758179,2
536,188,21.002887,5250,2021-06-28 18:00:30,52.2169835,3
537,187,21.046152,5251,2021-06-28 18:00:36,52.2161444,1
538,189,20.9019064,5253,2021-06-28 18:00:28,52.2280879,020
539,401,21.0265943,5254,2021-06-28 18:00:37,52.1703198,010
540,190,21.037238,5255,2021-06-28 18:00:20,52.255899,016
541,148,21.1031363,5256,2021-06-28 18:00:27,52.2216182,1
542,716,20.930414,5257,2021-06-28 18:00:34,52.225078,2
543,188,20.9828686,5258,2021-06-28 18:00:31,52.1947518,4
544,105,20.914423,5260,2021-06-28 18:00:28,52.2197,08
545,723,20.916265,5401,2021-06-28 18:00:38,52.403748,3
546,185,20.9759407,5403,2021-06-28 18:00:37,52.2897344,3
547,145,21.126402,5404,2021-06-28 18:00:38,52.234474,4
548,269,21.057377,5405,2021-06-28 18:00:35,52.270859,05
549,509,21.0279221,5406,2021-06-28 18:00:36,52.2575951,13
550,120,21.05357,5407,2021-06-28 18:00:38,52.338669,2
551,527,21.047976,5408,2021-06-28 18:00:37,52.270218,054
552,E-9,20.968058,5409,2021-06-28 18:00:37,52.272022,01
553,731,21.000856,5410,2021-06-28 18:00:37,52.291283,1
554,723,20.9250194,5412,2021-06-28 18:00:36,52.3751389,4
555,705,21.069914,5413,2021-06-28 18:00:37,52.474083,66
556,511,20.941938,5414,2021-06-28 18:00:37,52.34811,1
557,723,21.0009161,5416,2021-06-28 18:00:37,52.2916389,1
558,E-9,20.9675842,5417,2021-06-28 18:00:37,52.2719451,02
559,511,20.929981,5418,2021-06-28 18:00:35,52.292709,2
560,120,21.046594,5419,2021-06-28 18:00:37,52.2818719,3
561,160,21.0669941,5420,2021-06-28 18:00:38,52.324261,5
562,511,20.9387549,5421,2021-06-28 18:00:36,52.300728,3
563,160,21.042999,5423,2021-06-28 18:00:36,52.276157,012
564,511,20.962961,5424,2021-06-28 18:00:38,52.333565,06
565,116,21.0241755,5425,2021-06-28 18:00:36,52.2237557,4
566,116,20.964182,5426,2021-06-28 18:00:37,52.275028,11
567,527,21.0481,5428,2021-06-28 18:00:36,52.286415,1
568,731,20.934191,5429,2021-06-28 18:00:37,52.371796,2
569,145,21.0003189,5430,2021-06-28 18:00:37,52.2913677,11
570,160,21.055487,5432,2021-06-28 18:00:38,52.275223,7
571,414,21.031502,5434,2021-06-28 18:00:36,52.288643,08
572,527,21.0684122,5436,2021-06-28 18:00:38,52.3234365,3
573,705,21.0584262,5437,2021-06-28 18:00:36,52.4479664,1
574,731,20.9454021,5438,2021-06-28 18:00:37,52.400904,4
575,738,21.1973842,5439,2021-06-28 18:00:37,52.4118161,2
576,735,21.0220019,5441,2021-06-28 18:00:38,52.4368782,64
577,160,21.0027672,5443,2021-06-28 18:00:36,52.2294979,2
578,E-9,21.0462497,5444,2021-06-28 18:00:37,52.3030652,04
579,705,21.048461,5445,2021-06-28 03:52:31,52.264575,65
580,735,21.029177,5446,2021-06-28 18:00:38,52.378384,62
581,114,20.9230559,5447,2021-06-28 18:00:37,52.2789304,08
582,735,20.968128,5448,2021-06-28 18:00:35,52.272041,63
583,160,20.99964,5449,2021-06-28 18:00:38,52.230873,3
584,511,20.934353,5453,2021-06-28 18:00:37,52.271648,4
585,160,20.9987394,5454,2021-06-28 18:00:37,52.2333362,09
586,169,21.0418724,5455,2021-06-28 18:00:38,52.3002069,4
587,269,21.0411811,5457,2021-06-28 18:00:38,52.2850434,04
588,180,20.944273,5459,2021-06-28 18:00:37,52.27116,016
589,705,20.993639,5460,2021-06-28 18:00:35,52.29953,65
590,175,20.989836,5870,2021-06-28 18:00:38,52.219971,53
591,175,21.0127891,5871,2021-06-28 18:00:36,52.2432292,59
592,503,21.011335,5873,2021-06-28 18:00:37,52.246677,1
593,175,20.992615,5874,2021-06-28 18:00:35,52.225945,58
594,138,20.993891,5875,2021-06-28 18:00:34,52.173733,011
595,331,20.996216,5876,2021-06-28 18:00:34,52.18803,01
596,180,20.9605614,5877,2021-06-28 18:00:37,52.2595209,017
597,709,21.017849,5878,2021-06-28 18:00:37,52.145786,013
598,175,21.017544,5880,2021-06-28 18:00:37,52.238693,070
599,503,21.002018,5881,2021-06-28 18:00:37,52.184299,5
600,175,20.97809,5882,2021-06-28 18:00:36,52.169155,56
601,180,20.985825,5883,2021-06-28 18:00:35,52.246525,10
602,503,20.998066,5885,2021-06-28 18:00:37,52.186787,5
603,180,21.064239,5886,2021-06-28 18:00:35,52.186634,13
604,128,20.963449,5887,2021-06-28 18:00:34,52.207817,074
605,175,20.978163,5888,2021-06-28 18:00:37,52.182255,069
606,180,20.924799,5889,2021-06-28 18:00:36,52.272541,8
607,128,20.971527,5890,2021-06-28 18:00:36,52.205933,62
608,180,20.925009,5891,2021-06-28 18:00:36,52.2724,7
609,504,21.000694,5892,2021-06-28 18:00:35,52.185608,010
610,503,21.031405,5893,2021-06-28 18:00:35,52.206455,3
611,128,21.012964,5894,2021-06-28 18:00:36,52.243046,066
612,503,21.002571,5895,2021-06-28 18:00:37,52.254837,12
613,503,21.022005,5897,2021-06-28 18:00:37,52.230175,2
614,128,21.015528,5898,2021-06-28 18:00:35,52.230568,071
615,128,21.012938,5899,2021-06-28 18:00:35,52.243195,51
616,158,21.117661,5900,2021-06-28 18:00:35,52.23378,5
617,175,21.016296,5902,2021-06-28 18:00:34,52.23077,52
618,158,20.987858,5903,2021-06-28 18:00:36,52.223751,8
619,503,21.039249,5905,2021-06-28 18:00:35,52.197388,8
620,128,20.980402,5906,2021-06-28 18:00:38,52.201756,63
621,503,21.03627,5907,2021-06-28 18:00:36,52.164101,7
622,175,20.973824,5908,2021-06-28 18:00:36,52.169559,068
623,175,21.003862,5909,2021-06-28 18:00:34,52.227951,067
624,128,20.963703,5910,2021-06-28 18:00:38,52.207741,073
625,111,21.102243,5911,2021-06-28 18:00:38,52.222183,4
626,116,20.987324,5913,2021-06-28 18:00:34,52.267899,12
627,175,20.984028,5915,2021-06-28 18:00:35,52.198154,54
628,128,20.989723,5918,2021-06-28 18:00:22,52.224316,60
629,158,20.989647,5920,2021-06-28 18:00:36,52.225288,1
630,116,21.036024,5921,2021-06-28 18:00:35,52.201321,15
631,175,21.1163987,5923,2021-06-28 10:17:16,52.2339737,072
632,116,21.084587,5924,2021-06-28 18:00:37,52.168171,17
633,116,21.026596,5926,2021-06-28 18:00:37,52.212929,3
634,158,21.05468,5927,2021-06-28 18:00:36,52.238728,7
635,116,20.9977106,5928,2021-06-28 18:00:38,52.2536274,5
636,175,20.987511,5929,2021-06-28 18:00:37,52.209846,57
637,158,20.948702,5930,2021-06-28 18:00:37,52.21133,9
638,158,21.112532,5931,2021-06-28 18:00:37,52.236599,3
639,116,20.976189,5932,2021-06-28 18:00:38,52.271061,6
640,111,21.0266742,5933,2021-06-28 18:00:39,52.2330682,2
641,158,21.049992,5934,2021-06-28 18:00:37,52.237999,4
642,503,21.002308,5935,2021-06-28 18:00:34,52.25473,11
643,503,21.014629,5936,2021-06-28 18:00:36,52.243153,10
644,111,20.979195,5937,2021-06-28 18:00:36,52.244732,10
645,158,20.94931,5939,2021-06-28 18:00:38,52.211624,2
646,128,21.012798,5942,2021-06-28 18:00:35,52.243011,072
647,111,21.0205,5943,2021-06-28 18:00:38,52.232,7
648,158,21.111301,5945,2021-06-28 18:00:36,52.236641,6
649,111,21.000607,5946,2021-06-28 18:00:32,52.244785,8
650,111,21.101751,5947,2021-06-28 18:00:38,52.222393,5
651,503,21.050138,5948,2021-06-28 18:00:38,52.144768,013
652,503,21.040407,5950,2021-06-28 18:00:37,52.169899,4
653,180,21.083801,5951,2021-06-28 18:00:33,52.168365,2
654,518,20.980564,5952,2021-06-28 18:00:35,52.280434,7
655,160,21.002539,5954,2021-06-28 18:00:35,52.229324,010
656,160,21.055252,5956,2021-06-28 18:00:37,52.296864,013
657,111,21.102468,5958,2021-06-28 18:00:36,52.222088,011
658,160,21.058935,5959,2021-06-28 18:00:38,52.266659,08
659,111,21.065086,5960,2021-06-28 18:00:37,52.226685,3
660,190,21.058287,5961,2021-06-28 18:00:38,52.266361,024
661,116,21.014112,5962,2021-06-28 18:00:36,52.244743,13
662,111,21.002666,5963,2021-06-28 18:00:34,52.243126,1
663,518,21.002943,5964,2021-06-28 18:00:36,52.251194,3
664,518,20.938223,5965,2021-06-28 18:00:34,52.324146,08
665,518,21.023527,5966,2021-06-28 18:00:38,52.228287,2
666,160,21.017839,5967,2021-06-28 18:00:38,52.247513,011
667,180,21.019073,5970,2021-06-28 18:00:33,52.234055,11
668,518,20.998261,5972,2021-06-28 18:00:36,52.253891,1
669,E-9,21.059999,5973,2021-06-28 18:00:38,52.315758,03
670,518,20.976629,5975,2021-06-28 18:00:38,52.278912,4
671,180,20.978886,5976,2021-06-28 18:00:32,52.244549,6
672,503,21.02634,5978,2021-06-28 18:00:38,52.214867,9
673,503,21.049932,5979,2021-06-28 18:00:36,52.144623,6
674,111,21.061665,5980,2021-06-28 18:00:34,52.232452,6
675,705,20.986166,5981,2021-06-28 18:00:34,52.305656,07
676,111,20.979433,5982,2021-06-28 18:00:36,52.244423,9
677,128,21.019466,5983,2021-06-28 18:00:34,52.233124,65
678,180,21.026419,5984,2021-06-28 18:00:37,52.214478,4
679,180,21.083887,5985,2021-06-28 18:00:37,52.16782,14
680,180,21.026562,5986,2021-06-28 18:00:36,52.214474,12
681,180,20.925858,5987,2021-06-28 18:00:34,52.272568,9
682,180,21.083876,5988,2021-06-28 18:00:34,52.167946,1
683,116,21.083958,5989,2021-06-28 18:00:38,52.166008,1
684,705,21.0291,5990,2021-06-28 18:00:35,52.376911,08
685,116,21.052498,5991,2021-06-28 18:00:36,52.184765,2
686,518,20.942085,5994,2021-06-28 18:00:35,52.334412,6
687,116,20.928926,5995,2021-06-28 18:00:35,52.279888,7
688,116,21.067966,5996,2021-06-28 18:00:38,52.170391,16
689,116,20.954098,5997,2021-06-28 18:00:36,52.276375,10
690,518,20.940445,5998,2021-06-28 18:00:38,52.32061,5
691,116,20.924799,5999,2021-06-28 18:00:35,52.272491,8
692,184,20.921078,6200,2021-06-28 18:00:36,52.256733,7
693,112,20.914534,6201,2021-06-28 18:00:38,52.235733,11
694,187,20.861958,6203,2021-06-28 18:00:33,52.190987,9
695,167,20.9957349,6204,2021-06-28 18:00:36,52.2166402,013
696,728,20.8759986,6207,2021-06-28 18:00:38,52.0760787,02
697,Z10,20.9122897,6208,2021-06-28 18:00:35,52.2424116,7
698,703,20.832752,6209,2021-06-28 18:00:35,52.104691,91
699,414,20.9558741,6210,2021-06-28 18:00:37,52.2316871,04
700,713,20.930183,6212,2021-06-28 18:00:38,52.224873,3
701,414,20.965189,6213,2021-06-28 18:00:36,52.208099,03
702,184,20.9266827,6214,2021-06-28 18:00:38,52.2631262,5
703,191,20.9773472,6215,2021-06-28 18:00:38,52.2117422,6
704,105,20.897549,6216,2021-06-28 18:00:37,52.221634,7
705,167,21.030014,6217,2021-06-28 18:00:38,52.206848,1
706,105,20.899075,6218,2021-06-28 18:00:37,52.2388,010
707,136,20.982952,6220,2021-06-28 18:00:36,52.21059,4
708,189,20.915268,6221,2021-06-28 18:00:37,52.229099,13
709,187,20.9432636,6222,2021-06-28 18:00:37,52.2058412,5
710,105,20.89624,6223,2021-06-28 18:00:37,52.239071,4
711,517,20.955927,6224,2021-06-28 18:00:38,52.214546,6
712,717,20.961319,6225,2021-06-28 18:00:38,52.216789,2
713,716,20.854794,6226,2021-06-28 18:00:34,52.191368,3
714,188,21.108794,6227,2021-06-28 18:00:38,52.2454505,1
715,190,20.9807182,6228,2021-06-28 18:00:37,52.2384902,3
716,187,20.9367899,6229,2021-06-28 18:00:38,52.2015134,6
717,706,20.9430186,6231,2021-06-28 18:00:38,52.17561,03
718,190,20.898867,6232,2021-06-28 18:00:35,52.238987,9
719,191,20.9689872,6233,2021-06-28 18:00:38,52.2138884,4
720,414,20.96059,6234,2021-06-28 18:00:38,52.217297,02
721,112,20.9120169,6236,2021-06-28 18:00:38,52.2459205,10
722,114,21.041853,6237,2021-06-28 18:00:37,52.300262,4
723,728,20.905083,6239,2021-06-28 18:00:37,52.141792,1
724,414,20.967457,6240,2021-06-28 18:00:38,52.273334,01
725,517,20.907375,6241,2021-06-28 18:00:38,52.192554,5
726,182,21.088116,6242,2021-06-28 18:00:38,52.236259,7
727,706,20.922945,6243,2021-06-28 18:00:35,52.182106,2
728,L29,20.555166,65471,2021-06-28 18:00:35,52.257122,1
729,L-7,20.996805,66523,2021-06-28 18:00:31,52.271454,2
730,L-6,20.840001,66524,2021-06-28 18:00:38,52.247856,02
731,L-6,20.815662,66525,2021-06-28 18:00:39,52.252625,1
732,190,20.899191,7200,2021-06-28 18:00:34,52.238953,10
733,189,21.007254,7201,2021-06-28 18:00:37,52.177475,6
734,112,20.927057,7202,2021-06-28 18:00:36,52.262993,019
735,141,21.1002092,7203,2021-06-28 18:00:37,52.2381937,4
736,317,20.995155,7204,2021-06-28 18:00:38,52.176319,07
737,131,21.015528,7205,2021-06-28 18:00:38,52.219696,011
738,523,20.946987,7206,2021-06-28 18:00:37,52.238945,10
739,189,20.896263,7207,2021-06-28 18:00:36,52.238953,019
740,414,20.996265,7208,2021-06-28 18:00:37,52.287937,06
741,721,20.9431254,7212,2021-06-28 18:00:35,52.1756555,02
742,112,21.042269,7213,2021-06-28 18:00:38,52.296051,5
743,191,20.910091,7214,2021-06-28 18:00:38,52.195168,2
744,112,20.992651,7215,2021-06-28 18:00:38,52.285954,8
745,713,20.74436,7216,2021-06-28 18:00:35,52.214535,2
746,189,20.957245,7219,2021-06-28 18:00:35,52.190632,022
747,517,20.914169,7220,2021-06-28 18:00:38,52.199749,09
748,187,20.9902109,7222,2021-06-28 18:00:35,52.2165199,12
749,122,20.969128,7223,2021-06-28 18:00:38,52.262325,2
750,721,20.8297169,7225,2021-06-28 18:00:36,52.0550285,1
751,706,20.905899,7226,2021-06-28 18:00:37,52.136871,1
752,114,20.990677,7227,2021-06-28 18:00:36,52.270279,3
753,114,20.916834,7228,2021-06-28 18:00:37,52.312767,1
754,112,20.9136752,7229,2021-06-28 18:00:38,52.237117,014
755,517,20.878756,7230,2021-06-28 18:00:37,52.197762,08
756,713,20.850605,7231,2021-06-28 18:00:37,52.215446,04
757,717,20.8288086,7232,2021-06-28 18:00:36,52.1929377,1
758,189,21.0688584,7233,2021-06-28 18:00:37,52.1813145,3
759,713,20.847009,7234,2021-06-28 18:00:38,52.2150697,1
760,187,20.895378,7235,2021-06-28 18:00:35,52.193359,10
761,184,20.930855,7237,2021-06-28 18:00:36,52.291538,6
762,141,21.065445,7238,2021-06-28 18:00:38,52.229168,5
763,189,21.008007,7239,2021-06-28 18:00:38,52.176586,16
764,184,20.93746,7240,2021-06-28 18:00:37,52.246826,8
765,317,21.011408,7241,2021-06-28 18:00:37,52.174496,5
766,141,21.00074,7242,2021-06-28 18:00:36,52.195831,1
767,523,20.904711,7243,2021-06-28 18:00:37,52.255638,9
768,401,20.9990472,7244,2021-06-28 18:00:38,52.1786772,3
769,187,20.890728,7245,2021-06-28 18:00:36,52.193775,7
770,190,20.915176,7247,2021-06-28 18:00:38,52.230698,017
771,188,20.974579,7248,2021-06-28 18:00:37,52.168678,5
772,171,20.912628,7249,2021-06-28 18:00:38,52.251362,3
773,317,21.04496,7250,2021-06-28 18:00:37,52.175137,3
774,105,20.979557,7251,2021-06-28 18:00:34,52.229748,2
775,167,20.9258009,7252,2021-06-28 18:00:15,52.234137,4
776,122,20.983548,7254,2021-06-28 18:00:37,52.2764536,1
777,191,20.91613,7256,2021-06-28 18:00:37,52.2052192,8
778,190,20.952484,7257,2021-06-28 18:00:38,52.23843,012
779,187,20.928186,7258,2021-06-28 18:00:37,52.196171,11
780,189,20.986332,7259,2021-06-28 18:00:39,52.181889,15
781,125,21.045464,7301,2021-06-28 18:00:38,52.248333,08
782,507,21.005636,7303,2021-06-28 18:00:35,52.229462,5
783,188,20.9782315,7304,2021-06-28 18:00:37,52.1694936,07
784,138,21.001791,7305,2021-06-28 18:00:38,52.188068,4
785,151,21.0843767,7306,2021-06-28 18:00:35,52.2305857,04
786,509,21.043976,7307,2021-06-28 18:00:38,52.249222,7
787,138,21.0525137,7308,2021-06-28 18:00:38,52.2260397,1
788,188,21.085402,7310,2021-06-28 18:00:37,52.2503031,2
789,182,20.9760364,7312,2021-06-28 18:00:37,52.2181692,5
790,E-1,21.102297,7314,2021-06-28 18:00:37,52.222153,01
791,143,21.1769087,7315,2021-06-28 18:00:37,52.2568279,7
792,188,21.0271634,7316,2021-06-28 18:00:38,52.2198027,08
793,402,21.051664,7317,2021-06-28 18:00:38,52.198017,3
794,182,20.964991,7318,2021-06-28 18:00:35,52.218071,4
795,182,20.9829099,7319,2021-06-28 18:00:37,52.2160387,3
796,411,21.019869,7320,2021-06-28 18:00:38,52.21796,01
797,182,21.043116,7322,2021-06-28 18:00:38,52.224224,8
798,E-1,21.0554884,7323,2021-06-28 18:00:38,52.2257385,02
799,138,20.9953459,7325,2021-06-28 18:00:37,52.1702765,3
800,141,21.016876,7326,2021-06-28 18:00:35,52.196518,6
801,E-1,21.044569,7327,2021-06-28 18:00:37,52.246815,03
802,182,21.019876,7328,2021-06-28 18:00:38,52.218155,1
803,523,20.8999974,7329,2021-06-28 18:00:38,52.2580234,017
804,171,21.0261,7330,2021-06-28 18:00:37,52.229988,5
805,162,21.035549,7331,2021-06-28 18:00:36,52.256149,013
806,141,20.944279,7333,2021-06-28 18:00:37,52.17548,8
807,116,20.924894,7334,2021-06-28 18:00:38,52.272411,69
808,110,20.968731,742,2021-06-28 18:00:34,52.272171,1
809,750,20.893438,745,2021-06-28 18:00:38,52.338852,07
810,250,20.868582,746,2021-06-28 18:00:38,52.332867,1
811,850,20.630392,749,2021-06-28 18:00:33,52.379925,2
812,150,20.863045,750,2021-06-28 18:00:35,52.348591,1
813,750,20.92881,755,2021-06-28 18:00:39,52.290852,2
814,110,20.881361,757,2021-06-28 18:00:34,52.286583,3
815,150,20.860249,758,2021-06-28 18:00:38,52.348598,2
816,750,20.786602,761,2021-06-28 18:00:38,52.379364,4
817,750,20.768028,762,2021-06-28 18:00:30,52.385704,1
818,850,20.958702,763,2021-06-28 18:00:35,52.2808,1
819,151,21.0841132,7701,2021-06-28 18:00:39,52.233112,1
820,411,21.0824561,7702,2021-06-28 18:00:38,52.2259854,04
821,402,21.0427294,7703,2021-06-28 18:00:37,52.1718282,7
822,151,21.0189017,7704,2021-06-28 18:00:36,52.217749,05
823,150,20.868221,772,2021-06-28 18:00:36,52.355345,04
824,150,20.920156667,773,2021-06-28 18:00:37,52.315168667,05
825,150,20.931345,774,2021-06-28 18:00:38,52.293503,3
826,250,20.903772,775,2021-06-28 18:00:40,52.287956,3
827,250,20.9139512,776,2021-06-28 18:00:39,52.2837147,2
828,750,20.911568,777,2021-06-28 18:00:38,52.322666,3
829,143,21.1385481,8103,2021-06-28 18:00:35,52.2493933,011
830,167,21.0125071,8108,2021-06-28 18:00:33,52.2083895,8
831,217,21.0242501,8109,2021-06-28 18:00:32,52.1796641,2
832,174,20.9997481,8110,2021-06-28 18:00:32,52.2312475,010
833,136,20.965873,8112,2021-06-28 18:00:34,52.243661,014
834,709,21.0180388,8115,2021-06-28 18:00:15,52.1242131,8
835,174,21.0043606,8119,2021-06-28 18:00:33,52.224003,6
836,136,20.9620675,8120,2021-06-28 18:00:35,52.216146,7
837,143,21.015711,8121,2021-06-28 18:00:27,52.217305,09
838,504,21.06876,8123,2021-06-28 18:00:31,52.1289486,3
839,165,21.0129943,8124,2021-06-28 18:00:27,52.1797536,4
840,727,20.9437678,8125,2021-06-28 18:00:24,52.0368568,3
841,709,21.0195478,8126,2021-06-28 18:00:28,52.0747548,014
842,402,21.1564051,8130,2021-06-28 18:00:28,52.2400098,5
843,136,21.0422661,8131,2021-06-28 18:00:30,52.1478366,012
844,148,21.0438043,8133,2021-06-28 18:00:38,52.1731736,5
845,402,20.9946508,8134,2021-06-28 18:00:32,52.1762983,9
846,167,21.0672705,8135,2021-06-28 18:00:32,52.2123701,9
847,162,21.084476,8136,2021-06-28 18:00:25,52.1932071,08
848,162,21.0313421,8137,2021-06-28 18:00:36,52.2502438,011
849,162,21.033689,8138,2021-06-28 18:00:35,52.2505895,7
850,136,21.0020188,8139,2021-06-28 18:00:32,52.1823503,016
851,168,21.1066531,8140,2021-06-28 18:00:37,52.2339088,4
852,504,21.03583,8143,2021-06-28 18:00:31,52.1506871,011
853,504,21.0685638,8144,2021-06-28 18:00:33,52.1291575,4
854,709,21.0188095,8145,2021-06-28 18:00:34,52.0934265,011
855,727,21.0235956,8146,2021-06-28 18:00:34,52.075124,2
856,148,21.044926,8148,2021-06-28 18:00:20,52.149356,6
857,709,21.0239243,8152,2021-06-28 18:00:31,52.1800406,1
858,217,21.0271995,8153,2021-06-28 18:00:26,52.178388,1
859,136,20.983533,8154,2021-06-28 18:00:33,52.197004,8
860,131,21.0690561,8155,2021-06-28 18:00:33,52.1813393,9
861,709,21.0260465,8156,2021-06-28 18:00:33,52.0764591,6
862,308,21.0203991,8158,2021-06-28 18:00:28,52.1895398,01
863,136,20.955668,8160,2021-06-28 18:00:27,52.237196,5
864,504,20.9937786,8162,2021-06-28 18:00:30,52.1800431,1
865,331,20.996604,8164,2021-06-28 17:58:28,52.187559,05
866,331,21.0015536,8165,2021-06-28 18:00:28,52.1559168,03
867,709,21.0179591,8166,2021-06-28 18:00:23,52.1545321,9
868,148,21.0682223,8167,2021-06-28 18:00:32,52.202631,4
869,218,21.0247933,8168,2021-06-28 18:00:29,52.1908663,3
870,504,21.050451,8169,2021-06-28 18:00:30,52.136279,5
871,131,21.0643335,8170,2021-06-28 18:00:32,52.1864898,1
872,167,21.057712,8172,2021-06-28 18:00:32,52.2131076,010
873,143,21.142428,8173,2021-06-28 18:00:34,52.259821,010
874,218,21.0024835,8174,2021-06-28 18:00:31,52.1779151,1
875,727,21.0185915,8175,2021-06-28 18:00:30,52.0987406,4
876,709,21.0185145,8176,2021-06-28 18:00:30,52.1177741,3
877,143,21.084493,8177,2021-06-28 18:00:27,52.245375,5
878,138,21.1004271,8178,2021-06-28 18:00:30,52.2605783,7
879,709,21.0182673,8181,2021-06-28 18:00:32,52.1133555,7
880,136,21.013649,8182,2021-06-28 18:00:34,52.167691,2
881,218,20.992683,8183,2021-06-28 18:00:28,52.183599,4
882,131,21.003927,8184,2021-06-28 18:00:34,52.2296218,6
883,143,21.1686075,8185,2021-06-28 18:00:32,52.263687,8
884,217,21.0445771,8187,2021-06-28 18:00:33,52.1749448,4
885,185,21.021961,8188,2021-06-28 18:00:17,52.142433,9
886,504,20.9894061,8189,2021-06-28 18:00:32,52.2240288,7
887,709,21.012924,8190,2021-06-28 18:00:29,52.0722773,5
888,131,21.0783511,8192,2021-06-28 18:00:27,52.174356,4
889,504,21.0443823,8195,2021-06-28 18:00:32,52.1429768,2
890,504,20.990127,8196,2021-06-28 18:00:35,52.2225773,013
891,218,21.0126308,8197,2021-06-28 18:00:31,52.1890386,2
892,331,21.021323,8198,2021-06-28 18:00:24,52.1766816,02
893,174,21.008688,8199,2021-06-28 18:00:30,52.2063146,4
894,402,21.1554308,8201,2021-06-28 18:00:33,52.2398296,4
895,151,21.115749,8202,2021-06-28 10:44:07,52.233741,05
896,151,21.1175305,8204,2021-06-28 10:20:01,52.2338373,06
897,151,21.0864141,8208,2021-06-28 18:00:36,52.2358076,2
898,521,20.9773065,8214,2021-06-28 18:00:36,52.2121591,1
899,125,21.0941118,8216,2021-06-28 18:00:34,52.2439738,2
900,182,20.9652206,8218,2021-06-28 18:00:31,52.2181041,013
901,509,21.055396,8220,2021-06-28 18:00:26,52.238826,023
902,182,21.0010955,8222,2021-06-28 18:00:34,52.2169356,2
903,509,20.9806591,8223,2021-06-28 18:00:28,52.3098685,024
904,151,21.009241,8225,2021-06-28 18:00:21,52.222978,06
905,509,21.102289,8228,2021-06-28 18:00:22,52.221913,10
906,521,21.1109173,8229,2021-06-28 18:00:33,52.2405781,2
907,523,20.963045,8231,2021-06-28 18:00:36,52.217166,021
908,162,21.0269481,8233,2021-06-28 18:00:31,52.2364505,014
909,145,21.1174043,8300,2021-06-28 18:00:29,52.2740238,2
910,145,21.0747486,8301,2021-06-28 18:00:35,52.2873445,9
911,509,20.941958,8303,2021-06-28 18:00:31,52.334125,3
912,171,21.043314,8304,2021-06-28 18:00:29,52.222881,010
913,509,21.116975,8305,2021-06-28 09:25:27,52.233583,022
914,117,21.1018665,8306,2021-06-28 18:00:33,52.2228495,3
915,116,21.0187008,8309,2021-06-28 18:00:33,52.2349876,4
916,141,21.043353,8310,2021-06-28 18:00:28,52.202171,2
917,168,21.013114,8311,2021-06-28 18:00:32,52.208503,3
918,151,21.0292571,8312,2021-06-28 18:00:28,52.2204156,3
919,720,21.3854571,8313,2021-06-28 18:00:38,52.1435895,02
920,162,21.0850716,8314,2021-06-28 18:00:35,52.1934631,2
921,117,21.1024656,8315,2021-06-28 18:00:32,52.2222031,06
922,521,21.19922,8318,2021-06-28 18:00:36,52.173178,4
923,185,21.0524961,8319,2021-06-28 18:00:31,52.1797015,11
924,151,21.116836,8320,2021-06-28 09:58:49,52.233566,04
925,162,21.030576,8322,2021-06-28 18:00:19,52.260876,5
926,509,21.093385,8323,2021-06-28 18:00:36,52.2270283,9
927,148,20.9775958,8324,2021-06-28 18:00:32,52.168731,7
928,143,21.0848035,8326,2021-06-28 18:00:26,52.2440123,1
929,145,21.0637688,8328,2021-06-28 18:00:24,52.2919958,1
930,507,21.1024175,8329,2021-06-28 18:00:37,52.2219843,08
931,148,21.0945666,8330,2021-06-28 18:00:36,52.2438586,2
932,145,21.135215,8332,2021-06-28 18:00:35,52.2422746,7
933,523,21.0356346,8333,2021-06-28 18:00:30,52.2219841,12
934,148,21.0874676,8334,2021-06-28 18:00:31,52.2447761,3
935,145,21.047888,8335,2021-06-28 18:00:37,52.286656,014
936,143,21.016954,8337,2021-06-28 18:00:32,52.2172611,2
937,125,21.062545,8340,2021-06-28 18:00:17,52.246741,4
938,523,20.958214,8341,2021-06-28 18:00:32,52.2229508,5
939,507,21.1021117,8342,2021-06-28 18:00:37,52.2220833,1
940,171,20.941629,8343,2021-06-28 18:00:35,52.239421,09
941,502,21.0158767,8344,2021-06-28 18:00:19,52.2222883,1
942,507,21.067,8345,2021-06-28 18:00:31,52.226095,3
943,145,21.124401,8348,2021-06-28 18:00:36,52.262079,3
944,507,21.017048,8349,2021-06-28 18:00:35,52.230936,6
945,145,21.00028,8350,2021-06-28 18:00:21,52.291358,012
946,507,21.011025,8351,2021-06-28 18:00:31,52.229581,4
947,502,21.2432567,8352,2021-06-28 18:00:36,52.221355,4
948,523,21.0803817,8353,2021-06-28 18:00:27,52.2376667,2
949,502,21.015423,8354,2021-06-28 18:00:37,52.218651,011
950,523,20.898246,8356,2021-06-28 18:00:28,52.258499,8
951,514,21.1136717,8358,2021-06-28 18:00:32,52.2331217,3
952,523,21.0160117,8359,2021-06-28 18:00:24,52.2170183,3
953,507,21.061541,8360,2021-06-28 18:00:19,52.231074,7
954,202,21.091061,8361,2021-06-28 18:00:28,52.250033,1
955,502,21.0749217,8362,2021-06-28 18:00:32,52.2330867,2
956,188,21.054876,8363,2021-06-28 18:00:33,52.226561,6
957,138,21.04307,8364,2021-06-28 18:00:24,52.2491433,6
958,514,21.1148133,8365,2021-06-28 18:00:24,52.2326983,1
959,523,21.01114,8366,2021-06-28 18:00:37,52.2171283,4
960,502,21.2192233,8368,2021-06-28 18:00:24,52.2238417,5
961,145,21.1323983,8398,2021-06-28 18:00:26,52.2477067,013
962,402,20.9935103,8403,2021-06-28 18:00:35,52.179045,011
963,521,21.1683495,8408,2021-06-28 18:00:27,52.2042546,07
964,143,21.0131683,8410,2021-06-28 18:00:32,52.2170095,012
965,523,21.0870338,8414,2021-06-28 18:00:33,52.2502011,13
966,148,21.0476881,8417,2021-06-28 18:00:31,52.1893066,9
967,148,21.050454,8430,2021-06-28 18:00:24,52.155228,010
968,162,21.037054,8437,2021-06-28 18:00:28,52.2184578,012
969,125,21.139619,8438,2021-06-28 18:00:20,52.2286483,1
970,162,21.049175,8440,2021-06-28 18:00:21,52.202391,015
971,145,21.084167,8441,2021-06-28 18:00:38,52.245422,6
972,269,21.044022,8442,2021-06-28 18:00:38,52.278053,01
973,723,20.97113,8443,2021-06-28 18:00:36,52.321995,2
974,114,21.018816,8445,2021-06-28 18:00:37,52.290398,5
975,120,21.0600821,8446,2021-06-28 18:00:37,52.2692177,6
976,731,20.925545,8447,2021-06-28 18:00:38,52.421696,3
977,160,21.0156069,8448,2021-06-28 18:00:36,52.2468444,1
978,132,21.0670559,8449,2021-06-28 18:00:38,52.3234262,04
979,412,21.0516559,8450,2021-06-28 18:00:35,52.2527874,052
980,112,21.079237,8451,2021-06-28 18:00:38,52.307102,6
981,527,21.0599582,8452,2021-06-28 18:00:38,52.3160124,06
982,160,21.06024,8453,2021-06-28 18:00:37,52.31498,014
983,160,21.0594911,8454,2021-06-28 18:00:36,52.2693999,4
984,160,21.052763,8455,2021-06-28 18:00:37,52.29361,6
985,132,20.9734034,8457,2021-06-28 18:00:38,52.2771464,08
986,527,21.0597845,8458,2021-06-28 18:00:37,52.3161622,055
987,Z26,20.9810339,8459,2021-06-28 18:00:37,52.237212,3
988,412,21.0480146,8460,2021-06-28 18:00:37,52.2606266,053
989,120,21.0369397,8461,2021-06-28 18:00:38,52.2529371,4
990,414,20.9639051,8462,2021-06-28 18:00:38,52.2079409,05
991,511,20.9660211,8463,2021-06-28 18:00:38,52.3312407,05
992,509,20.9422675,8465,2021-06-28 18:00:37,52.3346857,2
993,136,20.9845067,8500,2021-06-28 18:00:32,52.193035,3
994,501,21.048651,8501,2021-06-28 18:00:24,52.1781,06
995,138,21.0542533,8502,2021-06-28 18:00:39,52.2612967,9
996,189,21.0210233,8503,2021-06-28 18:00:25,52.1730767,5
997,522,21.0327517,8504,2021-06-28 18:00:25,52.2044367,4
998,401,21.025549,8505,2021-06-28 18:00:26,52.173394,2
999,131,21.014894,8506,2021-06-28 18:00:28,52.225048,7
1000,501,21.00243,8507,2021-06-28 18:00:31,52.229489,4
1001,138,21.002296,8508,2021-06-28 18:00:33,52.185209,2
1002,189,21.0441617,8509,2021-06-28 18:00:36,52.1771533,1
1003,501,21.0497533,8510,2021-06-28 18:00:22,52.1877333,1
1004,189,21.064081,8511,2021-06-28 18:00:25,52.186513,027
1005,Z26,20.974633,8512,2021-06-28 18:00:36,52.235464,4
1006,186,20.9754133,8513,2021-06-28 18:00:35,52.2116317,013
1007,733,20.7453783,8514,2021-06-28 18:00:28,52.0631783,01
1008,Z26,21.0348067,8515,2021-06-28 18:00:29,52.25806,7
1009,522,21.08008,8516,2021-06-28 18:00:37,52.15765,2
1010,141,20.98092,8517,2021-06-28 18:00:36,52.1907083,10
1011,519,21.015535,8519,2021-06-28 18:00:36,52.2202567,7
1012,519,21.092813,8520,2021-06-28 18:00:27,52.116851,1
1013,186,20.9422267,8522,2021-06-28 18:00:38,52.334295,10
1014,733,20.94449,8523,2021-06-28 18:00:37,52.17854,62
1015,522,21.055344,8525,2021-06-28 18:00:31,52.182474,011
1016,172,20.992,8526,2021-06-28 18:00:31,52.1968317,63
1017,172,20.96092,8528,2021-06-28 18:00:23,52.213358,5
1018,308,21.0193217,8530,2021-06-28 18:00:25,52.1893617,02
1019,172,21.068974,8532,2021-06-28 18:00:38,52.181546,1
1020,Z26,20.995775,8533,2021-06-28 18:00:38,52.2426067,2
1021,138,21.018924,8534,2021-06-28 18:00:37,52.212188,5
1022,522,21.07066,8535,2021-06-28 18:00:21,52.162641,1
1023,172,20.982033,8536,2021-06-28 18:00:29,52.201636,6
1024,522,21.010238,8537,2021-06-28 18:00:21,52.229685,5
1025,709,21.019225,8539,2021-06-28 18:00:36,52.0899083,4
1026,172,21.06254,8540,2021-06-28 18:00:30,52.1861067,8
1027,185,21.0572517,8541,2021-06-28 18:00:26,52.182625,6
1028,172,21.06914,8543,2021-06-28 18:00:26,52.181429,9
1029,519,21.06434,8544,2021-06-28 18:00:32,52.173886,4
1030,522,21.079699,8546,2021-06-28 18:00:25,52.157673,012
1031,522,21.0127983,8547,2021-06-28 18:00:32,52.2284083,6
1032,402,21.02586,8548,2021-06-28 18:00:24,52.1733583,010
1033,186,20.970801,8549,2021-06-28 18:00:23,52.32061,015
1034,186,20.9654433,8550,2021-06-28 18:00:34,52.2149233,016
1035,709,21.024326,8551,2021-06-28 18:00:33,52.18001,10
1036,136,21.040493,8552,2021-06-28 18:00:35,52.1488,10
1037,Z26,20.9879433,8555,2021-06-28 18:00:37,52.240205,5
1038,519,21.0848,8556,2021-06-28 18:00:19,52.1676417,6
1039,Z26,20.9742033,8558,2021-06-28 18:00:30,52.2355367,08
1040,217,21.037923,8559,2021-06-28 18:00:35,52.176729,06
1041,519,21.0470733,8560,2021-06-28 18:00:15,52.18987,2
1042,411,21.0155883,8561,2021-06-28 18:00:27,52.2181317,02
1043,521,21.1340167,8562,2021-06-28 18:00:30,52.231095,09
1044,402,21.038381,8563,2021-06-28 18:00:30,52.172808,2
1045,521,21.204501,8564,2021-06-28 18:00:28,52.159396,08
1046,502,21.2173767,8565,2021-06-28 18:00:24,52.2143883,014
1047,502,21.07095,8566,2021-06-28 18:00:34,52.2304633,6
1048,402,21.124593,8567,2021-06-28 18:00:29,52.23324,014
1049,509,21.015115,8568,2021-06-28 18:00:36,52.27355,021
1050,171,20.925143,8569,2021-06-28 18:00:33,52.272481,2
1051,411,21.095524,8571,2021-06-28 18:00:31,52.224448,03
1052,E-1,21.087051,8572,2021-06-28 18:00:30,52.225801,04
1053,202,21.042011,8573,2021-06-28 18:00:18,52.242038,2
1054,411,21.115896,8574,2021-06-28 10:20:57,52.233514,01
1055,720,21.08815,8576,2021-06-28 18:00:31,52.24465,1
1056,162,21.030213,8578,2021-06-28 18:00:36,52.234788,4
1057,125,21.164453,8579,2021-06-28 18:00:35,52.217243,09
1058,731,20.962129,8583,2021-06-28 18:00:31,52.33469,5
1059,269,21.041771,8584,2021-06-28 18:00:18,52.300401,02
1060,269,21.041951,8585,2021-06-28 18:00:22,52.300428,03
1061,514,21.0155933,8586,2021-06-28 18:00:35,52.2192833,2
1062,523,21.115558,8587,2021-06-28 08:55:25,52.233753,3
1063,145,21.1275683,8588,2021-06-28 18:00:16,52.255825,016
1064,514,21.2438267,8589,2021-06-28 18:00:27,52.248635,4
1065,502,21.1787833,8590,2021-06-28 18:00:14,52.225375,3
1066,507,21.1018817,8592,2021-06-28 18:00:28,52.2221683,2
1067,145,21.0185083,8593,2021-06-28 18:00:36,52.29071,10
1068,138,21.088465,8595,2021-06-28 18:00:28,52.2621667,8
1069,186,20.9422551,8801,2021-06-28 18:00:33,52.3339808,11
1070,185,21.0114931,8802,2021-06-28 18:00:33,52.2549231,1
1071,727,21.0235886,8803,2021-06-28 18:00:35,52.1801076,1
1072,217,21.0807266,8804,2021-06-28 18:00:28,52.1578738,3
1073,185,21.011661,8805,2021-06-28 18:00:35,52.255228,4
1074,402,20.9972211,8806,2021-06-28 18:00:34,52.179163,8
1075,131,21.0296773,8808,2021-06-28 18:00:36,52.2068015,3
1076,709,21.0179708,8809,2021-06-28 18:00:28,52.1665466,2
1077,174,21.0185858,8810,2021-06-28 18:00:35,52.1866786,1
1078,165,21.0011666,8811,2021-06-28 18:00:36,52.1559476,3
1079,167,21.0828341,8812,2021-06-28 18:00:32,52.2082403,011
1080,402,20.9956536,8813,2021-06-28 18:00:33,52.1796536,1
1081,167,21.019218,8814,2021-06-28 18:00:28,52.209634,2
1082,167,20.9582483,8816,2021-06-28 18:00:20,52.222672,3
1083,308,20.995571,8817,2021-06-28 18:00:18,52.183304,03
1084,504,21.000441,8818,2021-06-28 18:00:34,52.227499,9
1085,331,20.997697,8819,2021-06-28 18:00:24,52.1807268,04
1086,522,21.0204336,8820,2021-06-28 18:00:31,52.2109281,014
1087,174,21.0141423,8821,2021-06-28 18:00:33,52.1814256,08
1088,174,21.0044893,8822,2021-06-28 18:00:35,52.2234901,5
1089,522,21.0182873,8823,2021-06-28 18:00:32,52.2126293,015
1090,167,20.9969341,8824,2021-06-28 18:00:35,52.1877786,6
1091,709,21.023473,8825,2021-06-28 18:00:28,52.179173,012
1092,504,21.0041133,8826,2021-06-28 18:00:33,52.2297548,8
1093,143,21.0065353,8828,2021-06-28 18:00:34,52.217272,4
1094,509,20.9705793,8829,2021-06-28 18:00:36,52.3204775,4
1095,523,20.9563623,8830,2021-06-28 18:00:37,52.2378496,11
1096,125,21.1093171,8831,2021-06-28 18:00:34,52.240875,5
1097,171,21.0017101,8832,2021-06-28 18:00:33,52.243598,7
1098,141,20.9443903,8833,2021-06-28 18:00:30,52.1758251,9
1099,704,21.0877203,8834,2021-06-28 18:00:35,52.244681,2
1100,521,21.0505973,8835,2021-06-28 18:00:28,52.2376946,5
1101,182,21.00381,8837,2021-06-28 18:00:33,52.21721,6
1102,182,21.0969163,8838,2021-06-28 18:00:32,52.2348036,010
1103,704,21.34793,8839,2021-06-28 18:00:30,52.222371,1
1104,185,21.046175,8840,2021-06-28 18:00:32,52.2160218,5
1105,125,21.1964203,8841,2021-06-28 18:00:35,52.2083375,6
1106,521,21.2048215,8843,2021-06-28 18:00:34,52.1593958,3
1107,185,20.976089,8844,2021-06-28 18:00:26,52.287101,2
1108,402,21.156013,8845,2021-06-28 18:00:38,52.240341,013
1109,143,21.006901,8846,2021-06-28 18:00:33,52.217594,3
1110,143,21.1190296,8847,2021-06-28 18:00:35,52.2378908,6
1111,125,21.041348,8849,2021-06-28 18:00:29,52.241476,3
1112,521,20.9645285,8850,2021-06-28 18:00:34,52.2081913,6
1113,523,20.914274,8851,2021-06-28 18:00:32,52.239088,019
1114,141,21.0842641,8852,2021-06-28 18:00:29,52.2443546,3
1115,125,21.1969486,8853,2021-06-28 18:00:35,52.2084286,7
1116,509,21.0580583,8854,2021-06-28 18:00:32,52.2363363,8
1117,402,21.0904613,8855,2021-06-28 18:00:29,52.2129645,6
1118,512,21.050785,8856,2021-06-28 18:00:33,52.2523566,1
1119,509,21.0397908,8857,2021-06-28 18:00:24,52.2508876,12
1120,169,21.0518028,8858,2021-06-28 18:00:18,52.252894,1
1121,112,21.0028633,8859,2021-06-28 18:00:30,52.2907028,4
1122,512,21.0546591,8861,2021-06-28 18:00:27,52.2835125,4
1123,412,21.0671876,8862,2021-06-28 18:00:33,52.3171763,04
1124,738,21.1133775,8864,2021-06-28 18:00:23,52.3333818,05
1125,500,21.0459893,8865,2021-06-28 10:43:17,52.2651186,08
1126,169,21.0380246,8866,2021-06-28 18:00:24,52.2664525,5
1127,162,21.0460618,8867,2021-06-28 18:00:33,52.2156575,1
1128,190,21.0875056,8868,2021-06-28 18:00:35,52.303627,5
1129,190,21.018233,8869,2021-06-28 18:00:33,52.247668,023
1130,190,21.0816133,8871,2021-06-28 18:00:19,52.294662,025
1131,190,21.08542,8872,2021-06-28 18:00:27,52.3050485,026
1132,738,21.112833,8873,2021-06-28 18:00:20,52.332463,06
1133,500,21.0420673,8874,2021-06-28 18:00:29,52.300291,3
1134,190,21.0824301,8875,2021-06-28 18:00:24,52.2957296,4
1135,162,21.0459391,8876,2021-06-28 18:00:27,52.2152103,3
1136,512,21.0522135,8878,2021-06-28 18:00:33,52.2529748,06
1137,509,20.9449345,8879,2021-06-28 18:00:22,52.3220858,1
1138,709,20.996574,8880,2021-06-25 18:58:33,52.18762,016
1139,186,20.9809778,8881,2021-06-28 18:00:33,52.309624,014
1140,165,21.023549,8882,2021-06-28 18:00:33,52.1798883,2
1141,128,20.9911055,8883,2021-06-28 18:00:35,52.225523,64
1142,180,21.005508,8885,2021-06-28 18:00:36,52.249063,5
1143,167,20.925854,8886,2021-06-28 18:00:29,52.23413,5
1144,189,20.913916,8887,2021-06-28 18:00:22,52.212953,021
1145,128,20.9877745,8888,2021-06-28 18:00:29,52.2091735,61
1146,504,20.983794,8891,2021-06-28 18:00:32,52.1987768,012
1147,165,20.992416,8892,2021-06-28 18:00:33,52.166641,1
1148,180,21.04906,8893,2021-06-28 18:00:21,52.204641,53
1149,217,21.0463528,8894,2021-06-28 18:00:18,52.1747675,05
1150,136,20.9920708,8895,2021-06-28 18:00:24,52.183357,015
1151,174,20.9951871,8896,2021-06-28 18:00:28,52.1701448,07
1152,180,21.0838791,8897,2021-06-28 18:00:28,52.1681353,015
1153,167,20.980966,8898,2021-06-28 18:00:31,52.216371,7
1154,504,21.0025735,8899,2021-06-28 18:00:33,52.1754595,6
1155,161,21.210005,9061,2021-06-28 18:00:36,52.162376,2
1156,161,21.224796,9063,2021-06-28 18:00:33,52.186699,3
1157,262,21.087807,9064,2021-06-28 18:00:38,52.28656,03
1158,314,20.952759,9065,2021-06-28 18:00:34,52.317337,04
1159,314,21.056337,9066,2021-06-28 18:00:36,52.361584,02
1160,104,21.000225,9068,2021-06-28 18:00:36,52.291523,2
1161,161,21.212412,9070,2021-06-28 18:00:35,52.182648,1
1162,225,21.10206,9071,2021-06-28 18:00:35,52.22287,2
1163,225,21.157187,9074,2021-06-28 18:00:37,52.263245,4
1164,225,21.130308,9075,2021-06-28 18:00:37,52.237267,3
1165,211,20.972172,9077,2021-06-28 18:00:36,52.309315,08
1166,314,21.006899,9078,2021-06-28 18:00:38,52.306911,01
1167,262,21.053625,9080,2021-06-28 18:00:35,52.276314,1
1168,104,21.040403,9081,2021-06-28 18:00:34,52.308254,1
1169,314,20.994841,9082,2021-06-28 18:00:38,52.311417,03
1170,262,21.083216,9083,2021-06-28 18:00:34,52.282528,2
1171,225,21.128431,9088,2021-06-28 18:00:36,52.258842,1
1172,211,20.96476,9090,2021-06-28 18:00:32,52.322834,2
1173,211,20.94272,9091,2021-06-28 18:00:37,52.337727,07
1174,305,21.167345,9093,2021-06-28 18:00:37,52.204723,1
1175,900,20.95141,9094,2021-06-28 18:00:35,52.344215,1
1176,133,20.952274,9201,2021-06-28 18:00:38,52.316917,2
1177,207,20.870468,9202,2021-06-28 18:00:32,52.183296,03
1178,164,21.087953,9203,2021-06-28 18:00:38,52.159723,05
1179,133,20.966129,9204,2021-06-28 18:00:37,52.338173,1
1180,809,21.018595,9205,2021-06-28 18:00:34,52.143456,51
1181,239,21.037071,9206,2021-06-28 18:00:32,52.154778,52
1182,209,21.038458,9208,2021-06-28 18:00:38,52.15416,54
1183,211,20.941374,9209,2021-06-28 18:00:35,52.355434,4
1184,177,20.897514,9210,2021-06-28 18:00:35,52.183926,3
1185,219,21.091866,9215,2021-06-28 18:00:31,52.223961,3
1186,208,20.975684,9216,2021-06-28 18:00:28,52.210118,1
1187,234,21.029943,9217,2021-06-28 18:00:37,52.31324,1
1188,209,20.98101,9218,2021-06-28 18:00:37,52.132881,057
1189,234,21.059719,9219,2021-06-28 18:00:33,52.328468,2
1190,203,20.929682,9220,2021-06-28 18:00:30,52.292809,1
1191,249,20.898537,9221,2021-06-28 18:00:33,52.238873,1
1192,211,21.000845,9223,2021-06-28 18:00:35,52.291073,1
1193,201,20.925026,9224,2021-06-28 18:00:38,52.260605,3
1194,208,20.964586,9225,2021-06-28 18:00:36,52.201748,04
1195,208,20.955341,9226,2021-06-28 18:00:33,52.213844,05
1196,208,20.975599,9227,2021-06-28 18:00:38,52.210342,2
1197,219,21.140324,9228,2021-06-28 18:00:34,52.190704,2
1198,219,21.154192,9229,2021-06-28 18:00:33,52.214035,1
1199,201,20.924999,9230,2021-06-28 18:00:32,52.261192,2
1200,809,21.018015,9232,2021-06-28 18:00:34,52.123852,056
1201,264,21.152634,9233,2021-06-28 18:00:38,52.13372,1
1202,203,20.908594,9234,2021-06-28 18:00:33,52.273804,2
1203,201,20.942991,9235,2021-06-28 18:00:32,52.238617,5
1204,201,20.932018,9236,2021-06-28 18:00:38,52.25795,4
1205,208,20.953896,9238,2021-06-28 18:00:31,52.202351,03
1206,207,20.897636,9239,2021-06-28 18:00:35,52.195747,02
1207,177,20.883759,9240,2021-06-28 18:00:33,52.20578,1
1208,133,20.962036,9241,2021-06-28 18:00:36,52.33527,3
1209,201,20.926527,9242,2021-06-28 18:00:30,52.234089,06
1210,211,20.941671,9243,2021-06-28 18:00:35,52.33326,5
1211,207,20.89962,9244,2021-06-28 18:00:32,52.195007,01
1212,211,20.941467,9245,2021-06-28 18:00:37,52.355389,3
1213,164,21.138193,9246,2021-06-28 18:00:34,52.145973,04
1214,201,20.938917,9247,2021-06-28 18:00:37,52.247111,1
1215,177,20.884041,9248,2021-06-28 18:00:38,52.195484,2
1216,164,21.138205,9250,2021-06-28 18:00:35,52.145885,3
1217,211,20.969408,9254,2021-06-28 18:00:34,52.319969,09
1218,199,21.110115,9301,2021-06-28 18:00:33,52.284302,06
1219,739,21.022446,9302,2021-06-28 18:00:36,52.098892,2
1220,739,21.048868,9304,2021-06-28 18:00:36,52.088974,3
1221,179,21.024946,9311,2021-06-28 17:00:36,52.143932,10
1222,123,21.052176,9312,2021-06-28 18:00:34,52.250179,08
1223,179,21.02116,9313,2021-06-28 18:00:38,52.158966,11
1224,153,21.177193,9314,2021-06-28 18:00:35,52.256954,2
1225,179,21.028223,9315,2021-06-28 18:00:32,52.161999,2
1226,135,21.107624,9316,2021-06-28 18:00:32,52.249126,3
1227,135,21.052032,9317,2021-06-28 18:00:33,52.247425,6
1228,135,21.107113,9318,2021-06-28 18:00:34,52.248383,2
1229,135,21.086287,9319,2021-06-28 18:00:31,52.235374,1
1230,179,21.0376,9320,2021-06-28 18:00:32,52.146194,4
1231,179,21.065769,9321,2021-06-28 18:00:39,52.14225,5
1232,123,21.051409,9322,2021-06-28 18:00:35,52.23872,5
1233,135,21.084433,9323,2021-06-28 18:00:33,52.239017,07
1234,179,21.045076,9324,2021-06-28 18:00:38,52.149513,9
1235,179,21.036869,9325,2021-06-28 18:00:38,52.162083,51
1236,256,21.062994,9326,2021-06-28 18:00:39,52.310745,2
1237,142,21.132603,9327,2021-06-28 18:00:34,52.215744,3
1238,179,21.057957,9328,2021-06-28 18:00:35,52.140083,8
1239,153,21.158995,9329,2021-06-28 18:00:31,52.273533,04
1240,123,21.0773959,9331,2021-06-28 09:44:24,52.2687066,07
1241,123,21.077486,9332,2021-06-28 15:39:21,52.268074,08
1242,142,21.143278,9333,2021-06-28 18:00:33,52.226368,5
1243,739,21.023853,9334,2021-06-28 18:00:32,52.179966,1
1244,153,21.159693,9335,2021-06-28 18:00:38,52.257866,3
1245,135,21.033613,9336,2021-06-28 18:00:30,52.267548,5
1246,739,21.0771987,9337,2021-06-28 16:56:14,52.2682345,2
1247,179,21.062319,9338,2021-06-28 18:00:37,52.131275,6
1248,256,21.077715,9339,2021-06-28 18:00:32,52.322437,1
1249,153,21.172581,9340,2021-06-28 18:00:34,52.285469,1
1250,142,21.087763,9341,2021-06-28 18:00:34,52.244667,4
1251,739,21.017525,9342,2021-06-28 18:00:35,52.138554,4
1252,256,21.080946,9343,2021-06-28 18:00:31,52.277401,4
1253,135,21.030334,9344,2021-06-28 18:00:33,52.26173,08
1254,739,21.024311,9345,2021-06-28 18:00:36,52.179886,05
1255,179,21.066164,9346,2021-06-28 18:00:31,52.130806,7
1256,135,21.035471,9347,2021-06-28 18:00:36,52.251354,4
1257,123,21.095489,9348,2021-06-28 18:00:33,52.22123,09
1258,179,21.038321,9349,2021-06-28 18:00:31,52.153393,3
1259,123,21.097385,9350,2021-06-28 18:00:35,52.226902,357
1260,142,21.220726,9351,2021-06-28 18:00:33,52.157692,1
1261,123,21.051178,9352,2021-06-28 18:00:34,52.252689,6
1262,739,21.017885,9353,2021-06-28 18:00:35,52.145996,06
1263,123,21.046175,9354,2021-06-28 17:56:48,52.251278,07
1264,199,21.11569,9355,2021-06-28 18:00:31,52.278149,05
1265,256,21.073381,9356,2021-06-28 18:00:32,52.268032,3
1266,142,21.22171,9357,2021-06-28 18:00:36,52.158005,2
1267,142,21.077633,9358,2021-06-28 16:02:28,52.267822,4
1268,256,21.043083,9359,2021-06-28 18:00:34,52.276615,5
1269,176,21.009212,9403,2021-06-28 18:00:35,52.303661,1
1270,176,20.997202,9405,2021-06-28 18:00:36,52.319485,05
1271,176,21.029608,9412,2021-06-28 18:00:36,52.288124,3
1272,197,20.953005,9413,2021-06-28 18:00:35,52.276352,012
1273,197,20.930216,9414,2021-06-28 18:00:37,52.256336,014
1274,102,21.088095,9416,2021-06-28 18:00:36,52.250164,3
1275,157,20.963898,9417,2021-06-28 18:00:38,52.208,7
1276,712,20.918659,9418,2021-06-28 18:00:35,52.282482,02
1277,516,20.956205,9420,2021-06-28 18:00:33,52.321568,5
1278,157,20.978107,9423,2021-06-28 18:00:36,52.278515,1
1279,103,20.945164,9424,2021-06-28 18:00:36,52.294861,4
1280,123,21.067509,9425,2021-06-28 18:00:34,52.231571,1
1281,157,20.997082,9426,2021-06-28 18:00:35,52.253601,3
1282,157,20.986872,9427,2021-06-28 18:00:35,52.241302,4
1283,157,20.992807,9428,2021-06-28 18:00:37,52.231529,9
1284,103,20.94878,9429,2021-06-28 18:00:35,52.279152,6
1285,157,20.994431,9432,2021-06-28 18:00:37,52.254005,10
1286,743,20.858517,9433,2021-06-28 18:00:36,52.225224,02
1287,176,20.983423,9434,2021-06-28 18:00:38,52.354198,04
1288,516,20.942043,9435,2021-06-28 18:00:33,52.334137,1
1289,157,20.979652,9436,2021-06-28 18:00:35,52.277275,2
1290,157,20.972544,9437,2021-06-28 18:00:35,52.212208,6
1291,197,20.939724,9438,2021-06-28 18:00:36,52.246647,011
1292,197,20.931082,9439,2021-06-28 18:00:35,52.225285,016
1293,516,20.989929,9440,2021-06-28 18:00:37,52.303093,3
1294,123,21.08367,9441,2021-06-28 18:00:37,52.245003,3
1295,103,20.926931,9442,2021-06-28 18:00:37,52.290279,5
1296,102,21.007866,9443,2021-06-28 18:00:38,52.238533,1
1297,103,20.951918,9445,2021-06-28 18:00:36,52.260406,7
1298,103,20.968653,9446,2021-06-28 18:00:34,52.22213,1
1299,123,21.094192,9447,2021-06-28 18:00:36,52.244152,4
1300,157,20.976343,9448,2021-06-28 18:00:33,52.289894,011
1301,516,21.000908,9449,2021-06-28 18:00:35,52.291233,4
1302,102,21.041586,9450,2021-06-28 18:00:37,52.239899,2
1303,157,20.994682,9451,2021-06-28 18:00:38,52.226147,5
1304,157,20.974066,9452,2021-06-28 18:00:32,52.21402,8
1305,176,20.982153,9453,2021-06-28 18:00:38,52.355743,2
1306,197,20.941675,9454,2021-06-28 18:00:37,52.226082,015
1307,712,20.842653,9455,2021-06-28 18:00:36,52.277466,1
1308,743,20.768972,9456,2021-06-28 18:00:37,52.231251,1
1309,197,20.952986,9457,2021-06-28 18:00:38,52.280342,013
1310,103,20.968464,9458,2021-06-28 18:00:37,52.222042,8
1311,194,20.865586333,9501,2021-06-28 18:00:35,52.190978,5
1312,707,20.896988833,9502,2021-06-28 18:00:39,52.129399333,1
1313,159,20.952964333,9503,2021-06-28 18:00:37,52.211828333,1
1314,103,20.9308285,9505,2021-06-28 18:00:36,52.291721167,09
1315,103,20.968975833,9506,2021-06-28 18:00:30,52.223572667,011
1316,220,20.931080667,9509,2021-06-28 18:00:35,52.172763833,3
1317,194,20.93089,9510,2021-06-28 18:00:34,52.225064167,06
1318,737,21.0252705,9511,2021-06-28 18:00:38,52.14423,56
1319,220,20.897081833,9513,2021-06-28 18:00:37,52.224819833,5
1320,715,21.036993667,9514,2021-06-28 18:00:35,52.161996,53
1321,181,20.9868165,9515,2021-06-28 18:00:38,52.269254,2
1322,737,21.036780333,9516,2021-06-28 18:00:39,52.16198,54
1323,149,20.917883333,9518,2021-06-28 18:00:35,52.239547667,06
1324,149,20.8972735,9519,2021-06-28 18:00:35,52.249420333,2
1325,159,20.997505,9520,2021-06-28 18:00:36,52.223403333,8
1326,715,20.975409833,9521,2021-06-28 18:00:38,52.134557833,1
1327,220,20.905245667,9522,2021-06-28 18:00:36,52.187153167,4
1328,220,20.944064833,9523,2021-06-28 18:00:35,52.176083,07
1329,220,20.896675333,9524,2021-06-28 18:00:31,52.196147333,2
1330,194,20.913637833,9525,2021-06-28 18:00:35,52.2118435,3
1331,181,20.946816167,9526,2021-06-28 18:00:37,52.293493833,1
1332,715,20.982189333,9528,2021-06-28 18:00:36,52.112557167,058
1333,715,21.031626,9529,2021-06-28 18:00:35,52.148862667,52
1334,707,20.924772,9530,2021-06-28 18:00:35,52.095420667,03
1335,159,21.021042167,9531,2021-06-28 18:00:36,52.223737833,4
1336,194,20.866839,9532,2021-06-28 18:00:39,52.196775833,1
1337,181,20.899949833,9533,2021-06-28 18:00:36,52.297152833,4
1338,181,20.945870667,9534,2021-06-28 18:00:39,52.29397,3
1339,159,21.045893167,9535,2021-06-28 18:00:38,52.215292667,7
1340,159,21.082983833,9537,2021-06-28 18:00:37,52.190491,6
1341,737,21.015570667,9539,2021-06-28 18:00:35,52.110923833,059
1342,220,20.898477333,9540,2021-06-28 18:00:36,52.251356333,1
1343,220,20.9251105,9542,2021-06-28 18:00:36,52.260718833,6
1344,737,20.8977885,9544,2021-06-28 18:00:39,52.056456833,07
1345,220,20.903445167,9545,2021-06-28 18:00:37,52.2562475,08
1346,149,20.940255667,9546,2021-06-28 18:00:37,52.246730667,5
1347,220,20.897538333,9548,2021-06-28 18:00:39,52.2218015,09
1348,149,20.8805035,9550,2021-06-28 18:00:35,52.2501325,1
1349,715,20.943833333,9551,2021-06-28 18:00:35,52.175826667,55
1350,149,20.942038167,9552,2021-06-28 18:00:35,52.2394095,3
1351,194,20.928355167,9554,2021-06-28 18:00:34,52.222908833,07
1352,194,20.888676,9555,2021-06-28 18:00:37,52.1978335,2
1353,159,20.969337667,9556,2021-06-28 18:00:34,52.219331833,3
1354,149,20.940419333,9557,2021-06-28 18:00:34,52.246614,4
1355,194,20.904994333,9558,2021-06-28 18:00:39,52.207846667,4
1356,159,21.052543333,9560,2021-06-28 18:00:36,52.197292,5
1357,159,20.954925833,9561,2021-06-28 18:00:38,52.2120055,2
1358,118,20.998688,9671,2021-06-28 18:00:36,52.289085,2
1359,326,20.968555,9673,2021-06-28 18:00:38,52.272045,04
1360,118,21.019047,9674,2021-06-28 18:00:37,52.223549,8
1361,152,20.970182,9676,2021-06-28 18:00:36,52.323341,5
1362,212,21.0571,9677,2021-06-28 18:00:32,52.301857,06
1363,118,21.015589,9678,2021-06-28 18:00:32,52.219048,7
1364,118,21.026777,9679,2021-06-28 18:00:33,52.239658,1
1365,326,21.061476,9680,2021-06-28 18:00:30,52.361881,02
1366,152,21.005192,9681,2021-06-28 18:00:35,52.336849,2
1367,212,21.028635,9682,2021-06-28 18:00:32,52.260101,5
1368,152,20.969732,9683,2021-06-28 18:00:34,52.320107,4
1369,212,21.036411,9684,2021-06-28 18:00:36,52.261383,1
1370,212,21.062349,9685,2021-06-28 18:00:36,52.273262,2
1371,326,21.015694,9686,2021-06-28 18:00:37,52.31778,05
1372,326,20.993511,9688,2021-06-28 18:00:36,52.299683,03
1373,118,21.042746,9689,2021-06-28 18:00:34,52.299652,4
1374,212,21.05785,9690,2021-06-28 18:00:33,52.301617,3
1375,326,21.061886,9692,2021-06-28 18:00:35,52.361744,01
1376,212,21.061535,9693,2021-06-28 18:00:34,52.273499,4
1377,152,20.952528,9695,2021-06-28 18:00:27,52.317108,1
1378,118,21.03537,9696,2021-06-28 18:00:31,52.231194,6
1379,118,21.041311,9697,2021-06-28 18:00:34,52.300152,3
1380,152,21.032282,9698,2021-06-28 18:00:33,52.326096,3
1381,710,21.075953,9801,2021-06-28 18:00:33,52.132717,4
1382,525,21.015007,9802,2021-06-28 18:00:33,52.217354,1
1383,184,20.950123,9803,2021-06-28 18:00:38,52.229824,069
1384,127,20.949659,9804,2021-06-28 18:00:38,52.210522,56
1385,710,21.063747,9805,2021-06-28 18:00:31,52.078491,2
1386,525,21.088314,9807,2021-06-28 18:00:36,52.236012,319
1387,127,21.011293,9808,2021-06-28 18:00:31,52.229549,2
1388,109,20.947994,9809,2021-06-28 18:00:38,52.234318,07
1389,710,21.107128,9810,2021-06-28 18:00:37,52.077644,5
1390,719,20.950636,9812,2021-06-28 18:00:36,52.238579,3
1391,109,20.955698,9813,2021-06-28 18:00:35,52.227954,08
1392,Z10,20.914118,9814,2021-06-28 18:00:33,52.236713,2
1393,525,21.084267,9815,2021-06-28 18:00:38,52.236126,09
1394,742,21.216885,9816,2021-06-28 18:00:37,51.981155,1
1395,719,20.598923,9818,2021-06-28 18:00:31,52.258881,04
1396,719,20.842005,9819,2021-06-28 18:00:36,52.250778,1
1397,719,20.58642,9820,2021-06-28 18:00:36,52.257607,2
1398,710,21.011263,9821,2021-06-28 18:00:32,52.07423,1
1399,525,21.010668,9822,2021-06-28 18:00:34,52.229402,010
1400,184,20.934355,9823,2021-06-28 18:00:33,52.289009,010
1401,525,21.089674,9825,2021-06-28 17:19:36,52.235753,5
1402,525,21.166151,9826,2021-06-28 18:00:33,52.212734,7
1403,185,21.022051,9827,2021-06-28 18:00:38,52.142677,8
1404,127,20.895472,9828,2021-06-28 18:00:31,52.208824,4
1405,Z10,20.918928,9830,2021-06-28 18:00:34,52.256634,8
1406,710,21.101311,9831,2021-06-28 18:00:37,52.119392,3
1407,127,21.027653,9833,2021-06-28 18:00:34,52.239132,1
1408,742,21.068071,9835,2021-06-28 18:00:31,52.128956,02
1409,525,21.013475,9836,2021-06-28 18:00:33,52.227058,3
1410,185,21.046198,9837,2021-06-28 18:00:34,52.214424,12
1411,525,21.003462,9838,2021-06-28 18:00:31,52.229584,2
1412,724,21.109646,9839,2021-06-28 18:00:35,52.090275,1
1413,127,20.97562,9840,2021-06-28 18:00:38,52.221313,6
1414,724,21.073761,9841,2021-06-28 18:00:31,52.085049,02
1415,127,21.021635,9843,2021-06-28 18:00:38,52.230812,7
1416,127,20.922681,9844,2021-06-28 18:00:38,52.208799,09
1417,127,20.967636,9845,2021-06-28 18:00:35,52.21841,3
1418,Z10,20.914154,9846,2021-06-28 18:00:32,52.235733,6
1419,Z10,20.929512,9847,2021-06-28 18:00:38,52.224747,4
1420,109,20.935757,9849,2021-06-28 18:00:35,52.239902,6
1421,109,20.905624,9851,2021-06-28 18:00:31,52.238857,5
1422,109,21.000978,9852,2021-06-28 18:00:38,52.228767,4
1423,109,21.010015,9853,2021-06-28 18:00:36,52.229691,1
1424,127,21.01943,9854,2021-06-28 18:00:31,52.246307,335
1425,186,20.960562,9901,2021-06-28 18:00:36,52.268372,1
1426,210,20.928314,9902,2021-06-28 18:00:38,52.291054,5
1427,140,21.052759,9903,2021-06-28 18:00:37,52.276764,04
1428,520,21.001982,9905,2021-06-28 18:00:37,52.243282,011
1429,520,21.00831,9906,2021-06-28 18:00:38,52.235886,3
1430,140,21.129345,9907,2021-06-28 18:00:34,52.352333,08
1431,140,21.104097,9908,2021-06-28 18:00:35,52.321693,09
1432,140,21.05167,9909,2021-06-28 18:00:33,52.276718,2
1433,719,20.829979,9912,2021-06-28 18:00:36,52.249905,05
1434,520,21.012152,9913,2021-06-28 18:00:35,52.228882,08
1435,520,21.134741,9914,2021-06-28 18:00:37,52.240883,09
1436,520,21.155914,9915,2021-06-28 18:00:34,52.240406,6
1437,520,21.040133,9916,2021-06-28 18:00:37,52.223469,4
1438,193,21.037624,9918,2021-06-28 18:00:35,52.162685,2
1439,193,21.03665,9919,2021-06-28 18:00:37,52.173515,3
1440,140,21.074234,9920,2021-06-28 18:00:38,52.285767,05
1441,140,21.129936,9921,2021-06-28 18:00:38,52.353352,06
1442,520,21.098867,9922,2021-06-28 18:00:37,52.234829,5
1443,193,20.995022,9923,2021-06-28 18:00:37,52.170208,4
1444,140,21.111179,9924,2021-06-28 18:00:37,52.360916,07
1445,193,21.034929,9926,2021-06-28 18:00:35,52.156464,1
1446,520,21.136703,9927,2021-06-28 18:00:38,52.241096,010
1447,140,21.109991,9928,2021-06-28 18:00:35,52.329205,3
1448,186,20.982603,9929,2021-06-28 18:00:38,52.308983,12
1449,193,20.995646,9930,2021-06-28 18:00:37,52.170216,5
1450,186,20.963785,9932,2021-06-28 18:00:37,52.207798,4
1451,520,21.002144,9933,2021-06-28 18:00:33,52.243099,2
1452,186,20.956348,9934,2021-06-28 18:00:37,52.237614,2
1453,520,21.018614,9935,2021-06-28 18:00:36,52.21769,1
1454,186,20.957224,9936,2021-06-28 18:00:35,52.247452,6
1455,520,21.037697,9937,2021-06-28 18:00:38,52.22234,7
1456,186,20.961552,9940,2021-06-28 18:00:33,52.21637,3
1457,186,20.953598,9941,2021-06-28 18:00:34,52.263168,8
1458,210,20.830282,9942,2021-06-28 18:00:38,52.290897,4
1459,109,21.043304,9943,2021-06-28 18:00:38,52.222977,2
1460,186,20.960196,9945,2021-06-28 18:00:33,52.269032,9
1461,210,20.767391,9946,2021-06-28 18:00:34,52.307823,3
1462,109,21.028664,9948,2021-06-28 18:00:37,52.230011,3
1463,210,20.933826,9949,2021-06-28 18:00:34,52.289204,1
1464,210,20.817692,9950,2021-06-28 18:00:37,52.292168,2
1465,186,20.970982,9951,2021-06-28 18:00:33,52.206074,5
1466,186,20.961971,9953,2021-06-28 18:00:34,52.317196,67
1467,140,21.07626,9954,2021-06-28 18:00:34,52.287849,1
1468,o97B,21.423098,9999,2021-06-28 14:27:55,50.302967,7
