,Lines,Lon,VehicleNumber,Time,Lat,Brigade
0,213,21.0905966,1001,2021-06-28 17:17:41,52.2215103,1
1,213,21.1319691,1003,2021-06-28 17:17:31,52.2143068,05
2,213,21.188788,1004,2021-06-28 17:18:01,52.149836,3
3,196,21.1763668,1005,2021-06-28 17:17:52,52.2567736,2
4,196,21.16806,1008,2021-06-28 17:17:57,52.257015,03
5,213,21.234181,1009,2021-06-28 17:17:59,52.177759,4
6,213,21.2277113,1010,2021-06-28 17:18:04,52.1722881,2
7,311,21.0694838,1012,2021-06-28 17:17:54,52.2461431,1
8,196,21.171646,1014,2021-06-28 17:17:43,52.256945,1
9,311,21.1024943,1015,2021-06-28 17:17:52,52.2224278,2
10,365,21.001926,1021,2021-06-28 17:18:03,52.17519,01
11,107,20.9794367,1023,2021-06-28 17:18:02,52.2445724,3
12,163,21.0984651,1025,2021-06-28 17:18:01,52.1834576,2
13,107,21.007885,1026,2021-06-28 17:18:02,52.238663,5
14,108,21.0615917,1027,2021-06-28 17:18:02,52.1855489,1
15,108,21.023035,1028,2021-06-28 17:18:03,52.229126,5
16,108,21.037575,1029,2021-06-28 17:18:03,52.217468,6
17,365,21.0238552,1031,2021-06-28 17:18:02,52.1798221,02
18,108,21.078758,1033,2021-06-28 17:18:00,52.199844,4
19,163,21.062239,1034,2021-06-28 17:18:03,52.175705,1
20,192,21.0424184,1037,2021-06-28 17:18:00,52.1476954,7
21,108,21.04663,1038,2021-06-28 17:17:50,52.177526,3
22,365,21.0026374,1039,2021-06-28 17:18:02,52.1773387,03
23,107,21.04707,1040,2021-06-28 17:17:49,52.212865,6
24,107,21.006226,1042,2021-06-28 17:17:50,52.243266,2
25,107,21.0484583,1043,2021-06-28 17:17:49,52.20618,07
26,107,20.979128,1045,2021-06-28 17:17:46,52.244493,4
27,204,21.028775,1046,2021-06-28 17:17:59,52.3002333,05
28,204,21.026908,1047,2021-06-28 17:17:54,52.279103,1
29,204,21.050235,1048,2021-06-28 17:17:52,52.317895,04
30,228,20.924398,1050,2021-06-28 17:17:59,52.213901,1
31,228,20.978856,1051,2021-06-28 17:17:47,52.184043,2
32,328,20.952591,1052,2021-06-28 17:18:01,52.199558,01
33,129,20.915794,1053,2021-06-28 17:17:56,52.227998,4
34,228,20.892791,1054,2021-06-28 17:17:46,52.199976,3
35,129,20.939144,1055,2021-06-28 17:17:54,52.24575,3
36,328,20.994476,1058,2021-06-28 17:17:42,52.156168,02
37,129,20.883166,1059,2021-06-28 17:17:57,52.195458,1
38,328,20.986481,1061,2021-06-28 17:18:03,52.159119,03
39,192,21.0688307,1062,2021-06-28 17:18:03,52.1284564,51
40,192,21.024342,1064,2021-06-28 17:18:02,52.179897,2
41,163,21.0558787,1065,2021-06-28 17:18:03,52.1817312,04
42,107,21.031067,1066,2021-06-28 17:18:02,52.224289,1
43,163,21.106579,1068,2021-06-28 17:18:01,52.169861,3
44,192,21.044605,1069,2021-06-28 17:18:02,52.149166,4
45,163,21.084213,1070,2021-06-28 17:18:03,52.167393,05
46,192,21.0723827,1074,2021-06-28 17:18:03,52.1365722,6
47,108,21.0331776,1076,2021-06-28 17:18:03,52.1772971,2
48,192,21.017998,1077,2021-06-28 17:18:00,52.154175,3
49,192,21.017654,1079,2021-06-28 17:18:03,52.153076,1
50,736,20.984233,1101,2021-06-28 17:17:47,52.308246,02
51,132,21.0766431,1109,2021-06-28 17:17:58,52.3222851,2
52,303,20.953459,1112,2021-06-28 17:17:58,52.2759581,3
53,147,21.0465806,1113,2021-06-28 17:17:57,52.248277,06
54,152,20.99652,1114,2021-06-28 17:17:52,52.344821,06
55,166,21.027049,1115,2021-06-28 17:17:52,52.2599881,09
56,132,21.0611338,1116,2021-06-28 17:17:56,52.3069935,3
57,122,20.9216068,1117,2021-06-28 17:18:00,52.2493193,09
58,197,20.933198,1118,2021-06-28 17:17:58,52.2535195,7
59,126,21.0404541,1119,2021-06-28 17:17:58,52.2881041,3
60,168,21.0458059,1200,2021-06-28 17:18:03,52.206905,2
61,119,21.0145209,1202,2021-06-28 17:18:03,52.2086936,1
62,178,21.004778,1203,2021-06-28 17:17:59,52.249641,2
63,178,20.875856,1204,2021-06-28 17:18:00,52.190044,5
64,168,20.9954984,1205,2021-06-28 17:18:02,52.1919195,6
65,166,21.033698,1206,2021-06-28 17:18:02,52.230469,1
66,166,21.0452109,1208,2021-06-28 17:18:03,52.1561396,5
67,222,21.014635,1211,2021-06-28 17:18:03,52.193214,4
68,174,21.004797,1212,2021-06-28 17:18:02,52.217503,371
69,174,20.9999072,1213,2021-06-28 17:18:00,52.2313629,3
70,218,21.024742,1214,2021-06-28 17:17:59,52.190872,5
71,166,21.0478742,1216,2021-06-28 17:18:02,52.2463507,7
72,168,21.009747,1218,2021-06-28 17:18:01,52.20327,5
73,119,21.0315709,1220,2021-06-28 17:17:59,52.205889,5
74,122,20.9763293,1400,2021-06-28 17:17:54,52.288088,012
75,121,20.970955,1401,2021-06-28 17:17:46,52.272001,04
76,134,21.06181,1403,2021-06-28 17:18:01,52.3617488,1
77,110,20.9517948,1407,2021-06-28 17:17:59,52.2764968,05
78,240,21.099288,1408,2021-06-28 17:17:44,52.31848,4
79,173,21.096029,1411,2021-06-28 17:17:59,52.243736,5
80,117,21.091414,1412,2021-06-28 17:18:03,52.221985,1
81,702,21.2629082,1413,2021-06-28 17:17:26,52.108078,2
82,168,21.01232,1415,2021-06-28 17:18:03,52.208305,1
83,202,21.1112604,1416,2021-06-28 17:18:03,52.2449192,04
84,183,21.191765,1418,2021-06-28 17:18:01,52.238712,6
85,147,21.0522,1419,2021-06-28 17:18:00,52.2502,2
86,199,21.1135,1422,2021-06-28 17:18:00,52.2922,4
87,198,21.236151,1423,2021-06-28 17:18:03,52.216297,05
88,173,21.1566737,1424,2021-06-28 17:18:00,52.2400931,6
89,115,21.2381197,1425,2021-06-28 17:18:02,52.1700677,4
90,173,21.217928,1426,2021-06-28 17:18:01,52.215889,8
91,147,21.1658201,1427,2021-06-28 17:18:03,52.2042072,4
92,146,21.14054,1428,2021-06-28 17:17:52,52.178223,2
93,142,21.129127,1430,2021-06-28 17:18:01,52.233368,06
94,L41,20.935709,14422,2021-06-28 17:17:57,52.398289,1
95,L10,20.968502,14423,2021-06-28 17:17:47,52.449978,1
96,L11,20.945402,14424,2021-06-28 17:17:57,52.400852,1
97,L10,20.925915,14425,2021-06-28 17:17:58,52.421913,50
98,L-8,20.945215,14426,2021-06-28 14:51:54,52.437912,1
99,L41,20.733351,14427,2021-06-28 17:18:02,52.419304,02
100,L11,20.946249,14429,2021-06-28 17:17:57,52.452576,57
101,L34,20.847353,14430,2021-06-28 17:01:01,52.441017,2
102,L34,20.901865,14431,2021-06-28 17:18:07,52.410938,1
103,L11,20.722548,14432,2021-06-28 17:18:03,52.424744,51
104,L-8,21.029055,14434,2021-06-28 17:18:01,52.382973,02
105,L-8,21.066334,14435,2021-06-28 17:18:01,52.417717,1
106,L49,20.937368,14436,2021-06-28 17:17:58,52.374912,1
107,L31,21.14876,14438,2021-06-28 17:18:04,52.434929,1
108,L-9,20.941435,14439,2021-06-28 17:17:59,52.40086,054
109,L-9,20.946692,14440,2021-06-28 17:16:21,52.471832,055
110,134,20.968278,1500,2021-06-28 17:17:53,52.27398,04
111,134,20.9683013,1501,2021-06-28 17:17:54,52.2718658,3
112,110,20.8946953,1502,2021-06-28 17:17:54,52.3215866,2
113,240,21.051683,1505,2021-06-28 17:18:02,52.2920363,06
114,132,21.0504326,1506,2021-06-28 17:17:53,52.318104,07
115,134,21.0495991,1507,2021-06-28 17:18:00,52.3205831,2
116,126,21.0124623,1508,2021-06-28 17:17:56,52.318118,5
117,132,21.003045,1509,2021-06-28 17:18:02,52.2907348,05
118,166,21.0337186,1510,2021-06-28 17:17:41,52.2033003,6
119,126,21.0568223,1513,2021-06-28 17:17:54,52.3018565,4
120,197,20.941421,1514,2021-06-28 17:17:23,52.232965,6
121,197,20.9540033,1515,2021-06-28 17:17:59,52.2832625,8
122,121,20.9250715,1516,2021-06-28 17:18:00,52.2725943,1
123,173,21.165198,1519,2021-06-28 17:17:58,52.24177,10
124,202,21.0419283,1521,2021-06-28 17:17:52,52.2421167,07
125,202,21.041899,1522,2021-06-28 17:17:55,52.241961,3
126,146,21.170551,1523,2021-06-28 17:17:54,52.159786,08
127,730,21.27931,1524,2021-06-28 17:17:57,52.191345,052
128,119,21.171626,1525,2021-06-28 17:17:27,52.205641,06
129,147,21.1253283,1526,2021-06-28 17:17:52,52.2008083,09
130,198,21.22325,1528,2021-06-28 17:17:53,52.24641,3
131,702,21.135495,1530,2021-06-28 17:17:58,52.197375,03
132,198,21.223616,1531,2021-06-28 17:17:58,52.253871,2
133,115,21.142965,1533,2021-06-28 17:17:46,52.237263,2
134,142,21.134316,1534,2021-06-28 17:17:50,52.202991,07
135,198,21.2432767,1535,2021-06-28 17:17:52,52.2217267,1
136,106,20.966131,1537,2021-06-28 17:17:58,52.243263,4
137,170,21.021911,1538,2021-06-28 17:17:59,52.262496,4
138,120,21.054645,1539,2021-06-28 17:17:59,52.275646,1
139,199,21.0552367,1540,2021-06-28 17:17:37,52.2754133,1
140,156,21.0361983,1541,2021-06-28 17:17:57,52.28836,1
141,170,21.038516,1542,2021-06-28 17:17:45,52.252341,1
142,156,20.9306167,1543,2021-06-28 17:18:02,52.2907,3
143,338,21.0754133,1544,2021-06-28 17:17:56,52.265645,01
144,122,20.9740467,1546,2021-06-28 17:17:47,52.2655233,013
145,338,21.027363,1548,2021-06-28 17:17:54,52.259833,04
146,199,21.126609,1549,2021-06-28 17:17:55,52.279338,2
147,170,21.03441,1550,2021-06-28 17:17:54,52.25565,3
148,240,21.118921,1551,2021-06-28 17:17:54,52.338276,3
149,221,20.9941,1552,2021-06-28 17:17:53,52.2594733,2
150,106,20.9670033,1554,2021-06-28 17:17:40,52.2303467,06
151,L-4,20.94125,17451,2021-06-28 17:18:05,52.089184,1
152,L26,21.202423,17452,2021-06-28 17:18:06,52.338943,02
153,L37,21.260315,17453,2021-06-28 17:18:01,52.3522,1
154,L40,21.199427,17454,2021-06-28 17:18:03,52.343243,1
155,L36,21.283674,17456,2021-06-28 17:17:58,52.366528,1
156,L35,21.303053,17458,2021-06-28 17:18:02,52.356804,1
157,L26,21.152603,17460,2021-06-28 17:18:01,52.310806,1
158,L46,21.159927,17461,2021-06-28 17:18:01,52.29335,1
159,L43,21.161276,17462,2021-06-28 17:17:45,52.316093,1
160,L45,21.090536,17464,2021-06-28 17:18:06,52.305294,02
161,L45,21.142576,17465,2021-06-28 17:18:02,52.396259,1
162,L38,21.271779,17466,2021-06-28 17:17:58,52.331953,1
163,L37,21.218784,17467,2021-06-28 16:39:44,52.310253,2
164,L40,21.136642,17468,2021-06-28 17:18:03,52.361706,02
165,197,20.862437,1800,2021-06-28 17:18:01,52.1902585,4
166,110,20.9685713,1801,2021-06-28 17:18:02,52.2721443,4
167,132,20.9687458,1802,2021-06-28 17:17:57,52.2719731,1
168,166,21.033214,1803,2021-06-28 17:17:49,52.258373,8
169,122,20.9764365,1804,2021-06-28 17:17:59,52.2899663,5
170,173,21.0842573,1805,2021-06-28 17:17:35,52.2464168,4
171,204,21.0232645,1806,2021-06-28 17:18:00,52.2771233,3
172,122,20.959773,1807,2021-06-28 17:17:31,52.2597996,4
173,303,20.980001,1808,2021-06-28 17:17:52,52.267126,1
174,147,21.078292,1809,2021-06-28 17:17:27,52.2261058,1
175,166,21.0446965,1810,2021-06-28 17:17:49,52.1769686,2
176,152,21.043346,1811,2021-06-28 10:10:53,52.266126,06
177,204,21.060376,1812,2021-06-28 17:17:59,52.3150918,2
178,736,20.9234993,1813,2021-06-28 17:18:00,52.3979796,1
179,147,21.052814,1814,2021-06-28 17:17:47,52.250458,07
180,240,21.0650921,1815,2021-06-28 17:17:59,52.3122203,2
181,197,20.9746478,1817,2021-06-28 17:17:56,52.2867633,9
182,240,21.032191,1818,2021-06-28 17:18:02,52.300016,05
183,221,20.9660055,1819,2021-06-28 17:17:53,52.260834,1
184,117,21.1025083,1823,2021-06-28 17:17:58,52.2222006,05
185,146,21.106751,1826,2021-06-28 17:17:53,52.210313,4
186,183,21.087186,1828,2021-06-28 17:17:59,52.244729,3
187,147,21.1859415,1829,2021-06-28 17:17:56,52.2068116,5
188,722,21.2629523,1830,2021-06-28 17:17:58,52.1079431,1
189,147,21.1169918,1832,2021-06-28 09:25:20,52.2330478,09
190,146,21.0523936,1833,2021-06-28 17:18:00,52.2503636,5
191,202,21.116848,1834,2021-06-28 09:35:30,52.233074,04
192,115,21.2113926,1835,2021-06-28 17:17:43,52.1621205,3
193,168,21.0979616,1837,2021-06-28 17:17:57,52.2347891,07
194,183,21.1701705,1839,2021-06-28 17:17:58,52.2517933,1
195,202,21.1096238,1840,2021-06-28 17:17:22,52.2450968,05
196,146,21.204611,1842,2021-06-28 17:17:45,52.159449,07
197,183,21.124003,1843,2021-06-28 17:18:02,52.235608,2
198,119,21.1671373,1844,2021-06-28 17:17:55,52.2046091,3
199,115,21.153363,1846,2021-06-28 17:17:45,52.239393,5
200,730,21.2446076,1847,2021-06-28 17:17:51,52.2228468,61
201,119,21.117011,1848,2021-06-28 17:17:59,52.2007133,4
202,173,21.2641705,1849,2021-06-28 17:17:59,52.2458051,9
203,183,21.0883396,1850,2021-06-28 17:17:53,52.2451328,4
204,173,21.1258446,1851,2021-06-28 17:17:54,52.2347535,1
205,722,21.0881026,1854,2021-06-28 17:17:58,52.2446353,53
206,147,21.060925,1855,2021-06-28 17:17:58,52.2321491,3
207,146,21.0750741,1856,2021-06-28 17:17:57,52.2215838,1
208,117,21.0833786,1857,2021-06-28 17:17:53,52.2259223,2
209,115,21.1702506,1858,2021-06-28 17:17:55,52.2770356,1
210,146,21.0528103,1859,2021-06-28 17:17:59,52.23644,09
211,115,21.1703715,1860,2021-06-28 17:18:00,52.2698816,6
212,119,21.100726,1862,2021-06-28 17:17:51,52.215448,2
213,173,21.0525396,1863,2021-06-28 17:17:54,52.2502916,3
214,146,21.2115165,1866,2021-06-28 17:18:02,52.1606985,3
215,183,21.1401316,1867,2021-06-28 17:17:49,52.245079,5
216,147,21.2429586,1869,2021-06-28 17:17:53,52.2180241,08
217,251,21.1231279,1903,2021-06-28 17:17:53,52.0895147,53
218,168,20.995741,1904,2021-06-28 17:18:00,52.192976,09
219,739,21.0177266,1905,2021-06-28 17:17:52,52.1327369,07
220,251,21.084459,1906,2021-06-28 17:17:54,52.163706,52
221,251,21.023286,1907,2021-06-28 17:17:53,52.179761,54
222,178,20.9570797,1908,2021-06-28 17:17:48,52.2271071,012
223,222,21.0049032,1909,2021-06-28 17:18:00,52.2448636,2
224,222,20.9958943,1910,2021-06-28 17:17:58,52.1934025,5
225,139,21.0343929,1911,2021-06-28 17:18:02,52.1770027,56
226,222,21.021017,1912,2021-06-28 17:18:00,52.209656,6
227,251,21.044904,1914,2021-06-28 17:18:03,52.1749059,51
228,222,21.019554,1916,2021-06-28 17:17:59,52.233219,3
229,222,20.9962995,1917,2021-06-28 17:18:00,52.1885399,4
230,739,21.0237444,1918,2021-06-28 17:18:02,52.1800504,08
231,139,21.10284,1919,2021-06-28 17:18:03,52.11866,55
232,222,21.013597,1920,2021-06-28 17:18:01,52.245998,1
233,178,20.903564,1991,2021-06-28 17:18:03,52.189297,010
234,178,20.951679,1993,2021-06-28 17:18:03,52.211742,1
235,168,21.090954,1994,2021-06-28 17:18:03,52.221725,08
236,178,21.007345,1995,2021-06-28 17:18:03,52.234936,3
237,178,20.8834259,1996,2021-06-28 17:18:02,52.1953449,6
238,178,20.949446,1998,2021-06-28 17:17:59,52.209877,4
239,178,20.9597519,1999,2021-06-28 17:18:02,52.2211219,013
240,105,20.898783,2001,2021-06-28 17:18:03,52.238811,1
241,136,21.0154361,2003,2021-06-28 17:18:04,52.1672502,6
242,Z10,20.9136794,2006,2021-06-28 17:18:01,52.2521479,3
243,188,21.115137,2007,2021-06-28 17:18:02,52.244324,09
244,517,20.9534951,2008,2021-06-28 17:18:03,52.2129222,07
245,191,20.949095,2009,2021-06-28 17:18:03,52.209694,3
246,184,20.933313,2010,2021-06-28 17:18:02,52.289551,4
247,124,20.932997,2011,2021-06-28 17:17:59,52.165779,03
248,401,20.9132297,2013,2021-06-28 17:17:59,52.1986981,1
249,182,20.987562,2014,2021-06-28 17:18:02,52.216457,012
250,171,20.9366715,2015,2021-06-28 17:18:00,52.2397604,1
251,401,20.954803,2016,2021-06-28 17:18:03,52.19101,011
252,190,21.036251,2019,2021-06-28 17:18:02,52.255199,014
253,191,20.897228,2020,2021-06-28 17:18:01,52.195923,7
254,401,20.9147002,2021,2021-06-28 17:18:01,52.1997062,5
255,522,21.050323,2022,2021-06-28 17:18:03,52.187172,013
256,193,21.047943,2023,2021-06-28 17:18:03,52.162395,06
257,189,21.068876,2024,2021-06-28 17:18:03,52.18129,14
258,401,20.9587492,2026,2021-06-28 17:18:02,52.1898369,8
259,522,21.01222,2027,2021-06-28 17:18:03,52.22966,318
260,519,21.0994526,2028,2021-06-28 17:18:02,52.1381341,3
261,501,21.0475844,2029,2021-06-28 17:18:02,52.1897667,3
262,189,20.907442,2030,2021-06-28 17:18:03,52.228584,9
263,131,21.0146135,2032,2021-06-28 17:18:01,52.2252045,10
264,522,21.076452,2033,2021-06-28 17:17:59,52.156998,07
265,189,20.9854259,2035,2021-06-28 17:18:00,52.1820385,12
266,519,21.0554994,2036,2021-06-28 17:18:03,52.1819439,5
267,501,21.0486572,2037,2021-06-28 17:17:59,52.1781102,5
268,138,20.995775,2038,2021-06-28 17:18:01,52.17017,010
269,501,21.0131696,2040,2021-06-28 17:18:03,52.2276252,2
270,189,20.9003899,2041,2021-06-28 17:18:01,52.2279524,8
271,138,21.042568,2042,2021-06-28 17:18:03,52.254063,012
272,401,20.868006,2044,2021-06-28 17:18:01,52.193676,012
273,172,20.9757782,2045,2021-06-28 17:18:02,52.2042349,010
274,172,21.0027034,2200,2021-06-28 17:18:02,52.1955622,4
275,523,20.956989,2201,2021-06-28 17:18:03,52.227337,14
276,187,20.9556211,2202,2021-06-28 17:18:02,52.2140705,3
277,136,20.985802,2203,2021-06-28 17:18:03,52.204788,1
278,Z10,20.914726,2204,2021-06-28 17:18:03,52.23502,010
279,171,20.9114919,2205,2021-06-28 17:18:02,52.2502179,011
280,Z10,20.9309134,2206,2021-06-28 17:18:03,52.2254279,7
281,189,20.91831,2207,2021-06-28 17:18:02,52.1987187,10
282,190,20.898832,2209,2021-06-28 17:18:03,52.238934,8
283,172,20.955503,2210,2021-06-28 17:18:03,52.212017,2
284,122,20.9286684,2212,2021-06-28 17:18:03,52.2640644,6
285,122,20.9856224,2213,2021-06-28 17:18:02,52.2695825,07
286,136,21.001854,2215,2021-06-28 17:17:57,52.187805,11
287,190,20.8970696,2216,2021-06-28 17:18:02,52.2302382,018
288,401,21.0010127,2217,2021-06-28 17:18:03,52.1785214,09
289,Z10,20.915075,2218,2021-06-28 17:18:03,52.232265,5
290,148,21.066592,2221,2021-06-28 17:18:01,52.203064,8
291,523,20.956196,2222,2021-06-28 17:18:03,52.230724,1
292,191,20.9612091,2223,2021-06-28 17:18:02,52.2164051,9
293,189,20.987024,2224,2021-06-28 17:18:03,52.181194,2
294,191,20.8703972,2225,2021-06-28 17:18:02,52.1836764,5
295,517,20.868834,2226,2021-06-28 17:18:02,52.197929,3
296,136,21.0030322,2231,2021-06-28 17:18:03,52.1734404,013
297,189,20.955378,2232,2021-06-28 17:17:59,52.190933,11
298,317,21.046782,2233,2021-06-28 17:18:02,52.174671,08
299,Z10,20.9298609,2235,2021-06-28 17:18:02,52.2233827,011
300,317,20.961227,2236,2021-06-28 17:18:01,52.184204,4
301,187,21.008636,2240,2021-06-28 17:18:03,52.217289,2
302,136,21.0243052,2241,2021-06-28 17:18:03,52.1559304,9
303,191,20.9801327,2243,2021-06-28 17:18:01,52.2157739,1
304,171,21.023027,2244,2021-06-28 17:18:02,52.229027,4
305,Z10,20.913992,2245,2021-06-28 17:18:01,52.236218,9
306,717,20.898596,2247,2021-06-28 17:18:01,52.184349,3
307,317,20.9440302,2249,2021-06-28 17:18:02,52.1753636,06
308,189,20.916054,2252,2021-06-28 17:18:02,52.219391,4
309,112,21.0598099,2253,2021-06-28 17:18:02,52.3069804,2
310,191,20.9096126,2254,2021-06-28 17:18:03,52.1942099,010
311,141,20.9440647,2256,2021-06-28 17:18:02,52.1755375,013
312,172,21.055426,2257,2021-06-28 17:18:03,52.182095,7
313,317,21.0023,2258,2021-06-28 17:18:02,52.175167,1
314,187,20.909174,2259,2021-06-28 17:18:02,52.19548,4
315,L48,21.303106,23481,2021-06-28 04:38:21,52.203297,1
316,L47,21.29797,23482,2021-06-28 17:18:04,52.241577,02
317,L47,21.296944,23483,2021-06-28 17:18:05,52.241505,1
318,L20,21.259649,24511,2021-06-28 17:18:01,52.107838,1
319,L20,21.471601,24512,2021-06-28 13:52:17,52.132278,1
320,L20,21.463831,24513,2021-06-28 17:18:02,52.133099,03
321,L20,21.463703,24515,2021-06-28 17:18:01,52.132927,2
322,245,21.1297545,3400,2021-06-28 17:17:58,52.279596,2
323,112,21.0376,3401,2021-06-28 17:17:56,52.296358,018
324,412,21.063861,3403,2021-06-28 17:17:55,52.2730155,01
325,112,20.9139465,3404,2021-06-28 17:17:50,52.2369441,7
326,412,21.051643,3405,2021-06-28 17:17:48,52.25276,05
327,500,20.9901031,3406,2021-06-28 17:17:54,52.2569023,08
328,500,20.9820761,3408,2021-06-28 17:18:00,52.2532135,2
329,245,21.1121741,3410,2021-06-28 17:17:58,52.2812815,05
330,114,20.969464,3411,2021-06-28 17:17:52,52.265169,011
331,500,21.0419681,3413,2021-06-28 17:17:58,52.271215,1
332,190,21.0614428,3414,2021-06-28 17:17:55,52.2700705,027
333,114,20.9716681,3415,2021-06-28 17:18:01,52.2644766,09
334,114,20.9307965,3416,2021-06-28 17:17:58,52.2915408,010
335,738,21.1221253,3417,2021-06-28 17:17:56,52.3438765,3
336,738,21.1879685,3418,2021-06-28 17:18:01,52.4146238,4
337,190,21.0874761,3421,2021-06-28 17:17:58,52.3015941,021
338,500,21.0453038,3422,2021-06-28 17:17:56,52.2791121,4
339,185,21.0136083,3423,2021-06-28 17:18:00,52.25291,10
340,512,21.063714,3424,2021-06-28 17:17:49,52.2726221,2
341,512,21.0522128,3426,2021-06-28 17:17:57,52.2530113,3
342,169,21.0358793,3427,2021-06-28 17:17:58,52.2995853,2
343,185,21.0382046,3428,2021-06-28 17:18:02,52.1620355,7
344,500,21.0421166,3429,2021-06-28 17:17:58,52.30034,6
345,169,21.0376205,3430,2021-06-28 17:17:59,52.2620961,3
346,112,21.091088,3431,2021-06-28 17:17:59,52.30606,3
347,Z26,21.0348735,3432,2021-06-28 17:17:54,52.2556491,1
348,Z26,21.001973,3434,2021-06-28 17:18:02,52.244768,6
349,175,21.0083281,3435,2021-06-28 17:17:50,52.2291176,55
350,509,21.1016796,3437,2021-06-28 17:17:55,52.2233811,5
351,132,21.0681578,3438,2021-06-28 17:17:59,52.3237979,06
352,738,21.114873,3439,2021-06-28 17:17:53,52.3350376,1
353,414,20.9612945,3440,2021-06-28 17:18:00,52.2164181,07
354,512,21.042386,3441,2021-06-28 17:17:58,52.249558,5
355,500,21.0424045,3442,2021-06-28 17:17:53,52.2962123,7
356,509,20.9420408,3443,2021-06-28 17:17:59,52.3349443,11
357,245,21.0528788,3444,2021-06-28 17:17:57,52.2764933,04
358,145,21.0003315,3445,2021-06-28 17:17:52,52.2912455,8
359,509,20.9750265,3446,2021-06-28 17:18:00,52.3168558,14
360,162,21.0743601,3447,2021-06-28 17:18:00,52.1908751,6
361,190,21.0753731,3448,2021-06-28 17:17:57,52.2869671,2
362,112,20.9105918,3449,2021-06-28 17:17:59,52.2286396,9
363,112,20.913125,3450,2021-06-28 17:18:01,52.238346,12
364,114,21.043474,3451,2021-06-28 09:14:51,52.2654126,09
365,145,21.1086228,3452,2021-06-28 17:17:59,52.2410385,015
366,527,21.0479268,3453,2021-06-28 17:17:57,52.2859476,2
367,190,21.0333696,3454,2021-06-28 17:17:48,52.2539441,1
368,145,21.1133843,3455,2021-06-28 17:18:03,52.279967,5
369,509,21.102038,3458,2021-06-28 17:17:54,52.222046,355
370,245,21.074735,3459,2021-06-28 17:17:51,52.2862108,1
371,190,21.0853616,3460,2021-06-28 17:17:54,52.305017,022
372,114,21.0417885,3462,2021-06-28 17:17:53,52.3002625,2
373,190,20.9146996,3463,2021-06-28 17:17:57,52.2345161,6
374,500,21.0414688,3464,2021-06-28 17:17:58,52.2999278,5
375,114,20.9170991,3465,2021-06-28 17:17:57,52.3129606,6
376,112,20.934516,3466,2021-06-28 17:17:57,52.272521,1
377,509,21.0120408,3467,2021-06-28 17:17:54,52.278158,022
378,245,21.0653036,3468,2021-06-28 17:18:01,52.2745248,03
379,114,20.9279916,3469,2021-06-28 17:17:57,52.271592,7
380,L17,21.02947,36442,2021-06-28 17:18:02,52.074619,02
381,L19,21.059429,36443,2021-06-28 17:17:57,51.964207,1
382,L17,20.954468,36444,2021-06-28 17:18:02,51.940872,1
383,L19,21.028397,36445,2021-06-28 17:18:00,52.073879,02
384,L30,21.105669,36446,2021-06-28 17:18:03,51.974533,1
385,L28,21.128012,36447,2021-06-28 17:18:00,52.021725,1
386,L30,21.217035,36448,2021-06-28 17:18:01,51.98164,02
387,L42,21.147497,37531,2021-06-28 17:18:00,52.080738,52
388,L21,21.119688,37533,2021-06-28 17:18:04,52.091702,1
389,L16,21.098768,37534,2021-06-28 17:17:59,52.05862,1
390,L14,21.127369,37535,2021-06-28 17:18:02,52.103851,1
391,L15,21.160152,37536,2021-06-28 17:18:00,52.058784,51
392,L39,21.018734,38541,2021-06-28 17:18:04,52.106743,4
393,L23,21.025585,38543,2021-06-28 17:17:58,52.077961,M53
394,L23,21.043352,38544,2021-06-28 17:17:59,52.056244,052
395,L39,21.019094,38545,2021-06-28 17:17:59,52.097893,3
396,L32,21.022858,38546,2021-06-28 17:18:03,52.074989,1
397,L39,21.004555,38547,2021-06-28 05:46:58,52.110222,1
398,L39,21.015444,38548,2021-06-28 17:18:05,52.073795,2
399,L23,21.029448,38549,2021-06-28 17:14:37,52.075069,51
400,L52,20.985193,38550,2021-06-28 17:17:58,52.004036,1
401,L-2,21.007906,39551,2021-06-28 17:17:59,52.055878,062
402,L12,21.025707,39552,2021-06-28 17:17:56,52.075436,063
403,L25,21.023298,39554,2021-06-28 17:17:59,52.071972,02
404,L25,21.171444,39555,2021-06-28 17:18:01,51.974014,1
405,L-2,20.964441,39556,2021-06-28 17:18:01,52.035709,061
406,L12,20.896339,39557,2021-06-28 17:18:05,52.007713,64
407,L12,21.029522,39558,2021-06-28 17:18:03,52.074718,65
408,L13,21.016026,39560,2021-06-28 17:18:01,52.063221,1
409,L13,21.029955,39561,2021-06-28 17:17:58,52.028141,03
410,L13,21.039856,39562,2021-06-28 17:18:00,52.027115,2
411,L-5,21.025997,39565,2021-06-28 17:18:00,52.077496,1
412,255,20.935608,4200,2021-06-28 17:18:00,52.221992,2
413,703,20.8450939,4202,2021-06-28 17:18:03,52.0631861,52
414,197,20.915791,4205,2021-06-28 17:18:01,52.219875,2
415,902,20.9223249,4206,2021-06-28 16:30:27,52.1964574,M1
416,255,20.9304097,4207,2021-06-28 17:18:03,52.2228827,03
417,154,20.953468,4209,2021-06-28 17:18:01,52.185341,4
418,178,20.915634,4210,2021-06-28 17:18:03,52.205284,011
419,154,20.973112,4211,2021-06-28 17:18:00,52.193291,010
420,711,20.9042642,4212,2021-06-28 17:18:02,52.1412066,063
421,154,20.9339312,4213,2021-06-28 17:18:02,52.2401667,1
422,154,20.8984882,4214,2021-06-28 17:18:02,52.2583887,8
423,711,20.8349886,4215,2021-06-28 17:18:02,52.1091771,061
424,122,20.9195439,4216,2021-06-28 17:18:01,52.2638661,3
425,197,20.881893,4217,2021-06-28 17:17:59,52.197662,3
426,197,20.940041,4218,2021-06-28 17:18:02,52.236389,1
427,255,20.978943,4219,2021-06-28 17:18:01,52.22961,1
428,197,20.951218,4221,2021-06-28 17:18:00,52.272213,10
429,129,20.916761,4224,2021-06-28 17:18:03,52.221645,2
430,121,20.925188,4225,2021-06-28 17:18:03,52.272545,03
431,197,20.87322,4227,2021-06-28 17:18:01,52.215408,5
432,154,20.941353,4228,2021-06-28 17:18:01,52.232868,6
433,902,21.051336,4229,2021-06-28 17:18:02,52.239006,M2
434,154,20.896412,4230,2021-06-28 17:18:03,52.240025,7
435,178,20.980686,4231,2021-06-28 17:17:59,52.229427,9
436,178,20.9140795,4232,2021-06-28 17:18:00,52.1996404,7
437,714,20.941563,4233,2021-06-28 17:18:01,52.239456,3
438,729,20.921558,4234,2021-06-28 17:18:01,52.240097,02
439,714,20.883356,4235,2021-06-28 17:18:02,52.2438697,2
440,L-3,21.003046,42362,2021-06-28 17:18:02,52.082733,02
441,154,20.952795,4237,2021-06-28 17:18:02,52.227585,5
442,154,20.974434,4238,2021-06-28 17:18:03,52.208454,3
443,178,20.895943,4239,2021-06-28 17:18:03,52.185635,8
444,154,20.89703,4240,2021-06-28 17:18:03,52.239788,011
445,714,20.828865,4241,2021-06-28 17:18:01,52.262287,04
446,154,20.964096,4242,2021-06-28 17:18:00,52.217541,2
447,154,20.979229,4243,2021-06-28 17:18:02,52.184196,09
448,901,20.999141,4244,2021-06-28 17:17:49,52.2319,1
449,901,21.0227699,4246,2021-06-28 17:18:03,52.228595,3
450,714,20.949987,4247,2021-06-28 17:18:03,52.238667,1
451,729,20.736216,4248,2021-06-28 17:18:03,52.283169,1
452,121,20.973869,4249,2021-06-28 17:18:01,52.2724,2
453,L-1,21.007973,42494,2021-06-28 17:18:01,52.07119,1
454,L-4,21.0165,42495,2021-06-28 06:12:56,52.098907,2
455,L-3,20.874262,42500,2021-06-28 17:18:01,52.071659,1
456,146,21.0426011,4303,2021-06-28 17:18:01,52.2426616,06
457,119,21.0002975,4304,2021-06-28 17:18:03,52.206145,07
458,117,21.0498704,4305,2021-06-28 17:18:03,52.237959,4
459,147,21.1059709,4307,2021-06-28 17:18:03,52.2111256,010
460,142,21.0882304,4308,2021-06-28 17:18:03,52.2446462,08
461,198,21.2229848,4309,2021-06-28 17:17:56,52.2230196,04
462,702,21.1457054,4312,2021-06-28 17:18:03,52.1839097,1
463,105,16.9750897,4332,2021-06-26 13:35:37,52.5472771,4
464,N72,16.9763326,4333,2021-06-28 15:21:54,52.5456077,215
465,240,21.000761,4400,2021-06-28 17:18:03,52.291378,1
466,132,21.004152,4401,2021-06-28 17:18:01,52.290665,09
467,126,20.9762207,4402,2021-06-28 17:18:04,52.3158141,2
468,120,21.064514,4403,2021-06-28 17:18:02,52.311878,5
469,166,21.0579684,4404,2021-06-28 17:18:02,52.1397117,3
470,156,20.9280257,4406,2021-06-28 17:18:02,52.2907929,2
471,122,20.8990545,4407,2021-06-28 17:18:02,52.2386224,010
472,134,21.051649,4408,2021-06-28 17:18:03,52.305225,05
473,106,21.016243,4409,2021-06-28 17:18:03,52.240799,1
474,199,21.162376,4411,2021-06-28 17:18:00,52.2598735,3
475,173,21.072987,4413,2021-06-28 17:18:01,52.250183,2
476,106,21.0205857,4415,2021-06-28 17:18:02,52.2430597,2
477,106,21.020512,4416,2021-06-28 17:18:02,52.243206,07
478,170,21.080702,4417,2021-06-28 17:18:03,52.277565,2
479,106,21.025961,4418,2021-06-28 17:18:03,52.237358,3
480,120,21.0675872,4419,2021-06-28 17:18:03,52.3242089,7
481,901,21.0071025,4420,2021-06-28 17:18:03,52.2348929,4
482,126,20.9421437,4421,2021-06-28 17:18:03,52.3347922,1
483,338,21.1007172,4422,2021-06-28 17:18:03,52.2606062,02
484,106,20.98959,4423,2021-06-28 17:18:00,52.234467,5
485,901,21.021751,4424,2021-06-28 17:18:02,52.230446,2
486,156,21.052135,4425,2021-06-28 17:18:02,52.253037,5
487,166,21.066275,4427,2021-06-28 17:18:01,52.130798,4
488,156,21.0557339,4428,2021-06-28 17:18:04,52.2689582,4
489,303,20.9138889,4429,2021-06-28 17:18:02,52.3108979,2
490,106,20.9949511,4430,2021-06-28 17:17:58,52.2355317,08
491,338,21.065359,4434,2021-06-28 17:18:01,52.264538,03
492,122,20.9847004,5200,2021-06-28 17:17:53,52.277074,08
493,171,20.9288312,5201,2021-06-28 17:17:58,52.2641214,8
494,517,20.9516941,5202,2021-06-28 17:17:57,52.2118762,09
495,523,21.084683,5203,2021-06-28 17:17:43,52.244235,020
496,401,21.003911,5204,2021-06-28 17:17:59,52.177868,013
497,105,20.972064,5205,2021-06-28 17:17:59,52.2290513,5
498,131,21.0123064,5206,2021-06-28 17:17:53,52.2293438,2
499,182,20.9997842,5207,2021-06-28 17:17:55,52.216817,011
500,517,20.8727937,5208,2021-06-28 17:17:52,52.1987369,2
501,184,20.93449,5210,2021-06-28 17:17:50,52.272398,2
502,105,20.896591,5211,2021-06-28 17:18:00,52.235205,09
503,523,20.9190665,5212,2021-06-28 17:17:58,52.2396569,015
504,Z10,20.9124498,5213,2021-06-28 17:17:48,52.2414256,1
505,184,20.9458216,5214,2021-06-28 17:18:00,52.2394388,1
506,523,20.9568218,5215,2021-06-28 17:17:59,52.2313785,7
507,131,21.068751,5216,2021-06-28 17:18:01,52.1815697,8
508,189,20.9220571,5217,2021-06-28 16:49:01,52.1957361,11
509,122,20.9149441,5218,2021-06-28 17:17:57,52.2516756,011
510,401,21.0266072,5219,2021-06-28 17:17:54,52.170318,6
511,124,20.943371,5222,2021-06-28 17:17:46,52.175141,1
512,190,20.896499,5223,2021-06-28 17:17:57,52.236514,7
513,517,20.9190379,5224,2021-06-28 17:17:58,52.1984851,4
514,523,20.9369502,5225,2021-06-28 17:18:02,52.2397302,6
515,401,20.8930361,5226,2021-06-28 17:17:59,52.1930063,4
516,189,20.9161548,5227,2021-06-28 17:17:52,52.1992052,024
517,124,20.9545513,5228,2021-06-28 17:18:00,52.1562513,2
518,131,21.0646016,5229,2021-06-28 17:18:02,52.1862644,5
519,523,20.913021,5230,2021-06-28 17:18:02,52.2517392,016
520,189,20.8988519,5232,2021-06-28 17:17:58,52.2386872,7
521,148,21.0543299,5233,2021-06-28 17:17:56,52.1560469,011
522,105,20.896886,5234,2021-06-28 17:17:57,52.216608,011
523,105,20.8971788,5235,2021-06-28 17:17:52,52.2282403,3
524,517,20.9115655,5236,2021-06-28 17:17:57,52.1968022,1
525,171,20.9151527,5237,2021-06-28 17:17:50,52.2515461,6
526,401,21.0265345,5238,2021-06-28 17:17:53,52.1701993,7
527,182,20.964863,5239,2021-06-28 17:17:58,52.217991,9
528,184,20.9305429,5240,2021-06-28 17:17:55,52.2907402,3
529,187,20.9186078,5241,2021-06-28 17:18:00,52.1985726,8
530,190,21.0609187,5243,2021-06-28 17:17:56,52.2695554,011
531,189,20.8991545,5244,2021-06-28 17:17:52,52.2386833,018
532,105,20.9516547,5245,2021-06-28 17:17:53,52.2274592,6
533,148,21.0464091,5246,2021-06-28 17:17:58,52.1501847,012
534,716,20.916505,5247,2021-06-28 17:18:02,52.2197358,1
535,141,20.9637837,5248,2021-06-28 17:17:53,52.1885259,7
536,317,21.084282,5249,2021-06-28 17:18:02,52.1679899,2
537,188,20.9781163,5250,2021-06-28 17:17:50,52.1694248,3
538,187,21.0459887,5251,2021-06-28 17:17:56,52.214871,1
539,189,21.0206491,5253,2021-06-28 17:17:58,52.1732595,020
540,401,20.890631,5254,2021-06-28 17:17:56,52.1937173,010
541,190,20.914996,5255,2021-06-28 17:17:57,52.232673,016
542,148,21.0981106,5256,2021-06-28 17:17:57,52.2239691,1
543,716,20.828853,5257,2021-06-28 17:17:51,52.192916,2
544,188,20.9835677,5258,2021-06-28 17:17:51,52.1983095,4
545,105,20.896868,5260,2021-06-28 17:17:45,52.23183,08
546,723,20.962248,5401,2021-06-28 17:18:02,52.334553,3
547,185,21.0637149,5403,2021-06-28 17:18:02,52.1870762,3
548,145,21.12779,5404,2021-06-28 17:18:03,52.254993,4
549,269,21.046116,5405,2021-06-28 17:18:03,52.276096,05
550,509,20.9549099,5406,2021-06-28 17:18:02,52.3173445,13
551,120,21.0435904,5407,2021-06-28 17:18:00,52.2502002,2
552,527,21.059643,5408,2021-06-28 17:18:03,52.303619,054
553,E-9,21.061707,5409,2021-06-28 17:17:57,52.306377,01
554,731,20.9312842,5410,2021-06-28 17:17:58,52.3945187,1
555,723,21.000803,5412,2021-06-28 17:18:02,52.291351,4
556,705,21.0278959,5413,2021-06-28 17:18:03,52.3620414,66
557,511,20.9483262,5414,2021-06-28 17:17:58,52.3472102,1
558,723,20.9401349,5416,2021-06-28 17:18:01,52.3570654,1
559,E-9,20.9680699,5417,2021-06-28 17:18:01,52.2720441,02
560,511,20.958281,5418,2021-06-28 17:18:00,52.338001,2
561,120,21.050997,5419,2021-06-28 17:18:02,52.25251,3
562,160,21.041615,5420,2021-06-28 17:18:02,52.257553,5
563,511,20.9755054,5421,2021-06-28 17:18:01,52.3168362,3
564,160,21.051592,5423,2021-06-28 17:18:01,52.29187,012
565,511,20.9281649,5424,2021-06-28 17:18:01,52.2912739,06
566,116,21.062664,5425,2021-06-28 17:18:01,52.175102,14
567,116,21.047785,5426,2021-06-28 17:18:02,52.189552,11
568,527,21.067156,5428,2021-06-28 17:18:03,52.324139,1
569,731,20.9258589,5429,2021-06-28 17:18:03,52.4216186,2
570,145,21.0996206,5430,2021-06-28 17:18:03,52.2861055,11
571,160,21.0029232,5432,2021-06-28 17:17:58,52.2296236,7
572,414,20.9710255,5434,2021-06-28 17:18:01,52.206081,08
573,527,21.0521242,5436,2021-06-28 17:18:03,52.2928084,3
574,705,21.0483371,5437,2021-06-28 17:18:02,52.4392757,1
575,731,20.9948079,5438,2021-06-28 17:18:03,52.2983404,4
576,738,21.058874,5439,2021-06-28 17:18:00,52.2743,2
577,735,21.002102,5441,2021-06-28 17:18:01,52.289593,64
578,160,21.050407,5443,2021-06-28 17:18:03,52.269516,2
579,E-9,21.0606799,5444,2021-06-28 17:18:03,52.3101929,04
580,705,21.048461,5445,2021-06-28 03:52:31,52.264575,65
581,735,21.011787,5446,2021-06-28 17:18:01,52.453911,62
582,114,21.042406,5447,2021-06-28 17:18:02,52.297089,08
583,705,21.032499,5448,2021-06-28 17:18:00,52.391117,63
584,160,21.0618582,5449,2021-06-28 17:17:59,52.3098086,3
585,511,20.954603,5453,2021-06-28 17:18:00,52.308361,4
586,160,21.0335415,5454,2021-06-28 17:18:00,52.2542469,09
587,169,21.051849,5455,2021-06-28 17:18:03,52.252907,4
588,269,21.0419691,5457,2021-06-28 17:18:02,52.3004711,04
589,180,20.953327,5459,2021-06-28 17:18:01,52.262634,016
590,735,20.995548,5460,2021-06-28 17:18:02,52.311584,65
591,175,20.978052,5870,2021-06-28 17:18:00,52.169559,53
592,128,20.9832355,5871,2021-06-28 17:18:01,52.1984224,59
593,503,21.0436,5873,2021-06-28 17:18:01,52.148548,1
594,128,21.013468,5874,2021-06-28 17:18:00,52.230091,58
595,138,21.053961,5875,2021-06-28 17:17:59,52.234539,011
596,331,20.976349,5876,2021-06-28 17:18:00,52.172089,01
597,180,21.0503539,5877,2021-06-28 17:18:01,52.2012377,017
598,709,21.021061,5878,2021-06-28 17:18:01,52.084755,013
599,128,20.989807,5880,2021-06-28 17:18:00,52.224148,070
600,175,21.0138047,5882,2021-06-28 17:18:01,52.2453995,56
601,180,21.07387,5883,2021-06-28 17:18:00,52.178093,10
602,503,21.021978,5885,2021-06-28 17:18:03,52.214252,5
603,180,21.058447,5886,2021-06-28 17:18:02,52.191273,13
604,128,21.012882,5887,2021-06-28 17:18:02,52.243217,074
605,175,21.012804,5888,2021-06-28 17:18:01,52.243217,069
606,180,21.014122,5889,2021-06-28 17:17:59,52.244633,8
607,128,20.993605,5890,2021-06-28 17:17:54,52.226131,62
608,180,20.9799332,5891,2021-06-28 17:18:03,52.2499741,7
609,504,21.017273,5892,2021-06-28 17:18:01,52.161209,010
610,503,21.049501,5893,2021-06-28 17:18:00,52.155067,3
611,175,20.981749,5894,2021-06-28 17:17:59,52.191563,066
612,503,21.035377,5895,2021-06-28 17:17:59,52.167511,12
613,503,21.049932,5897,2021-06-28 17:18:02,52.144585,2
614,128,20.963715,5898,2021-06-28 17:18:03,52.207703,071
615,175,20.990154,5899,2021-06-28 17:18:01,52.218956,51
616,158,21.003799,5900,2021-06-28 17:17:58,52.227905,5
617,175,20.978043,5902,2021-06-28 17:17:59,52.171776,52
618,158,20.98967,5903,2021-06-28 17:18:01,52.225254,8
619,503,21.001966,5905,2021-06-28 17:18:00,52.258232,8
620,128,21.012953,5906,2021-06-28 17:18:02,52.243,63
621,503,21.002306,5907,2021-06-28 17:18:01,52.254749,7
622,175,20.989325,5908,2021-06-28 17:17:59,52.219437,068
623,175,20.978184,5909,2021-06-28 17:18:03,52.169411,067
624,128,21.017765,5910,2021-06-28 17:18:02,52.237339,073
625,111,21.007246,5911,2021-06-28 17:18:02,52.243668,4
626,116,21.065928,5913,2021-06-28 17:17:59,52.17239,12
627,175,20.9823837,5915,2021-06-28 17:18:03,52.1948552,54
628,128,20.966227,5918,2021-06-28 17:18:01,52.207695,60
629,158,21.1176847,5920,2021-06-28 17:18:02,52.233784, 
630,116,21.036446,5921,2021-06-28 17:17:59,52.200512,15
631,175,21.1163987,5923,2021-06-28 10:17:16,52.2339737,072
632,116,21.009954,5924,2021-06-28 17:18:00,52.247169,17
633,116,20.923109,5926,2021-06-28 17:18:00,52.278896,3
634,158,20.950153,5927,2021-06-28 17:18:01,52.211678,7
635,116,20.923113,5928,2021-06-28 17:18:02,52.280209,5
636,175,21.0128,5929,2021-06-28 17:18:03,52.243,57
637,158,21.034159,5930,2021-06-28 17:18:00,52.234612,9
638,158,21.10762,5931,2021-06-28 17:17:58,52.236725,3
639,116,20.930264,5932,2021-06-28 17:18:04,52.279419,6
640,111,21.0885082,5933,2021-06-28 17:18:03,52.2280355,2
641,158,21.07358,5934,2021-06-28 17:18:03,52.240108,4
642,503,21.046364,5935,2021-06-28 17:18:01,52.1884,11
643,503,21.028669,5936,2021-06-28 17:18:00,52.209606,10
644,111,21.100151,5937,2021-06-28 17:18:02,52.226307,10
645,158,21.099453,5939,2021-06-28 17:18:03,52.238071,2
646,128,20.966579,5942,2021-06-28 17:18:00,52.207584,072
647,111,20.9895,5943,2021-06-28 17:18:01,52.2476,7
648,111,21.126413,5944,2021-06-28 17:17:59,52.233032,013
649,158,20.952805,5945,2021-06-28 17:18:01,52.212189,6
650,111,21.018246,5946,2021-06-28 17:17:59,52.23608,8
651,111,20.982178,5947,2021-06-28 17:18:00,52.245346,5
652,503,21.001486,5948,2021-06-28 17:18:01,52.25444,013
653,503,21.044367,5950,2021-06-28 17:17:59,52.192463,4
654,180,20.996397,5951,2021-06-28 17:17:58,52.249035,2
655,518,21.023504,5952,2021-06-28 17:18:03,52.228306,7
656,160,21.048965,5954,2021-06-28 17:18:00,52.289783,010
657,160,21.053207,5956,2021-06-28 17:18:01,52.273544,013
658,111,21.026144,5958,2021-06-28 17:18:00,52.232815,011
659,160,21.002558,5959,2021-06-28 17:17:59,52.229443,08
660,111,21.067524,5960,2021-06-28 17:18:01,52.231743,3
661,190,21.035809,5961,2021-06-28 17:17:59,52.254967,024
662,116,21.084173,5962,2021-06-28 17:17:47,52.167893,13
663,111,21.102423,5963,2021-06-28 17:18:03,52.222084,1
664,518,20.940813,5964,2021-06-28 17:18:00,52.332466,3
665,518,21.005802,5965,2021-06-28 17:18:00,52.248917,08
666,518,20.982937,5966,2021-06-28 17:17:58,52.308075,2
667,160,21.068325,5967,2021-06-28 17:17:58,52.323589,011
668,180,21.083868,5970,2021-06-28 17:18:03,52.167873,11
669,518,21.005684,5972,2021-06-28 17:18:02,52.248882,1
670,E-9,20.968529,5973,2021-06-28 17:18:02,52.272533,03
671,518,20.942087,5975,2021-06-28 17:18:00,52.334366,4
672,180,20.924566,5976,2021-06-28 17:18:00,52.272717,6
673,503,21.018038,5978,2021-06-28 17:18:02,52.236538,9
674,503,21.017752,5979,2021-06-28 17:17:59,52.237526,6
675,111,20.979429,5980,2021-06-28 17:18:02,52.244411,6
676,705,21.075584,5981,2021-06-28 17:18:00,52.458069,07
677,111,21.064737,5982,2021-06-28 17:17:58,52.233128,9
678,175,21.009834,5983,2021-06-28 17:18:03,52.229309,65
679,180,20.928486,5984,2021-06-28 17:18:02,52.27145,4
680,180,21.049685,5985,2021-06-28 17:18:02,52.201931,14
681,180,21.083878,5986,2021-06-28 17:17:52,52.168051,12
682,180,21.023081,5987,2021-06-28 17:18:01,52.228283,9
683,180,21.030447,5988,2021-06-28 17:18:01,52.20734,1
684,116,20.986856,5989,2021-06-28 17:18:03,52.268234,1
685,705,20.968996,5990,2021-06-28 17:18:00,52.269787,08
686,116,20.970602,5991,2021-06-28 17:18:02,52.272064,2
687,518,20.987114,5994,2021-06-28 17:18:00,52.283424,6
688,116,20.974524,5995,2021-06-28 17:18:00,52.271477,7
689,116,21.015732,5996,2021-06-28 17:18:00,52.241539,16
690,116,21.026628,5997,2021-06-28 17:17:56,52.213661,10
691,518,20.9557,5998,2021-06-28 17:18:01,52.314445,5
692,116,21.017275,5999,2021-06-28 17:17:59,52.239281,8
693,184,20.9640347,6200,2021-06-28 17:18:03,52.2080889,7
694,112,20.897072,6201,2021-06-28 17:18:01,52.224812,11
695,187,20.966362,6203,2021-06-28 17:18:02,52.218227,9
696,167,20.9584789,6204,2021-06-28 17:18:03,52.2231812,013
697,728,20.874287,6207,2021-06-28 17:18:02,52.072372,02
698,Z10,20.921169,6208,2021-06-28 17:18:02,52.221382,7
699,703,20.9432037,6209,2021-06-28 17:18:02,52.1755704,91
700,414,21.0215057,6210,2021-06-28 17:18:03,52.2866719,04
701,713,20.74441,6212,2021-06-28 17:18:03,52.214569,3
702,414,21.017778,6213,2021-06-28 17:18:03,52.2924116,03
703,184,20.942351,6214,2021-06-28 17:18:01,52.2458059,5
704,191,20.8954632,6215,2021-06-28 17:18:02,52.1933817,6
705,105,20.896076,6216,2021-06-28 17:18:03,52.217274,7
706,167,20.9266455,6217,2021-06-28 17:18:03,52.2329697,1
707,105,20.969414,6218,2021-06-28 17:18:03,52.228645,010
708,136,20.964128,6220,2021-06-28 17:18:02,52.215576,4
709,189,21.038494,6221,2021-06-28 17:18:03,52.172855,13
710,187,20.8622749,6222,2021-06-28 17:18:00,52.190678,5
711,105,20.944725,6223,2021-06-28 17:18:03,52.226685,4
712,517,20.9849145,6224,2021-06-28 17:18:03,52.218903,6
713,717,20.8421187,6225,2021-06-28 17:18:02,52.1731872,2
714,716,20.915079,6226,2021-06-28 17:18:00,52.21664,3
715,188,21.011576,6227,2021-06-28 17:18:03,52.217194,1
716,190,21.06337,6228,2021-06-28 17:18:02,52.272179,3
717,187,20.893456,6229,2021-06-28 17:18:02,52.192707,6
718,706,20.8933387,6231,2021-06-28 17:18:01,52.1331589,03
719,190,20.924683,6232,2021-06-28 17:18:03,52.240639,9
720,191,20.905247,6233,2021-06-28 17:18:02,52.193119,4
721,414,20.963423,6234,2021-06-28 17:18:00,52.215622,02
722,112,20.882906,6236,2021-06-28 17:18:03,52.214817,10
723,114,20.9260477,6237,2021-06-28 17:18:02,52.272402,4
724,728,20.916994,6239,2021-06-28 17:18:02,52.150665,1
725,414,20.9639119,6240,2021-06-28 17:18:03,52.2079599,01
726,517,21.0054557,6241,2021-06-28 17:18:02,52.2284282,5
727,182,21.013861,6242,2021-06-28 17:18:01,52.216904,7
728,706,20.942902,6243,2021-06-28 17:18:02,52.175591,2
729,L29,20.569162,65471,2021-06-28 17:18:03,52.256302,1
730,L-7,20.883659,66523,2021-06-28 17:17:57,52.322395,2
731,L-6,20.743016,66524,2021-06-28 17:18:04,52.253637,02
732,L-6,20.875999,66525,2021-06-28 17:18:05,52.268784,1
733,190,20.9719424,7200,2021-06-28 17:18:03,52.2371504,10
734,189,20.8985796,7201,2021-06-28 17:18:03,52.2388601,6
735,112,20.8926055,7202,2021-06-28 17:18:01,52.216429,019
736,141,21.023726,7203,2021-06-28 17:18:02,52.19706,4
737,317,21.056528,7204,2021-06-28 17:17:59,52.172264,07
738,131,21.068899,7205,2021-06-28 17:18:03,52.1813857,011
739,523,21.091419,7206,2021-06-28 17:18:02,52.24995,10
740,189,20.916479,7207,2021-06-28 17:18:00,52.219856,019
741,414,20.951,7208,2021-06-28 17:18:02,52.25528,06
742,721,20.859236,7212,2021-06-28 17:18:03,52.05772,02
743,112,21.042149,7213,2021-06-28 17:18:03,52.285076,5
744,191,20.9503727,7214,2021-06-28 17:18:02,52.2104679,2
745,112,20.914957,7215,2021-06-28 17:18:01,52.233677,8
746,713,20.9300269,7216,2021-06-28 17:18:04,52.2248375,2
747,189,21.061842,7219,2021-06-28 17:18:01,52.185486,022
748,517,20.9230086,7220,2021-06-28 17:18:02,52.1964006,09
749,187,21.0561685,7222,2021-06-28 17:18:03,52.1820344,12
750,122,20.898764,7223,2021-06-28 17:18:01,52.238617,2
751,721,20.924265,7225,2021-06-28 17:18:01,52.157925,1
752,706,20.93359,7226,2021-06-28 17:18:03,52.166119,1
753,114,21.0298449,7227,2021-06-28 17:18:03,52.2881427,3
754,114,21.013998,7228,2021-06-28 17:18:03,52.295647,1
755,112,21.041861,7229,2021-06-28 17:18:02,52.293259,014
756,517,21.003366,7230,2021-06-28 17:18:00,52.228207,08
757,713,20.83807,7231,2021-06-28 17:18:01,52.214176,04
758,717,20.964876,7232,2021-06-28 17:17:59,52.218239,1
759,189,20.9590524,7233,2021-06-28 17:18:03,52.1897451,3
760,713,20.876017,7234,2021-06-28 17:18:03,52.216572,1
761,187,21.0496904,7235,2021-06-28 17:18:02,52.203762,10
762,184,20.961426,7237,2021-06-28 17:18:00,52.216854,6
763,141,20.980894,7238,2021-06-28 17:18:02,52.1889737,5
764,189,21.0411892,7239,2021-06-28 17:18:02,52.1705834,16
765,184,20.950317,7240,2021-06-28 17:18:02,52.22963,8
766,317,20.943817,7241,2021-06-28 17:18:01,52.17569,5
767,141,21.112871,7242,2021-06-28 17:18:02,52.236271,1
768,523,21.039845,7243,2021-06-28 17:18:04,52.22337,9
769,401,20.861937,7244,2021-06-28 17:18:01,52.190453,3
770,187,20.913506,7245,2021-06-28 17:18:02,52.199135,7
771,190,20.89975,7247,2021-06-28 17:17:59,52.239094,017
772,188,21.096638,7248,2021-06-28 17:18:01,52.248497,5
773,171,21.021269,7249,2021-06-28 17:18:03,52.231277,3
774,317,21.013683,7250,2021-06-28 17:17:59,52.174213,3
775,105,20.898804,7251,2021-06-28 17:17:59,52.238869,2
776,167,20.9963574,7252,2021-06-28 17:18:03,52.2168746,4
777,122,20.8980315,7254,2021-06-28 17:18:03,52.2553302,1
778,191,20.928509,7256,2021-06-28 17:18:03,52.2029294,8
779,190,21.0885557,7257,2021-06-28 17:18:02,52.3030034,012
780,187,21.0568301,7258,2021-06-28 17:18:02,52.1822664,11
781,189,21.057001,7259,2021-06-28 17:17:58,52.18248,15
782,125,21.154867,7301,2021-06-28 17:18:03,52.226273,08
783,507,21.102207,7303,2021-06-28 17:18:03,52.222019,5
784,188,21.0370301,7304,2021-06-28 17:18:03,52.2223909,07
785,138,21.056755,7305,2021-06-28 17:18:03,52.263523,4
786,151,21.072277,7306,2021-06-28 17:18:01,52.231544,04
787,509,21.0616997,7307,2021-06-28 17:18:01,52.2308196,7
788,138,20.9954392,7308,2021-06-28 17:18:02,52.1702192,1
789,188,20.9825517,7310,2021-06-28 17:18:03,52.1938525,2
790,182,21.1135675,7312,2021-06-28 17:18:01,52.2363869,5
791,E-1,21.0712279,7314,2021-06-28 17:18:01,52.2250469,01
792,143,21.0195576,7315,2021-06-28 17:18:03,52.21771,7
793,188,20.978251,7316,2021-06-28 17:18:02,52.169479,08
794,402,21.136314,7317,2021-06-28 17:18:03,52.241215,3
795,182,21.112934,7318,2021-06-28 17:18:02,52.236248,4
796,182,21.08798,7319,2021-06-28 17:18:02,52.236263,3
797,411,21.1024397,7320,2021-06-28 17:18:01,52.2221134,01
798,182,21.056229,7322,2021-06-28 17:18:03,52.22678,8
799,E-1,21.1024487,7323,2021-06-28 17:18:03,52.2220391,02
800,138,21.020859,7325,2021-06-28 17:18:02,52.210125,3
801,141,20.9438771,7326,2021-06-28 17:18:02,52.1758272,6
802,E-1,21.056807,7327,2021-06-28 17:17:59,52.226772,03
803,182,20.9651002,7328,2021-06-28 17:18:03,52.2181611,1
804,523,20.964811,7329,2021-06-28 17:18:03,52.217697,017
805,171,21.007687,7330,2021-06-28 17:18:03,52.236362,5
806,162,21.047319,7331,2021-06-28 17:18:03,52.211029,013
807,141,21.0034017,7333,2021-06-28 17:18:02,52.1953491,8
808,116,21.005379,7334,2021-06-28 17:18:03,52.249168,69
809,110,20.878105,742,2021-06-28 17:18:02,52.295315,1
810,750,20.860722,744,2021-06-28 17:18:04,52.358517,05
811,750,20.902004,745,2021-06-28 17:18:01,52.328472,07
812,250,20.92753,746,2021-06-28 17:18:04,52.291168,1
813,850,20.791054,749,2021-06-28 17:17:59,52.371815,2
814,150,20.877096,750,2021-06-28 17:18:02,52.344139,1
815,750,20.831587,755,2021-06-28 17:18:00,52.353836,2
816,110,20.925135,757,2021-06-28 17:17:58,52.280972,3
817,150,20.917917,758,2021-06-28 17:18:02,52.316963,2
818,750,20.899034,761,2021-06-28 17:17:57,52.334332,4
819,750,20.927666,762,2021-06-28 17:17:57,52.291149,1
820,850,20.895998,763,2021-06-28 17:18:04,52.336987,1
821,151,21.0049896,7701,2021-06-28 17:18:03,52.2230126,1
822,411,21.0816892,7702,2021-06-28 17:17:56,52.2260419,04
823,402,21.0123459,7703,2021-06-28 17:18:03,52.1744181,7
824,151,21.0855522,7704,2021-06-28 17:18:02,52.2306652,05
825,150,20.939040667,772,2021-06-28 17:18:01,52.3004815,04
826,150,20.871764167,773,2021-06-28 17:18:02,52.345778,05
827,150,20.847193,774,2021-06-28 17:18:02,52.341206,3
828,250,20.883524,775,2021-06-28 17:18:04,52.320538,3
829,250,20.868586,776,2021-06-28 17:18:01,52.332859,2
830,750,20.7149992,777,2021-06-28 17:18:04,52.3921229,3
831,167,21.0817703,8100,2021-06-28 17:18:02,52.2084765,6
832,143,21.0068276,8103,2021-06-28 17:18:00,52.2170451,011
833,167,21.037123,8108,2021-06-28 17:17:53,52.206758,8
834,217,21.0401638,8109,2021-06-28 17:17:55,52.1761051,2
835,174,20.9953311,8110,2021-06-28 17:17:57,52.1701533,010
836,136,20.992964,8112,2021-06-28 17:17:54,52.183231,014
837,709,21.0181076,8115,2021-06-28 17:17:53,52.1384276,8
838,174,21.014283,8119,2021-06-28 17:17:59,52.182704,6
839,136,21.0317481,8120,2021-06-28 17:17:40,52.1500455,7
840,143,21.177176,8121,2021-06-28 17:17:45,52.25697,09
841,504,20.9961656,8123,2021-06-28 17:17:45,52.1793858,3
842,165,21.0007738,8124,2021-06-28 17:17:59,52.1560641,4
843,727,21.0182798,8125,2021-06-28 17:17:59,52.1106636,3
844,709,21.0214443,8126,2021-06-28 17:17:59,52.1775141,014
845,402,20.9935958,8130,2021-06-28 17:17:46,52.1790251,5
846,136,20.9595566,8131,2021-06-28 17:17:38,52.2205431,012
847,148,20.9781311,8133,2021-06-28 17:18:03,52.1694318,5
848,402,21.1275183,8134,2021-06-28 17:17:58,52.2346091,9
849,167,20.9692481,8135,2021-06-28 17:17:56,52.2136968,9
850,162,21.030153,8136,2021-06-28 17:18:00,52.2343905,08
851,162,21.048953,8137,2021-06-28 17:18:00,52.206135,011
852,162,21.0849695,8138,2021-06-28 17:18:00,52.1932583,7
853,136,20.965082,8139,2021-06-28 17:17:58,52.240427,016
854,168,21.0450923,8140,2021-06-28 17:17:58,52.2066575,4
855,504,21.0043153,8143,2021-06-28 17:17:51,52.2301211,011
856,504,20.9846483,8144,2021-06-28 17:17:55,52.2014286,4
857,709,21.023969,8145,2021-06-28 17:18:03,52.1798968,011
858,727,20.9176673,8146,2021-06-28 17:18:01,52.058729,2
859,148,21.000386,8148,2021-06-28 17:17:57,52.156113,6
860,709,21.0128526,8152,2021-06-28 17:17:57,52.0722751,1
861,217,21.042053,8153,2021-06-28 17:17:58,52.1755705,1
862,136,21.055599,8154,2021-06-28 17:17:53,52.1474108,8
863,131,21.018178,8155,2021-06-28 17:17:58,52.2126488,9
864,709,21.0244123,8156,2021-06-28 17:17:58,52.1800476,6
865,308,21.0245526,8158,2021-06-28 17:18:00,52.1891515,01
866,136,20.9832145,8160,2021-06-28 17:17:58,52.1958838,5
867,504,21.0665428,8162,2021-06-28 17:17:50,52.1304623,1
868,331,21.006054,8164,2021-06-28 17:17:55,52.154916,05
869,331,21.0171901,8165,2021-06-28 17:17:58,52.1605386,03
870,709,21.0185745,8166,2021-06-28 17:17:43,52.1152571,9
871,148,20.9958435,8167,2021-06-28 17:17:58,52.1562203,4
872,218,21.0160295,8168,2021-06-28 17:17:58,52.17995,3
873,504,20.991974,8169,2021-06-28 17:17:55,52.225679,5
874,131,21.0508361,8170,2021-06-28 17:17:43,52.1982018,1
875,167,21.0231903,8172,2021-06-28 17:17:57,52.2112756,010
876,143,21.10163,8173,2021-06-28 17:17:52,52.242468,010
877,218,20.9886905,8174,2021-06-28 17:18:01,52.1835993,1
878,727,21.0241491,8175,2021-06-28 17:17:57,52.1799035,4
879,709,21.0188763,8176,2021-06-28 17:17:56,52.0925183,3
880,143,21.164628,8177,2021-06-28 17:17:44,52.261403,5
881,138,21.047535,8178,2021-06-28 17:17:55,52.2470235,7
882,709,21.021329,8181,2021-06-28 17:17:58,52.1765636,7
883,136,20.9654881,8182,2021-06-28 17:17:58,52.2380586,2
884,218,21.000971,8183,2021-06-28 17:17:46,52.188976,4
885,131,21.0841201,8184,2021-06-28 17:17:54,52.1675696,6
886,143,21.0083701,8185,2021-06-28 17:17:51,52.2171141,8
887,217,21.0680031,8187,2021-06-28 17:18:00,52.1698631,4
888,185,21.048051,8188,2021-06-28 17:17:35,52.208815,9
889,504,20.9868385,8189,2021-06-28 17:18:02,52.1817268,7
890,709,21.017533,8190,2021-06-28 17:18:00,52.14679,5
891,131,21.0042935,8192,2021-06-28 17:17:55,52.2296041,4
892,504,21.0351105,8195,2021-06-28 17:17:57,52.1510498,2
893,504,21.068606,8196,2021-06-28 17:17:54,52.129089,013
894,218,21.0243028,8197,2021-06-28 17:17:55,52.1797385,2
895,331,20.9857143,8198,2021-06-28 17:17:59,52.1655618,02
896,174,21.014604,8199,2021-06-28 17:17:54,52.183433,4
897,402,21.0435545,8201,2021-06-28 17:17:45,52.172666,4
898,151,21.115749,8202,2021-06-28 10:44:07,52.233741,05
899,151,21.1175305,8204,2021-06-28 10:20:01,52.2338373,06
900,151,21.083729,8208,2021-06-28 17:18:00,52.230268,2
901,521,21.158141,8214,2021-06-28 17:17:53,52.214489,1
902,125,21.0954148,8216,2021-06-28 17:17:50,52.24384,2
903,182,21.1133325,8218,2021-06-28 17:17:52,52.2357973,013
904,509,20.942113,8220,2021-06-28 17:18:00,52.334478,023
905,182,21.0415198,8222,2021-06-28 17:17:58,52.2238921,2
906,509,21.0018951,8223,2021-06-28 17:17:55,52.291647,024
907,151,21.038856,8225,2021-06-28 17:17:58,52.2227483,06
908,509,20.983311,8228,2021-06-28 17:18:00,52.307791,10
909,521,21.2048636,8229,2021-06-28 17:17:53,52.1593376,2
910,523,21.104244,8231,2021-06-28 17:17:53,52.24658,021
911,162,21.0287146,8233,2021-06-28 17:17:59,52.2491173,014
912,145,21.0883026,8300,2021-06-28 17:17:51,52.2447498,2
913,145,21.009419,8301,2021-06-28 17:17:49,52.29272,9
914,509,21.0445503,8303,2021-06-28 17:17:54,52.2490346,3
915,171,20.954395,8304,2021-06-28 17:18:02,52.237966,010
916,509,21.116975,8305,2021-06-28 09:25:27,52.233583,022
917,117,21.0149708,8306,2021-06-28 17:17:58,52.2305318,3
918,116,20.9248021,8309,2021-06-28 17:18:01,52.2723823,4
919,141,21.075821,8310,2021-06-28 17:17:45,52.23328,2
920,168,21.112698,8311,2021-06-28 17:17:50,52.236261,3
921,151,21.0149471,8312,2021-06-28 17:17:58,52.2172545,3
922,720,21.3192861,8313,2021-06-28 17:17:51,52.1578156,02
923,162,21.035016,8314,2021-06-28 17:17:51,52.2558845,2
924,117,21.005114,8315,2021-06-28 17:17:59,52.2295996,06
925,521,21.0053296,8318,2021-06-28 17:17:49,52.2283143,4
926,185,20.9726203,8319,2021-06-28 17:18:00,52.2816906,11
927,151,21.116836,8320,2021-06-28 09:58:49,52.233566,04
928,162,21.0356348,8322,2021-06-28 17:17:57,52.2226041,5
929,509,21.028881,8323,2021-06-28 17:18:01,52.2567141,9
930,148,21.0468816,8324,2021-06-28 17:17:54,52.1899888,7
931,143,21.005041,8326,2021-06-28 17:17:51,52.216371,1
932,145,21.1352216,8328,2021-06-28 17:18:01,52.2427101,1
933,507,21.0131878,8329,2021-06-28 17:17:53,52.2299901,08
934,148,21.0497451,8330,2021-06-28 17:17:52,52.1877206,2
935,145,21.040488,8332,2021-06-28 17:17:45,52.286956,7
936,523,21.0631803,8333,2021-06-28 17:18:00,52.2285525,12
937,148,21.0419586,8334,2021-06-28 17:17:56,52.1711046,3
938,145,21.0424325,8335,2021-06-28 17:17:58,52.2852321,014
939,143,21.062021,8337,2021-06-28 17:18:01,52.228408,2
940,125,21.196781,8340,2021-06-28 17:17:55,52.208373,4
941,523,20.9262971,8341,2021-06-28 17:17:55,52.240742,5
942,507,21.005335,8342,2021-06-28 17:17:53,52.2295933,1
943,171,21.043356,8343,2021-06-28 17:17:53,52.222873,09
944,502,21.127984,8344,2021-06-28 17:17:51,52.233685,1
945,507,21.07391,8345,2021-06-28 17:18:01,52.2254783,3
946,145,21.0879467,8348,2021-06-28 17:17:59,52.2447667,3
947,507,21.086281,8349,2021-06-28 17:17:53,52.225876,6
948,145,21.123094,8350,2021-06-28 17:17:59,52.263278,012
949,507,21.102403,8351,2021-06-28 17:17:49,52.221986,4
950,502,21.098771,8352,2021-06-28 17:17:55,52.23456,4
951,523,20.948011,8353,2021-06-28 17:17:53,52.238684,2
952,502,21.24339,8354,2021-06-28 17:17:58,52.222228,011
953,523,20.987435,8356,2021-06-28 17:17:46,52.216376,8
954,514,21.20036,8358,2021-06-28 17:17:53,52.2476767,3
955,523,20.907704,8359,2021-06-28 17:17:58,52.254519,3
956,507,21.060655,8360,2021-06-28 17:17:57,52.232835,7
957,202,21.069068,8361,2021-06-28 17:17:58,52.250258,1
958,502,21.217511,8362,2021-06-28 17:18:02,52.214386,2
959,188,21.078929,8363,2021-06-28 17:17:55,52.235631,6
960,138,21.099564,8364,2021-06-28 17:17:49,52.260181,6
961,514,21.0156317,8365,2021-06-28 17:17:46,52.219125,1
962,523,20.897383,8366,2021-06-28 17:17:45,52.259161,4
963,502,21.015508,8368,2021-06-28 17:17:56,52.218679,5
964,145,21.0019133,8398,2021-06-28 17:17:55,52.2898817,013
965,402,21.0522173,8403,2021-06-28 17:17:58,52.1983943,011
966,521,21.193361,8408,2021-06-28 17:17:51,52.1789908,07
967,143,21.0956421,8410,2021-06-28 17:18:02,52.2437711,012
968,523,21.0070665,8414,2021-06-28 17:17:57,52.2172193,13
969,148,21.0843348,8417,2021-06-28 17:17:51,52.2445818,9
970,148,21.101126,8430,2021-06-28 17:18:01,52.240411,010
971,162,21.0293333,8437,2021-06-28 17:17:58,52.2387738,012
972,125,21.0473585,8438,2021-06-28 17:18:03,52.2480065,1
973,162,21.036328,8440,2021-06-28 17:17:58,52.256498,015
974,145,21.091236,8441,2021-06-28 17:17:58,52.286335,6
975,269,21.047684,8442,2021-06-28 17:18:00,52.270248,01
976,723,20.929844,8443,2021-06-28 17:18:00,52.395271,2
977,114,20.935562,8445,2021-06-28 17:18:01,52.304337,5
978,120,21.0615906,8446,2021-06-28 17:18:02,52.3618575,6
979,731,20.934614,8447,2021-06-28 17:18:03,52.372227,3
980,160,20.994263,8448,2021-06-28 17:18:03,52.242294,1
981,132,20.9685739,8449,2021-06-28 17:18:03,52.2719487,04
982,412,21.067335,8450,2021-06-28 17:18:03,52.324116,052
983,112,20.92507,8451,2021-06-28 17:18:03,52.261471,6
984,527,21.056883,8452,2021-06-28 17:18:03,52.321606,06
985,160,20.994282,8453,2021-06-28 17:17:59,52.241444,014
986,160,21.0576364,8454,2021-06-28 17:18:01,52.3199159,4
987,160,21.003433,8455,2021-06-28 17:18:02,52.232166,6
988,132,21.048573,8457,2021-06-28 17:18:03,52.324955,08
989,527,21.055071,8458,2021-06-28 17:18:00,52.275459,055
990,Z26,21.000599,8459,2021-06-28 17:18:02,52.244186,3
991,412,21.0671282,8460,2021-06-28 17:18:00,52.3228957,053
992,120,21.051212,8461,2021-06-28 17:18:02,52.2694092,4
993,414,21.042562,8462,2021-06-28 17:18:02,52.299126,05
994,511,20.9425987,8463,2021-06-28 17:18:02,52.3486364,05
995,509,21.0354166,8465,2021-06-28 17:18:01,52.2543232,2
996,136,20.9607433,8500,2021-06-28 17:17:29,52.2172,3
997,501,21.005258,8501,2021-06-28 17:18:02,52.228788,06
998,138,21.0020183,8502,2021-06-28 17:18:02,52.1941317,9
999,189,20.897046,8503,2021-06-28 17:17:54,52.228168,5
1000,522,21.0336517,8504,2021-06-28 17:17:42,52.2038317,4
1001,401,20.8620517,8505,2021-06-28 17:17:57,52.1903383,2
1002,131,21.048713,8506,2021-06-28 17:17:51,52.206531,7
1003,501,21.048528,8507,2021-06-28 17:17:49,52.177976,4
1004,138,21.001553,8508,2021-06-28 17:18:02,52.194871,2
1005,189,21.029911,8509,2021-06-28 17:17:56,52.173476,1
1006,501,21.03588,8510,2021-06-28 17:17:53,52.201025,1
1007,189,20.998683,8511,2021-06-28 17:17:43,52.179011,027
1008,Z26,20.9742967,8512,2021-06-28 17:17:51,52.2355267,4
1009,186,20.959536,8513,2021-06-28 17:17:57,52.268268,013
1010,733,20.943568,8514,2021-06-28 17:17:58,52.175243,01
1011,Z26,21.02694,8515,2021-06-28 17:17:55,52.2514483,7
1012,522,21.0155583,8516,2021-06-28 17:17:44,52.2209317,2
1013,141,21.082611,8517,2021-06-28 17:17:54,52.240896,10
1014,519,21.0584733,8519,2021-06-28 17:17:50,52.1795517,7
1015,519,21.017116,8520,2021-06-28 17:17:44,52.213616,1
1016,186,20.9562783,8522,2021-06-28 17:17:59,52.2373517,10
1017,733,20.7822717,8523,2021-06-28 17:17:53,52.06732,62
1018,522,21.030445,8525,2021-06-28 17:17:58,52.20663,011
1019,172,20.961353,8526,2021-06-28 17:18:02,52.216581,63
1020,172,21.055518,8528,2021-06-28 17:18:00,52.182279,5
1021,308,21.01833,8530,2021-06-28 17:18:00,52.189255,02
1022,172,20.978081,8532,2021-06-28 17:17:53,52.206676,1
1023,Z26,21.031021,8533,2021-06-28 17:17:53,52.253199,2
1024,138,21.100676,8534,2021-06-28 17:17:54,52.260618,5
1025,522,21.046211,8535,2021-06-28 17:17:58,52.190711,1
1026,172,21.06904,8536,2021-06-28 17:17:56,52.1813867,6
1027,522,21.070061,8537,2021-06-28 17:17:58,52.164318,5
1028,709,21.018088,8539,2021-06-28 17:17:52,52.122324,4
1029,172,21.03065,8540,2021-06-28 17:17:48,52.200974,8
1030,185,21.021864,8541,2021-06-28 17:17:45,52.142676,6
1031,172,21.0081433,8543,2021-06-28 17:17:54,52.1953233,9
1032,519,21.085981,8544,2021-06-28 17:17:55,52.160813,4
1033,522,21.01692,8546,2021-06-28 17:18:02,52.2220733,012
1034,522,21.080006,8547,2021-06-28 17:18:01,52.157653,6
1035,402,21.018423,8548,2021-06-28 17:17:38,52.173484,010
1036,186,20.963779,8549,2021-06-28 17:18:01,52.215618,015
1037,186,20.942238,8550,2021-06-28 17:17:54,52.335113,016
1038,709,21.02176,8551,2021-06-28 17:17:49,52.077916,10
1039,136,21.02344,8552,2021-06-28 17:17:58,52.155859,10
1040,Z26,20.9788233,8555,2021-06-28 17:18:03,52.236635,5
1041,519,21.0029767,8556,2021-06-28 17:17:51,52.2293317,6
1042,Z26,20.979666,8558,2021-06-28 17:17:48,52.237401,08
1043,217,21.067835,8559,2021-06-28 17:17:53,52.1697233,06
1044,519,21.020904,8560,2021-06-28 17:17:55,52.211371,2
1045,411,21.066804,8561,2021-06-28 17:17:45,52.226281,02
1046,521,21.2063017,8562,2021-06-28 17:17:50,52.160115,09
1047,402,21.134801,8563,2021-06-28 17:17:59,52.241031,2
1048,521,21.096583,8564,2021-06-28 17:18:00,52.243581,08
1049,502,21.018045,8565,2021-06-28 17:17:52,52.2174883,014
1050,502,21.05064,8566,2021-06-28 17:17:49,52.225679,6
1051,402,21.0673383,8567,2021-06-28 17:18:01,52.2027917,014
1052,509,21.091886,8568,2021-06-28 17:17:50,52.225123,021
1053,171,20.9728017,8569,2021-06-28 17:17:52,52.2373017,2
1054,411,21.015689,8571,2021-06-28 17:17:42,52.219394,03
1055,E-1,21.0446267,8572,2021-06-28 17:17:58,52.2466883,04
1056,202,21.08034,8573,2021-06-28 17:17:46,52.250455,2
1057,411,21.115896,8574,2021-06-28 10:20:57,52.233514,01
1058,720,21.246041,8576,2021-06-28 17:17:50,52.222961,1
1059,162,21.0333983,8578,2021-06-28 17:17:51,52.2503067,4
1060,125,21.1151917,8579,2021-06-28 17:17:30,52.2393683,09
1061,731,20.965856,8583,2021-06-28 17:17:48,52.330838,5
1062,269,21.043145,8584,2021-06-28 17:17:54,52.28537,02
1063,269,21.04175,8585,2021-06-28 17:18:00,52.300431,03
1064,514,21.1566867,8586,2021-06-28 17:17:51,52.25593,2
1065,523,21.115558,8587,2021-06-28 08:55:25,52.233753,3
1066,145,21.0984383,8588,2021-06-28 17:18:02,52.2432467,016
1067,514,21.063618,8589,2021-06-28 17:17:46,52.228696,4
1068,502,21.216045,8590,2021-06-28 17:17:45,52.2239517,3
1069,507,21.050074,8592,2021-06-28 17:17:52,52.237966,2
1070,145,21.074878,8593,2021-06-28 17:18:01,52.287318,10
1071,138,21.021271,8595,2021-06-28 17:17:46,52.209421,8
1072,186,20.95623,8801,2021-06-28 17:17:58,52.2370258,11
1073,185,21.0082143,8802,2021-06-28 17:17:58,52.2593513,1
1074,727,21.0238911,8803,2021-06-28 17:18:01,52.0683016,1
1075,217,21.0430091,8804,2021-06-28 17:17:50,52.1756893,3
1076,185,21.038706,8805,2021-06-28 17:17:51,52.161818,4
1077,402,21.045842,8806,2021-06-28 17:18:00,52.1865885,8
1078,131,21.0164686,8808,2021-06-28 17:17:50,52.2227528,3
1079,709,21.0237698,8809,2021-06-28 17:17:58,52.0811531,2
1080,174,21.0141491,8810,2021-06-28 17:18:00,52.1949068,1
1081,165,20.999696,8811,2021-06-28 17:17:56,52.1729511,3
1082,167,21.005746,8812,2021-06-28 17:17:51,52.214056,011
1083,402,21.156068,8813,2021-06-28 17:17:25,52.240331,1
1084,167,20.925831,8814,2021-06-28 17:17:46,52.234011,2
1085,167,20.9644245,8816,2021-06-28 17:18:02,52.215416,3
1086,308,20.995615,8817,2021-06-28 17:17:56,52.183111,03
1087,504,21.049928,8818,2021-06-28 17:17:52,52.136943,9
1088,331,21.0241168,8819,2021-06-28 17:17:50,52.1798773,04
1089,522,21.081023,8820,2021-06-28 17:18:02,52.1579705,014
1090,174,21.0074325,8821,2021-06-28 17:17:57,52.2103674,08
1091,174,21.0030398,8822,2021-06-28 17:17:57,52.170537,5
1092,522,21.0591935,8823,2021-06-28 17:17:58,52.1783525,015
1093,709,21.0223818,8825,2021-06-28 17:17:59,52.0833378,012
1094,504,21.024168,8826,2021-06-28 17:17:54,52.1517081,8
1095,143,21.1605116,8828,2021-06-28 17:17:59,52.2587685,4
1096,509,21.0680111,8829,2021-06-28 17:17:51,52.2257731,4
1097,523,21.1066681,8830,2021-06-28 17:18:02,52.247878,11
1098,125,21.1696203,8831,2021-06-28 17:17:56,52.2105265,5
1099,171,20.933355,8832,2021-06-28 17:17:58,52.2704963,7
1100,141,21.049478,8833,2021-06-28 17:17:51,52.202678,9
1101,704,21.3337943,8834,2021-06-28 17:18:00,52.2143346,2
1102,521,20.9645425,8835,2021-06-28 17:17:58,52.2073813,5
1103,182,21.0866745,8837,2021-06-28 17:18:00,52.2360555,6
1104,182,20.963345,8838,2021-06-28 17:17:52,52.217276,010
1105,704,21.098836,8839,2021-06-28 17:17:47,52.243103,1
1106,185,21.0258583,8840,2021-06-28 17:17:53,52.1424515,5
1107,125,21.0732173,8841,2021-06-28 17:17:46,52.2458805,6
1108,521,21.126815,8843,2021-06-28 17:17:54,52.233491,3
1109,185,21.03915,8844,2021-06-28 17:17:52,52.2327471,2
1110,402,21.0190891,8845,2021-06-28 17:18:01,52.1733941,013
1111,143,21.1195388,8846,2021-06-28 17:17:59,52.2377231,3
1112,143,21.1262931,8847,2021-06-28 17:18:00,52.2344758,6
1113,125,21.1902848,8849,2021-06-28 17:17:53,52.2072866,3
1114,521,21.0023078,8850,2021-06-28 17:17:55,52.2279863,6
1115,523,21.081706,8851,2021-06-28 17:17:45,52.239861,019
1116,141,21.04218,8852,2021-06-28 17:17:51,52.2021765,3
1117,125,21.0411563,8853,2021-06-28 17:17:56,52.2414491,7
1118,509,21.0512678,8854,2021-06-28 17:17:53,52.2391545,8
1119,402,20.993579,8855,2021-06-28 17:17:53,52.1787286,6
1120,512,21.050138,8856,2021-06-28 17:17:50,52.285761,1
1121,509,20.949101,8857,2021-06-28 17:17:56,52.320106,12
1122,169,21.042295,8858,2021-06-28 17:17:58,52.2997411,1
1123,112,21.060616,8859,2021-06-28 17:17:57,52.305173,4
1124,512,21.051977,8861,2021-06-28 17:17:53,52.2528645,4
1125,412,21.0784486,8862,2021-06-28 17:17:54,52.2905583,04
1126,738,21.1979631,8864,2021-06-28 17:17:52,52.4042901,05
1127,500,21.0459893,8865,2021-06-28 10:43:17,52.2651186,08
1128,169,21.0370783,8866,2021-06-28 17:18:02,52.2686681,5
1129,162,21.0551516,8867,2021-06-28 17:17:52,52.1940238,1
1130,190,20.9329705,8868,2021-06-28 17:17:47,52.2402061,5
1131,190,21.063258,8869,2021-06-28 17:17:52,52.272128,023
1132,190,20.9932276,8871,2021-06-28 17:17:55,52.2422413,025
1133,190,21.0335006,8872,2021-06-28 17:17:54,52.2541825,026
1134,738,21.0693911,8873,2021-06-28 17:17:55,52.2798968,06
1135,500,20.9905991,8874,2021-06-28 17:17:42,52.2571551,3
1136,190,20.9635548,8875,2021-06-28 17:17:53,52.2375456,4
1137,162,21.0275503,8876,2021-06-28 17:17:58,52.2596246,3
1138,512,21.066303,8878,2021-06-28 17:17:52,52.2893256,06
1139,509,21.021789,8879,2021-06-28 17:17:59,52.262886,1
1140,709,20.996574,8880,2021-06-25 18:58:33,52.18762,016
1141,186,20.986953,8881,2021-06-28 17:17:47,52.305469,014
1142,165,21.0103038,8882,2021-06-28 17:17:58,52.1789183,2
1143,175,21.0179625,8883,2021-06-28 17:18:01,52.2367748,64
1144,180,20.925059,8885,2021-06-28 17:18:02,52.272481,5
1145,167,21.03161,8886,2021-06-28 17:17:54,52.207053,5
1146,189,21.054917,8887,2021-06-28 17:18:02,52.181291,021
1147,128,20.9858731,8888,2021-06-28 17:17:58,52.205076,61
1148,504,20.98629,8891,2021-06-28 17:17:42,52.205371,012
1149,165,21.023811,8892,2021-06-28 17:17:51,52.179876,1
1150,180,20.966975,8893,2021-06-28 17:17:56,52.257131,53
1151,217,21.024156,8894,2021-06-28 17:17:58,52.179713,05
1152,136,21.0558531,8895,2021-06-28 17:17:50,52.1474918,015
1153,174,20.9983823,8896,2021-06-28 17:17:58,52.2327271,07
1154,180,21.020023,8897,2021-06-28 17:17:46,52.232741,015
1155,167,21.0834006,8898,2021-06-28 17:17:45,52.2082666,7
1156,504,21.0010558,8899,2021-06-28 17:17:51,52.2275741,6
1157,161,21.224825,9061,2021-06-28 17:18:00,52.186672,2
1158,161,21.180567,9063,2021-06-28 17:18:01,52.17247,3
1159,262,21.087412,9064,2021-06-28 17:18:04,52.286541,03
1160,314,21.048073,9065,2021-06-28 17:18:03,52.327427,04
1161,314,20.962202,9066,2021-06-28 17:18:00,52.314899,02
1162,104,21.000214,9068,2021-06-28 17:18:00,52.29147,2
1163,161,21.18347,9070,2021-06-28 17:18:01,52.184181,1
1164,225,21.130018,9071,2021-06-28 17:18:02,52.251095,2
1165,225,21.135382,9074,2021-06-28 17:18:04,52.242531,4
1166,225,21.167929,9075,2021-06-28 17:18:02,52.276466,3
1167,211,20.945848,9077,2021-06-28 17:18:02,52.350719,08
1168,314,21.03557,9078,2021-06-28 17:18:02,52.326271,01
1169,262,21.053669,9080,2021-06-28 17:17:59,52.27636,1
1170,104,21.039566,9081,2021-06-28 17:18:02,52.308144,1
1171,314,20.966202,9082,2021-06-28 17:17:59,52.318855,03
1172,262,21.083771,9083,2021-06-28 17:18:02,52.286514,2
1173,225,21.102457,9088,2021-06-28 17:18:02,52.22279,1
1174,211,20.942472,9090,2021-06-28 17:17:58,52.332344,2
1175,211,20.961958,9091,2021-06-28 17:17:59,52.315582,07
1176,305,21.174463,9093,2021-06-28 17:18:01,52.224545,1
1177,900,20.959692,9094,2021-06-28 17:18:01,52.350918,1
1178,133,20.955973,9201,2021-06-28 17:18:03,52.330868,2
1179,207,20.870474,9202,2021-06-28 17:18:03,52.183353,03
1180,164,21.086383,9203,2021-06-28 17:17:58,52.160318,05
1181,809,21.017633,9205,2021-06-28 17:17:57,52.141087,51
1182,809,21.015957,9206,2021-06-28 17:17:57,52.121605,52
1183,239,21.037907,9208,2021-06-28 17:18:00,52.154327,54
1184,211,21.000942,9209,2021-06-28 17:18:01,52.292152,4
1185,177,20.880993,9210,2021-06-28 17:17:56,52.204571,3
1186,211,20.941224,9213,2021-06-28 17:18:02,52.34133,6
1187,219,21.1486,9215,2021-06-28 17:17:56,52.186821,3
1188,208,20.948806,9216,2021-06-28 17:18:02,52.209431,1
1189,234,21.066921,9217,2021-06-28 17:18:00,52.338718,1
1190,209,21.037703,9218,2021-06-28 17:18:00,52.153877,057
1191,234,21.014103,9219,2021-06-28 17:18:01,52.310349,2
1192,203,20.922552,9220,2021-06-28 17:18:02,52.27681,1
1193,249,20.897545,9221,2021-06-28 17:18:00,52.239468,1
1194,211,20.941448,9223,2021-06-28 17:18:03,52.355331,1
1195,201,20.932592,9224,2021-06-28 17:17:59,52.253262,3
1196,208,20.965494,9225,2021-06-28 17:17:59,52.214916,04
1197,208,20.969275,9226,2021-06-28 17:17:59,52.203068,05
1198,208,20.949295,9227,2021-06-28 17:18:01,52.202892,2
1199,219,21.105301,9228,2021-06-28 17:18:03,52.221691,2
1200,219,21.166197,9229,2021-06-28 17:17:57,52.203716,1
1201,201,20.93659,9230,2021-06-28 17:18:00,52.234829,2
1202,239,21.015686,9232,2021-06-28 17:17:55,52.153255,056
1203,264,21.098969,9233,2021-06-28 17:17:56,52.123379,1
1204,203,20.929264,9234,2021-06-28 17:18:01,52.290817,2
1205,201,20.925024,9235,2021-06-28 17:17:56,52.260471,5
1206,201,20.924961,9236,2021-06-28 17:17:58,52.260548,4
1207,209,20.981045,9237,2021-06-28 17:18:00,52.13287,055
1208,208,20.975569,9238,2021-06-28 17:18:02,52.210236,03
1209,207,20.907843,9239,2021-06-28 17:17:58,52.19186,02
1210,177,20.89752,9240,2021-06-28 17:18:03,52.184364,1
1211,133,20.952291,9241,2021-06-28 17:17:56,52.316902,3
1212,211,20.970846,9243,2021-06-28 17:18:01,52.310364,5
1213,207,20.886354,9244,2021-06-28 17:18:02,52.195641,01
1214,164,21.138203,9246,2021-06-28 17:17:56,52.145855,04
1215,201,20.929373,9247,2021-06-28 17:18:01,52.233829,1
1216,177,20.866747,9248,2021-06-28 17:18:03,52.198414,2
1217,164,21.057209,9250,2021-06-28 17:17:56,52.193035,3
1218,164,21.138233,9251,2021-06-28 17:17:59,52.145935,2
1219,164,21.084763,9252,2021-06-28 17:18:01,52.162857,1
1220,211,20.960361,9254,2021-06-28 17:18:00,52.324024,09
1221,199,21.178125,9301,2021-06-28 17:17:59,52.268433,06
1222,739,21.027405,9302,2021-06-28 17:18:00,52.098232,2
1223,739,21.023741,9304,2021-06-28 17:17:58,52.179996,3
1224,179,21.024824,9311,2021-06-28 16:18:03,52.142769,10
1225,123,21.061674,9312,2021-06-28 17:17:56,52.232536,08
1226,179,21.045624,9313,2021-06-28 17:18:01,52.150043,11
1227,153,21.160458,9314,2021-06-28 17:17:58,52.257393,2
1228,179,21.068615,9315,2021-06-28 17:18:02,52.128952,2
1229,135,21.040247,9316,2021-06-28 17:18:00,52.266312,3
1230,135,21.098667,9317,2021-06-28 17:18:02,52.236618,6
1231,135,21.062719,9318,2021-06-28 17:18:03,52.246552,2
1232,135,21.082357,9319,2021-06-28 17:18:02,52.230347,1
1233,179,21.057518,9320,2021-06-28 17:17:57,52.151642,4
1234,179,21.031921,9321,2021-06-28 17:18:01,52.142292,5
1235,123,21.055801,9322,2021-06-28 17:18:02,52.238537,5
1236,135,21.027666,9323,2021-06-28 17:18:02,52.260479,07
1237,179,21.021374,9324,2021-06-28 17:18:01,52.157925,9
1238,179,21.06616,9325,2021-06-28 17:17:59,52.1423,51
1239,256,21.080971,9326,2021-06-28 17:18:02,52.277401,2
1240,142,21.086502,9327,2021-06-28 17:18:02,52.244774,3
1241,179,21.036972,9328,2021-06-28 17:17:59,52.162098,8
1242,153,21.170351,9329,2021-06-28 17:18:02,52.276924,04
1243,123,21.0773959,9331,2021-06-28 09:44:24,52.2687066,07
1244,123,21.077486,9332,2021-06-28 15:39:21,52.268074,08
1245,142,21.242046,9333,2021-06-28 17:18:00,52.169834,5
1246,739,21.047382,9334,2021-06-28 17:18:01,52.087551,1
1247,153,21.171055,9335,2021-06-28 17:18:00,52.25703,3
1248,135,21.083036,9336,2021-06-28 17:17:59,52.240017,5
1249,739,21.0771987,9337,2021-06-28 16:56:14,52.2682345,2
1250,179,21.037111,9338,2021-06-28 17:17:56,52.154583,6
1251,256,21.084972,9339,2021-06-28 17:17:58,52.2738,1
1252,153,21.170078,9340,2021-06-28 17:18:01,52.276871,1
1253,142,21.150242,9341,2021-06-28 17:18:00,52.178932,4
1254,739,21.017927,9342,2021-06-28 17:17:59,52.153278,4
1255,256,21.06662,9343,2021-06-28 17:18:03,52.324299,4
1256,135,21.104794,9344,2021-06-28 17:18:01,52.245735,08
1257,739,21.01907,9345,2021-06-28 17:18:03,52.098469,05
1258,179,21.021162,9346,2021-06-28 17:18:00,52.161663,7
1259,135,21.037016,9347,2021-06-28 17:18:02,52.252022,4
1260,123,21.045334,9348,2021-06-28 17:18:01,52.250698,09
1261,179,21.056797,9349,2021-06-28 17:18:00,52.139721,3
1262,123,21.096468,9350,2021-06-28 17:18:00,52.243721,357
1263,142,21.187548,9351,2021-06-28 17:18:01,52.172001,1
1264,123,21.094635,9352,2021-06-28 17:17:59,52.229141,6
1265,739,21.050055,9353,2021-06-28 17:18:01,52.090111,06
1266,123,21.083969,9354,2021-06-28 17:18:03,52.245808,07
1267,199,21.071072,9355,2021-06-28 17:17:59,52.28194,05
1268,256,21.04818,9356,2021-06-28 17:18:03,52.287731,3
1269,142,21.110483,9357,2021-06-28 17:18:03,52.240494,2
1270,142,21.077633,9358,2021-06-28 16:02:28,52.267822,4
1271,256,21.062365,9359,2021-06-28 17:17:57,52.310299,5
1272,176,20.986805,9403,2021-06-28 17:18:04,52.342636,1
1273,176,20.978804,9405,2021-06-28 17:18:03,52.35038,05
1274,176,20.98218,9412,2021-06-28 17:17:59,52.355637,3
1275,197,20.942316,9413,2021-06-28 17:17:59,52.229877,012
1276,197,20.94511,9414,2021-06-28 17:18:00,52.239086,014
1277,103,20.92704,9415,2021-06-28 17:18:00,52.290199,2
1278,102,21.001936,9416,2021-06-28 17:17:59,52.234463,3
1279,157,20.985641,9417,2021-06-28 17:18:01,52.269833,7
1280,712,20.863287,9418,2021-06-28 17:18:00,52.274963,02
1281,516,20.983786,9420,2021-06-28 17:18:01,52.308079,5
1282,157,20.9851,9423,2021-06-28 17:18:03,52.250885,1
1283,103,20.946001,9424,2021-06-28 17:18:02,52.266518,4
1284,123,21.053942,9425,2021-06-28 17:17:59,52.250538,1
1285,157,20.963959,9426,2021-06-28 17:18:00,52.208,3
1286,157,20.970627,9427,2021-06-28 17:18:01,52.210606,4
1287,157,20.976561,9428,2021-06-28 17:18:01,52.28714,9
1288,103,20.968712,9429,2021-06-28 17:18:00,52.222069,6
1289,157,20.987341,9432,2021-06-28 17:18:02,52.267853,10
1290,743,20.840313,9433,2021-06-28 17:18:03,52.229294,02
1291,176,21.020746,9434,2021-06-28 17:17:59,52.288181,04
1292,516,21.000937,9435,2021-06-28 17:18:02,52.291172,1
1293,157,20.98061,9436,2021-06-28 17:18:02,52.216511,2
1294,157,20.984604,9437,2021-06-28 17:17:58,52.25082,6
1295,197,20.932688,9438,2021-06-28 17:18:00,52.257595,011
1296,197,20.949961,9439,2021-06-28 17:18:00,52.280613,016
1297,516,20.943495,9440,2021-06-28 17:18:02,52.339214,3
1298,123,21.096691,9441,2021-06-28 17:17:59,52.221111,3
1299,103,20.965189,9442,2021-06-28 17:18:02,52.236572,5
1300,102,21.074337,9443,2021-06-28 17:18:00,52.249477,1
1301,103,20.945202,9444,2021-06-28 17:18:00,52.295063,3
1302,103,20.965254,9445,2021-06-28 17:18:00,52.237503,7
1303,103,20.928017,9446,2021-06-28 17:17:59,52.289761,1
1304,123,21.051111,9447,2021-06-28 17:18:00,52.252556,4
1305,157,20.992283,9448,2021-06-28 17:18:03,52.232456,011
1306,516,20.940136,9449,2021-06-28 17:18:02,52.32114,4
1307,102,21.045948,9450,2021-06-28 17:18:02,52.235424,2
1308,157,20.990036,9451,2021-06-28 17:18:01,52.225273,5
1309,157,20.976669,9452,2021-06-28 17:18:03,52.289852,8
1310,176,21.021484,9453,2021-06-28 17:17:59,52.286575,2
1311,197,20.9508,9454,2021-06-28 17:18:03,52.271805,015
1312,712,20.903791,9455,2021-06-28 17:17:59,52.283768,1
1313,743,20.801806,9456,2021-06-28 17:17:57,52.225208,1
1314,197,20.931032,9457,2021-06-28 17:18:00,52.225281,013
1315,103,20.953257,9458,2021-06-28 17:18:02,52.282787,8
1316,194,20.930899667,9501,2021-06-28 17:18:00,52.225011,5
1317,707,20.990914167,9502,2021-06-28 17:18:02,52.081979333,1
1318,159,21.012576333,9503,2021-06-28 17:18:02,52.222680167,1
1319,103,20.968282667,9505,2021-06-28 17:18:00,52.222069667,09
1320,103,20.961884333,9506,2021-06-28 17:18:00,52.2588325,011
1321,220,20.897135167,9509,2021-06-28 17:18:00,52.220990667,3
1322,194,20.8609245,9510,2021-06-28 17:18:04,52.207646833,06
1323,737,20.897806167,9511,2021-06-28 17:18:02,52.056444667,56
1324,220,20.897737167,9513,2021-06-28 17:18:02,52.257654667,5
1325,715,20.979335333,9514,2021-06-28 17:18:00,52.113321833,53
1326,181,20.901279667,9515,2021-06-28 17:18:03,52.297652833,2
1327,737,21.018291833,9516,2021-06-28 17:18:04,52.128592833,54
1328,149,20.9306635,9518,2021-06-28 17:18:00,52.240332833,06
1329,149,20.940194,9519,2021-06-28 17:18:00,52.2466305,2
1330,159,20.965471333,9520,2021-06-28 17:18:01,52.217899,8
1331,715,21.027139333,9521,2021-06-28 17:18:03,52.151417833,1
1332,220,20.925135,9522,2021-06-28 17:18:01,52.260784333,4
1333,220,20.898421167,9523,2021-06-28 17:18:00,52.253623667,07
1334,220,20.905832667,9524,2021-06-28 17:18:01,52.188536167,2
1335,194,20.8648705,9525,2021-06-28 17:18:04,52.190890167,3
1336,181,20.938232833,9526,2021-06-28 17:18:02,52.302505667,1
1337,715,20.943428667,9528,2021-06-28 17:18:01,52.176263333,058
1338,715,21.0370855,9529,2021-06-28 17:18:00,52.162023833,52
1339,707,20.933508667,9530,2021-06-28 17:18:00,52.165924167,03
1340,159,21.045837167,9531,2021-06-28 17:18:01,52.2159985,4
1341,194,20.930676167,9532,2021-06-28 17:18:04,52.225025,1
1342,181,20.985406667,9533,2021-06-28 17:18:01,52.269890167,4
1343,181,20.950600667,9534,2021-06-28 17:18:04,52.2895495,3
1344,159,20.954898167,9535,2021-06-28 17:18:03,52.211693667,7
1345,159,20.956813,9537,2021-06-28 17:18:02,52.214798,6
1346,737,21.036932,9539,2021-06-28 17:18:00,52.161967833,059
1347,220,20.918636,9540,2021-06-28 17:18:01,52.175286167,1
1348,220,20.898172,9542,2021-06-28 17:18:01,52.1956165,6
1349,737,21.016467,9544,2021-06-28 17:18:04,52.111043167,07
1350,220,20.896704333,9545,2021-06-28 17:18:02,52.235314333,08
1351,149,20.897902667,9546,2021-06-28 17:17:18,52.249340333,5
1352,220,20.943816833,9548,2021-06-28 17:18:04,52.1753665,09
1353,149,20.940326833,9550,2021-06-28 17:18:00,52.246682167,1
1354,715,20.963063333,9551,2021-06-28 17:18:00,52.128147,55
1355,149,20.920586667,9552,2021-06-28 17:18:00,52.240080167,3
1356,194,20.872414333,9554,2021-06-28 17:18:04,52.194997167,07
1357,194,20.9163485,9555,2021-06-28 17:18:02,52.2192435,2
1358,159,21.077703167,9556,2021-06-28 17:15:34,52.190458167,3
1359,149,20.890885333,9557,2021-06-28 17:17:59,52.250406667,4
1360,194,20.900296667,9558,2021-06-28 17:18:04,52.2083275,4
1361,159,21.004317,9560,2021-06-28 17:17:56,52.2231835,5
1362,159,21.0484645,9561,2021-06-28 17:18:03,52.2072005,2
1363,118,21.002476,9671,2021-06-28 17:18:01,52.267323,2
1364,118,21.015734,9672,2021-06-28 17:18:01,52.223167,5
1365,326,21.06188,9673,2021-06-28 17:17:58,52.361694,04
1366,118,21.041321,9674,2021-06-28 17:18:02,52.300106,8
1367,152,20.952415,9676,2021-06-28 17:18:01,52.317039,5
1368,212,21.027142,9677,2021-06-28 17:17:59,52.259594,06
1369,118,20.991478,9678,2021-06-28 17:18:01,52.28109,7
1370,118,21.041372,9679,2021-06-28 17:18:00,52.300205,1
1371,326,20.969095,9680,2021-06-28 17:17:57,52.27235,02
1372,152,20.968351,9681,2021-06-28 17:18:03,52.332355,2
1373,212,21.056274,9682,2021-06-28 17:18:01,52.298069,5
1374,152,21.059629,9683,2021-06-28 17:18:01,52.316486,4
1375,212,21.057142,9684,2021-06-28 17:18:01,52.301876,1
1376,212,21.064999,9685,2021-06-28 17:18:03,52.274078,2
1377,326,21.036802,9686,2021-06-28 17:18:03,52.358139,05
1378,326,21.029959,9688,2021-06-28 17:18:00,52.332863,03
1379,118,21.015614,9689,2021-06-28 17:18:02,52.219265,4
1380,212,21.03072,9690,2021-06-28 17:17:57,52.266502,3
1381,326,20.999126,9692,2021-06-28 17:18:01,52.294498,01
1382,212,21.057394,9693,2021-06-28 17:18:03,52.270973,4
1383,152,20.960278,9695,2021-06-28 17:18:02,52.316593,1
1384,118,21.031296,9696,2021-06-28 17:18:02,52.235813,6
1385,118,21.021317,9697,2021-06-28 17:17:59,52.244465,3
1386,152,20.966619,9698,2021-06-28 17:18:03,52.331829,3
1387,710,21.026484,9801,2021-06-28 17:18:03,52.075558,4
1388,525,21.046963,9802,2021-06-28 17:17:59,52.224998,1
1389,184,20.934666,9803,2021-06-28 17:18:00,52.272099,069
1390,127,21.019157,9804,2021-06-28 17:18:03,52.24646,56
1391,710,21.067722,9805,2021-06-28 17:17:55,52.129318,2
1392,525,21.003317,9807,2021-06-28 17:17:56,52.228222,319
1393,109,20.954243,9809,2021-06-28 17:18:03,52.227886,07
1394,710,21.011255,9810,2021-06-28 17:17:58,52.074215,5
1395,719,20.771366,9812,2021-06-28 17:17:57,52.256432,3
1396,109,20.995146,9813,2021-06-28 16:59:50,52.232382,08
1397,Z10,20.922554,9814,2021-06-28 17:17:58,52.259636,2
1398,525,21.181253,9815,2021-06-28 17:18:04,52.206905,09
1399,742,21.103636,9816,2021-06-28 17:17:58,52.120716,1
1400,719,20.847931,9818,2021-06-28 17:18:01,52.247761,04
1401,719,20.905563,9820,2021-06-28 17:18:01,52.239178,2
1402,710,21.131428,9821,2021-06-28 17:17:56,52.093929,1
1403,525,21.101055,9822,2021-06-28 17:17:57,52.234524,010
1404,184,20.973109,9823,2021-06-28 17:17:58,52.218495,010
1405,525,21.08108,9825,2021-06-28 17:18:01,52.235579,5
1406,525,21.003859,9826,2021-06-28 17:18:02,52.229664,7
1407,185,21.048717,9827,2021-06-28 17:18:04,52.177839,8
1408,127,21.018087,9828,2021-06-28 17:18:00,52.231289,4
1409,525,21.015038,9829,2021-06-28 17:18:03,52.217663,6
1410,Z10,20.930464,9830,2021-06-28 17:18:01,52.224911,8
1411,710,21.117821,9831,2021-06-28 17:18:04,52.094059,3
1412,127,20.925634,9833,2021-06-28 17:17:42,52.203598,1
1413,525,21.128357,9834,2021-06-28 17:18:01,52.232697,4
1414,742,21.165157,9835,2021-06-28 17:18:01,52.052635,02
1415,525,21.196636,9836,2021-06-28 17:17:56,52.208298,3
1416,185,20.972301,9837,2021-06-28 17:17:59,52.282471,12
1417,525,21.165459,9838,2021-06-28 17:17:57,52.214722,2
1418,127,21.019951,9840,2021-06-28 17:17:56,52.245747,6
1419,724,21.084282,9841,2021-06-28 17:18:02,52.130703,02
1420,127,21.014637,9843,2021-06-28 17:18:04,52.23037,7
1421,127,20.930365,9845,2021-06-28 17:18:02,52.202595,3
1422,Z10,20.915119,9846,2021-06-28 17:17:59,52.23201,6
1423,Z10,20.914078,9847,2021-06-28 17:17:59,52.236645,4
1424,109,21.042395,9849,2021-06-28 17:17:58,52.22155,6
1425,109,21.004429,9851,2021-06-28 17:18:01,52.230644,5
1426,109,20.907532,9852,2021-06-28 17:18:01,52.239056,4
1427,109,21.000097,9853,2021-06-28 17:17:57,52.230064,1
1428,127,20.972914,9854,2021-06-28 17:17:59,52.220387,335
1429,186,20.963814,9901,2021-06-28 17:18:00,52.20784,1
1430,210,20.798214,9902,2021-06-28 17:18:02,52.296558,5
1431,140,21.115326,9903,2021-06-28 17:17:59,52.360558,04
1432,520,21.143261,9905,2021-06-28 17:18:02,52.237453,011
1433,520,21.148779,9906,2021-06-28 17:17:59,52.238495,3
1434,140,21.055859,9907,2021-06-28 17:18:04,52.275299,08
1435,140,21.081568,9908,2021-06-28 17:18:01,52.294662,09
1436,140,21.12624,9909,2021-06-28 17:17:59,52.361279,2
1437,719,20.921877,9912,2021-06-28 17:18:03,52.240124,05
1438,520,21.052616,9913,2021-06-28 17:18:03,52.226158,08
1439,520,21.002075,9914,2021-06-28 17:18:01,52.243141,09
1440,520,21.007902,9915,2021-06-28 17:18:01,52.235935,6
1441,520,21.122355,9916,2021-06-28 17:18:00,52.232452,4
1442,193,20.995419,9918,2021-06-28 17:18:04,52.170174,2
1443,193,21.02117,9919,2021-06-28 17:18:01,52.173157,3
1444,140,21.120375,9920,2021-06-28 17:18:01,52.341503,05
1445,140,21.071167,9921,2021-06-28 17:18:02,52.281685,06
1446,520,21.066023,9922,2021-06-28 17:18:02,52.229313,5
1447,193,21.036507,9923,2021-06-28 17:18:03,52.154999,4
1448,140,21.052858,9924,2021-06-28 17:18:01,52.276814,07
1449,193,21.001873,9926,2021-06-28 17:18:02,52.170017,1
1450,520,21.018213,9927,2021-06-28 17:18:00,52.217533,010
1451,140,21.08827,9928,2021-06-28 17:18:03,52.30246,3
1452,186,20.973686,9929,2021-06-28 17:18:01,52.205215,12
1453,193,21.03688,9930,2021-06-28 17:18:02,52.161961,5
1454,186,20.988846,9932,2021-06-28 17:18:00,52.303635,4
1455,520,21.113649,9933,2021-06-28 17:18:04,52.233089,2
1456,186,20.963779,9934,2021-06-28 17:18:02,52.207779,2
1457,520,21.013197,9935,2021-06-28 17:18:02,52.227688,1
1458,186,20.942234,9936,2021-06-28 17:17:59,52.333992,6
1459,520,21.009317,9937,2021-06-28 17:17:59,52.234207,7
1460,186,20.955645,9940,2021-06-28 17:18:00,52.235001,3
1461,186,20.940683,9941,2021-06-28 17:18:02,52.326744,8
1462,210,20.920984,9942,2021-06-28 17:18:00,52.281952,4
1463,109,20.951389,9943,2021-06-28 17:18:00,52.228439,2
1464,186,20.973724,9945,2021-06-28 17:18:03,52.31889,9
1465,210,20.928251,9946,2021-06-28 17:18:01,52.291107,3
1466,109,20.908804,9948,2021-06-28 17:18:03,52.238956,3
1467,210,20.767359,9949,2021-06-28 17:18:01,52.307808,1
1468,210,20.866056,9950,2021-06-28 17:18:04,52.288704,2
1469,186,20.964756,9951,2021-06-28 17:18:01,52.318169,5
1470,186,20.994007,9953,2021-06-28 17:18:03,52.286579,67
1471,140,21.110411,9954,2021-06-28 17:18:02,52.329685,1
1472,o97B,21.423098,9999,2021-06-28 14:27:55,50.302967,7
