,Lines,Lon,VehicleNumber,Time,Lat,Brigade
0,213,21.2139013,1001,2021-06-28 18:44:19,52.1616223,1
1,213,21.188786,1003,2021-06-28 18:44:17,52.149839,05
2,213,21.0926403,1004,2021-06-28 18:44:17,52.2254245,3
3,196,21.163653,1005,2021-06-28 18:44:19,52.260763,2
4,196,21.176271,1008,2021-06-28 18:44:22,52.256771,03
5,213,21.156585,1009,2021-06-28 18:44:15,52.2139998,4
6,213,21.213013,1010,2021-06-28 18:44:20,52.182564,2
7,311,21.102327,1012,2021-06-28 18:44:18,52.2224406,1
8,196,21.176391,1014,2021-06-28 18:44:03,52.262019,1
9,311,21.0741861,1015,2021-06-28 18:44:17,52.2520496,2
10,365,21.0029842,1021,2021-06-28 18:44:22,52.1782029,01
11,107,20.9777867,1023,2021-06-28 18:44:20,52.2442756,3
12,163,21.0547802,1025,2021-06-28 18:44:22,52.1811789,2
13,107,21.0458639,1026,2021-06-28 18:44:20,52.2189321,5
14,108,21.023888,1027,2021-06-28 18:44:22,52.17976,1
15,108,21.0746461,1028,2021-06-28 18:44:22,52.2072734,5
16,108,21.043602,1029,2021-06-28 18:44:20,52.175297,6
17,365,21.0239205,1031,2021-06-28 18:44:22,52.1798375,02
18,108,21.0231505,1033,2021-06-28 18:44:22,52.2288199,4
19,163,21.097004,1034,2021-06-28 18:44:22,52.185932,1
20,192,21.0246075,1037,2021-06-28 18:44:22,52.1792577,7
21,108,21.040886,1038,2021-06-28 18:44:16,52.216611,3
22,365,20.998518,1039,2021-06-28 18:44:23,52.175438,03
23,107,21.05075,1040,2021-06-28 18:44:16,52.196941,6
24,107,20.979355,1042,2021-06-28 18:44:19,52.2444983,2
25,107,21.020848,1043,2021-06-28 18:44:08,52.223758,07
26,107,21.013,1045,2021-06-28 18:44:03,52.235741,4
27,204,21.0239167,1046,2021-06-28 18:44:19,52.2837833,05
28,204,21.03318,1047,2021-06-28 18:44:02,52.29771,1
29,204,21.060439,1048,2021-06-28 18:44:19,52.315031,04
30,228,20.924796,1050,2021-06-28 18:44:19,52.208125,1
31,228,20.980648,1051,2021-06-28 18:44:13,52.189573,2
32,328,20.941818,1052,2021-06-28 18:44:17,52.20432,01
33,129,20.883031,1053,2021-06-28 18:44:21,52.195464,4
34,228,20.897033,1054,2021-06-28 18:44:11,52.202931,3
35,129,20.919385,1055,2021-06-28 18:44:17,52.23202,3
36,328,20.994703,1058,2021-06-28 18:44:07,52.150861,02
37,129,20.916028,1059,2021-06-28 18:44:12,52.226365,1
38,328,20.99472,1061,2021-06-28 18:44:22,52.150593,03
39,192,21.0663552,1062,2021-06-28 18:44:23,52.1312891,51
40,192,21.017727,1064,2021-06-28 18:44:22,52.156429,2
41,163,21.054026,1065,2021-06-28 18:44:22,52.180534,04
42,107,21.000008,1066,2021-06-28 18:44:22,52.245461,1
43,163,21.0839194,1068,2021-06-28 18:44:23,52.1678042,3
44,192,21.0683477,1069,2021-06-28 18:44:23,52.129371,4
45,163,21.104433,1070,2021-06-28 18:44:22,52.177433,05
46,192,21.043592,1074,2021-06-28 18:44:23,52.148682,6
47,108,21.0813952,1076,2021-06-28 18:44:24,52.1857186,2
48,192,21.055662,1077,2021-06-28 18:44:22,52.139343,3
49,192,21.023897,1079,2021-06-28 18:44:23,52.179993,1
50,736,20.9231245,1101,2021-06-28 18:44:20,52.39808,02
51,132,21.0682245,1109,2021-06-28 18:44:21,52.3238133,2
52,303,20.9512773,1112,2021-06-28 18:44:14,52.2700955,3
53,147,21.109191,1113,2021-06-28 18:44:14,52.208397,06
54,152,20.952461,1114,2021-06-28 18:44:18,52.316956,06
55,166,21.068148,1115,2021-06-28 18:44:12,52.1292205,09
56,132,21.0537828,1116,2021-06-28 18:44:19,52.3048296,3
57,122,20.9225795,1117,2021-06-28 18:44:21,52.2504056,09
58,197,20.9414266,1118,2021-06-28 18:44:18,52.2339973,7
59,126,21.012004,1119,2021-06-28 18:44:19,52.3202055,3
60,168,21.0937859,1200,2021-06-28 18:44:22,52.2272212,2
61,119,21.205496,1202,2021-06-28 18:44:22,52.210033,1
62,178,20.883484,1203,2021-06-28 18:35:29,52.195404,2
63,178,21.004284,1204,2021-06-28 18:44:23,52.255421,5
64,168,21.062754,1205,2021-06-28 18:44:19,52.206367,6
65,166,21.041223,1206,2021-06-28 18:44:07,52.170906,1
66,166,21.0511522,1208,2021-06-28 18:44:23,52.237862,5
67,222,21.0143027,1211,2021-06-28 18:44:21,52.1932132,4
68,174,21.0025226,1212,2021-06-28 18:44:23,52.2262827,371
69,174,21.013197,1213,2021-06-28 18:44:23,52.197285,3
70,218,21.012703,1214,2021-06-28 18:44:20,52.189144,5
71,166,21.057413,1216,2021-06-28 18:44:22,52.151985,7
72,168,21.0128329,1218,2021-06-28 18:44:23,52.2084299,5
73,119,21.049437,1220,2021-06-28 18:44:23,52.195396,5
74,122,20.9357521,1400,2021-06-28 18:44:17,52.2709855,012
75,121,21.0445533,1401,2021-06-28 18:44:01,52.2648685,04
76,134,21.048706,1403,2021-06-28 18:44:12,52.340138,1
77,110,20.912598,1407,2021-06-28 18:44:04,52.2834831,05
78,240,21.012895,1408,2021-06-28 18:44:10,52.293469,4
79,173,21.253674,1411,2021-06-28 18:44:04,52.249119,5
80,117,21.102575,1412,2021-06-28 18:44:22,52.222126,1
81,702,21.0877885,1413,2021-06-28 18:44:22,52.2446437,2
82,168,21.112688,1415,2021-06-28 18:44:22,52.23632,1
83,202,21.0484564,1416,2021-06-28 18:44:21,52.2477824,04
84,183,21.1917564,1418,2021-06-28 18:44:20,52.238687,6
85,147,21.1804121,1419,2021-06-28 18:44:23,52.206981,2
86,199,21.053112,1422,2021-06-28 18:44:22,52.276371,4
87,198,21.223988,1423,2021-06-28 18:44:21,52.253815,05
88,173,21.157234,1424,2021-06-28 18:44:22,52.24015,6
89,115,21.1706539,1425,2021-06-28 18:44:19,52.2769234,4
90,173,21.058907,1426,2021-06-28 18:44:23,52.250442,8
91,147,21.061146,1427,2021-06-28 18:44:22,52.231682,4
92,146,21.1670696,1428,2021-06-28 18:44:21,52.1617366,2
93,142,21.146149,1430,2021-06-28 18:44:22,52.225502,06
94,L41,20.759176,14422,2021-06-28 18:44:19,52.414455,1
95,L11,20.723122,14424,2021-06-28 18:30:17,52.424423,1
96,L10,20.946911,14425,2021-06-28 18:44:20,52.45261,50
97,L-8,20.945215,14426,2021-06-28 14:51:54,52.437912,1
98,L41,20.932426,14427,2021-06-28 18:44:18,52.374252,02
99,L11,20.89966,14429,2021-06-28 18:44:20,52.462532,57
100,L34,20.934885,14430,2021-06-28 18:44:21,52.397846,2
101,L34,20.847109,14431,2021-06-28 18:44:18,52.443069,1
102,L11,20.943802,14432,2021-06-28 18:44:22,52.39925,51
103,L-8,21.061119,14434,2021-06-28 18:44:19,52.419949,02
104,L-8,20.922953,14435,2021-06-28 18:44:20,52.398148,1
105,L49,20.905949,14436,2021-06-28 18:44:19,52.383617,1
106,L31,21.034914,14438,2021-06-28 18:44:19,52.420353,1
107,L-9,20.945366,14439,2021-06-28 18:42:27,52.438046,054
108,L-9,20.937393,14440,2021-06-28 18:44:23,52.394505,055
109,134,20.968135,1500,2021-06-28 18:44:03,52.271765,04
110,134,20.9878666,1501,2021-06-28 18:44:18,52.284081,3
111,110,20.8805108,1502,2021-06-28 18:44:19,52.2867445,2
112,240,20.999828,1505,2021-06-28 18:44:11,52.291338,06
113,132,21.049322,1506,2021-06-28 18:44:17,52.3218886,07
114,134,21.0236313,1507,2021-06-28 18:44:12,52.296914,2
115,126,21.0000633,1508,2021-06-28 18:44:15,52.3165496,5
116,132,21.02137,1509,2021-06-28 18:44:14,52.296601,05
117,166,21.0313111,1510,2021-06-28 18:44:21,52.2064965,6
118,126,20.9419943,1513,2021-06-28 18:44:22,52.3341598,4
119,197,20.94094,1514,2021-06-28 18:44:16,52.261486,6
120,197,20.8889981,1515,2021-06-28 18:44:14,52.2163823,8
121,121,20.925223,1516,2021-06-28 18:44:19,52.272478,1
122,173,21.052998,1519,2021-06-28 18:44:02,52.250354,10
123,202,21.050705,1521,2021-06-28 18:44:16,52.247286,07
124,202,21.081276,1522,2021-06-28 18:44:20,52.250421,3
125,146,21.052581,1523,2021-06-28 18:44:19,52.250361,08
126,730,21.2629833,1524,2021-06-28 18:44:16,52.2064233,052
127,119,20.9995667,1525,2021-06-28 18:44:13,52.20557,06
128,147,21.044443,1526,2021-06-28 18:44:20,52.248586,09
129,198,21.243193,1528,2021-06-28 18:44:20,52.221703,3
130,702,21.25173,1530,2021-06-28 18:44:16,52.0998783,03
131,198,21.228429,1531,2021-06-28 18:44:15,52.216581,2
132,115,21.1491783,1533,2021-06-28 18:44:03,52.2385367,2
133,142,21.132871,1534,2021-06-28 18:44:15,52.21408,07
134,198,21.223404,1535,2021-06-28 18:44:09,52.253831,1
135,106,20.980023,1537,2021-06-28 18:44:03,52.232928,4
136,170,21.02184,1538,2021-06-28 18:44:11,52.262479,4
137,120,21.040079,1539,2021-06-28 18:44:03,52.25712,1
138,199,21.113801,1540,2021-06-28 18:44:14,52.293983,1
139,156,20.9501783,1541,2021-06-28 18:44:18,52.28172,1
140,170,21.0260167,1542,2021-06-28 18:44:14,52.2596767,1
141,156,21.052063,1543,2021-06-28 18:44:08,52.252983,3
142,338,21.04832,1544,2021-06-28 18:44:19,52.2551617,01
143,122,20.898801,1546,2021-06-28 18:44:04,52.238573,013
144,338,21.034261,1548,2021-06-28 18:44:21,52.25502,04
145,199,21.179631,1549,2021-06-28 18:44:21,52.269125,2
146,170,21.054621,1550,2021-06-28 18:44:08,52.262054,3
147,240,21.0628083,1551,2021-06-28 18:44:22,52.3105417,3
148,221,20.9941183,1552,2021-06-28 18:44:10,52.2594667,2
149,106,20.966261,1554,2021-06-28 18:44:04,52.243346,06
150,L-4,21.016438,17451,2021-06-28 18:44:21,52.098824,1
151,L37,21.265869,17453,2021-06-28 18:44:23,52.34338,1
152,L40,21.150703,17454,2021-06-28 18:44:20,52.360146,1
153,L36,21.224049,17456,2021-06-28 18:44:19,52.362206,1
154,L35,21.296823,17458,2021-06-28 18:44:19,52.359184,1
155,L26,21.217623,17460,2021-06-28 18:44:17,52.332798,1
156,L46,21.160257,17461,2021-06-28 18:43:47,52.303265,1
157,L43,21.085249,17462,2021-06-28 18:44:13,52.305065,1
158,L45,21.166477,17465,2021-06-28 18:44:19,52.361881,1
159,L38,21.221643,17466,2021-06-28 18:44:19,52.345372,1
160,L37,21.217886,17467,2021-06-28 18:26:51,52.31123,2
161,L40,21.247362,17468,2021-06-28 18:44:20,52.351589,02
162,197,20.9739055,1800,2021-06-28 18:44:12,52.2864841,4
163,110,20.9684505,1801,2021-06-28 18:44:15,52.272093,4
164,132,20.9682315,1802,2021-06-28 18:44:16,52.2718831,1
165,166,21.0576503,1803,2021-06-28 18:44:21,52.139776,8
166,122,20.923503,1804,2021-06-28 18:44:14,52.2555516,5
167,173,21.2179618,1805,2021-06-28 18:44:19,52.2162325,4
168,204,21.023144,1806,2021-06-28 18:44:13,52.2771808,3
169,122,20.9858648,1807,2021-06-28 18:44:11,52.2800753,4
170,303,20.9718683,1808,2021-06-28 18:44:17,52.2643956,1
171,147,21.0746301,1809,2021-06-28 18:44:11,52.2256111,1
172,166,21.0366725,1810,2021-06-28 18:44:08,52.2319108,2
173,152,21.043346,1811,2021-06-28 10:10:53,52.266126,06
174,204,21.0489238,1812,2021-06-28 18:44:10,52.3252905,2
175,736,21.0007823,1813,2021-06-28 18:44:09,52.2913388,1
176,147,21.243063,1814,2021-06-28 18:44:12,52.219183,07
177,240,21.1189241,1815,2021-06-28 18:44:18,52.3382643,2
178,197,20.8625531,1817,2021-06-28 18:44:16,52.1902163,9
179,240,21.1130665,1818,2021-06-28 18:44:15,52.3329003,05
180,221,20.967834,1819,2021-06-28 18:44:18,52.2570008,1
181,117,21.1157803,1823,2021-06-28 18:44:21,52.2291121,05
182,146,21.0499563,1826,2021-06-28 18:44:19,52.2379638,4
183,183,21.0871258,1828,2021-06-28 18:44:18,52.2446625,3
184,147,21.0522468,1829,2021-06-28 18:44:13,52.2502433,5
185,722,21.1064008,1830,2021-06-28 18:44:21,52.2413676,1
186,147,21.1169918,1832,2021-06-28 09:25:20,52.2330478,09
187,146,21.1569541,1833,2021-06-28 18:44:15,52.1688901,5
188,202,21.116848,1834,2021-06-28 09:35:30,52.233074,04
189,115,21.1702353,1835,2021-06-28 18:44:16,52.2770646,3
190,168,21.0320223,1837,2021-06-28 18:44:16,52.2069066,07
191,183,21.1571713,1839,2021-06-28 18:44:16,52.2556721,1
192,202,21.0875393,1840,2021-06-28 18:44:10,52.2502181,05
193,146,21.102076,1842,2021-06-28 18:44:11,52.214098,07
194,183,21.10332,1843,2021-06-28 18:44:03,52.242053,2
195,119,21.04708,1844,2021-06-28 18:44:21,52.1957,3
196,115,21.1509,1846,2021-06-28 18:44:10,52.238909,5
197,730,21.261143,1847,2021-06-28 18:44:20,52.2104401,61
198,119,21.007246,1848,2021-06-28 18:44:18,52.2102821,4
199,173,21.0527416,1849,2021-06-28 18:44:21,52.250301,9
200,183,21.0956216,1850,2021-06-28 18:44:16,52.2438768,4
201,173,21.128921,1851,2021-06-28 18:44:18,52.235853,1
202,722,21.268674,1854,2021-06-28 18:44:18,52.098969,53
203,147,21.174912,1855,2021-06-28 18:44:19,52.2060346,3
204,146,21.204476,1856,2021-06-28 18:44:16,52.159477,1
205,117,21.0663273,1857,2021-06-28 18:44:17,52.2242216,2
206,115,21.2269283,1858,2021-06-28 18:44:16,52.1717011,1
207,146,21.0878798,1859,2021-06-28 18:44:18,52.220421,09
208,115,21.2146658,1860,2021-06-28 18:44:20,52.1613483,6
209,119,21.1333005,1862,2021-06-28 18:44:20,52.2110263,2
210,173,21.2432246,1863,2021-06-28 18:44:18,52.22279,3
211,146,21.0459211,1866,2021-06-28 18:44:16,52.2354426,3
212,183,21.1569666,1867,2021-06-28 18:44:13,52.2562078,5
213,147,21.0519813,1869,2021-06-28 18:44:18,52.2476003,08
214,139,21.0272755,1901,2021-06-28 18:44:14,52.1783635,53
215,251,21.0244345,1903,2021-06-28 18:44:13,52.1795499,53
216,168,21.1131298,1904,2021-06-28 18:44:17,52.2332886,09
217,739,21.007845,1905,2021-06-28 18:44:12,52.1890638,07
218,251,21.1231094,1907,2021-06-28 18:44:16,52.0895225,54
219,178,20.9953009,1908,2021-06-28 18:44:14,52.1870386,012
220,222,21.0212261,1909,2021-06-28 18:44:20,52.2102164,2
221,222,21.0187871,1910,2021-06-28 18:44:18,52.2344528,5
222,251,21.023672,1911,2021-06-28 18:44:18,52.179665,56
223,222,21.00506,1912,2021-06-28 18:44:19,52.244694,6
224,251,21.073414,1914,2021-06-28 18:44:21,52.16869,51
225,222,20.995871,1916,2021-06-28 18:44:21,52.19355,3
226,139,21.0954894,1917,2021-06-28 18:44:21,52.104712,52
227,739,21.029753,1918,2021-06-28 18:44:20,52.096828,08
228,251,21.098808,1919,2021-06-28 18:44:22,52.138603,55
229,222,21.017281,1920,2021-06-28 18:44:22,52.239296,1
230,178,20.8959337,1991,2021-06-28 18:44:22,52.1864482,010
231,178,20.960377,1993,2021-06-28 18:44:20,52.215866,1
232,168,20.9963135,1994,2021-06-28 18:44:22,52.1859975,08
233,178,20.875208,1995,2021-06-28 18:44:21,52.189201,3
234,178,21.0090862,1996,2021-06-28 18:44:23,52.2475355,6
235,178,20.9577472,1998,2021-06-28 18:44:23,52.2282032,4
236,178,20.9962069,1999,2021-06-28 18:44:23,52.1885724,013
237,105,20.898815,2001,2021-06-28 18:44:23,52.238838,1
238,136,20.989756,2003,2021-06-28 18:44:22,52.189068,6
239,Z10,20.916433,2006,2021-06-28 18:44:21,52.220417,3
240,188,20.921658,2007,2021-06-28 18:44:22,52.196808,09
241,517,20.972008,2008,2021-06-28 18:44:21,52.21928,07
242,191,20.9241456,2009,2021-06-28 18:44:22,52.2038867,3
243,184,20.957407,2010,2021-06-28 18:44:22,52.227898,4
244,124,20.920525,2011,2021-06-28 18:44:22,52.196671,03
245,401,20.8617164,2013,2021-06-28 18:44:22,52.1905652,1
246,182,21.062017,2014,2021-06-28 18:44:21,52.228527,012
247,171,20.9952495,2015,2021-06-28 18:44:23,52.2423394,1
248,401,20.99935,2016,2021-06-28 18:44:23,52.178764,011
249,190,20.89904,2019,2021-06-28 18:44:21,52.239025,014
250,191,20.9172746,2020,2021-06-28 18:44:22,52.2053837,7
251,401,21.0184837,2021,2021-06-28 18:44:22,52.1866799,5
252,522,21.0154782,2022,2021-06-28 18:44:23,52.2182257,013
253,193,21.0380359,2023,2021-06-28 18:44:19,52.1730409,06
254,189,20.8987541,2024,2021-06-28 18:44:20,52.2386799,14
255,401,20.862032,2026,2021-06-28 18:44:22,52.190342,8
256,522,21.046101,2027,2021-06-28 18:44:23,52.191166,318
257,519,21.091263,2028,2021-06-28 18:44:20,52.152073,3
258,501,21.055399,2029,2021-06-28 18:44:21,52.182487,3
259,189,21.044636,2030,2021-06-28 18:44:21,52.175758,9
260,131,21.0119835,2032,2021-06-28 18:44:24,52.229884,10
261,522,21.044996,2033,2021-06-28 18:44:15,52.191849,07
262,189,20.9184524,2035,2021-06-28 18:44:19,52.1986129,12
263,519,21.0525457,2036,2021-06-28 18:44:23,52.1846449,5
264,501,21.052242,2037,2021-06-28 18:44:21,52.179523,5
265,138,21.1008227,2038,2021-06-28 18:44:22,52.2606294,010
266,501,21.0142626,2040,2021-06-28 18:44:22,52.2259197,2
267,189,21.05687,2041,2021-06-28 18:44:23,52.182411,8
268,138,21.001728,2042,2021-06-28 18:44:20,52.189735,012
269,401,21.017028,2044,2021-06-28 18:44:22,52.1739239,012
270,172,21.068804,2045,2021-06-28 18:44:22,52.18158,010
271,172,21.045357,2200,2021-06-28 18:44:22,52.191429,4
272,523,20.957422,2201,2021-06-28 18:44:21,52.227932,14
273,187,20.9816909,2202,2021-06-28 18:44:22,52.2162104,3
274,136,21.0318376,2203,2021-06-28 18:44:23,52.1500104,1
275,Z10,20.91503,2204,2021-06-28 18:44:21,52.25351,010
276,171,21.02264,2205,2021-06-28 18:44:21,52.229469,011
277,189,20.997704,2207,2021-06-28 18:44:23,52.179016,10
278,190,21.0793769,2209,2021-06-28 18:44:21,52.2916736,8
279,172,21.062595,2210,2021-06-28 18:44:23,52.186172,2
280,122,20.897953,2212,2021-06-28 18:44:22,52.255375,6
281,122,20.9679805,2213,2021-06-28 18:44:23,52.2616345,07
282,136,21.002371,2215,2021-06-28 18:44:21,52.180813,11
283,190,20.9213387,2216,2021-06-28 18:11:23,52.197379,018
284,401,20.966492,2217,2021-06-28 18:44:22,52.187382,09
285,Z10,20.9249489,2218,2021-06-28 18:44:23,52.2608654,5
286,148,21.0244372,2221,2021-06-28 18:44:20,52.1514242,8
287,523,20.9717087,2222,2021-06-28 18:44:22,52.2195964,1
288,191,20.983898,2223,2021-06-28 18:44:22,52.218151,9
289,189,20.9269489,2224,2021-06-28 18:44:20,52.1961982,2
290,191,20.870466,2225,2021-06-28 18:44:23,52.183483,5
291,517,20.965158,2226,2021-06-28 18:44:23,52.217758,3
292,136,20.9847139,2231,2021-06-28 18:44:22,52.2002812,013
293,189,20.9577117,2232,2021-06-28 18:44:22,52.190172,11
294,317,21.038206,2233,2021-06-28 18:44:22,52.172951,08
295,Z10,20.9136184,2235,2021-06-28 18:44:16,52.2373807,011
296,317,20.9478652,2236,2021-06-28 18:44:21,52.1800981,4
297,187,20.9335334,2240,2021-06-28 18:44:17,52.1996417,2
298,136,20.965631,2241,2021-06-28 18:44:22,52.2388272,9
299,191,20.9818406,2243,2021-06-28 18:44:22,52.2169287,1
300,171,20.932484,2244,2021-06-28 18:44:22,52.271065,4
301,Z10,20.9152042,2245,2021-06-28 18:44:22,52.2309409,9
302,717,20.884995,2247,2021-06-28 18:44:20,52.181004,3
303,317,21.001835,2249,2021-06-28 18:44:22,52.178143,06
304,189,21.0310276,2252,2021-06-28 18:44:22,52.1734942,4
305,112,20.9110364,2253,2021-06-28 18:44:23,52.2287304,2
306,191,20.903564,2254,2021-06-28 18:44:22,52.193604,010
307,141,21.0829571,2256,2021-06-28 18:44:23,52.2416941,013
308,172,20.955479,2257,2021-06-28 18:44:22,52.212059,7
309,317,21.0843492,2258,2021-06-28 18:44:23,52.1679049,1
310,187,21.047539,2259,2021-06-28 18:44:22,52.211266,4
311,L48,21.303106,23481,2021-06-28 04:38:21,52.203297,1
312,L47,21.297934,23482,2021-06-28 18:44:19,52.241562,02
313,L47,21.302729,23483,2021-06-28 18:44:25,52.252144,1
314,L20,21.375933,24511,2021-06-28 18:44:19,52.115211,1
315,L20,21.471601,24512,2021-06-28 13:52:17,52.132278,1
316,L20,21.299431,24513,2021-06-28 18:44:23,52.1045,03
317,L20,21.471657,24515,2021-06-28 17:31:13,52.132061,2
318,245,21.086618,3400,2021-06-28 18:44:15,52.286569,2
319,112,20.912478,3401,2021-06-28 18:44:02,52.241311,018
320,412,21.0607333,3403,2021-06-28 18:44:14,52.3062713,01
321,112,21.0418156,3404,2021-06-28 18:44:20,52.2961521,7
322,412,21.036415,3405,2021-06-28 18:44:20,52.255454,05
323,500,21.0366523,3406,2021-06-28 18:44:19,52.2680698,08
324,500,20.9818843,3408,2021-06-28 18:44:19,52.2532433,2
325,160,21.0029401,3409,2021-06-28 18:44:18,52.2292453,013
326,245,21.1311043,3410,2021-06-28 18:44:11,52.2805518,05
327,114,21.041585,3411,2021-06-28 18:44:05,52.292009,011
328,500,21.0408843,3413,2021-06-28 18:44:18,52.2852703,1
329,190,21.0468011,3414,2021-06-28 18:38:08,52.2647838,027
330,114,20.939088,3415,2021-06-28 18:44:20,52.3005891,09
331,114,21.041307,3416,2021-06-28 18:44:18,52.290929,010
332,738,21.1814156,3417,2021-06-28 18:44:21,52.41722,3
333,738,21.122946,3418,2021-06-28 18:44:12,52.344805,4
334,190,21.0469933,3421,2021-06-28 18:44:18,52.2636683,021
335,500,21.0186988,3422,2021-06-28 18:44:14,52.2634256,4
336,185,21.0497433,3423,2021-06-28 18:44:15,52.1547416,10
337,512,21.0502651,3424,2021-06-28 18:44:12,52.2613401,2
338,512,21.0521723,3426,2021-06-28 18:44:06,52.252947,3
339,169,21.047453,3427,2021-06-28 18:44:11,52.286586,2
340,185,21.0202778,3428,2021-06-28 18:44:19,52.2472135,7
341,500,21.0416266,3429,2021-06-28 18:44:21,52.3002933,6
342,169,21.0517355,3430,2021-06-28 18:44:20,52.252942,3
343,112,20.8963788,3431,2021-06-28 18:44:21,52.2163158,3
344,Z26,21.009708,3432,2021-06-28 18:44:16,52.2463825,1
345,Z26,21.034911,3434,2021-06-28 18:44:16,52.255806,6
346,175,21.0193138,3435,2021-06-28 18:44:15,52.2333971,55
347,509,20.9878325,3437,2021-06-28 18:44:19,52.3043454,5
348,132,21.0786661,3438,2021-06-28 18:44:19,52.3224523,06
349,738,21.052845,3439,2021-06-28 18:44:08,52.276596,1
350,414,20.963616,3440,2021-06-28 18:44:02,52.207981,07
351,512,21.0446343,3441,2021-06-28 18:44:22,52.2590821,5
352,500,21.0419788,3442,2021-06-28 18:44:21,52.300389,7
353,509,21.0276036,3443,2021-06-28 18:44:19,52.2577383,11
354,245,21.048054,3444,2021-06-28 18:44:20,52.2635781,04
355,145,21.08814,3445,2021-06-28 18:44:15,52.2447833,8
356,509,21.1020855,3446,2021-06-28 18:44:16,52.2220206,14
357,162,21.0488683,3447,2021-06-28 18:44:17,52.2051908,6
358,190,20.8987815,3448,2021-06-28 18:44:22,52.2389246,2
359,112,21.0815801,3449,2021-06-28 18:44:19,52.3076681,9
360,112,20.9531735,3450,2021-06-28 18:44:15,52.2763978,12
361,114,21.043474,3451,2021-06-28 09:14:51,52.2654126,09
362,145,21.047032,3452,2021-06-28 18:44:12,52.263719,015
363,527,21.0681376,3453,2021-06-28 18:44:22,52.3235471,2
364,190,20.91513,3454,2021-06-28 18:44:06,52.230898,1
365,145,21.0760008,3455,2021-06-28 18:44:17,52.2867488,5
366,509,20.9559581,3458,2021-06-28 18:44:19,52.316764,355
367,245,21.0527776,3459,2021-06-28 18:44:20,52.2764938,1
368,190,21.0591081,3460,2021-06-28 18:44:07,52.2673043,022
369,114,20.926376,3462,2021-06-28 18:44:12,52.28302,2
370,190,20.9917228,3463,2021-06-28 18:44:17,52.2412416,6
371,500,21.0405466,3464,2021-06-28 18:44:18,52.2875186,5
372,114,20.9863005,3465,2021-06-28 18:44:17,52.2830738,6
373,112,20.9140133,3466,2021-06-28 18:44:18,52.252449,1
374,245,21.083745,3468,2021-06-28 18:44:05,52.286508,03
375,114,21.041778,3469,2021-06-28 18:44:20,52.300188,7
376,L19,21.039667,36443,2021-06-28 18:44:20,52.009384,1
377,L17,21.007812,36444,2021-06-28 18:44:23,52.05587,1
378,L30,21.199753,36446,2021-06-28 18:43:59,51.939182,1
379,L28,21.124567,36447,2021-06-28 18:44:22,52.025078,1
380,L30,21.130491,36448,2021-06-28 18:18:01,51.968395,02
381,L42,21.132856,37531,2021-06-28 18:44:23,52.079338,52
382,L21,21.217505,37533,2021-06-28 18:44:19,51.981075,1
383,L16,21.097065,37534,2021-06-28 18:44:22,52.05537,1
384,L14,21.130806,37535,2021-06-28 18:44:19,52.108719,1
385,L15,21.115974,37536,2021-06-28 18:44:20,52.102573,51
386,L39,21.014303,38541,2021-06-28 18:44:22,52.069965,4
387,L39,21.028082,38545,2021-06-28 18:44:12,52.097836,3
388,L32,20.985106,38546,2021-06-28 18:44:18,52.003937,1
389,L39,21.004555,38547,2021-06-28 05:46:58,52.110222,1
390,L39,21.010324,38548,2021-06-28 18:44:25,52.11047,2
391,L23,21.019724,38549,2021-06-28 18:44:25,52.065624,51
392,L52,21.050869,38550,2021-06-28 18:44:13,52.082798,1
393,L12,21.029615,39551,2021-06-28 18:44:20,52.074081,062
394,L-2,20.996782,39552,2021-06-28 18:44:17,52.051235,063
395,L25,21.218868,39554,2021-06-28 18:44:21,51.981625,02
396,L25,21.025745,39555,2021-06-28 18:44:22,52.077805,1
397,L12,20.93433,39556,2021-06-28 18:44:22,52.037125,061
398,L-2,20.958618,39557,2021-06-28 18:44:22,52.028511,64
399,L-2,21.029428,39558,2021-06-28 18:44:23,52.074871,65
400,L13,21.040524,39560,2021-06-28 18:44:18,52.026573,1
401,L13,21.029331,39561,2021-06-28 18:44:24,52.075577,03
402,L13,21.080179,39562,2021-06-28 18:44:20,52.041927,2
403,L-5,21.020548,39565,2021-06-28 18:44:23,52.065968,1
404,255,20.931017,4200,2021-06-28 18:44:21,52.225338,2
405,703,20.919281,4202,2021-06-28 18:44:23,52.153233,52
406,197,20.939663,4205,2021-06-28 18:44:22,52.235497,2
407,902,20.9223249,4206,2021-06-28 16:30:27,52.1964574,M1
408,255,20.9386022,4207,2021-06-28 18:44:23,52.2227321,03
409,154,20.898479,4209,2021-06-28 18:44:22,52.258396,4
410,178,20.980627,4210,2021-06-28 18:44:23,52.229416,011
411,154,20.898226,4211,2021-06-28 18:44:23,52.258194,010
412,711,20.943081,4212,2021-06-28 18:44:22,52.174652,063
413,154,20.971127,4213,2021-06-28 18:44:23,52.193813,1
414,154,20.9439115,4214,2021-06-28 18:44:22,52.1753094,8
415,711,20.8015974,4215,2021-06-28 18:44:23,52.1169034,061
416,122,20.9766414,4216,2021-06-28 18:44:23,52.2899036,3
417,197,20.932817,4217,2021-06-28 18:44:23,52.257637,3
418,197,20.8815877,4218,2021-06-28 18:44:23,52.2166314,1
419,255,20.9835955,4219,2021-06-28 18:44:21,52.2300401,1
420,197,20.8625472,4221,2021-06-28 18:44:20,52.1903054,10
421,129,20.9393522,4224,2021-06-28 18:44:22,52.2459107,2
422,121,20.9407616,4225,2021-06-28 18:44:23,52.2934145,03
423,197,20.9752865,4227,2021-06-28 18:44:22,52.2894092,5
424,154,20.957747,4228,2021-06-28 18:44:22,52.226025,6
425,902,21.043356,4229,2021-06-28 18:44:21,52.246666,M2
426,154,20.964163,4230,2021-06-28 18:44:23,52.196651,7
427,178,20.907162,4231,2021-06-28 18:44:22,52.190975,9
428,178,20.895958,4232,2021-06-28 18:44:22,52.185635,7
429,714,20.950314,4233,2021-06-28 18:44:23,52.238605,3
430,729,20.7954397,4234,2021-06-28 18:44:22,52.2596297,02
431,714,20.8381389,4235,2021-06-28 18:44:18,52.2567346,2
432,L-3,21.021257,42362,2021-06-28 18:44:21,52.080765,02
433,154,20.9427189,4237,2021-06-28 18:44:20,52.2389672,5
434,154,20.942062,4238,2021-06-28 18:44:22,52.230148,3
435,178,20.91346,4239,2021-06-28 18:44:21,52.199093,8
436,154,20.9527642,4240,2021-06-28 18:44:23,52.1842039,011
437,714,20.950117,4241,2021-06-28 18:44:22,52.238598,04
438,154,20.9692722,4242,2021-06-28 18:44:21,52.2147696,2
439,154,20.896616,4243,2021-06-28 18:44:21,52.240685,09
440,901,20.9197909,4244,2021-06-28 18:44:22,52.1973955,1
441,901,20.999813,4246,2021-06-28 18:44:23,52.230686,3
442,714,20.877377,4247,2021-06-28 18:44:22,52.248444,1
443,729,20.846914,4248,2021-06-28 18:44:20,52.248276,1
444,121,20.973663,4249,2021-06-28 18:44:23,52.272068,2
445,L-1,20.908525,42494,2021-06-28 18:44:20,52.143879,1
446,L-4,21.0165,42495,2021-06-28 06:12:56,52.098907,2
447,L-3,20.834269,42500,2021-06-28 18:39:11,52.031113,1
448,146,21.2046503,4303,2021-06-28 18:44:18,52.1594743,06
449,119,21.1329601,4304,2021-06-28 18:44:23,52.213209,07
450,117,21.0549359,4305,2021-06-28 18:44:23,52.2329029,4
451,147,21.1056462,4307,2021-06-28 18:44:23,52.2111249,010
452,142,21.0882174,4308,2021-06-28 18:44:22,52.2446207,08
453,702,21.2458741,4312,2021-06-28 18:44:23,52.1065324,1
454,105,16.9750897,4332,2021-06-26 13:35:37,52.5472771,4
455,N72,16.9763326,4333,2021-06-28 15:21:54,52.5456077,215
456,240,21.0547827,4400,2021-06-28 18:44:21,52.2964381,1
457,132,20.966551,4401,2021-06-28 18:44:20,52.270935,09
458,126,21.0552495,4402,2021-06-28 18:44:20,52.2967984,2
459,120,21.052401,4403,2021-06-28 18:44:23,52.293018,5
460,166,21.027018,4404,2021-06-28 18:44:23,52.260048,3
461,156,21.0637729,4406,2021-06-28 18:44:22,52.2729781,2
462,122,20.9815712,4407,2021-06-28 18:44:19,52.2745277,010
463,134,21.055109,4408,2021-06-28 18:44:21,52.34687,05
464,106,20.995613,4409,2021-06-28 18:44:22,52.235821,1
465,199,21.1257,4411,2021-06-28 18:44:22,52.279263,3
466,173,21.2223957,4413,2021-06-28 18:44:23,52.2463172,2
467,106,21.020567,4415,2021-06-28 18:44:19,52.243198,2
468,106,21.027277,4416,2021-06-28 18:44:21,52.239304,07
469,170,21.0807109,4417,2021-06-28 18:44:21,52.2775697,2
470,106,21.021053,4418,2021-06-28 18:44:20,52.242512,3
471,120,21.0510165,4419,2021-06-28 18:44:23,52.2525219,7
472,901,21.034747,4420,2021-06-28 18:44:22,52.2246412,4
473,126,21.052088,4421,2021-06-28 18:44:22,52.292805,1
474,338,21.1007844,4422,2021-06-28 18:44:23,52.2606406,02
475,106,20.966137,4423,2021-06-28 18:44:19,52.233204,5
476,901,21.0066137,4424,2021-06-28 18:44:22,52.2382625,2
477,156,20.928001,4425,2021-06-28 18:44:11,52.290802,5
478,166,21.027178,4427,2021-06-28 18:44:20,52.259911,4
479,156,21.023262,4428,2021-06-28 18:44:19,52.286266,4
480,303,20.900198,4429,2021-06-28 18:44:22,52.2973674,2
481,106,21.012184,4430,2021-06-28 18:44:22,52.239864,08
482,338,21.093273,4434,2021-06-28 18:44:20,52.26461,03
483,122,20.8980314,5200,2021-06-28 18:44:17,52.24811,08
484,171,21.0444786,5201,2021-06-28 18:44:18,52.2217298,8
485,517,20.9517186,5202,2021-06-28 18:44:17,52.2118528,09
486,523,20.898046,5203,2021-06-28 18:44:09,52.258271,020
487,401,20.918949,5204,2021-06-28 18:44:05,52.19729,013
488,105,20.9264305,5205,2021-06-28 18:44:19,52.2225676,5
489,131,21.0492561,5206,2021-06-28 18:44:13,52.2050117,2
490,182,20.921894,5207,2021-06-28 18:44:14,52.196886,011
491,517,20.9095231,5208,2021-06-28 18:44:12,52.1940572,2
492,184,20.941001,5210,2021-06-28 18:44:15,52.285506,2
493,105,20.899088,5211,2021-06-28 18:44:09,52.238713,09
494,523,21.0191413,5212,2021-06-28 18:44:18,52.2180089,015
495,Z10,20.928419,5213,2021-06-28 18:44:19,52.223016,1
496,184,20.9274249,5214,2021-06-28 18:44:20,52.2909955,1
497,523,21.065815,5215,2021-06-28 18:44:16,52.2292008,7
498,131,21.0175944,5216,2021-06-28 18:44:21,52.2129997,8
499,189,20.9220571,5217,2021-06-28 16:49:01,52.1957361,11
500,122,20.9764395,5218,2021-06-28 18:44:14,52.2898562,011
501,401,20.9168503,5219,2021-06-28 18:44:14,52.1989972,6
502,124,20.943641,5222,2021-06-28 18:44:11,52.175163,1
503,190,21.0690471,5223,2021-06-28 18:44:14,52.2795607,7
504,517,21.0071665,5224,2021-06-28 18:44:22,52.2348251,4
505,523,21.0857268,5225,2021-06-28 18:44:12,52.2448892,6
506,401,21.0265876,5226,2021-06-28 18:44:19,52.170291,4
507,189,21.0165463,5227,2021-06-28 18:44:12,52.1739622,024
508,124,20.9651169,5228,2021-06-28 18:44:20,52.1516564,2
509,131,21.0687844,5229,2021-06-28 18:44:14,52.1815102,5
510,523,21.1064628,5230,2021-06-28 18:44:22,52.2476035,016
511,189,21.0686641,5232,2021-06-28 18:44:13,52.1814685,7
512,148,21.0594498,5233,2021-06-28 18:44:16,52.2013127,011
513,105,20.89705,5234,2021-06-28 18:44:03,52.227276,011
514,105,20.8984187,5235,2021-06-28 18:44:12,52.2393883,3
515,517,20.8620474,5236,2021-06-28 18:44:17,52.1905757,1
516,171,21.0102532,5237,2021-06-28 18:44:17,52.2325431,6
517,401,20.8705749,5238,2021-06-28 18:44:14,52.1982706,7
518,182,20.965265,5239,2021-06-28 18:44:21,52.2181396,9
519,184,20.9510285,5240,2021-06-28 18:44:15,52.229008,3
520,187,21.0120202,5241,2021-06-28 18:44:20,52.2170642,8
521,190,20.9221738,5243,2021-06-28 18:44:17,52.1970714,011
522,189,21.0688281,5244,2021-06-28 18:44:18,52.1813259,018
523,105,20.9559175,5245,2021-06-28 18:44:17,52.2275292,6
524,148,21.1031867,5246,2021-06-28 18:44:18,52.221723,012
525,716,20.9144983,5247,2021-06-28 18:44:22,52.2144355,1
526,141,21.0859253,5248,2021-06-28 18:44:13,52.2449677,7
527,317,20.9685369,5249,2021-06-28 18:44:22,52.1834617,2
528,188,21.110888,5250,2021-06-28 18:44:20,52.245001,3
529,187,20.8921379,5251,2021-06-28 18:44:16,52.1933627,1
530,189,20.9160002,5253,2021-06-28 18:44:18,52.2261886,020
531,401,20.89082,5254,2021-06-28 18:44:16,52.1936669,010
532,190,20.9989535,5255,2021-06-28 18:44:18,52.2437451,016
533,148,21.0156214,5256,2021-06-28 18:44:17,52.1534163,1
534,716,20.828863,5257,2021-06-28 18:44:16,52.192911,2
535,188,21.0891047,5258,2021-06-28 18:44:21,52.2500541,4
536,105,20.89692,5260,2021-06-28 18:44:12,52.227903,08
537,723,21.000767,5401,2021-06-28 18:44:22,52.291317,3
538,185,21.0458707,5403,2021-06-28 18:44:17,52.2161744,3
539,145,21.0757717,5404,2021-06-28 18:44:21,52.2868869,4
540,269,21.05356,5405,2021-06-28 18:44:21,52.273857,05
541,509,21.102276,5406,2021-06-28 18:44:23,52.221947,13
542,120,21.05871,5407,2021-06-28 18:44:23,52.3018,2
543,527,21.0600672,5408,2021-06-28 18:44:21,52.30526,054
544,E-9,20.967571,5409,2021-06-28 18:44:23,52.271835,01
545,731,20.9415345,5410,2021-06-28 18:44:21,52.3682215,1
546,723,20.9171024,5412,2021-06-28 18:44:22,52.3782812,4
547,705,21.029085,5413,2021-06-28 18:44:23,52.349758,66
548,511,20.9293872,5414,2021-06-28 18:44:20,52.2908622,1
549,723,20.9193985,5416,2021-06-28 18:44:22,52.4062117,1
550,E-9,21.060427,5417,2021-06-28 18:44:23,52.313042,02
551,511,20.971514,5418,2021-06-28 18:44:21,52.321487,2
552,120,21.0371142,5419,2021-06-28 18:44:23,52.3560336,3
553,160,20.993917,5420,2021-06-28 18:44:23,52.242096,5
554,511,20.9426329,5421,2021-06-28 18:44:23,52.3486134,3
555,160,21.0027029,5423,2021-06-28 18:44:21,52.2291724,012
556,511,20.942419,5424,2021-06-28 18:44:23,52.348541,06
557,116,20.924995,5425,2021-06-28 18:44:20,52.272346,14
558,116,20.938328,5426,2021-06-28 18:44:22,52.27803,11
559,527,21.048542,5428,2021-06-28 18:44:23,52.276348,1
560,731,21.000837,5429,2021-06-28 18:44:22,52.291241,2
561,145,21.1273349,5430,2021-06-28 18:44:21,52.2567789,11
562,160,21.058798,5432,2021-06-28 18:44:22,52.317749,7
563,414,20.955664,5434,2021-06-28 18:44:22,52.236397,08
564,527,21.059834,5436,2021-06-28 18:44:23,52.304043,3
565,705,20.986542,5437,2021-06-28 18:44:20,52.308968,1
566,731,20.9552779,5438,2021-06-28 18:44:23,52.4089649,4
567,738,21.106634,5439,2021-06-28 18:44:23,52.325001,2
568,735,21.0043357,5441,2021-06-28 18:44:20,52.4475859,64
569,160,21.0429932,5443,2021-06-28 18:44:20,52.2762086,2
570,E-9,20.9680657,5444,2021-06-28 18:44:22,52.2720332,04
571,705,21.048461,5445,2021-06-28 03:52:31,52.264575,65
572,735,20.968206,5446,2021-06-28 18:44:23,52.272007,62
573,114,20.9497069,5447,2021-06-28 18:44:22,52.2705381,08
574,735,21.034075,5448,2021-06-28 18:44:22,52.394543,63
575,160,21.025188,5449,2021-06-28 18:44:22,52.250656,3
576,511,20.947115,5453,2021-06-28 18:44:20,52.349026,4
577,160,21.0463091,5454,2021-06-28 18:44:23,52.2642305,09
578,169,21.035139,5455,2021-06-28 18:44:21,52.254169,4
579,269,21.046211,5457,2021-06-28 18:44:23,52.276199,04
580,180,21.048246,5459,2021-06-28 18:44:23,52.207462,016
581,705,21.041676,5460,2021-06-28 18:44:22,52.434109,65
582,128,21.01416,5870,2021-06-28 18:44:21,52.244102,53
583,175,20.9792216,5871,2021-06-28 18:44:22,52.1748011,59
584,503,21.025085,5873,2021-06-28 18:44:19,52.219151,1
585,175,20.97805,5874,2021-06-28 18:44:21,52.169575,58
586,138,20.998108,5875,2021-06-28 18:32:12,52.18676,011
587,180,20.9307485,5877,2021-06-28 18:44:22,52.2709074,017
588,709,20.9980821,5878,2021-06-28 18:40:30,52.187258,013
589,175,20.978195,5880,2021-06-28 18:44:20,52.169254,070
590,503,21.001966,5881,2021-06-28 18:44:22,52.258385,5
591,175,20.989887,5882,2021-06-28 18:44:21,52.22472,56
592,180,20.9250117,5883,2021-06-28 18:44:23,52.2724105,10
593,503,20.998091,5885,2021-06-28 18:03:22,52.18679,5
594,180,20.971342,5886,2021-06-28 18:44:19,52.255295,13
595,128,21.003765,5887,2021-06-28 18:44:15,52.227905,074
596,175,20.984489,5888,2021-06-28 18:44:22,52.199631,069
597,180,21.00561,5889,2021-06-28 18:44:21,52.248898,8
598,175,21.012815,5890,2021-06-28 18:44:22,52.243019,62
599,180,21.021917,5891,2021-06-28 18:44:20,52.230118,7
600,503,21.002548,5893,2021-06-28 18:44:23,52.254791,3
601,128,20.96406,5894,2021-06-28 18:44:22,52.208076,066
602,503,21.045025,5895,2021-06-28 18:44:20,52.182022,12
603,503,21.000856,5897,2021-06-28 18:44:21,52.254177,2
604,175,20.992947,5898,2021-06-28 18:44:21,52.22596,071
605,128,20.963434,5899,2021-06-28 18:44:21,52.207764,51
606,158,20.992613,5900,2021-06-28 18:44:21,52.22591,5
607,128,20.989342,5902,2021-06-28 18:44:22,52.219429,52
608,158,21.117205,5903,2021-06-28 18:44:21,52.233879,8
609,503,21.043186,5905,2021-06-28 18:44:21,52.157566,8
610,128,20.989912,5906,2021-06-28 18:44:19,52.215916,63
611,503,21.044622,5907,2021-06-28 18:44:19,52.176201,7
612,175,21.009609,5908,2021-06-28 18:44:22,52.244316, 
613,128,21.003281,5909,2021-06-28 18:44:22,52.228222,067
614,128,21.017353,5910,2021-06-28 18:44:22,52.239155,073
615,111,21.013289,5911,2021-06-28 18:44:19,52.242451,4
616,116,20.924934,5913,2021-06-28 18:44:21,52.272289,12
617,158,21.11767,5914,2021-06-28 18:44:21,52.233467,8
618,128,21.0129109,5915,2021-06-28 18:44:20,52.2432125,54
619,175,21.020201,5918,2021-06-28 18:44:22,52.232021,60
620,158,20.99198,5920,2021-06-28 18:44:22,52.22541,1
621,116,20.941456,5921,2021-06-28 18:44:21,52.277733,15
622,175,21.1163987,5923,2021-06-28 10:17:16,52.2339737,072
623,116,21.00425,5924,2021-06-28 18:44:18,52.250092,17
624,116,21.084188,5926,2021-06-28 18:44:21,52.167419,3
625,158,21.112787,5927,2021-06-28 18:44:19,52.236286,7
626,116,21.084797,5928,2021-06-28 18:44:23,52.1675994,5
627,175,20.977261,5929,2021-06-28 18:44:23,52.168243,57
628,158,21.0896,5930,2021-06-28 18:44:17,52.235748,9
629,158,20.950144,5931,2021-06-28 18:44:21,52.211643,3
630,116,21.06004,5932,2021-06-28 18:44:20,52.177582,6
631,111,20.9956911,5933,2021-06-28 18:44:23,52.2489892,2
632,158,20.949291,5934,2021-06-28 18:44:20,52.211601,4
633,503,21.046232,5935,2021-06-28 18:44:15,52.150318,11
634,503,21.050169,5936,2021-06-28 18:44:20,52.144718,10
635,111,21.059483,5937,2021-06-28 18:44:21,52.234947,10
636,158,21.04376,5939,2021-06-28 18:44:17,52.23642,2
637,175,20.984402,5942,2021-06-28 18:44:21,52.200768,072
638,111,21.11475,5943,2021-06-28 18:44:10,52.233886,7
639,158,21.050163,5945,2021-06-28 18:44:20,52.238041,6
640,111,21.102442,5946,2021-06-28 18:44:22,52.222076,8
641,111,21.055733,5947,2021-06-28 18:44:20,52.238548,5
642,503,21.026566,5948,2021-06-28 18:44:20,52.213169,013
643,503,21.044952,5950,2021-06-28 18:44:21,52.262165,4
644,180,21.073967,5951,2021-06-28 18:44:22,52.178024,2
645,518,20.942118,5952,2021-06-28 18:44:17,52.334576,7
646,160,21.057631,5954,2021-06-28 18:44:23,52.269993,010
647,160,21.048412,5956,2021-06-28 18:38:13,52.264847,013
648,111,20.979444,5958,2021-06-28 18:44:22,52.248623,011
649,160,21.041168,5959,2021-06-28 18:44:23,52.27002,08
650,111,20.979118,5960,2021-06-28 18:44:21,52.244331,3
651,116,20.924719,5962,2021-06-28 18:44:21,52.272427,13
652,111,21.023495,5963,2021-06-28 18:44:20,52.232201,1
653,518,20.99411,5964,2021-06-28 18:44:16,52.260796,3
654,518,20.946831,5965,2021-06-28 18:44:21,52.31823,08
655,518,20.973198,5966,2021-06-28 18:44:23,52.319603,2
656,160,20.997587,5967,2021-06-28 18:44:21,52.235481,011
657,180,20.932606,5970,2021-06-28 18:44:22,52.268883, 
658,518,20.941935,5972,2021-06-28 18:44:19,52.333794,1
659,E-9,21.033751,5973,2021-06-28 18:44:23,52.299892,03
660,518,21.023556,5975,2021-06-28 18:44:20,52.228291,4
661,180,21.071825,5976,2021-06-28 18:44:21,52.179226,6
662,503,21.049273,5978,2021-06-28 18:44:23,52.144211,9
663,503,21.019464,5979,2021-06-28 18:44:22,52.233295,6
664,111,21.09429,5980,2021-06-28 18:44:20,52.22752,6
665,705,20.977087,5981,2021-06-28 18:44:18,52.27861,07
666,111,21.084873,5982,2021-06-28 18:44:19,52.227947,9
667,128,20.963713,5983,2021-06-28 18:44:20,52.20768,65
668,180,21.083864,5984,2021-06-28 18:44:23,52.167946,4
669,180,20.995369,5985,2021-06-28 18:44:20,52.249039,14
670,180,20.943661,5986,2021-06-28 18:44:22,52.269051,12
671,180,20.976635,5987,2021-06-28 18:44:20,52.253555,9
672,180,21.018131,5988,2021-06-28 18:44:19,52.236595,1
673,116,21.01807,5989,2021-06-28 18:44:16,52.236782,1
674,705,21.135881,5990,2021-06-28 18:44:21,52.482136,08
675,116,21.025774,5991,2021-06-28 18:44:19,52.217255,2
676,518,20.969805,5994,2021-06-28 18:44:19,52.272217,6
677,116,21.037863,5995,2021-06-28 18:44:22,52.198845,7
678,116,20.989176,5996,2021-06-28 18:44:20,52.265793,16
679,116,20.97476,5997,2021-06-28 18:44:23,52.271252,10
680,518,21.015068,5998,2021-06-28 18:44:18,52.24255,5
681,116,21.003721,5999,2021-06-28 18:44:20,52.250389,8
682,184,20.938545,6200,2021-06-28 18:44:22,52.246655,7
683,112,21.041986,6201,2021-06-28 18:44:22,52.296089,11
684,187,20.948271,6203,2021-06-28 18:44:17,52.209137,9
685,167,21.082951,6204,2021-06-28 18:44:19,52.208355,013
686,728,20.9433889,6207,2021-06-28 18:44:23,52.1754385,02
687,Z10,20.919249,6208,2021-06-28 18:44:21,52.256767,7
688,703,20.833336,6209,2021-06-28 18:44:21,52.110928,91
689,414,20.9607012,6210,2021-06-28 18:44:22,52.2173599,04
690,713,20.7444286,6212,2021-06-28 18:44:21,52.2145677,3
691,414,21.0418246,6213,2021-06-28 18:44:23,52.2929132,03
692,184,20.967701,6214,2021-06-28 18:44:21,52.213146,5
693,191,20.8971892,6215,2021-06-28 18:44:22,52.1959256,6
694,105,20.9174285,6216,2021-06-28 18:44:19,52.2202337,7
695,167,21.00791,6217,2021-06-28 18:44:22,52.208885,1
696,105,20.9847559,6218,2021-06-28 18:44:19,52.2304789,010
697,136,21.051928,6220,2021-06-28 18:44:21,52.150257,4
698,189,20.896856,6221,2021-06-28 18:44:22,52.230389,13
699,187,21.049803,6222,2021-06-28 18:44:23,52.201439,5
700,105,20.919384,6223,2021-06-28 18:44:21,52.22097,4
701,517,20.861824,6224,2021-06-28 18:44:22,52.190811,6
702,717,20.8401029,6225,2021-06-28 18:44:23,52.1775529,2
703,716,20.929515,6226,2021-06-28 18:44:23,52.2233667,3
704,188,20.9745904,6227,2021-06-28 18:44:22,52.1686675,1
705,190,20.898809,6228,2021-06-28 18:44:21,52.238869,3
706,187,21.0496734,6229,2021-06-28 18:44:21,52.201918,6
707,706,20.9296614,6231,2021-06-28 18:44:23,52.1959476,03
708,190,21.000654,6232,2021-06-28 18:44:22,52.244095,9
709,191,20.8703865,6233,2021-06-28 18:44:22,52.1836159,4
710,414,21.0419589,6234,2021-06-28 18:44:22,52.3002036,02
711,112,21.055832,6236,2021-06-28 18:44:21,52.297367,10
712,114,20.92573,6237,2021-06-28 18:44:20,52.272629,4
713,728,20.8963119,6239,2021-06-28 18:44:22,52.0076826,1
714,414,20.99781,6240,2021-06-28 18:44:22,52.288601,01
715,517,20.861498,6241,2021-06-28 18:44:21,52.191189,5
716,182,20.979967,6242,2021-06-28 18:44:22,52.216621,7
717,706,20.923237,6243,2021-06-28 18:44:22,52.137157,2
718,L29,20.515028,65471,2021-06-28 18:44:14,52.259892,1
719,L-6,20.85509,66524,2021-06-28 18:44:16,52.274885,02
720,L-6,20.778728,66525,2021-06-28 18:44:21,52.255707,1
721,190,20.9329606,7200,2021-06-28 18:44:20,52.2402197,10
722,189,21.0689177,7201,2021-06-28 18:44:23,52.1813532,6
723,112,21.082285,7202,2021-06-28 18:44:22,52.304482,019
724,141,21.023655,7203,2021-06-28 18:44:23,52.199474,4
725,317,20.920973,7204,2021-06-28 18:44:20,52.196892,07
726,131,21.0322884,7205,2021-06-28 18:44:23,52.2069169,011
727,523,20.944948,7206,2021-06-28 18:44:23,52.238945,10
728,189,21.023996,7207,2021-06-28 18:44:23,52.17334,019
729,414,20.963179,7208,2021-06-28 18:44:23,52.207737,06
730,721,20.8298067,7212,2021-06-28 18:44:22,52.0550359,02
731,112,20.8970651,7213,2021-06-28 18:44:21,52.2248481,5
732,191,20.966021,7214,2021-06-28 18:44:21,52.21476,2
733,112,21.052155,7215,2021-06-28 18:44:22,52.292919,8
734,713,20.930117,7216,2021-06-28 18:44:21,52.224846,2
735,189,20.8990412,7219,2021-06-28 18:44:20,52.2386639,022
736,517,21.010506,7220,2021-06-28 18:44:23,52.231651,09
737,187,20.8594402,7222,2021-06-28 18:44:23,52.193571,12
738,122,20.97117,7223,2021-06-28 18:44:20,52.263733,2
739,721,20.929228,7225,2021-06-28 18:44:22,52.16246,1
740,706,20.942636,7226,2021-06-28 18:44:22,52.176064,1
741,114,20.921522,7227,2021-06-28 18:44:22,52.31374,3
742,114,20.994186,7228,2021-06-28 18:44:20,52.271099,1
743,517,20.914911,7230,2021-06-28 18:44:22,52.199585,08
744,713,20.888746,7231,2021-06-28 18:44:23,52.216366,04
745,717,20.9650034,7232,2021-06-28 18:44:22,52.2182725,1
746,189,20.958767,7233,2021-06-28 18:44:21,52.190262,3
747,713,20.919655,7234,2021-06-28 18:44:21,52.2210457,1
748,187,20.885267,7235,2021-06-28 18:44:20,52.194889,10
749,184,20.9574919,7237,2021-06-28 18:44:22,52.2253815,6
750,141,21.049292,7238,2021-06-28 18:44:20,52.202534,5
751,189,20.89963,7239,2021-06-28 18:44:19,52.238716,16
752,184,20.923893,7240,2021-06-28 18:44:20,52.26083,8
753,317,21.0454782,7241,2021-06-28 18:44:23,52.1748929,5
754,141,20.944159,7242,2021-06-28 18:44:22,52.175495,1
755,523,20.982908,7243,2021-06-28 18:44:23,52.215996,9
756,401,20.972227,7244,2021-06-28 18:44:21,52.185646,3
757,187,21.014481,7245,2021-06-28 18:44:22,52.216831,7
758,190,21.0363699,7247,2021-06-28 18:44:23,52.2552559,017
759,188,20.987827,7248,2021-06-28 18:44:23,52.209316,5
760,171,20.926914,7249,2021-06-28 18:44:21,52.263725,3
761,317,20.9447022,7250,2021-06-28 18:44:22,52.1754231,3
762,105,20.898787,7251,2021-06-28 18:44:20,52.238781,2
763,167,21.0473619,7252,2021-06-28 18:44:22,52.2070004,4
764,122,20.932072,7254,2021-06-28 18:44:22,52.268162,1
765,191,20.9610037,7256,2021-06-28 18:44:23,52.2164999,8
766,190,20.9094909,7257,2021-06-28 18:44:22,52.1953185,012
767,187,20.8621001,7258,2021-06-28 18:44:23,52.1909909,11
768,189,20.8990702,7259,2021-06-28 18:44:23,52.2387227,15
769,125,21.12822,7301,2021-06-28 18:44:21,52.233582,08
770,507,21.102417,7303,2021-06-28 18:44:23,52.221966,5
771,188,21.03786,7304,2021-06-28 18:44:23,52.22241,07
772,138,21.005749,7305,2021-06-28 18:44:23,52.202534,4
773,151,21.0322936,7306,2021-06-28 18:44:23,52.2210231,04
774,509,20.9422242,7307,2021-06-28 18:44:22,52.3343994,7
775,138,21.1005292,7308,2021-06-28 18:44:23,52.2606499,1
776,188,20.9857539,7310,2021-06-28 18:44:21,52.2045192,2
777,182,21.0406109,7312,2021-06-28 18:44:23,52.2234789,5
778,E-1,21.0387514,7314,2021-06-28 18:44:21,52.242816,01
779,143,21.0057332,7315,2021-06-28 18:44:23,52.2161967,7
780,188,21.05809,7316,2021-06-28 18:44:21,52.22739,08
781,402,20.9935907,7317,2021-06-28 18:44:23,52.179035,3
782,182,21.112913,7318,2021-06-28 18:44:22,52.236111,4
783,182,21.1128067,7319,2021-06-28 18:44:22,52.2362645,3
784,411,21.0270834,7320,2021-06-28 18:44:21,52.2198756,01
785,182,21.0013387,7322,2021-06-28 18:44:23,52.2169226,8
786,E-1,21.041107,7323,2021-06-28 18:44:22,52.241333,02
787,138,21.055414,7325,2021-06-28 18:44:22,52.231518,3
788,141,21.112865,7326,2021-06-28 18:44:22,52.236305,6
789,E-1,21.0916772,7327,2021-06-28 18:44:22,52.2252452,03
790,182,21.008232,7328,2021-06-28 18:44:22,52.217407,1
791,523,21.0198616,7329,2021-06-28 18:44:22,52.2180182,017
792,171,20.9114877,7330,2021-06-28 18:44:23,52.2501291,5
793,162,21.126247,7331,2021-06-28 18:44:22,52.232819,013
794,141,21.04735,7333,2021-06-28 18:44:23,52.212189,8
795,116,21.02206,7334,2021-06-28 18:44:20,52.230083,69
796,110,20.899498,742,2021-06-28 18:44:17,52.32576,1
797,750,20.863096,745,2021-06-28 18:44:17,52.359001,07
798,250,20.927694,746,2021-06-28 18:44:21,52.291122,1
799,850,20.722937,749,2021-06-28 18:44:21,52.373341,2
800,150,20.933195,750,2021-06-28 18:44:21,52.295506,1
801,750,20.817581,755,2021-06-28 18:44:23,52.351887,2
802,110,20.968582,757,2021-06-28 18:44:20,52.272186,3
803,150,20.917576,758,2021-06-28 18:44:20,52.31731,2
804,750,20.928186,761,2021-06-28 18:44:17,52.290836,4
805,750,20.876801,762,2021-06-28 18:44:22,52.35183,1
806,850,20.788515,763,2021-06-28 18:44:18,52.372623,1
807,151,21.082353,7701,2021-06-28 18:44:23,52.2302786,1
808,411,21.0420157,7702,2021-06-28 18:44:23,52.2238307,04
809,402,21.1560629,7703,2021-06-28 18:44:23,52.2402507,7
810,151,21.0262854,7704,2021-06-28 18:44:23,52.2196942,05
811,110,16.9774837,7715,2021-06-28 18:40:35,52.5461099,3
812,150,20.864429333,773,2021-06-28 18:44:22,52.359749667,05
813,150,20.846645,774,2021-06-28 18:44:21,52.341324,3
814,250,20.884384,775,2021-06-28 18:44:22,52.331104,3
815,250,20.880112,776,2021-06-28 18:44:22,52.3237,2
816,750,20.8869661,777,2021-06-28 18:44:23,52.3409721,3
817,143,21.0944246,8103,2021-06-28 18:44:20,52.244067,011
818,167,20.9253778,8108,2021-06-28 18:44:18,52.233973,8
819,217,21.0690735,8109,2021-06-28 18:44:19,52.1669838,2
820,174,20.9962028,8110,2021-06-28 18:44:16,52.1833068,010
821,136,21.002281,8112,2021-06-28 18:44:20,52.176456,014
822,709,21.0218635,8115,2021-06-28 18:44:13,52.0749538,8
823,174,21.0055186,8119,2021-06-28 18:44:18,52.1719703,6
824,136,20.9857493,8120,2021-06-28 18:44:19,52.2044973,7
825,143,20.997056,8121,2021-06-28 18:42:10,52.187723,09
826,504,20.987922,8123,2021-06-28 18:44:20,52.2097415,3
827,165,21.0218648,8124,2021-06-28 18:44:13,52.1791948,4
828,727,21.0219125,8125,2021-06-28 18:44:18,52.0778268,3
829,709,20.9973595,8126,2021-06-28 18:44:18,52.1874446,014
830,402,21.0476613,8130,2021-06-28 18:44:18,52.1924755,5
831,136,20.9897866,8131,2021-06-28 18:44:11,52.1853798,012
832,148,21.0871575,8133,2021-06-28 18:44:23,52.2447565,5
833,402,21.0590428,8134,2021-06-28 18:44:17,52.2013555,9
834,167,20.9680998,8135,2021-06-28 18:44:17,52.2141841,9
835,162,21.02745,8136,2021-06-28 18:44:11,52.259661,08
836,162,20.995918,8137,2021-06-28 18:44:14,52.1863086,011
837,162,21.0302593,8138,2021-06-28 18:44:19,52.2341453,7
838,136,21.0558228,8139,2021-06-28 18:44:16,52.1475061,016
839,168,20.9957916,8140,2021-06-28 18:44:20,52.1929748,4
840,504,20.995831,8143,2021-06-28 18:44:09,52.1862483,011
841,504,21.0007135,8144,2021-06-28 18:44:16,52.1785196,4
842,709,21.0181663,8145,2021-06-28 18:44:18,52.1338258,011
843,727,21.0243778,8146,2021-06-28 18:44:18,52.179956,2
844,148,21.098279,8148,2021-06-28 18:44:03,52.236263,6
845,709,21.0269093,8152,2021-06-28 18:44:16,52.0757836,1
846,217,21.0326103,8153,2021-06-28 18:44:18,52.1774956,1
847,136,20.958314,8154,2021-06-28 18:44:22,52.222578,8
848,131,21.0039555,8155,2021-06-28 18:44:18,52.2296136,9
849,709,21.020119,8156,2021-06-28 18:44:16,52.1731771,6
850,308,20.9960613,8158,2021-06-28 18:44:20,52.1877853,01
851,136,21.027873,8160,2021-06-28 18:44:17,52.155706,5
852,504,20.9894985,8162,2021-06-28 18:44:17,52.2239851,1
853,709,21.012716,8164,2021-06-28 18:44:17,52.0732666,9
854,331,20.997004,8165,2021-06-28 18:44:17,52.1868961,03
855,148,21.0876003,8167,2021-06-28 18:44:12,52.2448196,4
856,218,21.0242626,8168,2021-06-28 18:44:18,52.1797556,3
857,504,21.047088,8169,2021-06-28 18:44:18,52.140053,5
858,131,21.004548,8170,2021-06-28 18:44:18,52.2294925,1
859,167,20.940918,8172,2021-06-28 18:44:12,52.2340346,010
860,143,21.001576,8173,2021-06-28 18:44:17,52.196218,010
861,218,21.0239853,8174,2021-06-28 18:44:21,52.1898968,1
862,727,20.9438035,8175,2021-06-28 18:44:15,52.0367846,4
863,709,21.0178056,8176,2021-06-28 18:44:14,52.1326895,3
864,143,21.0624208,8177,2021-06-28 18:44:18,52.228341,5
865,138,21.0202353,8178,2021-06-28 18:44:19,52.2115018,7
866,709,21.019128,8181,2021-06-28 18:44:07,52.091684,7
867,136,21.0555106,8182,2021-06-28 18:44:16,52.1473303,2
868,218,21.014586,8183,2021-06-28 18:44:10,52.179866,4
869,131,21.0651893,8184,2021-06-28 18:44:18,52.1855396,6
870,143,21.0504148,8185,2021-06-28 18:44:16,52.2257066,8
871,217,21.0241911,8187,2021-06-28 18:44:12,52.1796611,4
872,185,21.045266,8188,2021-06-28 18:44:20,52.177415,9
873,504,21.0682661,8189,2021-06-28 18:44:17,52.1294411,7
874,709,21.0241198,8190,2021-06-28 18:44:17,52.1799603,5
875,131,21.0210226,8192,2021-06-28 18:44:15,52.2110525,4
876,504,21.0041233,8195,2021-06-28 18:44:19,52.2295631,2
877,504,20.998436,8196,2021-06-28 18:44:19,52.178996,013
878,218,21.0022841,8197,2021-06-28 18:44:10,52.1832651,2
879,174,21.004758,8199,2021-06-28 18:44:19,52.171455,4
880,402,20.9867708,8201,2021-06-28 18:44:18,52.181738,4
881,151,21.115749,8202,2021-06-28 10:44:07,52.233741,05
882,151,21.1175305,8204,2021-06-28 10:20:01,52.2338373,06
883,151,21.019743,8208,2021-06-28 18:44:20,52.218096,2
884,521,20.9924338,8214,2021-06-28 18:44:16,52.2255801,1
885,125,21.1964661,8216,2021-06-28 18:44:13,52.2083141,2
886,182,21.0853478,8218,2021-06-28 18:44:16,52.2360576,013
887,509,21.0511071,8220,2021-06-28 18:43:52,52.2396373,023
888,182,21.0989666,8222,2021-06-28 18:44:17,52.2373198,2
889,509,21.0926516,8223,2021-06-28 18:44:16,52.2250683,024
890,151,21.090568,8225,2021-06-28 18:43:43,52.231116,06
891,509,20.999929,8228,2021-06-28 18:44:04,52.293478,10
892,521,20.9645806,8229,2021-06-28 18:44:12,52.2078193,2
893,523,20.898275,8231,2021-06-28 18:44:18,52.25844,021
894,162,21.0390221,8233,2021-06-28 18:44:02,52.2168626,014
895,145,21.0002331,8300,2021-06-28 18:44:15,52.2913396,2
896,145,21.08796,8301,2021-06-28 18:44:20,52.2447845,9
897,509,21.034286,8303,2021-06-28 18:44:15,52.254955,3
898,171,20.9600125,8304,2021-06-28 18:44:22,52.2376868,010
899,509,21.116975,8305,2021-06-28 09:25:27,52.233583,022
900,117,21.0108628,8306,2021-06-28 18:44:16,52.2293053,3
901,116,21.0840935,8309,2021-06-28 18:44:23,52.168057,4
902,141,20.94366,8310,2021-06-28 18:44:10,52.175696,2
903,168,20.995551,8311,2021-06-28 18:44:22,52.191441,3
904,151,21.105036,8312,2021-06-28 18:44:17,52.230204,3
905,720,21.1448966,8313,2021-06-28 18:44:20,52.2266318,02
906,162,21.0368565,8314,2021-06-28 18:44:20,52.2519456,2
907,117,21.0050831,8315,2021-06-28 18:44:18,52.2295625,06
908,521,21.1686138,8318,2021-06-28 18:44:19,52.2038813,4
909,185,21.021843,8319,2021-06-28 18:44:19,52.142764,11
910,151,21.116836,8320,2021-06-28 09:58:49,52.233566,04
911,162,21.0850535,8322,2021-06-28 18:44:15,52.1934076,5
912,509,20.9661125,8323,2021-06-28 18:44:19,52.318829,9
913,148,21.0410133,8324,2021-06-28 18:44:01,52.170325,7
914,143,21.1369225,8326,2021-06-28 18:44:21,52.2429808,1
915,145,21.036056,8328,2021-06-28 18:44:01,52.288423,1
916,507,21.0500913,8329,2021-06-28 18:44:14,52.2376825,08
917,148,21.0500163,8330,2021-06-28 18:44:17,52.1603281,2
918,145,21.1278118,8332,2021-06-28 18:44:21,52.2341338,7
919,523,20.8974531,8333,2021-06-28 18:44:18,52.2592281,12
920,148,21.0522941,8334,2021-06-28 18:44:16,52.1847983,3
921,145,21.0843216,8335,2021-06-28 18:44:21,52.2454376,014
922,143,21.177161,8337,2021-06-28 18:44:17,52.256956,2
923,125,21.1407028,8340,2021-06-28 18:44:17,52.228162,4
924,523,21.1059523,8341,2021-06-28 18:44:17,52.2469051,5
925,507,21.003371,8342,2021-06-28 18:44:04,52.231465,1
926,171,20.924894,8343,2021-06-28 18:44:18,52.272548,09
927,502,21.2185933,8344,2021-06-28 18:44:11,52.2176833,1
928,507,21.05141,8345,2021-06-28 18:44:20,52.238425,3
929,145,21.000491,8348,2021-06-28 18:44:08,52.291449,3
930,507,21.102139,8349,2021-06-28 18:44:18,52.222076,6
931,145,21.106461,8350,2021-06-28 18:44:04,52.286553,012
932,507,21.0966017,8351,2021-06-28 18:44:18,52.22435,4
933,502,21.015386,8352,2021-06-28 18:44:03,52.218708,4
934,523,20.9763483,8353,2021-06-28 18:44:20,52.21808,2
935,502,21.1443067,8354,2021-06-28 18:44:16,52.2266667,011
936,523,21.013429,8356,2021-06-28 18:44:11,52.216938,8
937,514,21.023438,8358,2021-06-28 18:44:15,52.218851,3
938,523,21.0564567,8359,2021-06-28 18:44:17,52.2270017,3
939,507,21.080221,8360,2021-06-28 18:44:22,52.22619,7
940,202,21.042051,8361,2021-06-28 18:44:11,52.242088,1
941,502,21.0822017,8362,2021-06-28 18:44:20,52.235715,2
942,188,20.978214,8363,2021-06-28 18:44:00,52.16944,6
943,138,20.995998,8364,2021-06-28 18:44:15,52.169901,6
944,514,21.171745,8365,2021-06-28 18:44:15,52.2514,1
945,523,21.084299,8366,2021-06-28 18:44:12,52.244393,4
946,502,21.1457733,8368,2021-06-28 18:44:21,52.22656,5
947,145,21.117193,8398,2021-06-28 18:42:13,52.233339,013
948,402,21.128139,8403,2021-06-28 18:44:17,52.23449,011
949,521,21.1910938,8408,2021-06-28 18:44:15,52.1813066,07
950,143,21.1781823,8410,2021-06-28 18:44:16,52.2607838,012
951,523,20.9272098,8414,2021-06-28 18:44:22,52.2407786,13
952,148,20.9781643,8417,2021-06-28 18:44:14,52.169397,9
953,148,20.97808,8430,2021-06-28 18:44:16,52.169515,010
954,162,21.0340056,8437,2021-06-28 18:44:12,52.2573731,012
955,125,21.1642131,8438,2021-06-28 18:44:03,52.2180366,1
956,162,21.101936,8440,2021-06-28 18:44:04,52.241905,015
957,145,21.109686,8441,2021-06-28 18:44:23,52.285099,6
958,269,21.047169,8442,2021-06-28 18:44:19,52.26376,01
959,723,20.96796,8443,2021-06-28 18:44:20,52.327957,2
960,114,20.9722241,8445,2021-06-28 18:44:22,52.2646292,5
961,120,21.0517877,8446,2021-06-28 18:44:23,52.262035,6
962,731,20.962246,8447,2021-06-28 18:44:22,52.334122,3
963,160,21.0683777,8448,2021-06-28 18:44:22,52.3234246,1
964,132,20.9693105,8449,2021-06-28 18:44:23,52.271806,04
965,412,21.067043,8450,2021-06-28 18:44:23,52.323166,052
966,112,20.9384697,8451,2021-06-28 18:44:22,52.2764171,6
967,527,21.0547279,8452,2021-06-28 18:44:23,52.2756427,06
968,160,21.046291,8453,2021-06-28 18:44:21,52.25988,014
969,160,21.002756,8454,2021-06-28 18:44:22,52.229507,4
970,160,21.05237,8455,2021-06-28 18:44:22,52.273708,6
971,132,21.050031,8457,2021-06-28 18:44:08,52.31902,08
972,527,21.064676,8458,2021-06-28 18:44:22,52.3247145,055
973,Z26,20.9733692,8459,2021-06-28 18:44:23,52.2353107,3
974,412,21.0919896,8460,2021-06-28 18:44:21,52.3071102,053
975,120,21.043621,8461,2021-06-28 18:44:02,52.346833,4
976,414,20.9709005,8462,2021-06-28 18:44:23,52.2754181,05
977,511,20.9278721,8463,2021-06-28 18:44:23,52.2910497,05
978,509,21.0501005,8465,2021-06-28 18:44:23,52.2414387,2
979,136,21.05626,8500,2021-06-28 18:44:15,52.14764,3
980,501,21.0027133,8501,2021-06-28 18:44:17,52.2294433,06
981,138,21.067978,8502,2021-06-28 18:44:23,52.260935,9
982,189,21.0530017,8503,2021-06-28 18:44:20,52.17999,5
983,522,21.079905,8504,2021-06-28 18:44:13,52.1578217,4
984,401,20.9144817,8505,2021-06-28 18:44:16,52.1997883,2
985,131,21.083839,8506,2021-06-28 18:44:11,52.168303,7
986,501,21.0483167,8507,2021-06-28 18:44:23,52.17811,4
987,138,21.037978,8508,2021-06-28 18:44:20,52.252054,2
988,189,20.915804,8509,2021-06-28 18:44:05,52.22711,1
989,501,21.0216867,8510,2021-06-28 18:44:23,52.2109467,1
990,189,20.913641,8511,2021-06-28 18:44:10,52.212176,027
991,Z26,20.97479,8512,2021-06-28 18:44:16,52.2356133,4
992,186,20.970686,8513,2021-06-28 18:44:22,52.32057,013
993,733,20.7756717,8514,2021-06-28 18:44:15,52.075325,01
994,Z26,21.0321283,8515,2021-06-28 18:44:21,52.25358,7
995,522,21.011801,8516,2021-06-28 18:44:11,52.230018,2
996,141,20.9773633,8517,2021-06-28 18:44:18,52.183835,10
997,519,21.068048,8519,2021-06-28 18:44:19,52.170095,7
998,519,21.029234,8520,2021-06-28 18:44:10,52.207076,1
999,186,20.971338,8522,2021-06-28 18:44:20,52.212901,10
1000,733,20.7976983,8523,2021-06-28 18:44:21,52.08739,62
1001,522,21.058838,8525,2021-06-28 18:44:13,52.17877,011
1002,172,21.0690633,8526,2021-06-28 18:44:22,52.1813967,63
1003,172,20.992501,8528,2021-06-28 18:44:06,52.196796,5
1004,308,21.003195,8530,2021-06-28 18:44:05,52.188896,02
1005,172,21.0221333,8532,2021-06-28 18:44:13,52.1970733,1
1006,Z26,20.9802233,8533,2021-06-28 18:44:14,52.23696,2
1007,138,20.99549,8534,2021-06-28 18:44:20,52.170261,5
1008,522,21.012699,8535,2021-06-28 18:44:04,52.228368,1
1009,172,20.969663,8536,2021-06-28 18:44:12,52.213524,6
1010,522,21.080096,8537,2021-06-28 18:44:03,52.157726,5
1011,709,21.019918,8539,2021-06-28 18:44:17,52.172938,4
1012,172,20.9611817,8540,2021-06-28 18:44:20,52.2166833,8
1013,185,20.975776,8541,2021-06-28 18:44:08,52.289693,6
1014,172,20.9743183,8543,2021-06-28 18:44:23,52.2026483,9
1015,519,21.015115,8544,2021-06-28 18:44:21,52.21794,4
1016,522,21.020231,8546,2021-06-28 18:44:07,52.2117,012
1017,522,21.069555,8547,2021-06-28 18:44:22,52.16501,6
1018,402,21.143133,8548,2021-06-28 18:44:14,52.237346,010
1019,186,20.99972,8549,2021-06-28 18:44:21,52.29242,015
1020,186,20.95767,8550,2021-06-28 18:44:10,52.2272567,016
1021,709,21.012691,8551,2021-06-28 18:44:15,52.073548,10
1022,136,20.966026,8552,2021-06-28 18:44:09,52.214731,10
1023,Z26,21.0000917,8555,2021-06-28 18:44:17,52.2441617,5
1024,519,21.002735,8556,2021-06-28 18:44:07,52.2292367,6
1025,Z26,20.9744617,8558,2021-06-28 18:44:20,52.2355917,08
1026,217,21.024029,8559,2021-06-28 18:44:17,52.189921,06
1027,519,21.09373,8560,2021-06-28 18:44:04,52.121033,2
1028,411,21.0968567,8561,2021-06-28 18:44:21,52.2243083,02
1029,521,21.204716,8562,2021-06-28 18:44:17,52.159399,09
1030,402,21.002186,8563,2021-06-28 18:44:14,52.177986,2
1031,521,21.1169067,8564,2021-06-28 18:44:18,52.238865,08
1032,502,21.061833,8565,2021-06-28 18:44:08,52.228418,014
1033,502,21.2384533,8566,2021-06-28 18:44:15,52.2160933,6
1034,402,20.9935167,8567,2021-06-28 18:44:09,52.1788883,014
1035,509,20.942036,8568,2021-06-28 18:44:21,52.33451,021
1036,171,20.92323,8569,2021-06-28 18:44:19,52.2403433,2
1037,411,21.1025017,8571,2021-06-28 18:44:16,52.2220783,03
1038,E-1,21.102399,8572,2021-06-28 18:44:13,52.222001,04
1039,202,21.128659,8573,2021-06-28 18:44:17,52.240205,2
1040,411,21.115896,8574,2021-06-28 10:20:57,52.233514,01
1041,720,21.3326467,8576,2021-06-28 18:44:19,52.1517417,1
1042,162,21.08499,8578,2021-06-28 18:44:07,52.1932783,4
1043,125,21.043325,8579,2021-06-28 18:44:18,52.24608,09
1044,731,20.92406,8583,2021-06-28 18:44:08,52.4148133,5
1045,269,21.042284,8584,2021-06-28 18:44:22,52.295436,02
1046,269,21.041821,8585,2021-06-28 18:44:15,52.300429,03
1047,514,21.1840567,8586,2021-06-28 18:44:16,52.2473167,2
1048,523,21.115558,8587,2021-06-28 08:55:25,52.233753,3
1049,145,21.01828,8588,2021-06-28 18:44:20,52.26958,016
1050,514,21.0259867,8589,2021-06-28 18:44:14,52.2196367,4
1051,502,21.015811,8590,2021-06-28 18:44:02,52.22178,3
1052,507,21.006503,8592,2021-06-28 18:44:17,52.228786,2
1053,145,21.120545,8593,2021-06-28 18:44:10,52.2372467,10
1054,138,21.0468133,8595,2021-06-28 18:44:18,52.2477833,8
1055,186,20.9557915,8801,2021-06-28 18:44:18,52.2314991,11
1056,185,21.0376183,8802,2021-06-28 18:44:18,52.146149,1
1057,727,21.0186855,8803,2021-06-28 18:44:21,52.0979315,1
1058,217,21.0371126,8804,2021-06-28 18:44:20,52.1767225,3
1059,185,20.997015,8805,2021-06-28 18:44:15,52.270449,4
1060,402,21.1557321,8806,2021-06-28 18:44:19,52.2401993,8
1061,131,21.0690401,8808,2021-06-28 18:44:20,52.1813393,3
1062,709,21.0184451,8809,2021-06-28 18:44:13,52.1048908,2
1063,174,21.011191,8810,2021-06-28 18:44:20,52.2006121,1
1064,165,21.0208088,8811,2021-06-28 18:44:18,52.1799595,3
1065,167,20.9969568,8812,2021-06-28 18:44:20,52.1877516,011
1066,402,21.0434021,8813,2021-06-28 18:44:18,52.172507,1
1067,167,21.0578971,8814,2021-06-28 18:44:18,52.2130658,2
1068,167,21.083228,8816,2021-06-28 18:44:11,52.20826,3
1069,308,20.996518,8817,2021-06-28 18:44:20,52.187586,03
1070,504,21.017493,8818,2021-06-28 18:44:16,52.158859,9
1071,331,20.9970058,8819,2021-06-28 18:33:08,52.1877331,04
1072,522,21.018458,8820,2021-06-28 18:44:21,52.186601,014
1073,174,20.9967751,8821,2021-06-28 18:32:49,52.1875216,08
1074,174,20.9953078,8822,2021-06-28 18:44:19,52.1701671,5
1075,522,21.0730383,8823,2021-06-28 18:44:17,52.1597635,015
1076,167,20.979032,8824,2021-06-28 18:44:21,52.2136468,6
1077,709,21.0144901,8825,2021-06-28 18:44:17,52.071862,012
1078,504,21.0462915,8826,2021-06-28 18:44:17,52.1407868,8
1079,143,21.0872305,8828,2021-06-28 18:44:19,52.2449938,4
1080,509,21.0139293,8829,2021-06-28 18:44:15,52.2750926,4
1081,523,20.9120913,8830,2021-06-28 18:44:03,52.2434545,11
1082,125,21.0800875,8831,2021-06-28 18:44:19,52.2454963,5
1083,171,21.0432928,8832,2021-06-28 18:44:22,52.2227911,7
1084,141,21.020672,8833,2021-06-28 18:44:16,52.1968301,9
1085,704,21.2768251,8834,2021-06-28 18:44:18,52.2217934,2
1086,521,21.2046655,8835,2021-06-28 18:44:17,52.1594105,5
1087,182,21.0139258,8837,2021-06-28 18:44:18,52.2168716,6
1088,182,20.9649231,8838,2021-06-28 18:44:11,52.2180286,010
1089,704,21.130296,8839,2021-06-28 18:44:12,52.232835,1
1090,185,20.9757143,8840,2021-06-28 18:44:22,52.2896085,5
1091,125,21.0412841,8841,2021-06-28 18:44:15,52.241516,6
1092,521,21.0282466,8843,2021-06-28 18:44:18,52.233366,3
1093,185,21.0552091,8844,2021-06-28 18:44:10,52.180921,2
1094,402,21.0217313,8845,2021-06-28 18:44:19,52.1731331,013
1095,143,21.1378481,8846,2021-06-28 18:44:09,52.2472153,3
1096,143,21.006797,8847,2021-06-28 18:44:15,52.2171878,6
1097,125,21.1829721,8849,2021-06-28 18:44:17,52.206835,3
1098,521,21.1257406,8850,2021-06-28 18:44:20,52.2346548,6
1099,523,20.956691,8851,2021-06-28 18:44:09,52.228316,019
1100,141,20.957326,8852,2021-06-28 18:44:12,52.189516,3
1101,125,21.0941208,8853,2021-06-28 18:44:16,52.2441451,7
1102,509,20.941373,8854,2021-06-28 18:44:12,52.333196,8
1103,402,21.1221476,8855,2021-06-28 18:44:18,52.2327376,6
1104,512,21.0563618,8856,2021-06-28 18:44:15,52.2837871,1
1105,509,21.0791616,8857,2021-06-28 18:44:09,52.2261795,12
1106,169,21.0418601,8858,2021-06-28 18:44:17,52.300122,1
1107,112,20.8830235,8859,2021-06-28 18:44:18,52.2147846,4
1108,512,21.0520936,8861,2021-06-28 18:44:19,52.2529141,4
1109,412,21.049589,8862,2021-06-28 18:44:19,52.252786,04
1110,738,21.0453583,8864,2021-06-28 18:44:18,52.2649963,05
1111,500,21.0459893,8865,2021-06-28 10:43:17,52.2651186,08
1112,169,21.042628,8866,2021-06-28 18:44:15,52.299549,5
1113,162,21.0307775,8867,2021-06-28 18:44:15,52.2609831,1
1114,190,20.9268613,8868,2021-06-28 18:44:20,52.2407838,5
1115,190,21.08529,8869,2021-06-28 18:44:17,52.303998,023
1116,190,21.0589531,8871,2021-06-28 18:44:20,52.2666725,025
1117,190,20.9914835,8872,2021-06-28 18:44:20,52.244011,026
1118,738,21.191837,8873,2021-06-28 18:44:11,52.4019871,06
1119,500,20.9818395,8874,2021-06-28 18:44:20,52.2531771,3
1120,190,20.9147665,8875,2021-06-28 18:44:18,52.2317633,4
1121,162,21.0472626,8876,2021-06-28 18:44:17,52.2122915,3
1122,512,21.0647353,8878,2021-06-28 18:44:17,52.2876241,06
1123,509,21.0792201,8879,2021-06-28 18:44:13,52.2261215,1
1124,709,20.996574,8880,2021-06-25 18:58:33,52.18762,016
1125,186,20.9812525,8881,2021-06-28 18:44:17,52.2016751,014
1126,165,20.9923265,8882,2021-06-28 18:44:16,52.163446,2
1127,128,20.970874,8883,2021-06-28 18:44:10,52.206146,64
1128,180,21.0837966,8885,2021-06-28 18:44:14,52.1683678,5
1129,167,21.0077628,8886,2021-06-28 18:44:11,52.2081135,5
1130,189,20.8986955,8887,2021-06-28 18:44:04,52.2386881,021
1131,175,21.0127468,8888,2021-06-28 18:44:18,52.2432181,61
1132,504,21.0330488,8891,2021-06-28 18:44:15,52.1571316,012
1133,165,20.991299,8892,2021-06-28 18:44:16,52.157558,1
1134,116,21.056368,8893,2021-06-28 18:44:04,52.181323,53
1135,217,21.069903,8894,2021-06-28 18:44:21,52.16393,05
1136,136,20.9660535,8895,2021-06-28 18:44:17,52.2431365,015
1137,174,20.9989455,8896,2021-06-28 18:44:17,52.2310991,07
1138,180,21.0489301,8897,2021-06-28 18:44:18,52.205713,015
1139,167,20.940419,8898,2021-06-28 18:44:16,52.2348235,7
1140,504,21.068523,8899,2021-06-28 18:39:54,52.129174,6
1141,161,21.224815,9061,2021-06-28 18:44:19,52.186653,2
1142,161,21.204432,9063,2021-06-28 18:44:21,52.168041,3
1143,262,21.087795,9064,2021-06-28 18:44:21,52.286552,03
1144,314,21.032507,9065,2021-06-28 18:44:22,52.318535,04
1145,314,20.974285,9066,2021-06-28 18:44:21,52.318211,02
1146,104,21.034216,9068,2021-06-28 18:44:21,52.317673,2
1147,161,21.19593,9070,2021-06-28 18:44:20,52.183426,1
1148,225,21.167866,9071,2021-06-28 18:44:18,52.276398,2
1149,225,21.102392,9074,2021-06-28 18:44:18,52.222858,4
1150,225,21.128426,9075,2021-06-28 18:44:22,52.234737,3
1151,211,20.943937,9077,2021-06-28 18:44:21,52.347832,08
1152,314,20.95281,9078,2021-06-28 18:44:21,52.317307,01
1153,104,21.000208,9081,2021-06-28 18:44:21,52.291485,1
1154,314,21.046587,9082,2021-06-28 18:44:20,52.342564,03
1155,262,21.053694,9083,2021-06-28 18:44:22,52.276421,2
1156,225,21.132324,9088,2021-06-28 18:44:23,52.247837,1
1157,211,20.956543,9090,2021-06-28 18:44:18,52.331226,2
1158,211,20.965565,9091,2021-06-28 18:44:21,52.312885,07
1159,262,21.053425,9092,2021-06-28 18:44:21,52.276142,1
1160,305,21.145302,9093,2021-06-28 18:44:21,52.227081,1
1161,900,20.941994,9094,2021-06-28 18:44:21,52.348122,1
1162,133,20.946737,9201,2021-06-28 18:44:20,52.321259,2
1163,207,20.870502,9202,2021-06-28 18:44:18,52.183331,03
1164,164,21.138212,9203,2021-06-28 18:44:13,52.145885,05
1165,133,20.952259,9204,2021-06-28 18:44:16,52.316853,1
1166,239,21.027149,9205,2021-06-28 18:44:19,52.151466,51
1167,209,21.034889,9206,2021-06-28 18:44:15,52.155994,52
1168,209,20.981066,9208,2021-06-28 18:44:17,52.132805,54
1169,211,20.984589,9209,2021-06-28 18:44:17,52.303478,4
1170,177,20.883675,9210,2021-06-28 18:44:17,52.205742,3
1171,809,21.005865,9212,2021-06-28 18:44:18,52.123585,53
1172,211,20.945504,9213,2021-06-28 18:44:23,52.349824,6
1173,219,21.159866,9215,2021-06-28 18:44:21,52.185413,3
1174,208,20.960196,9216,2021-06-28 18:44:00,52.215786,1
1175,234,21.01405,9217,2021-06-28 18:44:18,52.31039,1
1176,239,21.037737,9218,2021-06-28 18:44:21,52.153877,057
1177,234,21.058937,9219,2021-06-28 18:44:17,52.341091,2
1178,203,20.902843,9220,2021-06-28 18:44:20,52.275108,1
1179,249,20.892397,9221,2021-06-28 18:44:17,52.234035,1
1180,211,20.94142,9223,2021-06-28 18:44:20,52.355347,1
1181,208,20.97418,9225,2021-06-28 18:44:20,52.21183,04
1182,208,20.97489,9226,2021-06-28 18:44:20,52.209396,05
1183,208,20.956289,9227,2021-06-28 18:44:16,52.202087,2
1184,219,21.103912,9228,2021-06-28 18:44:19,52.222153,2
1185,219,21.144103,9229,2021-06-28 18:44:17,52.214131,1
1186,201,20.931105,9230,2021-06-28 18:44:16,52.254822,2
1187,809,21.025026,9232,2021-06-28 18:44:22,52.143673,056
1188,264,21.083963,9233,2021-06-28 18:44:23,52.167639,1
1189,201,20.925138,9235,2021-06-28 18:44:21,52.260643,5
1190,201,20.945368,9236,2021-06-28 18:44:24,52.239006,4
1191,208,20.975666,9238,2021-06-28 18:44:17,52.210293,03
1192,207,20.896275,9239,2021-06-28 18:44:21,52.196247,02
1193,177,20.900105,9240,2021-06-28 18:44:20,52.190464,1
1194,211,20.96093,9243,2021-06-28 18:44:18,52.314514,5
1195,207,20.903971,9244,2021-06-28 18:44:21,52.193508,01
1196,211,21.000996,9245,2021-06-28 18:44:19,52.291245,3
1197,164,21.086306,9246,2021-06-28 18:44:15,52.160408,04
1198,201,20.925047,9247,2021-06-28 18:44:17,52.260582,1
1199,177,20.866854,9248,2021-06-28 18:44:14,52.196781,2
1200,164,21.059486,9250,2021-06-28 18:44:15,52.192905,3
1201,164,21.144569,9251,2021-06-28 18:44:18,52.138851,2
1202,164,21.092758,9252,2021-06-28 18:44:22,52.160736,1
1203,211,20.948286,9254,2021-06-28 18:44:19,52.331989,09
1204,199,21.076147,9301,2021-06-28 18:44:22,52.287838,06
1205,739,21.024286,9302,2021-06-28 18:44:18,52.179852,2
1206,739,21.018053,9304,2021-06-28 18:44:22,52.135658,3
1207,179,21.055964,9311,2021-06-28 17:44:20,52.131744,10
1208,123,21.062647,9312,2021-06-28 18:44:23,52.232685,08
1209,179,21.068665,9313,2021-06-28 18:44:16,52.128902,11
1210,153,21.177088,9314,2021-06-28 18:44:17,52.256893,2
1211,179,21.057215,9315,2021-06-28 18:44:22,52.151829,2
1212,135,21.046017,9316,2021-06-28 18:44:17,52.24839,3
1213,135,21.036135,9317,2021-06-28 18:44:22,52.250923,6
1214,135,21.03051,9318,2021-06-28 18:44:20,52.261658,2
1215,135,21.033878,9319,2021-06-28 18:44:17,52.263432,1
1216,179,21.036537,9320,2021-06-28 18:44:21,52.154934,4
1217,179,21.036964,9321,2021-06-28 18:44:23,52.162083,5
1218,123,21.052349,9322,2021-06-28 18:44:18,52.250214,5
1219,135,21.08371,9323,2021-06-28 18:44:18,52.230507,07
1220,179,21.051804,9324,2021-06-28 18:44:16,52.15469,9
1221,179,21.049604,9325,2021-06-28 18:44:22,52.137085,51
1222,256,21.055231,9326,2021-06-28 18:44:16,52.275421,2
1223,142,21.242058,9327,2021-06-28 18:44:18,52.169876,3
1224,179,21.033623,9328,2021-06-28 18:44:20,52.144016,8
1225,153,21.157669,9329,2021-06-28 18:44:16,52.262733,04
1226,123,21.0773959,9331,2021-06-28 09:44:24,52.2687066,07
1227,123,21.077486,9332,2021-06-28 15:39:21,52.268074,08
1228,142,21.094765,9333,2021-06-28 18:44:19,52.243847,5
1229,739,21.027231,9334,2021-06-28 18:44:20,52.098297,1
1230,153,21.152525,9335,2021-06-28 18:44:20,52.26852,3
1231,135,21.104958,9336,2021-06-28 18:44:23,52.245811,5
1232,739,21.0771987,9337,2021-06-28 16:56:14,52.2682345,2
1233,179,21.037148,9338,2021-06-28 18:44:21,52.162109,6
1234,256,21.0809222,9339,2021-06-28 18:44:15,52.2773727,1
1235,153,21.172562,9340,2021-06-28 18:44:21,52.285446,1
1236,142,21.168789,9341,2021-06-28 18:44:17,52.17215,4
1237,739,21.039761,9342,2021-06-28 18:44:19,52.080605,4
1238,256,21.066557,9343,2021-06-28 18:44:21,52.321289,4
1239,135,21.0867062,9344,2021-06-28 18:44:24,52.2365055,08
1240,739,21.039883,9345,2021-06-28 18:44:22,52.080666,05
1241,179,21.026188,9346,2021-06-28 18:44:21,52.156075,7
1242,135,21.107197,9347,2021-06-28 18:44:14,52.248398,4
1243,123,21.073076,9348,2021-06-28 18:44:20,52.251816,09
1244,179,21.025848,9349,2021-06-28 18:44:16,52.142517,3
1245,123,21.051172,9350,2021-06-28 18:44:21,52.252586,357
1246,142,21.085735,9351,2021-06-28 18:44:18,52.244713,1
1247,123,21.098661,9352,2021-06-28 18:44:20,52.243156,6
1248,739,21.017546,9353,2021-06-28 18:44:20,52.145447,06
1249,123,21.092257,9354,2021-06-28 18:44:23,52.221798,07
1250,199,21.139788,9355,2021-06-28 18:44:22,52.288239,05
1251,256,21.066538,9356,2021-06-28 18:44:18,52.320553,3
1252,142,21.157167,9357,2021-06-28 18:44:19,52.170151,2
1253,142,21.077633,9358,2021-06-28 16:02:28,52.267822,4
1254,256,21.063175,9359,2021-06-28 18:44:23,52.272987,5
1255,176,20.982346,9403,2021-06-28 18:44:18,52.355549,1
1256,176,21.010504,9405,2021-06-28 18:44:20,52.30204,05
1257,176,20.982208,9412,2021-06-28 18:44:20,52.355614,3
1258,197,20.941959,9413,2021-06-28 18:44:21,52.226124,012
1259,197,20.938955,9414,2021-06-28 18:44:21,52.246674,014
1260,103,20.968489,9415,2021-06-28 18:44:20,52.222054,2
1261,102,21.006411,9416,2021-06-28 18:44:17,52.238174,3
1262,157,20.995436,9417,2021-06-28 18:44:22,52.258976,7
1263,712,20.859224,9418,2021-06-28 18:44:23,52.267555,02
1264,516,20.952517,9420,2021-06-28 18:44:17,52.318821,5
1265,157,20.963739,9423,2021-06-28 18:44:18,52.208042,1
1266,103,20.96887,9424,2021-06-28 18:44:19,52.22213,4
1267,123,21.051212,9425,2021-06-28 18:44:21,52.239193,1
1268,157,20.993172,9426,2021-06-28 18:44:20,52.261578,3
1269,157,20.975243,9427,2021-06-28 18:44:17,52.289398,4
1270,157,20.984613,9428,2021-06-28 18:44:22,52.218571,9
1271,103,20.954723,9429,2021-06-28 18:44:21,52.284801,6
1272,157,20.963875,9432,2021-06-28 18:44:21,52.207962,10
1273,176,20.99399,9434,2021-06-28 18:44:19,52.323761,04
1274,516,20.999655,9435,2021-06-28 18:44:21,52.293793,1
1275,157,20.985723,9436,2021-06-28 18:44:22,52.245525,2
1276,157,20.972397,9437,2021-06-28 18:44:23,52.282265,6
1277,197,20.93223,9438,2021-06-28 18:44:18,52.253643,011
1278,197,20.953127,9439,2021-06-28 18:44:23,52.280235,016
1279,516,20.954727,9440,2021-06-28 18:44:22,52.320343,3
1280,123,21.050745,9441,2021-06-28 18:44:22,52.252457,3
1281,103,20.967505,9442,2021-06-28 18:44:18,52.227459,5
1282,102,21.087782,9443,2021-06-28 18:44:19,52.250175,1
1283,103,20.968695,9444,2021-06-28 18:44:19,52.222088,3
1284,103,20.926912,9445,2021-06-28 18:44:18,52.290226,7
1285,103,20.952436,9446,2021-06-28 18:44:22,52.262909,1
1286,123,21.094118,9447,2021-06-28 18:44:21,52.227448,4
1287,157,20.979773,9448,2021-06-28 18:44:20,52.216904,011
1288,516,20.942038,9449,2021-06-28 18:44:20,52.333946,4
1289,102,21.050306,9450,2021-06-28 18:44:19,52.237663,2
1290,157,20.976564,9451,2021-06-28 18:44:22,52.28989,5
1291,157,20.986624,9452,2021-06-28 18:44:20,52.240295,8
1292,176,21.030468,9453,2021-06-28 18:44:19,52.288319,2
1293,197,20.949863,9454,2021-06-28 18:44:17,52.280514,015
1294,712,20.927298,9455,2021-06-28 18:44:19,52.291149,1
1295,743,20.930256,9456,2021-06-28 18:44:23,52.224857,1
1296,197,20.931076,9457,2021-06-28 18:44:18,52.225136,013
1297,103,20.950541,9458,2021-06-28 18:44:19,52.289539,8
1298,194,20.9295835,9501,2021-06-28 18:44:20,52.2237495,5
1299,707,20.896864667,9502,2021-06-28 18:44:19,52.129777,1
1300,159,21.0851415,9503,2021-06-28 18:44:22,52.193220167,1
1301,103,20.971918333,9505,2021-06-28 18:44:20,52.254665167,09
1302,103,20.927375667,9506,2021-06-28 18:44:20,52.2899765,011
1303,220,20.913174167,9509,2021-06-28 18:44:20,52.252359167,3
1304,194,20.861255833,9510,2021-06-28 18:44:19,52.191651167,06
1305,737,21.036830333,9511,2021-06-28 18:44:22,52.162004,56
1306,220,20.934259333,9513,2021-06-28 18:44:22,52.172156833,5
1307,715,21.024592667,9514,2021-06-28 18:44:20,52.142851,53
1308,181,20.8999235,9515,2021-06-28 18:44:23,52.297147667,2
1309,737,20.972121,9516,2021-06-28 18:44:19,52.092774333,54
1310,149,20.941672333,9519,2021-06-28 18:44:20,52.245595,2
1311,159,21.051238833,9520,2021-06-28 18:44:21,52.199179,8
1312,715,20.943390833,9521,2021-06-28 18:44:23,52.175733333,1
1313,220,20.893094,9522,2021-06-28 18:44:21,52.2040625,4
1314,220,20.896744,9523,2021-06-28 18:44:20,52.235581,07
1315,220,20.924994333,9524,2021-06-28 18:44:21,52.260759833,2
1316,194,20.891761667,9525,2021-06-28 18:44:20,52.206220333,3
1317,181,20.954511833,9526,2021-06-28 18:44:22,52.283455833,1
1318,715,21.0369405,9528,2021-06-28 18:44:21,52.161977667,058
1319,715,20.943109833,9529,2021-06-28 18:44:20,52.1477375,52
1320,707,20.938156333,9530,2021-06-28 18:44:20,52.087923833,03
1321,159,20.954638,9531,2021-06-28 18:44:21,52.211985667,4
1322,194,20.930846833,9532,2021-06-28 18:44:19,52.225072333,1
1323,181,20.986309167,9533,2021-06-28 18:44:21,52.269541833,4
1324,181,20.930926833,9534,2021-06-28 18:44:19,52.3070995,3
1325,159,21.023601,9535,2021-06-28 18:44:23,52.223870167,7
1326,159,20.971666667,9537,2021-06-28 18:44:22,52.2201695,6
1327,737,20.907853667,9539,2021-06-28 18:44:20,52.060720167,059
1328,220,20.8968095,9540,2021-06-28 18:44:21,52.2302305,1
1329,220,20.897578,9542,2021-06-28 18:44:21,52.195744833,6
1330,737,21.031853667,9544,2021-06-28 18:44:24,52.148968667,07
1331,220,20.943968833,9545,2021-06-28 18:44:17,52.175652833,08
1332,149,20.896868667,9546,2021-06-28 18:43:57,52.240241833,5
1333,220,20.914220833,9548,2021-06-28 18:44:19,52.252965167,09
1334,149,20.947646,9550,2021-06-28 18:44:20,52.245513,1
1335,715,21.0022775,9551,2021-06-28 18:44:20,52.1100605,55
1336,149,20.916973833,9552,2021-06-28 18:44:20,52.239415333,3
1337,194,20.863523667,9554,2021-06-28 18:44:19,52.190680333,07
1338,194,20.929489,9555,2021-06-28 18:44:22,52.224309667,2
1339,159,20.997491333,9556,2021-06-28 18:44:19,52.223379833,3
1340,149,20.8789635,9557,2021-06-28 18:44:19,52.248182333,4
1341,194,20.8914825,9558,2021-06-28 18:44:24,52.205731,4
1342,159,20.954849167,9560,2021-06-28 18:44:21,52.2120485,5
1343,159,21.0459595,9561,2021-06-28 18:44:23,52.215171333,2
1344,118,21.015656,9671,2021-06-28 18:44:17,52.219215,2
1345,118,21.002932,9672,2021-06-28 18:44:16,52.290791,5
1346,326,21.061689,9673,2021-06-28 18:44:21,52.361774,04
1347,118,21.007578,9674,2021-06-28 18:44:22,52.260174,8
1348,152,21.004282,9676,2021-06-28 18:44:22,52.336334,5
1349,212,21.037506,9677,2021-06-28 18:44:18,52.261768,06
1350,118,21.0427,9678,2021-06-28 18:44:23,52.299652,7
1351,118,21.03417,9679,2021-06-28 18:44:17,52.230503,1
1352,326,21.012644,9680,2021-06-28 18:44:22,52.316887,02
1353,152,20.970478,9681,2021-06-28 18:44:18,52.323818,2
1354,212,21.056927,9682,2021-06-28 18:44:15,52.301884,5
1355,152,20.952557,9683,2021-06-28 18:44:17,52.317116,4
1356,212,21.057081,9684,2021-06-28 18:44:20,52.30183,1
1357,212,21.057871,9685,2021-06-28 18:44:19,52.274586,2
1358,326,20.9899,9686,2021-06-28 18:44:21,52.3099,05
1359,326,21.061895,9688,2021-06-28 18:44:18,52.361691,03
1360,118,21.020609,9689,2021-06-28 18:44:20,52.24678,4
1361,212,21.027128,9690,2021-06-28 18:44:17,52.259583,3
1362,326,20.969627,9692,2021-06-28 18:44:21,52.271931,01
1363,212,21.064037,9693,2021-06-28 18:44:18,52.273361,4
1364,152,21.060566,9695,2021-06-28 18:44:20,52.314949,1
1365,118,21.041374,9696,2021-06-28 18:44:19,52.300091,6
1366,118,21.015528,9697,2021-06-28 18:44:19,52.220985,3
1367,152,20.966793,9698,2021-06-28 18:44:21,52.331875,3
1368,710,21.136274,9801,2021-06-28 18:44:21,52.094997,4
1369,525,21.196619,9802,2021-06-28 18:44:23,52.208294,1
1370,127,20.96077,9804,2021-06-28 18:44:18,52.215954,56
1371,710,21.012365,9805,2021-06-28 18:44:22,52.07412,2
1372,719,20.90802,9806,2021-06-28 18:44:17,52.23896,1
1373,127,21.029514,9808,2021-06-28 18:44:18,52.230186,2
1374,710,21.067688,9810,2021-06-28 18:44:20,52.129307,5
1375,719,20.734544,9812,2021-06-28 18:44:23,52.252303,3
1376,109,20.941743,9813,2021-06-28 18:08:00,52.239395,08
1377,525,21.022476,9815,2021-06-28 18:44:22,52.218586,09
1378,742,21.090111,9816,2021-06-28 18:44:16,52.131145,1
1379,719,20.902971,9818,2021-06-28 18:44:20,52.239033,04
1380,719,20.7353,9820,2021-06-28 18:44:21,52.25209,2
1381,710,21.125374,9821,2021-06-28 18:44:16,52.099091,1
1382,184,20.963299,9823,2021-06-28 18:44:17,52.216854,010
1383,525,21.085449,9825,2021-06-28 18:24:36,52.236231,5
1384,525,21.126656,9826,2021-06-28 18:44:15,52.234165,7
1385,185,21.047371,9827,2021-06-28 18:44:22,52.211991,8
1386,127,21.015135,9828,2021-06-28 18:44:18,52.230465,4
1387,525,21.037024,9829,2021-06-28 18:44:21,52.222355,6
1388,Z10,20.912424,9830,2021-06-28 18:44:15,52.243416,8
1389,710,21.022863,9831,2021-06-28 18:44:22,52.075054,3
1390,127,20.985283,9833,2021-06-28 18:44:16,52.223991,1
1391,525,21.003801,9834,2021-06-28 18:44:16,52.229492,4
1392,742,21.21357,9835,2021-06-28 18:44:18,51.987961,02
1393,525,21.079893,9836,2021-06-28 18:44:18,52.235405,3
1394,185,21.021936,9837,2021-06-28 18:44:19,52.142529,12
1395,525,21.115248,9838,2021-06-28 18:44:22,52.232719,2
1396,724,21.100063,9839,2021-06-28 18:44:22,52.134102,1
1397,127,20.919445,9840,2021-06-28 18:44:23,52.209744,6
1398,724,21.023222,9841,2021-06-28 18:44:20,52.07214,02
1399,127,20.895433,9843,2021-06-28 18:44:24,52.208786,7
1400,127,21.020727,9844,2021-06-28 18:44:17,52.244904,09
1401,127,21.019461,9845,2021-06-28 18:44:16,52.246269,3
1402,Z10,20.924814,9846,2021-06-28 18:44:23,52.260677,6
1403,Z10,20.913742,9847,2021-06-28 18:44:22,52.236992,4
1404,109,20.992165,9849,2021-06-28 18:44:15,52.231758,6
1405,109,21.041132,9851,2021-06-28 18:44:19,52.225857,5
1406,109,21.03886,9852,2021-06-28 18:44:17,52.221722,4
1407,109,20.898798,9853,2021-06-28 18:44:22,52.238495,1
1408,127,20.924194,9854,2021-06-28 18:44:22,52.205761,335
1409,210,20.767393,9902,2021-06-28 18:44:21,52.307816,5
1410,140,21.111448,9903,2021-06-28 18:44:19,52.360783,04
1411,520,21.097378,9905,2021-06-28 18:44:19,52.234688,011
1412,520,21.068037,9906,2021-06-28 18:44:21,52.229847,3
1413,140,21.056147,9907,2021-06-28 18:44:20,52.275223,08
1414,140,21.094757,9908,2021-06-28 18:44:23,52.310638,09
1415,140,21.111195,9909,2021-06-28 18:44:19,52.360886,2
1416,719,20.586386,9912,2021-06-28 18:44:22,52.257565,05
1417,520,21.155947,9913,2021-06-28 18:44:22,52.240376,08
1418,520,21.014156,9914,2021-06-28 18:44:20,52.226261,09
1419,520,21.008242,9915,2021-06-28 18:44:19,52.235878,6
1420,520,21.015848,9916,2021-06-28 18:44:22,52.222092,4
1421,193,20.995644,9918,2021-06-28 18:44:19,52.170136,2
1422,193,21.030737,9919,2021-06-28 18:44:21,52.173515,3
1423,140,21.088579,9920,2021-06-28 18:44:23,52.302883,05
1424,520,21.002127,9922,2021-06-28 18:44:19,52.243122,5
1425,193,21.036905,9923,2021-06-28 18:44:18,52.159264,4
1426,193,20.995378,9926,2021-06-28 18:44:20,52.170223,1
1427,520,21.001953,9927,2021-06-28 18:44:23,52.243237,010
1428,140,21.060501,9928,2021-06-28 18:44:19,52.273758,3
1429,186,20.953257,9929,2021-06-28 18:44:20,52.318073,12
1430,193,21.036522,9930,2021-06-28 18:44:18,52.1628,5
1431,186,20.983107,9932,2021-06-28 18:44:19,52.308544,4
1432,520,21.128405,9933,2021-06-28 18:44:20,52.234589,2
1433,186,20.94223,9934,2021-06-28 18:44:22,52.334129,2
1434,520,21.12792,9935,2021-06-28 18:44:20,52.234978,1
1435,186,20.979607,9936,2021-06-28 18:44:18,52.208679,6
1436,520,21.074709,9937,2021-06-28 18:44:22,52.232872,7
1437,186,20.941032,9940,2021-06-28 18:44:21,52.329216,3
1438,186,20.963709,9941,2021-06-28 18:44:23,52.207794,8
1439,210,20.838665,9942,2021-06-28 18:44:19,52.291115,4
1440,109,20.9189,9943,2021-06-28 18:44:22,52.239815,2
1441,186,20.963842,9945,2021-06-28 18:44:22,52.207829,9
1442,210,20.930649,9946,2021-06-28 18:44:21,52.291199,3
1443,109,20.99316,9948,2021-06-28 18:44:20,52.232098,3
1444,210,20.810287,9949,2021-06-28 18:44:20,52.293633,1
1445,210,20.933317,9950,2021-06-28 18:44:22,52.288826,2
1446,186,20.95454,9951,2021-06-28 18:44:19,52.26276,5
1447,186,20.970562,9953,2021-06-28 18:44:21,52.206253,67
1448,140,21.120304,9954,2021-06-28 18:44:18,52.341698,1
1449,o97B,21.423098,9999,2021-06-28 14:27:55,50.302967,7
