,Lines,Lon,VehicleNumber,Time,Lat,Brigade
0,213,21.2092135,1001,2021-06-28 18:42:19,52.1605923,1
1,213,21.188793,1003,2021-06-28 18:42:16,52.149843,05
2,213,21.0942365,1004,2021-06-28 18:42:12,52.2274443,3
3,196,21.1706278,1005,2021-06-28 18:42:11,52.2620383,2
4,196,21.176269,1008,2021-06-28 18:42:02,52.256774,03
5,213,21.1654721,1009,2021-06-28 18:42:11,52.204363,4
6,213,21.1982493,1010,2021-06-28 18:42:09,52.1831736,2
7,311,21.1024361,1012,2021-06-28 18:42:13,52.2224548,1
8,196,21.169063,1014,2021-06-28 18:42:02,52.264091,1
9,311,21.0746736,1015,2021-06-28 18:42:12,52.2468675,2
10,365,21.012058,1021,2021-06-28 18:42:16,52.179546,01
11,107,20.980768,1023,2021-06-28 18:42:16,52.243122,3
12,163,21.0569627,1025,2021-06-28 18:42:17,52.1808455,2
13,107,21.04702,1026,2021-06-28 18:42:17,52.2129897,5
14,108,21.023218,1027,2021-06-28 18:42:15,52.179283,1
15,108,21.0764034,1028,2021-06-28 18:42:18,52.2019844,5
16,108,21.042793,1029,2021-06-28 18:42:18,52.175507,6
17,365,21.023422,1031,2021-06-28 18:42:14,52.179962,02
18,108,21.0226439,1033,2021-06-28 18:42:16,52.2280679,4
19,163,21.088922,1034,2021-06-28 18:42:17,52.181591,1
20,192,21.0240079,1037,2021-06-28 18:42:16,52.179899,7
21,108,21.035795,1038,2021-06-28 18:42:16,52.221606,3
22,365,20.995312,1039,2021-06-28 18:42:16,52.17009,03
23,107,21.04983,1040,2021-06-28 18:42:16,52.201495,6
24,107,20.979355,1042,2021-06-28 18:42:11,52.2444983,2
25,107,21.0182783,1043,2021-06-28 18:42:11,52.2270783,07
26,107,21.0139183,1045,2021-06-28 18:42:01,52.232775,4
27,204,21.0274667,1046,2021-06-28 18:42:10,52.27899,05
28,204,21.028858,1047,2021-06-28 18:42:01,52.300615,1
29,204,21.0604233,1048,2021-06-28 18:42:04,52.3150883,04
30,228,20.923494,1050,2021-06-28 18:42:03,52.204646,1
31,228,20.97858,1051,2021-06-28 18:42:12,52.192018,2
32,328,20.952874,1052,2021-06-28 18:41:57,52.199493,01
33,129,20.883031,1053,2021-06-28 18:42:01,52.19547,4
34,228,20.894768,1054,2021-06-28 18:42:11,52.199968,3
35,129,20.915325,1055,2021-06-28 18:42:10,52.2297517,3
36,328,20.994706,1058,2021-06-28 18:42:07,52.15086,02
37,129,20.915853,1059,2021-06-28 18:42:12,52.229148,1
38,328,20.994583,1061,2021-06-28 18:42:17,52.156208,03
39,192,21.0744996,1062,2021-06-28 18:42:16,52.1329904,51
40,192,21.026684,1064,2021-06-28 18:42:17,52.151222,2
41,163,21.0488155,1065,2021-06-28 18:42:18,52.1782524,04
42,107,20.992014,1066,2021-06-28 18:42:18,52.245026,1
43,163,21.0838786,1068,2021-06-28 18:42:17,52.1678904,3
44,192,21.0683319,1069,2021-06-28 18:42:18,52.1293732,4
45,163,21.107279,1070,2021-06-28 18:42:16,52.171974,05
46,192,21.045963,1074,2021-06-28 18:42:16,52.152145,6
47,108,21.0840494,1076,2021-06-28 18:42:14,52.1934341,2
48,192,21.058178,1077,2021-06-28 18:42:17,52.139305,3
49,192,21.0238991,1079,2021-06-28 18:42:18,52.1800124,1
50,736,20.9231446,1101,2021-06-28 18:42:15,52.398083,02
51,132,21.068211,1109,2021-06-28 18:42:16,52.3238265,2
52,303,20.9603751,1112,2021-06-28 18:42:09,52.2677823,3
53,147,21.119089,1113,2021-06-28 18:42:09,52.1995636,06
54,152,20.952425,1114,2021-06-28 18:41:58,52.316944,06
55,166,21.068229,1115,2021-06-28 18:42:17,52.129274,09
56,132,21.0333815,1116,2021-06-28 18:42:09,52.2996356,3
57,122,20.920888,1117,2021-06-28 18:42:16,52.2566443,09
58,197,20.9425965,1118,2021-06-28 18:42:11,52.2261965,7
59,126,21.0078455,1119,2021-06-28 18:42:13,52.3153043,3
60,168,21.091503,1200,2021-06-28 18:42:17,52.222698,2
61,119,21.205557,1202,2021-06-28 18:42:18,52.210007,1
62,178,20.883484,1203,2021-06-28 18:35:29,52.195404,2
63,178,21.004292,1204,2021-06-28 18:42:17,52.25544,5
64,168,21.0751624,1205,2021-06-28 18:42:16,52.2039741,6
65,166,21.043746,1206,2021-06-28 18:42:07,52.174603,1
66,166,21.0372169,1208,2021-06-28 18:42:18,52.2348204,5
67,222,21.0232089,1211,2021-06-28 18:42:17,52.1946582,4
68,174,21.0009707,1212,2021-06-28 18:42:14,52.2286719,371
69,174,21.014635,1213,2021-06-28 18:42:17,52.193985,3
70,218,21.018312,1214,2021-06-28 18:42:16,52.189327,5
71,166,21.0640109,1216,2021-06-28 18:42:16,52.1448409,7
72,168,21.020037,1218,2021-06-28 18:42:17,52.209713,5
73,119,21.0525615,1220,2021-06-28 18:42:17,52.1986667,5
74,122,20.92932,1400,2021-06-28 18:42:16,52.264623,012
75,121,21.0445598,1401,2021-06-28 18:42:11,52.264903,04
76,134,21.0472973,1403,2021-06-28 18:42:16,52.3318791,1
77,110,20.9026511,1407,2021-06-28 18:42:14,52.2837686,05
78,240,20.999826,1408,2021-06-28 18:42:08,52.291403,4
79,173,21.233,1411,2021-06-28 18:41:52,52.25,5
80,117,21.10257,1412,2021-06-28 18:42:16,52.222122,1
81,702,21.087805,1413,2021-06-28 18:42:16,52.244663,2
82,168,21.112701,1415,2021-06-28 18:42:17,52.236183,1
83,202,21.053869,1416,2021-06-28 18:42:16,52.250557,04
84,183,21.1917509,1418,2021-06-28 18:42:16,52.2386912,6
85,147,21.1912039,1419,2021-06-28 18:42:16,52.2073899,2
86,199,21.061537,1422,2021-06-28 18:42:16,52.273499,4
87,198,21.2237354,1423,2021-06-28 18:42:17,52.2538037,05
88,173,21.148134,1424,2021-06-28 18:42:16,52.238338,6
89,115,21.1706197,1425,2021-06-28 18:42:15,52.2714039,4
90,173,21.0527747,1426,2021-06-28 18:42:14,52.2503407,8
91,147,21.055832,1427,2021-06-28 18:42:17,52.23167,4
92,146,21.158842,1428,2021-06-28 18:42:17,52.166309,2
93,142,21.138254,1430,2021-06-28 18:42:14,52.222404,06
94,L41,20.746349,14422,2021-06-28 18:42:18,52.416897,1
95,L11,20.723122,14424,2021-06-28 18:30:17,52.424423,1
96,L10,20.968899,14425,2021-06-28 18:42:17,52.451023,50
97,L-8,20.945215,14426,2021-06-28 14:51:54,52.437912,1
98,L41,20.92738,14427,2021-06-28 18:42:13,52.382263,02
99,L11,20.917377,14429,2021-06-28 18:42:18,52.453854,57
100,L34,20.941141,14430,2021-06-28 18:42:13,52.400841,2
101,L34,20.847052,14431,2021-06-28 18:42:15,52.443077,1
102,L11,20.943798,14432,2021-06-28 18:42:13,52.399269,51
103,L-8,21.082529,14434,2021-06-28 18:42:14,52.410984,02
104,L-8,20.922947,14435,2021-06-28 18:42:17,52.398129,1
105,L49,20.91917,14436,2021-06-28 18:42:15,52.377155,1
106,L31,21.034899,14438,2021-06-28 18:42:14,52.420361,1
107,L-9,20.94536,14439,2021-06-28 18:42:19,52.438053,054
108,L-9,20.930967,14440,2021-06-28 18:40:24,52.394608,055
109,134,20.968128,1500,2021-06-28 18:42:03,52.271746,04
110,134,21.0030321,1501,2021-06-28 18:42:13,52.2907595,3
111,110,20.8959005,1502,2021-06-28 18:42:14,52.2846838,2
112,240,21.012773,1505,2021-06-28 18:42:11,52.293848,06
113,132,21.0556691,1506,2021-06-28 18:42:01,52.32461,07
114,134,21.0044985,1507,2021-06-28 18:42:12,52.290744,2
115,126,21.0050368,1508,2021-06-28 18:42:10,52.3145028,5
116,132,21.04638,1509,2021-06-28 18:42:14,52.3033426,05
117,166,21.0377541,1510,2021-06-28 18:42:11,52.1994288,6
118,126,20.9420688,1513,2021-06-28 18:42:16,52.334149,4
119,197,20.9321706,1514,2021-06-28 18:42:15,52.2571851,6
120,197,20.8746016,1515,2021-06-28 18:42:14,52.2164086,8
121,121,20.9253238,1516,2021-06-28 18:42:14,52.27251,1
122,173,21.060296,1519,2021-06-28 18:42:02,52.250763,10
123,202,21.0439917,1521,2021-06-28 18:42:16,52.24865,07
124,202,21.0694433,1522,2021-06-28 18:42:00,52.25031,3
125,146,21.052788,1523,2021-06-28 18:41:58,52.250428,08
126,730,21.25463,1524,2021-06-28 18:42:15,52.2177867,052
127,119,21.004716,1525,2021-06-28 18:42:13,52.203576,06
128,147,21.0432367,1526,2021-06-28 18:41:45,52.245005,09
129,198,21.243191,1528,2021-06-28 18:42:00,52.22169,3
130,702,21.247468,1530,2021-06-28 18:42:16,52.102229,03
131,198,21.239576,1531,2021-06-28 18:42:03,52.216066,2
132,115,21.1429583,1533,2021-06-28 18:42:07,52.2374167,2
133,142,21.13695,1534,2021-06-28 18:42:10,52.2210517,07
134,198,21.2234933,1535,2021-06-28 18:42:09,52.2538117,1
135,106,20.969908,1537,2021-06-28 18:42:03,52.2314,4
136,170,21.02184,1538,2021-06-28 18:42:11,52.262483,4
137,120,21.0524967,1539,2021-06-28 18:42:02,52.2625983,1
138,199,21.117245,1540,2021-06-28 18:42:14,52.290838,1
139,156,20.9586067,1541,2021-06-28 18:42:07,52.2777883,1
140,170,21.032083,1542,2021-06-28 18:42:10,52.260313,1
141,156,21.052064,1543,2021-06-28 18:42:08,52.252986,3
142,338,21.053835,1544,2021-06-28 18:42:16,52.2609967,01
143,122,20.89881,1546,2021-06-28 18:42:14,52.238576,013
144,338,21.0364583,1548,2021-06-28 18:42:07,52.257275,04
145,199,21.179643,1549,2021-06-28 18:42:01,52.269134,2
146,170,21.051785,1550,2021-06-28 18:42:14,52.2583767,3
147,240,21.0598833,1551,2021-06-28 18:42:17,52.3040433,3
148,221,20.9941183,1552,2021-06-28 18:42:03,52.2594667,2
149,106,20.966258,1554,2021-06-28 18:42:04,52.243368,06
150,L-4,21.016563,17451,2021-06-28 18:42:13,52.098862,1
151,L37,21.273678,17453,2021-06-28 18:42:15,52.332634,1
152,L40,21.166216,17454,2021-06-28 18:42:18,52.359314,1
153,L36,21.234549,17456,2021-06-28 18:42:18,52.366795,1
154,L35,21.282951,17458,2021-06-28 18:42:16,52.360939,1
155,L26,21.217457,17460,2021-06-28 18:42:14,52.327904,1
156,L46,21.155441,17461,2021-06-28 18:42:04,52.308048,1
157,L43,21.085238,17462,2021-06-28 18:41:54,52.305012,1
158,L45,21.157515,17465,2021-06-28 18:42:18,52.359802,1
159,L38,21.222627,17466,2021-06-28 18:42:17,52.343702,1
160,L37,21.217886,17467,2021-06-28 18:26:51,52.31123,2
161,L40,21.23213,17468,2021-06-28 18:42:17,52.346813,02
162,197,20.9753053,1800,2021-06-28 18:42:12,52.2894465,4
163,110,20.9684468,1801,2021-06-28 18:42:15,52.2721073,4
164,132,20.9681941,1802,2021-06-28 18:42:06,52.2718773,1
165,166,21.065533,1803,2021-06-28 18:42:02,52.142098,8
166,122,20.9223295,1804,2021-06-28 18:42:09,52.2499858,5
167,173,21.229095,1805,2021-06-28 18:42:14,52.2166428,4
168,204,21.023186,1806,2021-06-28 18:42:13,52.277196,3
169,122,20.9814723,1807,2021-06-28 18:42:11,52.2750683,4
170,303,20.956514,1808,2021-06-28 18:41:57,52.268646,1
171,147,21.0837785,1809,2021-06-28 18:42:11,52.2260178,1
172,166,21.0416378,1810,2021-06-28 18:42:13,52.2361238,2
173,152,21.043346,1811,2021-06-28 10:10:53,52.266126,06
174,204,21.0504271,1812,2021-06-28 18:42:15,52.3180665,2
175,736,21.0007781,1813,2021-06-28 18:42:09,52.2913448,1
176,147,21.242921,1814,2021-06-28 18:42:12,52.218254,07
177,240,21.1188956,1815,2021-06-28 18:42:08,52.3382873,2
178,197,20.8625633,1817,2021-06-28 18:42:14,52.1902475,9
179,240,21.1176378,1818,2021-06-28 18:42:05,52.338628,05
180,221,20.9756208,1819,2021-06-28 18:42:08,52.2600455,1
181,117,21.1029005,1823,2021-06-28 18:42:16,52.2222906,05
182,146,21.053393,1826,2021-06-28 18:42:11,52.2352846,4
183,183,21.0870943,1828,2021-06-28 18:42:13,52.2446303,3
184,147,21.0524815,1829,2021-06-28 18:42:14,52.250323,5
185,722,21.0985586,1830,2021-06-28 18:42:16,52.2430038,1
186,147,21.1169918,1832,2021-06-28 09:25:20,52.2330478,09
187,146,21.1601906,1833,2021-06-28 18:42:10,52.1655225,5
188,202,21.116848,1834,2021-06-28 09:35:30,52.233074,04
189,115,21.1702185,1835,2021-06-28 18:42:11,52.2770745,3
190,168,21.026168,1837,2021-06-28 18:42:12,52.208988,07
191,183,21.139861,1839,2021-06-28 18:41:56,52.244963,1
192,202,21.0950641,1840,2021-06-28 18:42:10,52.2489481,05
193,146,21.091926,1842,2021-06-28 18:42:11,52.21934,07
194,183,21.096093,1843,2021-06-28 18:42:03,52.243544,2
195,119,21.046121,1844,2021-06-28 18:42:01,52.201063,3
196,115,21.157586,1846,2021-06-28 18:42:10,52.235799,5
197,730,21.2716596,1847,2021-06-28 18:42:10,52.2005375,61
198,119,21.0080643,1848,2021-06-28 18:42:12,52.208426,4
199,173,21.0528898,1849,2021-06-28 18:42:16,52.2503601,9
200,183,21.1049473,1850,2021-06-28 18:42:06,52.2418183,4
201,173,21.136346,1851,2021-06-28 18:42:14,52.241214,1
202,722,21.2637241,1854,2021-06-28 18:42:12,52.1054013,53
203,147,21.1656358,1855,2021-06-28 18:42:13,52.2042356,3
204,146,21.2044875,1856,2021-06-28 18:42:11,52.1594626,1
205,117,21.0583785,1857,2021-06-28 18:42:12,52.227857,2
206,115,21.2196941,1858,2021-06-28 18:42:12,52.1634888,1
207,146,21.0985446,1859,2021-06-28 18:42:10,52.2169085,09
208,115,21.2237848,1860,2021-06-28 18:42:15,52.1587736,6
209,119,21.128746,1862,2021-06-28 18:42:11,52.201506,2
210,173,21.24325,1863,2021-06-28 18:42:13,52.221424,3
211,146,21.038801,1866,2021-06-28 18:42:16,52.2437413,3
212,183,21.1626631,1867,2021-06-28 18:42:12,52.2546228,5
213,147,21.0522725,1869,2021-06-28 18:42:13,52.2502676,08
214,251,21.0239362,1901,2021-06-28 18:42:14,52.1796119,53
215,251,21.0239638,1903,2021-06-28 18:42:13,52.1795458,53
216,168,21.1127257,1904,2021-06-28 18:42:17,52.2363289,09
217,739,21.0177579,1905,2021-06-28 18:42:12,52.1892346,07
218,251,21.1231129,1907,2021-06-28 18:42:16,52.0895236,54
219,178,20.995301,1908,2021-06-28 18:42:14,52.187038,012
220,222,21.0236732,1909,2021-06-28 18:42:17,52.2014763,2
221,222,21.01792,1910,2021-06-28 18:42:10,52.237293,5
222,251,21.0236877,1911,2021-06-28 18:42:17,52.1796779,56
223,222,21.005068,1912,2021-06-28 18:42:17,52.244713,6
224,251,21.082705,1914,2021-06-28 18:42:16,52.166595,51
225,222,20.995871,1916,2021-06-28 18:42:16,52.193546,3
226,139,21.092606,1917,2021-06-28 18:42:16,52.1049811,52
227,739,21.037401,1918,2021-06-28 18:42:17,52.09359,08
228,251,21.091602,1919,2021-06-28 18:42:18,52.150818,55
229,222,21.018,1920,2021-06-28 18:42:18,52.2367,1
230,178,20.9000331,1991,2021-06-28 18:42:17,52.190498,010
231,178,20.951927,1993,2021-06-28 18:42:15,52.211586,1
232,168,20.9957571,1994,2021-06-28 18:42:17,52.1864145,08
233,178,20.884615,1995,2021-06-28 18:42:16,52.186951,3
234,178,21.01528,1996,2021-06-28 18:42:17,52.242256,6
235,178,20.968601,1998,2021-06-28 18:42:17,52.228893,4
236,178,20.9946194,1999,2021-06-28 18:42:14,52.1888037,013
237,105,20.898787,2001,2021-06-28 18:42:15,52.238819,1
238,136,20.983101,2003,2021-06-28 18:42:14,52.193436,6
239,Z10,20.915342,2006,2021-06-28 18:42:16,52.228359,3
240,188,20.9216657,2007,2021-06-28 18:42:17,52.1968612,09
241,517,20.963444,2008,2021-06-28 18:42:17,52.217117,07
242,191,20.915377,2009,2021-06-28 18:42:13,52.204117,3
243,184,20.959766,2010,2021-06-28 18:42:17,52.220963,4
244,124,20.920479,2011,2021-06-28 18:42:16,52.196651,03
245,401,20.8616072,2013,2021-06-28 18:42:17,52.1906534,1
246,182,21.074854,2014,2021-06-28 18:42:16,52.232983,012
247,171,20.9882979,2015,2021-06-28 18:42:14,52.2400379,1
248,401,20.997356,2016,2021-06-28 18:42:15,52.179184,011
249,190,20.8966702,2019,2021-06-28 18:42:16,52.2370572,014
250,191,20.9285527,2020,2021-06-28 18:42:17,52.2029719,7
251,401,21.02301,2021,2021-06-28 18:42:18,52.179291,5
252,522,21.018776,2022,2021-06-28 18:42:12,52.212543,013
253,193,21.0281116,2023,2021-06-28 18:42:17,52.1734484,06
254,189,20.8987452,2024,2021-06-28 18:42:17,52.2386832,14
255,401,20.862057,2026,2021-06-28 18:42:17,52.190334,8
256,522,21.049739,2027,2021-06-28 18:42:17,52.1877871,318
257,519,21.084835,2028,2021-06-28 18:42:16,52.162323,3
258,501,21.055445,2029,2021-06-28 18:42:16,52.181541,3
259,189,21.04233,2030,2021-06-28 18:42:17,52.171494,9
260,131,21.013802,2032,2021-06-28 18:42:14,52.226273,10
261,522,21.036024,2033,2021-06-28 18:42:13,52.200871,07
262,189,20.915627,2035,2021-06-28 18:42:16,52.205147,12
263,519,21.0450989,2036,2021-06-28 18:42:17,52.191731,5
264,501,21.053457,2037,2021-06-28 18:42:18,52.183899,5
265,138,21.100832,2038,2021-06-28 18:42:17,52.260639,010
266,501,21.0157654,2040,2021-06-28 18:42:18,52.2209937,2
267,189,21.050867,2041,2021-06-28 18:42:17,52.178562,8
268,138,21.001614,2042,2021-06-28 18:42:16,52.192356,012
269,401,21.025307,2044,2021-06-28 18:42:16,52.173523,012
270,172,21.063568,2045,2021-06-28 18:42:17,52.186634,010
271,172,21.039028,2200,2021-06-28 18:42:18,52.19743,4
272,523,20.9605737,2201,2021-06-28 18:42:16,52.2173064,14
273,187,20.9893197,2202,2021-06-28 18:42:16,52.2164789,3
274,136,21.0380172,2203,2021-06-28 18:42:17,52.1500517,1
275,Z10,20.9229444,2204,2021-06-28 18:42:14,52.2599474,010
276,171,21.0201247,2205,2021-06-28 18:42:18,52.2300399,011
277,189,20.986757,2207,2021-06-28 18:42:15,52.181267,10
278,190,21.0761882,2209,2021-06-28 18:42:17,52.2878184,8
279,172,21.0695139,2210,2021-06-28 18:42:16,52.1815974,2
280,122,20.8999664,2212,2021-06-28 18:42:17,52.2580275,6
281,122,20.9609314,2213,2021-06-28 18:42:17,52.2592611,07
282,136,21.002644,2215,2021-06-28 18:42:18,52.177788,11
283,190,20.9213387,2216,2021-06-28 18:11:23,52.197379,018
284,401,20.9522802,2217,2021-06-28 18:42:18,52.1913656,09
285,Z10,20.9249956,2218,2021-06-28 18:42:16,52.2608842,5
286,148,21.0165267,2221,2021-06-28 18:42:17,52.1530067,8
287,523,20.981426,2222,2021-06-28 18:42:17,52.216305,1
288,191,20.983923,2223,2021-06-28 18:42:17,52.218155,9
289,189,20.935713,2224,2021-06-28 18:42:17,52.194595,2
290,191,20.870466,2225,2021-06-28 18:42:14,52.183479,5
291,517,20.976326,2226,2021-06-28 18:42:16,52.218056,3
292,136,20.983284,2231,2021-06-28 18:42:16,52.196049,013
293,189,20.9492491,2232,2021-06-28 18:42:18,52.1919099,11
294,317,21.0287467,2233,2021-06-28 18:42:17,52.1734307,08
295,Z10,20.91404,2235,2021-06-28 18:42:16,52.236736,011
296,317,20.9548722,2236,2021-06-28 18:42:15,52.1858549,4
297,187,20.9374595,2240,2021-06-28 18:42:16,52.2022695,2
298,136,20.9631382,2241,2021-06-28 18:42:17,52.2373934,9
299,191,20.9773974,2243,2021-06-28 18:42:16,52.2115805,1
300,171,20.9298151,2244,2021-06-28 18:42:16,52.2650292,4
301,Z10,20.916403,2245,2021-06-28 18:42:17,52.226048,9
302,717,20.900869,2247,2021-06-28 18:42:08,52.184914,3
303,317,21.0060962,2249,2021-06-28 18:42:16,52.1780656,06
304,189,21.0389639,2252,2021-06-28 18:42:16,52.1726486,4
305,112,20.901207,2253,2021-06-28 18:42:13,52.227932,2
306,191,20.896055,2254,2021-06-28 18:42:16,52.194084,010
307,141,21.08609,2256,2021-06-28 18:42:18,52.2452815,013
308,172,20.9554607,2257,2021-06-28 18:42:18,52.2120662,7
309,317,21.084549,2258,2021-06-28 18:42:14,52.168205,1
310,187,21.049149,2259,2021-06-28 18:42:14,52.205471,4
311,L48,21.303106,23481,2021-06-28 04:38:21,52.203297,1
312,L47,21.303175,23482,2021-06-28 18:42:15,52.241642,02
313,L47,21.299656,23483,2021-06-28 18:42:17,52.257034,1
314,L20,21.385193,24511,2021-06-28 18:42:16,52.111626,1
315,L20,21.471601,24512,2021-06-28 13:52:17,52.132278,1
316,L20,21.287945,24513,2021-06-28 18:42:15,52.09705,03
317,L20,21.471657,24515,2021-06-28 17:31:13,52.132061,2
318,245,21.099826,3400,2021-06-28 18:42:15,52.286038,2
319,112,20.911201,3401,2021-06-28 18:42:02,52.247103,018
320,412,21.063494,3403,2021-06-28 18:42:05,52.311145,01
321,112,21.0409635,3404,2021-06-28 18:42:15,52.2906523,7
322,412,21.04729,3405,2021-06-28 18:42:00,52.260218,05
323,500,21.020735,3406,2021-06-28 18:42:09,52.2635386,08
324,500,20.9820721,3408,2021-06-28 18:42:14,52.2531873,2
325,160,21.0023326,3409,2021-06-28 18:41:53,52.2291656,013
326,245,21.1300186,3410,2021-06-28 18:42:16,52.2875671,05
327,114,21.040659,3411,2021-06-28 18:42:05,52.288006,011
328,500,21.0480098,3413,2021-06-28 18:42:13,52.2863468,1
329,190,21.0468011,3414,2021-06-28 18:38:08,52.2647838,027
330,114,20.9343618,3415,2021-06-28 18:42:15,52.2975705,09
331,114,21.0423665,3416,2021-06-28 18:42:13,52.2973231,010
332,738,21.1813916,3417,2021-06-28 18:42:09,52.417179,3
333,738,21.117828,3418,2021-06-28 18:42:11,52.338549,4
334,190,21.047033,3421,2021-06-28 18:42:13,52.2635843,021
335,500,21.0300218,3422,2021-06-28 18:42:04,52.2667448,4
336,185,21.0468766,3423,2021-06-28 18:42:13,52.15053,10
337,512,21.036014,3424,2021-06-28 18:42:06,52.2550921,2
338,512,21.052201,3426,2021-06-28 18:42:16,52.2529341,3
339,169,21.044078,3427,2021-06-28 18:42:11,52.278101,2
340,185,21.0336161,3428,2021-06-28 18:41:49,52.2388463,7
341,500,21.04173,3429,2021-06-28 18:42:13,52.300275,6
342,169,21.05173,3430,2021-06-28 18:42:09,52.2529808,3
343,112,20.880819,3431,2021-06-28 18:42:13,52.216696,3
344,Z26,21.0003003,3432,2021-06-28 18:42:16,52.2441498,1
345,Z26,21.035029,3434,2021-06-28 18:42:15,52.257993,6
346,175,21.0180233,3435,2021-06-28 18:42:15,52.2311968,55
347,509,20.9777746,3437,2021-06-28 18:42:16,52.3126423,5
348,132,21.0685785,3438,2021-06-28 18:42:10,52.3241733,06
349,738,21.052859,3439,2021-06-28 18:42:08,52.276601,1
350,414,20.963598,3440,2021-06-28 18:42:00,52.207988,07
351,512,21.060684,3441,2021-06-28 18:42:14,52.269266,5
352,500,21.0419498,3442,2021-06-28 18:42:16,52.3004008,7
353,509,21.033286,3443,2021-06-28 18:42:14,52.254228,11
354,245,21.0410296,3444,2021-06-28 18:42:10,52.2656901,04
355,145,21.0882716,3445,2021-06-28 18:42:17,52.24479,8
356,509,21.1020558,3446,2021-06-28 18:42:06,52.2219536,14
357,162,21.048158,3447,2021-06-28 18:42:12,52.2082243,6
358,190,20.898762,3448,2021-06-28 18:42:07,52.2389425,2
359,112,21.0917663,3449,2021-06-28 18:42:14,52.3068461,9
360,112,20.9419573,3450,2021-06-28 18:42:18,52.2775496,12
361,114,21.043474,3451,2021-06-28 09:14:51,52.2654126,09
362,145,21.0477886,3452,2021-06-28 18:42:02,52.2635861,015
363,527,21.0682476,3453,2021-06-28 18:42:12,52.3235745,2
364,190,20.91447,3454,2021-06-28 18:42:06,52.228934,1
365,145,21.086669,3455,2021-06-28 18:42:15,52.2865635,5
366,509,20.9472166,3458,2021-06-28 18:42:09,52.3209721,355
367,245,21.0543531,3459,2021-06-28 18:42:10,52.2756953,1
368,190,21.0648933,3460,2021-06-28 18:42:12,52.2743656,022
369,114,20.932864,3462,2021-06-28 18:42:10,52.288339,2
370,190,21.0021525,3463,2021-06-28 18:42:12,52.2447271,6
371,500,21.04152,3464,2021-06-28 18:42:16,52.2919845,5
372,114,21.0027778,3465,2021-06-28 18:42:12,52.2905783,6
373,112,20.911194,3466,2021-06-28 18:42:04,52.248334,1
374,245,21.0768245,3468,2021-06-28 18:42:14,52.286625,03
375,114,21.0417776,3469,2021-06-28 18:42:15,52.300155,7
376,L19,21.040274,36443,2021-06-28 18:42:14,52.022991,1
377,L17,21.013647,36444,2021-06-28 18:42:13,52.06197,1
378,L30,21.212734,36446,2021-06-28 18:42:17,51.941772,1
379,L28,21.124563,36447,2021-06-28 18:42:14,52.025074,1
380,L30,21.130491,36448,2021-06-28 18:18:01,51.968395,02
381,L42,21.123213,37531,2021-06-28 18:42:14,52.088966,52
382,L21,21.217484,37533,2021-06-28 18:42:17,51.981083,1
383,L16,21.09709,37534,2021-06-28 18:42:15,52.055382,1
384,L14,21.141708,37535,2021-06-28 18:42:17,52.108967,1
385,L15,21.115974,37536,2021-06-28 18:42:17,52.102585,51
386,L39,21.020174,38541,2021-06-28 18:42:16,52.065933,4
387,L39,21.035769,38545,2021-06-28 18:42:14,52.101025,3
388,L32,20.985117,38546,2021-06-28 18:42:15,52.003952,1
389,L39,21.004555,38547,2021-06-28 05:46:58,52.110222,1
390,L39,20.993967,38548,2021-06-28 18:42:16,52.110165,2
391,L23,21.022543,38549,2021-06-28 18:42:20,52.067463,51
392,L52,21.072283,38550,2021-06-28 18:42:13,52.085045,1
393,L12,21.029436,39551,2021-06-28 18:12:23,52.075226,062
394,L-2,20.982534,39552,2021-06-28 18:42:13,52.047733,063
395,L25,21.218861,39554,2021-06-28 18:42:19,51.981674,02
396,L25,21.027746,39555,2021-06-28 18:42:12,52.076897,1
397,L12,20.914078,39556,2021-06-28 18:42:17,52.02898,061
398,L-2,20.971399,39557,2021-06-28 18:42:15,52.041836,64
399,L-2,21.029451,39558,2021-06-28 18:42:14,52.074871,65
400,L13,21.040512,39560,2021-06-28 18:42:13,52.026611,1
401,L13,21.022963,39561,2021-06-28 18:42:11,52.073231,03
402,L13,21.06415,39562,2021-06-28 18:42:18,52.028767,2
403,L-5,21.024202,39565,2021-06-28 18:42:17,52.06839,1
404,255,20.931042,4200,2021-06-28 18:42:17,52.225346,2
405,703,20.920267,4202,2021-06-28 18:42:17,52.154125,52
406,197,20.943146,4205,2021-06-28 18:42:16,52.23925,2
407,902,20.9223249,4206,2021-06-28 16:30:27,52.1964574,M1
408,255,20.9488259,4207,2021-06-28 18:42:17,52.2259124,03
409,154,20.8984472,4209,2021-06-28 18:42:15,52.258381,4
410,178,20.980566,4210,2021-06-28 18:42:17,52.22945,011
411,154,20.898224,4211,2021-06-28 18:42:17,52.258198,010
412,711,20.943375,4212,2021-06-28 18:42:16,52.174564,063
413,154,20.963024,4213,2021-06-28 18:42:17,52.195793,1
414,154,20.944222,4214,2021-06-28 18:42:15,52.17577,8
415,711,20.8122844,4215,2021-06-28 18:42:17,52.1108972,061
416,122,20.9766392,4216,2021-06-28 18:42:17,52.2898831,3
417,197,20.9412412,4217,2021-06-28 18:42:13,52.2615722,3
418,197,20.890326,4218,2021-06-28 18:42:17,52.216602,1
419,255,20.9696619,4219,2021-06-28 18:42:16,52.2286221,1
420,197,20.8685299,4221,2021-06-28 18:42:17,52.1917867,10
421,129,20.9394025,4224,2021-06-28 18:42:15,52.2459191,2
422,121,20.9324127,4225,2021-06-28 18:42:17,52.2878354,03
423,197,20.9665914,4227,2021-06-28 18:42:17,52.2836934,5
424,154,20.9604547,4228,2021-06-28 18:42:16,52.2174942,6
425,902,21.0432759,4229,2021-06-28 18:42:18,52.246221,M2
426,154,20.968349,4230,2021-06-28 18:42:17,52.194412,7
427,178,20.903931,4231,2021-06-28 18:42:17,52.189178,9
428,178,20.895964,4232,2021-06-28 18:42:17,52.185596,7
429,714,20.9503271,4233,2021-06-28 18:42:15,52.2386202,3
430,729,20.7888112,4234,2021-06-28 18:42:16,52.2648617,02
431,714,20.8431947,4235,2021-06-28 18:42:14,52.2506844,2
432,L-3,21.009039,42362,2021-06-28 18:42:15,52.082241,02
433,154,20.9394885,4237,2021-06-28 18:42:16,52.2357235,5
434,154,20.939688,4238,2021-06-28 18:42:16,52.235458,3
435,178,20.9156156,4239,2021-06-28 18:42:17,52.2052911,8
436,154,20.944843,4240,2021-06-28 18:42:17,52.176182,011
437,714,20.950108,4241,2021-06-28 18:42:17,52.238594,04
438,154,20.9708732,4242,2021-06-28 18:42:18,52.2194822,2
439,154,20.898043,4243,2021-06-28 18:42:17,52.248539,09
440,901,20.9201961,4244,2021-06-28 18:42:17,52.1973142,1
441,901,20.999292,4246,2021-06-28 18:42:17,52.233334,3
442,714,20.857454,4247,2021-06-28 18:42:17,52.250847,1
443,729,20.8583009,4248,2021-06-28 18:42:15,52.2448172,1
444,121,20.972744,4249,2021-06-28 18:42:17,52.275536,2
445,L-1,20.922705,42494,2021-06-28 18:41:58,52.135967,1
446,L-4,21.0165,42495,2021-06-28 06:12:56,52.098907,2
447,L-3,20.834269,42500,2021-06-28 18:39:11,52.031113,1
448,146,21.204659,4303,2021-06-28 18:42:15,52.159464,06
449,119,21.1445536,4304,2021-06-28 18:42:18,52.2141369,07
450,117,21.0572701,4305,2021-06-28 18:42:15,52.2294425,4
451,147,21.0968992,4307,2021-06-28 18:42:18,52.2175639,010
452,142,21.0880152,4308,2021-06-28 18:42:18,52.2446445,08
453,702,21.2483585,4312,2021-06-28 18:42:18,52.0994989,1
454,105,16.9750897,4332,2021-06-26 13:35:37,52.5472771,4
455,N72,16.9763326,4333,2021-06-28 15:21:54,52.5456077,215
456,240,21.059128,4400,2021-06-28 18:42:16,52.302994,1
457,132,20.96867,4401,2021-06-28 18:42:16,52.271984,09
458,126,21.051651,4402,2021-06-28 18:42:17,52.29203,2
459,120,21.0490002,4403,2021-06-28 18:42:16,52.289744,5
460,166,21.0270272,4404,2021-06-28 18:42:14,52.2600315,3
461,156,21.0697854,4406,2021-06-28 18:42:16,52.2713637,2
462,122,20.9853137,4407,2021-06-28 18:42:17,52.2807462,010
463,134,21.05331,4408,2021-06-28 18:42:17,52.359573,05
464,106,21.0013639,4409,2021-06-28 18:42:17,52.2373329,1
465,199,21.117813,4411,2021-06-28 18:42:13,52.278355,3
466,173,21.2247004,4413,2021-06-28 18:42:17,52.2505362,2
467,106,21.0205207,4415,2021-06-28 18:42:17,52.2432027,2
468,106,21.024511,4416,2021-06-28 18:42:14,52.242298,07
469,170,21.080698,4417,2021-06-28 18:42:17,52.277588,2
470,106,21.025866,4418,2021-06-28 18:42:10,52.240772,3
471,120,21.050991,4419,2021-06-28 18:42:16,52.252533,7
472,901,21.040031,4420,2021-06-28 18:42:16,52.221649,4
473,126,21.054806,4421,2021-06-28 18:42:17,52.296478,1
474,338,21.1007881,4422,2021-06-28 18:42:17,52.2606482,02
475,106,20.967184,4423,2021-06-28 18:42:15,52.229694,5
476,901,21.0036087,4424,2021-06-28 18:42:15,52.2373109,2
477,156,20.927923,4425,2021-06-28 18:42:14,52.290859,5
478,166,21.027189,4427,2021-06-28 18:42:17,52.259922,4
479,156,21.0185059,4428,2021-06-28 18:42:17,52.2908105,4
480,303,20.900219,4429,2021-06-28 18:42:14,52.297382,2
481,106,21.006758,4430,2021-06-28 18:42:16,52.238255,08
482,338,21.084036,4434,2021-06-28 18:42:17,52.26041,03
483,122,20.897249,5200,2021-06-28 18:42:07,52.2435208,08
484,171,21.0430859,5201,2021-06-28 18:42:08,52.22548,8
485,517,20.9517167,5202,2021-06-28 18:42:07,52.211852,09
486,523,20.898493,5203,2021-06-28 18:42:08,52.258833,020
487,401,20.919933,5204,2021-06-28 18:42:04,52.197306,013
488,105,20.9374461,5205,2021-06-28 18:42:09,52.2255766,5
489,131,21.0513552,5206,2021-06-28 18:42:13,52.1991407,2
490,182,20.9248816,5207,2021-06-28 18:42:14,52.1966486,011
491,517,20.9128199,5208,2021-06-28 18:42:12,52.1982801,2
492,184,20.939513,5210,2021-06-28 18:42:15,52.279446,2
493,105,20.899088,5211,2021-06-28 18:42:07,52.23872,09
494,523,21.0312038,5212,2021-06-28 18:42:08,52.2208964,015
495,Z10,20.9307538,5213,2021-06-28 18:41:59,52.2249528,1
496,184,20.9298905,5214,2021-06-28 18:42:10,52.2926826,1
497,523,21.0484928,5215,2021-06-28 18:42:16,52.225122,7
498,131,21.0152896,5216,2021-06-28 18:42:11,52.2188974,8
499,189,20.9220571,5217,2021-06-28 16:49:01,52.1957361,11
500,122,20.9764416,5218,2021-06-28 18:42:14,52.2898587,011
501,401,20.9099063,5219,2021-06-28 18:42:14,52.1945675,6
502,124,20.943706,5222,2021-06-28 18:42:11,52.175216,1
503,190,21.0737506,5223,2021-06-28 18:42:14,52.2852347,7
504,517,21.0046238,5224,2021-06-28 18:42:12,52.2305184,4
505,523,21.08279,5225,2021-06-28 18:42:12,52.2407964,6
506,401,21.0265873,5226,2021-06-28 18:42:09,52.1702895,4
507,189,21.0226766,5227,2021-06-28 18:42:12,52.1732475,024
508,124,20.9651163,5228,2021-06-28 18:42:10,52.1516572,2
509,131,21.068787,5229,2021-06-28 18:42:14,52.1815092,5
510,523,21.1067602,5230,2021-06-28 18:42:12,52.2479797,016
511,189,21.0686648,5232,2021-06-28 18:42:13,52.1814677,7
512,148,21.0511831,5233,2021-06-28 18:42:16,52.1963356,011
513,105,20.897293,5234,2021-06-28 18:41:42,52.223374,011
514,105,20.8967291,5235,2021-06-28 18:42:12,52.2367763,3
515,517,20.8668702,5236,2021-06-28 18:42:07,52.1911547,1
516,171,21.0181625,5237,2021-06-28 18:42:07,52.2313473,6
517,401,20.868269,5238,2021-06-28 18:42:06,52.193001,7
518,182,20.9663948,5239,2021-06-28 18:42:01,52.218468,9
519,184,20.9527029,5240,2021-06-28 18:42:15,52.2278516,3
520,187,21.0028614,5241,2021-06-28 18:42:10,52.2169967,8
521,190,20.9221724,5243,2021-06-28 18:42:07,52.1970703,011
522,189,21.0688293,5244,2021-06-28 18:42:08,52.1813251,018
523,105,20.9432616,5245,2021-06-28 18:42:17,52.2260733,6
524,148,21.0937295,5246,2021-06-28 18:42:08,52.2246144,012
525,716,20.914564,5247,2021-06-28 18:42:12,52.2083476,1
526,141,21.0829664,5248,2021-06-28 18:42:13,52.2410522,7
527,317,20.9604175,5249,2021-06-28 18:42:12,52.1843105,2
528,188,21.122066,5250,2021-06-28 18:41:59,52.24313,3
529,187,20.8962887,5251,2021-06-28 18:42:16,52.1950684,1
530,189,20.9103346,5253,2021-06-28 18:42:08,52.2285325,020
531,401,20.8961943,5254,2021-06-28 18:42:16,52.1946885,010
532,190,21.0047513,5255,2021-06-28 18:42:08,52.2458423,016
533,148,21.0318775,5256,2021-06-28 18:42:07,52.149978,1
534,716,20.828868,5257,2021-06-28 18:42:16,52.192906,2
535,188,21.084549,5258,2021-06-28 18:42:11,52.2498348,4
536,105,20.896771,5260,2021-06-28 18:42:11,52.230981,08
537,723,21.0010654,5401,2021-06-28 18:42:16,52.2918022,3
538,185,21.0448682,5403,2021-06-28 18:42:16,52.2207175,3
539,145,21.085926,5404,2021-06-28 18:42:14,52.286575,4
540,269,21.047127,5405,2021-06-28 18:42:15,52.276222,05
541,509,21.102262,5406,2021-06-28 18:42:16,52.2219611,13
542,120,21.059973,5407,2021-06-28 18:42:17,52.304909,2
543,527,21.0602094,5408,2021-06-28 18:42:17,52.3122767,054
544,E-9,20.9675777,5409,2021-06-28 18:42:17,52.2718392,01
545,731,20.9451346,5410,2021-06-28 18:42:17,52.3614524,1
546,723,20.9225471,5412,2021-06-28 18:42:15,52.3826589,4
547,705,21.027782,5413,2021-06-28 18:42:16,52.362083,66
548,511,20.9280534,5414,2021-06-28 18:42:17,52.2912289,1
549,723,20.9168,5416,2021-06-28 18:42:17,52.399105,1
550,E-9,21.058268,5417,2021-06-28 18:42:17,52.31863,02
551,511,20.967936,5418,2021-06-28 18:42:17,52.327129,2
552,120,21.039074,5419,2021-06-28 18:42:16,52.358971,3
553,160,21.001406,5420,2021-06-28 18:42:17,52.244564,5
554,511,20.9426331,5421,2021-06-28 18:42:17,52.3486107,3
555,160,21.002632,5423,2021-06-28 18:42:14,52.22924,012
556,511,20.9424134,5424,2021-06-28 18:42:17,52.3485366,06
557,116,20.924767,5425,2021-06-28 18:42:17,52.27248,4
558,116,20.929411,5426,2021-06-28 18:42:16,52.279697,11
559,527,21.045654,5428,2021-06-28 18:42:13,52.27993,1
560,731,21.000835,5429,2021-06-28 18:42:16,52.291233,2
561,145,21.120428,5430,2021-06-28 18:42:17,52.268074,11
562,160,21.0571842,5432,2021-06-28 18:42:16,52.3242131,7
563,414,20.9558427,5434,2021-06-28 18:42:17,52.2383759,08
564,527,21.0556772,5436,2021-06-28 18:42:16,52.2971729,3
565,705,20.99946,5437,2021-06-28 18:42:17,52.312588,1
566,731,20.9464846,5438,2021-06-28 18:42:17,52.4120539,4
567,738,21.110519,5439,2021-06-28 18:42:17,52.329704,2
568,735,21.0117019,5441,2021-06-28 18:42:16,52.4538717,64
569,160,21.051855,5443,2021-06-28 18:42:16,52.276459,2
570,E-9,20.9680404,5444,2021-06-28 18:42:16,52.272022,04
571,705,21.048461,5445,2021-06-28 03:52:31,52.264575,65
572,735,20.9682054,5446,2021-06-28 18:42:17,52.2719849,62
573,114,20.944542,5447,2021-06-28 18:42:17,52.271969,08
574,735,21.0302919,5448,2021-06-28 18:42:17,52.3857829,63
575,160,21.0088177,5449,2021-06-28 18:42:16,52.246269,3
576,511,20.9549304,5453,2021-06-28 18:42:16,52.3407954,4
577,160,21.047153,5454,2021-06-28 18:42:17,52.263741,09
578,169,21.035597,5455,2021-06-28 18:42:16,52.256184,4
579,269,21.055281,5457,2021-06-28 18:42:16,52.275021,04
580,180,21.047108,5459,2021-06-28 18:42:15,52.212044,016
581,705,21.031021,5460,2021-06-28 18:42:16,52.4323134,65
582,128,21.011253,5870,2021-06-28 18:42:18,52.24527,53
583,175,20.9781767,5871,2021-06-28 18:42:14,52.1789874,59
584,503,21.023811,5873,2021-06-28 18:42:16,52.224834,1
585,175,20.978033,5874,2021-06-28 18:42:18,52.169567,58
586,138,20.998108,5875,2021-06-28 18:32:12,52.18676,011
587,180,20.9253694,5877,2021-06-28 18:42:17,52.2723292,017
588,709,20.9980821,5878,2021-06-28 18:40:30,52.187258,013
589,175,20.978199,5880,2021-06-28 18:42:13,52.169258,070
590,503,21.0024,5881,2021-06-28 18:42:16,52.2517,5
591,175,20.98995,5882,2021-06-28 18:42:13,52.22385,56
592,180,20.924788,5883,2021-06-28 18:42:16,52.272537,10
593,503,20.998091,5885,2021-06-28 18:03:22,52.18679,5
594,180,20.97875,5886,2021-06-28 18:42:15,52.253502,13
595,128,20.995289,5887,2021-06-28 18:42:15,52.226227,074
596,175,20.982687,5888,2021-06-28 18:42:15,52.194317,069
597,180,21.000004,5889,2021-06-28 18:42:17,52.249393,8
598,175,21.012802,5890,2021-06-28 18:42:14,52.243008,62
599,180,21.01897,5891,2021-06-28 18:42:17,52.234146,7
600,503,21.002537,5893,2021-06-28 18:42:16,52.254814,3
601,128,20.971249,5894,2021-06-28 18:42:17,52.206032,066
602,503,21.046413,5895,2021-06-28 18:42:13,52.190243,12
603,503,21.002298,5897,2021-06-28 18:42:18,52.254723,2
604,175,21.000095,5898,2021-06-28 18:42:17,52.227467,071
605,128,20.963446,5899,2021-06-28 18:42:17,52.207767,51
606,158,21.000124,5900,2021-06-28 18:42:13,52.227463,5
607,128,20.989401,5902,2021-06-28 18:42:16,52.224049,52
608,158,21.1171862,5903,2021-06-28 18:42:16,52.2338867,8
609,503,21.049582,5905,2021-06-28 18:42:16,52.154533,8
610,128,20.988008,5906,2021-06-28 18:42:17,52.209846,63
611,503,21.043152,5907,2021-06-28 18:42:16,52.172241,7
612,175,21.01321,5908,2021-06-28 18:42:14,52.242485,068
613,128,21.010086,5909,2021-06-28 18:42:16,52.229633,067
614,128,21.018888,5910,2021-06-28 18:42:14,52.234314,073
615,111,21.017235,5911,2021-06-28 18:42:15,52.239254,4
616,116,20.924925,5913,2021-06-28 18:42:18,52.272297,12
617,158,21.117779,5914,2021-06-28 18:37:45,52.233616,8
618,128,21.0128885,5915,2021-06-28 18:42:16,52.2432269,54
619,175,21.01815,5918,2021-06-28 18:42:13,52.236099,60
620,158,20.987839,5920,2021-06-28 18:42:18,52.223698,1
621,116,20.950977,5921,2021-06-28 18:42:14,52.276661,15
622,175,21.1163987,5923,2021-06-28 10:17:16,52.2339737,072
623,116,21.007492,5924,2021-06-28 18:42:15,52.248135,17
624,116,21.0841367,5926,2021-06-28 18:42:17,52.1678521,3
625,158,21.113348,5927,2021-06-28 18:42:18,52.233189, 
626,116,21.0839697,5928,2021-06-28 18:42:16,52.1659929,5
627,175,20.975307,5929,2021-06-28 18:42:14,52.171944,57
628,158,21.086809,5930,2021-06-28 18:42:18,52.23671,9
629,158,20.950157,5931,2021-06-28 18:42:13,52.211632,3
630,116,21.055391,5932,2021-06-28 18:42:18,52.181984,6
631,111,20.9889271,5933,2021-06-28 18:42:17,52.2473794,2
632,158,20.9492,5934,2021-06-28 18:42:18,52.2115,4
633,503,21.047445,5935,2021-06-28 18:42:17,52.155533,11
634,503,21.050165,5936,2021-06-28 18:42:17,52.144733,10
635,111,21.054678,5937,2021-06-28 18:42:16,52.238617,10
636,158,21.02891,5939,2021-06-28 18:42:15,52.233376,2
637,175,20.986069,5942,2021-06-28 18:42:13,52.205471,072
638,111,21.1161,5943,2021-06-28 18:42:15,52.235,7
639,158,21.059578,5945,2021-06-28 18:42:16,52.239777,6
640,111,21.1022,5946,2021-06-28 18:42:18,52.22213,8
641,111,21.061178,5947,2021-06-28 18:42:17,52.232426,5
642,503,21.033583,5948,2021-06-28 18:42:13,52.20385,013
643,503,21.037651,5950,2021-06-28 18:42:16,52.26717,4
644,180,21.081673,5951,2021-06-28 18:42:17,52.171543,2
645,518,20.942085,5952,2021-06-28 18:42:14,52.334389,7
646,160,21.0588554,5954,2021-06-28 18:42:11,52.2666152,010
647,160,21.048412,5956,2021-06-28 18:38:13,52.264847,013
648,111,20.979174,5958,2021-06-28 18:42:14,52.244682,011
649,160,21.045895,5959,2021-06-28 18:42:18,52.280472,08
650,111,20.97913,5960,2021-06-28 18:42:16,52.244347,3
651,116,20.924751,5962,2021-06-28 18:42:14,52.27243,13
652,111,21.018768,5963,2021-06-28 18:42:15,52.2346,1
653,518,20.998205,5964,2021-06-28 18:42:13,52.253834,3
654,518,20.93948,5965,2021-06-28 18:42:18,52.322132,08
655,518,20.982573,5966,2021-06-28 18:42:14,52.308952,2
656,160,20.998941,5967,2021-06-28 18:42:15,52.233433,011
657,180,20.925777,5970,2021-06-28 18:42:16,52.27243,11
658,518,20.937988,5972,2021-06-28 18:42:16,52.332569,1
659,E-9,20.999613,5973,2021-06-28 18:42:17,52.289219,03
660,518,21.023594,5975,2021-06-28 18:42:15,52.22831,4
661,180,21.067802,5976,2021-06-28 18:42:13,52.182953,6
662,503,21.049948,5978,2021-06-28 18:42:16,52.144588,9
663,503,21.022013,5979,2021-06-28 18:42:15,52.230103,6
664,111,21.1009762,5980,2021-06-28 18:42:18,52.225803,6
665,705,20.965298,5981,2021-06-28 18:42:14,52.272011,07
666,111,21.079666,5982,2021-06-28 18:42:15,52.226128,9
667,128,20.963711,5983,2021-06-28 18:42:17,52.207703,65
668,180,21.083851,5984,2021-06-28 18:42:17,52.167976,4
669,180,21.002863,5985,2021-06-28 18:42:16,52.249748,14
670,180,20.945715,5986,2021-06-28 18:42:11,52.266224,12
671,180,20.967455,5987,2021-06-28 18:42:13,52.256638,9
672,180,21.0196701,5988,2021-06-28 18:42:17,52.2330387,1
673,116,21.019575,5989,2021-06-28 18:42:17,52.233219,1
674,705,21.135851,5990,2021-06-28 18:42:16,52.482136,08
675,116,21.028536,5991,2021-06-28 18:42:14,52.209682,2
676,518,20.967533,5994,2021-06-28 18:42:16,52.273964,6
677,116,21.034706,5995,2021-06-28 18:42:18,52.202286,7
678,116,20.995695,5996,2021-06-28 18:42:09,52.258465,16
679,116,20.969934,5997,2021-06-28 18:42:15,52.27219,10
680,518,21.011404,5998,2021-06-28 18:42:16,52.246597,5
681,116,20.997696,5999,2021-06-28 18:42:12,52.253601,8
682,184,20.9213934,6200,2021-06-28 18:42:18,52.2484169,7
683,112,21.033045,6201,2021-06-28 18:42:16,52.297016,11
684,187,20.937258,6203,2021-06-28 18:42:14,52.201683,9
685,167,21.082924,6204,2021-06-28 18:42:16,52.208378,013
686,728,20.9433262,6207,2021-06-28 18:42:16,52.1754874,02
687,Z10,20.913429,6208,2021-06-28 18:42:18,52.25198,7
688,703,20.8329514,6209,2021-06-28 18:42:17,52.1047679,91
689,414,20.961449,6210,2021-06-28 18:42:17,52.216122,04
690,713,20.74441,6212,2021-06-28 18:42:17,52.214584,3
691,414,21.040911,6213,2021-06-28 18:42:17,52.288776,03
692,184,20.9640127,6214,2021-06-28 18:42:17,52.2080609,5
693,191,20.9037289,6215,2021-06-28 18:42:14,52.1936072,6
694,105,20.9048201,6216,2021-06-28 18:42:16,52.2173389,7
695,167,21.013046,6217,2021-06-28 18:42:16,52.208492,1
696,105,20.970669,6218,2021-06-28 18:42:13,52.228691,010
697,136,21.046453,6220,2021-06-28 18:42:15,52.150341,4
698,189,20.896482,6221,2021-06-28 18:42:17,52.235405,13
699,187,21.0482134,6222,2021-06-28 18:42:15,52.2076314,5
700,105,20.927515,6223,2021-06-28 18:42:16,52.222847,4
701,517,20.861856,6224,2021-06-28 18:42:15,52.190826,6
702,717,20.8397697,6225,2021-06-28 18:42:16,52.1845762,2
703,716,20.9307606,6226,2021-06-28 18:42:17,52.2250761,3
704,188,20.9734865,6227,2021-06-28 18:42:15,52.1720609,1
705,190,20.8988157,6228,2021-06-28 18:42:17,52.2388631,3
706,187,21.048082,6229,2021-06-28 18:42:16,52.208096,6
707,706,20.946575,6231,2021-06-28 18:42:15,52.192585,03
708,190,20.994801,6232,2021-06-28 18:42:17,52.242092,9
709,191,20.870356,6233,2021-06-28 18:42:16,52.183617,4
710,414,21.041954,6234,2021-06-28 18:42:17,52.300171,02
711,112,21.0522607,6236,2021-06-28 18:42:17,52.2928667,10
712,114,20.933684,6237,2021-06-28 18:42:16,52.2712669,4
713,728,20.8963382,6239,2021-06-28 18:42:18,52.0077191,1
714,414,21.013996,6240,2021-06-28 18:42:14,52.295658,01
715,517,20.861742,6241,2021-06-28 18:42:17,52.19104,5
716,182,20.974842,6242,2021-06-28 18:42:17,52.218349,7
717,706,20.9188034,6243,2021-06-28 18:42:17,52.1332169,2
718,L29,20.538338,65471,2021-06-28 18:42:12,52.258362,1
719,L-6,20.8681,66524,2021-06-28 18:42:13,52.275273,02
720,L-6,20.757959,66525,2021-06-28 18:42:19,52.25666,1
721,190,20.931803,7200,2021-06-28 18:42:16,52.240322,10
722,189,21.068922,7201,2021-06-28 18:42:17,52.181355,6
723,112,21.0822576,7202,2021-06-28 18:42:17,52.3044562,019
724,141,21.024858,7203,2021-06-28 18:42:18,52.19978,4
725,317,20.9209917,7204,2021-06-28 18:42:17,52.1968847,07
726,131,21.0303752,7205,2021-06-28 18:42:17,52.2067741,011
727,523,20.9350579,7206,2021-06-28 18:42:17,52.2400075,10
728,189,21.01367,7207,2021-06-28 18:42:13,52.174194,019
729,414,20.963852,7208,2021-06-28 18:42:17,52.207912,06
730,721,20.8411212,7212,2021-06-28 18:42:16,52.0572602,02
731,112,20.8982785,7213,2021-06-28 18:42:16,52.2277691,5
732,191,20.96011,7214,2021-06-28 18:42:13,52.215763,2
733,112,21.056089,7215,2021-06-28 18:42:16,52.297821,8
734,713,20.930075,7216,2021-06-28 18:42:14,52.224842,2
735,189,20.8990484,7219,2021-06-28 18:42:16,52.2386675,022
736,517,21.0105272,7220,2021-06-28 18:42:17,52.2316617,09
737,187,20.866859,7222,2021-06-28 18:42:16,52.19651,12
738,122,20.975327,7223,2021-06-28 18:42:17,52.265987,2
739,721,20.925568,7225,2021-06-28 18:42:16,52.158989,1
740,706,20.942631,7226,2021-06-28 18:42:17,52.175907,1
741,114,20.917084,7227,2021-06-28 18:42:17,52.312965,3
742,114,20.98675,7228,2021-06-28 18:42:16,52.268364,1
743,112,20.920958,7229,2021-06-28 18:42:17,52.196915,014
744,517,20.908827,7230,2021-06-28 18:42:17,52.19302,08
745,713,20.879351,7231,2021-06-28 18:42:17,52.216358,04
746,717,20.96501,7232,2021-06-28 18:42:16,52.218254,1
747,189,20.967041,7233,2021-06-28 18:42:17,52.187363,3
748,713,20.928655,7234,2021-06-28 18:42:15,52.2231484,1
749,187,20.882029,7235,2021-06-28 18:42:16,52.196667,10
750,184,20.951942,7237,2021-06-28 18:42:17,52.227512,6
751,141,21.048117,7238,2021-06-28 18:42:14,52.207886,5
752,189,20.8977064,7239,2021-06-28 18:42:17,52.2394245,16
753,184,20.929256,7240,2021-06-28 18:42:16,52.264877,8
754,317,21.047503,7241,2021-06-28 18:42:15,52.174412,5
755,141,20.944153,7242,2021-06-28 18:42:16,52.175522,1
756,523,20.978275,7243,2021-06-28 18:42:14,52.217171,9
757,401,20.979546,7244,2021-06-28 18:42:16,52.1834884,3
758,187,21.0135294,7245,2021-06-28 18:42:17,52.216921,7
759,190,21.0323602,7247,2021-06-28 18:42:16,52.2536514,017
760,188,20.986282,7248,2021-06-28 18:42:16,52.2047,5
761,171,20.9335,7249,2021-06-28 18:42:15,52.271103,3
762,317,20.9445994,7250,2021-06-28 18:42:16,52.1755894,3
763,105,20.898767,7251,2021-06-28 18:42:10,52.238766,2
764,167,21.04248,7252,2021-06-28 18:42:17,52.206631,4
765,122,20.9379389,7254,2021-06-28 18:42:16,52.270478,1
766,191,20.9708862,7256,2021-06-28 18:42:16,52.2131044,8
767,190,20.896601,7257,2021-06-28 18:42:16,52.202183,012
768,187,20.8619997,7258,2021-06-28 18:42:16,52.1909739,11
769,189,20.899021,7259,2021-06-28 18:42:16,52.23872,15
770,125,21.147604,7301,2021-06-28 18:42:16,52.226463,08
771,507,21.102419,7303,2021-06-28 18:42:18,52.221966,5
772,188,21.0263477,7304,2021-06-28 18:42:17,52.2194829,07
773,138,21.0014562,7305,2021-06-28 18:42:18,52.1987355,4
774,151,21.0197351,7306,2021-06-28 18:42:17,52.2178737,04
775,509,20.942141,7307,2021-06-28 18:42:12,52.334221,7
776,138,21.1005649,7308,2021-06-28 18:42:16,52.2606341,1
777,188,20.988462,7310,2021-06-28 18:42:17,52.213326,2
778,182,21.0269049,7312,2021-06-28 18:42:17,52.2196859,5
779,E-1,21.0398139,7314,2021-06-28 18:42:16,52.2438467,01
780,143,21.005081,7315,2021-06-28 18:42:16,52.216293,7
781,188,21.069471,7316,2021-06-28 18:42:16,52.230534,08
782,402,20.9936075,7317,2021-06-28 18:42:16,52.1790554,3
783,182,21.112228,7318,2021-06-28 18:42:14,52.236599,4
784,182,21.112764,7319,2021-06-28 18:42:18,52.2362917,3
785,411,21.0399484,7320,2021-06-28 18:42:17,52.2233742,01
786,182,20.987497,7322,2021-06-28 18:42:16,52.216244,8
787,E-1,21.0451965,7323,2021-06-28 18:42:17,52.2360681,02
788,138,21.052626,7325,2021-06-28 18:42:17,52.228226,3
789,141,21.112892,7326,2021-06-28 18:42:17,52.236324,6
790,E-1,21.096472,7327,2021-06-28 18:42:17,52.224312,03
791,182,21.0197477,7328,2021-06-28 18:42:17,52.2180911,1
792,523,21.0140894,7329,2021-06-28 18:42:16,52.2169184,017
793,171,20.9126749,7330,2021-06-28 18:42:16,52.2428214,5
794,162,21.102507,7331,2021-06-28 18:42:17,52.220722,013
795,141,21.048885,7333,2021-06-28 18:42:16,52.206478,8
796,116,21.020237,7334,2021-06-28 18:42:17,52.232018,69
797,110,20.899504,742,2021-06-28 18:42:17,52.325783,1
798,750,20.845516,745,2021-06-28 18:42:16,52.365185,07
799,250,20.927694,746,2021-06-28 18:42:16,52.291054,1
800,850,20.703722,749,2021-06-28 18:42:18,52.373943,2
801,150,20.929464,750,2021-06-28 18:42:16,52.290833,1
802,750,20.817482,755,2021-06-28 18:42:15,52.351883,2
803,110,20.968534,757,2021-06-28 18:42:15,52.272167,3
804,150,20.908966,758,2021-06-28 18:42:14,52.325039,2
805,750,20.928164,761,2021-06-28 18:42:14,52.290947,4
806,750,20.866335,762,2021-06-28 18:42:11,52.356022,1
807,850,20.806192,763,2021-06-28 18:42:09,52.366978,1
808,151,21.0859829,7701,2021-06-28 18:42:18,52.2351964,1
809,411,21.0273137,7702,2021-06-28 18:42:16,52.2197477,04
810,402,21.1560197,7703,2021-06-28 18:42:18,52.240246,7
811,151,21.0391907,7704,2021-06-28 18:42:18,52.2230921,05
812,110,16.9774837,7715,2021-06-28 18:40:35,52.5461099,3
813,150,20.864444,773,2021-06-28 18:42:17,52.359726167,05
814,150,20.846697,774,2021-06-28 18:42:15,52.34132,3
815,250,20.885662,775,2021-06-28 18:42:19,52.334026,3
816,250,20.882259,776,2021-06-28 18:42:15,52.316189,2
817,750,20.8943039,777,2021-06-28 18:42:18,52.3384084,3
818,143,21.1027858,8103,2021-06-28 18:42:15,52.2422746,011
819,167,20.925708,8108,2021-06-28 18:41:58,52.23402,8
820,217,21.0707886,8109,2021-06-28 18:42:14,52.162449,2
821,174,20.994862,8110,2021-06-28 18:42:11,52.1753103,010
822,136,21.0018736,8112,2021-06-28 18:42:10,52.1836423,014
823,709,21.015964,8115,2021-06-28 18:42:14,52.0720726,8
824,174,21.0118475,8119,2021-06-28 18:41:58,52.1734145,6
825,136,20.9875028,8120,2021-06-28 18:42:14,52.2098308,7
826,143,20.997056,8121,2021-06-28 18:42:10,52.187723,09
827,504,20.986191,8123,2021-06-28 18:42:00,52.204773,3
828,165,21.0160625,8124,2021-06-28 18:42:08,52.1799876,4
829,727,21.0274458,8125,2021-06-28 18:42:08,52.0757306,3
830,709,20.9974176,8126,2021-06-28 18:42:08,52.1874036,014
831,402,21.0521325,8130,2021-06-28 18:42:13,52.1983933,5
832,136,20.9952311,8131,2021-06-28 18:42:11,52.1832791,012
833,148,21.0870876,8133,2021-06-28 18:42:18,52.2447098,5
834,402,21.0513441,8134,2021-06-28 18:42:12,52.1965563,9
835,167,20.9763965,8135,2021-06-28 18:42:12,52.2113141,9
836,162,21.027274,8136,2021-06-28 18:42:10,52.25981,08
837,162,20.9963956,8137,2021-06-28 18:42:12,52.1878093,011
838,162,21.0258276,8138,2021-06-28 18:42:09,52.2376728,7
839,136,21.0558565,8139,2021-06-28 18:42:11,52.1475038,016
840,168,20.9955108,8140,2021-06-28 18:42:10,52.1901411,4
841,504,20.995712,8143,2021-06-28 18:42:09,52.1867331,011
842,504,21.0045476,8144,2021-06-28 18:42:14,52.1722356,4
843,709,21.0182733,8145,2021-06-28 18:42:18,52.1291106,011
844,727,21.024239,8146,2021-06-28 18:42:03,52.179966,2
845,148,21.095731,8148,2021-06-28 18:42:02,52.231331,6
846,709,21.0244051,8152,2021-06-28 18:42:11,52.079702,1
847,217,21.044948,8153,2021-06-28 18:42:13,52.1750556,1
848,136,20.9563728,8154,2021-06-28 18:42:03,52.2301666,8
849,131,21.00372,8155,2021-06-28 18:42:13,52.2294311,9
850,709,21.0177678,8156,2021-06-28 18:42:06,52.1651753,6
851,308,20.99603,8158,2021-06-28 18:42:15,52.187679,01
852,136,21.021209,8160,2021-06-28 18:42:07,52.158042,5
853,504,20.9896698,8162,2021-06-28 18:42:12,52.2252031,1
854,709,21.012696,8164,2021-06-28 18:42:12,52.0734878,9
855,331,20.9970041,8165,2021-06-28 18:42:07,52.1868781,03
856,148,21.0874191,8167,2021-06-28 18:42:02,52.2448398,4
857,218,21.0238756,8168,2021-06-28 18:42:08,52.1797771,3
858,504,21.0512305,8169,2021-06-28 18:42:13,52.1357308,5
859,131,21.003928,8170,2021-06-28 18:42:13,52.2297735,1
860,167,20.9436313,8172,2021-06-28 18:42:07,52.2264428,010
861,143,20.999111,8173,2021-06-28 18:41:57,52.205873,010
862,218,21.0185348,8174,2021-06-28 18:42:16,52.189263,1
863,727,20.9437785,8175,2021-06-28 18:42:10,52.0367806,4
864,709,21.017578,8176,2021-06-28 18:42:11,52.140441,3
865,143,21.0452868,8177,2021-06-28 18:42:13,52.2244873,5
866,138,21.014943,8178,2021-06-28 18:42:09,52.216611,7
867,709,21.0205728,8181,2021-06-28 18:42:12,52.0860113,7
868,136,21.0555246,8182,2021-06-28 18:42:11,52.1473041,2
869,218,21.003799,8183,2021-06-28 18:42:10,52.177913,4
870,131,21.0609836,8184,2021-06-28 18:42:13,52.189244,6
871,143,21.06169,8185,2021-06-28 18:42:12,52.2284163,8
872,217,21.0234826,8187,2021-06-28 18:42:05,52.1798393,4
873,185,21.043295,8188,2021-06-28 18:42:00,52.172478,9
874,504,21.0656946,8189,2021-06-28 18:42:17,52.131146,7
875,709,21.0237665,8190,2021-06-28 18:42:17,52.1800443,5
876,131,21.0298153,8192,2021-06-28 18:42:10,52.2070356,4
877,504,21.004081,8195,2021-06-28 18:42:15,52.2294371,2
878,504,20.9874211,8196,2021-06-28 18:42:09,52.1811186,013
879,218,21.0034371,8197,2021-06-28 18:42:00,52.178198,2
880,174,20.9994485,8199,2021-06-28 18:42:07,52.1691443,4
881,402,21.001148,8201,2021-06-28 18:42:13,52.1784276,4
882,151,21.115749,8202,2021-06-28 10:44:07,52.233741,05
883,151,21.1175305,8204,2021-06-28 10:20:01,52.2338373,06
884,151,21.0153523,8208,2021-06-28 18:42:12,52.2192465,2
885,521,20.9882373,8214,2021-06-28 18:42:16,52.224037,1
886,125,21.1964141,8216,2021-06-28 18:42:13,52.2083145,2
887,182,21.0747595,8218,2021-06-28 18:42:11,52.2325366,013
888,509,21.055601,8220,2021-06-28 18:42:16,52.238593,023
889,182,21.1051345,8222,2021-06-28 18:42:11,52.236995,2
890,509,21.0847255,8223,2021-06-28 18:42:06,52.225917,024
891,151,21.097301,8225,2021-06-28 18:42:03,52.230969,06
892,509,21.009926,8228,2021-06-28 18:42:04,52.282004,10
893,521,20.9639333,8229,2021-06-28 18:42:11,52.2078071,2
894,523,20.898289,8231,2021-06-28 18:41:58,52.258451,021
895,162,21.0354756,8233,2021-06-28 18:42:08,52.2218948,014
896,145,21.0001928,8300,2021-06-28 18:42:11,52.291331,2
897,145,21.0879,8301,2021-06-28 18:42:01,52.244815,9
898,509,21.0310408,8303,2021-06-28 18:42:14,52.2549413,3
899,171,20.966655,8304,2021-06-28 18:42:14,52.237108,010
900,509,21.116975,8305,2021-06-28 09:25:27,52.233583,022
901,117,21.0046405,8306,2021-06-28 18:42:11,52.229751,3
902,116,21.0840943,8309,2021-06-28 18:42:19,52.1680156,4
903,141,20.943691,8310,2021-06-28 18:42:10,52.175694,2
904,168,20.995493,8311,2021-06-28 18:42:14,52.1913625,3
905,151,21.1050028,8312,2021-06-28 18:42:10,52.2302123,3
906,720,21.1602888,8313,2021-06-28 18:42:15,52.2259798,02
907,162,21.0333538,8314,2021-06-28 18:42:15,52.2503673,2
908,117,21.0051736,8315,2021-06-28 18:42:12,52.2296931,06
909,521,21.1769005,8318,2021-06-28 18:42:10,52.1954761,4
910,185,21.021871,8319,2021-06-28 18:41:59,52.142753,11
911,151,21.116836,8320,2021-06-28 09:58:49,52.233566,04
912,162,21.0850375,8322,2021-06-28 18:42:18,52.1934441,5
913,509,20.9722575,8323,2021-06-28 18:42:13,52.3209195,9
914,148,21.0455836,8324,2021-06-28 18:42:11,52.1650963,7
915,143,21.1420061,8326,2021-06-28 18:42:06,52.2585293,1
916,145,21.0300513,8328,2021-06-28 18:42:08,52.288109,1
917,507,21.0319378,8329,2021-06-28 18:42:07,52.234031,08
918,148,21.046055,8330,2021-06-28 18:42:12,52.1642921,2
919,145,21.1256248,8332,2021-06-28 18:42:11,52.2348653,7
920,523,20.9063803,8333,2021-06-28 18:42:13,52.2551583,12
921,148,21.0475973,8334,2021-06-28 18:42:14,52.1894881,3
922,145,21.0946976,8335,2021-06-28 18:42:16,52.2440456,014
923,143,21.177188,8337,2021-06-28 18:42:17,52.256946,2
924,125,21.1262308,8340,2021-06-28 18:42:15,52.2343675,4
925,523,21.0971588,8341,2021-06-28 18:42:13,52.2483273,5
926,507,21.005313,8342,2021-06-28 18:42:04,52.229491,1
927,171,20.924855,8343,2021-06-28 18:41:58,52.272556,09
928,502,21.229341,8344,2021-06-28 18:42:16,52.216561,1
929,507,21.056423,8345,2021-06-28 18:42:05,52.237768,3
930,145,21.000481,8348,2021-06-28 18:38:43,52.291424,3
931,507,21.100708,8349,2021-06-28 18:41:58,52.223106,6
932,145,21.09177,8350,2021-06-28 18:42:03,52.286316,012
933,507,21.1028933,8351,2021-06-28 18:42:14,52.2221667,4
934,502,21.0153467,8352,2021-06-28 18:42:07,52.21862,4
935,523,20.9838717,8353,2021-06-28 18:42:10,52.2162117,2
936,502,21.130678,8354,2021-06-28 18:42:03,52.232406,011
937,523,21.00617,8356,2021-06-28 18:42:11,52.217173,8
938,514,21.015005,8358,2021-06-28 18:42:15,52.2175083,3
939,523,21.070515,8359,2021-06-28 18:42:08,52.2309433,3
940,507,21.070498,8360,2021-06-28 18:42:01,52.225065,7
941,202,21.04204,8361,2021-06-28 18:42:11,52.24208,1
942,502,21.070138,8362,2021-06-28 18:42:15,52.230351,2
943,188,20.978223,8363,2021-06-28 18:42:00,52.169441,6
944,138,21.0042917,8364,2021-06-28 18:42:17,52.1712033,6
945,514,21.18749,8365,2021-06-28 18:42:06,52.246955,1
946,523,21.0844717,8366,2021-06-28 18:42:15,52.2500017,4
947,502,21.16061,8368,2021-06-28 18:42:09,52.2260517,5
948,145,21.117193,8398,2021-06-28 18:42:13,52.233339,013
949,402,21.121553,8403,2021-06-28 18:42:14,52.232186,011
950,521,21.186427,8408,2021-06-28 18:42:10,52.1860085,07
951,143,21.1695558,8410,2021-06-28 18:42:16,52.2624103,012
952,523,20.9360651,8414,2021-06-28 18:42:17,52.2397615,13
953,148,20.9733226,8417,2021-06-28 18:42:09,52.1722623,9
954,148,20.9781345,8430,2021-06-28 18:42:11,52.1695606,010
955,162,21.0360705,8437,2021-06-28 18:42:12,52.2533465,012
956,125,21.1672513,8438,2021-06-28 18:42:06,52.2109475,1
957,162,21.08547,8440,2021-06-28 18:42:03,52.244668,015
958,145,21.1153615,8441,2021-06-28 18:42:16,52.2776285,6
959,269,21.0481054,8442,2021-06-28 18:42:16,52.2635574,01
960,723,20.9718287,8443,2021-06-28 18:42:16,52.3219097,2
961,114,20.981255,8445,2021-06-28 18:42:17,52.267696,5
962,120,21.0396897,8446,2021-06-28 18:42:16,52.2567247,6
963,731,20.951725,8447,2021-06-28 18:42:16,52.343147,3
964,160,21.068377,8448,2021-06-28 18:42:18,52.323437,1
965,132,20.9666122,8449,2021-06-28 18:42:17,52.2733289,04
966,412,21.079708,8450,2021-06-28 18:42:17,52.322586,052
967,112,20.948055,8451,2021-06-28 18:42:16,52.277008,6
968,527,21.0498689,8452,2021-06-28 18:42:16,52.2742969,06
969,160,21.058287,8453,2021-06-28 18:42:17,52.266327,014
970,160,21.0027269,8454,2021-06-28 18:42:14,52.2295317,4
971,160,21.051285,8455,2021-06-28 18:42:16,52.276527,6
972,132,21.051993,8457,2021-06-28 18:42:07,52.310038,08
973,527,21.0570851,8458,2021-06-28 18:42:17,52.323184,055
974,Z26,20.9743264,8459,2021-06-28 18:42:16,52.2355064,3
975,412,21.0916236,8460,2021-06-28 18:42:18,52.3066592,053
976,120,21.046857,8461,2021-06-28 18:42:15,52.3420512,4
977,414,20.960897,8462,2021-06-28 18:42:16,52.268627,05
978,511,20.9280052,8463,2021-06-28 18:42:16,52.2912927,05
979,509,21.045273,8465,2021-06-28 18:42:17,52.248371,2
980,136,21.0561617,8500,2021-06-28 18:42:15,52.147685,3
981,501,21.002828,8501,2021-06-28 18:42:07,52.229451,06
982,138,21.082158,8502,2021-06-28 18:42:09,52.260176,9
983,189,21.059255,8503,2021-06-28 18:42:10,52.183765,5
984,522,21.080053,8504,2021-06-28 18:42:12,52.157693,4
985,401,20.9254067,8505,2021-06-28 18:42:01,52.1964533,2
986,131,21.083815,8506,2021-06-28 18:42:10,52.168235,7
987,501,21.0483167,8507,2021-06-28 18:42:15,52.17811,4
988,138,21.044323,8508,2021-06-28 18:42:00,52.249083,2
989,189,20.9171767,8509,2021-06-28 18:42:01,52.221915,1
990,501,21.0204617,8510,2021-06-28 18:42:13,52.2111067,1
991,189,20.9161667,8511,2021-06-28 18:42:10,52.205235,027
992,Z26,20.9824333,8512,2021-06-28 18:42:18,52.2380783,4
993,186,20.974668,8513,2021-06-28 18:42:02,52.317623,013
994,733,20.767935,8514,2021-06-28 18:42:07,52.0819133,01
995,Z26,21.01846,8515,2021-06-28 18:42:04,52.2477583,7
996,522,21.0139567,8516,2021-06-28 18:42:18,52.2265217,2
997,141,20.964116,8517,2021-06-28 18:41:59,52.188128,10
998,519,21.0798667,8519,2021-06-28 18:42:04,52.1672467,7
999,519,21.031389,8520,2021-06-28 18:42:09,52.206001,1
1000,186,20.962285,8522,2021-06-28 18:41:47,52.215715,10
1001,733,20.80023,8523,2021-06-28 18:42:13,52.0915633,62
1002,522,21.052958,8525,2021-06-28 18:42:13,52.184353,011
1003,172,21.06914,8526,2021-06-28 18:42:13,52.181438,63
1004,172,20.984433,8528,2021-06-28 18:42:06,52.198306,5
1005,308,20.999958,8530,2021-06-28 18:42:05,52.18887,02
1006,172,21.024383,8532,2021-06-28 18:42:05,52.199758,1
1007,Z26,20.9797267,8533,2021-06-28 18:42:04,52.2372917,2
1008,138,20.9953983,8534,2021-06-28 18:42:11,52.1702417,5
1009,522,21.004991,8535,2021-06-28 18:42:03,52.229033,1
1010,172,20.971734,8536,2021-06-28 18:42:11,52.217203,6
1011,522,21.079883,8537,2021-06-28 18:42:03,52.157608,5
1012,709,21.0228483,8539,2021-06-28 18:41:57,52.17933,4
1013,172,20.9659033,8540,2021-06-28 18:42:06,52.2180983,8
1014,185,20.975968,8541,2021-06-28 18:42:08,52.28974,6
1015,172,20.982135,8543,2021-06-28 18:42:11,52.2016783,9
1016,519,21.0155167,8544,2021-06-28 18:42:15,52.222975,4
1017,522,21.0153117,8546,2021-06-28 18:42:07,52.2199033,012
1018,522,21.0661583,8547,2021-06-28 18:42:04,52.171795,6
1019,402,21.156113,8548,2021-06-28 18:42:03,52.240301,010
1020,186,20.9910817,8549,2021-06-28 18:42:18,52.3015767,015
1021,186,20.9601867,8550,2021-06-28 18:42:14,52.218515,016
1022,709,21.021744,8551,2021-06-28 18:42:15,52.074943,10
1023,136,20.9756233,8552,2021-06-28 18:42:04,52.2115983,10
1024,Z26,21.0062417,8555,2021-06-28 18:42:06,52.2460483,5
1025,519,21.002735,8556,2021-06-28 18:42:14,52.2292367,6
1026,Z26,20.9744617,8558,2021-06-28 18:42:10,52.2355917,08
1027,217,21.023038,8559,2021-06-28 18:42:12,52.181428,06
1028,519,21.092829,8560,2021-06-28 18:42:04,52.116773,2
1029,411,21.10275,8561,2021-06-28 18:42:12,52.2221017,02
1030,521,21.2046267,8562,2021-06-28 18:42:14,52.1593317,09
1031,402,20.998985,8563,2021-06-28 18:42:12,52.178885,2
1032,521,21.1263183,8564,2021-06-28 18:42:02,52.2346683,08
1033,502,21.0743517,8565,2021-06-28 18:42:15,52.23268,014
1034,502,21.230778,8566,2021-06-28 18:42:14,52.216473,6
1035,402,20.9935167,8567,2021-06-28 18:42:16,52.1788883,014
1036,509,20.942036,8568,2021-06-28 18:42:02,52.334505,021
1037,171,20.914329,8569,2021-06-28 18:42:09,52.239118,2
1038,411,21.09003,8571,2021-06-28 18:42:06,52.2253717,03
1039,E-1,21.102381,8572,2021-06-28 18:42:13,52.222031,04
1040,202,21.128735,8573,2021-06-28 18:42:17,52.2402167,2
1041,411,21.115896,8574,2021-06-28 10:20:57,52.233514,01
1042,720,21.320455,8576,2021-06-28 18:42:04,52.1555933,1
1043,162,21.08499,8578,2021-06-28 18:42:13,52.1932783,4
1044,125,21.041415,8579,2021-06-28 18:42:02,52.241506,09
1045,731,20.939151,8583,2021-06-28 18:42:14,52.41205,5
1046,269,21.041364,8584,2021-06-28 18:42:01,52.299901,02
1047,269,21.041859,8585,2021-06-28 18:42:04,52.293095,03
1048,514,21.168154,8586,2021-06-28 18:41:58,52.252575,2
1049,523,21.115558,8587,2021-06-28 08:55:25,52.233753,3
1050,145,21.007038,8588,2021-06-28 18:42:00,52.286295,016
1051,514,21.03918,8589,2021-06-28 18:42:13,52.223019,4
1052,502,21.0160867,8590,2021-06-28 18:42:10,52.2231567,3
1053,507,21.012395,8592,2021-06-28 18:42:16,52.230013,2
1054,145,21.12858,8593,2021-06-28 18:42:16,52.2356017,10
1055,138,21.0390733,8595,2021-06-28 18:42:03,52.25112,8
1056,186,20.9557855,8801,2021-06-28 18:42:08,52.2382325,11
1057,185,21.04294,8802,2021-06-28 18:42:16,52.148256,1
1058,727,21.0185241,8803,2021-06-28 18:42:13,52.1032141,1
1059,217,21.0272368,8804,2021-06-28 18:42:15,52.1783911,3
1060,185,20.9872446,8805,2021-06-28 18:42:16,52.268841,4
1061,402,21.1562608,8806,2021-06-28 18:42:14,52.2402698,8
1062,131,21.068955,8808,2021-06-28 18:42:17,52.1813256,3
1063,709,21.0182685,8809,2021-06-28 18:42:13,52.1117968,2
1064,174,21.0084546,8810,2021-06-28 18:42:14,52.2066443,1
1065,165,21.024088,8811,2021-06-28 18:42:04,52.1798013,3
1066,167,20.9969691,8812,2021-06-28 18:42:17,52.1877866,011
1067,402,21.0405108,8813,2021-06-28 18:42:13,52.1706761,1
1068,167,21.0734578,8814,2021-06-28 18:42:13,52.2122816,2
1069,167,21.083391,8816,2021-06-28 18:42:10,52.208201,3
1070,308,20.996511,8817,2021-06-28 18:42:00,52.187588,03
1071,504,21.007488,8818,2021-06-28 18:42:16,52.170544,9
1072,331,20.9970058,8819,2021-06-28 18:33:08,52.1877331,04
1073,522,21.0228506,8820,2021-06-28 18:42:09,52.1793035,014
1074,174,20.9967751,8821,2021-06-28 18:32:49,52.1875216,08
1075,174,20.9953253,8822,2021-06-28 18:42:15,52.1701676,5
1076,522,21.0783693,8823,2021-06-28 18:42:02,52.1570751,015
1077,167,20.976024,8824,2021-06-28 18:42:15,52.211203,6
1078,709,21.012672,8825,2021-06-28 18:42:15,52.0731643,012
1079,504,21.0437613,8826,2021-06-28 18:42:01,52.1441856,8
1080,143,21.0838556,8828,2021-06-28 18:42:09,52.2422933,4
1081,509,21.0074978,8829,2021-06-28 18:42:15,52.2855863,4
1082,523,20.912515,8830,2021-06-28 18:42:15,52.251659,11
1083,125,21.0735075,8831,2021-06-28 18:42:09,52.2458065,5
1084,171,21.0432473,8832,2021-06-28 18:42:14,52.2227933,7
1085,141,21.0133285,8833,2021-06-28 18:42:06,52.195962,9
1086,704,21.2616391,8834,2021-06-28 18:42:13,52.2223548,2
1087,521,21.2046936,8835,2021-06-28 18:42:12,52.1594295,5
1088,182,21.0131448,8837,2021-06-28 18:42:17,52.2169631,6
1089,182,20.964922,8838,2021-06-28 18:42:14,52.2180145,010
1090,704,21.147061,8839,2021-06-28 18:42:12,52.226438,1
1091,185,20.9757383,8840,2021-06-28 18:42:12,52.289595,5
1092,125,21.0429548,8841,2021-06-28 18:42:10,52.2435976,6
1093,521,21.0500948,8843,2021-06-28 18:42:10,52.2379598,3
1094,185,21.0597608,8844,2021-06-28 18:42:08,52.184286,2
1095,402,21.0283088,8845,2021-06-28 18:42:17,52.1734685,013
1096,143,21.137061,8846,2021-06-28 18:42:10,52.242665,3
1097,143,21.0067265,8847,2021-06-28 18:42:14,52.2170785,6
1098,125,21.173911,8849,2021-06-28 18:42:09,52.2066635,3
1099,521,21.1132356,8850,2021-06-28 18:42:04,52.2398695,6
1100,523,20.955643,8851,2021-06-28 18:42:08,52.234186,019
1101,141,20.9629163,8852,2021-06-28 18:42:13,52.1888125,3
1102,125,21.102623,8853,2021-06-28 18:42:06,52.242296,7
1103,509,20.940896,8854,2021-06-28 18:42:09,52.3282181,8
1104,402,21.1326056,8855,2021-06-28 18:42:13,52.2398806,6
1105,512,21.0643566,8856,2021-06-28 18:42:15,52.2872513,1
1106,509,21.091774,8857,2021-06-28 18:42:12,52.225173,12
1107,169,21.0418928,8858,2021-06-28 18:42:12,52.3001131,1
1108,112,20.8799636,8859,2021-06-28 18:42:08,52.2162203,4
1109,512,21.0519776,8861,2021-06-28 18:42:02,52.2528393,4
1110,412,21.0543116,8862,2021-06-28 18:42:10,52.2535646,04
1111,738,21.0461098,8864,2021-06-28 18:42:13,52.2648138,05
1112,500,21.0459893,8865,2021-06-28 10:43:17,52.2651186,08
1113,169,21.0332021,8866,2021-06-28 18:42:14,52.2976396,5
1114,162,21.0274216,8867,2021-06-28 18:42:12,52.259632,1
1115,190,20.935766,8868,2021-06-28 18:42:15,52.23983,5
1116,190,21.0869381,8869,2021-06-28 18:42:08,52.3008245,023
1117,190,21.0454563,8871,2021-06-28 18:42:10,52.2592755,025
1118,190,20.9914241,8872,2021-06-28 18:42:11,52.244023,026
1119,738,21.204793,8873,2021-06-28 18:42:02,52.408844,06
1120,500,20.982438,8874,2021-06-28 18:42:15,52.253231,3
1121,190,20.9133915,8875,2021-06-28 18:42:03,52.2378355,4
1122,162,21.0488146,8876,2021-06-28 18:42:07,52.2067106,3
1123,512,21.0554916,8878,2021-06-28 18:42:12,52.2836833,06
1124,509,21.0653056,8879,2021-06-28 18:41:53,52.2265663,1
1125,709,20.996574,8880,2021-06-25 18:58:33,52.18762,016
1126,186,20.9728656,8881,2021-06-28 18:42:07,52.2054335,014
1127,165,20.9905881,8882,2021-06-28 18:42:11,52.1549676,2
1128,128,20.963646,8883,2021-06-28 18:42:11,52.2077758,64
1129,180,21.0837785,8885,2021-06-28 18:42:17,52.1683705,5
1130,167,21.0065868,8886,2021-06-28 18:42:11,52.2109896,5
1131,189,20.8987366,8887,2021-06-28 18:42:16,52.2387161,021
1132,175,21.012727,8888,2021-06-28 18:42:13,52.2431821,61
1133,504,21.0458083,8891,2021-06-28 18:42:10,52.149563,012
1134,165,20.992358,8892,2021-06-28 18:42:16,52.163094,1
1135,116,21.05873,8893,2021-06-28 18:42:04,52.179086,53
1136,217,21.067608,8894,2021-06-28 18:42:04,52.169753,05
1137,136,20.9660301,8895,2021-06-28 18:42:07,52.2430998,015
1138,174,20.9991718,8896,2021-06-28 18:42:12,52.2311888,07
1139,180,21.050989,8897,2021-06-28 18:42:10,52.199436,015
1140,167,20.9293591,8898,2021-06-28 18:41:48,52.2337935,7
1141,504,21.068523,8899,2021-06-28 18:39:54,52.129174,6
1142,161,21.224699,9061,2021-06-28 18:42:14,52.186768,2
1143,161,21.211761,9063,2021-06-28 18:42:13,52.160702,3
1144,262,21.087784,9064,2021-06-28 18:42:16,52.286552,03
1145,314,21.028336,9065,2021-06-28 18:42:16,52.312378,04
1146,314,20.977341,9066,2021-06-28 18:42:17,52.313942,02
1147,104,21.032103,9068,2021-06-28 18:42:14,52.324677,2
1148,161,21.214722,9070,2021-06-28 18:42:13,52.182545,1
1149,225,21.167881,9071,2021-06-28 18:42:13,52.276398,2
1150,225,21.10462,9074,2021-06-28 18:42:17,52.22184,4
1151,225,21.126745,9075,2021-06-28 18:42:17,52.233318,3
1152,211,20.93918,9077,2021-06-28 18:42:15,52.340443,08
1153,314,20.952742,9078,2021-06-28 18:42:15,52.317287,01
1154,104,21.000217,9081,2021-06-28 18:42:14,52.29147,1
1155,314,21.039629,9082,2021-06-28 18:42:16,52.34964,03
1156,262,21.053675,9083,2021-06-28 18:42:16,52.276421,2
1157,225,21.126917,9088,2021-06-28 18:42:16,52.258213,1
1158,211,20.957193,9090,2021-06-28 18:42:18,52.326546,2
1159,211,20.972012,9091,2021-06-28 18:42:13,52.309429,07
1160,262,21.0648645,9092,2021-06-28 18:42:19,52.2744264,1
1161,305,21.151663,9093,2021-06-28 18:42:13,52.227169,1
1162,900,20.946293,9094,2021-06-28 18:42:15,52.349915,1
1163,133,20.948511,9201,2021-06-28 18:42:17,52.325485,2
1164,207,20.870462,9202,2021-06-28 18:42:10,52.183327,03
1165,164,21.138215,9203,2021-06-28 18:42:08,52.145848,05
1166,133,20.95225,9204,2021-06-28 18:42:14,52.316875,1
1167,239,21.034885,9205,2021-06-28 18:42:14,52.156025,51
1168,209,21.037191,9206,2021-06-28 18:42:12,52.154339,52
1169,209,20.981077,9208,2021-06-28 18:42:12,52.132809,54
1170,211,20.97578,9209,2021-06-28 18:42:14,52.305084,4
1171,177,20.883688,9210,2021-06-28 18:42:15,52.205746,3
1172,809,21.018055,9212,2021-06-28 18:42:15,52.121597,53
1173,211,20.94147,9213,2021-06-28 18:42:13,52.355346,6
1174,219,21.176712,9215,2021-06-28 18:42:11,52.184261,3
1175,208,20.950167,9216,2021-06-28 18:42:04,52.210362,1
1176,234,21.014055,9217,2021-06-28 18:42:13,52.310383,1
1177,239,21.037792,9218,2021-06-28 18:42:14,52.153824,057
1178,234,21.053879,9219,2021-06-28 18:42:12,52.335342,2
1179,203,20.911381,9220,2021-06-28 18:42:14,52.273163,1
1180,249,20.889536,9221,2021-06-28 18:42:13,52.227543,1
1181,211,20.941376,9223,2021-06-28 18:42:15,52.355381,1
1182,201,20.926519,9224,2021-06-28 18:42:13,52.23402,3
1183,208,20.965322,9225,2021-06-28 18:42:17,52.214958,04
1184,208,20.975563,9226,2021-06-28 18:42:14,52.21022,05
1185,208,20.965828,9227,2021-06-28 18:42:14,52.201885,2
1186,219,21.108423,9228,2021-06-28 18:42:18,52.218349,2
1187,219,21.132448,9229,2021-06-28 18:42:11,52.214256,1
1188,201,20.939007,9230,2021-06-28 18:42:16,52.247452,2
1189,809,21.017942,9232,2021-06-28 18:42:13,52.142963,056
1190,264,21.083899,9233,2021-06-28 18:42:17,52.167683,1
1191,203,20.92948,9234,2021-06-28 18:42:11,52.292866,2
1192,201,20.925119,9235,2021-06-28 18:42:16,52.260662,5
1193,201,20.944267,9236,2021-06-28 18:42:16,52.24379,4
1194,239,21.031076,9237,2021-06-28 18:42:13,52.153851,055
1195,208,20.97562,9238,2021-06-28 18:42:12,52.210312,03
1196,207,20.885471,9239,2021-06-28 18:42:13,52.196293,02
1197,177,20.904659,9240,2021-06-28 18:42:10,52.185848,1
1198,133,20.972649,9241,2021-06-28 18:42:09,52.34901,3
1199,211,20.960838,9243,2021-06-28 18:42:13,52.316547,5
1200,207,20.906013,9244,2021-06-28 18:42:17,52.188923,01
1201,211,21.000776,9245,2021-06-28 18:42:12,52.291092,3
1202,164,21.084318,9246,2021-06-28 18:42:17,52.167206,04
1203,201,20.925047,9247,2021-06-28 18:42:13,52.260586,1
1204,177,20.872913,9248,2021-06-28 18:42:12,52.201969,2
1205,164,21.07107,9250,2021-06-28 18:42:12,52.191628,3
1206,164,21.142052,9251,2021-06-28 18:42:13,52.144676,2
1207,164,21.108963,9252,2021-06-28 18:42:13,52.164608,1
1208,211,20.941834,9254,2021-06-28 18:42:15,52.332321,09
1209,199,21.071667,9301,2021-06-28 18:42:10,52.282368,06
1210,739,21.024288,9302,2021-06-28 18:42:16,52.179878,2
1211,739,21.018209,9304,2021-06-28 18:42:18,52.129524,3
1212,179,21.064621,9311,2021-06-28 17:42:16,52.131252,10
1213,123,21.062462,9312,2021-06-28 18:42:15,52.230747,08
1214,179,21.068624,9313,2021-06-28 18:42:11,52.128914,11
1215,153,21.177082,9314,2021-06-28 18:42:11,52.256901,2
1216,179,21.049765,9315,2021-06-28 18:42:14,52.154694,2
1217,135,21.053019,9316,2021-06-28 18:42:17,52.247429,3
1218,135,21.03661,9317,2021-06-28 18:42:14,52.252708,6
1219,135,21.03828,9318,2021-06-28 18:42:17,52.263752,2
1220,135,21.027832,9319,2021-06-28 18:42:17,52.259651,1
1221,179,21.031904,9320,2021-06-28 18:42:13,52.154411,4
1222,179,21.036987,9321,2021-06-28 18:42:18,52.162075,5
1223,123,21.054203,9322,2021-06-28 18:42:17,52.250484,5
1224,135,21.094179,9323,2021-06-28 18:42:11,52.231251,07
1225,179,21.059963,9324,2021-06-28 18:42:15,52.149158,9
1226,179,21.057936,9325,2021-06-28 18:42:15,52.140068,51
1227,256,21.046185,9326,2021-06-28 18:42:10,52.276196,2
1228,142,21.242058,9327,2021-06-28 18:42:14,52.169876,3
1229,179,21.037653,9328,2021-06-28 18:42:12,52.146191,8
1230,153,21.15049,9329,2021-06-28 18:42:14,52.270229,04
1231,123,21.0773959,9331,2021-06-28 09:44:24,52.2687066,07
1232,123,21.077486,9332,2021-06-28 15:39:21,52.268074,08
1233,142,21.088251,9333,2021-06-28 18:42:09,52.24469,5
1234,739,21.018827,9334,2021-06-28 18:42:18,52.098228,1
1235,153,21.159416,9335,2021-06-28 18:42:10,52.261189,3
1236,135,21.101925,9336,2021-06-28 18:42:14,52.241936,5
1237,739,21.0771987,9337,2021-06-28 16:56:14,52.2682345,2
1238,179,21.037081,9338,2021-06-28 18:42:16,52.162106,6
1239,256,21.08091,9339,2021-06-28 18:42:15,52.277351,1
1240,153,21.172575,9340,2021-06-28 18:42:13,52.285423,1
1241,142,21.156828,9341,2021-06-28 18:42:14,52.17001,4
1242,739,21.0397,9342,2021-06-28 18:42:15,52.080593,4
1243,256,21.067003,9343,2021-06-28 18:42:12,52.314873,4
1244,135,21.081835,9344,2021-06-28 18:42:13,52.240746,08
1245,739,21.045448,9345,2021-06-28 18:42:12,52.085701,05
1246,179,21.035091,9346,2021-06-28 18:42:16,52.155941,7
1247,135,21.107206,9347,2021-06-28 18:42:09,52.248413,4
1248,123,21.066463,9348,2021-06-28 18:42:17,52.250381,09
1249,179,21.02634,9349,2021-06-28 18:42:16,52.145267,3
1250,123,21.051174,9350,2021-06-28 18:42:17,52.252609,357
1251,142,21.088297,9351,2021-06-28 18:42:16,52.245224,1
1252,123,21.101246,9352,2021-06-28 18:42:17,52.241055,6
1253,739,21.01738,9353,2021-06-28 18:42:14,52.152664,06
1254,123,21.083649,9354,2021-06-28 18:42:16,52.225437,07
1255,199,21.143425,9355,2021-06-28 18:42:12,52.272045,05
1256,256,21.071962,9356,2021-06-28 18:42:12,52.322487,3
1257,142,21.169321,9357,2021-06-28 18:42:16,52.172192,2
1258,142,21.077633,9358,2021-06-28 16:02:28,52.267822,4
1259,256,21.066772,9359,2021-06-28 18:42:11,52.274303,5
1260,176,20.982286,9403,2021-06-28 18:42:12,52.355522,1
1261,176,21.001484,9405,2021-06-28 18:42:16,52.313751,05
1262,176,20.98221,9412,2021-06-28 18:42:18,52.355625,3
1263,197,20.929716,9413,2021-06-28 18:42:13,52.223755,012
1264,197,20.932556,9414,2021-06-28 18:42:15,52.253231,014
1265,103,20.968473,9415,2021-06-28 18:42:13,52.222065,2
1266,102,21.01424,9416,2021-06-28 18:42:16,52.24052,3
1267,157,20.995411,9417,2021-06-28 18:42:17,52.253506,7
1268,712,20.864292,9418,2021-06-28 18:42:17,52.277039,02
1269,516,20.955973,9420,2021-06-28 18:42:13,52.321384,5
1270,157,20.963728,9423,2021-06-28 18:42:16,52.208046,1
1271,103,20.968847,9424,2021-06-28 18:42:17,52.222122,4
1272,123,21.046947,9425,2021-06-28 18:42:11,52.247822,1
1273,157,20.988977,9426,2021-06-28 18:42:13,52.265884,3
1274,157,20.976419,9427,2021-06-28 18:42:14,52.289871,4
1275,157,20.981831,9428,2021-06-28 18:42:15,52.216797,9
1276,103,20.950518,9429,2021-06-28 18:42:17,52.289211,6
1277,157,20.9639,9432,2021-06-28 18:42:14,52.207947,10
1278,176,20.999775,9434,2021-06-28 18:42:16,52.316048,04
1279,516,21.000957,9435,2021-06-28 18:42:18,52.291656,1
1280,157,20.984308,9436,2021-06-28 18:42:14,52.250751,2
1281,157,20.980257,9437,2021-06-28 18:42:14,52.276558,6
1282,197,20.938885,9438,2021-06-28 18:42:13,52.246731,011
1283,197,20.947985,9439,2021-06-28 18:42:17,52.27758,016
1284,516,20.952051,9440,2021-06-28 18:42:18,52.318363,3
1285,123,21.050739,9441,2021-06-28 18:42:14,52.252464,3
1286,103,20.966085,9442,2021-06-28 18:42:17,52.232716,5
1287,102,21.095762,9443,2021-06-28 18:42:14,52.248722,1
1288,103,20.968704,9444,2021-06-28 18:42:18,52.222095,3
1289,103,20.92691,9445,2021-06-28 18:42:14,52.290306,7
1290,103,20.949848,9446,2021-06-28 18:42:14,52.25555,1
1291,123,21.096806,9447,2021-06-28 18:42:15,52.233521,4
1292,157,20.983519,9448,2021-06-28 18:42:14,52.219334,011
1293,516,20.942034,9449,2021-06-28 18:42:17,52.333946,4
1294,102,21.045935,9450,2021-06-28 18:42:17,52.235405,2
1295,157,20.976564,9451,2021-06-28 18:42:13,52.289909,5
1296,157,20.988892,9452,2021-06-28 18:42:15,52.23761,8
1297,176,21.034218,9453,2021-06-28 18:42:15,52.283493,2
1298,197,20.949993,9454,2021-06-28 18:42:16,52.280647,015
1299,712,20.930923,9455,2021-06-28 18:42:11,52.291954,1
1300,743,20.930252,9456,2021-06-28 18:42:18,52.224865,1
1301,197,20.930544,9457,2021-06-28 18:42:16,52.223618,013
1302,103,20.955229,9458,2021-06-28 18:42:16,52.284557,8
1303,194,20.930494333,9501,2021-06-28 18:42:10,52.224936167,5
1304,707,20.9016105,9502,2021-06-28 18:42:14,52.1391795,1
1305,159,21.082928833,9503,2021-06-28 18:42:17,52.190514333,1
1306,103,20.962629167,9505,2021-06-28 18:42:16,52.2584935,09
1307,103,20.927357833,9506,2021-06-28 18:42:15,52.289973167,011
1308,220,20.905946667,9509,2021-06-28 18:42:15,52.255051333,3
1309,194,20.865975167,9510,2021-06-28 18:42:14,52.196543833,06
1310,737,21.0367305,9511,2021-06-28 18:42:17,52.161959,56
1311,220,20.9433925,9513,2021-06-28 18:42:17,52.175485333,5
1312,715,21.024739833,9514,2021-06-28 18:42:15,52.143317333,53
1313,181,20.899967167,9515,2021-06-28 18:42:18,52.2971595,2
1314,737,20.975583667,9516,2021-06-28 18:42:14,52.101552333,54
1315,149,20.947542333,9519,2021-06-28 18:42:15,52.246628833,2
1316,159,21.057404,9520,2021-06-28 18:42:16,52.193039333,8
1317,715,20.943640167,9521,2021-06-28 18:42:18,52.176023333,1
1318,220,20.900933833,9522,2021-06-28 18:42:16,52.199552333,4
1319,220,20.897052,9523,2021-06-28 18:42:15,52.230786667,07
1320,220,20.925062333,9524,2021-06-28 18:42:16,52.2607915,2
1321,194,20.896153667,9525,2021-06-28 18:42:15,52.20175,3
1322,181,20.950734833,9526,2021-06-28 18:42:17,52.289054667,1
1323,715,21.0369885,9528,2021-06-28 18:42:16,52.1620195,058
1324,715,20.956866833,9529,2021-06-28 18:42:15,52.1449795,52
1325,707,20.955214333,9530,2021-06-28 18:42:15,52.084431333,03
1326,159,20.954706833,9531,2021-06-28 18:42:16,52.212036833,4
1327,194,20.930388333,9532,2021-06-28 18:42:14,52.225014,1
1328,181,20.986289833,9533,2021-06-28 18:42:16,52.269549667,4
1329,181,20.939302333,9534,2021-06-28 18:42:14,52.3017685,3
1330,159,21.030487667,9535,2021-06-28 18:42:18,52.224418167,7
1331,159,20.9807865,9537,2021-06-28 18:42:17,52.2225605,6
1332,737,20.897122833,9539,2021-06-28 18:42:15,52.056519667,059
1333,220,20.896473333,9540,2021-06-28 18:42:16,52.235096,1
1334,220,20.900237167,9542,2021-06-28 18:42:16,52.1991965,6
1335,737,21.025054667,9544,2021-06-28 18:42:19,52.143822667,07
1336,220,20.9420475,9545,2021-06-28 18:42:17,52.173816,08
1337,149,20.900983667,9546,2021-06-28 18:42:17,52.239487167,5
1338,220,20.922809167,9548,2021-06-28 18:42:14,52.259823833,09
1339,149,20.9419905,9550,2021-06-28 18:42:15,52.246696,1
1340,715,20.986334833,9551,2021-06-28 18:42:15,52.111294833,55
1341,149,20.905596333,9552,2021-06-28 18:42:10,52.238847333,3
1342,194,20.868125,9554,2021-06-28 18:42:09,52.194452,07
1343,194,20.929398667,9555,2021-06-28 18:42:17,52.223195,2
1344,159,20.989647667,9556,2021-06-28 18:42:14,52.223984167,3
1345,149,20.878961667,9557,2021-06-28 18:42:09,52.248181667,4
1346,194,20.8971345,9558,2021-06-28 18:42:14,52.208880333,4
1347,159,20.954942667,9560,2021-06-28 18:42:16,52.212112833,5
1348,159,21.045531833,9561,2021-06-28 18:42:18,52.218594167,2
1349,118,21.015635,9671,2021-06-28 18:42:18,52.219246,2
1350,118,21.019176,9672,2021-06-28 18:42:14,52.296001,5
1351,326,21.061708,9673,2021-06-28 18:42:16,52.361778,04
1352,118,21.015366,9674,2021-06-28 18:42:15,52.251678,8
1353,152,21.004301,9676,2021-06-28 18:42:13,52.336334,5
1354,212,21.037704,9677,2021-06-28 18:42:11,52.268444,06
1355,118,21.037516,9678,2021-06-28 18:42:13,52.296379,7
1356,118,21.026669,9679,2021-06-28 18:42:10,52.229908,1
1357,326,21.017315,9680,2021-06-28 18:42:10,52.318245,02
1358,152,20.971575,9681,2021-06-28 18:42:06,52.320885,2
1359,212,21.056925,9682,2021-06-28 18:42:16,52.301891,5
1360,152,20.952543,9683,2021-06-28 18:42:15,52.317108,4
1361,212,21.058134,9684,2021-06-28 18:42:16,52.301662,1
1362,212,21.05759,9685,2021-06-28 18:42:09,52.271328,2
1363,326,20.98868,9686,2021-06-28 18:42:13,52.304234,05
1364,326,21.061893,9688,2021-06-28 18:42:17,52.361687,03
1365,118,21.01659,9689,2021-06-28 18:42:14,52.250076,4
1366,212,21.027159,9690,2021-06-28 18:42:16,52.259598,3
1367,326,20.964952,9692,2021-06-28 18:42:10,52.273769,01
1368,212,21.066235,9693,2021-06-28 18:42:12,52.277157,4
1369,152,21.060568,9695,2021-06-28 18:42:10,52.314957,1
1370,118,21.041349,9696,2021-06-28 18:42:11,52.300098,6
1371,118,21.016476,9697,2021-06-28 18:42:17,52.223366,3
1372,152,20.976065,9698,2021-06-28 18:42:18,52.335155,3
1373,710,21.126141,9801,2021-06-28 18:42:15,52.101303,4
1374,525,21.196875,9802,2021-06-28 18:42:11,52.208344,1
1375,127,20.957251,9804,2021-06-28 18:42:16,52.214905,56
1376,710,21.011213,9805,2021-06-28 18:42:14,52.074169,2
1377,719,20.918638,9806,2021-06-28 18:42:12,52.239792,1
1378,525,21.196587,9807,2021-06-28 18:42:16,52.208302,319
1379,127,21.036564,9808,2021-06-28 18:42:16,52.233311,2
1380,710,21.06768,9810,2021-06-28 18:42:10,52.129314,5
1381,719,20.749266,9812,2021-06-28 18:42:15,52.25568,3
1382,109,20.941743,9813,2021-06-28 18:08:00,52.239395,08
1383,Z10,20.918468,9814,2021-06-28 18:42:16,52.220489,2
1384,525,21.014908,9815,2021-06-28 18:42:14,52.217266,09
1385,742,21.098261,9816,2021-06-28 18:42:16,52.130581,1
1386,719,20.896912,9818,2021-06-28 18:42:16,52.239422,04
1387,719,20.718933,9820,2021-06-28 18:42:11,52.255619,2
1388,710,21.133526,9821,2021-06-28 18:42:13,52.098434,1
1389,184,20.95977,9823,2021-06-28 18:42:13,52.219693,010
1390,525,21.085449,9825,2021-06-28 18:24:36,52.236231,5
1391,525,21.139832,9826,2021-06-28 18:42:15,52.228725,7
1392,185,21.049036,9827,2021-06-28 18:42:17,52.205752,8
1393,127,21.008638,9828,2021-06-28 18:42:15,52.229084,4
1394,525,21.060539,9829,2021-06-28 18:42:13,52.228058,6
1395,Z10,20.912701,9830,2021-06-28 18:42:13,52.240467,8
1396,710,21.028137,9831,2021-06-28 18:42:10,52.075859,3
1397,127,20.990051,9833,2021-06-28 18:42:16,52.22538,1
1398,525,21.003859,9834,2021-06-28 18:42:11,52.229501,4
1399,742,21.200523,9835,2021-06-28 18:42:16,51.998474,02
1400,525,21.069403,9836,2021-06-28 18:42:15,52.230164,3
1401,185,21.021936,9837,2021-06-28 18:42:17,52.14249,12
1402,525,21.10829,9838,2021-06-28 18:42:17,52.233421,2
1403,724,21.09182,9839,2021-06-28 18:42:14,52.131004,1
1404,127,20.908745,9840,2021-06-28 18:42:15,52.206875,6
1405,724,21.024323,9841,2021-06-28 18:42:12,52.068356,02
1406,127,20.895437,9843,2021-06-28 18:42:16,52.208794,7
1407,127,21.028549,9844,2021-06-28 18:42:14,52.239487,09
1408,127,21.019482,9845,2021-06-28 18:42:10,52.246269,3
1409,Z10,20.919142,9846,2021-06-28 18:42:17,52.256638,6
1410,Z10,20.912518,9847,2021-06-28 18:42:12,52.241329,4
1411,109,20.983717,9849,2021-06-28 18:42:11,52.229988,6
1412,109,21.034048,9851,2021-06-28 18:42:17,52.226311,5
1413,109,21.043255,9852,2021-06-28 18:42:17,52.223022,4
1414,109,20.898794,9853,2021-06-28 18:42:13,52.238522,1
1415,127,20.928257,9854,2021-06-28 18:42:15,52.202991,335
1416,210,20.767395,9902,2021-06-28 18:42:16,52.307831,5
1417,140,21.113012,9903,2021-06-28 18:42:16,52.36063,04
1418,520,21.088327,9905,2021-06-28 18:42:16,52.235973,011
1419,520,21.049494,9906,2021-06-28 18:42:13,52.225384,3
1420,140,21.067001,9907,2021-06-28 18:42:16,52.276981,08
1421,140,21.100716,9908,2021-06-28 18:42:16,52.317917,09
1422,140,21.111197,9909,2021-06-28 18:42:16,52.360905,2
1423,719,20.586412,9912,2021-06-28 18:42:17,52.257561,05
1424,520,21.155937,9913,2021-06-28 18:42:17,52.240383,08
1425,520,21.015705,9914,2021-06-28 18:42:14,52.220428,09
1426,520,21.012199,9915,2021-06-28 18:42:14,52.229946,6
1427,520,21.013454,9916,2021-06-28 18:42:14,52.226646,4
1428,193,20.995663,9918,2021-06-28 18:42:15,52.170162,2
1429,193,21.038771,9919,2021-06-28 18:42:14,52.172756,3
1430,140,21.081812,9920,2021-06-28 18:42:18,52.294617,05
1431,520,21.002117,9922,2021-06-28 18:42:13,52.243118,5
1432,193,21.036917,9923,2021-06-28 18:42:16,52.161957,4
1433,193,20.995373,9926,2021-06-28 18:42:17,52.17025,1
1434,520,21.001312,9927,2021-06-28 18:42:16,52.243866,010
1435,140,21.05419,9928,2021-06-28 18:42:14,52.275742,3
1436,186,20.944014,9929,2021-06-28 18:42:17,52.322598,12
1437,193,21.035139,9930,2021-06-28 18:42:16,52.156487,5
1438,186,20.988905,9932,2021-06-28 18:42:15,52.304024,4
1439,520,21.126715,9933,2021-06-28 18:42:17,52.233002,2
1440,186,20.942202,9934,2021-06-28 18:42:16,52.334103,2
1441,520,21.135916,9935,2021-06-28 18:42:17,52.241467,1
1442,186,20.973907,9936,2021-06-28 18:42:17,52.205048,6
1443,520,21.087429,9937,2021-06-28 18:42:14,52.23624,7
1444,186,20.941357,9940,2021-06-28 18:42:14,52.324444,3
1445,186,20.963737,9941,2021-06-28 18:42:18,52.207802,8
1446,210,20.821926,9942,2021-06-28 18:42:15,52.291088,4
1447,109,20.92803,9943,2021-06-28 18:42:15,52.240742,2
1448,186,20.9638,9945,2021-06-28 18:42:17,52.207829,9
1449,210,20.932539,9946,2021-06-28 18:42:16,52.289768,3
1450,109,20.999243,9948,2021-06-28 18:42:16,52.233311,3
1451,210,20.824053,9949,2021-06-28 18:42:18,52.29073,1
1452,210,20.929192,9950,2021-06-28 18:42:18,52.290859,2
1453,186,20.954191,9951,2021-06-28 18:42:16,52.253826,5
1454,186,20.972433,9953,2021-06-28 18:42:17,52.20565,67
1455,140,21.128645,9954,2021-06-28 18:42:17,52.351791,1
1456,o97B,21.423098,9999,2021-06-28 14:27:55,50.302967,7
