,Lines,Lon,VehicleNumber,Time,Lat,Brigade
0,213,21.188776,1001,2021-06-28 18:30:05,52.149875,1
1,213,21.2127928,1003,2021-06-28 18:30:10,52.1611998,05
2,213,21.1012463,1004,2021-06-28 18:30:14,52.2230328,3
3,196,21.161159,1005,2021-06-28 18:30:11,52.258965,2
4,196,21.160084,1008,2021-06-28 18:30:01,52.258021,03
5,213,21.2176485,1009,2021-06-28 18:30:13,52.1823818,4
6,213,21.1568835,1010,2021-06-28 18:30:05,52.2139553,2
7,311,21.0950911,1012,2021-06-28 18:30:13,52.2303481,1
8,196,21.1762123,1014,2021-06-28 18:30:15,52.2567943,1
9,311,21.0955148,1015,2021-06-28 18:30:13,52.2308373,2
10,365,21.023867,1021,2021-06-28 18:30:14,52.179836,01
11,107,21.0122731,1023,2021-06-28 18:30:14,52.2397034,3
12,163,21.1062509,1025,2021-06-28 18:30:15,52.1770624,2
13,107,21.0476106,1026,2021-06-28 18:30:13,52.1954959,5
14,108,21.062546,1027,2021-06-28 18:30:13,52.186321,1
15,108,21.063772,1028,2021-06-28 18:30:13,52.186638,5
16,108,21.023588,1029,2021-06-28 18:30:10,52.17984,6
17,365,21.0003634,1031,2021-06-28 18:30:15,52.1751465,02
18,108,21.062258,1033,2021-06-28 18:30:14,52.212357,4
19,163,21.05492,1034,2021-06-28 18:30:13,52.181145,1
20,192,21.023844,1037,2021-06-28 18:30:15,52.179966,7
21,108,21.023219,1038,2021-06-28 18:29:55,52.22885,3
22,365,21.0023114,1039,2021-06-28 18:30:14,52.1756621,03
23,107,21.021635,1040,2021-06-28 18:30:12,52.2237267,6
24,107,20.977718,1042,2021-06-28 18:30:01,52.243923,2
25,107,21.00108,1043,2021-06-28 18:29:56,52.244175,07
26,107,21.044958,1045,2021-06-28 18:30:02,52.22106,4
27,204,21.0231267,1046,2021-06-28 18:30:04,52.27726,05
28,204,21.05928,1047,2021-06-28 18:29:55,52.316809,1
29,204,21.05791,1048,2021-06-28 18:30:06,52.3194283,04
30,228,20.9663467,1050,2021-06-28 18:30:01,52.1992867,1
31,228,20.929345,1051,2021-06-28 18:30:12,52.202779,2
32,328,20.972584,1052,2021-06-28 18:29:56,52.182198,01
33,129,20.908861,1053,2021-06-28 18:30:00,52.193121,4
34,228,20.89292,1054,2021-06-28 18:30:10,52.200311,3
35,129,20.9132467,1055,2021-06-28 18:29:52,52.198805,3
36,328,20.99474,1058,2021-06-28 18:30:06,52.150863,02
37,129,20.948654,1059,2021-06-28 18:30:12,52.239501,1
38,328,20.954634,1061,2021-06-28 18:30:14,52.186386,03
39,192,21.042734,1062,2021-06-28 18:30:13,52.147377,51
40,192,21.046209,1064,2021-06-28 18:30:15,52.141094,2
41,163,21.0550709,1065,2021-06-28 18:30:15,52.1813937,04
42,107,20.979369,1066,2021-06-28 18:30:14,52.2445854,1
43,163,21.107489,1068,2021-06-28 18:30:11,52.172432,3
44,192,21.074518,1069,2021-06-28 18:30:13,52.133018,4
45,163,21.083935,1070,2021-06-28 18:30:14,52.167671,05
46,192,21.0195175,1074,2021-06-28 18:30:14,52.1723422,6
47,108,21.057863,1076,2021-06-28 18:30:15,52.213207,2
48,192,21.068523,1077,2021-06-28 18:30:15,52.12915,3
49,192,21.033356,1079,2021-06-28 18:30:14,52.150112,1
50,736,20.9412875,1101,2021-06-28 18:30:09,52.4006228,02
51,132,21.0756138,1109,2021-06-28 18:30:01,52.3243053,2
52,303,20.9861111,1112,2021-06-28 18:30:09,52.2692935,3
53,147,21.1738131,1113,2021-06-28 18:30:09,52.2059518,06
54,152,20.952511,1114,2021-06-28 18:29:57,52.317041,06
55,166,21.0728043,1115,2021-06-28 18:30:09,52.135935,09
56,132,20.968744,1116,2021-06-28 18:30:09,52.2719963,3
57,122,20.945366,1117,2021-06-28 18:29:56,52.2657898,09
58,197,20.8962723,1118,2021-06-28 18:30:11,52.2162636,7
59,126,20.9676841,1119,2021-06-28 18:30:03,52.3275086,3
60,168,21.0421076,1200,2021-06-28 18:30:14,52.2067262,2
61,119,21.167006,1202,2021-06-28 18:30:12,52.204548,1
62,178,20.88345,1203,2021-06-28 18:30:14,52.1953814,2
63,178,21.0042765,1204,2021-06-28 18:30:12,52.2554477,5
64,168,21.1068,1205,2021-06-28 18:30:13,52.233967,6
65,166,21.026601,1206,2021-06-28 18:30:07,52.213876,1
66,166,21.025108,1208,2021-06-28 18:30:14,52.220253,5
67,222,21.0248407,1211,2021-06-28 18:30:11,52.2203684,4
68,174,20.999851,1212,2021-06-28 18:30:14,52.2313,371
69,174,21.0107327,1213,2021-06-28 18:30:14,52.1711202,3
70,218,21.019245,1214,2021-06-28 18:30:13,52.189449,5
71,166,21.0674242,1216,2021-06-28 18:30:13,52.1313239,7
72,168,21.074255,1218,2021-06-28 18:30:11,52.203869,5
73,119,21.119738,1220,2021-06-28 18:30:15,52.199677,5
74,122,20.9052356,1400,2021-06-28 18:30:12,52.2553878,012
75,121,21.046267,1401,2021-06-28 18:30:11,52.2641635,04
76,134,21.0593506,1403,2021-06-28 18:30:10,52.3062456,1
77,110,20.8824813,1407,2021-06-28 18:30:03,52.3142081,05
78,240,21.000506,1408,2021-06-28 18:30:02,52.291216,4
79,173,21.160498,1411,2021-06-28 18:30:13,52.240799,5
80,117,21.1025804,1412,2021-06-28 18:30:14,52.2221305,1
81,702,21.119139,1413,2021-06-28 18:30:13,52.237885,2
82,168,21.090399,1415,2021-06-28 18:30:13,52.221115,1
83,202,21.1097142,1416,2021-06-28 18:30:13,52.2452479,04
84,183,21.161972,1418,2021-06-28 18:30:14,52.254837,6
85,147,21.2430189,1419,2021-06-28 18:30:13,52.219257,2
86,199,21.095081,1422,2021-06-28 18:30:11,52.294655,4
87,198,21.2237381,1423,2021-06-28 18:30:14,52.2538134,05
88,173,21.119156,1424,2021-06-28 18:30:12,52.237606,6
89,115,21.157125,1425,2021-06-28 18:30:14,52.25576,4
90,173,21.052891,1426,2021-06-28 18:30:13,52.2503604,8
91,147,21.0464,1427,2021-06-28 18:30:13,52.2483,4
92,146,21.106106,1428,2021-06-28 18:30:15,52.210834,2
93,142,21.133048,1430,2021-06-28 18:29:57,52.18424,06
94,L41,20.709732,14422,2021-06-28 18:30:15,52.430595,1
95,L11,20.72312,14424,2021-06-28 18:30:09,52.424427,1
96,L10,20.945992,14425,2021-06-28 18:30:17,52.465237,50
97,L-8,20.945215,14426,2021-06-28 14:51:54,52.437912,1
98,L41,20.941492,14427,2021-06-28 18:30:15,52.400814,02
99,L11,20.963509,14429,2021-06-28 18:30:09,52.442154,57
100,L34,20.914179,14430,2021-06-28 18:30:15,52.402615,2
101,L34,20.889439,14431,2021-06-28 18:30:12,52.414642,1
102,L11,20.943451,14432,2021-06-28 18:30:11,52.399448,51
103,L-8,21.073523,14434,2021-06-28 18:30:15,52.414677,02
104,L-8,20.939005,14435,2021-06-28 18:30:10,52.397999,1
105,L49,20.940994,14436,2021-06-28 18:30:11,52.356613,1
106,L31,21.052973,14438,2021-06-28 18:30:07,52.441723,1
107,L-9,20.927576,14439,2021-06-28 18:30:13,52.451656,054
108,L-9,20.941263,14440,2021-06-28 18:30:11,52.400745,055
109,134,20.968078,1500,2021-06-28 18:30:03,52.271346,04
110,134,21.0480475,1501,2021-06-28 18:30:13,52.3274266,3
111,110,20.954208,1502,2021-06-28 18:30:07,52.276276,2
112,240,21.0482958,1505,2021-06-28 18:30:11,52.2885158,06
113,132,21.0681821,1506,2021-06-28 18:30:08,52.3238025,07
114,134,20.9682926,1507,2021-06-28 18:30:09,52.2719016,2
115,126,21.006913,1508,2021-06-28 18:30:00,52.3067888,5
116,132,21.076063,1509,2021-06-28 18:30:13,52.324201,05
117,166,21.0410855,1510,2021-06-28 18:30:01,52.1700371,6
118,126,20.9461458,1513,2021-06-28 18:30:13,52.3240413,4
119,197,20.9400226,1514,2021-06-28 18:30:12,52.2362883,6
120,197,20.862557,1515,2021-06-28 18:30:05,52.190296,8
121,121,20.9292483,1516,2021-06-28 18:30:05,52.2853606,1
122,173,21.103651,1519,2021-06-28 18:30:02,52.242011,10
123,202,21.041851,1521,2021-06-28 18:29:56,52.241938,07
124,202,21.042906,1522,2021-06-28 18:29:59,52.244469,3
125,146,21.041703,1523,2021-06-28 18:30:13,52.239738,08
126,730,21.15512,1524,2021-06-28 18:30:08,52.226025,052
127,119,21.000355,1525,2021-06-28 18:30:10,52.2061133,06
128,147,21.063034,1526,2021-06-28 18:29:59,52.228653,09
129,198,21.223433,1528,2021-06-28 18:29:58,52.247123,3
130,702,21.190473,1530,2021-06-28 18:29:55,52.142153,03
131,198,21.243185,1531,2021-06-28 18:30:03,52.221686,2
132,115,21.163413,1533,2021-06-28 18:30:00,52.25437,2
133,142,21.100643,1534,2021-06-28 18:30:15,52.242603,07
134,198,21.2229933,1535,2021-06-28 18:30:02,52.22243,1
135,106,20.965723,1537,2021-06-28 18:30:01,52.243474,4
136,170,21.02195,1538,2021-06-28 18:30:09,52.2629817,4
137,120,21.0429617,1539,2021-06-28 18:30:03,52.2761317,1
138,199,21.13032,1540,2021-06-28 18:29:54,52.287165,1
139,156,21.029791,1541,2021-06-28 18:30:12,52.287996,1
140,170,21.066556,1542,2021-06-28 18:30:10,52.265021,1
141,156,21.0631333,1543,2021-06-28 18:29:59,52.2637233,3
142,338,21.100784,1544,2021-06-28 18:30:12,52.260554,01
143,122,20.898336,1546,2021-06-28 18:30:01,52.253123,013
144,338,21.038318,1548,2021-06-28 18:30:08,52.25242,04
145,199,21.156733,1549,2021-06-28 18:30:00,52.264029,2
146,170,21.028443,1550,2021-06-28 18:30:13,52.259901,3
147,240,21.04219,1551,2021-06-28 18:30:01,52.295079,3
148,221,20.96891,1552,2021-06-28 18:30:12,52.2576817,2
149,106,20.979011,1554,2021-06-28 18:30:03,52.232779,06
150,L-4,21.016474,17451,2021-06-28 18:30:14,52.098801,1
151,L26,21.175987,17452,2021-06-28 18:30:17,52.311447,02
152,L37,21.218954,17453,2021-06-28 18:30:12,52.32394,1
153,L40,21.210482,17454,2021-06-28 18:30:14,52.338047,1
154,L36,21.281757,17456,2021-06-28 18:30:10,52.36581,1
155,L35,21.236711,17458,2021-06-28 18:30:13,52.34259,1
156,L26,21.185715,17460,2021-06-28 18:30:13,52.338348,1
157,L46,21.125458,17461,2021-06-28 18:29:59,52.317802,1
158,L43,21.113373,17462,2021-06-28 18:29:53,52.317959,1
159,L45,21.160566,17464,2021-06-28 18:30:17,52.303547,02
160,L45,21.105721,17465,2021-06-28 18:29:06,52.34306,1
161,L38,21.25727,17466,2021-06-28 18:30:12,52.347572,1
162,L37,21.217886,17467,2021-06-28 18:26:51,52.31123,2
163,L40,21.199781,17468,2021-06-28 18:30:11,52.33868,02
164,197,20.9760268,1800,2021-06-28 18:30:10,52.28966,4
165,110,20.9414013,1801,2021-06-28 18:30:06,52.277649,4
166,132,20.9689331,1802,2021-06-28 18:30:07,52.2746916,1
167,166,21.047861,1803,2021-06-28 18:30:08,52.1624723,8
168,122,20.8968793,1804,2021-06-28 18:30:09,52.2402276,5
169,173,21.261898,1805,2021-06-28 18:29:39,52.2482013,4
170,204,21.0403525,1806,2021-06-28 18:30:05,52.2880953,3
171,122,20.9548005,1807,2021-06-28 18:30:11,52.2616198,4
172,303,20.9341075,1808,2021-06-28 18:30:06,52.2885718,1
173,147,21.1175616,1809,2021-06-28 18:30:11,52.2002648,1
174,166,21.0369815,1810,2021-06-28 18:30:09,52.2570881,2
175,152,21.043346,1811,2021-06-28 10:10:53,52.266126,06
176,204,21.0421811,1812,2021-06-28 18:30:10,52.295671,2
177,736,21.0007825,1813,2021-06-28 18:30:04,52.2913621,1
178,147,21.1829,1814,2021-06-28 18:30:10,52.206908,07
179,240,21.0738046,1815,2021-06-28 18:30:08,52.3222726,2
180,197,20.862562,1817,2021-06-28 18:30:09,52.190236,9
181,240,21.118795,1818,2021-06-28 18:30:08,52.3382608,05
182,221,20.9940831,1819,2021-06-28 18:30:08,52.2595003,1
183,117,21.0663691,1823,2021-06-28 18:30:02,52.224269,05
184,146,21.103978,1826,2021-06-28 18:30:12,52.212699,4
185,183,21.0956951,1828,2021-06-28 18:30:12,52.2438293,3
186,147,21.0498168,1829,2021-06-28 18:29:59,52.2473978,5
187,722,21.0881813,1830,2021-06-28 18:30:10,52.2445868,1
188,147,21.1169918,1832,2021-06-28 09:25:20,52.2330478,09
189,146,21.2046735,1833,2021-06-28 18:30:07,52.1594926,5
190,202,21.116848,1834,2021-06-28 09:35:30,52.233074,04
191,115,21.1703023,1835,2021-06-28 18:30:07,52.277107,3
192,168,21.002109,1837,2021-06-28 18:30:06,52.196305,07
193,183,21.107451,1839,2021-06-28 18:30:06,52.2411181,1
194,202,21.1286683,1840,2021-06-28 18:30:10,52.2402003,05
195,146,21.046021,1842,2021-06-28 18:30:10,52.236813,07
196,183,21.087109,1843,2021-06-28 18:30:14,52.244785,2
197,119,21.013863,1844,2021-06-28 18:30:14,52.208629,3
198,115,21.173349,1846,2021-06-28 18:30:09,52.200033,5
199,730,21.3145068,1847,2021-06-28 18:30:08,52.1873076,61
200,119,21.0458865,1848,2021-06-28 18:30:07,52.2015076,4
201,173,21.0679308,1849,2021-06-28 18:30:08,52.2505255,9
202,183,21.1568745,1850,2021-06-28 18:30:11,52.2561571,4
203,173,21.1996426,1851,2021-06-28 18:30:09,52.2476938,1
204,722,21.262987,1854,2021-06-28 18:30:02,52.1080031,53
205,147,21.118081,1855,2021-06-28 18:29:55,52.19962,3
206,146,21.1721996,1856,2021-06-28 18:30:11,52.1588793,1
207,117,21.015238,1857,2021-06-28 18:30:02,52.2307915,2
208,115,21.1846218,1858,2021-06-28 18:30:12,52.1888351,1
209,146,21.148769,1859,2021-06-28 18:30:10,52.174903,09
210,115,21.2420418,1860,2021-06-28 18:30:10,52.1698698,6
211,119,21.0588715,1862,2021-06-28 18:30:06,52.2011525,2
212,173,21.218536,1863,2021-06-28 18:30:03,52.217496,3
213,146,21.0524576,1866,2021-06-28 18:30:13,52.2503281,3
214,183,21.1917645,1867,2021-06-28 18:30:07,52.2388045,5
215,147,21.0522981,1869,2021-06-28 18:30:08,52.2503165,08
216,139,21.0068664,1901,2021-06-28 18:30:04,52.188924,53
217,251,21.0239597,1903,2021-06-28 18:30:13,52.1795444,53
218,168,21.1128166,1904,2021-06-28 18:30:07,52.2358615,09
219,739,21.0179349,1905,2021-06-28 18:30:12,52.1531057,07
220,251,21.1231249,1907,2021-06-28 18:29:56,52.089527,54
221,178,20.9953049,1908,2021-06-28 18:30:04,52.1870422,012
222,222,20.9954798,1909,2021-06-28 18:30:10,52.1890105,2
223,222,21.0049895,1910,2021-06-28 18:30:08,52.2447374,5
224,139,21.035007,1911,2021-06-28 18:30:13,52.177177,56
225,222,21.004831,1912,2021-06-28 18:30:10,52.244743,6
226,251,21.1028821,1914,2021-06-28 18:30:13,52.1247472,51
227,222,20.998535,1916,2021-06-28 18:30:13,52.188988,3
228,139,21.1078,1917,2021-06-28 18:30:14,52.115,52
229,739,21.0397981,1918,2021-06-28 18:30:13,52.0806267,08
230,251,21.043545,1919,2021-06-28 18:30:14,52.175213,55
231,222,21.023464,1920,2021-06-28 18:30:13,52.216801,1
232,178,20.9279895,1991,2021-06-28 18:30:13,52.2031134,010
233,178,20.9089632,1993,2021-06-28 18:30:15,52.1932334,1
234,168,20.9955622,1994,2021-06-28 18:30:15,52.1904675,08
235,178,20.9134627,1995,2021-06-28 18:30:11,52.1991515,3
236,178,20.9922391,1996,2021-06-28 18:30:14,52.2317481,6
237,178,21.01679,1998,2021-06-28 18:30:13,52.23996,4
238,178,20.981588,1999,2021-06-28 18:30:13,52.182659,013
239,105,20.8990752,2001,2021-06-28 18:30:14,52.238797,1
240,136,20.9748589,2003,2021-06-28 18:30:15,52.2116329,6
241,Z10,20.9221949,2006,2021-06-28 18:30:15,52.2593107,3
242,188,20.978139,2007,2021-06-28 18:30:13,52.1838865,09
243,517,20.9147517,2008,2021-06-28 18:30:13,52.1996566,07
244,191,20.8936404,2009,2021-06-28 18:30:15,52.1916174,3
245,184,20.964005,2010,2021-06-28 18:30:14,52.208092,4
246,124,20.920498,2011,2021-06-28 18:30:14,52.19664,03
247,401,20.8975759,2013,2021-06-28 18:30:14,52.1958202,1
248,182,21.112869,2014,2021-06-28 18:30:13,52.236328,012
249,171,20.937296,2015,2021-06-28 18:30:14,52.239658,1
250,401,20.9270092,2016,2021-06-28 18:30:13,52.1959302,011
251,190,20.914427,2019,2021-06-28 18:30:13,52.239166,014
252,191,20.9767664,2020,2021-06-28 18:30:14,52.211535,7
253,401,20.9985421,2021,2021-06-28 18:30:13,52.1788814,5
254,522,21.0559827,2022,2021-06-28 18:30:14,52.1817942,013
255,193,20.995213,2023,2021-06-28 18:30:14,52.170292,06
256,189,20.8990587,2024,2021-06-28 18:30:15,52.2387567,14
257,401,20.865324,2026,2021-06-28 18:30:15,52.19099,8
258,522,21.071724,2027,2021-06-28 18:30:13,52.161133,318
259,519,21.04969,2028,2021-06-28 18:30:11,52.187408,3
260,501,21.0482942,2029,2021-06-28 18:30:12,52.178104,3
261,189,21.00012,2030,2021-06-28 18:30:13,52.17831,9
262,131,21.041756,2032,2021-06-28 18:30:14,52.206749,10
263,522,21.012562,2033,2021-06-28 18:30:07,52.228119,07
264,189,20.8979874,2035,2021-06-28 18:30:14,52.2276204,12
265,519,21.0156214,2036,2021-06-28 18:30:13,52.2224904,5
266,501,21.020403,2037,2021-06-28 18:30:13,52.211205,5
267,138,21.063898,2038,2021-06-28 18:30:13,52.262177,010
268,501,21.047379,2040,2021-06-28 18:30:11,52.190002,2
269,189,21.021984,2041,2021-06-28 18:30:13,52.173161,8
270,138,21.018003,2042,2021-06-28 18:30:15,52.212696,012
271,401,21.0266244,2044,2021-06-28 18:30:12,52.1704409,012
272,172,21.033289,2045,2021-06-28 18:30:11,52.20153,010
273,172,21.000669,2200,2021-06-28 18:30:15,52.195679,4
274,523,21.0156756,2201,2021-06-28 18:30:14,52.2173685,14
275,187,21.047201,2202,2021-06-28 18:30:12,52.212543,3
276,136,21.055622,2203,2021-06-28 18:30:14,52.147415,1
277,Z10,20.915049,2204,2021-06-28 18:30:14,52.253258,010
278,171,21.0022179,2205,2021-06-28 18:30:14,52.2431667,011
279,189,20.9249019,2207,2021-06-28 18:30:14,52.1965591,10
280,190,21.036236,2209,2021-06-28 18:30:14,52.255154,8
281,172,21.069082,2210,2021-06-28 18:30:14,52.181377,2
282,122,20.927713,2212,2021-06-28 18:30:13,52.263744,6
283,122,20.9254454,2213,2021-06-28 18:30:14,52.263827,07
284,136,21.030993,2215,2021-06-28 18:30:10,52.154011,11
285,190,20.9213387,2216,2021-06-28 18:11:23,52.197379,018
286,401,20.8965687,2217,2021-06-28 18:30:13,52.1959914,09
287,Z10,20.912537,2218,2021-06-28 18:30:13,52.241238,5
288,148,20.9781436,2221,2021-06-28 18:30:14,52.1694992,8
289,523,21.059225,2222,2021-06-28 18:30:15,52.227711,1
290,191,20.9799837,2223,2021-06-28 18:30:13,52.214831,9
291,189,21.0030302,2224,2021-06-28 18:30:12,52.1782379,2
292,191,20.908592,2225,2021-06-28 18:30:11,52.192886,5
293,517,21.0105209,2226,2021-06-28 18:30:13,52.2316619,3
294,136,21.002621,2231,2021-06-28 18:30:13,52.177761,013
295,189,20.913271,2232,2021-06-28 18:30:13,52.210117,11
296,317,20.996607,2233,2021-06-28 18:30:14,52.175804,08
297,Z10,20.9309806,2235,2021-06-28 18:30:12,52.225299,011
298,317,21.0024954,2236,2021-06-28 18:30:13,52.1782511,4
299,187,20.982071,2240,2021-06-28 18:30:14,52.21616,2
300,136,20.961347,2241,2021-06-28 18:30:15,52.216488,9
301,191,20.9483039,2243,2021-06-28 18:30:14,52.2091667,1
302,171,20.9121897,2244,2021-06-28 18:30:14,52.251149,4
303,Z10,20.918232,2245,2021-06-28 18:30:15,52.22047,9
304,717,20.96121,2247,2021-06-28 18:29:41,52.216686,3
305,317,21.0454166,2249,2021-06-28 18:30:13,52.1749497,06
306,189,21.069532,2252,2021-06-28 18:30:15,52.1813494,4
307,112,20.884361,2253,2021-06-28 18:30:15,52.215321,2
308,191,20.8723365,2254,2021-06-28 18:30:12,52.1868179,010
309,141,21.0997424,2256,2021-06-28 18:30:13,52.2383907,013
310,172,20.968079,2257,2021-06-28 18:30:14,52.218895,7
311,317,21.0434492,2258,2021-06-28 18:30:13,52.1725429,1
312,187,21.0482489,2259,2021-06-28 18:30:14,52.1782062,4
313,L48,21.303106,23481,2021-06-28 04:38:21,52.203297,1
314,L47,21.3002,23482,2021-06-28 18:30:15,52.252434,02
315,L47,21.297916,23483,2021-06-28 18:30:15,52.241608,1
316,L20,21.450319,24511,2021-06-28 18:30:15,52.134403,1
317,L20,21.471601,24512,2021-06-28 13:52:17,52.132278,1
318,L20,21.259729,24513,2021-06-28 18:30:14,52.107746,03
319,L20,21.471657,24515,2021-06-28 17:31:13,52.132061,2
320,245,21.130528,3400,2021-06-28 18:29:54,52.285158,2
321,112,20.939646,3401,2021-06-28 18:30:01,52.277871,018
322,412,21.0682311,3403,2021-06-28 18:30:10,52.323584,01
323,112,21.0606776,3404,2021-06-28 18:30:07,52.3063103,7
324,412,21.091183,3405,2021-06-28 18:29:59,52.30713,05
325,500,20.9821703,3406,2021-06-28 18:30:14,52.2532615,08
326,500,20.9816098,3408,2021-06-28 18:30:09,52.2546396,2
327,160,21.0182415,3409,2021-06-28 18:30:13,52.2476086,013
328,245,21.097988,3410,2021-06-28 18:30:03,52.286115,05
329,114,20.994048,3411,2021-06-28 18:30:05,52.277366,011
330,500,20.9991641,3413,2021-06-28 18:30:08,52.2585978,1
331,190,21.047034,3414,2021-06-28 18:30:09,52.2637373,027
332,114,20.933889,3415,2021-06-28 18:30:05,52.2713626,09
333,114,21.04185,3416,2021-06-28 18:30:11,52.300246,010
334,738,21.1529298,3417,2021-06-28 18:29:59,52.3806771,3
335,738,21.085999,3418,2021-06-28 18:30:09,52.299773,4
336,190,21.0599325,3421,2021-06-28 18:30:13,52.268313,021
337,500,21.0422201,3422,2021-06-28 18:30:12,52.2952811,4
338,185,21.02194,3423,2021-06-28 18:30:11,52.14268,10
339,512,21.0522393,3424,2021-06-28 18:30:12,52.253,2
340,512,21.0519796,3426,2021-06-28 18:30:12,52.252898,3
341,169,21.044789,3427,2021-06-28 18:30:10,52.250713,2
342,185,21.0489198,3428,2021-06-28 18:30:13,52.2055901,7
343,500,21.0419466,3429,2021-06-28 18:30:14,52.300345,6
344,169,21.0433335,3430,2021-06-28 18:30:09,52.2495228,3
345,112,20.8830628,3431,2021-06-28 18:29:57,52.2147868,3
346,Z26,20.9743035,3432,2021-06-28 18:30:11,52.235446,1
347,Z26,20.993106,3434,2021-06-28 18:29:55,52.241514,6
348,175,20.9901283,3435,2021-06-28 18:30:10,52.2233326,55
349,509,20.9421823,3437,2021-06-28 18:30:13,52.3350925,5
350,132,21.0599515,3438,2021-06-28 18:30:13,52.3067338,06
351,738,21.089981,3439,2021-06-28 18:30:05,52.304843,1
352,414,20.957008,3440,2021-06-28 18:29:58,52.22673,07
353,512,21.0663161,3441,2021-06-28 18:30:14,52.2892223,5
354,500,21.0445706,3442,2021-06-28 18:30:06,52.2784973,7
355,509,21.0556176,3443,2021-06-28 18:30:09,52.2385741,11
356,245,21.0548116,3444,2021-06-28 18:30:05,52.2755625,04
357,145,21.0880533,3445,2021-06-28 18:30:14,52.2446883,8
358,509,21.091956,3446,2021-06-28 18:30:05,52.2250725,14
359,162,21.025555,3447,2021-06-28 18:30:11,52.2381656,6
360,190,20.8989931,3448,2021-06-28 18:30:07,52.2388373,2
361,112,21.0824323,3449,2021-06-28 18:30:09,52.3044988,9
362,112,20.9149975,3450,2021-06-28 18:30:11,52.2532305,12
363,114,21.043474,3451,2021-06-28 09:14:51,52.2654126,09
364,145,20.9998558,3452,2021-06-28 18:30:13,52.2909945,015
365,527,21.0594223,3453,2021-06-28 18:30:01,52.3164353,2
366,190,20.8988095,3454,2021-06-28 18:30:10,52.2388385,1
367,145,21.1160195,3455,2021-06-28 18:30:12,52.2766378,5
368,509,20.9421621,3458,2021-06-28 18:30:09,52.33449,355
369,245,21.1004071,3459,2021-06-28 18:30:11,52.2859723,1
370,190,21.0849951,3460,2021-06-28 18:30:08,52.3044196,022
371,114,20.917028,3462,2021-06-28 18:30:04,52.312894,2
372,190,21.0603411,3463,2021-06-28 18:30:09,52.2687743,6
373,500,21.041827,3464,2021-06-28 18:30:08,52.300349,5
374,114,21.0423805,3465,2021-06-28 18:30:13,52.295598,6
375,112,20.914255,3466,2021-06-28 18:30:09,52.2359875,1
376,509,21.0465,3467,2021-06-28 18:30:01,52.264414,022
377,245,21.0528601,3468,2021-06-28 18:30:11,52.2764771,03
378,114,21.0370558,3469,2021-06-28 18:30:10,52.2883206,7
379,L17,20.98007,36442,2021-06-28 18:30:14,52.030239,02
380,L19,21.008936,36443,2021-06-28 18:30:13,52.058525,1
381,L17,21.027895,36444,2021-06-28 18:30:14,52.075775,1
382,L19,21.000126,36445,2021-06-28 18:30:16,52.040546,02
383,L30,21.217134,36446,2021-06-28 18:30:16,51.98111,1
384,L28,21.124544,36447,2021-06-28 18:30:13,52.025059,1
385,L30,21.130491,36448,2021-06-28 18:18:01,51.968395,02
386,L42,21.116196,37531,2021-06-28 18:30:16,52.102661,52
387,L21,21.217566,37533,2021-06-28 18:30:14,51.981125,1
388,L16,21.094744,37534,2021-06-28 18:30:15,52.084957,1
389,L14,21.141607,37535,2021-06-28 18:30:12,52.108887,1
390,L15,21.12183,37536,2021-06-28 18:30:12,52.090473,51
391,L39,21.024252,38541,2021-06-28 18:21:26,52.061977,4
392,L39,21.027872,38545,2021-06-28 18:30:14,52.082176,3
393,L32,20.985094,38546,2021-06-28 18:30:11,52.003956,1
394,L39,21.004555,38547,2021-06-28 05:46:58,52.110222,1
395,L39,20.992393,38548,2021-06-28 18:30:11,52.109898,2
396,L23,21.056976,38549,2021-06-28 18:29:37,52.07328,51
397,L52,21.075251,38550,2021-06-28 18:30:06,52.078175,1
398,L12,21.029436,39551,2021-06-28 18:12:23,52.075226,062
399,L-2,20.926275,39552,2021-06-28 18:30:15,51.996777,063
400,L25,21.218817,39554,2021-06-28 18:30:16,51.981663,02
401,L25,21.029495,39555,2021-06-28 18:30:13,52.074883,1
402,L12,20.918772,39556,2021-06-28 18:30:11,52.032692,061
403,L-2,21.025825,39557,2021-06-28 18:30:10,52.069565,64
404,L12,21.023226,39558,2021-06-28 18:30:13,52.067921,65
405,L13,21.040499,39560,2021-06-28 18:30:12,52.026638,1
406,L13,20.995928,39561,2021-06-28 18:30:16,52.039597,03
407,L13,20.989595,39562,2021-06-28 18:30:11,52.049267,2
408,L-5,21.029686,39565,2021-06-28 18:30:16,52.075184,1
409,255,20.936003,4200,2021-06-28 18:30:14,52.222076,2
410,703,20.9429832,4202,2021-06-28 18:30:14,52.1745385,52
411,197,20.9392712,4205,2021-06-28 18:30:13,52.2606567,2
412,902,20.9223249,4206,2021-06-28 16:30:27,52.1964574,M1
413,255,20.9824112,4207,2021-06-28 18:30:14,52.2301619,03
414,154,20.897919,4209,2021-06-28 18:30:14,52.25631,4
415,178,20.955538,4210,2021-06-28 18:30:13,52.214001,011
416,154,20.914753,4211,2021-06-28 18:30:13,52.239212,010
417,711,20.896992,4212,2021-06-28 18:30:14,52.136051,063
418,154,20.973017,4213,2021-06-28 18:30:12,52.218967,1
419,154,20.943792,4214,2021-06-28 18:30:14,52.175602,8
420,711,20.8331514,4215,2021-06-28 18:30:14,52.1107557,061
421,122,20.9828451,4216,2021-06-28 18:30:14,52.2678634,3
422,197,20.963995,4217,2021-06-28 18:30:15,52.282951,3
423,197,20.939602,4218,2021-06-28 18:30:13,52.236298,1
424,255,20.931015,4219,2021-06-28 18:30:15,52.225342,1
425,197,20.8772356,4221,2021-06-28 18:30:14,52.2165739,10
426,129,20.943123,4224,2021-06-28 18:30:14,52.246033,2
427,121,20.925114,4225,2021-06-28 18:30:14,52.272533,03
428,197,20.9447406,4227,2021-06-28 18:30:12,52.2653185,5
429,154,20.9754244,4228,2021-06-28 18:30:13,52.2096292,6
430,902,21.043941,4229,2021-06-28 18:30:13,52.248646,M2
431,154,20.852499,4230,2021-06-28 18:30:15,52.068279,7
432,178,20.8959082,4231,2021-06-28 18:30:15,52.185671,9
433,178,20.8957201,4232,2021-06-28 18:30:14,52.1856976,7
434,714,20.933189,4233,2021-06-28 18:30:14,52.240215,3
435,729,20.697145,4234,2021-06-28 18:30:13,52.259727,02
436,714,20.8957016,4235,2021-06-28 18:30:15,52.2397639,2
437,L-3,20.924532,42362,2021-06-28 18:30:15,52.095516,02
438,154,20.9620735,4237,2021-06-28 18:30:13,52.2170034,5
439,154,20.897648,4238,2021-06-28 18:30:13,52.239437,3
440,178,20.9577149,4239,2021-06-28 18:30:13,52.2242665,8
441,154,20.980354,4240,2021-06-28 18:30:14,52.188755,011
442,714,20.9504834,4241,2021-06-28 18:30:14,52.2385794,04
443,154,20.939665,4242,2021-06-28 18:30:14,52.235542,2
444,154,20.89843,4243,2021-06-28 18:30:10,52.258373,09
445,901,20.974592,4244,2021-06-28 18:30:11,52.221001,1
446,901,21.034395,4246,2021-06-28 18:30:13,52.225632,3
447,714,20.807322,4247,2021-06-28 18:30:14,52.270748,1
448,729,20.9283569,4248,2021-06-28 18:30:15,52.2407,1
449,121,20.9695037,4249,2021-06-28 18:30:15,52.2777516,2
450,L-1,20.926517,42494,2021-06-28 18:30:14,52.094566,1
451,L-4,21.0165,42495,2021-06-28 06:12:56,52.098907,2
452,L-3,20.874634,42500,2021-06-28 18:30:14,52.073345,1
453,146,21.2044791,4303,2021-06-28 18:30:01,52.1594713,06
454,119,21.2054806,4304,2021-06-28 18:30:15,52.2099347,07
455,117,21.0952822,4305,2021-06-28 18:30:14,52.2212329,4
456,147,21.0610954,4307,2021-06-28 18:30:15,52.2316984,010
457,142,21.0873976,4308,2021-06-28 18:30:14,52.2446899,08
458,702,21.26287,4312,2021-06-28 18:30:15,52.1080802,1
459,105,16.9750897,4332,2021-06-26 13:35:37,52.5472771,4
460,N72,16.9763326,4333,2021-06-28 15:21:54,52.5456077,215
461,240,21.0950914,4400,2021-06-28 18:30:13,52.3200634,1
462,132,20.9681,4401,2021-06-28 18:30:13,52.27187,09
463,126,21.0180637,4402,2021-06-28 18:30:14,52.2913014,2
464,120,21.055691,4403,2021-06-28 18:30:14,52.268951,5
465,166,21.026979,4404,2021-06-28 18:30:15,52.260063,3
466,156,21.0521051,4406,2021-06-28 18:30:11,52.2530052,2
467,122,20.976357,4407,2021-06-28 18:30:14,52.289867,010
468,134,21.061722,4408,2021-06-28 18:30:14,52.361794,05
469,106,21.020498,4409,2021-06-28 18:30:14,52.243256,1
470,199,21.095135,4411,2021-06-28 18:30:15,52.294605,3
471,173,21.243393,4413,2021-06-28 18:30:13,52.222321,2
472,106,21.023308,4415,2021-06-28 18:30:12,52.236782,2
473,106,21.020542,4416,2021-06-28 18:30:13,52.243099,07
474,170,21.074259,4417,2021-06-28 18:30:14,52.268276,2
475,106,21.007048,4418,2021-06-28 18:30:11,52.23835,3
476,120,21.0473654,4419,2021-06-28 18:30:15,52.2602934,7
477,901,21.0301962,4420,2021-06-28 18:30:11,52.2301802,4
478,126,21.0567947,4421,2021-06-28 18:30:14,52.3019124,1
479,338,21.1008145,4422,2021-06-28 18:30:15,52.2605814,02
480,106,21.010586,4423,2021-06-28 18:30:14,52.239471,5
481,901,21.009066,4424,2021-06-28 18:30:15,52.235435,2
482,156,20.927937,4425,2021-06-28 18:30:10,52.290829,5
483,166,21.047506,4427,2021-06-28 18:30:14,52.247387,4
484,156,20.9577727,4428,2021-06-28 18:30:14,52.2778177,4
485,303,20.945059,4429,2021-06-28 18:30:13,52.295059,2
486,106,20.967033,4430,2021-06-28 18:30:14,52.233631,08
487,338,21.0372062,4434,2021-06-28 18:30:13,52.2523696,03
488,122,20.8988942,5200,2021-06-28 18:30:06,52.2386108,08
489,171,21.0116122,5201,2021-06-28 18:30:08,52.2295135,8
490,517,20.9517069,5202,2021-06-28 18:30:07,52.2118477,09
491,523,20.918903,5203,2021-06-28 18:30:02,52.239836,020
492,401,20.902553,5204,2021-06-28 18:29:58,52.198688,013
493,105,20.9692916,5205,2021-06-28 18:30:09,52.2285556,5
494,131,21.0689462,5206,2021-06-28 18:30:13,52.1813333,2
495,182,20.9655617,5207,2021-06-28 18:30:04,52.2183013,011
496,517,20.954018,5208,2021-06-28 18:30:12,52.2132376,2
497,184,20.922576,5210,2021-06-28 18:29:54,52.248114,2
498,105,20.897034,5211,2021-06-28 18:29:41,52.229091,09
499,523,21.0841004,5212,2021-06-28 18:30:08,52.2482675,015
500,Z10,20.9147658,5213,2021-06-28 18:30:10,52.2310434,1
501,184,20.9345415,5214,2021-06-28 18:30:10,52.2719658,1
502,523,21.0114823,5215,2021-06-28 18:30:06,52.2170403,7
503,131,21.0039837,5216,2021-06-28 18:30:11,52.2294179,8
504,189,20.9220571,5217,2021-06-28 16:49:01,52.1957361,11
505,122,20.9806906,5218,2021-06-28 18:30:07,52.2835267,011
506,401,20.8687914,5219,2021-06-28 18:30:14,52.1978104,6
507,124,20.9442391,5222,2021-06-28 18:30:07,52.1583747,1
508,190,21.08541,5223,2021-06-28 18:30:04,52.3040666,7
509,517,20.9744434,5224,2021-06-28 18:30:02,52.218435,4
510,523,21.0156828,5225,2021-06-28 18:30:12,52.2168893,6
511,401,21.0267614,5226,2021-06-28 18:30:09,52.1654421,4
512,189,21.0541941,5227,2021-06-28 18:30:12,52.1807134,024
513,124,20.9377924,5228,2021-06-28 18:30:10,52.1708335,2
514,131,21.049835,5229,2021-06-28 18:30:00,52.201508,5
515,523,21.0852252,5230,2021-06-28 18:30:12,52.25021,016
516,189,21.0439442,5232,2021-06-28 18:30:13,52.1733369,7
517,148,21.0435444,5233,2021-06-28 18:30:06,52.1727403,011
518,105,20.940623,5234,2021-06-28 18:29:56,52.226053,011
519,105,20.9157979,5235,2021-06-28 18:30:12,52.2200783,3
520,517,20.895341,5236,2021-06-28 18:30:07,52.1933637,1
521,171,21.0434443,5237,2021-06-28 18:30:09,52.2228668,6
522,401,20.862078,5238,2021-06-28 18:30:09,52.190373,7
523,182,21.0439919,5239,2021-06-28 18:30:11,52.2244026,9
524,184,20.9714616,5240,2021-06-28 18:30:05,52.2168831,3
525,187,20.9603769,5241,2021-06-28 18:30:10,52.2158264,8
526,190,20.922115,5243,2021-06-28 18:29:59,52.197033,011
527,189,21.0582224,5244,2021-06-28 18:30:08,52.1831972,018
528,105,20.8970972,5245,2021-06-28 18:30:07,52.2244075,6
529,148,21.094806,5246,2021-06-28 18:30:08,52.243858,012
530,716,20.8558666,5247,2021-06-28 18:30:12,52.1918569,1
531,141,21.0488652,5248,2021-06-28 18:30:13,52.2065128,7
532,317,20.9444687,5249,2021-06-28 18:30:12,52.1755741,2
533,188,21.1062989,5250,2021-06-28 18:30:10,52.2459417,3
534,187,20.9357143,5251,2021-06-28 18:30:06,52.2011747,1
535,189,20.898859,5253,2021-06-28 18:30:08,52.2386446,020
536,401,20.9327295,5254,2021-06-28 18:30:06,52.1952335,010
537,190,21.0634127,5255,2021-06-28 18:30:08,52.2726372,016
538,148,21.051025,5256,2021-06-28 18:30:07,52.1594664,1
539,716,20.870225,5257,2021-06-28 18:29:55,52.198219,2
540,188,21.0441084,5258,2021-06-28 18:30:11,52.224188,4
541,105,20.898839,5260,2021-06-28 18:30:04,52.238761,08
542,723,20.967968,5401,2021-06-28 18:30:12,52.327126,3
543,185,21.0071337,5403,2021-06-28 18:30:15,52.2601819,3
544,145,21.1153669,5404,2021-06-28 18:30:13,52.277617,4
545,269,21.0416441,5405,2021-06-28 18:30:14,52.3004312,05
546,509,21.102058,5406,2021-06-28 18:30:12,52.222073,13
547,120,21.053919,5407,2021-06-28 18:30:13,52.335037,2
548,527,21.068489,5408,2021-06-28 18:30:15,52.323303,054
549,E-9,21.060396,5409,2021-06-28 18:30:12,52.312885,01
550,731,20.9643,5410,2021-06-28 18:30:14,52.3328,1
551,723,20.9184182,5412,2021-06-28 18:30:15,52.4054109,4
552,705,21.0312417,5413,2021-06-28 18:30:14,52.4326051,66
553,511,20.9310105,5414,2021-06-28 18:30:13,52.2929542,1
554,723,20.9196769,5416,2021-06-28 18:30:15,52.3804589,1
555,E-9,21.039923,5417,2021-06-28 18:30:13,52.301468,02
556,511,20.942638,5418,2021-06-28 18:30:13,52.348656,2
557,120,21.056209,5419,2021-06-28 18:30:15,52.3615307,3
558,160,21.0584356,5420,2021-06-28 18:30:14,52.2665769,5
559,511,20.942385,5421,2021-06-28 18:30:13,52.348515,3
560,160,20.9985074,5423,2021-06-28 18:30:14,52.2324467,012
561,511,20.9686419,5424,2021-06-28 18:30:15,52.326719,06
562,116,20.957516,5425,2021-06-28 18:30:14,52.275917,4
563,116,20.9249075,5426,2021-06-28 18:30:14,52.2723482,11
564,527,21.059078,5428,2021-06-28 18:30:13,52.317261,1
565,731,21.000851,5429,2021-06-28 18:30:15,52.291237,2
566,145,21.0836509,5430,2021-06-28 18:30:14,52.2865144,11
567,160,21.068398,5432,2021-06-28 18:30:14,52.323521,7
568,414,20.99828,5434,2021-06-28 18:30:15,52.288807,08
569,527,21.0505639,5436,2021-06-28 18:30:14,52.2695274,3
570,705,21.0288756,5437,2021-06-28 18:30:13,52.3273737,1
571,731,20.925496,5438,2021-06-28 18:30:15,52.4216537,4
572,738,21.1492064,5439,2021-06-28 18:30:13,52.3764766,2
573,735,21.011784,5441,2021-06-28 18:29:55,52.453895,64
574,160,21.0469834,5443,2021-06-28 18:30:14,52.2599777,2
575,E-9,20.9675426,5444,2021-06-28 18:30:12,52.2718131,04
576,705,21.048461,5445,2021-06-28 03:52:31,52.264575,65
577,735,20.979752,5446,2021-06-28 18:30:13,52.280415,62
578,114,20.932487,5447,2021-06-28 18:30:11,52.289364,08
579,735,21.030687,5448,2021-06-28 18:30:11,52.329918,63
580,160,20.9990475,5449,2021-06-28 18:30:11,52.2334817,3
581,511,20.930437,5453,2021-06-28 18:30:15,52.290932,4
582,160,21.055941,5454,2021-06-28 18:30:14,52.275185,09
583,169,21.0434772,5455,2021-06-28 18:30:13,52.2854794,4
584,269,21.0431376,5457,2021-06-28 18:30:12,52.2767537,04
585,180,20.996212,5459,2021-06-28 18:30:13,52.272606,016
586,705,21.03793,5460,2021-06-28 18:30:14,52.415562,65
587,128,21.013016,5870,2021-06-28 18:30:14,52.243034,53
588,175,20.9878787,5871,2021-06-28 18:30:14,52.2108947,59
589,503,20.999899,5873,2021-06-28 18:30:14,52.253864,1
590,175,20.978043,5874,2021-06-28 18:30:11,52.169559,58
591,138,20.998102,5875,2021-06-28 18:30:14,52.186756,011
592,180,20.9249799,5877,2021-06-28 18:30:14,52.2724007,017
593,709,20.9980855,5878,2021-06-28 18:30:12,52.1872636,013
594,175,20.979752,5880,2021-06-28 18:30:15,52.187019,070
595,503,21.02417,5881,2021-06-28 18:30:15,52.223454,5
596,175,20.9825,5882,2021-06-28 18:30:15,52.1938,56
597,180,20.924805,5883,2021-06-28 18:30:12,52.272549,10
598,503,20.998091,5885,2021-06-28 18:03:22,52.18679,5
599,180,21.002981,5886,2021-06-28 18:30:09,52.249825,13
600,128,20.986277,5887,2021-06-28 18:30:13,52.20472,074
601,175,20.978315,5888,2021-06-28 18:30:10,52.170986,069
602,180,20.972195,5889,2021-06-28 18:30:08,52.254894,8
603,128,21.01984,5890,2021-06-28 18:30:13,52.231529,62
604,180,20.99559,5891,2021-06-28 18:30:10,52.248978,7
605,504,20.992161,5892,2021-06-28 18:30:14,52.183231, 
606,503,21.002878,5893,2021-06-28 18:30:10,52.254913,3
607,128,20.989342,5894,2021-06-28 18:30:13,52.219326,066
608,503,21.020447,5895,2021-06-28 18:30:13,52.231792,12
609,503,21.002295,5897,2021-06-28 18:30:15,52.254715,2
610,175,21.015827,5898,2021-06-28 18:30:14,52.241356,071
611,128,20.983614,5899,2021-06-28 18:30:14,52.201508,51
612,158,21.049416,5900,2021-06-28 18:30:14,52.237778,5
613,128,21.018238,5902,2021-06-28 18:30:09,52.235909,52
614,158,21.099163,5903,2021-06-28 18:30:12,52.237621,8
615,503,21.049929,5905,2021-06-28 18:30:10,52.1446,8
616,128,20.970375,5906,2021-06-28 18:30:15,52.206253,63
617,503,21.049028,5907,2021-06-28 18:30:14,52.15292,7
618,175,21.008732,5908,2021-06-28 18:30:15,52.229126,068
619,128,21.012932,5909,2021-06-28 18:30:13,52.243206,067
620,128,20.990124,5910,2021-06-28 18:30:12,52.223583,073
621,111,21.060654,5911,2021-06-28 18:30:12,52.232883,4
622,116,20.924995,5913,2021-06-28 18:30:10,52.27227,12
623,175,21.013172,5915,2021-06-28 18:30:14,52.242573,54
624,175,21.012768,5918,2021-06-28 18:30:11,52.243195,60
625,158,20.949289,5920,2021-06-28 18:30:09,52.211597,1
626,116,20.992926,5921,2021-06-28 18:30:11,52.261898,15
627,175,21.1163987,5923,2021-06-28 10:17:16,52.2339737,072
628,116,21.024294,5924,2021-06-28 18:30:10,52.223259,17
629,116,21.084159,5926,2021-06-28 18:30:15,52.1678407,3
630,158,21.117645,5927,2021-06-28 18:30:14,52.233784, 
631,116,21.045374,5928,2021-06-28 18:30:13,52.1914715,5
632,175,20.978235,5929,2021-06-28 18:30:13,52.169464,57
633,158,21.047031,5930,2021-06-28 18:30:10,52.237064,9
634,158,20.992537,5931,2021-06-28 18:30:11,52.22588,3
635,116,21.026596,5932,2021-06-28 18:30:13,52.213963,6
636,111,20.9791102,5933,2021-06-28 18:30:14,52.2443614,2
637,158,20.950085,5934,2021-06-28 18:30:15,52.211647,4
638,503,21.039633,5935,2021-06-28 18:30:15,52.196911,11
639,503,21.045126,5936,2021-06-28 18:30:10,52.156113,10
640,111,21.01391,5937,2021-06-28 18:30:12,52.240501,10
641,158,20.991589,5939,2021-06-28 18:30:06,52.225338,2
642,175,21.005924,5942,2021-06-28 18:30:14,52.228741,072
643,111,21.1024,5943,2021-06-28 18:30:13,52.222,7
644,158,21.112825,5945,2021-06-28 18:30:12,52.236374,6
645,111,21.077459,5946,2021-06-28 18:30:12,52.22604,8
646,111,21.100149,5947,2021-06-28 18:30:14,52.226311,5
647,503,21.040571,5948,2021-06-28 18:30:13,52.169991,013
648,503,21.005325,5950,2021-06-28 18:30:11,52.249184,4
649,180,21.083883,5951,2021-06-28 18:30:11,52.168003,2
650,518,20.941975,5952,2021-06-28 18:30:13,52.334045,7
651,160,21.004736,5954,2021-06-28 18:30:12,52.245392,010
652,111,21.017134,5958,2021-06-28 18:30:13,52.239391,011
653,160,21.067024,5959,2021-06-28 18:30:12,52.323334,08
654,111,20.979218,5960,2021-06-28 18:30:11,52.244709,3
655,190,21.0466579,5961,2021-06-28 18:30:15,52.2653232,024
656,116,20.922993,5962,2021-06-28 18:30:11,52.279518,13
657,111,20.989256,5963,2021-06-28 18:30:14,52.247505,1
658,518,21.02112,5964,2021-06-28 18:30:07,52.231895,3
659,518,20.942089,5965,2021-06-28 18:30:12,52.334545,08
660,518,20.966278,5966,2021-06-28 18:30:15,52.272694,2
661,160,21.00292,5967,2021-06-28 18:30:11,52.229309,011
662,180,20.953514,5970,2021-06-28 18:30:15,52.262554,11
663,518,20.961184,5972,2021-06-28 18:30:12,52.31691,1
664,E-9,20.968035,5973,2021-06-28 18:30:13,52.272011,03
665,518,21.023556,5975,2021-06-28 18:30:09,52.228317,4
666,180,21.044071,5976,2021-06-28 18:30:13,52.206669,6
667,503,21.05022,5978,2021-06-28 18:30:15,52.144711,9
668,503,21.046423,5979,2021-06-28 18:30:11,52.190804,6
669,111,21.102432,5980,2021-06-28 18:30:15,52.222012,6
670,705,20.969507,5981,2021-06-28 18:30:15,52.269871, 
671,111,21.048437,5982,2021-06-28 18:30:12,52.237339,9
672,128,20.963707,5983,2021-06-28 18:30:15,52.207706,65
673,180,21.083813,5984,2021-06-28 18:30:13,52.168152,4
674,180,21.023056,5985,2021-06-28 18:30:14,52.228313,14
675,180,20.9813,5986,2021-06-28 18:30:12,52.252911,12
676,180,20.933407,5987,2021-06-28 18:30:12,52.271122,9
677,180,21.04874,5988,2021-06-28 18:30:10,52.206406,1
678,116,21.038815,5989,2021-06-28 18:30:14,52.198376,1
679,705,21.092665,5990,2021-06-28 18:30:10,52.475727,08
680,116,21.062294,5991,2021-06-28 18:30:13,52.1759,2
681,518,20.968464,5994,2021-06-28 18:30:13,52.319534,6
682,116,21.018118,5995,2021-06-28 18:30:13,52.236229,7
683,116,21.018253,5996,2021-06-28 18:30:13,52.235851,16
684,116,20.923277,5997,2021-06-28 18:30:15,52.276405,10
685,518,20.978235,5998,2021-06-28 18:30:15,52.270622,5
686,116,20.963947,5999,2021-06-28 18:30:11,52.275059,8
687,184,20.940611,6200,2021-06-28 18:30:13,52.285194,7
688,112,20.9612405,6201,2021-06-28 18:30:13,52.2755397,11
689,187,20.8958,6203,2021-06-28 18:30:13,52.193676,9
690,167,21.075682,6204,2021-06-28 18:30:14,52.210255,013
691,728,20.944038,6207,2021-06-28 18:30:14,52.175182,02
692,Z10,20.9141452,6208,2021-06-28 18:30:13,52.2367207,7
693,703,20.8440112,6209,2021-06-28 18:30:14,52.06614,91
694,414,20.9640602,6210,2021-06-28 18:30:15,52.2078097,04
695,713,20.8140694,6212,2021-06-28 18:30:13,52.2106489,3
696,414,20.969267,6213,2021-06-28 18:30:14,52.27449,03
697,184,20.9727639,6214,2021-06-28 18:30:14,52.2185247,5
698,191,20.938923,6215,2021-06-28 18:30:13,52.203262,6
699,105,20.896223,6216,2021-06-28 18:30:14,52.239681,7
700,167,21.058744,6217,2021-06-28 18:30:15,52.212963,1
701,105,20.916067,6218,2021-06-28 18:30:13,52.219978,010
702,136,21.021851,6220,2021-06-28 18:30:13,52.161884,4
703,189,20.898762,6221,2021-06-28 18:30:13,52.238754,13
704,187,21.0145342,6222,2021-06-28 18:30:14,52.2168634,5
705,105,20.98168,6223,2021-06-28 18:30:12,52.229755,4
706,517,20.8620891,6224,2021-06-28 18:30:14,52.1905641,6
707,717,20.8288237,6225,2021-06-28 18:30:15,52.1930384,2
708,716,20.930544,6226,2021-06-28 18:30:13,52.225056,3
709,188,20.985329,6227,2021-06-28 18:30:13,52.203388,1
710,190,20.896612,6228,2021-06-28 18:30:15,52.237022,3
711,187,21.013781,6229,2021-06-28 18:30:13,52.216965,6
712,706,20.9285607,6231,2021-06-28 18:30:14,52.1618575,03
713,190,20.94438,6232,2021-06-28 18:30:14,52.238983,9
714,191,20.874022,6233,2021-06-28 18:30:15,52.188374,4
715,414,21.0414951,6234,2021-06-28 18:30:13,52.2917459,02
716,112,21.027346,6236,2021-06-28 18:30:13,52.29805,10
717,114,20.9721022,6237,2021-06-28 18:30:13,52.2645734,4
718,728,20.888794,6239,2021-06-28 18:30:14,52.013683,1
719,414,21.041527,6240,2021-06-28 18:30:14,52.300156,01
720,517,20.86174,6241,2021-06-28 18:30:14,52.191143,5
721,182,20.965099,6242,2021-06-28 18:30:15,52.218151,7
722,706,20.90943,6243,2021-06-28 18:30:13,52.145126,2
723,L29,20.545273,65471,2021-06-28 18:30:13,52.258247,1
724,L-6,20.89807,66524,2021-06-28 18:30:11,52.258005,02
725,L-6,20.692883,66525,2021-06-28 18:30:15,52.234722,1
726,190,20.915077,7200,2021-06-28 18:30:15,52.232113,10
727,189,21.068916,7201,2021-06-28 18:30:14,52.181374,6
728,112,21.0484075,7202,2021-06-28 18:30:14,52.2886952,019
729,141,21.045956,7203,2021-06-28 18:30:14,52.215122,4
730,317,20.91983,7204,2021-06-28 18:30:12,52.197403,07
731,131,21.012905,7205,2021-06-28 18:30:14,52.2273572,011
732,523,20.8989424,7206,2021-06-28 18:30:15,52.2585321,10
733,189,20.9740986,7207,2021-06-28 18:30:13,52.1849144,019
734,414,20.963621,7208,2021-06-28 18:30:14,52.208,06
735,721,20.885958,7212,2021-06-28 18:30:14,52.102707,02
736,112,20.911243,7213,2021-06-28 18:30:13,52.25037,5
737,191,20.9161446,7214,2021-06-28 18:30:14,52.2052259,2
738,112,21.085045,7215,2021-06-28 18:30:15,52.30442,8
739,713,20.896252,7216,2021-06-28 18:30:14,52.216278,2
740,189,20.899605,7219,2021-06-28 18:30:11,52.238686,022
741,517,21.0045606,7220,2021-06-28 18:30:13,52.2282591,09
742,187,20.896692,7222,2021-06-28 18:30:14,52.196331,12
743,122,20.979218,7223,2021-06-28 18:30:14,52.284809,2
744,721,20.889824,7225,2021-06-28 18:30:13,52.111092,1
745,706,20.942757,7226,2021-06-28 18:30:12,52.175022,1
746,114,20.93928,7227,2021-06-28 18:30:14,52.301846,3
747,114,20.937965,7228,2021-06-28 18:30:13,52.274891,1
748,112,20.9166081,7229,2021-06-28 18:30:14,52.1990999,014
749,517,20.8726386,7230,2021-06-28 18:30:13,52.1987286,08
750,713,20.795788,7231,2021-06-28 18:30:14,52.210361,04
751,717,20.943974,7232,2021-06-28 18:30:14,52.206291,1
752,189,21.020935,7233,2021-06-28 18:30:12,52.173248,3
753,713,20.9302306,7234,2021-06-28 18:30:12,52.2248405,1
754,187,20.862116,7235,2021-06-28 18:30:13,52.191059,10
755,184,20.920935,7237,2021-06-28 18:30:14,52.248657,6
756,141,21.0795189,7238,2021-06-28 18:30:14,52.2370867,5
757,189,20.917124,7239,2021-06-28 18:30:13,52.223385,16
758,184,20.927658,7240,2021-06-28 18:30:14,52.291035,8
759,317,21.084377,7241,2021-06-28 18:30:11,52.167896,5
760,141,20.943823,7242,2021-06-28 18:30:15,52.175598,1
761,523,20.943348,7243,2021-06-28 18:30:15,52.239056,9
762,401,21.026297,7244,2021-06-28 18:30:11,52.173214,3
763,187,20.979683,7245,2021-06-28 18:30:13,52.216732,7
764,190,20.9800527,7247,2021-06-28 18:30:14,52.2370652,017
765,188,20.979227,7248,2021-06-28 18:30:13,52.170238,5
766,171,20.925112,7249,2021-06-28 18:30:12,52.272469,3
767,317,20.943804,7250,2021-06-28 18:30:14,52.175789,3
768,105,20.898811,7251,2021-06-28 18:30:10,52.238815,2
769,167,21.007742,7252,2021-06-28 18:30:11,52.20837,4
770,122,20.9774756,7254,2021-06-28 18:30:14,52.2667082,1
771,191,20.9838602,7256,2021-06-28 18:30:15,52.2182074,8
772,190,20.898668,7257,2021-06-28 18:30:13,52.23925,012
773,187,20.8621359,7258,2021-06-28 18:30:12,52.1908589,11
774,189,20.900442,7259,2021-06-28 18:30:08,52.227989,15
775,125,21.1837727,7301,2021-06-28 18:30:13,52.2068969,08
776,507,21.098471,7303,2021-06-28 18:30:14,52.223686,5
777,188,21.0019367,7304,2021-06-28 18:30:14,52.2170009,07
778,138,21.003328,7305,2021-06-28 18:30:15,52.170609,4
779,151,21.016363,7306,2021-06-28 18:30:13,52.217369,04
780,509,20.9518255,7307,2021-06-28 18:30:12,52.3188822,7
781,138,21.101482,7308,2021-06-28 18:30:12,52.260498,1
782,188,21.060146,7310,2021-06-28 18:30:14,52.227978,2
783,182,21.0031712,7312,2021-06-28 18:30:15,52.2171004,5
784,E-1,21.0446325,7314,2021-06-28 18:30:14,52.2467799,01
785,143,21.081049,7315,2021-06-28 18:30:10,52.239071,7
786,188,21.105705,7316,2021-06-28 18:30:13,52.246208,08
787,402,20.993454,7317,2021-06-28 18:30:14,52.178902,3
788,182,21.0472624,7318,2021-06-28 18:30:13,52.2249261,4
789,182,21.0968937,7319,2021-06-28 18:30:13,52.2348899,3
790,411,21.096678,7320,2021-06-28 18:30:13,52.224327,01
791,182,20.964725,7322,2021-06-28 18:30:13,52.217983,8
792,E-1,21.0921426,7323,2021-06-28 18:30:13,52.2252044,02
793,138,21.02158,7325,2021-06-28 18:30:14,52.209312,3
794,141,21.0841454,7326,2021-06-28 18:30:15,52.2427647,6
795,E-1,21.102432,7327,2021-06-28 18:30:13,52.222008,03
796,182,21.097475,7328,2021-06-28 18:30:14,52.235104,1
797,523,20.9805514,7329,2021-06-28 18:30:11,52.2165504,017
798,171,20.946011,7330,2021-06-28 18:30:14,52.239033,5
799,162,21.0409907,7331,2021-06-28 18:30:14,52.2165895,013
800,141,21.0240054,7333,2021-06-28 18:30:13,52.1973377,8
801,116,20.997593,7334,2021-06-28 18:30:13,52.25425,69
802,110,20.886955,742,2021-06-28 18:30:15,52.305084,1
803,750,20.715628,745,2021-06-28 18:30:09,52.391918,07
804,250,20.903687,746,2021-06-28 18:30:15,52.287163,1
805,850,20.629692,749,2021-06-28 18:30:14,52.359081,2
806,150,20.928125,750,2021-06-28 18:30:08,52.290936,1
807,750,20.855017,755,2021-06-28 18:30:16,52.361057,2
808,110,20.968571,757,2021-06-28 18:30:13,52.272175,3
809,150,20.8629,758,2021-06-28 18:30:12,52.348637,2
810,750,20.919987,761,2021-06-28 18:30:12,52.315125,4
811,750,20.779003,762,2021-06-28 18:30:10,52.381943,1
812,850,20.874411,763,2021-06-28 18:30:09,52.353054,1
813,151,21.0192629,7701,2021-06-28 18:30:14,52.2180211,1
814,411,21.0260304,7702,2021-06-28 18:30:12,52.219646,04
815,402,21.1537251,7703,2021-06-28 18:30:15,52.2394562,7
816,151,21.0896597,7704,2021-06-28 18:30:15,52.2310969,05
817,110,16.9775584,7715,2021-06-28 18:30:15,52.5461219,3
818,150,20.863885167,773,2021-06-28 18:30:12,52.359412667,05
819,150,20.883354,774,2021-06-28 18:30:12,52.342102,3
820,250,20.868576,775,2021-06-28 18:30:13,52.332848,3
821,250,20.9096,776,2021-06-28 18:30:15,52.2863,2
822,750,20.939438,777,2021-06-28 18:30:15,52.30164,3
823,143,21.143785,8103,2021-06-28 18:30:04,52.259916,011
824,167,20.9412983,8108,2021-06-28 18:30:09,52.2332825,8
825,217,21.0598373,8109,2021-06-28 18:30:09,52.171546,2
826,174,21.0140603,8110,2021-06-28 18:29:51,52.1826891,010
827,136,20.9843198,8112,2021-06-28 18:30:06,52.2007735,014
828,709,21.012747,8115,2021-06-28 18:30:09,52.0732003,8
829,174,21.007789,8119,2021-06-28 18:30:03,52.208199,6
830,136,20.955648,8120,2021-06-28 18:30:10,52.2368713,7
831,143,20.996996,8121,2021-06-28 18:30:09,52.187763,09
832,504,20.9927703,8123,2021-06-28 18:30:04,52.1803163,3
833,165,20.9923823,8124,2021-06-28 18:30:03,52.1595143,4
834,727,20.9977006,8125,2021-06-28 18:30:04,52.0514828,3
835,709,20.9952383,8126,2021-06-28 18:30:03,52.1888183,014
836,402,21.1313736,8130,2021-06-28 18:30:12,52.2386316,5
837,136,21.0274493,8131,2021-06-28 18:30:09,52.165707,012
838,148,21.0995251,8133,2021-06-28 18:30:08,52.2380458,5
839,402,21.0258528,8134,2021-06-28 18:30:07,52.1733866,9
840,167,21.0088396,8135,2021-06-28 18:29:57,52.2076676,9
841,162,21.0314868,8136,2021-06-28 18:30:05,52.2494551,08
842,162,21.0218253,8137,2021-06-28 18:30:07,52.1971431,011
843,162,21.0308285,8138,2021-06-28 18:30:00,52.2610168,7
844,136,21.055962,8139,2021-06-28 18:30:11,52.1475183,016
845,168,21.0097406,8140,2021-06-28 18:30:05,52.2079133,4
846,504,21.0023236,8143,2021-06-28 18:30:11,52.1828831,011
847,504,21.0427555,8144,2021-06-28 18:30:09,52.1475986,4
848,709,21.0204856,8145,2021-06-28 18:30:14,52.0862905,011
849,727,21.018006,8146,2021-06-28 18:30:11,52.1540826,2
850,148,21.057371,8148,2021-06-28 18:30:02,52.200674,6
851,709,21.0180848,8152,2021-06-28 18:30:11,52.1209021,1
852,217,21.0722823,8153,2021-06-28 18:30:04,52.1605021,1
853,136,20.9661215,8154,2021-06-28 18:30:08,52.2432491,8
854,131,21.01631,8155,2021-06-28 18:30:04,52.222456,9
855,709,21.0183895,8156,2021-06-28 18:30:07,52.1235261,6
856,308,21.0163245,8158,2021-06-28 18:30:12,52.189029,01
857,136,21.0019598,8160,2021-06-28 18:30:10,52.1826226,5
858,504,21.0040375,8162,2021-06-28 18:30:12,52.2294413,1
859,709,21.0184483,8164,2021-06-28 18:30:12,52.1060448,9
860,331,20.9965555,8165,2021-06-28 18:30:12,52.185979,03
861,148,21.0871531,8167,2021-06-28 18:30:07,52.2448293,4
862,218,21.0153961,8168,2021-06-28 18:30:08,52.1798715,3
863,504,21.068766,8169,2021-06-28 18:30:09,52.128915,5
864,131,21.0039041,8170,2021-06-28 18:29:31,52.2297065,1
865,167,20.9634271,8172,2021-06-28 18:30:07,52.2158,010
866,143,21.016948,8173,2021-06-28 18:29:56,52.217309,010
867,218,20.9960881,8174,2021-06-28 18:30:11,52.1832288,1
868,727,20.943459,8175,2021-06-28 18:30:06,52.0487016,4
869,709,21.0247761,8176,2021-06-28 18:29:59,52.179773,3
870,143,21.011178,8177,2021-06-28 18:29:58,52.2170633,5
871,138,21.0513563,8178,2021-06-28 18:30:09,52.2390275,7
872,709,21.0129183,8181,2021-06-28 18:30:03,52.0722835,7
873,136,21.0557535,8182,2021-06-28 18:30:11,52.147455,2
874,218,21.006703,8183,2021-06-28 18:30:10,52.189005,4
875,131,21.0310906,8184,2021-06-28 18:30:09,52.2068053,6
876,143,21.114338,8185,2021-06-28 18:30:09,52.239796,8
877,217,21.0235316,8187,2021-06-28 18:30:05,52.1797883,4
878,185,21.049123,8188,2021-06-28 18:29:59,52.153458,9
879,504,21.025503,8189,2021-06-28 18:30:12,52.1512471,7
880,709,21.0178031,8190,2021-06-28 18:30:12,52.150915,5
881,131,21.0588455,8192,2021-06-28 18:30:10,52.1911456,4
882,504,20.9897988,8195,2021-06-28 18:30:10,52.2158641,2
883,504,20.9881743,8196,2021-06-28 18:30:09,52.2154913,013
884,218,21.0242733,8197,2021-06-28 18:30:10,52.1797558,2
885,331,20.9969138,8198,2021-06-28 18:30:09,52.1875111,02
886,174,20.9952631,8199,2021-06-28 18:30:12,52.1701571,4
887,402,21.0440251,8201,2021-06-28 18:30:08,52.1758836,4
888,151,21.115749,8202,2021-06-28 10:44:07,52.233741,05
889,151,21.1175305,8204,2021-06-28 10:20:01,52.2338373,06
890,151,21.0259241,8208,2021-06-28 18:30:07,52.2196056,2
891,521,20.964272,8214,2021-06-28 18:30:10,52.207903,1
892,125,21.196721,8216,2021-06-28 18:30:14,52.2084041,2
893,182,21.0133773,8218,2021-06-28 18:30:07,52.2169008,013
894,509,21.094266,8220,2021-06-28 18:30:11,52.2274796,023
895,182,21.112943,8222,2021-06-28 18:30:13,52.2360771,2
896,509,21.0491475,8223,2021-06-28 18:30:06,52.2434321,024
897,151,21.095048,8225,2021-06-28 18:30:02,52.231138,06
898,509,21.040561,8228,2021-06-28 18:30:04,52.250608,10
899,521,20.9732581,8229,2021-06-28 18:30:11,52.212323,2
900,523,20.902101,8231,2021-06-28 18:29:58,52.25694,021
901,162,21.0281261,8233,2021-06-28 18:30:08,52.2488523,014
902,145,21.0194825,8300,2021-06-28 18:30:11,52.289889,2
903,145,21.1352035,8301,2021-06-28 18:30:05,52.2417746,9
904,509,21.000319,8303,2021-06-28 18:30:07,52.292799,3
905,171,21.0046883,8304,2021-06-28 18:29:59,52.2404896,010
906,509,21.116975,8305,2021-06-28 09:25:27,52.233583,022
907,117,21.005077,8306,2021-06-28 18:30:07,52.229582,3
908,116,21.074743,8309,2021-06-28 18:30:09,52.168211,4
909,141,20.953426,8310,2021-06-28 18:30:10,52.1852,2
910,168,20.9956871,8311,2021-06-28 18:30:11,52.1928766,3
911,151,21.055044,8312,2021-06-28 18:30:10,52.226514,3
912,720,21.2539348,8313,2021-06-28 18:30:10,52.2205246,02
913,162,21.0414831,8314,2021-06-28 18:30:09,52.2165245,2
914,117,21.0534613,8315,2021-06-28 18:30:03,52.2353286,06
915,521,21.204628,8318,2021-06-28 18:30:00,52.159381,4
916,185,21.02193,8319,2021-06-28 18:29:58,52.142449,11
917,151,21.116836,8320,2021-06-28 09:58:49,52.233566,04
918,162,21.057616,8322,2021-06-28 18:30:01,52.192985,5
919,509,21.0179538,8323,2021-06-28 18:30:11,52.2701026,9
920,148,21.0392845,8324,2021-06-28 18:30:08,52.1463788,7
921,143,21.177206,8326,2021-06-28 18:30:02,52.256936,1
922,145,21.0000891,8328,2021-06-28 18:30:09,52.2912766,1
923,507,21.0053581,8329,2021-06-28 18:30:12,52.2295825,08
924,148,21.051761,8330,2021-06-28 18:30:02,52.185376,2
925,145,21.0882713,8332,2021-06-28 18:30:14,52.2447245,7
926,523,20.9357163,8333,2021-06-28 18:30:10,52.2398805,12
927,148,21.1014053,8334,2021-06-28 18:30:14,52.2203623,3
928,145,21.1282875,8335,2021-06-28 18:30:11,52.2528235,014
929,143,21.133945,8337,2021-06-28 18:29:56,52.240428,2
930,125,21.0743853,8340,2021-06-28 18:30:12,52.2457928,4
931,523,21.057047,8341,2021-06-28 18:30:12,52.226977,5
932,507,21.0137883,8342,2021-06-28 18:30:08,52.2303767,1
933,171,20.92488,8343,2021-06-28 18:29:57,52.272566,09
934,502,21.17531,8344,2021-06-28 18:30:11,52.22538,1
935,507,21.102268,8345,2021-06-28 18:30:05,52.222021,3
936,145,21.022868,8348,2021-06-28 18:30:03,52.286108,3
937,507,21.058559,8349,2021-06-28 18:29:57,52.236181,6
938,145,21.0409117,8350,2021-06-28 18:30:01,52.2847967,012
939,507,21.102203,8351,2021-06-28 18:30:12,52.222104,4
940,502,21.062018,8352,2021-06-28 18:30:11,52.228456,4
941,523,21.068908,8353,2021-06-28 18:30:10,52.230283,2
942,502,21.054555,8354,2021-06-28 18:29:58,52.2263933,011
943,523,20.956994,8356,2021-06-28 18:30:09,52.227091,8
944,514,21.015393,8358,2021-06-28 18:30:08,52.219091,3
945,523,21.105375,8359,2021-06-28 18:30:06,52.2463833,3
946,507,21.015194,8360,2021-06-28 18:30:01,52.230609,7
947,202,21.056938,8361,2021-06-28 18:30:10,52.249923,1
948,502,21.015164,8362,2021-06-28 18:30:07,52.217313,2
949,188,20.9781917,8363,2021-06-28 18:30:01,52.1692033,6
950,138,21.000665,8364,2021-06-28 18:29:54,52.199905,6
951,514,21.243755,8365,2021-06-28 18:30:12,52.2485817,1
952,523,21.107485,8366,2021-06-28 18:30:11,52.249034,4
953,502,21.24299,8368,2021-06-28 18:30:01,52.2180733,5
954,145,21.118268,8398,2021-06-28 18:30:12,52.234391,013
955,402,21.0458878,8403,2021-06-28 18:30:09,52.1848983,011
956,521,21.1298071,8408,2021-06-28 18:30:10,52.2323068,07
957,143,21.1278558,8410,2021-06-28 18:30:11,52.2337366,012
958,523,20.9601671,8414,2021-06-28 18:30:12,52.2185201,13
959,148,21.030978,8417,2021-06-28 18:30:01,52.150249,9
960,148,20.97806,8430,2021-06-28 18:30:09,52.1692078,010
961,162,21.030043,8437,2021-06-28 18:30:14,52.234518,012
962,125,21.1965206,8438,2021-06-28 18:30:01,52.2083401,1
963,162,21.034243,8440,2021-06-28 18:30:02,52.254958,015
964,145,21.135384,8441,2021-06-28 18:30:14,52.241405,6
965,269,21.041758,8442,2021-06-28 18:30:13,52.293175,01
966,723,21.0010175,8443,2021-06-28 18:30:13,52.2913806,2
967,114,21.0190637,8445,2021-06-28 18:30:13,52.2905484,5
968,120,21.0511715,8446,2021-06-28 18:30:14,52.2526142,6
969,731,20.9323652,8447,2021-06-28 18:30:13,52.3739892,3
970,160,21.0598029,8448,2021-06-28 18:30:13,52.3040197,1
971,132,21.051222,8449,2021-06-28 18:30:14,52.304768,04
972,412,21.091782,8450,2021-06-28 18:30:14,52.306843,052
973,112,21.0328536,8451,2021-06-28 18:30:11,52.2989499,6
974,527,21.04815,8452,2021-06-28 18:30:14,52.2879829,06
975,160,21.043026,8453,2021-06-28 18:30:11,52.276386,014
976,160,21.0027352,8454,2021-06-28 18:30:14,52.2293095,4
977,160,21.059099,8455,2021-06-28 18:30:11,52.302948,6
978,132,21.02141,8457,2021-06-28 18:30:13,52.296158,08
979,527,21.04818,8458,2021-06-28 18:30:15,52.286854,055
980,Z26,20.9821055,8459,2021-06-28 18:30:13,52.2379925,3
981,412,21.045441,8460,2021-06-28 18:30:13,52.259243,053
982,120,21.0620454,8461,2021-06-28 18:30:13,52.3095364,4
983,414,20.960074,8462,2021-06-28 18:30:06,52.218833,05
984,511,20.9673434,8463,2021-06-28 18:30:15,52.3281102,05
985,509,21.0217285,8465,2021-06-28 18:30:14,52.2628971,2
986,136,21.04175,8500,2021-06-28 18:29:54,52.1482,3
987,501,21.013996,8501,2021-06-28 18:30:05,52.225416,06
988,138,21.100629,8502,2021-06-28 18:30:08,52.260575,9
989,189,21.068913,8503,2021-06-28 18:30:09,52.18133,5
990,522,21.0801483,8504,2021-06-28 18:30:07,52.1576217,4
991,401,20.996173,8505,2021-06-28 18:30:07,52.179459,2
992,131,21.0828367,8506,2021-06-28 18:30:11,52.170055,7
993,501,21.05255,8507,2021-06-28 18:30:10,52.17974,4
994,138,21.043351,8508,2021-06-28 18:29:59,52.224136,2
995,189,20.92688,8509,2021-06-28 18:30:11,52.19623,1
996,501,21.0028767,8510,2021-06-28 18:30:05,52.229425,1
997,189,20.958893,8511,2021-06-28 18:30:09,52.190106,027
998,Z26,21.036843,8512,2021-06-28 18:29:59,52.25703,4
999,186,20.977579,8513,2021-06-28 18:30:01,52.278955,013
1000,733,20.8230183,8514,2021-06-28 18:30:02,52.0336333,01
1001,Z26,20.97978,8515,2021-06-28 18:30:13,52.237259,7
1002,522,21.0360467,8516,2021-06-28 18:30:15,52.2013783,2
1003,141,20.944233,8517,2021-06-28 18:29:58,52.175609,10
1004,519,21.084766,8519,2021-06-28 18:30:04,52.167623,7
1005,519,21.065061,8520,2021-06-28 18:30:09,52.17309,1
1006,186,20.9501367,8522,2021-06-28 18:29:42,52.2596,10
1007,733,20.882898,8523,2021-06-28 18:29:59,52.140399,62
1008,522,21.020518,8525,2021-06-28 18:30:12,52.211521,011
1009,172,21.068889,8526,2021-06-28 18:30:13,52.181645,63
1010,172,20.970836,8528,2021-06-28 18:30:06,52.213155,5
1011,308,21.00154,8530,2021-06-28 18:30:02,52.1834367,02
1012,172,21.062563,8532,2021-06-28 18:30:14,52.185965,1
1013,Z26,20.9744667,8533,2021-06-28 18:29:59,52.2355783,2
1014,138,20.995423,8534,2021-06-28 18:29:59,52.170168,5
1015,522,21.013895,8535,2021-06-28 18:30:02,52.225581,1
1016,172,20.955631,8536,2021-06-28 18:30:11,52.211841,6
1017,522,21.069963,8537,2021-06-28 18:30:03,52.163969,5
1018,709,21.024031,8539,2021-06-28 18:29:56,52.180018,4
1019,172,20.9820983,8540,2021-06-28 18:30:09,52.201685,8
1020,185,20.990146,8541,2021-06-28 18:30:08,52.270011,6
1021,172,21.023855,8543,2021-06-28 18:30:09,52.197448,9
1022,519,21.0026417,8544,2021-06-28 18:30:08,52.22929,4
1023,522,21.0157917,8546,2021-06-28 18:30:13,52.21671,012
1024,522,21.036083,8547,2021-06-28 18:30:06,52.200915,6
1025,402,21.121656,8548,2021-06-28 18:30:03,52.232226,010
1026,186,20.960564,8549,2021-06-28 18:30:05,52.316721,015
1027,186,20.9710033,8550,2021-06-28 18:30:09,52.2060733,016
1028,709,21.018681,8551,2021-06-28 18:29:34,52.101053,10
1029,136,20.992535,8552,2021-06-28 18:30:01,52.188443,10
1030,Z26,21.03122,8555,2021-06-28 18:30:05,52.253195,5
1031,519,21.01923,8556,2021-06-28 18:30:09,52.2124117,6
1032,Z26,21.0225467,8558,2021-06-28 18:30:10,52.2495967,08
1033,217,21.068148,8559,2021-06-28 18:30:00,52.168901,06
1034,519,21.0928467,8560,2021-06-28 18:29:47,52.1167633,2
1035,411,21.10219,8561,2021-06-28 18:30:09,52.222156,02
1036,521,21.204473,8562,2021-06-28 18:30:10,52.159376,09
1037,402,20.993535,8563,2021-06-28 18:30:06,52.178971,2
1038,521,21.181015,8564,2021-06-28 18:30:14,52.1914133,08
1039,502,21.1606483,8565,2021-06-28 18:30:00,52.2260433,014
1040,502,21.2174017,8566,2021-06-28 18:30:07,52.2144017,6
1041,402,21.003603,8567,2021-06-28 18:30:05,52.178116,014
1042,509,20.94218,8568,2021-06-28 18:30:07,52.334115,021
1043,171,20.92104,8569,2021-06-28 18:30:02,52.256606,2
1044,411,21.0189533,8571,2021-06-28 18:30:13,52.2177717,03
1045,E-1,21.0544417,8572,2021-06-28 18:30:07,52.22654,04
1046,202,21.098461,8573,2021-06-28 18:30:11,52.248019,2
1047,411,21.115896,8574,2021-06-28 10:20:57,52.233514,01
1048,720,21.276648,8576,2021-06-28 18:30:09,52.198848,1
1049,162,21.085045,8578,2021-06-28 18:30:06,52.193455,4
1050,125,21.042884,8579,2021-06-28 18:30:09,52.244436,09
1051,731,20.934574,8583,2021-06-28 18:30:13,52.392825,5
1052,269,21.047998,8584,2021-06-28 18:30:09,52.286318,02
1053,269,21.057518,8585,2021-06-28 18:30:04,52.271381,03
1054,514,21.1084033,8586,2021-06-28 18:30:00,52.2334083,2
1055,523,21.115558,8587,2021-06-28 08:55:25,52.233753,3
1056,145,21.040625,8588,2021-06-28 18:30:03,52.288025,016
1057,514,21.119824,8589,2021-06-28 18:30:06,52.232651,4
1058,502,21.015519,8590,2021-06-28 18:30:01,52.218748,3
1059,507,21.0680633,8592,2021-06-28 18:30:12,52.225825,2
1060,145,21.118345,8593,2021-06-28 18:29:55,52.272311,10
1061,138,21.0688233,8595,2021-06-28 18:30:07,52.260815,8
1062,186,20.984707,8801,2021-06-28 18:30:07,52.2826826,11
1063,185,21.046126,8802,2021-06-28 18:30:07,52.1774935,1
1064,727,21.0175303,8803,2021-06-28 18:30:13,52.1404151,1
1065,217,21.0242533,8804,2021-06-28 18:30:10,52.179686,3
1066,185,20.975808,8805,2021-06-28 18:30:11,52.289646,4
1067,402,21.1029941,8806,2021-06-28 18:30:04,52.2208265,8
1068,131,21.0688218,8808,2021-06-28 18:30:14,52.1814366,3
1069,709,21.017107,8809,2021-06-28 18:30:13,52.1641805,2
1070,174,20.9994413,8810,2021-06-28 18:30:12,52.2309266,1
1071,165,21.023779,8811,2021-06-28 18:30:04,52.1798538,3
1072,167,21.0167615,8812,2021-06-28 18:30:12,52.1892191,011
1073,402,20.9971845,8813,2021-06-28 18:30:13,52.1791536,1
1074,167,21.082915,8814,2021-06-28 18:30:10,52.208368,2
1075,167,21.0449546,8816,2021-06-28 18:30:12,52.206718,3
1076,308,20.996001,8817,2021-06-28 18:29:59,52.188071,03
1077,504,20.978891,8818,2021-06-28 18:29:56,52.184019,9
1078,331,20.997,8819,2021-06-28 18:30:08,52.1877215,04
1079,522,21.0714213,8820,2021-06-28 18:30:15,52.1614148,014
1080,174,20.9967348,8821,2021-06-28 18:30:09,52.1875028,08
1081,174,20.9958113,8822,2021-06-28 18:30:12,52.1700868,5
1082,522,21.058766,8823,2021-06-28 18:30:08,52.17879,015
1083,167,20.9582908,8824,2021-06-28 18:30:10,52.2243288,6
1084,709,21.0190558,8825,2021-06-28 18:30:12,52.087957,012
1085,504,21.0060491,8826,2021-06-28 18:30:12,52.1711261,8
1086,143,21.0186753,8828,2021-06-28 18:30:09,52.217788,4
1087,509,20.961512,8829,2021-06-28 18:30:05,52.3170051,4
1088,523,20.8981763,8830,2021-06-28 18:30:09,52.2583845,11
1089,125,21.0410871,8831,2021-06-28 18:30:09,52.241475,5
1090,171,21.0431643,8832,2021-06-28 18:30:10,52.222835,7
1091,141,20.9782971,8833,2021-06-28 18:30:06,52.1836156,9
1092,704,21.1582958,8834,2021-06-28 18:30:14,52.2259538,2
1093,521,21.1934203,8835,2021-06-28 18:30:02,52.1788778,5
1094,182,20.9789308,8837,2021-06-28 18:30:14,52.2169623,6
1095,182,20.9962291,8838,2021-06-28 18:30:08,52.2168881,010
1096,704,21.245304,8839,2021-06-28 18:30:11,52.222968,1
1097,185,20.9757038,8840,2021-06-28 18:30:10,52.2895568,5
1098,125,21.0904711,8841,2021-06-28 18:30:10,52.244977,6
1099,521,21.1190378,8843,2021-06-28 18:30:05,52.2378645,3
1100,185,21.0458093,8844,2021-06-28 18:30:08,52.216757,2
1101,402,21.0520715,8845,2021-06-28 18:30:13,52.198327,013
1102,143,21.0886788,8846,2021-06-28 18:30:04,52.244921,3
1103,143,21.0064,8847,2021-06-28 18:30:09,52.2167605,6
1104,125,21.128006,8849,2021-06-28 18:30:05,52.233595,3
1105,521,21.0409608,8850,2021-06-28 18:30:09,52.235843,6
1106,523,20.9122941,8851,2021-06-28 18:30:03,52.2425273,019
1107,141,21.0030025,8852,2021-06-28 18:30:08,52.1954898,3
1108,125,21.161546,8853,2021-06-28 18:30:11,52.2255896,7
1109,509,20.9746758,8854,2021-06-28 18:30:12,52.3173955,8
1110,402,21.1557891,8855,2021-06-28 18:30:13,52.24022,6
1111,512,21.0588788,8856,2021-06-28 18:30:01,52.2666098,1
1112,509,21.10235,8857,2021-06-28 18:30:12,52.221883,12
1113,169,21.0409395,8858,2021-06-28 18:30:09,52.288925,1
1114,112,20.9147706,8859,2021-06-28 18:30:11,52.2311511,4
1115,512,21.0371436,8861,2021-06-28 18:30:13,52.252337,4
1116,412,21.0504111,8862,2021-06-28 18:30:04,52.2523735,04
1117,738,21.0607481,8864,2021-06-28 18:30:07,52.2693168,05
1118,500,21.0459893,8865,2021-06-28 10:43:17,52.2651186,08
1119,169,21.04192,8866,2021-06-28 18:30:05,52.300119,5
1120,162,21.0273651,8867,2021-06-28 18:30:12,52.2596021,1
1121,190,20.9808316,8868,2021-06-28 18:30:10,52.2383933,5
1122,190,21.0578926,8869,2021-06-28 18:30:14,52.2655015,023
1123,190,20.9930963,8871,2021-06-28 18:30:04,52.2423515,025
1124,190,21.0056673,8872,2021-06-28 18:30:08,52.2459283,026
1125,738,21.1814321,8873,2021-06-28 18:30:11,52.4171861,06
1126,500,21.0422771,8874,2021-06-28 18:30:10,52.2719523,3
1127,190,20.9566818,8875,2021-06-28 18:30:08,52.2380265,4
1128,162,21.085007,8876,2021-06-28 18:30:08,52.1932651,3
1129,512,21.0636753,8878,2021-06-28 18:30:07,52.2865938,06
1130,509,21.0381106,8879,2021-06-28 18:30:07,52.251621,1
1131,709,20.996574,8880,2021-06-25 18:58:33,52.18762,016
1132,186,20.9766631,8881,2021-06-28 18:30:07,52.210816,014
1133,165,20.9952221,8882,2021-06-28 18:30:11,52.1562993,2
1134,128,20.9635933,8883,2021-06-28 18:30:05,52.2077521,64
1135,180,21.0505001,8885,2021-06-28 18:30:12,52.1989275,5
1136,167,20.970713,8886,2021-06-28 18:29:55,52.213083,5
1137,189,20.8990866,8887,2021-06-28 18:30:11,52.2387405,021
1138,175,21.0128391,8888,2021-06-28 18:30:05,52.2430475,61
1139,504,21.0558206,8891,2021-06-28 18:30:05,52.1314496,012
1140,165,21.015293,8892,2021-06-28 18:29:56,52.179935,1
1141,116,21.084113,8893,2021-06-28 18:30:03,52.168056,53
1142,217,21.0360448,8894,2021-06-28 18:30:08,52.176949,05
1143,136,20.9567083,8895,2021-06-28 18:29:58,52.2377031,015
1144,174,21.010101,8896,2021-06-28 18:29:57,52.2031806,07
1145,180,21.0774436,8897,2021-06-28 18:30:08,52.1755936,015
1146,167,20.9257256,8898,2021-06-28 18:30:12,52.234086,7
1147,504,21.068556,8899,2021-06-28 18:30:13,52.129201,6
1148,161,21.211567,9061,2021-06-28 18:30:12,52.182732,2
1149,161,21.20702,9063,2021-06-28 18:30:15,52.165337,3
1150,262,21.083101,9064,2021-06-28 18:30:13,52.283638,03
1151,314,20.988363,9065,2021-06-28 18:30:12,52.309521,04
1152,314,21.008764,9066,2021-06-28 18:30:11,52.304398,02
1153,104,21.030777,9068,2021-06-28 18:30:13,52.307045,2
1154,161,21.224781,9070,2021-06-28 18:30:12,52.186676,1
1155,225,21.154898,9071,2021-06-28 18:30:13,52.259632,2
1156,225,21.127665,9074,2021-06-28 18:30:10,52.234711,4
1157,225,21.102415,9075,2021-06-28 18:30:10,52.222809,3
1158,211,20.964634,9077,2021-06-28 18:30:12,52.318138,08
1159,314,20.952824,9078,2021-06-28 18:30:12,52.317333,01
1160,104,21.000238,9081,2021-06-28 18:30:15,52.291492,1
1161,314,21.049614,9082,2021-06-28 18:30:14,52.361328,03
1162,262,21.053673,9083,2021-06-28 18:30:16,52.276405,2
1163,225,21.1572,9088,2021-06-28 18:30:14,52.263199,1
1164,211,20.977329,9090,2021-06-28 18:30:15,52.303432,2
1165,211,21.000763,9091,2021-06-28 18:30:14,52.291122,07
1166,262,21.08783,9092,2021-06-28 18:30:15,52.286594,1
1167,305,21.163452,9093,2021-06-28 18:30:13,52.220318,1
1168,900,20.958519,9094,2021-06-28 18:30:15,52.351574,1
1169,133,20.982409,9201,2021-06-28 18:30:12,52.355438,2
1170,207,20.894754,9202,2021-06-28 18:30:06,52.196877,03
1171,164,21.138207,9203,2021-06-28 18:30:13,52.145925,05
1172,133,20.952972,9204,2021-06-28 18:30:12,52.317482,1
1173,239,21.037853,9205,2021-06-28 18:30:15,52.153996,51
1174,209,21.03763,9206,2021-06-28 18:30:12,52.153751,52
1175,209,20.981058,9208,2021-06-28 18:30:08,52.132805,54
1176,211,20.956964,9209,2021-06-28 18:30:07,52.326668,4
1177,177,20.869957,9210,2021-06-28 18:30:09,52.198231,3
1178,809,21.032034,9212,2021-06-28 18:30:12,52.149506,53
1179,211,20.941356,9213,2021-06-28 18:30:15,52.355429,6
1180,219,21.16366,9215,2021-06-28 18:30:11,52.184975,3
1181,208,20.975546,9216,2021-06-28 18:30:15,52.210214,1
1182,234,21.063366,9217,2021-06-28 18:30:15,52.325397,1
1183,209,21.031965,9218,2021-06-28 18:30:10,52.149101,057
1184,234,21.026175,9219,2021-06-28 18:29:51,52.312271,2
1185,203,20.928383,9220,2021-06-28 18:30:09,52.291145,1
1186,249,20.898756,9221,2021-06-28 18:30:14,52.238655,1
1187,211,20.942398,9223,2021-06-28 18:30:10,52.336952,1
1188,201,20.945751,9224,2021-06-28 18:30:08,52.239269,3
1189,208,20.966946,9225,2021-06-28 18:30:09,52.202095,04
1190,208,20.949214,9226,2021-06-28 18:30:06,52.209651,05
1191,208,20.975548,9227,2021-06-28 18:30:15,52.210308,2
1192,219,21.092491,9229,2021-06-28 18:30:15,52.224968,1
1193,201,20.925493,9230,2021-06-28 18:30:15,52.234112,2
1194,809,20.983105,9232,2021-06-28 18:30:11,52.131519,056
1195,203,20.904476,9234,2021-06-28 18:30:10,52.274761,2
1196,201,20.925161,9235,2021-06-28 18:30:09,52.260693,5
1197,201,20.925148,9236,2021-06-28 18:30:13,52.26078,4
1198,239,21.0152,9237,2021-06-28 18:30:10,52.145702,055
1199,208,20.944065,9238,2021-06-28 18:30:12,52.203964,03
1200,207,20.870497,9239,2021-06-28 18:30:05,52.183331,02
1201,177,20.896149,9240,2021-06-28 18:30:09,52.186474,1
1202,133,20.95233,9241,2021-06-28 18:30:06,52.316914,3
1203,211,20.943487,9243,2021-06-28 18:30:11,52.338654,5
1204,207,20.894489,9244,2021-06-28 18:30:11,52.196903,01
1205,211,20.968458,9245,2021-06-28 18:30:12,52.311298,3
1206,164,21.086128,9246,2021-06-28 18:30:11,52.160912,04
1207,201,20.93084,9247,2021-06-28 18:30:14,52.256813,1
1208,177,20.883707,9248,2021-06-28 18:30:14,52.205688,2
1209,164,21.057308,9250,2021-06-28 18:30:14,52.192532,3
1210,164,21.086538,9251,2021-06-28 18:30:12,52.160156,2
1211,164,21.138134,9252,2021-06-28 18:30:15,52.14584,1
1212,211,20.941481,9254,2021-06-28 18:30:12,52.355377,09
1213,199,21.052862,9301,2021-06-28 18:30:11,52.276516,06
1214,739,21.023785,9302,2021-06-28 18:30:08,52.17981,2
1215,739,21.033226,9304,2021-06-28 18:30:14,52.09441,3
1216,179,21.066566,9311,2021-06-28 17:30:12,52.130447,10
1217,123,21.093882,9312,2021-06-28 18:30:13,52.227581,08
1218,179,21.058041,9313,2021-06-28 18:30:15,52.140057,11
1219,153,21.155266,9314,2021-06-28 18:30:11,52.272316,2
1220,179,21.026312,9315,2021-06-28 18:30:09,52.145393,2
1221,135,21.085773,9316,2021-06-28 18:30:15,52.234791,3
1222,135,21.032606,9317,2021-06-28 18:30:15,52.264534,6
1223,135,21.037579,9318,2021-06-28 18:30:11,52.249767,2
1224,135,21.0353546,9319,2021-06-28 18:30:14,52.2622232,1
1225,179,21.036903,9320,2021-06-28 18:30:12,52.162064,4
1226,179,21.027088,9321,2021-06-28 18:30:15,52.16193,5
1227,123,21.101171,9322,2021-06-28 18:30:15,52.242668,5
1228,135,21.107136,9323,2021-06-28 18:30:08,52.248375,07
1229,179,21.065897,9324,2021-06-28 18:30:11,52.131218,9
1230,179,21.045044,9325,2021-06-28 18:30:12,52.149445,51
1231,256,21.060884,9326,2021-06-28 18:30:08,52.306866,2
1232,142,21.221647,9327,2021-06-28 18:30:09,52.157932,3
1233,179,21.06575,9328,2021-06-28 18:30:10,52.142216,8
1234,153,21.170357,9329,2021-06-28 18:30:13,52.276905,04
1235,123,21.0773959,9331,2021-06-28 09:44:24,52.2687066,07
1236,123,21.077486,9332,2021-06-28 15:39:21,52.268074,08
1237,142,21.087934,9333,2021-06-28 18:30:10,52.244705,5
1238,739,21.01779,9334,2021-06-28 18:30:10,52.132755,1
1239,153,21.177143,9335,2021-06-28 18:30:08,52.256886,3
1240,135,21.086704,9336,2021-06-28 18:30:09,52.236633,5
1241,739,21.0771987,9337,2021-06-28 16:56:14,52.2682345,2
1242,179,21.038502,9338,2021-06-28 18:30:13,52.153488,6
1243,256,21.085245,9339,2021-06-28 18:30:15,52.272938,1
1244,153,21.161964,9340,2021-06-28 18:30:13,52.259453,1
1245,142,21.133383,9341,2021-06-28 18:30:14,52.210026,4
1246,739,21.044571,9342,2021-06-28 18:30:13,52.084892,4
1247,256,21.047752,9343,2021-06-28 18:30:12,52.285591,4
1248,135,21.042768,9344,2021-06-28 18:30:08,52.247845,08
1249,739,21.0271,9345,2021-06-28 18:30:13,52.098408,05
1250,179,21.037771,9346,2021-06-28 18:30:11,52.146271,7
1251,135,21.103138,9347,2021-06-28 18:30:12,52.243694,4
1252,123,21.052433,9348,2021-06-28 18:30:18,52.250237,09
1253,179,21.021017,9349,2021-06-28 18:30:15,52.160858,3
1254,123,21.050684,9350,2021-06-28 18:30:09,52.252529,357
1255,142,21.141409,9351,2021-06-28 18:30:10,52.228134,1
1256,123,21.091299,9352,2021-06-28 18:30:11,52.221947,6
1257,739,21.024284,9353,2021-06-28 18:30:14,52.179905,06
1258,123,21.056118,9354,2021-06-28 18:30:04,52.238209,07
1259,199,21.179695,9355,2021-06-28 18:30:08,52.269073,05
1260,256,21.0676,9356,2021-06-28 18:30:14,52.324257,3
1261,142,21.218191,9357,2021-06-28 18:30:07,52.15789,2
1262,142,21.077633,9358,2021-06-28 16:02:28,52.267822,4
1263,256,21.080887,9359,2021-06-28 18:30:11,52.277359,5
1264,176,20.988411,9403,2021-06-28 18:30:11,52.335915,1
1265,176,20.981552,9405,2021-06-28 18:30:14,52.356216,05
1266,176,20.982296,9412,2021-06-28 18:30:15,52.355579,3
1267,197,20.931093,9413,2021-06-28 18:30:10,52.225201,012
1268,197,20.947767,9414,2021-06-28 18:30:13,52.277264,014
1269,102,21.043015,9416,2021-06-28 18:30:14,52.238487,3
1270,157,20.991852,9417,2021-06-28 18:30:13,52.233109,7
1271,712,20.886291,9418,2021-06-28 18:30:14,52.286034,02
1272,516,20.994347,9420,2021-06-28 18:30:14,52.298733,5
1273,157,20.986668,9423,2021-06-28 18:30:14,52.222809,1
1274,103,20.965279,9424,2021-06-28 18:30:15,52.237564,4
1275,123,21.050913,9425,2021-06-28 18:30:15,52.252563,1
1276,157,20.976349,9426,2021-06-28 18:30:11,52.289906,3
1277,157,20.976555,9427,2021-06-28 18:30:11,52.289909,4
1278,157,20.963961,9428,2021-06-28 18:30:10,52.207954,9
1279,103,20.927053,9429,2021-06-28 18:30:15,52.290195,6
1280,157,20.963734,9432,2021-06-28 18:30:10,52.208038,10
1281,743,20.697279,9433,2021-06-28 18:30:14,52.206825,02
1282,176,21.03418,9434,2021-06-28 18:30:15,52.283554,04
1283,516,21.000944,9435,2021-06-28 18:30:11,52.291191,1
1284,157,20.986351,9436,2021-06-28 18:30:12,52.268337,2
1285,157,20.993717,9437,2021-06-28 18:30:10,52.253788,6
1286,197,20.940043,9438,2021-06-28 18:30:11,52.225906,011
1287,197,20.931427,9439,2021-06-28 18:30:14,52.254547,016
1288,516,20.942038,9440,2021-06-28 18:30:15,52.334167,3
1289,123,21.066784,9441,2021-06-28 18:30:10,52.233135,3
1290,103,20.961926,9442,2021-06-28 18:30:15,52.258747,5
1291,102,21.092371,9443,2021-06-28 18:30:11,52.249668,1
1292,103,20.926823,9445,2021-06-28 18:30:09,52.290318,7
1293,103,20.969034,9446,2021-06-28 18:30:15,52.22596,1
1294,123,21.083717,9447,2021-06-28 18:30:13,52.2453,4
1295,157,20.98628,9448,2021-06-28 18:30:11,52.241192,011
1296,516,20.944832,9449,2021-06-28 18:30:14,52.319313,4
1297,102,21.015923,9450,2021-06-28 18:30:13,52.240761,2
1298,157,20.980999,9451,2021-06-28 18:30:13,52.275738,5
1299,157,20.984406,9452,2021-06-28 18:30:13,52.218365,8
1300,176,21.009123,9453,2021-06-28 18:30:11,52.303749,2
1301,197,20.954357,9454,2021-06-28 18:30:11,52.279335,015
1302,712,20.878633,9455,2021-06-28 18:30:10,52.286938,1
1303,743,20.897392,9456,2021-06-28 18:30:10,52.216305,1
1304,197,20.942886,9457,2021-06-28 18:30:11,52.246269,013
1305,103,20.949245,9458,2021-06-28 18:30:14,52.264061,8
1306,194,20.930282,9501,2021-06-28 18:30:10,52.224972,5
1307,159,21.047048833,9503,2021-06-28 18:30:12,52.211999,1
1308,103,20.949753667,9505,2021-06-28 18:30:16,52.280378833,09
1309,103,20.9436475,9506,2021-06-28 18:30:15,52.294535167,011
1310,220,20.8968755,9509,2021-06-28 18:30:15,52.233305,3
1311,194,20.862858167,9510,2021-06-28 18:30:14,52.190605333,06
1312,737,21.037054667,9511,2021-06-28 18:30:12,52.162020833,56
1313,220,20.943728167,9513,2021-06-28 18:30:12,52.175583667,5
1314,715,21.036826667,9514,2021-06-28 18:30:15,52.161940167,53
1315,181,20.899964167,9515,2021-06-28 18:30:13,52.297168667,2
1316,737,21.017875,9516,2021-06-28 18:30:14,52.129746333,54
1317,149,20.918059167,9519,2021-06-28 18:30:15,52.239558833,2
1318,159,21.057843333,9520,2021-06-28 18:30:16,52.192975833,8
1319,715,20.943345667,9521,2021-06-28 18:30:13,52.174620667,1
1320,220,20.926232833,9522,2021-06-28 18:30:16,52.173764833,4
1321,220,20.900492,9523,2021-06-28 18:30:10,52.199343833,07
1322,220,20.911836,9524,2021-06-28 18:30:16,52.252933333,2
1323,194,20.8688605,9525,2021-06-28 18:30:15,52.203071167,3
1324,181,20.9053705,9526,2021-06-28 18:30:12,52.3014095,1
1325,715,21.037238333,9528,2021-06-28 18:30:11,52.162014667,058
1326,715,20.968433167,9529,2021-06-28 18:30:15,52.130886,52
1327,707,21.0222025,9530,2021-06-28 18:30:15,52.076394167,03
1328,159,20.9549465,9531,2021-06-28 18:30:16,52.2120305,4
1329,194,20.9142715,9532,2021-06-28 18:30:14,52.2086785,1
1330,181,20.965097,9533,2021-06-28 18:30:16,52.283346167,4
1331,181,20.973471333,9534,2021-06-28 18:30:14,52.280212833,3
1332,159,21.051756333,9535,2021-06-28 18:30:13,52.1984395,7
1333,159,21.0193625,9537,2021-06-28 18:30:12,52.2233205,6
1334,737,20.897677667,9539,2021-06-28 18:30:15,52.056456667,059
1335,220,20.907457667,9540,2021-06-28 18:30:16,52.254784667,1
1336,220,20.8968395,9542,2021-06-28 18:30:11,52.227831833,6
1337,737,21.018495333,9544,2021-06-28 18:30:14,52.117276333,07
1338,220,20.903944,9545,2021-06-28 18:30:12,52.189196167,08
1339,149,20.948226667,9546,2021-06-28 18:30:12,52.238766667,5
1340,220,20.925140667,9548,2021-06-28 18:30:14,52.260724667,09
1341,149,20.9402635,9550,2021-06-28 18:30:10,52.246629833,1
1342,715,20.946235667,9551,2021-06-28 18:30:15,52.120570667,55
1343,149,20.8793245,9552,2021-06-28 18:30:15,52.248181167,3
1344,194,20.9057475,9554,2021-06-28 18:30:14,52.2074285,07
1345,194,20.8941815,9555,2021-06-28 18:30:12,52.209374167,2
1346,159,20.9546405,9556,2021-06-28 18:30:14,52.211964167,3
1347,149,20.897703833,9557,2021-06-28 18:30:14,52.249340167,4
1348,194,20.9307865,9558,2021-06-28 18:30:14,52.225074333,4
1349,159,20.983236667,9560,2021-06-28 18:30:16,52.223425833,5
1350,159,20.996631667,9561,2021-06-28 18:30:13,52.223414833,2
1351,118,21.015783,9671,2021-06-28 18:30:11,52.222366,2
1352,118,21.04129,9672,2021-06-28 18:30:07,52.300079,5
1353,326,21.029503,9673,2021-06-28 18:30:03,52.328201,04
1354,118,21.036194,9674,2021-06-28 18:30:13,52.233528,8
1355,152,20.966766,9676,2021-06-28 18:30:15,52.331802,5
1356,212,21.063494,9677,2021-06-28 18:30:13,52.27293,06
1357,118,20.996002,9678,2021-06-28 18:30:12,52.273643,7
1358,118,21.015554,9679,2021-06-28 18:30:08,52.219048,1
1359,326,21.053947,9680,2021-06-28 18:30:09,52.361382,02
1360,152,20.952417,9681,2021-06-28 18:30:12,52.317062,2
1361,212,21.048523,9682,2021-06-28 18:30:14,52.288803,5
1362,152,20.9681,9683,2021-06-28 18:30:05,52.326794,4
1363,212,21.062828,9684,2021-06-28 18:30:12,52.273022,1
1364,212,21.027163,9685,2021-06-28 18:30:12,52.259567,2
1365,326,20.968552,9686,2021-06-28 18:30:12,52.272053,05
1366,326,21.061884,9688,2021-06-28 18:30:15,52.36171,03
1367,118,21.002932,9689,2021-06-28 18:30:13,52.290764,4
1368,212,21.027048,9690,2021-06-28 18:30:10,52.259689,3
1369,326,21.004679,9692,2021-06-28 18:30:10,52.314445,01
1370,212,21.057102,9693,2021-06-28 18:30:10,52.301861,4
1371,152,21.039881,9695,2021-06-28 18:30:13,52.326496,1
1372,118,21.041374,9696,2021-06-28 18:30:14,52.300213,6
1373,118,21.024248,9697,2021-06-28 18:30:13,52.242161,3
1374,152,21.0301,9698,2021-06-28 18:30:13,52.327911,3
1375,710,21.103588,9801,2021-06-28 18:30:12,52.118172,4
1376,525,21.170134,9802,2021-06-28 18:30:16,52.2104,1
1377,127,20.925346,9804,2021-06-28 18:30:13,52.207909,56
1378,710,21.01124,9805,2021-06-28 18:30:14,52.074211,2
1379,525,21.196898,9807,2021-06-28 18:30:15,52.208359,319
1380,127,21.019402,9808,2021-06-28 18:30:08,52.24625,2
1381,109,21.029312,9809,2021-06-28 18:30:15,52.230061,07
1382,710,21.07584,9810,2021-06-28 18:30:08,52.132828,5
1383,719,20.841116,9812,2021-06-28 18:30:07,52.250134,3
1384,109,20.941743,9813,2021-06-28 18:08:00,52.239395,08
1385,Z10,20.912235,9814,2021-06-28 18:30:11,52.242855,2
1386,525,21.003813,9815,2021-06-28 18:30:10,52.229473,09
1387,742,21.122204,9816,2021-06-28 18:30:10,52.090267,1
1388,719,20.83959,9818,2021-06-28 18:30:13,52.24794,04
1389,719,20.597181,9820,2021-06-28 18:30:11,52.258549,2
1390,710,21.089603,9821,2021-06-28 18:29:59,52.078144,1
1391,525,21.15484,9822,2021-06-28 18:30:13,52.226044,010
1392,525,21.085449,9825,2021-06-28 18:24:36,52.236231,5
1393,525,21.186207,9826,2021-06-28 18:30:12,52.206924,7
1394,185,21.048646,9827,2021-06-28 18:30:10,52.177749,8
1395,127,20.967422,9828,2021-06-28 18:30:13,52.218304,4
1396,525,21.128439,9829,2021-06-28 18:30:11,52.233532,6
1397,Z10,20.916506,9830,2021-06-28 18:30:13,52.225639,8
1398,710,21.098248,9831,2021-06-28 18:30:14,52.077572,3
1399,127,21.031122,9833,2021-06-28 18:30:09,52.230255,1
1400,525,21.010014,9834,2021-06-28 18:30:12,52.229576,4
1401,742,21.147192,9835,2021-06-28 18:30:11,52.066978,02
1402,525,21.015635,9836,2021-06-28 18:30:06,52.221222,3
1403,185,21.043987,9837,2021-06-28 18:30:14,52.148926,12
1404,525,21.038326,9838,2021-06-28 18:30:16,52.222633,2
1405,724,21.06798,9839,2021-06-28 18:30:09,52.129013,1
1406,127,20.895468,9840,2021-06-28 18:30:14,52.208771,6
1407,724,21.027552,9841,2021-06-28 18:30:15,52.067352,02
1408,127,20.924711,9843,2021-06-28 18:30:15,52.208122,7
1409,127,21.014856,9844,2021-06-28 18:30:04,52.23045,09
1410,127,21.029812,9845,2021-06-28 18:30:15,52.239124,3
1411,Z10,20.913813,9846,2021-06-28 18:30:15,52.237183,6
1412,Z10,20.924931,9847,2021-06-28 18:30:15,52.260807,4
1413,109,20.943756,9849,2021-06-28 18:30:13,52.239037,6
1414,109,21.00132,9851,2021-06-28 18:30:08,52.228256,5
1415,109,21.043159,9852,2021-06-28 18:30:05,52.223103,4
1416,109,20.921648,9853,2021-06-28 18:30:13,52.240261,1
1417,127,20.97714,9854,2021-06-28 18:30:12,52.221729,335
1418,210,20.81354,9902,2021-06-28 18:30:12,52.312191,5
1419,140,21.106728,9903,2021-06-28 18:30:13,52.324871,04
1420,520,21.017502,9905,2021-06-28 18:30:10,52.21751,011
1421,520,21.012045,9906,2021-06-28 18:30:11,52.228935,3
1422,140,21.104004,9907,2021-06-28 18:30:10,52.321896,08
1423,140,21.134344,9908,2021-06-28 18:30:14,52.358906,09
1424,140,21.13376,9909,2021-06-28 18:30:15,52.359135,2
1425,719,20.586409,9912,2021-06-28 18:30:15,52.25758,05
1426,520,21.13632,9913,2021-06-28 18:30:13,52.241234,08
1427,520,21.087854,9914,2021-06-28 18:30:15,52.236244,09
1428,520,21.062033,9915,2021-06-28 18:30:15,52.228542,6
1429,520,21.002138,9916,2021-06-28 18:30:11,52.243114,4
1430,193,21.026424,9918,2021-06-28 18:30:14,52.173504,2
1431,193,21.034958,9919,2021-06-28 18:30:15,52.156464,3
1432,140,21.052036,9920,2021-06-28 18:30:15,52.276852,05
1433,520,21.004705,9922,2021-06-28 18:30:14,52.245834,5
1434,193,21.03759,9923,2021-06-28 18:30:13,52.162174,4
1435,140,21.083778,9924,2021-06-28 18:30:13,52.297333,07
1436,193,20.995495,9926,2021-06-28 18:30:13,52.170181,1
1437,520,21.012802,9927,2021-06-28 18:30:11,52.228222,010
1438,140,21.053059,9928,2021-06-28 18:30:12,52.276703,3
1439,186,20.942198,9929,2021-06-28 18:30:14,52.334179,12
1440,193,21.040403,9930,2021-06-28 18:30:11,52.170856,5
1441,186,20.95471,9932,2021-06-28 18:30:12,52.263012,4
1442,520,21.055958,9933,2021-06-28 18:30:13,52.226681,2
1443,186,20.952297,9934,2021-06-28 18:30:11,52.31863,2
1444,520,21.15588,9935,2021-06-28 18:30:13,52.240372,1
1445,186,20.963764,9936,2021-06-28 18:30:14,52.207813,6
1446,520,21.142996,9937,2021-06-28 18:30:13,52.237419,7
1447,186,20.976082,9940,2021-06-28 18:30:11,52.315952,3
1448,186,20.963455,9941,2021-06-28 18:30:11,52.207909,8
1449,210,20.80407,9942,2021-06-28 18:30:12,52.295345,4
1450,109,20.967314,9943,2021-06-28 18:30:14,52.228729,2
1451,186,20.963781,9945,2021-06-28 18:30:15,52.207848,9
1452,210,20.874599,9946,2021-06-28 18:30:15,52.287544,3
1453,109,21.021624,9948,2021-06-28 18:30:12,52.230522,3
1454,210,20.912676,9949,2021-06-28 18:30:16,52.283493,1
1455,210,20.928358,9950,2021-06-28 18:30:15,52.291019,2
1456,186,20.962208,9951,2021-06-28 18:30:08,52.216164,5
1457,186,20.956327,9953,2021-06-28 18:30:12,52.230221,67
1458,140,21.111216,9954,2021-06-28 18:30:11,52.360928,1
1459,o97B,21.423098,9999,2021-06-28 14:27:55,50.302967,7
