,Lines,Lon,VehicleNumber,Time,Lat,Brigade
0,213,21.1156153,1000,2021-06-27 23:51:33,52.2346001,2
1,213,21.114898,1003,2021-06-27 00:02:20,52.234726,1
2,213,21.115269,1005,2021-06-27 23:19:40,52.234594,4
3,130,21.11559,1008,2021-06-25 20:19:05,52.234613,04
4,213,21.115836,1011,2021-06-26 23:19:34,52.234556,4
5,213,21.115273,1012,2021-06-28 00:03:19,52.234531,1
6,213,21.11717,1015,2021-06-27 00:33:47,52.234364,3
7,218,20.9951614,1024,2021-06-27 00:14:14,52.1884331,2
8,195,20.9979977,1026,2021-06-25 21:14:18,52.1862374,2
9,218,20.9955881,1028,2021-06-27 21:11:51,52.1881482,1
10,204,21.045024,1040,2021-06-28 00:28:37,52.264606,2
11,204,21.043091,1043,2021-06-25 22:53:22,52.26632,05
12,736,21.044733,1044,2021-06-27 22:29:48,52.264839,1
13,107,21.046234,1045,2021-06-25 22:36:50,52.264653,4
14,204,21.045126,1047,2021-06-27 23:55:01,52.264583,3
15,228,20.921443,1050,2021-06-25 23:41:52,52.196853,2
16,328,20.921189,1051,2021-06-25 22:30:10,52.196913,01
17,129,20.920185,1052,2021-06-27 22:12:06,52.197498,4
18,129,20.918558,1054,2021-06-27 21:07:59,52.19689,1
19,129,20.920094,1055,2021-06-27 21:22:25,52.19691,2
20,742,21.045017,1062,2021-06-28 03:18:13,52.149876,51
21,163,20.997769,1064,2021-06-27 21:40:47,52.186283,1
22,N01,20.9370609,1065,2021-06-28 03:18:14,52.2019555,3
23,163,20.9979959,1070,2021-06-28 00:05:15,52.1863212,2
24,192,20.995859,1074,2021-06-27 21:29:59,52.188507,2
25,192,20.995113,1077,2021-06-27 23:36:32,52.188301,4
26,173,21.0426228,1101,2021-06-26 00:28:34,52.2664063,2
27,106,21.044663,1109,2021-06-27 19:28:31,52.264944,1
28,173,21.048266,1110,2021-06-25 19:53:25,52.264265,3
29,338,21.046365,1116,2021-06-25 19:40:36,52.2645706,05
30,170,21.043285,1117,2021-06-26 21:42:24,52.266156,4
31,739,20.996799,1202,2021-06-28 01:36:46,52.188023,68
32,N33,21.040503,1212,2021-06-28 03:18:13,52.2216,171
33,240,21.0483353,1400,2021-06-26 00:03:19,52.2641493,1
34,170,21.0454971,1403,2021-06-25 21:36:41,52.2652081,3
35,170,21.044389,1408,2021-06-27 21:33:10,52.265006,4
36,N33,20.997388,1417,2021-06-28 01:07:52,52.188973,174
37,115,21.1168584,1419,2021-06-28 00:02:47,52.2330682,5
38,N72,21.016106,1425,2021-06-28 03:18:13,52.230648,215
39,N63,20.884892,1427,2021-06-28 03:18:14,52.411381,252
40,N16,21.0036842,1428,2021-06-28 03:18:14,52.2282842,2
41,L11,20.722971,14421,2021-06-27 20:16:03,52.424442,2
42,L11,20.723246,14422,2021-06-28 00:34:33,52.424309,1
43,L41,20.723427,14424,2021-06-27 22:02:14,52.424496,1
44,L-9,20.945257,14426,2021-06-27 22:57:45,52.437935,3
45,L10,20.945227,14431,2021-06-27 16:05:07,52.43792,M5
46,L41,20.723482,14432,2021-06-26 22:27:44,52.42445,1
47,L33,20.945353,14434,2021-06-25 23:24:58,52.438198,1
48,L-9,20.949566,14440,2021-06-25 23:13:11,52.471237,055
49,338,21.045604,1500,2021-06-25 19:27:18,52.264496,03
50,735,21.045591,1509,2021-06-26 19:04:04,52.264248,M4
51,147,21.044424,1514,2021-06-25 19:54:57,52.2648745,06
52,N03,20.9423433,1522,2021-06-28 03:18:03,52.3351317,254
53,183,21.115313,1526,2021-06-26 00:16:52,52.233074,4
54,N03,20.9994783,1527,2021-06-28 03:18:12,52.2939483,5
55,147,21.117398,1531,2021-06-28 00:23:38,52.233176,57
56,730,21.115746,1535,2021-06-27 23:33:17,52.233098,61
57,120,21.042011,1537,2021-06-28 00:35:30,52.266473,3
58,132,21.041998,1538,2021-06-28 00:39:53,52.266423,52
59,120,21.0460633,1539,2021-06-28 03:18:03,52.2647283,1
60,197,21.043855,1540,2021-06-28 00:14:25,52.265433,7
61,197,21.042998,1541,2021-06-27 23:35:57,52.266188,6
62,N03,21.0371367,1543,2021-06-28 03:17:59,52.16206,1
63,512,21.041608,1546,2021-06-28 00:47:52,52.266478,3
64,N03,21.0458817,1548,2021-06-28 03:18:01,52.25964,3
65,166,21.042721,1549,2021-06-27 21:32:12,52.265936,6
66,122,21.042556,1550,2021-06-28 00:02:30,52.266134,3
67,156,21.0447833,1551,2021-06-27 22:34:53,52.26479,4
68,L36,21.176296,17454,2021-06-27 20:50:40,52.31171,51
69,L36,21.175861,17455,2021-06-26 20:50:16,52.311588,51
70,L45,21.176176,17456,2021-06-27 14:40:33,52.311996,1
71,L43,21.077951,17462,2021-06-26 17:54:57,52.267616,52
72,L45,21.175381,17463,2021-06-26 23:19:19,52.311066,1
73,L40,21.090044,17466,2021-06-27 08:56:36,52.332727,1
74,L38,21.176586,17467,2021-06-27 21:00:45,52.312031,51
75,N11,21.0018045,1800,2021-06-28 03:18:07,52.2290991,121
76,132,21.044006,1801,2021-06-28 00:10:12,52.265527,55
77,132,21.0427045,1802,2021-06-28 00:18:06,52.2663896,51
78,N13,20.9520763,1803,2021-06-28 03:18:13,52.3165656,129
79,N44,21.0041211,1804,2021-06-28 03:18:07,52.2342643,2
80,240,21.0454795,1805,2021-06-27 23:22:26,52.2650035,2
81,735,21.0452813,1806,2021-06-27 19:20:31,52.2650043,M4
82,N12,20.9987825,1808,2021-06-28 03:18:07,52.2587008,128
83,122,21.044341,1810,2021-06-27 23:06:00,52.265016,6
84,N11,21.0591401,1811,2021-06-28 03:18:10,52.3172111,1
85,106,21.0422238,1812,2021-06-28 00:17:26,52.2659586,4
86,N62,21.2057365,1815,2021-06-28 03:18:08,52.3208445,123
87,N11,21.0048238,1816,2021-06-28 03:18:07,52.2301986,122
88,173,21.042571,1818,2021-06-25 23:48:59,52.2664061,10
89,198,21.1160316,1821,2021-06-27 23:54:54,52.2331243,2
90,146,21.1169236,1823,2021-06-28 00:51:27,52.2331966,54
91,115,21.1151736,1828,2021-06-28 00:11:48,52.2332565,2
92,146,21.1166738,1830,2021-06-28 01:07:28,52.2331713,52
93,119,21.1165895,1832,2021-06-25 22:22:16,52.2331471,06
94,183,21.1170406,1835,2021-06-28 00:13:37,52.2330455,1
95,173,21.117708,1838,2021-06-28 00:25:09,52.233229,4
96,146,21.1156791,1839,2021-06-28 00:47:42,52.2332068,51
97,147,21.1172291,1840,2021-06-25 21:35:22,52.2330755,09
98,142,21.1168673,1842,2021-06-25 20:08:52,52.2330963,08
99,115,21.115328,1843,2021-06-28 00:03:59,52.233193,4
100,N24,21.0150451,1844,2021-06-28 03:18:11,52.2306335,2
101,115,21.115349,1848,2021-06-28 00:35:55,52.2331218,1
102,147,21.1181815,1849,2021-06-28 00:52:51,52.2345363,58
103,173,21.1163558,1850,2021-06-28 00:21:51,52.2332871,3
104,198,21.115126,1856,2021-06-28 00:38:39,52.233188,1
105,N24,21.1669201,1857,2021-06-28 03:18:06,52.2570396,1
106,198,21.1172503,1859,2021-06-25 19:30:46,52.2330405,05
107,183,21.115083,1860,2021-06-28 00:29:03,52.234376,2
108,173,21.1149545,1862,2021-06-28 00:35:23,52.2331525,5
109,173,21.115836,1866,2021-06-27 23:57:05,52.233236,2
110,N12,20.9977206,1867,2021-06-28 03:18:06,52.2349251,227
111,251,20.9952805,1914,2021-06-28 03:18:14,52.1860429,51
112,N34,21.047092,2029,2021-06-28 03:18:13,52.140106,133
113,182,20.922299,2225,2021-06-28 00:21:09,52.196016,4
114,105,20.922151,2236,2021-06-26 00:04:20,52.196038,4
115,184,20.920468,2247,2021-06-27 23:41:19,52.196455,5
116,N95,20.947342,2253,2021-06-28 03:18:13,52.246925,225
117,401,20.920378,2254,2021-06-25 19:44:39,52.196613,012
118,L20,21.471909,24511,2021-06-27 22:16:21,52.132736,1
119,140,21.044219,3400,2021-06-28 00:19:57,52.265676,2
120,738,21.046079,3404,2021-06-28 00:55:44,52.265303,1
121,145,21.043561,3410,2021-06-27 23:37:52,52.265594,7
122,723,21.04764,3411,2021-06-27 17:05:14,52.264718,3
123,169,21.043984,3413,2021-06-27 22:09:31,52.265203,4
124,140,21.0442056,3414,2021-06-28 01:01:54,52.2660133,1
125,731,21.0460303,3415,2021-06-28 00:01:59,52.2648785,1
126,723,21.042844,3416,2021-06-28 00:25:07,52.2659073,2
127,509,21.0441991,3418,2021-06-27 21:21:50,52.2660585,5
128,126,21.0466381,3422,2021-06-27 22:48:08,52.265021,2
129,Z26,21.04362,3423,2021-06-27 00:02:07,52.2658193,1
130,169,21.0477433,3429,2021-06-25 23:04:14,52.2646666,3
131,738,21.0446248,3430,2021-06-28 00:49:32,52.2659285,3
132,723,21.041528,3433,2021-06-28 00:30:34,52.266409,3
133,509,21.041769,3434,2021-06-28 00:30:45,52.266258,2
134,518,21.0478431,3437,2021-06-25 23:46:13,52.264609,6
135,160,21.0476823,3438,2021-06-27 23:44:26,52.2647705,6
136,738,21.047476,3439,2021-06-28 03:18:11,52.2633023,1
137,114,21.0428833,3441,2021-06-25 23:51:31,52.2659116,7
138,509,21.043896,3446,2021-06-26 23:11:54,52.266018,4
139,731,21.046601,3447,2021-06-26 22:49:18,52.265018,2
140,705,21.0463653,3448,2021-06-28 01:15:51,52.263739,62
141,Z26,21.046518,3449,2021-06-27 19:16:32,52.265046,5
142,705,21.0414411,3454,2021-06-27 01:20:22,52.2664536,62
143,145,21.0417155,3455,2021-06-27 00:17:41,52.2664505,6
144,509,21.0428183,3458,2021-06-26 21:14:52,52.2655735,5
145,Z26,21.045695,3459,2021-06-26 23:39:50,52.2652251,6
146,731,21.045288,3463,2021-06-27 23:15:23,52.265399,4
147,735,21.0444471,3464,2021-06-25 23:05:19,52.2656713,64
148,723,21.0441993,3466,2021-06-26 00:00:11,52.265954,2
149,705,21.0471951,3467,2021-06-28 00:31:16,52.2646198,65
150,735,21.047339,3468,2021-06-27 21:06:07,52.264843,66
151,L19,21.033712,36443,2021-06-27 23:01:22,51.959717,51
152,L25,21.158295,36446,2021-06-27 13:52:50,51.951775,1
153,L25,21.217237,36448,2021-06-27 21:52:11,51.982876,1
154,L39,21.035152,38545,2021-06-28 00:18:06,52.083546,3
155,L52,21.035194,38546,2021-06-26 20:54:00,52.083279,51
156,L39,21.035353,38548,2021-06-27 23:31:57,52.083324,2
157,L23,21.035196,38549,2021-06-27 22:20:31,52.083355,51
158,L25,21.191267,39555,2021-06-25 23:37:02,51.987377,1
159,L-2,21.035383,39559,2021-06-28 00:16:47,52.083263,1
160,L13,21.217253,39561,2021-06-25 20:05:15,51.98262,03
161,L12,21.028034,39565,2021-06-27 22:26:28,52.08424,1
162,714,20.921375,4200,2021-06-27 23:48:30,52.196636,1
163,N44,20.934677,4201,2021-06-28 03:18:13,52.298359,1
164,711,20.920477,4203,2021-06-27 22:47:30,52.196857,1
165,N01,20.925407,4204,2021-06-28 03:18:13,52.282047,2
166,N01,21.0369502,4207,2021-06-28 03:18:14,52.1619284,4
167,129,20.9211546,4210,2021-06-27 22:08:41,52.1967029,3
168,122,20.9203307,4217,2021-06-28 00:16:29,52.1969084,1
169,N88,20.9341752,4224,2021-06-28 03:18:12,52.1665971,276
170,154,20.9219627,4227,2021-06-28 00:19:09,52.1965014,4
171,N46,20.9583469,4228,2021-06-28 03:18:13,52.281087,2
172,N46,21.004257,4231,2021-06-28 03:18:13,52.231083,1
173,N37,21.011808,4232,2021-06-28 03:18:13,52.229294,251
174,154,20.92153,4233,2021-06-28 00:20:08,52.196636,7
175,N88,20.895168,4234,2021-06-28 03:18:13,52.132595,209
176,141,20.920507,4235,2021-06-27 23:06:58,52.196888,7
177,L-1,21.035166,42361,2021-06-27 19:52:55,52.083635,1
178,141,20.9221466,4237,2021-06-28 00:34:38,52.1964925,3
179,154,20.921698,4238,2021-06-27 21:42:39,52.196575,1
180,255,20.9213877,4239,2021-06-28 00:02:51,52.1966482,2
181,729,20.922596,4241,2021-06-28 03:18:13,52.196503,02
182,255,20.922317,4243,2021-06-27 22:50:28,52.1964102,1
183,901,20.9206971,4244,2021-06-27 19:05:06,52.1968404,1
184,901,20.922436,4246,2021-06-27 19:36:00,52.196426,3
185,154,20.921087,4249,2021-06-27 21:58:14,52.196709,6
186,105,16.9750897,4332,2021-06-26 13:35:37,52.5472771,4
187,156,21.0450647,4401,2021-06-27 23:15:56,52.2646435,1
188,106,21.042501,4402,2021-06-28 00:10:54,52.266415,5
189,N81,21.080071,4403,2021-06-28 03:18:13,52.157597,148
190,197,21.041938,4404,2021-06-28 00:41:37,52.266383,1
191,N16,21.048203,4405,2021-06-28 03:18:13,52.255112,1
192,166,21.042976,4406,2021-06-27 23:25:06,52.266201,4
193,120,21.04241,4407,2021-06-27 23:58:23,52.266041,2
194,N03,21.057052,4409,2021-06-28 03:18:14,52.2010526,2
195,512,21.0417671,4411,2021-06-28 00:26:16,52.2665452,2
196,120,21.045496,4413,2021-06-27 21:42:05,52.264486,1
197,N45,21.003824,4415,2021-06-28 03:18:13,52.231388,1
198,N02,21.042774,4416,2021-06-27 01:56:37,52.26638,3
199,N11,21.045283,4417,2021-06-27 05:22:25,52.264831,122
200,512,21.043184,4418,2021-06-27 22:25:11,52.266243,4
201,N16,21.041771,4419,2021-06-28 03:18:14,52.266632,298
202,901,21.044569,4420,2021-06-27 19:03:51,52.264874,2
203,N45,20.8960962,4421,2021-06-28 03:18:13,52.2176274,191
204,N02,21.043028,4423,2021-06-28 03:18:14,52.27647,3
205,901,21.0427637,4424,2021-06-27 19:32:32,52.2659732,4
206,170,21.042887,4425,2021-06-28 00:16:01,52.266308,1
207,132,21.0426309,4427,2021-06-27 23:35:50,52.2661002,54
208,120,21.0439757,4428,2021-06-27 23:20:00,52.265513,4
209,N02,21.096779,4431,2021-06-28 03:18:07,52.224064,2
210,120,21.044178,4434,2021-06-28 00:08:18,52.26516,7
211,100,21.0480441,4617,2021-06-27 19:25:04,52.2640606,M1
212,124,20.921309,5204,2021-06-27 21:22:35,52.196301,1
213,716,20.9207,5234,2021-06-27 23:23:27,52.196418,3
214,716,20.920493,5247,2021-06-27 23:47:24,52.196486,1
215,191,20.921099,5255,2021-06-27 22:29:36,52.19633,6
216,517,20.920816,5257,2021-06-27 23:17:35,52.196406,5
217,N16,21.005276,5403,2021-06-28 03:18:14,52.234505,2
218,N46,20.927551,5420,2021-06-28 03:18:13,52.290989,150
219,N63,21.00379,5426,2021-06-28 03:18:13,52.234238,245
220,N62,21.098595,5432,2021-06-28 03:18:13,52.286053,243
221,705,21.046497,5437,2021-06-28 03:18:13,52.264885,1
222,738,21.0416742,5439,2021-06-28 03:18:14,52.2662559,2
223,160,21.0458051,5443,2021-06-27 19:33:58,52.2651977,7
224,503,20.998083,5873,2021-06-27 23:58:53,52.187069,5
225,175,20.998053,5877,2021-06-27 23:57:00,52.187168,53
226,175,20.998077,5882,2021-06-27 21:15:41,52.187119,51
227,128,20.998075,5886,2021-06-26 23:35:01,52.186886,52
228,175,20.998104,5887,2021-06-26 22:58:28,52.186646,64
229,503,20.995213,5888,2021-06-27 23:41:18,52.186916,4
230,128,20.99806,5890,2021-06-27 23:29:32,52.187286,52
231,175,21.116972,5908,2021-06-25 19:38:19,52.233955,068
232,503,21.1166832,5915,2021-06-28 00:06:16,52.2339119,1
233,116,21.116496,5918,2021-06-28 00:41:19,52.234078,56
234,116,21.116449,5921,2021-06-28 01:02:07,52.233944,7
235,111,21.115931,5934,2021-06-27 23:37:19,52.234062,3
236,503,21.115843,5935,2021-06-26 00:31:56,52.233995,013
237,116,21.115849,5936,2021-06-27 00:16:08,52.234085,4
238,503,21.115828,5937,2021-06-26 23:54:48,52.234032,1
239,111,21.115558,5941,2021-06-27 21:19:48,52.234081,8
240,503,21.11561,5944,2021-06-28 00:53:58,52.234058,9
241,158,21.115456,5946,2021-06-27 21:39:19,52.234108,4
242,158,21.115419,5947,2021-06-27 23:31:58,52.234077,3
243,518,21.046402,5956,2021-06-27 23:20:44,52.265423,7
244,518,21.046759,5958,2021-06-27 22:45:43,52.265289,3
245,180,21.045889,5959,2021-06-27 22:33:28,52.265518,2
246,111,21.044813,5960,2021-06-27 23:31:01,52.265789,5
247,180,21.045801,5962,2021-06-28 00:42:15,52.265574,1
248,180,21.046205,5963,2021-06-27 22:58:26,52.265385,4
249,180,21.047281,5964,2021-06-27 23:43:56,52.265152,58
250,111,21.047058,5975,2021-06-27 23:59:00,52.265228,1
251,116,21.048245,5978,2021-06-28 00:36:03,52.264901,1
252,180,21.046836,5990,2021-06-26 22:32:14,52.265324,2
253,523,20.921362,6218,2021-06-28 03:18:13,52.197208,025
254,N85,20.81988,6221,2021-06-28 03:18:14,52.170593,238
255,728,20.9198319,6239,2021-06-28 03:18:14,52.1974544,1
256,N35,20.949596,6243,2021-06-28 03:18:14,52.209953,236
257,706,20.92017,7200,2021-06-27 23:55:54,52.196136,71
258,517,20.9209672,7201,2021-06-27 20:15:02,52.1974254,6
259,706,20.919962,7202,2021-06-28 00:25:33,52.196259,74
260,187,20.921303,7210,2021-06-27 23:29:51,52.195869,1
261,N43,20.934168,7213,2021-06-28 03:18:13,52.271084,4
262,124,20.920946,7224,2021-06-27 21:44:44,52.197357,2
263,721,20.9201024,7225,2021-06-28 03:18:12,52.1970002,1
264,112,20.920452,7226,2021-06-27 23:59:01,52.19614,7
265,210,20.920025,7231,2021-06-28 01:09:07,52.196175,2
266,112,20.921396,7233,2021-06-27 20:49:18,52.195854,6
267,713,20.9208905,7234,2021-06-28 03:18:14,52.1959987,1
268,N35,20.9916204,7235,2021-06-28 03:18:14,52.2257214,237
269,187,20.9202094,7238,2021-06-27 22:14:38,52.1961625,2
270,N25,21.0119422,7239,2021-06-28 03:18:14,52.2290887,193
271,172,20.920568,7240,2021-06-27 21:23:36,52.197441,7
272,713,20.9198414,7242,2021-06-28 00:28:24,52.1962539,2
273,136,20.919706,7243,2021-06-28 00:58:04,52.196239,10
274,191,20.919783,7244,2021-06-28 00:43:29,52.196213,1
275,517,20.920116,7245,2021-06-28 00:05:37,52.196121,1
276,105,20.9205067,7247,2021-06-27 20:34:01,52.1970015,1
277,N25,21.184473,7259,2021-06-28 03:18:13,52.206833,194
278,125,21.1176646,7304,2021-06-27 23:57:50,52.2332989,2
279,E-1,21.1167422,7314,2021-06-25 19:42:06,52.2335197,01
280,N61,21.0511636,8124,2021-06-28 03:18:12,52.261939,162
281,N86,21.0674781,8139,2021-06-28 03:18:10,52.1295071,213
282,N34,21.00394,8143,2021-06-28 03:18:11,52.2282956,206
283,727,20.997388,8148,2021-06-25 21:39:43,52.187336,4
284,N83,21.0189511,8154,2021-06-28 03:18:12,52.0996701,173
285,N32,20.9781478,8158,2021-06-28 03:18:08,52.1697931,2
286,N33,21.0136901,8165,2021-06-28 03:18:06,52.2301975,172
287,522,20.998243,8174,2021-06-25 20:09:50,52.1878,013
288,N85,20.8799946,8193,2021-06-28 03:18:05,52.1936306,139
289,198,21.1173818,8210,2021-06-25 18:57:27,52.2334423,04
290,151,21.1167196,8218,2021-06-25 19:22:39,52.2335221,04
291,188,21.1161338,8225,2021-06-25 20:54:43,52.2335866,08
292,509,21.116793,8231,2021-06-25 20:04:19,52.233758,021
293,509,21.117754,8302,2021-06-28 00:20:05,52.233908,7
294,182,21.11721,8315,2021-06-25 19:08:30,52.233705,013
295,168,21.1175248,8316,2021-06-27 23:39:39,52.2341981,3
296,N34,21.029896,8317,2021-06-27 02:44:42,52.153153,247
297,N21,21.2128335,8318,2021-06-28 03:18:12,52.2467031,2
298,168,21.11586,8320,2021-06-25 21:27:01,52.23366,07
299,143,21.1170055,8324,2021-06-27 23:08:38,52.2331795,1
300,704,21.117788,8325,2021-06-28 00:39:06,52.234481,2
301,145,21.1171983,8326,2021-06-28 01:06:26,52.233138,5
302,125,21.117168,8327,2021-06-27 21:23:48,52.23328,3
303,N44,21.0110908,8329,2021-06-28 03:18:12,52.2467493,207
304,N24,21.117556,8330,2021-06-27 05:19:58,52.233278,2
305,141,21.1154848,8331,2021-06-28 00:18:46,52.2338078,1
306,521,21.117225,8333,2021-06-27 23:53:02,52.234425,5
307,138,21.114138,8335,2021-06-28 00:09:02,52.233814,5
308,143,21.116403,8339,2021-06-26 23:11:32,52.233603,1
309,N95,20.9994223,8340,2021-06-28 03:18:14,52.2321706,192
310,148,21.11768,8344,2021-06-28 00:36:00,52.234475,1
311,151,21.115316,8345,2021-06-27 23:50:29,52.233469,3
312,145,21.116093,8347,2021-06-25 19:40:44,52.233476,012
313,145,21.115493,8348,2021-06-27 20:49:27,52.233924,3
314,411,21.116288,8350,2021-06-25 20:43:54,52.233658,061
315,125,21.11713,8351,2021-06-27 23:55:37,52.2336283,5
316,523,21.11513,8352,2021-06-27 23:39:22,52.233964,8
317,185,21.117905,8353,2021-06-28 00:45:45,52.234136,1
318,185,21.115713,8355,2021-06-28 00:44:22,52.234461,5
319,502,21.116288,8357,2021-06-27 19:54:32,52.233496,6
320,514,21.117236,8358,2021-06-28 00:15:18,52.23416,3
321,145,21.117891,8359,2021-06-28 00:47:09,52.234146,2
322,N72,21.2641733,8363,2021-06-28 03:18:14,52.0952067,219
323,521,21.116514,8365,2021-06-27 22:52:52,52.233298,3
324,N34,21.0026067,8366,2021-06-28 03:18:01,52.1777433,247
325,N21,21.008035,8368,2021-06-28 03:18:04,52.2350683,1
326,520,21.114853,8369,2021-06-28 00:03:26,52.23431,1
327,411,21.1156411,8440,2021-06-25 20:20:48,52.2335555,062
328,500,21.0460544,8452,2021-06-27 19:03:59,52.2641602,M56
329,189,20.997388,8503,2021-06-27 21:54:27,52.18762,6
330,217,20.997395,8504,2021-06-27 22:01:30,52.186435,2
331,217,20.997176,8507,2021-06-28 00:25:05,52.185744,3
332,519,20.997318,8509,2021-06-27 22:10:14,52.187653,1
333,519,20.996018,8515,2021-06-27 21:34:44,52.187726,8
334,136,20.9951733,8516,2021-06-27 23:06:14,52.1876167,6
335,522,20.998255,8517,2021-06-27 23:50:28,52.187829,2
336,N37,21.0556767,8522,2021-06-28 03:17:59,52.1528317,246
337,N37,20.996465,8523,2021-06-28 01:03:10,52.18827,318
338,308,20.997771,8531,2021-06-25 19:03:30,52.187649,02
339,166,20.997666,8532,2021-06-27 20:52:37,52.187673,7
340,141,20.995719,8533,2021-06-27 22:47:04,52.187735,8
341,N03,21.10159,8534,2021-06-28 03:18:13,52.2414317,156
342,Z26,20.995606,8535,2021-06-28 00:14:41,52.187561,4
343,N37,21.0219317,8536,2021-06-28 03:18:08,52.178355,142
344,N63,20.993735,8538,2021-06-28 03:18:10,52.29892,149
345,504,20.997021,8540,2021-06-27 20:12:34,52.187713,5
346,709,20.99767,8544,2021-06-28 01:03:01,52.1884083,2
347,180,20.997223,8547,2021-06-27 23:19:29,52.186848,62
348,166,20.995861,8551,2021-06-28 00:20:23,52.185681,1
349,709,20.997386,8552,2021-06-28 01:11:19,52.187494,4
350,N36,21.01258,8553,2021-06-28 03:18:14,52.1744133,1
351,N31,21.012055,8556,2021-06-28 03:18:00,52.2289117,261
352,N32,20.9972867,8559,2021-06-28 03:18:05,52.2268417,1
353,N38,20.9915,8560,2021-06-28 03:18:05,52.2255817,1
354,502,21.114989,8561,2021-06-27 22:04:34,52.23357,5
355,N25,21.1040133,8562,2021-06-28 03:18:01,52.2342483,1
356,151,21.116576,8564,2021-06-27 22:46:31,52.234258,2
357,521,21.116369,8565,2021-06-25 20:39:03,52.233641,08
358,N24,21.086075,8566,2021-06-28 03:18:04,52.2452133,211
359,523,21.115255,8567,2021-06-27 21:38:56,52.233971,9
360,509,21.116991,8568,2021-06-27 22:36:42,52.233556,8
361,N22,21.060978,8569,2021-06-28 03:18:07,52.231998,203
362,720,21.116071,8574,2021-06-27 22:05:44,52.234288,1
363,521,21.117898,8576,2021-06-28 00:22:04,52.233818,2
364,188,21.117233,8577,2021-06-27 23:57:48,52.234001,4
365,N22,21.115496,8579,2021-06-26 23:16:54,52.234,204
366,190,21.046053,8582,2021-06-25 18:46:44,52.264343,021
367,704,21.117051,8586,2021-06-27 21:00:32,52.233371,1
368,523,21.114813,8590,2021-06-27 23:03:17,52.233986,6
369,N22,21.16287,8591,2021-06-28 03:18:02,52.209828,204
370,N72,21.19656,8592,2021-06-28 03:18:13,52.1582717,214
371,522,20.99727,8800,2021-06-27 21:39:00,52.187616,1
372,167,20.996488,8803,2021-06-28 00:54:52,52.188133,5
373,504,20.996343,8806,2021-06-27 22:38:25,52.186896,4
374,N43,20.9975883,8809,2021-06-28 03:18:08,52.2269613,220
375,N34,20.9984878,8821,2021-06-27 06:06:35,52.1878993,206
376,N31,21.0427903,8826,2021-06-28 03:18:09,52.2021816,132
377,182,21.117218,8829,2021-06-27 22:52:47,52.2331803,3
378,138,21.1172336,8841,2021-06-25 22:19:45,52.2337476,1
379,521,21.1161941,8844,2021-06-25 20:59:15,52.2334716,09
380,143,21.1150181,8849,2021-06-27 22:49:02,52.234273,6
381,509,21.1170963,8853,2021-06-26 22:35:14,52.2332446,8
382,518,21.047239,8859,2021-06-25 21:49:41,52.2647968,9
383,412,21.047084,8862,2021-06-25 20:21:52,52.264918,05
384,509,21.043849,8863,2021-06-25 22:53:53,52.266028,14
385,723,21.047273,8864,2021-06-25 19:20:55,52.264625,08
386,738,21.046916,8868,2021-06-25 18:47:25,52.264738,05
387,340,21.046388,8870,2021-06-25 19:12:44,52.265081,03
388,511,21.046323,8874,2021-06-25 18:33:00,52.265079,05
389,340,21.048342,8876,2021-06-25 18:55:45,52.264397,06
390,511,21.0472221,8879,2021-06-25 19:11:55,52.2646076,07
391,709,20.996574,8880,2021-06-25 18:58:33,52.18762,016
392,167,20.9972725,8882,2021-06-27 21:58:36,52.1877723,3
393,174,20.997632,8885,2021-06-28 00:35:04,52.188054,2
394,N86,21.0034236,8891,2021-06-28 03:18:08,52.2281615,1
395,138,20.997013,8892,2021-06-27 20:44:11,52.187773,1
396,174,20.997965,8893,2021-06-27 22:02:43,52.187395,3
397,N02,20.928255,9065,2021-06-28 03:18:07,52.271603,5
398,N02,21.053446,9092,2021-06-28 03:18:10,52.262703,6
399,N02,21.132212,9216,2021-06-28 03:18:08,52.23941,1
400,N50,21.055286,9241,2021-06-28 03:18:13,52.172623,1
401,199,21.076603,9301,2021-06-28 03:18:13,52.268524,07
402,N71,21.043751,9305,2021-06-28 03:18:11,52.250252,284
403,153,21.17038,9319,2021-06-27 07:23:25,52.276905,3
404,N01,20.941544,9323,2021-06-28 03:18:10,52.33287,159
405,N71,21.105515,9344,2021-06-28 03:18:11,52.241589,185
406,N01,20.914251,9346,2021-06-28 03:18:09,52.252014,6
407,N01,21.001942,9350,2021-06-28 03:18:10,52.187363,5
408,739,21.015089,9353,2021-06-28 03:18:12,52.216549,06
409,N91,20.977198,9429,2021-06-28 03:18:12,52.245949,183
410,N64,21.04154,9436,2021-06-28 03:18:12,52.2962,1
411,N41,20.940161,9437,2021-06-28 03:18:10,52.293182,182
412,N64,21.027466,9439,2021-06-28 03:18:09,52.257866,2
413,N91,21.004745,9445,2021-06-28 03:18:10,52.23027,181
414,181,20.883806667,9526,2021-06-28 03:18:12,52.206559833,1
415,N14,21.033941,9687,2021-06-28 03:18:08,52.357384,124
416,N14,21.008009,9694,2021-06-28 03:18:10,52.235092,1
417,N42,21.011217,9808,2021-06-28 03:18:10,52.229599,2
418,102,20.883568,9814,2021-06-28 03:18:13,52.205879,1
419,742,20.88261,9835,2021-06-28 03:18:10,52.20713,02
420,N42,20.941627,9908,2021-06-28 03:18:09,52.232155,1
421,N43,20.966398,9915,2021-06-28 03:18:04,52.214592,2
422,N42,20.897352,9926,2021-06-28 03:18:13,52.22467,218
423,N43,20.92515,9929,2021-06-28 03:18:13,52.272499,3
424,o43A,21.423235,9999,2021-06-25 14:26:34,50.302956,1
